0.00029397460514	0.00589118444348	0.00589517354529
0.00029397460514	0.0139927206949	0.0140021955956
0.00029397460514	0.020664815775	0.0206788085561
0.00029397460514	0.0230285967379	0.0230441901076
0.00029397460514	0.0285209147156	0.0285402271023
0.00029397460514	0.0286369853684	0.0286563763501
0.00029397460514	0.0319126768425	0.0319342858954
0.00029397460514	0.0500221520806	0.0500560236151
0.00029397460514	0.0985654993819	0.0986322411068
0.000293974605141	0.377035804383	0.377291106898
0.000293974605141	0.111337215489	0.111412605335
0.000293974605141	0.125	0.125084641337
0.000293974605141	0.200088608322	0.20022409446
0.000293974605141	0.25	0.250169282673
0.000293974605141	0.600265174554	0.600671632528
0.000293974605141	0.762282910217	0.762799075372
0.000293974605141	0.44055156989	0.44084988088
0.000293974605141	0.00136711617638	0.0013680418927
0.000293974605141	0.00141609406163	0.00141705294239
0.000293974605141	0.00160827135713	0.00160936036703
0.000293974605141	0.00188940597043	0.00189068534521
0.000293974605141	0.00203821709195	0.0020395972313
0.000293974605141	0.00239126906714	0.00239288826882
0.000293974605141	0.00267564339167	0.00267745515193
0.000293974605141	0.00335895122656	0.00336122567553
0.000293974605141	0.00336122567553	0.0033635016646
0.000293974605141	0.006690673633	0.00669520409348
0.000293974605141	0.00748634143181	0.00749141066337
0.000293974605141	0.00915954841491	0.00916575062628
0.000293974605141	0.0129360328925	0.0129447922774
0.000293974605141	0.0140021955956	0.014011676912
0.000293974605141	0.014011676912	0.0140211646485
0.000293974605141	0.0151562293576	0.0151664921057
0.000293974605141	0.0184560083874	0.0184685055172
0.000293974605141	0.0206788085561	0.020692810812
0.000293974605141	0.0383640392848	0.0383900167533
0.000293974605141	0.0501577758935	0.050191739263
0.000587949210281	0.00187285266584	0.0018753898566
0.000587949210281	0.00342553935442	0.00343018000073
0.000587949210281	0.00445441943114	0.00446045392176
0.000587949210281	0.00634658099047	0.00635517882998
0.000587949210281	0.00749141066337	0.00750155942642
0.000587949210281	0.021131615501	0.0211602429209
0.000587949210281	0.533931497098	0.534654824718
0.000587949210281	0.285855781594	0.286243036108
0.000587949210281	0.000999298372118	0.0010006521415
0.000587949210281	0.00160936036703	0.00161154059953
0.000587949210281	0.00162138825447	0.00162358478139
0.000881923815422	0.00142378331235	0.00142667753338
0.000881923815422	0.00250052251823	0.00250560550015
0.000881923815422	0.0415540473624	0.0416385170963
0.000881923815422	0.100044304161	0.100247671012
0.000881923815422	0.439657847528	0.44055156989
0.000881923815422	0.0112067193207	0.0112294999801
0.000881923815422	0.0500560236151	0.0501577758935
0.000881923815422	0.111111351899	0.111337215489
0.000881923815422	0.144777976479	0.145072276503
0.000881923815422	0.167118726922	0.167458440507
0.000881923815422	0.187246130778	0.187626758703
0.000881923815422	0.250169282673	0.250677818763
0.000881923815422	0.399365399477	0.400177216645
0.000881923815422	0.672104660332	0.673470893116
0.000881923815422	0.00103439850644	0.00103650119852
0.00117589842056	0.00141226502271	0.00141609406163
0.00117589842056	0.0184061043759	0.0184560083874
0.00117589842056	0.0498868949869	0.0500221520806
0.00117589842056	0.166666847257	0.167118726922
0.0014698730257	0.220574196933	0.221321996758
0.0014698730257	0.324649102248	0.32574974115
0.0014698730257	0.219828923764	0.220574196933
0.0014698730257	0.534654824718	0.536467433763
0.0014698730257	0.0285402271023	0.0286369853684
0.0014698730257	0.00587127938768	0.00589118444348
0.00176384763084	0.248986706777	0.25
0.00176384763084	0.0129447922774	0.0129974732838
0.00176384763084	0.0781432801106	0.078461297314
0.00176384763084	0.100247671012	0.100655645747
0.00205782223598	0.187626758703	0.188517902191
0.00205782223598	0.333333694514	0.334916881013
0.00205782223598	0.400177216645	0.402077880085
0.00205782223598	0.375253517407	0.377035804383
0.00205782223598	0.00141705294239	0.00142378331235
0.00235179684112	0.0010006521415	0.00100608558368
0.00235179684112	0.0556309383286	0.0559330088225
0.00235179684112	0.0747290245025	0.0751347957158
0.00235179684112	0.0986322411068	0.0991678044225
0.00235179684112	0.250677818763	0.25203897453
0.00264577144627	0.00161154059953	0.00162138825447
0.00264577144627	0.00446045392176	0.00448771045571
0.00323372065655	0.205858733713	0.20739726152
0.00323372065655	0.0018753898566	0.00188940597043
0.00323372065655	0.00391684091816	0.00394611423857
0.00323372065655	0.00629950037202	0.00634658099047
0.00323372065655	0.0138889189873	0.0139927206949
0.00352769526169	0.536467433763	0.540842807497
0.00352769526169	0.666667389029	0.672104660332
0.00352769526169	0.00366296228621	0.00369283703343
0.00382166986683	0.0991678044225	0.100044304161
0.00470359368225	0.145072276503	0.14665201002
0.00470359368225	0.44084988088	0.445650421339
0.00499756828739	0.25203897453	0.254956020747
0.00558551749767	0.142927890797	0.144777976479
0.00617346670795	0.0227035624351	0.0230285967379
0.00646744131309	0.0164276010303	0.0166740687606
0.00676141591823	0.750507034813	0.762282910217
0.00734936512852	0.221321996758	0.225099196553
0.00734936512852	0.572098686636	0.581862429389
0.0079373143388	0.0033635016646	0.00342553935442
0.00911321275936	0.020692810812	0.021131615501
0.0094071873645	0.00103650119852	0.00105919761935
0.0094071873645	0.00448771045571	0.00458597851868
0.00970116196964	0.096388176588	0.0985654993819
0.00999513657478	0.32574974115	0.333333694514
0.00999513657478	0.0009765625	0.000999298372118
0.0105830857851	0.00458597851868	0.00469910448701
0.0114650096005	0.00369283703343	0.00379162302642
0.0117589842056	0.00105919761935	0.00108826830332
0.0117589842056	0.286243036108	0.294099247913
0.0120529588108	0.00100608558368	0.00103439850644
0.0120529588108	0.20022409446	0.205858733713
0.0123469334159	0.00394611423857	0.00405991169137
0.0135228318365	0.581862429389	0.600265174554
0.0138168064416	0.0013680418927	0.00141226502271
0.0141107810467	0.00117398118306	0.0012127517696
0.0141107810467	0.00379162302642	0.00391684091816
0.014698730257	0.0666060425116	0.0688989114567
0.016756552493	0.00512094223252	0.0053223867496
0.0170505270982	0.00564523752725	0.00587127938768
0.0170505270982	0.0751347957158	0.0781432801106
0.0176384763084	0.00750155942642	0.0078125
0.0191083493341	0.00239288826882	0.00250052251823
0.0223420699907	0.00635517882998	0.006690673633
0.0223420699907	0.00870025521669	0.00915954841491
0.0243998922267	0.540842807497	0.572098686636
0.0246938668318	0.377291106898	0.399365399477
0.0252818160421	0.20739726152	0.219828923764
0.0255757906472	0.0833334236286	0.0883883476483
0.0255757906472	0.0053223867496	0.00564523752725
0.0258697652524	0.188517902191	0.200088608322
0.0258697652524	0.00176454950953	0.00187285266584
0.0261637398575	0.078461297314	0.0833334236286
0.0276336128832	0.125084641337	0.133302287015
0.0282215620935	0.0319342858954	0.0340783666458
0.0285155366986	0.5	0.533931497098
0.0285155366986	0.00250560550015	0.00267564339167
0.0285155366986	0.00343018000073	0.00366296228621
0.0288095113038	0.0129974732838	0.0138889189873
0.0288095113038	0.00589517354529	0.00629950037202
0.0302793843295	0.133302287015	0.142927890797
0.0305733589346	0.0211602429209	0.0227035624351
0.03145528275	0.00222419655226	0.00239126906714
0.0326311811706	0.00189068534521	0.00203821709195
0.0329251557757	0.00108826830332	0.00117398118306
0.0338070795912	0.0140211646485	0.0151562293576
0.0343950288015	0.0383900167533	0.0415540473624
0.0346890034066	0.061492850726	0.0666060425116
0.0346890034066	0.0151664921057	0.0164276010303
0.0346890034066	0.0230441901076	0.0249603374673
0.0352769526169	0.0688989114567	0.0747290245025
0.0361588764323	0.00162358478139	0.00176454950953
0.0367468256426	0.00916575062628	0.00997504498232
0.0373347748529	0.00469910448701	0.00512094223252
0.037628749458	0.0020395972313	0.00222419655226
0.037628749458	0.0883883476483	0.096388176588
0.0388046478786	0.402077880085	0.439657847528
0.0402745209043	0.00405991169137	0.00445441943114
0.0411564447197	0.0559330088225	0.061492850726
0.0429202923505	0.100655645747	0.111111351899
0.0429202923505	0.294099247913	0.324649102248
0.0429202923505	0.0166740687606	0.0184061043759
0.043802216166	0.225099196553	0.248986706777
0.0446841399814	0.050191739263	0.0556309383286
0.0452720891917	0.600671632528	0.666667389029
0.0467419622174	0.0078125	0.00870025521669
0.0467419622174	0.0286563763501	0.0319126768425
0.0470359368225	0.673470893116	0.750507034813
0.0473299114276	0.00301213051837	0.00335895122656
0.0485058098482	0.00669520409348	0.00748634143181
0.0485058098482	0.167458440507	0.187246130778
0.0487997844533	0.0184685055172	0.020664815775
0.0493877336636	0.334916881013	0.375253517407
0.0496817082688	0.254956020747	0.285855781594
0.0499756828739	0.445650421339	0.5
0.0499756828739	0.111412605335	0.125
0.0505636320842	0.00997504498232	0.0112067193207
0.0511515812945	0.00267745515193	0.00301213051837
0.0514455558996	0.0340783666458	0.0383640392848
0.0520335051099	0.0012127517696	0.00136711617638
0.0520335051099	0.00142667753338	0.00160827135713
0.0555612003716	0.14665201002	0.166666847257
0.0579129972127	0.0249603374673	0.0285209147156
0.0614406924744	0.0112294999801	0.0129360328925
0.0784912195725	0.0416385170963	0.0498868949869
0.117589842056	0.762799075372	1
