0.00029397460514	0.00122512819863	0.00122595777053
0.00029397460514	0.00135055998848	0.00135147449411
0.00029397460514	0.00267926813899	0.00268108235369
0.00029397460514	0.00297766761804	0.00297968388817
0.00029397460514	0.0126075319142	0.012616068861
0.00029397460514	0.0331904974496	0.0332129717541
0.00029397460514	0.0492827496909	0.0493161205534
0.00029397460514	0.0500221520806	0.0500560236151
0.00029397460514	0.0743757727275	0.0744261348461
0.00029397460514	0.0833334236286	0.0833898512475
0.000293974605141	0.100044304161	0.10011204723
0.000293974605141	0.153872218989	0.153976410592
0.000293974605141	0.200088608322	0.20022409446
0.000293974605141	0.214391603893	0.214536775029
0.000293974605141	0.214536775029	0.214682044464
0.000293974605141	0.214682044464	0.214827412265
0.000293974605141	0.25530141474	0.255474287164
0.000293974605141	0.296899563007	0.297100602814
0.000293974605141	0.317477567636	0.317692541442
0.000293974605141	0.333108136771	0.333333694514
0.000293974605141	0.333333694514	0.33355940499
0.000293974605141	0.333785268301	0.334011284551
0.000293974605141	0.59500618182	0.595409078769
0.000293974605141	0.600265174554	0.600671632528
0.000293974605141	0.400177216645	0.400448188921
0.000293974605141	0.5	0.500338565347
0.000293974605141	0.600671632528	0.601078365726
0.000293974605141	0.0009765625	0.000977223760442
0.000293974605141	0.00109937434806	0.00110011876817
0.000293974605141	0.00121439470855	0.00121521701248
0.000293974605141	0.00121521701248	0.00121603987322
0.000293974605141	0.00193339423798	0.00193470339856
0.000293974605141	0.00283410588477	0.00283602494486
0.000293974605141	0.00283602494486	0.00283794530439
0.000293974605141	0.00649433912555	0.0064987366419
0.000293974605141	0.0119106704721	0.0119187355527
0.000293974605141	0.012599000744	0.0126075319142
0.000293974605141	0.0131924778821	0.0132014109138
0.000293974605141	0.0132014109138	0.0132103499943
0.000293974605141	0.0171433048063	0.0171549130641
0.000293974605141	0.041610341457	0.0416385170963
0.000293974605141	0.0493161205534	0.0493495140123
0.000293974605141	0.0712224839684	0.0712707108983
0.000293974605141	0.124915415938	0.125
0.000293974605141	0.130799568582	0.130888136985
0.000293974605141	0.139392666008	0.13948705306
0.000293974605141	0.20022409446	0.20035967234
0.000293974605141	0.214246530991	0.214391603893
0.000293974605141	0.297100602814	0.297301778751
0.000293974605141	0.33355940499	0.333785268301
0.000587949210281	0.00100404459405	0.00100540479323
0.000587949210281	0.0238536121887	0.0238859271516
0.000587949210281	0.124746419482	0.124915415938
0.000587949210281	0.223883531118	0.224186830591
0.000587949210281	0.277655366865	0.278031512114
0.000587949210281	0.371714178789	0.372217747381
0.000587949210281	0.332657479067	0.333108136771
0.000587949210281	0.145268808802	0.145465607347
0.000587949210281	0.666667389029	0.667570536602
0.000587949210281	0.00267564339167	0.00267926813899
0.000587949210281	0.00402706734043	0.00403252288866
0.000587949210281	0.0194171673768	0.0194434721997
0.000587949210281	0.0499544777559	0.0500221520806
0.000587949210281	0.0637390051867	0.0638253536849
0.000881923815422	0.000977223760442	0.000979210229541
0.000881923815422	0.00100540479323	0.00100744854783
0.000881923815422	0.00357478034501	0.00358204704377
0.000881923815422	0.00453657841858	0.0045458002296
0.000881923815422	0.00516620394376	0.00517670563734
0.000881923815422	0.0561226352376	0.0562367195294
0.00117589842056	0.111111351899	0.111412605335
0.00117589842056	0.0562367195294	0.056389192744
0.00117589842056	0.0712707108983	0.0714639453986
0.00117589842056	0.288382332619	0.289164216442
0.0014698730257	0.00237835483557	0.00238641803315
0.0014698730257	0.00511055366304	0.00512787967483
0.0014698730257	0.0262958066258	0.0263849557642
0.0014698730257	0.0493495140123	0.0495168207891
0.0014698730257	0.458812487394	0.460367972589
0.0014698730257	0.230808078394	0.23159057355
0.00176384763084	0.747465100044	0.750507034813
0.00176384763084	0.0103674372469	0.0104096292741
0.00176384763084	0.0171549130641	0.0172247278642
0.00176384763084	0.0332129717541	0.0333481375212
0.00205782223598	0.00154844844213	0.00155580288217
0.00205782223598	0.00176335548741	0.00177173064014
0.00205782223598	0.166666847257	0.167458440507
0.00293974605141	0.425890568838	0.428783207787
0.00293974605141	0.152834172803	0.153872218989
0.00293974605141	0.0238859271516	0.0240481598195
0.00293974605141	0.00268108235369	0.00269929220337
0.00323372065655	0.00121603987322	0.00122512819863
0.00323372065655	0.00512787967483	0.00516620394376
0.00323372065655	0.222222703797	0.223883531118
0.00352769526169	0.595409078769	0.600265174554
0.00352769526169	0.372217747381	0.375253517407
0.00352769526169	0.000979210229541	0.00098719656841
0.00352769526169	0.00161590992935	0.0016290891261
0.00382166986683	0.0495168207891	0.0499544777559
0.00382166986683	0.153976410592	0.155337339014
0.00411564447197	0.13948705306	0.140815202326
0.00440961907711	0.00434424237678	0.00438857643489
0.00440961907711	0.500338565347	0.505444643026
0.00558551749767	0.667570536602	0.676211696033
0.00587949210281	0.00238641803315	0.00241894511367
0.00587949210281	0.185605645734	0.188135466453
0.00587949210281	0.334011284551	0.338563886734
0.00617346670795	0.807428407102	0.818987911479
0.00617346670795	0.375253517407	0.380625813747
0.00646744131309	0.0714639453986	0.0725361382517
0.00646744131309	0.140815202326	0.142927890797
0.00705539052337	0.0182325005774	0.0185311182135
0.00705539052337	0.130888136985	0.133031864111
0.00705539052337	0.142927890797	0.145268808802
0.00705539052337	0.750507034813	0.762799075372
0.00734936512852	0.00098719656841	0.00100404459405
0.00764333973366	0.0014500441073	0.00147578996354
0.00764333973366	0.012616068861	0.0128400699749
0.0079373143388	0.00125026125911	0.00127332154804
0.0079373143388	0.0600531117004	0.0611607538805
0.00852526354908	0.00394878627364	0.00402706734043
0.00852526354908	0.00122595777053	0.00125026125911
0.00911321275936	0.0060283402488	0.0061561751762
0.00911321275936	0.167458440507	0.171009507086
0.00911321275936	0.25	0.25530141474
0.00911321275936	0.155337339014	0.158631369649
0.0102891111799	0.23159057355	0.23714282517
0.0108770603902	0.0725361382517	0.0743757727275
0.0114650096005	0.289164216442	0.296899563007
0.0117589842056	0.0128400699749	0.0131924778821
0.0117589842056	0.0104096292741	0.0106953314295
0.0117589842056	0.00141130938181	0.0014500441073
0.0117589842056	0.00895115187667	0.00919682473563
0.0120529588108	0.188135466453	0.193429911594
0.0123469334159	0.0194434721997	0.0200041801458
0.0123469334159	0.20035967234	0.206137614634
0.012640908021	0.224186830591	0.230808078394
0.0144047556519	0.0020604118209	0.00212989791536
0.0144047556519	0.00438857643489	0.00453657841858
0.014698730257	0.193429911594	0.200088608322
0.014698730257	0.214827412265	0.222222703797
0.0149927048622	0.0143767641951	0.014881744858
0.0149927048622	0.00707254571659	0.00732096732074
0.0158746286776	0.0132103499943	0.0137021574177
0.0158746286776	0.278031512114	0.288382332619
0.0161686032827	0.00517670563734	0.00537306474371
0.0164625778879	0.014881744858	0.0154566877062
0.0164625778879	0.00155580288217	0.00161590992935
0.016756552493	0.206137614634	0.214246530991
0.0173445017033	0.640567218886	0.666667389029
0.0173445017033	0.266785100169	0.277655366865
0.0176384763084	0.0078125	0.00813632909913
0.0176384763084	0.0744261348461	0.0775111074155
0.0179324509136	0.0611607538805	0.0637390051867
0.0185204001239	0.00919682473563	0.00959750418833
0.018814374729	0.255474287164	0.266785100169
0.018814374729	0.00135147449411	0.00141130938181
0.0194023239393	0.106256647107	0.111111351899
0.0196962985444	0.125	0.130799568582
0.0196962985444	0.00255700708789	0.00267564339167
0.0199902731496	0.317692541442	0.332657479067
0.0202842477547	0.0185311182135	0.0194171673768
0.0202842477547	0.133031864111	0.139392666008
0.0202842477547	0.0500560236151	0.052449408479
0.020872196965	0.00147578996354	0.00154844844213
0.020872196965	0.00283794530439	0.00297766761804
0.020872196965	0.0137021574177	0.0143767641951
0.0211661715701	0.00269929220337	0.00283410588477
0.0211661715701	0.0113440997794	0.0119106704721
0.0214601461753	0.145465607347	0.152834172803
0.0214601461753	0.158631369649	0.166666847257
0.0217541207804	0.380625813747	0.400177216645
0.022930019201	0.23714282517	0.25
0.0232239938061	0.0061561751762	0.00649433912555
0.0241059176215	0.00241894511367	0.00255700708789
0.0241059176215	0.0119187355527	0.012599000744
0.0246938668318	0.0172247278642	0.0182325005774
0.0246938668318	0.762799075372	0.807428407102
0.0255757906472	0.00127332154804	0.00135055998848
0.0255757906472	0.0106953314295	0.0113440997794
0.0258697652524	0.10011204723	0.106256647107
0.0267516890678	0.400448188921	0.425890568838
0.0273396382781	0.00193470339856	0.0020604118209
0.0273396382781	0.056389192744	0.0600531117004
0.0273396382781	0.00335667831665	0.00357478034501
0.0276336128832	0.601078365726	0.640567218886
0.0279275874884	0.0938133793517	0.100044304161
0.0282215620935	0.00732096732074	0.0078125
0.0285155366986	0.297301778751	0.317477567636
0.0293974605141	0.052449408479	0.0561226352376
0.0293974605141	0.428783207787	0.458812487394
0.03145528275	0.0775111074155	0.0833334236286
0.0323372065655	0.505444643026	0.544516199406
0.0323372065655	0.00403252288866	0.00434424237678
0.033513104986	0.00959750418833	0.0103674372469
0.0343950288015	0.0016290891261	0.00176335548741
0.0346890034066	0.0263849557642	0.0285788911157
0.035570927222	0.171009507086	0.185605645734
0.0358649018272	0.460367972589	0.5
0.0367468256426	0.0064987366419	0.00707254571659
0.0373347748529	0.0200041801458	0.0217999517182
0.037628749458	0.0333481375212	0.0363664018368
0.0379227240631	0.00100744854783	0.00109937434806
0.0379227240631	0.00177173064014	0.00193339423798
0.0385106732734	0.544516199406	0.59500618182
0.0388046478786	0.0240481598195	0.0262958066258
0.0390986224837	0.0217999517182	0.0238536121887
0.0405684955094	0.338563886734	0.371714178789
0.0414504193248	0.00813632909913	0.00895115187667
0.0423323431402	0.00358204704377	0.00394878627364
0.0429202923505	0.00110011876817	0.00121439470855
0.0435082415608	0.676211696033	0.747465100044
0.0449781145865	0.0154566877062	0.0171433048063
0.0476238860328	0.0638253536849	0.0712224839684
0.0479178606379	0.00212989791536	0.00237835483557
0.0490937590585	0.111412605335	0.124746419482
0.0499756828739	0.00537306474371	0.0060283402488
0.0508576066893	0.0045458002296	0.00511055366304
0.0511515812945	0.0833898512475	0.0938133793517
0.0517395305047	0.00297968388817	0.00335667831665
0.058500946423	0.0363664018368	0.041610341457
0.0649683877361	0.0285788911157	0.0331904974496
0.07319967668	0.0416385170963	0.0492827496909
0.0867225085165	0.818987911479	1
