0 0.0
0.0009765625 31043.8018166
0.000996596325366 32996.2193091
0.000997946434233 31988.0733399
0.00104212929754 35873.8291906
0.00106855939197 35095.0161724
0.00110759074954 34476.6115161
0.00111059373271 37300.6317691
0.00117080680378 38883.4329879
0.00118515944091 40674.0961901
0.00118596194874 37379.5814146
0.00118676499998 37035.3683101
0.0013020847442 44062.9452495
0.00130473158028 43689.3016275
0.00132251518256 43536.0365216
0.00138200309549 44169.0026472
0.00138387532258 43214.8418617
0.00151937669442 46409.5087791
0.00153904379405 46397.3332257
0.00158128431171 46813.2418863
0.00160718308413 48837.061771
0.00175264558106 50170.126604
0.0018191256833 50421.0154884
0.00182035746914 50920.4387169
0.00193994891161 52430.6669057
0.00194520864669 52269.440783
0.00201762671684 54197.1271666
0.00222419655226 56235.6720834
0.00232739159582 55641.8903409
0.00236711210796 56171.1813606
0.00248029349716 57639.8613847
0.00276400619098 57574.7683301
0.00285142427986 59161.4846443
0.00314548892959 60047.3442463
0.00329588772378 60387.6702541
0.00330258749857 60677.7281432
0.0033955278073 61511.9249518
0.00341165505117 61841.8343778
0.0036654425904 63731.8223081
0.00374063781523 63101.6090077
0.00434424237678 65487.987575
0.00435012760834 65301.0929095
0.00435307321327 66057.8024873
0.00460152609397 66649.761111
0.00464534029298 66406.947274
0.00512094223252 67659.434994
0.00516620394376 67113.0370695
0.00517670563734 67516.0182866
0.00546846470552 69159.9330822
0.00547216757082 68730.3775192
0.00549443747586 69477.0816812
0.00564523752725 69122.8420779
0.00602426103675 70509.2337475
0.00636378831716 70886.591179
0.00699636034745 72998.9872633
0.00700109779778 71764.6082011
0.00717379942831 72206.7291341
0.00728142987655 72691.4920666
0.00760380631867 73140.6766442
0.00815838892521 74345.0368908
0.00852536053845 74443.3695028
0.00853113332174 74703.9902728
0.00866499157808 74769.4774269
0.00919060149727 75536.0110143
0.00956507626857 76183.1763137
0.00957155307529 76332.9205424
0.0106447734992 76857.0008813
0.010782561463 77358.7166924
0.0115455167988 77653.861662
0.0115925032186 77912.0977135
0.0116003528584 77748.0584117
0.0133542012742 78649.6518033
0.0138701288479 78720.0520873
0.014952426514 79542.0165488
0.0149625512609 78422.191544
0.0197084883775 79724.999161
0.0200312802066 79620.4373844
0.0255933722337 80304.3562182
0.0257149293462 80415.9572477
0.0276652495947 80539.0210509
0.0305803769402 80711.8465468
0.03125 80902.9755826
0.035974663436 81165.6365115
0.0379251021092 81627.8733841
0.0404988130935 81200.4205097
0.0405262360828 81067.9204109
0.0444040764547 81509.7156662
0.0449484152767 81379.0480933
0.0495168207891 81408.1969895
0.0500560236151 81124.636634
0.0502937674198 81437.567671
0.0503278228734 81409.5713041
0.0587662973515 81413.1327704
0.0588060898151 81411.6412289
0.0588459092235 81419.5965289
0.0588857555948 81421.4896732
0.0592857062924 81311.4539963
0.0598502050437 81422.6544741
0.0665609720345 81202.0420729
0.0666511435073 81406.0540959
0.0666962750423 80868.7015839
0.0696491714122 80889.1073358
0.073974100676 80994.9023751
0.07402419081 81148.211796
0.0789942046408 80720.3448671
0.0828833750979 80505.8445172
0.0829394979751 80859.6157766
0.0833334236286 80827.2702062
0.0836725629928 79973.2846857
0.0837292202533 80542.1453772
0.0903849614537 80520.1052317
0.0909372776112 79780.1633631
0.090998854033 80316.6540251
0.0910604721501 80120.6604217
0.100044304161 79122.6039706
0.10017983617 79833.1316767
0.111111351899 79027.5782456
0.111186588805 78558.167853
0.111261876657 78672.0328732
0.116502878025 78968.3948395
0.121085797522 78788.1810202
0.121331936846 78259.7092771
0.125 77221.3890562
0.132044998514 77823.8903389
0.132134410235 77320.748781
0.133392550085 77789.1567736
0.142927890797 76743.6978117
0.143024671659 76130.1315679
0.143121518054 76280.756731
0.144777976479 76388.6261366
0.144876010091 76698.0954264
0.145170509395 76380.3061435
0.145465607347 75909.854001
0.152524126653 75974.0881988
0.153352317578 75933.598336
0.157348054944 75951.7251202
0.166666847257 73836.254265
0.167005642276 74133.0547472
0.178701667299 73890.1697174
0.188773291144 72713.456396
0.189029026076 73428.1485022
0.200088608322 71416.0623599
0.200495342024 71508.3844171
0.222222703797 69907.4827826
0.222674430978 70018.4632132
0.239725141228 69713.3616746
0.25 66178.5225519
0.250169282673 66075.1896066
0.250508191977 66091.7359335
0.253407521238 66260.624422
0.285855781594 65182.631401
0.286049343318 64878.5175293
0.292907212813 64796.7513333
0.310674678029 64620.2973278
0.311306207544 64190.1164679
0.316833518628 64011.4736404
0.317048056328 64679.90289
0.331982635419 64136.2042444
0.333333694514 60317.2003656
0.334011284551 59484.0879005
0.336735446558 60753.8269796
0.369206536485 59345.1057898
0.399906427728 58741.9772345
0.400177216645 57935.5810575
0.420448207627 57886.6538079
0.5 45859.3977333
0.500338565347 45332.4761386
0.502714950556 45401.0743775
0.516162929748 44998.825866
0.516512439511 45846.0078781
0.56823921893 45266.5885982
0.569394317378 44731.9055117
0.600265174554 43111.6730412
0.603933220093 44048.3972633
0.614240268053 43917.7427402
0.666667389029 39705.6443714
0.66711880998 40102.4012176
0.668927552565 39724.5580173
0.669833762027 39878.5386107
0.754071608766 39153.0348913
0.754582213797 39560.0268826
0.990568140061 38960.9025394
0.995272897281 38078.9646657
1 0.0
