0.00029397460514	0.00202720954459	0.00202858223039
0.00029397460514	0.0475782267184	0.047610443396
0.00029397460514	0.0780904027021	0.0781432801106
0.00029397460514	0.0909372776112	0.090998854033
0.00029397460514	0.0912455769555	0.0913073621363
0.000293974605141	0.099976606932	0.100044304161
0.000293974605141	0.109840085788	0.109914461882
0.000293974605141	0.115638628824	0.115716931289
0.000293974605141	0.115716931289	0.115795286775
0.000293974605141	0.133302287015	0.133392550085
0.000293974605141	0.150066293638	0.150167908132
0.000293974605141	0.150167908132	0.150269591432
0.000293974605141	0.153872218989	0.153976410592
0.000293974605141	0.169052924008	0.169167394932
0.000293974605141	0.169167394932	0.169281943367
0.000293974605141	0.200088608322	0.20022409446
0.000293974605141	0.212082180365	0.212225787719
0.000293974605141	0.25	0.250169282673
0.000293974605141	0.285662350849	0.285855781594
0.000293974605141	0.428493061982	0.428783207787
0.000293974605141	0.500338565347	0.500677359946
0.000293974605141	0.605570649165	0.605980699638
0.000293974605141	0.605160876162	0.605570649165
0.000293974605141	0.749999187344	0.750507034813
0.000293974605141	0.800354433289	0.800896377841
0.000293974605141	0.374999593672	0.375253517407
0.000293974605141	0.402350139359	0.402622582987
0.000293974605141	0.428783207787	0.429073550057
0.000293974605141	0.5	0.500338565347
0.000293974605141	0.663067000783	0.663515983801
0.000293974605141	0.749491683521	0.749999187344
0.000293974605141	0.00100268623506	0.00100336518469
0.000293974605141	0.00111285131201	0.00111360485779
0.000293974605141	0.00152349614255	0.00152452774855
0.000293974605141	0.00199724434879	0.00199859674424
0.000293974605141	0.00250221569877	0.00250391002582
0.000293974605141	0.00302643679598	0.00302848608923
0.000293974605141	0.00303258883958	0.00303464229856
0.000293974605141	0.00303464229856	0.003036697148
0.000293974605141	0.00352671097482	0.00352909901907
0.000293974605141	0.00410412123112	0.00410690025758
0.000293974605141	0.00449379004634	0.0044968329295
0.000293974605141	0.00564141755028	0.00564523752725
0.000293974605141	0.0060283402488	0.00603242222301
0.000293974605141	0.00917816765098	0.00918438247
0.000293974605141	0.0143184926842	0.0143281881751
0.000293974605141	0.0347069208582	0.0347304219795
0.000293974605141	0.0588459092235	0.0588857555948
0.000293974605141	0.0624577079689	0.0625
0.000293974605141	0.0625	0.0625423206683
0.000293974605141	0.0666511435073	0.0666962750423
0.000293974605141	0.0713672627481	0.0714155877122
0.000293974605141	0.0714155877122	0.0714639453986
0.000293974605141	0.0741746648095	0.0742248907517
0.000293974605141	0.0911838335831	0.0912455769555
0.000293974605141	0.166666847257	0.166779702495
0.000293974605141	0.181874555222	0.181997708066
0.000587949210281	0.00302848608923	0.00303258883958
0.000587949210281	0.0714639453986	0.071560759027
0.000587949210281	0.0742248907517	0.0743254446877
0.000587949210281	0.181628499481	0.181874555222
0.000587949210281	0.212225787719	0.212513294215
0.000587949210281	0.998647112891	1
0.000587949210281	0.572873720107	0.573649803531
0.000587949210281	0.111111351899	0.111261876657
0.000587949210281	0.221471860675	0.22177189301
0.000587949210281	0.285855781594	0.286243036108
0.000587949210281	0.00108092667421	0.00108239102707
0.000587949210281	0.00282453004543	0.00282835649247
0.000587949210281	0.047610443396	0.0476749422108
0.000881923815422	0.00155896546834	0.00156213448331
0.000881923815422	0.00199859674424	0.00200265942756
0.000881923815422	0.00328697582823	0.0032936574872
0.000881923815422	0.00588321433599	0.00589517354529
0.000881923815422	0.356678290416	0.357403334598
0.000881923815422	0.090998854033	0.0911838335831
0.000881923815422	0.143606734583	0.143898653744
0.000881923815422	0.22177189301	0.222222703797
0.000881923815422	0.222976092459	0.223429351104
0.000881923815422	0.272811537231	0.273366099768
0.000881923815422	0.285082843593	0.285662350849
0.000881923815422	0.394261997527	0.395063440663
0.000881923815422	0.00124014674858	0.00124266767909
0.000881923815422	0.00136065367779	0.00136341957091
0.000881923815422	0.0021140977686	0.0021183952387
0.000881923815422	0.00260416948839	0.00260946316055
0.00117589842056	0.0021083813668	0.0021140977686
0.00117589842056	0.00249544984786	0.00250221569877
0.0014698730257	0.00202036003589	0.00202720954459
0.0014698730257	0.00733584914817	0.00736071944935
0.0014698730257	0.0361944941198	0.0363172022006
0.0014698730257	0.0586470814464	0.0588459092235
0.0014698730257	0.222222703797	0.222976092459
0.0014698730257	0.273366099768	0.2742928769
0.0014698730257	0.332207431051	0.333333694514
0.00176384763084	0.00480525305909	0.0048248088435
0.00176384763084	0.181997708066	0.182738378307
0.00176384763084	0.500677359946	0.502714950556
0.00176384763084	0.00152452774855	0.00153073207028
0.00176384763084	0.00352909901907	0.00354346128027
0.00176384763084	0.00410690025758	0.00412361397797
0.00176384763084	0.00603242222301	0.00605697217846
0.00176384763084	0.0512214045832	0.0514298586923
0.00205782223598	0.0416667118143	0.0418646101267
0.00205782223598	0.0786207909212	0.0789942046408
0.00205782223598	0.142927890797	0.143606734583
0.00205782223598	0.663515983801	0.666667389029
0.00205782223598	0.109914461882	0.110436506593
0.00205782223598	0.128517708038	0.129128109878
0.00205782223598	0.333333694514	0.334916881013
0.00205782223598	0.00191256774075	0.00192165158519
0.00235179684112	0.00101772980716	0.00102325597937
0.00235179684112	0.124324927935	0.125
0.00235179684112	0.400177216645	0.402350139359
0.00264577144627	0.110436506593	0.111111351899
0.00264577144627	0.0781432801106	0.0786207909212
0.00293974605141	0.00147678926622	0.00148681958495
0.00293974605141	0.300132587277	0.302171080907
0.00323372065655	0.0827152342243	0.0833334236286
0.00323372065655	0.0950277174976	0.0957379267912
0.00352769526169	0.00103230007996	0.00104071941424
0.00352769526169	0.00825281240712	0.00832012150431
0.00352769526169	0.600265174554	0.605160876162
0.00352769526169	0.00427134530888	0.00430618196605
0.00382166986683	0.00282835649247	0.00285335506676
0.00382166986683	0.186992807901	0.188645553449
0.00382166986683	0.00102325597937	0.00103230007996
0.00382166986683	0.00200265942756	0.00202036003589
0.00411564447197	0.429073550057	0.433159045506
0.00411564447197	0.265703774033	0.268233716881
0.00440961907711	0.00265579476044	0.00268289779684
0.00440961907711	0.0833334236286	0.0841838616396
0.00440961907711	0.502714950556	0.507845279829
0.00440961907711	0.100044304161	0.101065280803
0.00440961907711	0.117691818447	0.118892892297
0.00440961907711	0.250169282673	0.252722321513
0.00499756828739	0.137704578917	0.139298342824
0.00499756828739	0.00557687200365	0.00564141755028
0.00529154289253	0.790661900489	0.800354433289
0.00529154289253	0.00106783632722	0.00108092667421
0.00529154289253	0.00111360485779	0.00112725627011
0.00558551749767	0.395063440663	0.400177216645
0.00558551749767	0.0357319726993	0.0361944941198
0.00587949210281	0.00430618196605	0.00436487559206
0.00587949210281	0.433159045506	0.439063040093
0.00587949210281	0.166779702495	0.169052924008
0.00617346670795	0.00100336518469	0.00101772980716
0.00617346670795	0.00278466356271	0.00282453004543
0.00646744131309	0.0476749422108	0.048390222231
0.00705539052337	0.0382344153781	0.0388606306736
0.00705539052337	0.0388606306736	0.0394971023204
0.00705539052337	0.115795286775	0.117691818447
0.00705539052337	0.0048248088435	0.00490383108213
0.00705539052337	0.00736071944935	0.00748127563046
0.00734936512852	0.268233716881	0.272811537231
0.00764333973366	0.00260946316055	0.00265579476044
0.00764333973366	0.00605697217846	0.00616451506917
0.00764333973366	0.00720787177859	0.00733584914817
0.0079373143388	0.00153073207028	0.00155896546834
0.0079373143388	0.0933067330182	0.0950277174976
0.00823128894394	0.00176693997985	0.0018007486025
0.00881923815422	0.334916881013	0.341787579311
0.00911321275936	0.00173024891152	0.00176693997985
0.00911321275936	0.00643308542852	0.00656950324417
0.00911321275936	0.0625423206683	0.0638685717909
0.00911321275936	0.143898653744	0.14695011952
0.00911321275936	0.14695011952	0.150066293638
0.0094071873645	0.0913073621363	0.0933067330182
0.00970116196964	0.23159057355	0.236821997698
0.00970116196964	0.00589517354529	0.0060283402488
0.00999513657478	0.182738378307	0.186992807901
0.00999513657478	0.00186905331425	0.00191256774075
0.0102891111799	0.003036697148	0.0031095002263
0.0102891111799	0.0500221520806	0.0512214045832
0.0102891111799	0.150269591432	0.153872218989
0.0105830857851	0.00148681958495	0.00152349614255
0.0105830857851	0.0514298586923	0.0526985197953
0.0111710349953	0.00104071941424	0.00106783632722
0.0111710349953	0.139298342824	0.142927890797
0.0114650096005	0.0009765625	0.00100268623506
0.0117589842056	0.0841838616396	0.0864943676227
0.0120529588108	0.00108239102707	0.00111285131201
0.0120529588108	0.125	0.128517708038
0.0123469334159	0.0347304219795	0.0357319726993
0.0123469334159	0.101065280803	0.10397978627
0.012640908021	0.00436487559206	0.00449379004634
0.0135228318365	0.00465793508822	0.00480525305909
0.0138168064416	0.129128109878	0.133302287015
0.0138168064416	0.133392550085	0.137704578917
0.0141107810467	0.011413420267	0.0117903470906
0.0144047556519	0.048390222231	0.0500221520806
0.014698730257	0.302171080907	0.312573120443
0.0152866794673	0.00412361397797	0.00427134530888
0.0152866794673	0.0044968329295	0.00465793508822
0.0155806540725	0.00918438247	0.00951986117053
0.0155806540725	0.071560759027	0.0741746648095
0.0155806540725	0.223429351104	0.23159057355
0.0158746286776	0.00119563453357	0.00124014674858
0.0161686032827	0.0018007486025	0.00186905331425
0.0161686032827	0.00268289779684	0.00278466356271
0.016756552493	0.00192165158519	0.00199724434879
0.016756552493	0.111261876657	0.115638628824
0.016756552493	0.16035875201	0.166666847257
0.016756552493	0.2742928769	0.285082843593
0.016756552493	0.00202858223039	0.0021083813668
0.0170505270982	0.00250391002582	0.00260416948839
0.0173445017033	0.00136341957091	0.0014189726522
0.0173445017033	0.0014189726522	0.00147678926622
0.0173445017033	0.0333481375212	0.0347069208582
0.0176384763084	0.153976410592	0.16035875201
0.0179324509136	0.212513294215	0.221471860675
0.0179324509136	0.00564523752725	0.00588321433599
0.0185204001239	0.00616451506917	0.00643308542852
0.0185204001239	0.0638685717909	0.0666511435073
0.0185204001239	0.341787579311	0.356678290416
0.018814374729	0.0957379267912	0.099976606932
0.0194023239393	0.118892892297	0.124324927935
0.0196962985444	0.573649803531	0.600265174554
0.0196962985444	0.00832012150431	0.00870614642653
0.0199902731496	0.0789942046408	0.0827152342243
0.0205782223598	0.286243036108	0.300132587277
0.020872196965	0.357403334598	0.374999593672
0.0211661715701	0.0021183952387	0.00222419655226
0.0214601461753	0.375253517407	0.394261997527
0.0214601461753	0.0743254446877	0.0780904027021
0.0214601461753	0.00222419655226	0.00233686330683
0.0217541207804	0.252722321513	0.265703774033
0.0217541207804	0.00164571437988	0.00173024891152
0.0217541207804	0.0864943676227	0.0909372776112
0.0223420699907	0.0363172022006	0.0382344153781
0.0226360445958	0.750507034813	0.790661900489
0.0226360445958	0.00156213448331	0.00164571437988
0.022930019201	0.00529006073022	0.00557687200365
0.022930019201	0.00870614642653	0.00917816765098
0.022930019201	0.0526985197953	0.0555556759493
0.022930019201	0.0451313404022	0.0475782267184
0.0232239938061	0.0394971023204	0.0416667118143
0.0235179684112	0.0555556759493	0.0586470814464
0.0235179684112	0.236821997698	0.25
0.0238119430164	0.10397978627	0.109840085788
0.0241059176215	0.0031095002263	0.00328697582823
0.024987841437	0.20022409446	0.212082180365
0.0255757906472	0.00112725627011	0.00119563453357
0.0255757906472	0.0588857555948	0.0624577079689
0.0255757906472	0.188645553449	0.200088608322
0.0255757906472	0.00285335506676	0.00302643679598
0.0264577144627	0.312573120443	0.332207431051
0.0270456636729	0.402622582987	0.428493061982
0.0285155366986	0.00233686330683	0.00249544984786
0.0293974605141	0.0666962750423	0.0713672627481
0.0296914351192	0.0032936574872	0.00352671097482
0.0305733589346	0.169281943367	0.181628499481
0.0326311811706	0.0418646101267	0.0451313404022
0.0329251557757	0.00490383108213	0.00529006073022
0.0364528510374	0.00951986117053	0.0103534112747
0.0390986224837	0.605980699638	0.663067000783
0.0393925970888	0.00124266767909	0.00136065367779
0.0402745209043	0.00656950324417	0.00720787177859
0.0423323431402	0.0103534112747	0.011413420267
0.0426263177454	0.00748127563046	0.00825281240712
0.0452720891917	0.0253005489874	0.0280803187982
0.0508576066893	0.666667389029	0.749491683521
0.052327479715	0.507845279829	0.572873720107
0.056443124187	0.439063040093	0.5
0.0637924893155	0.00354346128027	0.00410412123112
0.0746695497057	0.0280803187982	0.0333481375212
0.0843707116754	0.0117903470906	0.0143184926842
0.0958357212758	0.800896377841	0.998647112891
0.246938668318	0.0143281881751	0.0253005489874
