0 0.0
0.0009765625 314.255817161
0.00117557159872 578.690734607
0.00117636761433 668.195933629
0.00120701896741 693.376783468
0.00128110244492 1034.46373791
0.0012950527359 581.636967028
0.0012994432776 799.913929593
0.00130826906646 1540.27218053
0.00136249698239 966.803013086
0.00154426152439 1929.08570313
0.00155264671176 1993.46262377
0.00155369805651 1965.00398151
0.00159850336891 2578.96454019
0.00168516944142 2288.11044744
0.00175264558106 2544.29037819
0.00199589286847 3299.82272769
0.00209557591314 3599.07365413
0.00257437422122 4746.12449335
0.00276026680264 4860.71293325
0.00276213586401 4549.14333232
0.00318189415858 5104.51865742
0.00318620473389 5037.57898945
0.00321001749372 5273.96605991
0.00421105792966 6120.43544455
0.00421390936624 5668.01345984
0.00507264222263 6368.46492231
0.00509328619216 6331.38819823
0.00515921465304 6478.65354208
0.00516270811564 6323.84060207
0.00714956069001 7304.78524362
0.00716409408754 7378.36179387
0.00864156192683 7560.36901695
0.00864741339365 7546.92738311
0.00893299317482 7546.86952325
0.0113902664988 8111.21465472
0.011413420267 8004.13838191
0.0124295844521 8012.60165173
0.0125819557184 8212.37638054
0.0131390064883 8318.62039522
0.0140211646485 8333.7116777
0.0141834426667 8471.76848913
0.014193046711 8432.78036536
0.0142026572586 8516.30762756
0.0142122743137 8597.96948963
0.0178056209921 8781.13557539
0.0178176777246 8726.42222362
0.0178659863496 8974.4201049
0.0181832009184 9036.38989334
0.0203318149078 9088.22340351
0.0262247042395 9477.30937031
0.0262780129767 9517.17378792
0.0315902901891 9580.94205227
0.0399542334967 9924.7919696
0.0400083602916 9830.9646761
0.0400354511804 9835.67978433
0.0456536810681 9875.54767915
0.0514298586923 9962.158888
0.0566953804844 10062.8068517
0.0690389669528 10150.3647097
0.0690857153564 10170.7017034
0.0831080947249 10249.3622619
0.0832770341927 10147.7827383
0.0833334236286 10245.8777717
0.0835028211378 10242.6170352
0.0999089555117 10227.5141135
0.10011204723 10264.7609951
0.111036165903 10209.5343709
0.111111351899 10215.9546412
0.139392666008 10219.3158133
0.142734525496 10273.7883579
0.166666847257 10018.6907614
0.166779702495 10077.8281498
0.167458440507 10084.7835316
0.168481730232 10020.8599013
0.168595814383 10232.6168302
0.200088608322 10120.464911
0.201175069679 10030.7485893
0.201311291494 9955.58383683
0.229561581706 9958.17868595
0.229717024899 9977.80231274
0.231433862578 10024.0632877
0.25 9808.29441778
0.250169282673 9833.20336985
0.250508191977 9816.37990625
0.250677818763 9743.95228268
0.252722321513 9764.00233646
0.261245223064 9657.93203931
0.26248602145 9728.04790096
0.333333694514 9279.81121197
0.33355940499 9124.18264313
0.333785268301 9188.96955173
0.334011284551 9240.73330905
0.347620709291 9214.64655997
0.394796112098 9136.3474364
0.400177216645 9005.14363658
0.400448188921 9093.57056932
0.468859172635 8996.27626169
0.469494345483 8900.15945491
0.471086044758 8990.30659639
0.499661663751 9089.76051708
0.5 7565.63383008
0.500338565347 7644.31655749
0.501355637525 7706.32116939
0.505444643026 7571.54181651
0.620928906037 7230.66568046
0.66711880998 6877.47853624
0.667570536602 6963.40336413
0.673470893116 6870.83122166
0.77267289104 6881.51477117
1 0.0
