0 0.0
0.0009765625 54580.534501
0.000998622174393 55468.565701
0.000999975027718 56540.5244249
0.0010006521415 58348.3162941
0.0010142911152 58894.9718002
0.00105347734156 70713.1267636
0.00110086369236 68767.3555912
0.00111209827613 75659.0750252
0.00118998264632 81848.160735
0.00121193113383 85023.1273288
0.00124350912752 88812.5237693
0.00125195501291 87059.7577957
0.00126730242629 86574.6356939
0.00126901926609 85817.1626577
0.00128023555813 88192.8077491
0.00132520354898 88908.208243
0.00136526662253 93666.6719255
0.00140940003954 97215.3372076
0.00149085076179 101045.529825
0.0014918602626 101369.53607
0.00149590510611 102929.557604
0.00155475011315 102753.791755
0.00157274446479 107715.005351
0.00171857638028 112398.194617
0.00173376610598 112395.552991
0.00175383235117 112729.417823
0.00176216227325 114629.820565
0.00185895934881 117252.891661
0.00188302207062 118438.817361
0.00188940597043 116374.597482
0.00189068534521 119484.994617
0.00197706788648 120042.163448
0.00197974625967 122320.173562
0.00200944892692 117930.852964
0.00208425859507 124274.711907
0.00210695468312 123192.976333
0.0021083813668 123656.330824
0.00213278333044 123052.982884
0.00213856589267 125469.131832
0.00218835498518 126512.058222
0.0022575667732 126962.18676
0.00226215588249 127037.724611
0.00226368765767 125994.517715
0.00233686330683 127587.609131
0.00234161360757 128231.458919
0.00256220488984 133040.274122
0.00256393983741 133842.230814
0.00258835281867 134511.80547
0.00267021546337 135647.74112
0.00276213586401 136200.989797
0.00295958247209 139179.476949
0.00301213051837 141134.004861
0.00318189415858 142871.74537
0.00318404871678 141594.956609
0.00319052114883 141853.946033
0.00320567470243 142411.726223
0.00328697582823 143678.630412
0.00329142875977 144188.66765
0.00336122567553 144223.901537
0.00337490474797 145057.667513
0.00350766470235 146827.161168
0.0035124166055 146717.896944
0.00351479497059 146782.272218
0.00364071493828 147358.153986
0.00378393117257 147957.827313
0.00383031746864 148011.033589
0.00383291109416 149451.743115
0.00386155714767 148875.778096
0.00386417192654 149278.564832
0.00408195661038 151711.403202
0.00408472062849 149540.668259
0.00409302391749 150538.400811
0.00416569646921 151257.675297
0.00416851719014 152384.245979
0.00435307321327 152714.825381
0.00444237493083 153357.220157
0.00444839310452 153739.410329
0.00470547045733 156048.236363
0.00472462015969 156906.821565
0.00473422421593 156330.264865
0.00486745316456 157382.222389
0.00487404720019 158009.222319
0.00493713779005 158173.853693
0.0049471738453 158577.588168
0.00523307626583 159170.670398
0.0055018808996 162319.308434
0.0055355012903 161376.077695
0.00553924954813 160975.250101
0.00555802894255 161834.829402
0.00583167081364 163956.750731
0.00603242222301 165058.118376
0.00617286626036 165989.091086
0.00622742545622 165982.411164
0.00624853793325 165841.053388
0.00629523767337 167473.872558
0.00630803443049 166989.773356
0.00666806727373 168464.438229
0.00686500536178 168249.1386
0.00697272113796 169663.953903
0.00736071944935 171824.401676
0.00746609878445 171452.88415
0.0074711543091 170941.732174
0.00786023991061 172924.839278
0.00786556232031 172592.788867
0.00815286836781 174208.92304
0.00815838892521 173498.671219
0.00860071237595 175121.848866
0.00900584975705 175372.561084
0.00903638176382 176144.440944
0.00904250057526 174851.153576
0.00925928935771 177510.077543
0.00926555910673 177603.79647
0.00957155307529 177188.130018
0.0101178521651 178227.402317
0.0112675706984 179745.58718
0.011782368887 179417.283307
0.0124295844521 180258.433979
0.0125819557184 180654.878222
0.0136558607501 180497.1798
0.0154357765526 181036.255062
0.0298846172364 181359.119845
0.0326114734712 181291.622622
0.0326335557009 181410.751102
0.0367872989425 181339.186274
0.0370622364269 181376.074803
0.0408844293043 181421.74321
0.0417796817305 181396.943835
0.0418362814964 181458.578469
0.0418646101267 181430.186595
0.0450397849728 181453.842602
0.0456536810681 181384.74773
0.0496846947764 181327.806677
0.0502937674198 181411.153692
0.0503278228734 181352.653938
0.0548457422762 181229.887949
0.0548828800117 181291.393055
0.0586073965794 181200.026501
0.0596883734459 181177.67641
0.0625423206683 180903.576453
0.0628393688196 180885.565465
0.0664259435083 180831.082684
0.0666962750423 180696.64927
0.0698852989327 180490.160815
0.070407601163 180699.805168
0.0714639453986 180458.40305
0.0715123358295 180407.719502
0.0731277356052 180479.303495
0.0741746648095 180348.441563
0.0767280785697 180266.811028
0.0767800335067 180241.221698
0.0771969414961 179918.080663
0.0796923989804 179815.886241
0.0797463611498 179877.883323
0.0809976261869 179878.751278
0.0833334236286 179124.711479
0.0836159440706 178954.374622
0.0874954352883 178564.343916
0.087613967095 178538.525587
0.0876732932013 178923.49282
0.0909372776112 178107.744371
0.0911838335831 178173.712757
0.094642553729 177875.578417
0.0952853637771 177837.556766
0.0968459774715 177636.934536
0.0973059527051 177676.579201
0.100044304161 176767.858862
0.10011204723 176447.847151
0.102442809166 176669.457821
0.105397039591 175468.344477
0.105897628558 176068.095505
0.105969335093 175905.354158
0.107341022232 175660.882297
0.111111351899 174603.255752
0.112169317188 174375.38902
0.118491178571 173452.104924
0.118571412585 173729.290364
0.119053958864 173407.546357
0.122819315682 172872.967946
0.123737231231 172856.292258
0.125 172265.54156
0.125084641337 171230.732289
0.125169339987 171637.142519
0.131331879396 171560.916391
0.133392550085 170255.109745
0.134026105251 170006.368765
0.134116858441 170193.901249
0.134571546998 170325.507505
0.134662669523 170343.680175
0.136405768615 169223.452994
0.139298342824 169835.794405
0.142927890797 167415.844535
0.143218430027 167863.718852
0.145564106575 167675.970113
0.145958770905 167389.738408
0.146057604069 167309.377726
0.147748044138 166879.155984
0.147848088873 167421.245953
0.150779041656 167317.34651
0.150881138773 166208.093761
0.152008780158 166159.299115
0.152317778728 166626.668046
0.153872218989 165734.745441
0.154393882992 165614.902231
0.157988409282 165240.40847
0.158416759314 164917.93952
0.165542486496 164822.821242
0.165654580395 164627.827007
0.166666847257 161075.679347
0.166779702495 161635.931738
0.16689263415 161672.260261
0.175584131911 160621.161012
0.176537536384 160443.233596
0.176657075369 160983.91799
0.176776695297 160799.463369
0.17749611775 160744.104585
0.178701667299 160442.908979
0.181874555222 158818.793207
0.182367667166 158520.520184
0.187499796836 158591.38507
0.187626758703 157646.2601
0.188773291144 158184.927747
0.188901115333 157456.204363
0.199953213864 156506.936664
0.200088608322 154136.417797
0.20022409446 154309.440244
0.203503427732 154382.456651
0.209655669627 153331.747941
0.214391603893 151423.005451
0.214536775029 151578.930068
0.222222703797 150395.613784
0.226781521938 149364.510267
0.229561581706 149720.682539
0.230808078394 147748.489612
0.230964365628 147574.466941
0.234906127257 147951.7546
0.235702515789 148240.311194
0.236341570139 147462.0398
0.248986706777 147456.577171
0.25 143235.833206
0.250169282673 142294.137613
0.250508191977 141768.579574
0.254266633966 142275.633551
0.266785100169 141136.878153
0.272811537231 139378.664698
0.273181120447 139533.84894
0.2742928769 139335.507731
0.27522279603 139334.898959
0.275595645827 139360.649799
0.279352037892 138063.010492
0.280678835579 138119.80068
0.285855781594 135865.02734
0.286049343318 136910.944834
0.286243036108 136258.645877
0.292510942421 135441.693979
0.300132587277 133771.232124
0.308787765984 133034.507936
0.331533500392 132434.187457
0.3317579919 131748.842068
0.331982635419 132699.41327
0.332207431051 131551.781185
0.333333694514 124322.163215
0.33355940499 126173.421005
0.334690251971 124860.260854
0.353792792446 124501.140758
0.354032356404 125383.667183
0.356919808234 125098.672036
0.361295201744 123351.74848
0.374492261556 122626.089771
0.375253517407 119975.032168
0.388697234944 120939.395632
0.390807822493 120247.43542
0.400177216645 116755.186335
0.402622582987 116870.506661
0.428783207787 113288.081356
0.429073550057 113742.047393
0.429654824531 113195.536889
0.444445407594 112873.750133
0.444746355221 112686.314974
0.445047506629 112818.575355
0.498985677928 110991.327099
0.5 93714.3216895
0.500338565347 92942.1647966
0.557570664032 91038.3535332
0.557948212242 89719.1643123
0.572873720107 91436.6608821
0.600265174554 86050.3243273
0.605980699638 85169.7425624
0.626417018101 85238.5794747
0.665314958133 84062.5074859
0.666667389029 75949.5424382
0.66711880998 76880.0535927
0.673470893116 75357.5673913
0.715290686731 75709.566936
0.71577503201 74380.7472361
0.718201682322 73961.5278882
0.719661619653 74127.1551627
0.720148924624 75733.7085349
0.720636559564 75757.2412208
0.750507034813 69928.1988867
0.753051435007 71212.9497352
0.754582213797 70043.7195323
0.792269132626 71467.0452775
0.800354433289 68374.4123267
0.803067828208 68809.5560867
1 0.0
