0 0.0
0.0009765625 66404.2158929
0.000987865029506 70617.7624796
0.000988533943239 66209.5941314
0.000989203309913 68637.3874551
0.00101772980716 78164.3905426
0.00101979861565 78988.2246105
0.00108459127682 97437.0380557
0.00108532568686 88345.5453815
0.00112192761393 100518.878997
0.00112420823238 98148.3306025
0.00113721958261 103081.22441
0.00114960309195 103963.889166
0.00115428159482 107690.879851
0.00118115503992 112081.140774
0.00122016254222 111954.123505
0.00122098875173 114169.749249
0.00122181552069 114302.283939
0.0012351202194 114480.499063
0.00127332154804 122414.947376
0.00128544569176 115960.308477
0.00131359328716 125570.757562
0.00136989520627 128747.935039
0.00143151431495 132899.813958
0.00143248363723 134894.072056
0.00145890490423 139578.951795
0.00145989277352 135676.766835
0.00147179951025 137689.62721
0.00153280578346 138422.872112
0.00153488230595 145863.708759
0.00154740064966 145694.379009
0.00160609554754 148538.907193
0.00166363503453 149465.135316
0.00166476153287 149173.027976
0.0017104524932 150922.538428
0.00179223627888 155600.537378
0.00179344985708 158062.322244
0.00190739626485 161937.753175
0.00190868782141 160915.670057
0.00201762671684 165978.672923
0.0020927408355 169984.707942
0.00218243779603 174058.141823
0.00222269149962 174390.200848
0.00222419655226 175341.383836
0.00237513718998 176777.572022
0.00238157684018 179035.528346
0.00244694147696 181740.650054
0.00244859837614 181866.419847
0.00256047111626 181985.238398
0.00270477923793 187051.473485
0.00271027742636 186156.034275
0.00278466356271 188703.592316
0.00288442606629 188761.39658
0.00301621111151 192553.772978
0.0030780875881 193142.031076
0.0032318198587 194660.459539
0.0033955278073 197743.36877
0.00342322138615 197306.484029
0.00343018000073 197559.453308
0.00359419104878 199565.49823
0.003601497205 201963.43195
0.00366048366037 199224.709476
0.00374317071591 202094.924254
0.00375077971321 202166.807624
0.00376094910866 203552.92442
0.003887784755 205815.303038
0.00389305161435 204063.997429
0.00389568771908 205719.142154
0.00409302391749 205823.335416
0.00409579542962 208275.690866
0.0041208236418 206934.596468
0.00412361397797 207651.490729
0.00427134530888 208331.363313
0.00428582620156 209873.851003
0.00443036299817 210248.405369
0.00463591655059 212310.925272
0.00464534029298 213897.732274
0.0047728360663 213750.722705
0.0048542918442 217181.607502
0.0048575788342 216209.716846
0.00486086804992 215607.206048
0.00496058699432 216183.432725
0.00496394596003 217497.158866
0.00502139762921 218736.794996
0.00512440977968 219673.781291
0.00512787967483 220463.401588
0.00513482651543 217673.068593
0.00529364279271 220640.886092
0.00531878523687 222925.976211
0.00537670301076 222290.767366
0.00556179245454 224017.12898
0.00558064827486 223391.546103
0.00576104752689 226016.200955
0.00588719804099 226833.942627
0.00589517354529 226750.86223
0.00613122313386 227963.270977
0.00614368648748 227311.395652
0.00621479222603 228791.787609
0.00621900045259 228127.171843
0.00622321152868 228521.578617
0.0065784030809 229665.509173
0.00660517499715 231115.160925
0.00678646029404 230779.940118
0.00686036000146 231721.750736
0.00704387946601 232037.165155
0.00704864909299 232727.625692
0.00716894511553 233975.642523
0.00720787177859 232902.915868
0.00721763642587 233079.053329
0.00732096732074 234695.071826
0.00740068742807 235080.805767
0.00748127563046 235509.496776
0.00762442232903 236698.717021
0.00782838099928 237103.97263
0.00783368183633 237478.097895
0.00785492110244 236898.574564
0.00816944125698 237334.22408
0.0081749730364 238136.610488
0.00818050856156 238085.423764
0.00832575531395 238188.23566
0.00833703438029 239023.192318
0.00854847513578 238953.191747
0.00893299317482 239550.351165
0.00908544842321 240683.785934
0.0090916004592 239931.759233
0.00992117398864 241092.189067
0.00992789192006 241723.401512
0.00996829514372 241088.285017
0.00999532193364 241174.426629
0.0100224220006 241320.99603
0.0104166779536 242086.70829
0.0105229827049 241950.050727
0.0106953314295 242535.630655
0.0125904753467 243262.001279
0.0131390064883 243052.617108
0.0159024253568 243602.056771
0.0416667118143 243587.467234
0.0416949256237 243615.906833
0.0417231585376 243551.628221
0.0417514105689 243293.885969
0.0419781165996 243565.482079
0.0440746752568 243593.288453
0.0484557774277 243616.047175
0.0514995317449 243576.727074
0.051569299185 243541.230111
0.0535979009733 243606.315765
0.0536341937571 243521.486819
0.0554805153915 243558.916958
0.0555556759493 243489.974937
0.0572739707368 243438.723673
0.0573127527003 243427.407524
0.0598907314545 243336.341195
0.0603383372184 243265.854225
0.060954104737 243282.915918
0.0609953786322 243326.265453
0.0639118191612 243108.934868
0.0639550958156 243142.538752
0.0666511435073 242861.310997
0.0666962750423 242860.337551
0.0682028843076 242651.79075
0.0682952801117 242766.021483
0.0689455650244 242840.954708
0.0690389669528 242676.877816
0.0690857153564 242708.652635
0.0714639453986 242439.243296
0.0716092150133 242422.568225
0.0743757727275 242260.378994
0.0744261348461 242046.5949
0.0765206101485 242421.31219
0.0765724246023 242301.782471
0.0769361094947 241610.024623
0.0796384733258 241352.882611
0.0799084669935 241442.057235
0.0800167205833 241353.078758
0.0801793760049 241191.545721
0.0821016307127 241250.118434
0.0833334236286 240436.929446
0.0833898512475 240618.553628
0.0836159440706 240659.793787
0.085794635318 240553.759711
0.0870229094952 239987.498405
0.0870818353783 239911.081916
0.0892299520585 240154.812224
0.0902626808045 239988.693927
0.0903238004361 239581.405984
0.0926145589638 239022.834953
0.0945785117158 238594.369418
0.0954144487549 238242.346211
0.0993693895528 237425.796221
0.100044304161 237074.891932
0.103628460749 236520.200847
0.103768848286 236193.547324
0.104969847167 236258.576694
0.105112051907 235987.818438
0.107195801947 235319.072047
0.107268387514 235618.729772
0.111111351899 233710.54869
0.111261876657 233937.409681
0.114625505401 233488.922852
0.117373586371 232720.553812
0.117453063629 232899.137884
0.117851257895 232548.778347
0.120921982108 231619.289339
0.121003862093 231372.882254
0.124746419482 231080.30114
0.125 230699.571337
0.128866154894 228904.486487
0.128953414122 229791.404148
0.131065453748 228658.497248
0.131154202189 228232.792811
0.131243010725 228337.27694
0.133392550085 227791.144692
0.136405768615 225997.02277
0.138077933906 226384.279961
0.142927890797 223658.719133
0.143996091939 223637.343453
0.14714919577 223654.587321
0.149964747905 223416.338698
0.150066293638 222449.077853
0.150167908132 222321.160929
0.153664047248 220976.428162
0.153872218989 219927.546123
0.155232226509 220550.437348
0.15788150287 220454.932941
0.157988409282 218709.324227
0.158202439322 220218.565378
0.158738783818 218956.910298
0.159384797961 219115.091955
0.160033441167 218893.217849
0.16621618945 218022.265653
0.166666847257 214954.073478
0.166779702495 215200.096851
0.16689263415 214889.874895
0.167118726922 215189.628132
0.167345125986 214988.700196
0.1759410537 214559.370222
0.176537536384 212986.12585
0.176896396223 213012.981035
0.177736575271 213018.326338
0.181014815518 212763.581867
0.181505596471 212433.178655
0.1821209443 210807.676807
0.186866275011 210246.897308
0.186992807901 210333.259115
0.187246130778 210222.8463
0.187626758703 209318.349529
0.190312906874 209088.506363
0.191346287138 208888.155891
0.196997605638 206979.143981
0.199277614599 206630.97065
0.200088608322 202945.024503
0.200902902521 204314.947332
0.20810038835 202632.622093
0.210651440625 202192.036724
0.214391603893 200257.066034
0.214827412265 199962.520759
0.219977776675 200168.179623
0.222222703797 197480.165307
0.230808078394 194123.135867
0.23159057355 195268.767329
0.234906127257 195089.510881
0.235383636894 193438.173008
0.249155303318 193088.228703
0.25 187970.235856
0.250169282673 186725.484171
0.250338679973 187039.62132
0.266604574029 184522.923382
0.266785100169 182818.350059
0.270238417022 183726.049847
0.270421403748 183299.021607
0.272626933166 183314.73887
0.272811537231 181576.674406
0.273181120447 182535.310085
0.273366099768 180808.478187
0.285662350849 178947.616131
0.285855781594 177656.900369
0.286049343318 177529.252077
0.290734349543 176727.521213
0.290931214694 177770.579506
0.298511698274 176111.382574
0.300132587277 174753.856309
0.300539182863 175077.870196
0.305668345606 173237.206797
0.307744437979 173667.562937
0.308161345491 172560.698145
0.308787765984 172844.366372
0.32486893212 170017.812209
0.325088910845 171375.310098
0.3317579919 171657.315987
0.333333694514 161533.557192
0.333785268301 161633.402916
0.345743357052 162620.980435
0.354992235499 160419.358936
0.358372353342 160966.613041
0.363749110445 157311.294941
0.3642418886 158375.328469
0.374999593672 157550.76295
0.375253517407 154409.683142
0.378826556428 156099.582635
0.381399537686 155630.219993
0.389751100059 153194.753564
0.400177216645 148276.409185
0.41255439348 148487.793278
0.428493061982 147223.102451
0.428783207787 145095.055525
0.429654824531 145261.497112
0.444445407594 142272.904268
0.448677268751 142932.466415
0.495284070031 141310.978684
0.498985677928 140218.887815
0.499323556445 140534.733295
0.499661663751 140184.321621
0.5 119075.047035
0.500338565347 118029.520108
0.500677359946 117590.207687
0.501695120815 117481.296094
0.50203483398 117324.268146
0.515115818843 117896.814253
0.52178357554 117302.046321
0.522136891214 117062.402089
0.545623074461 116450.595918
0.555686751672 115339.106834
0.556816333868 114773.398254
0.557193371298 114139.161574
0.570551763873 114296.101366
0.570938101985 114017.79694
0.575205125931 113008.598227
0.575594614976 113040.324722
0.58859678308 111451.518631
0.589793263731 112254.20627
0.600265174554 108840.083179
0.600671632528 107250.723993
0.601078365726 106365.78874
0.625993138933 106089.406132
0.634525478596 105337.006965
0.666667389029 92667.161857
0.66711880998 93080.2294088
0.668474907687 94335.7919199
0.722101446436 92389.7322024
0.750507034813 85840.4663871
0.796571075671 86170.5528674
0.823434934851 84700.1686095
1 0.0
