0 1082.02226303
0.0009765625 2866.02188373
0.000977223760442 2841.09943738
0.000977885468645 3021.04269696
0.000985861002898 2876.92220883
0.00128023555813 3124.88458101
0.00132879654029 3321.00795609
0.00212989791536 3531.39412283
0.00228524173766 3603.80955965
0.00228988710373 3596.99387533
0.00271762573393 3634.07831646
0.00408195661038 3798.57201098
0.00685107870885 4195.95695959
0.00685571778452 4202.33561901
0.00686036000146 4191.73370761
0.00716409408754 4233.38310405
0.00890281049605 4345.62531372
0.00893299317482 4341.69731626
0.0114288822545 4543.20678021
0.011529897018 4521.00564025
0.0139454422759 4669.42551469
0.0159671429477 4653.89669158
0.0185813611719 4740.6426379
0.0211745711708 4776.57341133
0.0211889091229 4798.20131363
0.0220821344211 4714.59114043
0.0262780129767 4883.42412054
0.0274414400058 4876.05939297
0.0309343078076 4902.67441874
0.0310181792246 4882.30757949
0.0386246069573 4961.68349599
0.0386769324806 4962.03078018
0.0387031218187 4967.93864135
0.0417231585376 4981.16508978
0.0418079720353 4990.99380204
0.0549200428942 5035.61451618
0.0549944441688 5043.53161817
0.0550316825949 5045.11033914
0.0555932944026 5055.51974222
0.0664259435083 5094.57627294
0.0677886476383 5109.00768899
0.0680184675337 5100.78205296
0.0680645249257 5086.75096185
0.0833334236286 5130.29470369
0.0836725629928 5147.99338195
0.0837292202533 5109.57306351
0.0872588525386 5101.22176453
0.110810913035 5128.94036031
0.111337215489 5111.94425362
0.111412605335 5123.87115738
0.114625505401 5120.13617037
0.125 5095.29179932
0.1294782117 5078.12939092
0.129829262745 5089.90252842
0.130269415317 5121.06625611
0.130357624736 5101.7724128
0.166328739533 5051.26784813
0.166554068385 5104.96191582
0.166666847257 5027.18056871
0.166779702495 5036.61930619
0.211651941091 4992.01477466
0.220873013185 4975.20861781
0.223883531118 4943.50216671
0.25 4856.74006022
0.333108136771 4773.30181256
0.333333694514 4568.5885077
0.421017797177 4593.20990063
0.5 3525.42503225
0.979234683266 3429.96530886
0.983885611617 3429.96530886
1 0.0
