0.00029397460514	0.00135973296086	0.00136065367779
0.00029397460514	0.0042339235578	0.0042367904774
0.00029397460514	0.00667258242675	0.00667710063711
0.00029397460514	0.0136189360685	0.0136281578681
0.00029397460514	0.0409952782375	0.0410230373986
0.00029397460514	0.0498194036497	0.0498531378971
0.000293974605141	0.099976606932	0.100044304161
0.000293974605141	0.106184746157	0.106256647107
0.000293974605141	0.125	0.125084641337
0.000293974605141	0.125084641337	0.125169339987
0.000293974605141	0.178339145208	0.178459904117
0.000293974605141	0.196199140283	0.196331992743
0.000293974605141	0.196331992743	0.196464935162
0.000293974605141	0.222222703797	0.222373177611
0.000293974605141	0.222373177611	0.222523753314
0.000293974605141	0.235383636894	0.235543022379
0.000293974605141	0.25	0.250169282673
0.000293974605141	0.285855781594	0.286049343318
0.000293974605141	0.328406522851	0.328628896987
0.000293974605141	0.500338565347	0.500677359946
0.000293974605141	0.666667389029	0.66711880998
0.000293974605141	0.749999187344	0.750507034813
0.000293974605141	0.328184299189	0.328406522851
0.000293974605141	0.376525717503	0.376780674623
0.000293974605141	0.400177216645	0.400448188921
0.000293974605141	0.428783207787	0.429073550057
0.000293974605141	0.5	0.500338565347
0.000293974605141	0.599858991619	0.600265174554
0.000293974605141	0.000986528559643	0.00098719656841
0.000293974605141	0.00112496946828	0.00112573121963
0.000293974605141	0.00149085076179	0.0014918602626
0.000293974605141	0.00182900335588	0.00183024183019
0.000293974605141	0.00193077857384	0.00193208596327
0.000293974605141	0.0028824742545	0.00288442606629
0.000293974605141	0.00333629121337	0.00333855031856
0.000293974605141	0.00354106351748	0.00354346128027
0.000293974605141	0.00370284933034	0.00370535664327
0.000293974605141	0.00401074494024	0.00401346073875
0.000293974605141	0.00597957147307	0.00598362042445
0.000293974605141	0.006663555176	0.00666806727373
0.000293974605141	0.00666806727373	0.00667258242675
0.000293974605141	0.00760895508931	0.00761410734634
0.000293974605141	0.0101384194103	0.0101452844453
0.000293974605141	0.010346405406	0.0103534112747
0.000293974605141	0.011086000688	0.0110935073594
0.000293974605141	0.0112067193207	0.0112143077343
0.000293974605141	0.0136281578681	0.0136373859121
0.000293974605141	0.0148113973214	0.0148214265731
0.000293974605141	0.0194961888007	0.0195093902686
0.000293974605141	0.0241133609952	0.024129688892
0.000293974605141	0.0371375753517	0.0371627223438
0.000293974605141	0.0730782520777	0.0731277356052
0.000293974605141	0.076832023624	0.0768840489454
0.000293974605141	0.166666847257	0.166779702495
0.000293974605141	0.25152767714	0.25169799425
0.000293974605141	0.286049343318	0.286243036108
0.000293974605141	0.286824901766	0.28701911971
0.000587949210281	0.00122016254222	0.00122181552069
0.000587949210281	0.00206460015993	0.00206739711483
0.000587949210281	0.0370873324047	0.0371375753517
0.000587949210281	0.0441343840961	0.0441941738242
0.000587949210281	0.0833334236286	0.0834463170752
0.000587949210281	0.178459904117	0.178701667299
0.000587949210281	0.250169282673	0.250508191977
0.000587949210281	0.748984523111	0.749999187344
0.000587949210281	0.181874555222	0.1821209443
0.000587949210281	0.00598362042445	0.00599172655407
0.000587949210281	0.00695857596805	0.00696800288934
0.000881923815422	0.0014046379774	0.0014074932804
0.000881923815422	0.00370535664327	0.00371288877334
0.000881923815422	0.00465163342788	0.00466108911903
0.000881923815422	0.00475027437995	0.00475993058526
0.000881923815422	0.00830886531918	0.00832575531395
0.000881923815422	0.0909372776112	0.0911221319907
0.000881923815422	0.286243036108	0.286824901766
0.000881923815422	0.388960433772	0.389751100059
0.000881923815422	0.587005250391	0.588198495825
0.000881923815422	0.786391870397	0.787990422554
0.000881923815422	0.0768840489454	0.0770403363727
0.000881923815422	0.234906127257	0.235383636894
0.000881923815422	0.133121944069	0.133392550085
0.00117589842056	0.00466108911903	0.00467372661367
0.00117589842056	0.00696800288934	0.00698689506172
0.00117589842056	0.00761410734634	0.00763475128562
0.00117589842056	0.44414466361	0.445348861955
0.00117589842056	0.500677359946	0.50203483398
0.0014698730257	0.00529722728072	0.00531518616118
0.0014698730257	0.105825970546	0.106184746157
0.0014698730257	0.375253517407	0.376525717503
0.00176384763084	0.00157700860762	0.00158342650903
0.00176384763084	0.00501799978753	0.00503842138049
0.00176384763084	0.212225787719	0.213089476207
0.00176384763084	0.291325344998	0.292510942421
0.00176384763084	0.373732550022	0.375253517407
0.00176384763084	0.00399448869757	0.00401074494024
0.00176384763084	0.0770403363727	0.0773538649613
0.00176384763084	0.250508191977	0.25152767714
0.00205782223598	0.0649585870619	0.0652671114017
0.00235179684112	0.00125619944292	0.00126302048167
0.00235179684112	0.132403008824	0.133121944069
0.00235179684112	0.142927890797	0.14370397511
0.00235179684112	0.0176974768687	0.0177935724181
0.00235179684112	0.1821209443	0.183109843018
0.00235179684113	0.00826399265626	0.00830886531918
0.00264577144627	0.100044304161	0.100655645747
0.00264577144627	0.111111351899	0.111790320988
0.00293974605141	0.0112143077343	0.0112904750545
0.00293974605141	0.441148393866	0.44414466361
0.00293974605141	0.0498531378971	0.050191739263
0.00293974605141	0.14714919577	0.148148629723
0.00323372065655	0.370960102997	0.373732550022
0.00323372065655	0.00371288877334	0.00374063781523
0.00323372065655	0.00890281049605	0.00896934749094
0.00323372065655	0.0543284449168	0.0547344797822
0.00323372065655	0.124072716898	0.125
0.00352769526169	0.0587265318143	0.0592054994246
0.00352769526169	0.0014918602626	0.00150402772291
0.00411564447197	0.00112573121963	0.0011364500574
0.00440961907711	0.0009765625	0.000986528559643
0.00440961907711	0.00232424289774	0.00234796236612
0.00440961907711	0.0110935073594	0.0112067193207
0.00440961907711	0.152834172803	0.154393882992
0.00470359368225	0.00591515960806	0.00597957147307
0.00499756828739	0.00136065367779	0.00137640159801
0.00558551749767	0.0366134016016	0.0370873324047
0.00558551749767	0.0911221319907	0.0923016341212
0.00587949210281	0.148148629723	0.150167908132
0.00587949210281	0.0124127686275	0.0125819557184
0.00617346670795	0.00698689506172	0.00708692256055
0.00617346670795	0.328628896987	0.333333694514
0.00617346670795	0.00120294070775	0.00122016254222
0.00646744131309	0.136683049884	0.138733742557
0.00646744131309	0.28701911971	0.291325344998
0.00705539052337	0.00168745237399	0.00171509000036
0.00705539052337	0.456025846352	0.463494781271
0.00705539052337	0.00467372661367	0.00475027437995
0.00734936512852	0.00308434462577	0.00313698370394
0.00764333973366	0.150167908132	0.152834172803
0.00764333973366	0.178701667299	0.181874555222
0.0079373143388	0.196464935162	0.200088608322
0.00852526354908	0.0101452844453	0.010346405406
0.00852526354908	0.588198495825	0.599858991619
0.00881923815422	0.400448188921	0.408663238224
0.00881923815422	0.00137640159801	0.0014046379774
0.00911321275936	0.00259010547181	0.00264503036511
0.0094071873645	0.115873695318	0.118410998849
0.0102891111799	0.445348861955	0.456025846352
0.0102891111799	0.14370397511	0.14714919577
0.0105830857851	0.133392550085	0.136683049884
0.0111710349953	0.300335816264	0.308161345491
0.0114650096005	0.292510942421	0.300335816264
0.0114650096005	0.389751100059	0.400177216645
0.0117589842056	0.0042367904774	0.00435307321327
0.0120529588108	0.00333855031856	0.00343250268089
0.0120529588108	0.429073550057	0.441148393866
0.0120529588108	0.01440598882	0.0148113973214
0.0120529588108	0.00122181552069	0.00125619944292
0.0123469334159	0.00206739711483	0.00212701640393
0.012640908021	0.200088608322	0.20599812698
0.0129348826262	0.138733742557	0.142927890797
0.0129348826262	0.20599812698	0.212225787719
0.0132288572313	0.600265174554	0.61883091969
0.0135228318365	0.00343250268089	0.00354106351748
0.0138168064416	0.376780674623	0.388960433772
0.0141107810467	0.00896934749094	0.00926555910673
0.0141107810467	0.0171317044034	0.0176974768687
0.0144047556519	0.048194088294	0.0498194036497
0.0155806540725	0.111790320988	0.115873695318
0.0164625778879	0.0195093902686	0.0202631180414
0.0164625778879	0.27522279603	0.285855781594
0.0164625778879	0.00234796236612	0.00243867378357
0.0170505270982	0.00763475128562	0.00794045558524
0.0173445017033	0.00794045558524	0.00826399265626
0.0176384763084	0.50203483398	0.522844240447
0.0179324509136	0.00667710063711	0.00695857596805
0.0182264255187	0.011902610849	0.0124127686275
0.0182264255187	0.213089476207	0.222222703797
0.0185204001239	0.00276213586401	0.0028824742545
0.018814374729	0.00264503036511	0.00276213586401
0.0191083493341	0.00354346128027	0.00370284933034
0.0191083493341	0.00531518616118	0.00555426797722
0.0194023239393	0.106256647107	0.111111351899
0.0202842477547	0.750507034813	0.786391870397
0.0202842477547	0.118410998849	0.124072716898
0.0205782223598	0.00150402772291	0.00157700860762
0.020872196965	0.408663238224	0.428783207787
0.0214601461753	0.0731277356052	0.076832023624
0.0217541207804	0.0148214265731	0.0155827508763
0.0217541207804	0.100655645747	0.105825970546
0.0217541207804	0.00503842138049	0.00529722728072
0.0226360445958	0.333333694514	0.351168263822
0.022930019201	0.0112904750545	0.011902610849
0.022930019201	0.00475993058526	0.00501799978753
0.0232239938061	0.00183024183019	0.00193077857384
0.0232239938061	0.00401346073875	0.0042339235578
0.0235179684112	0.00098719656841	0.00104212929754
0.0235179684112	0.0652671114017	0.0688989114567
0.0235179684112	0.222523753314	0.234906127257
0.0238119430164	0.0136373859121	0.01440598882
0.0238119430164	0.351168263822	0.370960102997
0.0243998922267	0.125169339987	0.132403008824
0.0246938668318	0.0011364500574	0.00120294070775
0.024987841437	0.0014074932804	0.00149085076179
0.024987841437	0.554184205862	0.587005250391
0.0252818160421	0.522844240447	0.554184205862
0.0255757906472	0.0688989114567	0.0730782520777
0.0258697652524	0.235543022379	0.25
0.0261637398575	0.00243867378357	0.00259010547181
0.0267516890678	0.00313698370394	0.00333629121337
0.0273396382781	0.00555426797722	0.00591515960806
0.0273396382781	0.308161345491	0.328184299189
0.0276336128832	0.00158342650903	0.00168745237399
0.0279275874884	0.00171509000036	0.00182900335588
0.0285155366986	0.00374063781523	0.00399448869757
0.0288095113038	0.00193208596327	0.00206460015993
0.0288095113038	0.00435307321327	0.00465163342788
0.0291034859089	0.166779702495	0.178339145208
0.0291034859089	0.00288442606629	0.00308434462577
0.0291034859089	0.00832575531395	0.00890281049605
0.0296914351192	0.0103534112747	0.011086000688
0.0299854097243	0.183109843018	0.196199140283
0.0305733589346	0.0547344797822	0.0587265318143
0.0308673335398	0.00708692256055	0.00760895508931
0.0317492573552	0.0410230373986	0.0441343840961
0.0320432319603	0.00126302048167	0.00135973296086
0.0323372065655	0.61883091969	0.666667389029
0.0323372065655	0.0773538649613	0.0833334236286
0.0329251557757	0.463494781271	0.5
0.0332191303809	0.154393882992	0.166666847257
0.0332191303809	0.00104212929754	0.00112496946828
0.0343950288015	0.0125819557184	0.0136189360685
0.0343950288015	0.050191739263	0.0543284449168
0.0346890034066	0.0923016341212	0.099976606932
0.0373347748529	0.0834463170752	0.0909372776112
0.037628749458	0.0441941738242	0.048194088294
0.0385106732734	0.00212701640393	0.00232424289774
0.0388046478786	0.25169799425	0.27522279603
0.0390986224837	0.00926555910673	0.0101384194103
0.039686571694	0.0177935724181	0.0194961888007
0.0402745209043	0.0592054994246	0.0649585870619
0.0411564447197	0.0155827508763	0.0171317044034
0.0426263177454	0.0371627223438	0.0409952782375
0.0461540130071	0.00599172655407	0.006663555176
0.050269657479	0.66711880998	0.748984523111
0.0755514735211	0.0202631180414	0.0241133609952
0.103479061009	0.787990422554	1
0.181088356767	0.024129688892	0.0366134016016
