0.00029397460514	0.00135055998848	0.00135147449411
0.00029397460514	0.00190223877233	0.00190352683659
0.00029397460514	0.00374824166373	0.00375077971321
0.00029397460514	0.00933480717836	0.00934112806281
0.00029397460514	0.0150336167114	0.0150437964347
0.00029397460514	0.041441687549	0.0414697489876
0.00029397460514	0.0618686156153	0.0619105087538
0.00029397460514	0.0769361094947	0.0769882052959
0.00029397460514	0.0949634148547	0.0950277174976
0.000293974605141	0.374492261556	0.37474584176
0.000293974605141	0.377035804383	0.377291106898
0.000293974605141	0.100044304161	0.10011204723
0.000293974605141	0.165542486496	0.165654580395
0.000293974605141	0.188517902191	0.188645553449
0.000293974605141	0.199953213864	0.200088608322
0.000293974605141	0.200088608322	0.20022409446
0.000293974605141	0.208382306086	0.208523408141
0.000293974605141	0.285275881937	0.285469050992
0.000293974605141	0.285469050992	0.285662350849
0.000293974605141	0.285662350849	0.285855781594
0.000293974605141	0.285855781594	0.286049343318
0.000293974605141	0.429073550057	0.429364088928
0.000293974605141	0.429364088928	0.429654824531
0.000293974605141	0.500338565347	0.500677359946
0.000293974605141	0.762282910217	0.762799075372
0.000293974605141	0.761767094336	0.762282910217
0.000293974605141	0.373479655484	0.373732550022
0.000293974605141	0.400177216645	0.400448188921
0.000293974605141	0.428783207787	0.429073550057
0.000293974605141	0.5	0.500338565347
0.000293974605141	0.599858991619	0.600265174554
0.000293974605141	0.00154008592784	0.00154112876729
0.000293974605141	0.00177773723511	0.00177894099556
0.000293974605141	0.00187920208892	0.00188047455433
0.000293974605141	0.00217506380417	0.00217653660663
0.000293974605141	0.00307600473089	0.0030780875881
0.000293974605141	0.00520129268212	0.00520481463704
0.000293974605141	0.00577275839942	0.00577666731131
0.000293974605141	0.00579625160932	0.00580017642919
0.000293974605141	0.0059876721175	0.00599172655407
0.000293974605141	0.00745095272687	0.00745599799565
0.000293974605141	0.00745599799565	0.00746104668074
0.000293974605141	0.0111461965755	0.0111537440073
0.000293974605141	0.0114056971194	0.011413420267
0.000293974605141	0.0137300107236	0.0137393077352
0.000293974605141	0.0208333559071	0.0208474628119
0.000293974605141	0.0258370638007	0.0258545588696
0.000293974605141	0.0725852546973	0.0726344044011
0.000293974605141	0.0950277174976	0.0950920636818
0.000293974605141	0.111111351899	0.111186588805
0.000293974605141	0.130622611532	0.130711060112
0.000293974605141	0.166666847257	0.166779702495
0.000293974605141	0.230339850937	0.23049582112
0.000293974605141	0.231904313907	0.232061343435
0.000293974605141	0.286049343318	0.286243036108
0.000587949210281	0.00141993348213	0.00142185709427
0.000587949210281	0.00577666731131	0.00578449307743
0.000587949210281	0.0137393077352	0.0137579206487
0.000587949210281	0.0186443564761	0.0186696143567
0.000587949210281	0.0332804860172	0.0333255717537
0.000587949210281	0.0726344044011	0.0727328036736
0.000587949210281	0.142927890797	0.143121518054
0.000587949210281	0.20810038835	0.208382306086
0.000587949210281	0.222222703797	0.222523753314
0.000587949210281	0.61299419313	0.613824628557
0.000587949210281	0.428203112512	0.428783207787
0.000587949210281	0.124830889111	0.125
0.000587949210281	0.376525717503	0.377035804383
0.000587949210281	0.00127073843174	0.00127245992637
0.000587949210281	0.00232424289774	0.00232739159582
0.000587949210281	0.00299992183261	0.00300398588639
0.000587949210281	0.0040874865182	0.00409302391749
0.000881923815422	0.00111285131201	0.00111511348044
0.000881923815422	0.00929697159094	0.00931587017643
0.000881923815422	0.00984091250883	0.00986091679996
0.000881923815422	0.303195513885	0.303811839995
0.000881923815422	0.997971355855	1
0.000881923815422	0.0833898512475	0.0835593634609
0.000881923815422	0.130711060112	0.13097676536
0.000881923815422	0.373732550022	0.374492261556
0.000881923815422	0.00274164560872	0.00274721873793
0.000881923815422	0.00289420496762	0.0029000882146
0.000881923815422	0.00380447754466	0.00381221116451
0.000881923815422	0.00578449307743	0.00579625160932
0.000881923815422	0.00931587017643	0.00933480717836
0.00117589842056	0.00122264284948	0.00122595777053
0.00117589842056	0.0139454422759	0.0139832522056
0.00117589842056	0.0257672018293	0.0258370638007
0.00117589842056	0.444445407594	0.445650421339
0.00117589842056	0.0139832522056	0.0140211646485
0.00117589842056	0.0294428777974	0.0295227055374
0.0014698730257	0.00181297924559	0.0018191256833
0.0014698730257	0.00187285266584	0.00187920208892
0.0014698730257	0.222523753314	0.223278162607
0.0014698730257	0.00341396518752	0.00342553935442
0.00176384763084	0.00205206061556	0.0020604118209
0.00176384763084	0.500677359946	0.502714950556
0.00176384763084	0.00134508593535	0.00135055998848
0.00176384763084	0.00852536053845	0.00856005592509
0.00176384763084	0.0619105087538	0.0621624639677
0.00176384763084	0.136405768615	0.136960894801
0.00205782223598	0.0331231657413	0.0332804860172
0.00205782223598	0.600265174554	0.603116166625
0.00205782223598	0.10690595051	0.107413706133
0.00205782223598	0.223278162607	0.224338634375
0.00205782223598	0.666667389029	0.669833762027
0.00205782223598	0.37474584176	0.376525717503
0.00205782223598	0.0414697489876	0.0416667118143
0.00235179684113	0.00934112806281	0.00939184946447
0.00235179684113	0.0180850011505	0.0181832009184
0.00264577144627	0.165654580395	0.166666847257
0.00264577144627	0.23049582112	0.231904313907
0.00352769526169	0.0110560247639	0.0111461965755
0.00352769526169	0.608035120634	0.61299419313
0.00352769526169	0.603116166625	0.608035120634
0.00382166986683	0.111186588805	0.112169317188
0.00382166986683	0.286243036108	0.288773009901
0.00382166986683	0.186866275011	0.188517902191
0.00382166986683	0.00127245992637	0.00128370662886
0.00411564447197	0.143121518054	0.144484273485
0.00440961907711	0.219977776675	0.222222703797
0.00440961907711	0.300132587277	0.303195513885
0.00470359368225	0.00190352683659	0.00192425488482
0.00470359368225	0.0238374711054	0.024097044147
0.00499756828739	0.00188047455433	0.00190223877233
0.00558551749767	0.317477567636	0.321587057387
0.00587949210281	0.0124127686275	0.0125819557184
0.00587949210281	0.0137579206487	0.0139454422759
0.00587949210281	0.166779702495	0.169052924008
0.00617346670795	0.00375077971321	0.00380447754466
0.00617346670795	0.00111511348044	0.00113107794124
0.00646744131309	0.750507034813	0.761767094336
0.00676141591823	0.00657395165645	0.00667710063711
0.00705539052337	0.502714950556	0.510948574327
0.00705539052337	0.333333694514	0.338793138733
0.00705539052337	0.00646801644625	0.00657395165645
0.00764333973366	0.00446649658741	0.0045458002296
0.00764333973366	0.122653155013	0.124830889111
0.0079373143388	0.00164794386189	0.00167833915832
0.00823128894394	0.00177894099556	0.00181297924559
0.00911321275936	0.0288314871144	0.0294428777974
0.00911321275936	0.0150437964347	0.0153628100513
0.0094071873645	0.00161263182313	0.00164794386189
0.0094071873645	0.25	0.255474287164
0.00970116196964	0.0111537440073	0.0114056971194
0.00970116196964	0.0405262360828	0.041441687549
0.0102891111799	0.00300398588639	0.00307600473089
0.0102891111799	0.144484273485	0.147948201352
0.0108770603902	0.0181832009184	0.0186443564761
0.0108770603902	0.0186696143567	0.0191431061506
0.0111710349953	0.19487555003	0.199953213864
0.0114650096005	0.224338634375	0.230339850937
0.0117589842056	0.181874555222	0.186866275011
0.0120529588108	0.00232739159582	0.00239288826882
0.0120529588108	0.669833762027	0.688683998899
0.012640908021	0.0018191256833	0.00187285266584
0.0138168064416	0.00580017642919	0.0059876721175
0.0141107810467	0.188645553449	0.19487555003
0.0141107810467	0.00118355605398	0.00122264284948
0.0144047556519	0.361295201744	0.373479655484
0.0144047556519	0.0106953314295	0.0110560247639
0.014698730257	0.0029000882146	0.00299992183261
0.014698730257	0.107413706133	0.111111351899
0.014698730257	0.429654824531	0.444445407594
0.0155806540725	0.00122595777053	0.00127073843174
0.0155806540725	0.00856005592509	0.00887272979811
0.0155806540725	0.321587057387	0.333333694514
0.016756552493	0.288773009901	0.300132587277
0.016756552493	0.20022409446	0.20810038835
0.0173445017033	0.00142185709427	0.00147979123605
0.0173445017033	0.00147979123605	0.00154008592784
0.0176384763084	0.13097676536	0.136405768615
0.0176384763084	0.00986091679996	0.0102696530309
0.0176384763084	0.0102696530309	0.0106953314295
0.0185204001239	0.136960894801	0.142927890797
0.0191083493341	0.125	0.130622611532
0.0191083493341	0.303811839995	0.317477567636
0.0196962985444	0.00113107794124	0.00118355605398
0.0196962985444	0.00154112876729	0.00161263182313
0.0202842477547	0.00128370662886	0.00134508593535
0.0202842477547	0.00887272979811	0.00929697159094
0.0202842477547	0.00939184946447	0.00984091250883
0.0205782223598	0.147948201352	0.155127185131
0.0214601461753	0.00135147449411	0.00141993348213
0.0220480953855	0.0950920636818	0.100044304161
0.0220480953855	0.271154590553	0.285275881937
0.0226360445958	0.00274721873793	0.00289420496762
0.022930019201	0.00706775991942	0.00745095272687
0.022930019201	0.0835593634609	0.0880897022724
0.0232239938061	0.208523408141	0.219977776675
0.0235179684112	0.0020604118209	0.00217506380417
0.0235179684112	0.00807597165526	0.00852536053845
0.0238119430164	0.00239288826882	0.00252775142321
0.0243998922267	0.0472892558579	0.0500221520806
0.0243998922267	0.0727328036736	0.0769361094947
0.0246938668318	0.00667710063711	0.00706775991942
0.024987841437	0.566319259799	0.599858991619
0.024987841437	0.00167833915832	0.00177773723511
0.024987841437	0.0295227055374	0.0312711603342
0.024987841437	0.0312711603342	0.0331231657413
0.0255757906472	0.377291106898	0.400177216645
0.0258697652524	0.0045458002296	0.0048248088435
0.0258697652524	0.255474287164	0.271154590553
0.0279275874884	0.338793138733	0.361295201744
0.0279275874884	0.00192425488482	0.00205206061556
0.0282215620935	0.155127185131	0.165542486496
0.0285155366986	0.10011204723	0.10690595051
0.0285155366986	0.00217653660663	0.00232424289774
0.0288095113038	0.0208474628119	0.0222773085016
0.0291034859089	0.400448188921	0.428203112512
0.0291034859089	0.024097044147	0.0257672018293
0.0293974605141	0.0222773085016	0.0238374711054
0.0299854097243	0.0621624639677	0.0666060425116
0.0302793843295	0.00381221116451	0.0040874865182
0.0302793843295	0.0140211646485	0.0150336167114
0.0317492573552	0.169052924008	0.181874555222
0.0323372065655	0.232061343435	0.25
0.0326311811706	0.0880897022724	0.0949634148547
0.0326311811706	0.0048248088435	0.00520129268212
0.0332191303809	0.00599172655407	0.00646801644625
0.0343950288015	0.00746104668074	0.00807597165526
0.0346890034066	0.0769882052959	0.0833898512475
0.0352769526169	0.00252775142321	0.00274164560872
0.0352769526169	0.0166740687606	0.0180850011505
0.035570927222	0.0153628100513	0.0166740687606
0.0358649018272	0.613824628557	0.666667389029
0.0364528510374	0.011413420267	0.0124127686275
0.0367468256426	0.0191431061506	0.0208333559071
0.0373347748529	0.688683998899	0.750507034813
0.0373347748529	0.0666060425116	0.0725852546973
0.0379227240631	0.0125819557184	0.0137300107236
0.0379227240631	0.00409302391749	0.00446649658741
0.0388046478786	0.112169317188	0.122653155013
0.0390986224837	0.00342553935442	0.00374824166373
0.0402745209043	0.0500221520806	0.0548828800117
0.0446841399814	0.510948574327	0.566319259799
0.0449781145865	0.0030780875881	0.00341396518752
0.0449781145865	0.00520481463704	0.00577275839942
0.0473299114276	0.0258545588696	0.0288314871144
0.0499756828739	0.445650421339	0.5
0.0520335051099	0.0548828800117	0.0618686156153
0.0549732511613	0.0416667118143	0.0472892558579
0.0567370987921	0.0009765625	0.00111285131201
0.0849586608856	0.0333255717537	0.0405262360828
0.116707918241	0.762799075372	0.997971355855
