0 0.0
0.0009765625 1070.91902381
0.00111285131201 3058.46357956
0.00111511348044 3147.29078025
0.00113107794124 2659.30532289
0.00118355605398 4789.5277202
0.00122264284948 5236.35930713
0.00122595777053 4436.60030702
0.00127073843174 12203.2140252
0.00127245992637 6616.244042
0.00128370662886 7998.43720352
0.00134508593535 12330.4343366
0.00135055998848 10710.8381718
0.00135147449411 14954.7836302
0.00141993348213 14529.7000298
0.00142185709427 14870.5126549
0.00147979123605 18237.306618
0.00154008592784 17626.0914238
0.00154112876729 19344.7777388
0.00161263182313 21468.6537956
0.00164794386189 20932.5737919
0.00167833915832 20770.1640617
0.00177773723511 23850.6908985
0.00177894099556 24836.6849627
0.00181297924559 23945.3848811
0.0018191256833 25801.6946632
0.00187285266584 24780.5498659
0.00187920208892 25123.0795891
0.00188047455433 25904.2296108
0.00190223877233 26189.3425027
0.00190352683659 27217.6739025
0.00192425488482 27164.2562681
0.00205206061556 27338.6270172
0.0020604118209 28644.9805641
0.00217506380417 29114.452073
0.00217653660663 29549.9056748
0.00232424289774 30371.1457814
0.00232739159582 30204.3782872
0.00239288826882 32045.9844488
0.00252775142321 33997.8030069
0.00274164560872 33356.6695936
0.00274721873793 34082.0317596
0.00289420496762 34753.8532836
0.0029000882146 34484.735618
0.00299992183261 34955.485963
0.00300398588639 35759.7402128
0.00307600473089 35585.3112953
0.0030780875881 35848.5078438
0.00341396518752 37489.571624
0.00342553935442 38314.9214688
0.00374824166373 39258.4682233
0.00375077971321 39308.1466172
0.00380447754466 39708.9424482
0.00381221116451 39943.0966762
0.0040874865182 40133.7421624
0.00409302391749 39396.456532
0.00446649658741 41783.8027877
0.0045458002296 41962.7241211
0.0048248088435 43320.2688463
0.00520129268212 43516.5218841
0.00520481463704 43239.9642656
0.00577275839942 45120.1977876
0.00577666731131 44263.478876
0.00578449307743 45381.827634
0.00579625160932 44343.0408833
0.00580017642919 45027.7231403
0.0059876721175 45240.9319299
0.00599172655407 45010.9267381
0.00646801644625 46163.6682971
0.00657395165645 46860.924506
0.00667710063711 47315.8366305
0.00706775991942 47813.1036944
0.00745095272687 48239.2781082
0.00745599799565 47836.0835196
0.00746104668074 48222.0194606
0.00807597165526 49284.0528795
0.00852536053845 49361.8632254
0.00856005592509 49507.3705832
0.00887272979811 49602.6853374
0.00929697159094 50305.2350908
0.00931587017643 50141.2797069
0.00933480717836 50541.0034176
0.00934112806281 50284.0499878
0.00939184946447 50643.2922886
0.00984091250883 51036.653334
0.00986091679996 51040.3767477
0.0102696530309 51158.7067094
0.0106953314295 51511.5095726
0.0110560247639 51844.9577378
0.0111461965755 51994.4147937
0.0111537440073 52160.471113
0.0114056971194 52386.8757363
0.011413420267 52527.4770014
0.0124127686275 53009.3108947
0.0125819557184 53218.4355621
0.0137300107236 53664.2400474
0.0137393077352 53695.036755
0.0137579206487 53367.6474894
0.0139454422759 53668.0645195
0.0139832522056 53848.1775593
0.0140211646485 53562.9201674
0.0150336167114 54531.5633428
0.0150437964347 54357.4228723
0.0153628100513 54298.2591877
0.0166740687606 54810.6179329
0.0180850011505 55222.5358564
0.0181832009184 55579.5872927
0.0186443564761 55617.262514
0.0186696143567 55433.8986432
0.0191431061506 55606.6974858
0.0208333559071 56180.2255449
0.0208474628119 56175.3771653
0.0222773085016 56422.7143183
0.0238374711054 56412.0328903
0.024097044147 56566.4001316
0.0257672018293 56702.1695832
0.0258370638007 56792.5588615
0.0258545588696 56818.3926915
0.0288314871144 57184.3597019
0.0294428777974 57016.5203034
0.0295227055374 57297.7291974
0.0312711603342 57260.2304538
0.0331231657413 57439.9028085
0.0332804860172 57342.1364175
0.0333255717537 57318.2821768
0.0405262360828 57652.5517461
0.041441687549 57799.4818607
0.0414697489876 57748.7139856
0.0416667118143 57770.5994036
0.0472892558579 57906.040729
0.0500221520806 57946.6069507
0.0548828800117 58017.340013
0.0618686156153 58074.3390896
0.0619105087538 58058.7967694
0.0621624639677 58235.7622325
0.0666060425116 58407.6005397
0.0725852546973 58320.2479149
0.0726344044011 58349.2272288
0.0727328036736 58340.0392388
0.0769361094947 58333.9726816
0.0769882052959 58364.5746935
0.0833898512475 58493.0233823
0.0835593634609 58297.148607
0.0880897022724 58398.7605617
0.0949634148547 58333.803009
0.0950277174976 58224.658603
0.0950920636818 58227.0609956
0.100044304161 58161.9737044
0.10011204723 58271.2441646
0.10690595051 58072.1859223
0.107413706133 58216.00077
0.111111351899 57947.7278374
0.111186588805 58030.7789629
0.112169317188 58141.1892535
0.122653155013 58044.0652865
0.124830889111 57877.5563787
0.125 57765.7445827
0.130622611532 57485.4948041
0.130711060112 57602.1075253
0.13097676536 57718.9882267
0.136405768615 57505.2292203
0.136960894801 57270.926039
0.142927890797 56975.0300292
0.143121518054 57079.9739605
0.144484273485 57033.2086449
0.147948201352 57336.8585797
0.155127185131 56804.3985576
0.165542486496 56742.7397819
0.165654580395 56609.7628427
0.166666847257 55952.6640359
0.166779702495 55948.2078303
0.169052924008 55804.653722
0.181874555222 55647.59067
0.186866275011 55898.2502184
0.188517902191 55231.9496876
0.188645553449 55577.0103086
0.19487555003 55213.5742193
0.199953213864 55466.0112838
0.200088608322 54516.6992469
0.20022409446 54576.8360483
0.20810038835 54609.4054142
0.208382306086 54556.1212545
0.208523408141 54283.1143896
0.219977776675 53766.8586063
0.222222703797 53460.5206831
0.222523753314 53678.2231083
0.223278162607 53647.8271093
0.224338634375 53726.5568791
0.230339850937 53189.4934854
0.23049582112 53408.8341826
0.231904313907 53201.8318354
0.232061343435 53232.4589508
0.25 52214.6295822
0.255474287164 51838.5297169
0.271154590553 51772.5078638
0.285275881937 51139.7873737
0.285469050992 50714.9488911
0.285662350849 50915.0855812
0.285855781594 50330.2582246
0.286049343318 50212.1418789
0.286243036108 50888.9748335
0.288773009901 50267.7669566
0.300132587277 49645.352658
0.303195513885 49676.2000727
0.303811839995 50013.8905261
0.317477567636 49366.0523227
0.321587057387 49562.038936
0.333333694514 46943.5701662
0.338793138733 46735.0510041
0.361295201744 46091.5410673
0.373479655484 46356.0689145
0.373732550022 46613.0608951
0.374492261556 46622.6588314
0.37474584176 46475.9107609
0.376525717503 45648.9397999
0.377035804383 45885.5520151
0.377291106898 45218.0475022
0.400177216645 43941.2655846
0.400448188921 44258.708445
0.428203112512 44220.6540799
0.428783207787 43047.9634913
0.429073550057 43650.3579317
0.429364088928 43391.0343093
0.429654824531 43386.967053
0.444445407594 42759.9617914
0.445650421339 42880.1288832
0.5 36336.6100492
0.500338565347 35674.5923302
0.500677359946 35135.8170758
0.502714950556 35828.8810773
0.510948574327 35734.3586088
0.566319259799 35636.7869365
0.599858991619 34579.0936911
0.600265174554 33048.9906919
0.603116166625 33569.0529593
0.608035120634 33323.4412427
0.61299419313 32857.6395095
0.613824628557 33411.9965197
0.666667389029 28505.620951
0.669833762027 29694.882695
0.688683998899 30126.0808141
0.750507034813 27927.5541564
0.761767094336 27753.0337264
0.762282910217 27367.307471
0.762799075372 27441.4589227
0.997971355855 26973.3634681
1 0.0
