0.00029397460514	0.00821936233159	0.0082249279141
0.00029397460514	0.0500221520806	0.0500560236151
0.00029397460514	0.0833334236286	0.0833898512475
0.00029397460514	0.0923641343907	0.092426676981
0.00029397460514	0.0985654993819	0.0986322411068
0.00029397460514	0.184728268781	0.184853353962
0.000293974605141	0.111036165903	0.111111351899
0.000293974605141	0.130181265586	0.130269415317
0.000293974605141	0.130269415317	0.130357624736
0.000293974605141	0.142831175424	0.142927890797
0.000293974605141	0.185480051498	0.185605645734
0.000293974605141	0.200088608322	0.20022409446
0.000293974605141	0.23159057355	0.231747390635
0.000293974605141	0.25	0.250169282673
0.000293974605141	0.285662350849	0.285855781594
0.000293974605141	0.287213469165	0.287407950221
0.000293974605141	0.395330950245	0.395598640965
0.000293974605141	0.802524414296	0.803067828208
0.000293974605141	0.375253517407	0.375507613081
0.000293974605141	0.375507613081	0.375761880811
0.000293974605141	0.400177216645	0.400448188921
0.000293974605141	0.499661663751	0.5
0.000293974605141	0.00156319225252	0.00156425073797
0.000293974605141	0.00196772208349	0.00196905448851
0.000293974605141	0.00215454890701	0.00215600781821
0.000293974605141	0.00247693794006	0.00247861515077
0.000293974605141	0.00253460485257	0.00253632111131
0.000293974605141	0.00304287004851	0.00304493046921
0.000293974605141	0.00344647182708	0.00344880553893
0.000293974605141	0.00454272421161	0.0045458002296
0.000293974605141	0.00769181117783	0.00769701953927
0.000293974605141	0.0116554493648	0.0116633416273
0.000293974605141	0.0132014109138	0.0132103499943
0.000293974605141	0.0173299831562	0.0173417178197
0.000293974605141	0.0249097018249	0.0249265689485
0.000293974605141	0.0357077938561	0.0357319726993
0.000293974605141	0.0413296315501	0.0413576171121
0.000293974605141	0.0476426818886	0.0476749422108
0.000293974605141	0.092426676981	0.0924892619209
0.000293974605141	0.111488046229	0.111563538207
0.000293974605141	0.130357624736	0.130445893885
0.000293974605141	0.165766750196	0.16587899595
0.000293974605141	0.210366453007	0.210508898589
0.000293974605141	0.250508191977	0.250677818763
0.000293974605141	0.269507707499	0.269690199439
0.000587949210281	0.0184185677141	0.0184435197142
0.000587949210281	0.0833898512475	0.0835028211378
0.000587949210281	0.250169282673	0.250508191977
0.000587949210281	0.600265174554	0.601078365726
0.000587949210281	0.278974106121	0.279352037892
0.000587949210281	0.614656188992	0.615488875958
0.000587949210281	0.666667389029	0.667570536602
0.000587949210281	0.00670427421964	0.00671335663329
0.000587949210281	0.0173769695071	0.0174005104334
0.000881923815422	0.00106567006731	0.00106783632722
0.000881923815422	0.00253632111131	0.00254147686347
0.000881923815422	0.00732592457242	0.00734081647678
0.000881923815422	0.0173417178197	0.0173769695071
0.000881923815422	0.0293235407232	0.0293831486757
0.000881923815422	0.303195513885	0.303811839995
0.000881923815422	0.0236606384322	0.0237087350187
0.000881923815422	0.0293831486757	0.0294428777974
0.000881923815422	0.066022499257	0.0661567076747
0.000881923815422	0.199682699739	0.200088608322
0.000881923815422	0.213956679621	0.214391603893
0.00117589842056	0.0092155197458	0.00924050555457
0.00117589842056	0.427623802041	0.428783207787
0.00117589842056	0.0115611577401	0.0115925032186
0.00117589842056	0.00110759074954	0.00111059373271
0.0014698730257	0.00215600781821	0.00216331720567
0.0014698730257	0.00343482693381	0.00344647182708
0.0014698730257	0.111111351899	0.111488046229
0.0014698730257	0.747971231605	0.750507034813
0.0014698730257	0.184853353962	0.185480051498
0.00176384763084	0.142927890797	0.143509559855
0.00176384763084	0.375761880811	0.377291106898
0.00176384763084	0.361784655541	0.363256998962
0.00176384763084	0.00589916534824	0.00592317299245
0.00176384763084	0.00769701953927	0.00772834385308
0.00176384763084	0.00876527837282	0.00880095014538
0.00176384763084	0.0184435197142	0.0185185787154
0.00205782223598	0.129565885371	0.130181265586
0.00205782223598	0.16587899595	0.166666847257
0.00205782223598	0.3317579919	0.333333694514
0.00205782223598	0.285855781594	0.287213469165
0.00205782223598	0.333333694514	0.334916881013
0.00235179684112	0.0115925032186	0.0116554493648
0.00235179684112	0.373226932073	0.375253517407
0.00235179684113	0.00871794081628	0.00876527837282
0.00264577144627	0.00216331720567	0.00217653660663
0.00264577144627	0.750507034813	0.755093164574
0.00264577144627	0.615488875958	0.6192499491
0.00264577144627	0.212657193489	0.213956679621
0.00293974605141	0.0249265689485	0.0250958696315
0.00293974605141	0.225251618128	0.226781521938
0.00293974605141	0.0108264429079	0.0108999758591
0.00323372065655	0.0764170864015	0.0769882052959
0.00352769526169	0.00106783632722	0.00107654549151
0.00352769526169	0.0769882052959	0.0776161132546
0.00352769526169	0.250677818763	0.252722321513
0.00382166986683	0.755093164574	0.761767094336
0.00382166986683	0.00475993058526	0.0048020014765
0.00411564447197	0.00142861028181	0.00144221303314
0.00411564447197	0.354032356404	0.357403334598
0.00411564447197	0.494948924922	0.499661663751
0.00411564447197	0.0555556759493	0.0560846585938
0.00411564447197	0.22012673038	0.222222703797
0.00440961907711	0.00529364279271	0.00534766571474
0.00440961907711	0.210508898589	0.212657193489
0.00440961907711	0.123737231231	0.125
0.00440961907711	0.152834172803	0.154393882992
0.00440961907711	0.0194961888007	0.0196951521855
0.00499756828739	0.395598640965	0.400177216645
0.00529154289253	0.357403334598	0.361784655541
0.00558551749767	0.185605645734	0.188008160357
0.00587949210281	0.222222703797	0.225251618128
0.00705539052337	0.0294428777974	0.0299251025218
0.00734936512852	0.428783207787	0.43610105178
0.00764333973366	0.00496394596003	0.00505208192668
0.0079373143388	0.0476749422108	0.0485542767769
0.0079373143388	0.00254147686347	0.00258835281867
0.0079373143388	0.0986322411068	0.10045145126
0.00823128894394	0.173340381195	0.176657075369
0.00911321275936	0.226781521938	0.23159057355
0.0094071873645	0.00196905448851	0.00201217116736
0.0094071873645	0.00880095014538	0.00899366585901
0.00970116196964	0.601078365726	0.614656188992
0.00970116196964	0.279352037892	0.285662350849
0.00970116196964	0.00247861515077	0.00253460485257
0.00970116196964	0.121003862093	0.123737231231
0.0105830857851	0.00344880553893	0.00353387995971
0.0105830857851	0.00899366585901	0.0092155197458
0.0105830857851	0.143509559855	0.147049623956
0.0105830857851	0.0250958696315	0.0257149293462
0.0114650096005	0.214391603893	0.22012673038
0.0114650096005	0.00139138962873	0.00142861028181
0.0117589842056	0.00127850354395	0.00131359328716
0.0117589842056	0.00156425073797	0.00160718308413
0.0117589842056	0.363256998962	0.373226932073
0.0120529588108	0.0116633416273	0.011991567472
0.0123469334159	0.00107654549151	0.00110759074954
0.012640908021	0.001518348574	0.00156319225252
0.0129348826262	0.0485542767769	0.0500221520806
0.0135228318365	0.00534766571474	0.00551679801201
0.0135228318365	0.0357319726993	0.0368620789832
0.0138168064416	0.00294758677264	0.00304287004851
0.0144047556519	0.0048020014765	0.00496394596003
0.014698730257	0.00111059373271	0.00114882518716
0.014698730257	0.269690199439	0.278974106121
0.014698730257	0.552685722851	0.571711563189
0.014698730257	0.00924050555457	0.00955860384452
0.014698730257	0.0283476902422	0.0293235407232
0.0152866794673	0.00353387995971	0.00366048366037
0.0155806540725	0.125	0.129565885371
0.0164625778879	0.00228524173766	0.00237352999996
0.0164625778879	0.0132103499943	0.0137207200029
0.0164625778879	0.0661567076747	0.0687126126644
0.016756552493	0.147049623956	0.152834172803
0.0170505270982	0.0687126126644	0.0714639453986
0.0170505270982	0.166666847257	0.173340381195
0.0176384763084	0.00671335663329	0.00699162610282
0.0185204001239	0.00237352999996	0.00247693794006
0.018814374729	0.00258835281867	0.00270294898821
0.018814374729	0.0137207200029	0.0143281881751
0.0194023239393	0.176657075369	0.184728268781
0.0199902731496	0.0045458002296	0.00475993058526
0.0202842477547	0.377291106898	0.395330950245
0.0202842477547	0.00122016254222	0.00127850354395
0.0202842477547	0.00505208192668	0.00529364279271
0.0202842477547	0.00699162610282	0.00732592457242
0.0202842477547	0.00734081647678	0.00769181117783
0.0205782223598	0.00639401347565	0.00670427421964
0.0211661715701	0.571711563189	0.600265174554
0.0211661715701	0.00217653660663	0.00228524173766
0.0214601461753	0.0237087350187	0.0249097018249
0.0214601461753	0.20022409446	0.210366453007
0.0217541207804	0.00955860384452	0.0100495955433
0.0220480953855	0.00187031890761	0.00196772208349
0.0223420699907	0.0185185787154	0.0194961888007
0.0223420699907	0.00144221303314	0.001518348574
0.0226360445958	0.761767094336	0.802524414296
0.0232239938061	0.287407950221	0.303195513885
0.0241059176215	0.334916881013	0.354032356404
0.0246938668318	0.0174005104334	0.0184185677141
0.024987841437	0.00131359328716	0.00139138962873
0.0252818160421	0.0082249279141	0.00871794081628
0.0255757906472	0.0108999758591	0.0115611577401
0.0255757906472	0.00176335548741	0.00187031890761
0.0261637398575	0.188008160357	0.199682699739
0.0261637398575	0.00114882518716	0.00122016254222
0.0267516890678	0.00772834385308	0.00821936233159
0.0273396382781	0.0222170719089	0.0236606384322
0.0276336128832	0.0924892619209	0.0985654993819
0.0279275874884	0.252722321513	0.269507707499
0.0285155366986	0.400448188921	0.427623802041
0.0285155366986	0.0560846585938	0.0598907314545
0.0288095113038	0.00366048366037	0.00391154187458
0.0291034859089	0.0714639453986	0.0764170864015
0.0291034859089	0.00551679801201	0.00589916534824
0.0293974605141	0.00391154187458	0.004185481671
0.0296914351192	0.00201217116736	0.00215454890701
0.0308673335398	0.154393882992	0.165766750196
0.0308673335398	0.0776161132546	0.0833334236286
0.0320432319603	0.6192499491	0.666667389029
0.0323372065655	0.0100495955433	0.0108264429079
0.0329251557757	0.231747390635	0.25
0.0332191303809	0.00592317299245	0.00639401347565
0.0352769526169	0.111563538207	0.121003862093
0.035570927222	0.004185481671	0.00454272421161
0.037628749458	0.00270294898821	0.00294758677264
0.037628749458	0.0143281881751	0.015625
0.0379227240631	0.0009765625	0.00106567006731
0.0382166986683	0.303811839995	0.3317579919
0.0393925970888	0.130445893885	0.142831175424
0.0402745209043	0.00160718308413	0.00176335548741
0.04174439393	0.011991567472	0.0132014109138
0.0423323431402	0.0257149293462	0.0283476902422
0.0423323431402	0.0598907314545	0.066022499257
0.0435082415608	0.10045145126	0.111036165903
0.0435082415608	0.5	0.552685722851
0.043802216166	0.0835028211378	0.0923641343907
0.0449781145865	0.015625	0.0173299831562
0.0452720891917	0.0500560236151	0.0555556759493
0.0493877336636	0.667570536602	0.747971231605
0.0496817082688	0.0368620789832	0.0413296315501
0.052327479715	0.0196951521855	0.0222170719089
0.052327479715	0.00304493046921	0.00343482693381
0.0549732511613	0.43610105178	0.494948924922
0.0614406924744	0.0413576171121	0.0476426818886
0.0767273719417	0.0299251025218	0.0357077938561
0.0952477720656	0.803067828208	1
