0.00029397460514	0.00143539554399	0.00143636749437
0.00029397460514	0.0404988130935	0.0405262360828
0.000293974605141	0.338334789863	0.338563886734
0.000293974605141	0.25	0.250169282673
0.000293974605141	0.333333694514	0.33355940499
0.000293974605141	0.498985677928	0.499323556445
0.000293974605141	0.630671628081	0.631098675197
0.000293974605141	0.0010414241173	0.00104212929754
0.000293974605141	0.00143636749437	0.00143734010289
0.000293974605141	0.00143734010289	0.00143831336999
0.000293974605141	0.00186905331425	0.00187031890761
0.000293974605141	0.00278654914387	0.00278843600183
0.000293974605141	0.00500782005165	0.00501121100031
0.000293974605141	0.010515862092	0.0105229827049
0.000293974605141	0.0142604573578	0.0142701135512
0.000293974605141	0.017781531997	0.0177935724181
0.000293974605141	0.0404714086605	0.0404988130935
0.000293974605141	0.123904860519	0.123988760303
0.000587949210281	0.00425115422085	0.00425691334404
0.000587949210281	0.499323556445	0.5
0.000587949210281	0.33355940499	0.334011284551
0.000587949210281	0.00582378122137	0.00583167081364
0.000881923815422	0.00386940679711	0.00387727240307
0.000881923815422	0.0700747772001	0.0702172229583
0.000881923815422	0.0833334236286	0.0835028211378
0.000881923815422	0.748984523111	0.750507034813
0.000881923815422	0.109543084357	0.109765760023
0.000881923815422	0.136405768615	0.136683049884
0.000881923815422	0.229717024899	0.230183986295
0.000881923815422	0.250169282673	0.250677818763
0.000881923815422	0.00278089622727	0.00278654914387
0.00117589842056	0.123988760303	0.124324927935
0.00117589842056	0.0197753049153	0.0198289212061
0.0014698730257	0.00120050036912	0.00120457035545
0.00176384763084	0.0301283531299	0.0302509655233
0.00176384763084	0.336963460465	0.338334789863
0.00176384763084	0.0251980014881	0.0253005489874
0.00176384763084	0.166666847257	0.167345125986
0.00205782223598	0.00693976036891	0.00697272113796
0.00205782223598	0.60475138044	0.60762367999
0.00235179684112	0.0105229827049	0.0105801214604
0.00293974605141	0.230183986295	0.231747390635
0.00382166986683	0.334011284551	0.336963460465
0.00440961907711	0.00157380941834	0.00158987052916
0.00470359368225	0.0835028211378	0.0844121072433
0.00499756828739	0.00102950879844	0.0010414241173
0.00558551749767	0.622612415088	0.630671628081
0.00587949210281	0.201857101776	0.204608431221
0.00646744131309	0.0253005489874	0.0256801399497
0.00705539052337	0.0194566379715	0.0197753049153
0.00705539052337	0.143121518054	0.145465607347
0.00823128894394	0.250677818763	0.255474287164
0.0094071873645	0.00278843600183	0.00284949479947
0.0105830857851	0.60762367999	0.622612415088
0.0120529588108	0.00187031890761	0.00192295279446
0.014698730257	0.00284949479947	0.00294758677264
0.0152866794673	0.19487555003	0.201857101776
0.0161686032827	0.00752189821733	0.00780721349611
0.018814374729	0.5	0.522136891214
0.0199902731496	0.136683049884	0.143121518054
0.0214601461753	0.158631369649	0.166666847257
0.0214601461753	0.00136619108646	0.00143539554399
0.0223420699907	0.00120457035545	0.00126816055566
0.022930019201	0.0009765625	0.00102950879844
0.0238119430164	0.631098675197	0.666667389029
0.0252818160421	0.00992117398864	0.010515862092
0.0308673335398	0.0652671114017	0.0700747772001
0.0323372065655	0.00126816055566	0.00136619108646
0.0329251557757	0.750507034813	0.809617567597
0.0329251557757	0.00697272113796	0.00752189821733
0.0329251557757	0.231747390635	0.25
0.035570927222	0.0131390064883	0.0142604573578
0.0370408002477	0.0198289212061	0.0215943376269
0.037628749458	0.145465607347	0.158631369649
0.0388046478786	0.0177935724181	0.0194566379715
0.0390986224837	0.00143831336999	0.00157380941834
0.0399805462991	0.00387727240307	0.00425115422085
0.0402745209043	0.124324927935	0.136405768615
0.0405684955094	0.00253288975518	0.00278089622727
0.0440961907711	0.0142701135512	0.0157951450946
0.0470359368225	0.0471613883623	0.0525560259534
0.0470359368225	0.0022729001148	0.00253288975518
0.050269657479	0.204608431221	0.229717024899
0.0505636320842	0.666667389029	0.748984523111
0.0514455558996	0.0157951450946	0.017781531997
0.0517395305047	0.0302509655233	0.0340783666458
0.0526214543202	0.109765760023	0.123904860519
0.0561491495819	0.00340012779636	0.00386940679711
0.0614406924744	0.00104212929754	0.00120050036912
0.0620286416847	0.00294758677264	0.00340012779636
0.0637924893155	0.522136891214	0.60475138044
0.0652623623412	0.00501121100031	0.00582378122137
0.0658503115515	0.0405262360828	0.0471613883623
0.0661442861566	0.167345125986	0.19487555003
0.0670262099721	0.0215943376269	0.0251980014881
0.0693780068132	0.0256801399497	0.0301283531299
0.0702599306286	0.00158987052916	0.00186905331425
0.0705539052337	0.00425691334404	0.00500782005165
0.0726117274697	0.00192295279446	0.0022729001148
0.0743755751006	0.0702172229583	0.0833334236286
0.0746695497057	0.0340783666458	0.0404714086605
0.0755514735211	0.00583167081364	0.00693976036891
0.0917200768039	0.809617567597	1
0.094071873645	0.0105801214604	0.0131390064883
0.094071873645	0.0525560259534	0.0652671114017
0.10406701022	0.00780721349611	0.00992117398864
0.113180222979	0.0844121072433	0.109543084357
0.11553201982	0.255474287164	0.333333694514
0.168447448746	0.338563886734	0.498985677928
