0.00029397460514	0.00126901926609	0.00126987855799
0.00029397460514	0.00276775064515	0.00276962477406
0.00029397460514	0.00852536053845	0.00853113332174
0.00029397460514	0.0138983236007	0.0139077345822
0.00029397460514	0.0279854413898	0.0280043911911
0.00029397460514	0.0319126768425	0.0319342858954
0.00029397460514	0.0555180829513	0.0555556759493
0.000293974605141	0.111186588805	0.111261876657
0.000293974605141	0.25	0.250169282673
0.000293974605141	0.333333694514	0.33355940499
0.000293974605141	0.666667389029	0.66711880998
0.000293974605141	0.5	0.500338565347
0.000293974605141	0.501695120815	0.50203483398
0.000293974605141	0.737913409152	0.73841307297
0.000293974605141	0.00126730242629	0.00126816055566
0.000293974605141	0.00126816055566	0.00126901926609
0.000293974605141	0.00128110244492	0.00128196991871
0.000293974605141	0.0016279867663	0.0016290891261
0.000293974605141	0.0016324006862	0.00163350603481
0.000293974605141	0.00195709524982	0.00195842045908
0.000293974605141	0.00301009229249	0.00301213051837
0.000293974605141	0.00342785889226	0.00343018000073
0.000293974605141	0.0555556759493	0.0555932944026
0.000293974605141	0.0555932944026	0.0556309383286
0.000293974605141	0.130622611532	0.130711060112
0.000587949210281	0.00195444752088	0.00195709524982
0.000587949210281	0.0107679738746	0.010782561463
0.000587949210281	0.0162726581983	0.016294703092
0.000587949210281	0.22042494044	0.220723554492
0.000587949210281	0.66711880998	0.668022569102
0.000587949210281	0.00276400619098	0.00276775064515
0.000587949210281	0.00463905567198	0.00464534029298
0.000587949210281	0.0138795207378	0.0138983236007
0.000587949210281	0.0554429732525	0.0555180829513
0.000881923815422	0.0016290891261	0.0016324006862
0.000881923815422	0.0179023037533	0.0179386949819
0.000881923815422	0.0264923337733	0.0265461865392
0.000881923815422	0.0667414371372	0.0668771069888
0.000881923815422	0.249492838964	0.25
0.000881923815422	0.250169282673	0.250677818763
0.00117589842056	0.500338565347	0.501695120815
0.00117589842056	0.010782561463	0.0108117959528
0.00117589842056	0.00276962477406	0.00277713398861
0.0014698730257	0.597427659415	0.599453083537
0.0014698730257	0.00440047507269	0.00441539374648
0.0014698730257	0.00585144158681	0.00587127938768
0.0014698730257	0.253064689469	0.253922639915
0.00176384763084	0.00126987855799	0.00127504654207
0.00176384763084	0.00736071944935	0.00739067513345
0.00176384763084	0.00853113332174	0.00856585220169
0.00205782223598	0.50203483398	0.50441927571
0.00205782223598	0.663515983801	0.666667389029
0.00205782223598	0.00127504654207	0.00128110244492
0.00235179684112	0.331533500392	0.333333694514
0.00235179684113	0.0828833750979	0.0833334236286
0.00293974605141	0.00144318959985	0.00145299171042
0.00293974605141	0.0381310316633	0.0383900167533
0.00293974605141	0.130711060112	0.131598846626
0.00293974605141	0.33355940499	0.335824932797
0.00352769526169	0.291720009238	0.294099247913
0.00352769526169	0.111261876657	0.112169317188
0.00382166986683	0.00128196991871	0.00129330067575
0.00411564447197	0.0995040072415	0.10045145126
0.00411564447197	0.250677818763	0.253064689469
0.00440961907711	0.0230910335977	0.0233266832546
0.00529154289253	0.655480605762	0.663515983801
0.00587949210281	0.220723554492	0.22373203529
0.00646744131309	0.26391129459	0.267870826944
0.00764333973366	0.00277713398861	0.00282644262141
0.00911321275936	0.00141322131071	0.00144318959985
0.0094071873645	0.0108117959528	0.011048543456
0.0094071873645	0.131598846626	0.134480486133
0.0114650096005	0.267870826944	0.275036560334
0.0129348826262	0.0139077345822	0.0143281881751
0.0141107810467	0.0487188875074	0.0503278228734
0.016756552493	0.253922639915	0.26391129459
0.0214601461753	0.00441539374648	0.00463905567198
0.0223420699907	0.00949411999985	0.00999532193364
0.022930019201	0.0265461865392	0.0279854413898
0.0232239938061	0.50441927571	0.532127456442
0.0235179684112	0.00807597165526	0.00852536053845
0.0255757906472	0.275036560334	0.291720009238
0.0273396382781	0.00282644262141	0.00301009229249
0.0285155366986	0.00183024183019	0.00195444752088
0.0296914351192	0.73841307297	0.790661900489
0.0317492573552	0.0179386949819	0.019299235374
0.0320432319603	0.398555229198	0.429073550057
0.0320432319603	0.019299235374	0.0207770236812
0.0323372065655	0.00999532193364	0.0107679738746
0.0329251557757	0.335824932797	0.362274772411
0.0361588764323	0.790661900489	0.859309649061
0.0379227240631	0.00116133507324	0.00126730242629
0.0385106732734	0.00129330067575	0.00141322131071
0.0385106732734	0.00739067513345	0.00807597165526
0.0388046478786	0.599453083537	0.655480605762
0.0408624701145	0.016294703092	0.0179023037533
0.0414504193248	0.362274772411	0.398555229198
0.0420383685351	0.0442240990557	0.0487188875074
0.0420383685351	0.0503278228734	0.0554429732525
0.0420383685351	0.200088608322	0.22042494044
0.0432142669557	0.668022569102	0.737913409152
0.0440961907711	0.10045145126	0.111186588805
0.0446841399814	0.00856585220169	0.00949411999985
0.0452720891917	0.00587127938768	0.00651635650442
0.0458600384019	0.0207770236812	0.0230910335977
0.0473299114276	0.22373203529	0.249492838964
0.0473299114276	0.00247861515077	0.00276400619098
0.0493877336636	0.00163350603481	0.00183024183019
0.0493877336636	0.00145299171042	0.0016279867663
0.0493877336636	0.00195842045908	0.00219428821745
0.050269657479	0.532127456442	0.597427659415
0.0520335051099	0.294099247913	0.331533500392
0.0529154289253	0.00219428821745	0.00247861515077
0.0529154289253	0.00651635650442	0.00736071944935
0.0535033781356	0.00343018000073	0.00387989782322
0.0546792765562	0.00387989782322	0.00440047507269
0.0552672257664	0.0143281881751	0.0162726581983
0.0552672257664	0.0233266832546	0.0264923337733
0.0561491495819	0.00301213051837	0.00342785889226
0.0567370987921	0.0280043911911	0.0319126768425
0.0614406924744	0.0383900167533	0.0442240990557
0.0661442861566	0.112169317188	0.130622611532
0.0664382607618	0.429073550057	0.5
0.075257498916	0.0009765625	0.00116133507324
0.0770213465468	0.0319342858954	0.0381310316633
0.0770213465468	0.0833334236286	0.0995040072415
0.0790791687828	0.0556309383286	0.0667414371372
0.079373143388	0.166666847257	0.200088608322
0.0931899498296	0.0668771069888	0.0828833750979
0.0931899498296	0.134480486133	0.166666847257
0.0990694419324	0.011048543456	0.0138795207378
0.100245340353	0.00464534029298	0.00585144158681
