0 0.0
0.0009765625 135.87197554
0.00116133507324 591.325540272
0.00126730242629 722.3971701
0.00126816055566 993.857160169
0.00126901926609 799.915034349
0.00126987855799 857.86485007
0.00127504654207 580.181809353
0.00128110244492 1111.80117346
0.00128196991871 759.748504626
0.00129330067575 1271.02044571
0.00141322131071 1539.62360135
0.00144318959985 1464.51999635
0.00145299171042 1387.55524677
0.0016279867663 2666.68274859
0.0016290891261 2673.39742755
0.0016324006862 2333.173382
0.00163350603481 2183.84392204
0.00183024183019 3252.1774511
0.00195444752088 3630.37928976
0.00195709524982 3836.82340795
0.00195842045908 3610.81764555
0.00219428821745 4346.94324465
0.00247861515077 4714.85229953
0.00276400619098 5173.42280633
0.00276775064515 5496.26006107
0.00276962477406 5824.31114431
0.00277713398861 5345.45963544
0.00282644262141 5543.44398863
0.00301009229249 5740.78650068
0.00301213051837 5571.06019401
0.00342785889226 5855.02495619
0.00343018000073 6569.12381918
0.00387989782322 6302.70836583
0.00440047507269 6860.5070861
0.00441539374648 6579.0531984
0.00463905567198 6848.42854692
0.00464534029298 6999.83909867
0.00585144158681 7371.35145801
0.00587127938768 7861.50570967
0.00651635650442 7994.02763305
0.00736071944935 8285.10044426
0.00739067513345 8192.81321899
0.00807597165526 8349.81885294
0.00852536053845 8667.64335599
0.00853113332174 8563.0752955
0.00856585220169 8438.90253807
0.00949411999985 8629.00485486
0.00999532193364 9059.72755797
0.0107679738746 9271.29772639
0.010782561463 9127.61716964
0.0108117959528 9240.50255547
0.011048543456 9191.481575
0.0138795207378 9484.15179498
0.0138983236007 9744.73298681
0.0139077345822 9632.97702212
0.0143281881751 9695.69173046
0.0162726581983 9890.5985757
0.016294703092 10047.3511783
0.0179023037533 10075.2100587
0.0179386949819 10033.2009115
0.019299235374 10240.3457065
0.0207770236812 10121.7958622
0.0230910335977 10385.2171124
0.0233266832546 10430.7245
0.0264923337733 10531.0540259
0.0265461865392 10518.1025019
0.0279854413898 10618.2759503
0.0280043911911 10748.0289194
0.0319126768425 10773.0611515
0.0319342858954 10660.5272726
0.0381310316633 10920.4252768
0.0383900167533 10962.3785432
0.0442240990557 10983.188228
0.0487188875074 11025.0904311
0.0503278228734 11227.860448
0.0554429732525 11060.361174
0.0555180829513 11146.9984156
0.0555556759493 11214.6754993
0.0555932944026 11219.3342152
0.0556309383286 11188.4440086
0.0667414371372 11325.6992087
0.0668771069888 11265.1619141
0.0828833750979 11301.9446224
0.0833334236286 11420.2077563
0.0995040072415 11422.5866615
0.10045145126 11482.3813432
0.111186588805 11472.1529623
0.111261876657 11442.0272325
0.112169317188 11470.0754742
0.130622611532 11458.17269
0.130711060112 11505.288845
0.131598846626 11394.1122202
0.134480486133 11472.767761
0.166666847257 11408.8221119
0.200088608322 11255.0961932
0.22042494044 11196.2250553
0.220723554492 11124.5295837
0.22373203529 11248.2397864
0.249492838964 11128.4630733
0.25 11003.9678026
0.250169282673 10830.946577
0.250677818763 10817.5106339
0.253064689469 10972.5669312
0.253922639915 10884.3469401
0.26391129459 10983.1507702
0.267870826944 10786.0782182
0.275036560334 10815.0074538
0.291720009238 10930.8332053
0.294099247913 10838.3139502
0.331533500392 10752.640686
0.333333694514 10316.9519562
0.33355940499 10286.0428973
0.335824932797 10226.1424549
0.362274772411 10296.7304793
0.398555229198 10123.2302385
0.429073550057 9904.02161819
0.5 8267.95030908
0.500338565347 8547.47853195
0.501695120815 8392.17344193
0.50203483398 8269.43247081
0.50441927571 8290.92471066
0.532127456442 8241.29598054
0.597427659415 8360.20188307
0.599453083537 8283.00730777
0.655480605762 8032.59098455
0.663515983801 7995.44073891
0.666667389029 7540.31216193
0.66711880998 7494.70061026
0.668022569102 7403.03402575
0.737913409152 7320.44449096
0.73841307297 7339.24096651
0.790661900489 7050.0840336
0.859309649061 6972.26808119
1 0.0
