0.00029397460514	0.00435602081275	0.00435897040814
0.00029397460514	0.00516620394376	0.00516970213902
0.00029397460514	0.0145333168929	0.0145431578479
0.00029397460514	0.0205254076782	0.0205393060617
0.00029397460514	0.0681106135047	0.0681567332916
0.00029397460514	0.0831643697667	0.083220682914
0.00029397460514	0.0833334236286	0.0833898512475
0.000293974605141	0.111186588805	0.111261876657
0.000293974605141	0.333333694514	0.33355940499
0.000293974605141	0.666216273542	0.666667389029
0.000293974605141	0.667570536602	0.668022569102
0.000293974605141	0.666667389029	0.66711880998
0.000293974605141	0.5	0.500338565347
0.000293974605141	0.66711880998	0.667570536602
0.000293974605141	0.00122347073848	0.00122429918807
0.000293974605141	0.00126558790917	0.00126644487759
0.000293974605141	0.00149894593401	0.0014999609163
0.000293974605141	0.00160827135713	0.00160936036703
0.000293974605141	0.00185142466517	0.00185267832164
0.000293974605141	0.00329588772378	0.00329811947052
0.000293974605141	0.00442137536822	0.00442436921718
0.000293974605141	0.011766428672	0.011774396082
0.000293974605141	0.0145431578479	0.0145530054664
0.000293974605141	0.0145530054664	0.0145628597531
0.000293974605141	0.0301079661019	0.0301283531299
0.000293974605141	0.0371375753517	0.0371627223438
0.000293974605141	0.0463700128746	0.0464014114335
0.000293974605141	0.0831080947249	0.0831643697667
0.000293974605141	0.111111351899	0.111186588805
0.000293974605141	0.166666847257	0.166779702495
0.000587949210281	0.130269415317	0.130445893885
0.000587949210281	0.00276400619098	0.00276775064515
0.000587949210281	0.0103044696361	0.0103184293061
0.000587949210281	0.0680184675337	0.0681106135047
0.000587949210281	0.083220682914	0.0833334236286
0.000881923815422	0.00328920154045	0.00329588772378
0.000881923815422	0.500338565347	0.501355637525
0.000881923815422	0.0148515550934	0.014881744858
0.000881923815422	0.284119609465	0.284697158689
0.00117589842056	0.0014999609163	0.00150402772291
0.00117589842056	0.0102766069281	0.0103044696361
0.00117589842056	0.200495342024	0.201038940042
0.0014698730257	0.0044064364838	0.00442137536822
0.0014698730257	0.00820824246224	0.00823607038756
0.0014698730257	0.0103184293061	0.0103534112747
0.00176384763084	0.00126045826256	0.00126558790917
0.00176384763084	0.0301283531299	0.0302509655233
0.00176384763084	0.036987050338	0.0371375753517
0.00176384763084	0.33355940499	0.334916881013
0.00205782223598	0.49763644864	0.5
0.00205782223598	0.00816944125698	0.00820824246224
0.00235179684112	0.00276775064515	0.00278277925746
0.00235179684112	0.0464014114335	0.0466533665091
0.00323372065655	0.339481826553	0.342019014172
0.00382166986683	0.00160936036703	0.00162358478139
0.00411564447197	0.00237513718998	0.0023977524553
0.00470359368225	0.164871514177	0.166666847257
0.00470359368225	0.00435897040814	0.0044064364838
0.00529154289253	0.501355637525	0.507501634895
0.00587949210281	0.334916881013	0.339481826553
0.00587949210281	0.197799320482	0.200495342024
0.00646744131309	0.166779702495	0.169281943367
0.00852526354908	0.0145628597531	0.0148515550934
0.00881923815422	0.342019014172	0.349035410154
0.012640908021	0.00122429918807	0.00126045826256
0.0170505270982	0.273181120447	0.284119609465
0.0179324509136	0.125	0.130269415317
0.0185204001239	0.223278162607	0.23300575605
0.018814374729	0.00716894511553	0.00748634143181
0.0191083493341	0.0009765625	0.0010204891526
0.0285155366986	0.00516970213902	0.00552053360527
0.0291034859089	0.00150402772291	0.00160827135713
0.0293974605141	0.0224894256141	0.0240644435666
0.0302793843295	0.0466533665091	0.0500221520806
0.0305733589346	0.23300575605	0.25
0.0320432319603	0.0631805803782	0.0680184675337
0.0329251557757	0.169281943367	0.182614724273
0.0332191303809	0.00278277925746	0.00300398588639
0.0346890034066	0.182614724273	0.197799320482
0.0349829780117	0.0166966574532	0.0180972470599
0.0379227240631	0.00748634143181	0.00816944125698
0.0385106732734	0.25	0.273181120447
0.0393925970888	0.00300398588639	0.00328920154045
0.0393925970888	0.0205393060617	0.0224894256141
0.0399805462991	0.0337341018689	0.036987050338
0.0411564447197	0.0273857710892	0.0301079661019
0.0452720891917	0.011774396082	0.0130680482784
0.0455660637968	0.0500221520806	0.0555556759493
0.0455660637968	0.100044304161	0.111111351899
0.0455660637968	0.201038940042	0.223278162607
0.0461540130071	0.0130680482784	0.0145333168929
0.0467419622174	0.00823607038756	0.00917195703735
0.0473299114276	0.0302509655233	0.0337341018689
0.0485058098482	0.00212413879086	0.00237513718998
0.0493877336636	0.00917195703735	0.0102766069281
0.0499756828739	0.014881744858	0.0166966574532
0.0505636320842	0.111261876657	0.125
0.0546792765562	0.0180972470599	0.0205254076782
0.0555612003716	0.0103534112747	0.011766428672
0.0558551749767	0.0555556759493	0.0631805803782
0.0561491495819	0.0240644435666	0.0273857710892
0.0570310733973	0.00162358478139	0.00185142466517
0.0593828702384	0.00185267832164	0.00212413879086
0.0617346670795	0.0023977524553	0.00276400619098
0.0673201845772	0.00442436921718	0.00516620394376
0.0684960829978	0.284697158689	0.333333694514
0.07319967668	0.00126644487759	0.00149894593401
0.0787851941777	0.0010204891526	0.00122347073848
0.0790791687828	0.0833898512475	0.100044304161
0.0861345593062	0.0681567332916	0.0831080947249
0.096129695881	0.0371627223438	0.0463700128746
0.101715213379	0.130445893885	0.164871514177
0.113474197584	0.00552053360527	0.00716894511553
0.118177791267	0.507501634895	0.666216273542
0.120823562713	0.00329811947052	0.00435602081275
0.154042693094	0.349035410154	0.49763644864
0.175208864664	0.668022569102	1
