0.00029397460514	0.0014569311706	0.00145791770341
0.00029397460514	0.00830886531918	0.00831449150691
0.00029397460514	0.00929697159094	0.00930326685576
0.00029397460514	0.010339404278	0.010346405406
0.00029397460514	0.0170507210769	0.0170622666435
0.00029397460514	0.0171201118502	0.0171317044034
0.00029397460514	0.024129688892	0.024146027845
0.00029397460514	0.0396846959546	0.0397115676802
0.000293974605141	0.589394166851	0.589793263731
0.000293974605141	0.100044304161	0.10011204723
0.000293974605141	0.133302287015	0.133392550085
0.000293974605141	0.16587899595	0.16599131771
0.000293974605141	0.230964365628	0.231120758689
0.000293974605141	0.300132587277	0.300335816264
0.000293974605141	0.333333694514	0.33355940499
0.000293974605141	0.634096112656	0.634525478596
0.000293974605141	0.607212517757	0.60762367999
0.000293974605141	0.770583626879	0.771105412704
0.000293974605141	0.999323327503	1
0.000293974605141	0.400177216645	0.400448188921
0.000293974605141	0.439360343154	0.439657847528
0.000293974605141	0.448981081901	0.449285100772
0.000293974605141	0.511294553289	0.511640766525
0.000293974605141	0.588995340028	0.589394166851
0.000293974605141	0.00101360477229	0.0010142911152
0.000293974605141	0.00111662414685	0.00111738024734
0.000293974605141	0.00111738024734	0.0011181368598
0.000293974605141	0.00121357296105	0.00121439470855
0.000293974605141	0.00140083991509	0.00140178846679
0.000293974605141	0.00165017636422	0.00165129374929
0.000293974605141	0.00167720347237	0.00167833915832
0.000293974605141	0.00189196558629	0.00189324669425
0.000293974605141	0.00216918255363	0.00217065137372
0.000293974605141	0.00396754124867	0.00397022779262
0.000293974605141	0.00480850684342	0.00481176283099
0.000293974605141	0.00629523767337	0.00629950037202
0.000293974605141	0.006690673633	0.00669520409348
0.000293974605141	0.00693976036891	0.00694445949366
0.000293974605141	0.010346405406	0.0103534112747
0.000293974605141	0.013711435569	0.0137207200029
0.000293974605141	0.0150743769813	0.0150845843046
0.000293974605141	0.0182695630194	0.0182819339013
0.000293974605141	0.024146027845	0.0241623778616
0.000293974605141	0.0242442941609	0.0242607107166
0.000293974605141	0.0456845945768	0.045715529018
0.000293974605141	0.0494163687806	0.0494498301206
0.000293974605141	0.0682028843076	0.0682490665739
0.000293974605141	0.133212085023	0.133302287015
0.000293974605141	0.166666847257	0.166779702495
0.000293974605141	0.230808078394	0.230964365628
0.000293974605141	0.25152767714	0.25169799425
0.000293974605141	0.300335816264	0.300539182863
0.000587949210281	0.0728806525827	0.0729793854525
0.000587949210281	0.20035967234	0.200631103574
0.000587949210281	0.138639865249	0.138827683433
0.000587949210281	0.200088608322	0.20035967234
0.000587949210281	0.287213469165	0.287602562965
0.000587949210281	0.511640766525	0.512333896449
0.000587949210281	0.0009765625	0.000977885468645
0.000587949210281	0.00127159888773	0.00127332154804
0.000587949210281	0.00140178846679	0.00140368749751
0.000881923815422	0.00541322145394	0.00542422527679
0.000881923815422	0.179915404913	0.180281131174
0.000881923815422	0.208241299511	0.208664605741
0.000881923815422	0.242171595045	0.242663873691
0.000881923815422	0.666667389029	0.668022569102
0.000881923815422	0.00152349614255	0.00152659305661
0.000881923815422	0.00395949251934	0.00396754124867
0.00117589842056	0.132851887017	0.133212085023
0.00117589842056	0.142927890797	0.143315407621
0.00117589842056	0.183730629631	0.184228773903
0.00117589842056	0.0831080947249	0.0833334236286
0.0014698730257	0.138827683433	0.139298342824
0.0014698730257	0.0153940390785	0.0154462285907
0.0014698730257	0.0241623778616	0.0242442941609
0.0014698730257	0.0277778379746	0.0278720115574
0.0014698730257	0.0170622666435	0.0171201118502
0.0014698730257	0.0397115676802	0.0398461994902
0.00176384763084	0.16599131771	0.166666847257
0.00176384763084	0.439657847528	0.441447108983
0.00176384763084	0.000977885468645	0.000981865137805
0.00176384763084	0.00156636985956	0.00157274446479
0.00176384763084	0.00164348791411	0.00165017636422
0.00176384763084	0.00442736509338	0.00444538299925
0.00176384763084	0.00961050611817	0.00964961768701
0.00176384763084	0.0555556759493	0.0557817691037
0.00176384763084	0.166779702495	0.167458440507
0.00205782223598	0.12440911216	0.125
0.00205782223598	0.285855781594	0.287213469165
0.00205782223598	0.0124548509124	0.0125140059038
0.00235179684112	0.00189324669425	0.00190352683659
0.00235179684112	0.00308017185568	0.00309689688427
0.00235179684112	0.25169799425	0.253064689469
0.00264577144627	0.153248548283	0.154185005498
0.00264577144627	0.10011204723	0.100723802774
0.00264577144627	0.25	0.25152767714
0.00352769526169	0.110961030783	0.111866017645
0.00352769526169	0.373226932073	0.376270932906
0.00352769526169	0.00337033888284	0.0033978270234
0.00411564447197	0.00214872312761	0.00216918255363
0.00411564447197	0.20627719674	0.208241299511
0.00470359368225	0.00595936777635	0.00602426103675
0.00470359368225	0.0682490665739	0.0689922501826
0.00499756828739	0.300539182863	0.304017560317
0.00529154289253	0.0494498301206	0.0500560236151
0.00529154289253	0.395330950245	0.400177216645
0.00558551749767	0.00542422527679	0.00549443747586
0.00558551749767	0.0206508324625	0.0209181407482
0.00558551749767	0.00132699882858	0.00134417575269
0.00587949210281	0.589793263731	0.59783219602
0.00646744131309	0.00782838099928	0.00794583231144
0.00676141591823	0.00165129374929	0.00167720347237
0.00676141591823	0.59783219602	0.607212517757
0.00676141591823	0.00309689688427	0.00314548892959
0.00734936512852	0.0398461994902	0.0405262360828
0.00734936512852	0.441447108983	0.448981081901
0.0079373143388	0.304017560317	0.30962497455
0.00823128894394	0.180281131174	0.183730629631
0.00881923815422	0.00121439470855	0.00123930757538
0.00881923815422	0.0150845843046	0.0153940390785
0.00911321275936	0.100723802774	0.102859717385
0.00970116196964	0.5	0.511294553289
0.00999513657478	0.00629950037202	0.00644616239813
0.00999513657478	0.231120758689	0.236501604271
0.0102891111799	0.0326777650279	0.0334611957653
0.0102891111799	0.236501604271	0.242171595045
0.0111710349953	0.00152659305661	0.00156636985956
0.0111710349953	0.00123930757538	0.00127159888773
0.0111710349953	0.139298342824	0.142927890797
0.0114650096005	0.750507034813	0.770583626879
0.0120529588108	0.0278720115574	0.0286563763501
0.0120529588108	0.0165840191764	0.0170507210769
0.0120529588108	0.0750839540659	0.0771969414961
0.0120529588108	0.200631103574	0.20627719674
0.0123469334159	0.0729793854525	0.0750839540659
0.0129348826262	0.242663873691	0.25
0.0135228318365	0.0242607107166	0.0250280118075
0.0138168064416	0.000981865137805	0.00101360477229
0.0141107810467	0.00930326685576	0.00961050611817
0.0144047556519	0.267508427955	0.276529981659
0.0144047556519	0.276529981659	0.285855781594
0.0152866794673	0.0268170968786	0.0277778379746
0.0152866794673	0.0020744060906	0.00214872312761
0.0155806540725	0.00669520409348	0.00693976036891
0.0161686032827	0.00140368749751	0.0014569311706
0.0161686032827	0.00644616239813	0.006690673633
0.016756552493	0.133392550085	0.138639865249
0.0179324509136	0.00127332154804	0.00132699882858
0.0179324509136	0.00134417575269	0.00140083991509
0.0185204001239	0.287602562965	0.300132587277
0.0185204001239	0.60762367999	0.634096112656
0.018814374729	0.00481176283099	0.00502479777166
0.018814374729	0.357403334598	0.373226932073
0.0191083493341	0.420448207627	0.439360343154
0.0191083493341	0.00145791770341	0.00152349614255
0.0191083493341	0.00157274446479	0.00164348791411
0.0191083493341	0.00602426103675	0.00629523767337
0.0194023239393	0.00694445949366	0.00726174129855
0.0194023239393	0.00794583231144	0.00830886531918
0.0202842477547	0.0197084883775	0.0206508324625
0.0205782223598	0.0026183098712	0.00274535977056
0.0211661715701	0.00231012638864	0.00242550353921
0.0211661715701	0.400448188921	0.420448207627
0.0211661715701	0.00167833915832	0.00176216227325
0.0214601461753	0.376270932906	0.395330950245
0.0214601461753	0.634525478596	0.666667389029
0.0217541207804	0.219531520047	0.230808078394
0.0220480953855	0.208664605741	0.219531520047
0.0238119430164	0.0689922501826	0.0728806525827
0.0241059176215	0.253064689469	0.267508427955
0.0241059176215	0.557193371298	0.588995340028
0.0264577144627	0.125	0.132851887017
0.0270456636729	0.00217065137372	0.00231012638864
0.0279275874884	0.0171317044034	0.0182695630194
0.0291034859089	0.143315407621	0.153248548283
0.0299854097243	0.00314548892959	0.00337033888284
0.0299854097243	0.0250280118075	0.0268170968786
0.0299854097243	0.33355940499	0.357403334598
0.0299854097243	0.00964961768701	0.010339404278
0.0308673335398	0.00176216227325	0.00189196558629
0.0308673335398	0.0154462285907	0.0165840191764
0.0311613081449	0.167458440507	0.179915404913
0.0317492573552	0.0033978270234	0.00365553143921
0.0317492573552	0.154185005498	0.16587899595
0.0320432319603	0.0771969414961	0.0831080947249
0.0320432319603	0.30962497455	0.333333694514
0.0323372065655	0.00502479777166	0.00541322145394
0.0326311811706	0.00726174129855	0.00782838099928
0.0326311811706	0.0182819339013	0.0197084883775
0.0329251557757	0.102859717385	0.110961030783
0.0332191303809	0.00242550353921	0.0026183098712
0.033513104986	0.0631378278171	0.0682028843076
0.0338070795912	0.045715529018	0.0494163687806
0.0341010541963	0.00444538299925	0.00480850684342
0.0346890034066	0.00365553143921	0.00395949251934
0.0352769526169	0.00549443747586	0.00595936777635
0.035570927222	0.0011181368598	0.00121357296105
0.0358649018272	0.184228773903	0.200088608322
0.0364528510374	0.512333896449	0.557193371298
0.0373347748529	0.00190352683659	0.0020744060906
0.037628749458	0.0103534112747	0.0112904750545
0.039686571694	0.0125140059038	0.013711435569
0.039686571694	0.0833334236286	0.0913073621363
0.039686571694	0.0913073621363	0.100044304161
0.0408624701145	0.0137207200029	0.0150743769813
0.04174439393	0.0010142911152	0.00111662414685
0.0426263177454	0.0112904750545	0.0124548509124
0.0452720891917	0.0500560236151	0.0555556759493
0.0461540130071	0.111866017645	0.12440911216
0.0464479876122	0.449285100772	0.5
0.0473299114276	0.00397022779262	0.00442736509338
0.0485058098482	0.00831449150691	0.00929697159094
0.0499756828739	0.00274535977056	0.00308017185568
0.0505636320842	0.668022569102	0.750507034813
0.0520335051099	0.0405262360828	0.0456845945768
0.0537973527407	0.0557817691037	0.0631378278171
0.0570310733973	0.0286563763501	0.0326777650279
0.0620286416847	0.0209181407482	0.024129688892
0.0740816004954	0.0334611957653	0.0396846959546
0.112592273769	0.771105412704	0.999323327503
