0 0.0
0.0009765625 12229.8113449
0.0010142911152 13321.2068614
0.00116212144887 15450.2349118
0.00117477612175 14945.0099879
0.00118515944091 15035.8012872
0.00120947255684 15852.8131187
0.00128023555813 15501.8926828
0.00137175103056 16852.8050284
0.00151424304461 18607.7824584
0.00152246523461 18113.4429134
0.00152762675963 18445.529077
0.0015887947075 18381.4316346
0.00174318028449 19477.5373894
0.00193339423798 20287.9478028
0.00210410421129 21202.3081343
0.0022729001148 21755.9331119
0.00250730212254 22446.3300644
0.00253288975518 22992.8443879
0.00282453004543 23571.7411143
0.00283794530439 23662.1716851
0.00288442606629 23506.9972253
0.00314548892959 24217.4034299
0.00354826167776 24919.7511042
0.00357236138946 25415.1576902
0.00392214714047 25540.1658337
0.00399178573693 25918.09835
0.00425403280786 26509.8602802
0.00505208192668 27471.5255598
0.00589916534824 27852.634169
0.00590315985416 28271.7172489
0.00590715706488 27875.3542774
0.00591115698224 27975.9884438
0.00669520409348 28504.086095
0.00714956069001 29102.5519819
0.00797816921061 29478.1253851
0.00798357147386 29467.3945849
0.00855426357067 29877.2556281
0.00856585220169 30010.3740338
0.00976130033777 30509.847355
0.00980766216426 30350.4093596
0.00998179939144 30283.6818994
0.0100224220006 30209.3395992
0.0114831643519 30916.1778706
0.0117903470906 31085.7455513
0.0125904753467 31632.4771548
0.0126502744937 31557.170937
0.0130062742719 31756.9320924
0.0130680482784 31776.6598828
0.0135729205881 31821.4942274
0.0149726828636 32539.9425256
0.0150132779251 32233.8442257
0.0150437964347 32352.9597432
0.0156144269922 32694.9449559
0.0170391833229 32739.2444187
0.0208051707285 33278.3995082
0.0208192585482 33564.5328054
0.0228422972884 33581.9489483
0.0268716098125 34002.614209
0.0269444661377 34077.3155124
0.0270724403441 33777.6349125
0.0285788911157 34253.4622908
0.02859824276 34251.6175711
0.0286563763501 34228.6965002
0.0331904974496 34436.9015114
0.0332129717541 34525.3398755
0.0333481375212 34252.2079855
0.0388343347536 34579.0968706
0.0388606306736 34729.3477531
0.0415259288814 34769.6154626
0.0415821848833 34649.211287
0.041610341457 34530.2385119
0.0500221520806 34895.7851606
0.0500560236151 34738.0620989
0.0546974424651 34792.0839889
0.0547344797822 34795.3531671
0.0607892882565 34757.363105
0.0608304505494 34886.0318172
0.0653113057661 34871.9401909
0.0666511435073 34823.7617021
0.0666962750423 34774.7882525
0.0820460747972 34679.373362
0.0823799750791 34897.1429616
0.0833334236286 35100.1600515
0.0833898512475 34826.0497969
0.0834463170752 34775.0166134
0.0835028211378 34443.3179579
0.096388176588 35166.791019
0.111036165903 34460.3519502
0.111111351899 34444.36969
0.111186588805 34389.3724019
0.111714675552 34415.3263317
0.125 34568.8663494
0.140054719051 34140.5261322
0.143898653744 33846.3628983
0.150269591432 33709.5951087
0.166666847257 33017.7185753
0.16689263415 33072.7834238
0.167458440507 33142.9524474
0.182614724273 33080.796174
0.197264482214 32632.9297726
0.200088608322 32440.5402532
0.20022409446 32366.3758993
0.22117223425 31747.6030715
0.222373177611 32127.2346623
0.222523753314 31934.2297095
0.25 30712.9735638
0.284889935874 30526.138414
0.285082843593 30433.0309843
0.285662350849 30582.1948046
0.285855781594 30316.3041626
0.289555952958 30550.7873344
0.3317579919 30249.4275297
0.333333694514 28394.0865058
0.353553390593 28669.3907484
0.458812487394 27873.8620257
0.46099164224 27833.8191205
0.466642827165 27617.1514927
0.499661663751 27578.7104671
0.5 22008.878321
0.575984367757 22228.4690552
0.666667389029 19583.6469951
0.66711880998 20055.5931398
0.845462399635 19731.7260387
1 0.0
