0.00029397460514	0.0833334236286	0.0833898512475
0.00029397460514	0.166554068385	0.166666847257
0.000293974605141	0.100044304161	0.10011204723
0.000293974605141	0.25	0.250169282673
0.000293974605141	0.333333694514	0.33355940499
0.000293974605141	0.61883091969	0.6192499491
0.000293974605141	0.00104283495527	0.00104354109083
0.000293974605141	0.00278089622727	0.00278277925746
0.000293974605141	0.00278277925746	0.00278466356271
0.000293974605141	0.00456739075486	0.00457048347533
0.000293974605141	0.00815286836781	0.00815838892521
0.000293974605141	0.0108044799079	0.0108117959528
0.000293974605141	0.0168442317187	0.016855637465
0.000293974605141	0.0282519094427	0.0282710396777
0.000293974605141	0.0333255717537	0.0333481375212
0.000293974605141	0.0414697489876	0.0414978294274
0.000293974605141	0.0414978294274	0.0415259288814
0.000293974605141	0.166666847257	0.166779702495
0.000293974605141	0.250169282673	0.250338679973
0.000587949210281	0.00104354109083	0.0010449547967
0.000587949210281	0.0112447128071	0.0112599462432
0.000881923815422	0.0665609720345	0.0666962750423
0.000881923815422	0.111111351899	0.111337215489
0.000881923815422	0.33355940499	0.334237453844
0.00117589842056	0.0267808163739	0.0268534265332
0.00117589842056	0.166103715526	0.166554068385
0.00176384763084	0.0833898512475	0.0837292202533
0.00176384763084	0.166779702495	0.167458440507
0.00205782223598	0.0415259288814	0.0417231585376
0.00205782223598	0.00713022867889	0.00716409408754
0.00205782223598	0.0158058404721	0.0158809111705
0.00323372065655	0.00278466356271	0.00280547532157
0.00352769526169	0.0010449547967	0.00105347734156
0.00352769526169	0.0265641617769	0.0267808163739
0.00382166986683	0.0417231585376	0.0420919308198
0.0094071873645	0.0333481375212	0.0340783666458
0.0117589842056	0.0751347957158	0.0771969414961
0.0144047556519	0.0528413999772	0.0546234430003
0.0170505270982	0.0108117959528	0.0112447128071
0.0176384763084	0.250338679973	0.260715249472
0.018814374729	0.00157274446479	0.00164237581104
0.0220480953855	0.0268534265332	0.0282519094427
0.0255757906472	0.0158809111705	0.0168442317187
0.0285155366986	0.0009765625	0.00104283495527
0.0311613081449	0.0491827725293	0.0528413999772
0.0326311811706	0.0220970869121	0.0238213409443
0.0332191303809	0.0771969414961	0.0833334236286
0.0452720891917	0.10011204723	0.111111351899
0.0473299114276	0.0238213409443	0.0265641617769
0.050269657479	0.111337215489	0.125
0.0517395305047	0.0666962750423	0.0751347957158
0.0561491495819	0.00716409408754	0.00815286836781
0.056443124187	0.016855637465	0.0191950083767
0.0582069718178	0.00815838892521	0.00932849057107
0.0611467178692	0.0191950083767	0.0220970869121
0.0623226162898	0.0112599462432	0.0129974732838
0.0637924893155	0.00932849057107	0.0108044799079
0.0676141591823	0.0420919308198	0.0491827725293
0.0714358290492	0.0282710396777	0.0333255717537
0.0740816004954	0.00164237581104	0.00194784385954
0.077315321152	0.0837292202533	0.100044304161
0.0849586608856	0.0129974732838	0.0158058404721
0.0852526354908	0.0340783666458	0.0414697489876
0.0858405847011	0.0546234430003	0.0665609720345
0.0896622545679	0.00280547532157	0.00344880553893
0.0926020006193	0.5	0.61883091969
0.106712781666	0.260715249472	0.333333694514
0.121999461133	0.00344880553893	0.00456739075486
0.123469334159	0.125	0.166103715526
0.154630642304	0.00194784385954	0.00278089622727
0.174032966243	0.167458440507	0.25
0.174032966243	0.00105347734156	0.00157274446479
0.174914890059	0.334237453844	0.5
0.193141315577	0.00457048347533	0.00713022867889
