0.00029397460514	0.0142411645689	0.0142508076985
0.00029397460514	0.0598907314545	0.059931285307
0.00029397460514	0.16689263415	0.167005642276
0.000293974605141	0.12440911216	0.124493353388
0.000293974605141	0.200902902521	0.201038940042
0.000293974605141	0.272442454019	0.272626933166
0.000293974605141	0.999323327503	1
0.000293974605141	0.983219843283	0.983885611617
0.000293974605141	0.00098719656841	0.000987865029506
0.000293974605141	0.000989203309913	0.000989873129835
0.000293974605141	0.00100813072216	0.00100881335842
0.000293974605141	0.00245025639725	0.00245191554106
0.000293974605141	0.00340703946703	0.00340934647803
0.000293974605141	0.00340934647803	0.00341165505117
0.000293974605141	0.0040764341839	0.00407919446261
0.000293974605141	0.00763992101005	0.00764509423506
0.000293974605141	0.0170276533762	0.0170391833229
0.000293974605141	0.0221120495279	0.0221270222753
0.000293974605141	0.0672857734988	0.0673313347613
0.000293974605141	0.0832770341927	0.0833334236286
0.000587949210281	0.595409078769	0.596215691292
0.000587949210281	0.111111351899	0.111261876657
0.000587949210281	0.000987865029506	0.000989203309913
0.000587949210281	0.00154426152439	0.0015463535662
0.000587949210281	0.00556179245454	0.00556932712541
0.000587949210281	0.166666847257	0.16689263415
0.000881923815422	0.0012638757116	0.00126644487759
0.000881923815422	0.0833334236286	0.0835028211378
0.000881923815422	0.00201353367021	0.00201762671684
0.00117589842056	0.00154008592784	0.00154426152439
0.00117589842056	0.00365058591785	0.00366048366037
0.00117589842056	0.0142508076985	0.0142894455579
0.00117589842056	0.0142894455579	0.0143281881751
0.0014698730257	0.0133361345475	0.013381347266
0.00176384763084	0.0192600840932	0.0193384662403
0.00176384763084	0.0221270222753	0.0222170719089
0.00176384763084	0.124493353388	0.125
0.00176384763084	0.200088608322	0.200902902521
0.00205782223598	0.00498752249116	0.00501121100031
0.00235179684113	0.0835028211378	0.0839562331992
0.00264577144627	0.0104945291499	0.010558658159
0.00264577144627	0.059931285307	0.060297507925
0.00293974605141	0.222222703797	0.22373203529
0.00352769526169	0.167005642276	0.168367723279
0.00470359368225	0.0009765625	0.00098719656841
0.00646744131309	0.00556932712541	0.00565288524283
0.00676141591823	0.983885611617	0.999323327503
0.00676141591823	0.0015463535662	0.00157061671908
0.00705539052337	0.00201762671684	0.00205067204258
0.0079373143388	0.000989873129835	0.00100813072216
0.0094071873645	0.00366048366037	0.00374063781523
0.0117589842056	0.0498868949869	0.0512560881684
0.0138168064416	0.035974663436	0.0371375753517
0.0164625778879	0.0253005489874	0.0262780129767
0.0261637398575	0.0238213409443	0.0253005489874
0.0270456636729	0.013381347266	0.0142411645689
0.0293974605141	0.00341165505117	0.00365058591785
0.0302793843295	0.0222170719089	0.0238213409443
0.0364528510374	0.596215691292	0.648419777326
0.0373347748529	0.00374063781523	0.0040764341839
0.0373347748529	0.25	0.272442454019
0.0379227240631	0.010558658159	0.0115220950538
0.0388046478786	0.00959750418833	0.0104945291499
0.0405684955094	0.00310319215687	0.00340703946703
0.0423323431402	0.0326335557009	0.035974663436
0.0435082415608	0.201038940042	0.222222703797
0.0452720891917	0.00501121100031	0.00556179245454
0.0455660637968	0.100044304161	0.111111351899
0.0461540130071	0.0011364500574	0.0012638757116
0.0464479876122	0.00565288524283	0.00629097785918
0.0476238860328	0.060297507925	0.0672857734988
0.0482118352431	0.22373203529	0.25
0.0485058098482	0.111261876657	0.12440911216
0.0517395305047	0.00100881335842	0.0011364500574
0.0532094035304	0.0170391833229	0.0192600840932
0.0582069718178	0.0193384662403	0.0221120495279
0.0634985147104	0.0115220950538	0.0133361345475
0.0676141591823	0.0512560881684	0.0598907314545
0.0749635243109	0.0143281881751	0.0170276533762
0.0749635243109	0.168367723279	0.200088608322
0.0758454481263	0.5	0.595409078769
0.0761394227314	0.0839562331992	0.100044304161
0.077315321152	0.00205067204258	0.00245025639725
0.079373143388	0.333333694514	0.400177216645
0.0843707116754	0.00629097785918	0.00763992101005
0.0849586608856	0.00126644487759	0.00154008592784
0.0873104577268	0.00407919446261	0.00498752249116
0.0873104577268	0.272626933166	0.333333694514
0.0923080260142	0.0673313347613	0.0832770341927
0.094071873645	0.0262780129767	0.0326335557009
0.0967176450913	0.400177216645	0.5
0.0987754673272	0.00764509423506	0.00959750418833
0.102303162589	0.00245191554106	0.00310319215687
0.107888680087	0.00157061671908	0.00201353367021
0.124939207185	0.125	0.166666847257
0.128172927841	0.0371375753517	0.0498868949869
0.180794382161	0.648419777326	0.983219843283
