833	833
6867	6867
4610	4610
3386	3386
7113	7113
3204	3204
1840	1840
5492	5492
1343	1343
400	400
2747	2747
6374	6374
6945	6945
6258	6258
3639	3639
1828	1828
7506	7506
4787	4787
2967	2967
248	248
6322	6322
1883	1883
3503	3503
1115	1115
2635	2635
3668	3668
1536	1536
412	412
196	196
311	311
732	732
8582	8582
2021	2021
6118	6118
5837	5837
2943	2943
1794	1794
3083	3083
2059	2059
1678	1678
6850	6850
8520	8520
7396	7396
429	429
3363	3363
925	925
8098	8098
7536	7536
4998	4998
4330	4330
4280	4280
1180	1180
6046	6046
6	6
2063	2063
3783	3783
3246	3246
3196	3196
4510	4510
758	758
2022	2022
4079	4079
6236	6236
723	723
2243	2243
1606	1606
3326	3326
4490	4490
4128	4128
1755	1755
7127	7127
3456	3456
737	737
100	100
3571	3571
3009	3009
6124	6124
2372	2372
1373	1373
7182	7182
2637	2637
4925	4925
2612	2612
4653	4653
4041	4041
1809	1809
3173	3173
3073	3073
2892	2892
5841	5841
1958	1958
715	715
303	303
3187	3187
2625	2625
3839	3839
6592	6592
3327	3327
3186	3186
3136	3136
1285	1285
3392	3392
4169	4169
4606	4606
2218	2218
1987	1987
3738	3738
8879	8879
1250	1250
2052	2052
6060	6060
1952	1952
2869	2869
1901	1901
5472	5472
5291	5291
1348	1348
1785	1785
6620	6620
1067	1067
3355	3355
6420	6420
2000	2000
776	776
4784	4784
676	676
2396	2396
2833	2833
314	314
701	701
2461	2461
2586	2586
816	816
229	229
1362	1362
1031	1031
881	881
5666	5666
5129	5129
5154	5154
2847	2847
3203	3203
7451	7451
5369	5369
5219	5219
2831	2831
37	37
4045	4045
830	830
6558	6558
2500	2500
5334	5334
1276	1276
6598	6598
2846	2846
5349	5349
2193	2193
4350	4350
6051	6051
2664	2664
2233	2233
3447	3447
1009	1009
291	291
547	547
4214	4214
1876	1876
7248	7248
1810	1810
2362	2362
1875	1875
3395	3395
907	907
6279	6279
485	485
3244	3244
4558	4558
6649	6649
168	168
9417	9417
3358	3358
1507	1507
8986	8986
4391	4391
6192	6192
720	720
2109	2109
4581	4581
6878	6878
5860	5860
4009	4009
5975	5975
678	678
5694	5694
1992	1992
5057	5057
4289	4289
2438	2438
