4445	4445
3421	3421
4354	4354
1089	1089
3923	3923
2899	2899
4775	4775
4609	4609
3741	3741
5442	5442
3591	3591
79	79
641	641
235	235
54	54
1368	1368
6640	6640
681	681
2838	2838
4021	4021
1483	1483
5391	5391
6218	6218
1283	1283
434	434
1738	1738
7597	7597
7110	7110
4622	4622
8274	8274
2440	2440
3754	3754
1853	1853
167	167
248	248
17	17
2720	2720
2620	2620
313	313
3753	3753
2098	2098
5338	5338
7445	7445
5940	5940
1751	1751
3015	3015
4279	4279
1064	1064
2915	2915
2328	2328
3998	3998
3667	3667
5468	5468
5824	5824
4906	4906
4419	4419
8377	8377
882	882
6385	6385
2683	2683
1846	1846
3160	3160
7393	7393
862	862
1514	1514
4804	4804
259	259
5300	5300
1192	1192
8571	8571
3514	3514
5315	5315
6754	6754
2646	2646
8455	8455
695	695
6017	6017
108	108
3273	3273
58	58
5736	5736
5149	5149
2761	2761
2511	2511
6032	6032
1662	1662
5033	5033
2264	2264
5635	5635
2479	2479
4280	4280
5544	5544
5900	5900
5494	5494
287	287
643	643
1757	1757
5584	5584
4460	4460
4310	4310
3888	3888
3541	3541
1003	1003
5407	5407
1424	1424
6746	6746
2994	2994
3796	3796
5497	5497
4960	4960
3109	3109
2622	2622
4373	4373
3736	3736
4448	4448
6695	6695
1553	1553
5561	5561
3660	3660
454	454
6213	6213
5395	5395
1552	1552
3609	3609
3122	3122
6287	6287
6237	6237
353	353
2104	2104
3724	3724
3137	3137
5063	5063
418	418
3352	3352
4922	4922
3623	3623
8864	8864
1731	1731
136	136
4721	4721
4134	4134
201	201
928	928
8176	8176
2523	2523
1480	1480
1380	1380
5257	5257
1720	1720
3240	3240
5843	5843
711	711
2833	2833
64	64
6700	6700
6338	6338
2617	2617
279	279
3715	3715
3518	3518
7020	7020
8153	8153
4095	4095
62	62
1863	1863
2615	2615
6136	6136
7169	7169
3061	3061
5349	5349
979	979
6788	6788
2193	2193
5664	5664
1912	1912
1275	1275
3201	3201
2695	2695
3597	3597
3266	3266
5067	5067
547	547
3431	3431
612	612
5372	5372
1760	1760
5899	5899
1660	1660
1173	1173
892	892
842	842
2156	2156
205	205
2131	2131
5652	5652
4428	4428
3841	3841
3816	3816
460	460
1824	1824
5732	5732
1137	1137
1212	1212
4733	4733
475	475
1202	1202
2004	2004
3624	3624
5631	5631
2375	2375
4482	4482
8093	8093
820	820
4060	4060
1622	1622
2786	2786
3142	3142
3488	3488
4877	4877
7711	7711
5875	5875
5613	5613
1992	1992
1942	1942
2569	2569
2338	2338
