2684	2684
8543	8543
7007	7007
3286	3286
2774	2774
4494	4494
4007	4007
7543	7543
1353	1353
79	79
335	335
1343	1343
2035	2035
3349	3349
3299	3299
4557	4557
4588	4588
5721	5721
4266	4266
6910	6910
2265	2265
1893	1893
5926	5926
5389	5389
7917	7917
6322	6322
719	719
263	263
4967	4967
4099	4099
2635	2635
849	849
81	81
5387	5387
6988	6988
6039	6039
2468	2468
3632	3632
1369	1369
632	632
3716	3716
947	947
8657	8657
2161	2161
110	110
5351	5351
2086	2086
1062	1062
1499	1499
581	581
1514	1514
2466	2466
5431	5431
6514	6514
6770	6770
2581	2581
3745	3745
1463	1463
6835	6835
745	745
3860	3860
3785	3785
3248	3248
4362	4362
3825	3825
429	429
2149	2149
2239	2239
825	825
157	157
7817	7817
4065	4065
1627	1627
2479	2479
2429	2429
578	578
824	824
1857	1857
3733	3733
989	989
1345	1345
3211	3211
492	492
5764	5764
938	938
8286	8286
8136	8136
2904	2904
5011	5011
2979	2979
7333	7333
5482	5482
837	837
787	787
150	150
1539	1539
1358	1358
4860	4860
4273	4273
1885	1885
2241	2241
5662	5662
4463	4463
2612	2612
355	355
5009	5009
4678	4678
5255	5255
2857	2857
4171	4171
3940	3940
188	188
865	865
765	765
2154	2154
4311	4311
5525	5525
6839	6839
8278	8278
468	468
1551	1551
864	864
2053	2053
5343	5343
61	61
317	317
3482	3482
532	532
2820	2820
7274	7274
1365	1365
2754	2754
3250	3250
2919	2919
481	481
8060	8060
2232	2232
7604	7604
4389	4389
2934	2934
5141	5141
3430	3430
5356	5356
1735	1735
967	967
2718	2718
149	149
3520	3520
891	891
1684	1684
1543	1543
1262	1262
2832	2832
2601	2601
2145	2145
7155	7155
7592	7592
3047	3047
2897	2897
4030	4030
5906	5906
3418	3418
5119	5119
880	880
6383	6383
474	474
5871	5871
1582	1582
6763	6763
979	979
1912	1912
5564	5564
1094	1094
6291	6291
7605	7605
7118	7118
3416	3416
3993	3993
5969	5969
1661	1661
6546	6546
993	993
6752	6752
4414	4414
4233	4233
612	612
5297	5297
5322	5322
2297	2297
1404	1404
5487	5487
8115	8115
6214	6214
692	692
6916	6916
2923	2923
3179	3179
2411	2411
3931	3931
3425	3425
4608	4608
6409	6409
3013	3013
4196	4196
1889	1889
1789	1789
1202	1202
13	13
2591	2591
4392	4392
2441	2441
2310	2310
8449	8449
1722	1722
5680	5680
3142	3142
4075	4075
3588	3588
1225	1225
2976	2976
1125	1125
603	603
66	66
2223	2223
5563	5563
868	868
818	818
2488	2488
2032	2032
