1	9515
1	9694
6	5086
9	9762
11	5149
23	2342
35	9734
36	4413
36	6683
46	9789
48	8280
50	3825
50	5626
50	9258
56	9429
58	5727
58	8871
59	1656
59	1959
59	8423
59	9159
64	8179
64	9861
76	7269
94	9303
99	3569
99	4237
99	8366
100	8495
100	9094
100	9902
102	8496
103	9861
109	4368
109	6113
111	9667
118	9377
120	8935
120	9456
135	497
135	1854
135	7554
135	8860
136	8183
148	1691
151	5697
152	678
152	7573
152	7647
164	7319
164	8647
171	1199
173	3825
173	5338
173	8226
173	9902
176	8513
181	7102
187	8924
193	9303
194	9622
204	7897
204	8625
204	9769
205	4992
205	8043
205	8257
210	9566
211	9783
212	8569
214	7825
214	9233
223	2758
223	9300
228	8005
248	8928
248	9856
253	7465
257	6401
260	6068
280	7648
280	9787
301	9993
304	1508
304	2833
304	7675
304	8314
307	5042
307	9763
307	9826
332	1837
337	9583
346	9348
350	7386
362	2439
362	4657
362	5706
362	7022
362	9532
368	7922
378	8108
378	9556
379	2166
379	7488
379	8064
394	5734
402	6234
402	8314
402	9233
406	7056
410	8516
421	6831
421	9707
435	3912
435	4315
435	8326
439	1668
439	8371
439	9793
451	7641
458	4750
467	8865
467	9047
467	9796
470	7696
472	4555
481	8513
485	4061
491	5612
491	8443
497	135
497	1231
500	7882
528	8513
536	903
536	9657
538	8354
538	9669
552	6163
552	7638
552	9763
571	6169
571	6849
571	9080
571	9282
582	5795
585	5523
585	9908
586	7632
588	1957
588	4263
588	6835
588	9629
609	4936
609	9659
618	8572
628	7077
628	9058
632	6658
632	9966
641	1698
641	8800
646	7684
655	4770
657	6148
665	9017
665	9551
666	8534
668	7237
671	9210
676	7601
676	9358
678	152
678	5031
678	7538
678	9658
682	7825
684	3692
684	3825
684	5985
688	9020
692	4649
692	7148
692	8536
699	2402
704	4163
704	7266
704	8508
704	9065
707	8679
707	9936
710	8526
710	8609
710	9276
736	7410
742	3117
742	8205
746	6477
746	8440
761	8617
765	5703
765	8631
773	1808
773	6581
773	8617
784	5331
784	9694
792	9125
797	3678
797	7737
803	3662
803	6974
825	9125
827	6873
827	9769
835	3954
835	9377
835	9662
841	2515
841	6032
842	9328
843	5061
843	9224
847	9797
851	5542
881	5532
883	5274
884	7520
884	8106
884	9057
886	1797
886	7282
901	8230
901	8285
902	2946
902	7762
903	536
903	4288
903	9566
908	4069
908	7144
908	9769
916	3704
923	7133
923	8005
937	5706
937	9616
963	8808
963	9100
968	2799
968	8691
982	7894
991	3846
991	9624
993	1283
993	4735
993	9089
996	6878
996	7541
997	6144
997	7377
1007	4091
1007	7465
1012	7605
1012	9579
1012	9763
1013	6759
1013	8544
1015	4387
1015	7737
1016	9406
1016	9707
1020	7095
1020	7109
1034	9955
1037	8258
1040	9659
1040	9995
1045	2607
1045	9047
1055	9365
1055	9384
1058	2877
1060	6026
1060	8873
1063	8969
1098	7480
1101	9464
1101	9569
1101	9787
1110	9401
1112	5810
1121	9464
1122	7769
1129	3877
1129	7465
1129	7975
1148	7995
1150	4467
1150	9025
1150	9043
1157	8516
1157	8609
1162	9762
1173	7067
1173	8280
1173	8862
1173	9043
1181	9127
1181	9255
1187	9444
1192	5183
1192	8924
1192	9068
1193	2674
1193	3885
1193	8865
1193	9690
1199	171
1199	9380
1206	7331
1206	8446
1219	2463
1219	9861
1223	8350
1224	5319
1224	9720
1225	9819
1226	5476
1226	9073
1231	497
1231	6174
1234	2342
1234	4325
1250	9624
1270	9530
1276	7379
1276	8555
1276	9050
1278	4933
1278	6113
1283	993
1283	3853
1288	6096
1305	7133
1319	9646
1327	8563
1327	9667
1329	9957
1333	5609
1333	9140
1333	9667
1344	6395
1350	8546
1350	9303
1353	5010
1353	9406
1358	4715
1358	9350
1361	9565
1381	4547
1383	7415
1394	4832
1394	5842
1403	8610
1404	7492
1405	5547
1405	8686
1412	5006
1428	7102
1428	9377
1432	7399
1432	9789
1436	8103
1437	7173
1445	5758
1445	9373
1450	4253
1450	5015
1453	6760
1454	4445
1454	6754
1463	9655
1463	9731
1463	9817
1463	9861
1470	6646
1470	9309
1473	6763
1482	1635
1482	7953
1484	8295
1484	8443
1484	9187
1484	9311
1484	9425
1498	6726
1499	4760
1499	8103
1499	8106
1507	2114
1508	304
1508	6032
1508	8625
1508	9515
1513	9809
1513	9861
1524	8975
1524	9910
1539	8971
1539	9089
1539	9870
1545	3665
1552	9995
1555	3968
1557	6835
1557	7095
1560	6903
1570	5624
1570	9935
1574	3662
1574	4091
1577	1590
1577	7893
1577	8920
1589	7419
1589	8819
1590	1577
1590	6032
1590	6212
1590	7386
1603	2514
1606	7193
1606	8143
1606	8256
1610	8064
1619	6738
1619	8241
1622	2186
1622	6616
1622	9313
1631	9254
1635	1482
1656	59
1656	9102
1656	9159
1668	439
1668	9167
1670	7857
1670	8329
1670	8687
1670	9209
1670	9756
1672	6147
1672	8956
1676	7907
1691	148
1691	9866
1698	641
1698	4975
1699	9583
1703	8226
1703	8500
1703	9288
1706	9424
1715	9521
1717	5070
1718	8795
1721	5870
1721	9495
1725	6096
1732	8490
1732	8618
1732	9693
1736	7702
1736	9590
1737	5306
1737	6502
1737	9869
1738	5663
1738	9515
1738	9910
1739	9036
1748	6673
1754	3728
1754	4647
1755	9663
1758	3752
1768	3609
1768	5602
1768	7136
1772	2728
1772	5591
1780	9890
1797	886
1797	2919
1797	9654
1799	4044
1799	5026
1799	6051
1804	9320
1807	2233
1807	4262
1807	7684
1807	9096
1808	773
1808	8108
1808	8795
1808	8827
1810	8975
1814	8536
1828	9689
1830	8334
1830	8598
1830	8764
1831	5193
1834	9551
1835	7282
1837	332
1848	7507
1848	9657
1854	135
1854	6305
1854	6813
1858	8374
1861	6936
1861	7702
1861	9348
1865	7175
1865	7483
1865	7507
1865	8021
1865	9881
1869	4208
1869	7573
1874	7538
1890	4152
1897	2175
1897	9955
1902	3585
1902	5066
1902	9073
1914	7396
1918	7095
1918	8534
1918	9348
1925	4889
1925	9569
1929	5483
1931	7411
1931	8975
1931	9897
1932	2163
1932	5602
1932	9749
1936	5865
1936	8569
1942	2085
1942	3295
1946	6402
1946	6644
1946	9789
1957	588
1957	5376
1959	59
1959	2701
1959	6874
1970	4640
1991	4075
1992	7587
1992	9255
1992	9277
1993	6601
2000	5921
2022	9797
2026	9328
2026	9606
2029	8108
2029	9583
2029	9854
2045	5026
2045	6658
2054	8840
2054	9288
2057	3415
2057	4863
2057	7432
2057	9826
2063	5990
2066	5575
2066	8133
2082	6496
2082	9796
2085	1942
2085	9654
2085	9667
2091	3889
2091	5147
2091	7386
2102	8326
2113	5342
2113	8696
2113	9861
2114	1507
2114	8860
2120	7893
2120	9734
2124	6726
2127	5372
2127	8368
2127	9140
2128	9831
2133	4342
2133	6822
2133	7371
2133	8873
2141	8685
2151	6393
2151	6910
2151	9532
2156	5990
2156	9464
2163	1932
2163	5763
2163	6998
2163	9210
2166	379
2170	5845
2170	7240
2171	9944
2173	9590
2175	1897
2175	2581
2175	5741
2185	5663
2185	9158
2186	1622
2186	9276
2186	9313
2195	7946
2196	5124
2217	8657
2233	1807
2233	8873
2236	6640
2236	6658
2243	7871
2243	8873
2255	3050
2256	4139
2257	8165
2267	3222
2267	3608
2267	4091
2272	9165
2277	4760
2295	7780
2295	8691
2300	9228
2306	4426
2306	5724
2306	8230
2312	9756
2316	6482
2318	6681
2320	9796
2327	7733
2341	8848
2341	8871
2341	9944
2341	9995
2342	23
2342	1234
2357	6402
2359	9669
2365	4441
2375	9734
2377	8225
2389	8563
2389	9377
2402	699
2402	3877
2402	4342
2402	7642
2415	7291
2418	5041
2418	8617
2418	8795
2418	9967
2423	8840
2423	8975
2424	5472
2424	8817
2428	8314
2428	9159
2436	7587
2439	362
2439	9897
2443	7854
2443	9036
2448	3313
2452	6641
2452	7647
2452	8366
2452	8443
2463	1219
2463	3444
2463	3935
2463	7159
2463	8196
2467	6169
2467	9869
2471	9173
2473	3134
2476	3214
2476	3241
2476	7000
2476	8086
2476	9782
2488	9616
2488	9995
2502	9216
2502	9902
2514	1603
2514	6101
2514	6240
2515	841
2515	6235
2517	8135
2518	8609
2518	9575
2518	9629
2518	9981
2538	5060
2538	8044
2538	8956
2542	3201
2542	3935
2542	4091
2542	9125
2549	6096
2549	7916
2553	3112
2553	5116
2554	9881
2556	8125
2556	8847
2556	9351
2556	9955
2568	7926
2568	9401
2574	5086
2574	9221
2581	2175
2581	9198
2587	7038
2588	3572
2588	8958
2590	3053
2590	8610
2591	8578
2596	4562
2596	5319
2597	4668
2597	5448
2597	8475
2601	9444
2605	8282
2607	1045
2607	8840
2608	8928
2608	9348
2610	6568
2610	9935
2615	8106
2615	9136
2622	8284
2634	4354
2645	3275
2645	8424
2646	5801
2646	8812
2648	7513
2648	9622
2668	8044
2674	1193
2677	8919
2682	3495
2682	4738
2683	4253
2683	4395
2683	9313
2691	6788
2691	8835
2693	6996
2701	1959
2701	3468
2701	4657
2726	9102
2727	9209
2727	9756
2728	1772
2728	9809
2734	9521
2736	7113
2736	9320
2746	7077
2750	6738
2758	223
2759	7133
2759	9065
2763	2813
2763	3468
2763	9565
2764	9309
2780	9424
2783	8643
2783	8904
2787	5626
2787	9932
2799	968
2806	3892
2806	9401
2806	9875
2813	2763
2813	6291
2813	6738
2817	4137
2817	9340
2823	4280
2823	4492
2823	8326
2829	4279
2829	9165
2829	9690
2833	304
2833	6578
2835	4157
2835	7729
2851	4237
2854	9817
2856	4884
2856	8368
2866	9317
2866	9658
2877	1058
2877	8021
2891	5990
2899	7087
2899	8122
2899	9216
2901	9289
2901	9866
2905	7076
2905	7637
2917	5010
2917	7291
2917	8285
2918	4244
2918	5667
2918	8920
2919	1797
2919	3678
2919	9124
2926	3018
2938	9966
2939	8225
2939	9188
2940	9380
2940	9967
2942	7467
2943	4086
2946	902
2951	5396
2951	8225
2951	8847
2954	9869
2968	4287
2968	7520
2974	8326
2974	9521
2983	6736
2983	6738
2983	8210
2983	9077
2987	7925
2990	4286
2990	7386
3001	6139
3001	9590
3005	6169
3005	6261
3011	3825
3011	3885
3011	5985
3018	2926
3021	9566
3025	4933
3025	5124
3025	6762
3025	8971
3048	6891
3048	9796
3050	2255
3050	5609
3050	7922
3050	9373
3053	2590
3053	4755
3053	8609
3058	5239
3070	7379
3079	8354
3079	9616
3079	9646
3083	5737
3083	8609
3091	7166
3091	7372
3091	9432
3096	6726
3096	8079
3096	9782
3096	9865
3109	9629
3109	9981
3111	9374
3111	9657
3112	2553
3112	6482
3115	9094
3115	9198
3117	742
3123	5777
3123	8020
3123	9583
3124	5353
3124	8873
3128	9870
3133	6873
3133	9116
3134	2473
3134	5372
3134	8858
3134	9663
3144	6291
3144	8490
3156	7165
3156	9047
3162	9689
3172	9605
3181	9749
3187	9762
3191	6274
3191	9908
3201	2542
3204	3728
3214	2476
3220	9634
3222	2267
3222	8687
3236	5266
3236	8496
3239	4060
3239	4069
3239	9102
3241	2476
3241	8395
3243	7000
3243	9881
3250	5924
3258	9575
3258	9908
3262	8431
3262	8490
3262	8618
3266	9229
3266	9451
3268	6421
3275	2645
3275	8135
3275	9605
3280	9464
3281	9957
3283	7005
3283	9464
3283	9622
3283	9696
3288	9944
3288	9995
3295	1942
3295	8190
3302	7056
3302	7756
3306	6996
3306	9080
3312	7110
3312	9731
3313	2448
3313	5413
3313	7624
3313	8226
3317	4226
3317	7396
3317	9543
3317	9809
3328	4760
3328	6019
3332	3575
3332	9224
3341	6480
3341	8618
3341	9103
3347	8020
3347	8886
3347	9629
3383	9731
3385	4965
3392	9191
3392	9430
3394	3632
3394	8516
3395	7789
3395	9569
3396	9094
3396	9902
3399	6888
3399	9518
3400	6097
3408	9692
3413	5842
3415	2057
3415	5689
3415	8241
3415	9910
3432	3907
3432	5772
3432	5936
3432	9518
3444	2463
3445	9277
3449	4975
3449	6977
3463	3848
3463	8110
3463	8326
3463	9654
3464	9365
3468	2701
3468	2763
3468	8835
3471	6403
3471	6842
3473	9159
3473	9221
3473	9313
3474	9127
3474	9904
3486	7543
3487	7544
3487	9006
3487	9351
3487	9955
3490	5476
3490	9944
3490	9995
3495	2682
3498	5310
3498	9865
3516	5430
3516	9467
3523	4086
3523	8440
3523	9869
3530	3649
3530	7814
3530	9228
3530	9374
3531	5060
3537	3657
3537	9159
3539	5490
3539	7012
3539	8935
3539	9343
3541	7671
3541	9224
3541	9503
3543	9406
3544	7232
3544	9955
3545	7176
3547	6242
3547	9429
3548	8044
3553	4889
3553	5387
3553	9646
3554	6905
3564	6412
3564	8117
3569	99
3572	2588
3572	4360
3572	9188
3574	6918
3574	9012
3574	9095
3575	3332
3575	5040
3575	8001
3575	9839
3575	9897
3585	1902
3585	7006
3590	4069
3590	6855
3590	7775
3590	8196
3590	9017
3594	8065
3594	9556
3594	9854
3595	9340
3606	9057
3606	9203
3608	2267
3608	6791
3609	1768
3621	9036
3627	5924
3628	9967
3632	3394
3632	7185
3632	8516
3641	9518
3641	9616
3649	3530
3649	5121
3649	8056
3649	8610
3649	8975
3654	5551
3654	7136
3654	8786
3657	3537
3660	8496
3662	803
3662	1574
3662	6568
3662	7269
3662	9693
3665	1545
3665	4159
3665	4996
3665	5542
3665	6358
3665	8610
3665	8687
3665	9228
3670	9906
3672	9659
3678	797
3678	2919
3678	9932
3682	8044
3682	9025
3682	9043
3692	684
3692	5338
3692	9616
3698	5532
3698	6889
3701	5736
3701	9495
3704	916
3704	4906
3704	6152
3713	6041
3713	7185
3721	5663
3721	6096
3721	7771
3724	9541
3724	9590
3728	1754
3728	3204
3728	5542
3728	8436
3728	8932
3728	9950
3736	9875
3746	8759
3746	9782
3749	7975
3749	8647
3752	1758
3752	6215
3752	9783
3755	4709
3759	7253
3759	7701
3759	8657
3775	9639
3775	9858
3786	9592
3786	9662
3808	7632
3808	8485
3813	9456
3825	50
3825	173
3825	684
3825	3011
3830	9430
3832	5706
3832	7432
3835	7769
3836	9398
3836	9583
3836	9669
3840	8125
3840	9198
3841	5274
3841	6470
3841	8622
3841	9187
3846	991
3846	8865
3848	3463
3848	4221
3848	7794
3853	1283
3853	8179
3853	9125
3871	9875
3877	1129
3877	2402
3877	6830
3877	7038
3877	7136
3881	9116
3881	9663
3885	1193
3885	3011
3885	7814
3889	2091
3892	2806
3892	5500
3900	9605
3907	3432
3907	6403
3907	8750
3907	9443
3912	435
3912	6496
3912	7601
3915	7031
3915	9476
3921	9892
3921	9981
3934	7984
3935	2463
3935	2542
3954	835
3954	6484
3955	9188
3968	1555
3970	4185
3972	9858
3981	8190
3981	9856
3990	7882
3990	9936
4000	5372
4000	8280
4001	4616
4001	5523
4001	8809
4001	9831
4006	6771
4006	7632
4006	8485
4015	8500
4015	9659
4015	9669
4026	7006
4026	9709
4027	9639
4042	6448
4042	7367
4042	9566
4044	1799
4044	7399
4044	9789
4045	7371
4045	9495
4050	7319
4050	9384
4060	3239
4060	6393
4060	9276
4061	485
4065	9017
4065	9616
4067	5758
4067	8125
4069	908
4069	3239
4069	3590
4069	8196
4075	1991
4075	6578
4077	4530
4077	4640
4077	7588
4077	8970
4077	9709
4086	2943
4086	3523
4086	6305
4086	9058
4091	1007
4091	1574
4091	2267
4091	2542
4095	9793
4121	8424
4131	6559
4131	6565
4137	2817
4137	9158
4139	2256
4140	9077
4140	9658
4147	6559
4147	7280
4147	9624
4150	5121
4150	8224
4150	9148
4152	1890
4154	6234
4154	9203
4156	9191
4157	2835
4159	3665
4163	704
4163	9565
4169	5395
4169	7125
4176	7159
4176	7399
4176	9789
4177	8375
4180	9521
4185	3970
4186	4279
4186	8555
4186	8800
4186	9209
4186	9690
4190	6212
4190	8622
4196	8223
4208	1869
4208	9148
4208	9745
4211	8079
4211	8826
4221	3848
4221	9826
4226	3317
4229	5037
4229	6998
4229	8609
4233	5477
4233	6903
4233	9209
4233	9782
4237	99
4237	2851
4237	7178
4237	9515
4244	2918
4244	4640
4244	6650
4251	7012
4253	1450
4253	2683
4253	6726
4253	7778
4258	9981
4262	1807
4262	9432
4263	588
4263	9444
4267	5490
4267	8157
4267	9881
4272	9662
4274	6891
4274	9819
4274	9865
4279	2829
4279	4186
4279	7160
4280	2823
4286	2990
4287	2968
4287	6676
4287	7821
4288	903
4288	5741
4294	9569
4294	9745
4294	9858
4296	7712
4296	9892
4304	4353
4304	7893
4304	9667
4305	9114
4312	6421
4315	435
4315	4441
4325	1234
4325	9910
4342	2133
4342	2402
4342	4880
4342	9330
4346	4810
4346	6151
4346	9221
4353	4304
4353	4870
4353	5149
4354	2634
4354	9065
4354	9394
4354	9605
4356	4387
4356	4453
4358	8860
4360	3572
4368	109
4368	9782
4373	5845
4373	6771
4373	9058
4373	9140
4382	4966
4387	1015
4387	4356
4387	9749
4387	9866
4387	9870
4395	2683
4395	5612
4395	7971
4405	9826
4413	36
4422	8679
4426	2306
4426	6421
4426	7093
4426	7237
4429	4889
4429	8143
4441	2365
4441	4315
4441	9580
4442	9384
4442	9993
4443	8079
4443	9276
4445	1454
4445	9394
4453	4356
4453	9365
4455	9229
4458	6646
4458	9303
4458	9309
4462	7893
4462	8065
4462	8508
4462	9890
4467	1150
4467	6403
4467	6601
4467	9025
4468	5036
4468	9879
4471	9503
4485	9879
4489	8992
4489	9707
4492	2823
4495	6401
4495	7288
4495	7671
4498	9465
4498	9575
4498	9749
4504	9763
4505	9606
4516	7854
4516	9233
4518	4567
4519	8225
4519	9094
4519	9797
4530	4077
4530	4800
4547	1381
4547	6433
4547	7367
4547	9839
4548	8795
4550	6859
4550	9624
4555	472
4555	6585
4555	6842
4558	7237
4558	8679
4560	8541
4560	9574
4562	2596
4567	4518
4568	6977
4568	7074
4574	8192
4574	8405
4574	9592
4597	8622
4616	4001
4616	7379
4616	8786
4616	9707
4633	8546
4633	9707
4634	6234
4634	9789
4640	1970
4640	4077
4640	4244
4640	7095
4640	7125
4647	1754
4647	8475
4649	692
4654	9444
4657	362
4657	2701
4663	5621
4663	9797
4665	9127
4665	9451
4668	2597
4668	5483
4668	5532
4673	6896
4673	8687
4678	6102
4695	6975
4695	9254
4709	3755
4709	6148
4709	8135
4711	5628
4711	9445
4711	9521
4715	1358
4715	6801
4715	9289
4715	9866
4717	6038
4717	8004
4717	9654
4717	9932
4718	9456
4732	5637
4732	9300
4734	9430
4735	993
4735	7733
4735	9762
4738	2682
4738	8862
4743	8755
4743	9173
4743	9282
4743	9819
4750	458
4750	7522
4752	5037
4752	8295
4752	9831
4755	3053
4757	7397
4757	8258
4760	1499
4760	2277
4760	3328
4770	655
4770	9053
4770	9305
4771	7290
4771	7971
4773	9731
4792	8334
4796	6578
4796	9377
4796	9935
4800	4530
4800	9709
4801	6334
4810	4346
4810	5864
4810	6950
4813	7527
4813	8691
4815	9787
4822	6646
4822	9390
4823	7953
4823	8681
4832	1394
4849	9556
4849	9854
4850	6430
4855	4915
4855	8354
4857	8577
4857	9401
4857	9565
4858	7136
4861	6311
4861	8334
4861	9957
4863	2057
4863	8696
4863	8759
4863	9504
4870	4353
4870	6974
4870	9079
4880	4342
4884	2856
4889	1925
4889	3553
4889	4429
4889	8103
4897	9319
4897	9401
4897	9797
4905	7648
4906	3704
4906	9095
4909	6144
4911	6395
4911	9398
4911	9756
4911	9881
4915	4855
4915	9590
4921	8485
4921	9112
4921	9639
4925	7589
4929	5331
4933	1278
4933	3025
4933	9255
4936	609
4936	7113
4936	7410
4936	8366
4958	7109
4958	9667
4960	8043
4965	3385
4966	4382
4966	5624
4971	9167
4975	1698
4975	3449
4981	8508
4981	8687
4981	9006
4992	205
4996	3665
4996	8950
4996	9228
4996	9476
5001	6071
5006	1412
5006	9288
5010	1353
5010	2917
5010	6785
5010	9424
5011	6850
5011	9384
5011	9793
5011	9993
5015	1450
5015	9881
5026	1799
5026	2045
5026	6058
5026	9006
5026	9592
5030	5413
5031	678
5031	8884
5032	6514
5032	7694
5032	9809
5034	6658
5034	9006
5034	9503
5036	4468
5036	9209
5037	4229
5037	4752
5037	9288
5039	9720
5040	3575
5040	5731
5041	2418
5041	6683
5041	8371
5041	8554
5041	9094
5041	9764
5042	307
5042	6845
5042	9826
5048	8125
5048	9095
5048	9373
5053	8496
5060	2538
5060	3531
5060	5061
5060	7784
5061	843
5061	5060
5061	5817
5061	9319
5061	9745
5066	1902
5066	5703
5066	8858
5068	7675
5068	8446
5070	1717
5070	8183
5070	9565
5073	6878
5073	9373
5073	9543
5073	9906
5086	6
5086	2574
5086	7520
5088	9309
5088	9662
5088	9845
5094	6533
5109	5378
5109	8224
5116	2553
5116	6420
5116	7042
5116	9432
5121	3649
5121	4150
5121	6242
5121	6531
5124	2196
5124	3025
5124	9870
5127	6480
5142	7386
5147	2091
5147	5150
5147	7441
5148	9663
5149	11
5149	4353
5149	7289
5150	5147
5150	6448
5150	9057
5156	8971
5156	9077
5156	9870
5157	7893
5157	9100
5176	7290
5176	9696
5176	9769
5183	1192
5183	9068
5189	7794
5192	9796
5193	1831
5193	6658
5194	5841
5194	9783
5236	5515
5239	3058
5239	6903
5239	9425
5266	3236
5266	9210
5267	6590
5267	6842
5267	8847
5270	9575
5270	9789
5270	9981
5274	883
5274	3841
5274	6129
5277	6896
5287	5882
5287	9255
5294	5848
5294	6784
5294	9210
5299	6277
5299	9955
5303	9127
5306	1737
5306	7920
5306	8526
5306	9932
5309	8541
5310	3498
5316	7396
5316	8282
5319	1224
5319	2596
5319	6096
5319	8371
5326	7872
5326	9254
5331	784
5331	4929
5331	5817
5331	5865
5331	7012
5331	9228
5333	8446
5333	9762
5338	173
5338	3692
5338	5985
5342	2113
5342	8405
5342	9203
5342	9709
5346	5523
5346	8971
5346	9476
5346	9870
5353	3124
5353	7269
5360	6414
5361	6041
5369	5996
5369	7925
5371	7488
5371	9634
5372	2127
5372	3134
5372	4000
5372	9881
5376	1957
5376	8065
5376	9787
5376	9831
5378	5109
5378	7814
5387	3553
5393	7419
5393	8819
5393	9429
5394	8106
5394	8826
5394	9604
5395	4169
5396	2951
5399	8157
5402	9350
5402	9569
5407	7186
5407	9467
5407	9782
5413	3313
5413	5030
5418	8849
5430	3516
5430	7624
5430	9861
5448	2597
5448	9696
5457	5925
5457	9228
5460	6573
5460	9282
5460	9606
5469	7995
5469	9763
5472	2424
5472	6366
5472	8817
5472	9300
5476	1226
5476	3490
5477	4233
5477	9756
5480	8133
5480	9769
5483	1929
5483	4668
5483	6683
5483	8085
5484	7990
5484	9731
5489	9551
5490	3539
5490	4267
5490	7089
5491	8536
5491	9416
5496	6169
5500	3892
5500	9845
5506	8617
5506	9782
5515	5236
5515	6475
5515	9566
5523	585
5523	4001
5523	5346
5523	8750
5523	8975
5523	9541
5528	9870
5532	881
5532	3698
5532	4668
5532	7433
5539	8759
5539	9476
5542	851
5542	3665
5542	3728
5542	8056
5542	8159
5542	8610
5542	9228
5542	9262
5547	1405
5547	8269
5551	3654
5551	5700
5551	5775
5575	2066
5575	6843
5575	6873
5591	1772
5591	7322
5602	1768
5602	1932
5602	6240
5602	9749
5609	1333
5609	3050
5612	491
5612	4395
5612	8862
5612	9311
5621	4663
5624	1570
5624	4966
5624	7433
5624	9444
5626	50
5626	2787
5626	9551
5628	4711
5628	6484
5628	8569
5628	9551
5637	4732
5637	7419
5653	9140
5663	1738
5663	2185
5663	3721
5663	8152
5663	9319
5663	9451
5667	2918
5667	8374
5675	5936
5675	8064
5675	9158
5675	9707
5678	7661
5678	9416
5683	7036
5683	9817
5689	3415
5689	8004
5697	151
5697	7712
5700	5551
5700	7821
5703	765
5703	5066
5703	6480
5703	8858
5703	9278
5703	9897
5706	362
5706	937
5706	3832
5706	8862
5709	6163
5719	7757
5720	9058
5724	2306
5724	5770
5724	6188
5724	7749
5727	58
5727	6152
5727	7113
5731	5040
5731	9944
5734	394
5734	6804
5734	8759
5735	7125
5736	3701
5736	9467
5736	9580
5736	9782
5737	3083
5737	7419
5737	8609
5741	2175
5741	4288
5746	9944
5746	9995
5756	8564
5758	1445
5758	4067
5758	7080
5758	9515
5763	2163
5763	7541
5763	9320
5763	9541
5770	5724
5770	7398
5770	9819
5772	3432
5775	5551
5777	3123
5777	7743
5777	7916
5777	9309
5777	9580
5783	7432
5783	9966
5787	8157
5794	5813
5794	6998
5795	582
5795	8371
5795	8848
5801	2646
5801	6563
5801	8578
5807	9551
5810	1112
5810	7165
5810	9065
5813	5794
5813	6998
5817	5061
5817	5331
5817	6105
5817	8314
5819	8928
5819	9845
5826	7397
5834	8683
5840	6056
5840	7874
5840	9865
5841	5194
5841	5996
5841	6699
5841	9187
5841	9892
5842	1394
5842	3413
5842	8176
5842	8928
5844	9658
5844	9762
5845	2170
5845	4373
5848	5294
5848	7756
5848	7918
5848	9694
5852	7056
5852	7483
5859	6422
5859	8873
5859	9377
5864	4810
5864	8691
5865	1936
5865	5331
5870	1721
5870	9495
5871	8639
5871	9575
5871	9629
5882	5287
5882	7543
5888	7433
5888	7872
5897	8844
5901	6309
5901	6936
5901	8441
5904	5972
5904	8886
5904	9590
5906	8326
5919	7159
5919	7681
5919	8143
5921	2000
5921	6996
5921	8508
5924	3250
5924	3627
5924	9616
5925	5457
5925	8653
5925	8904
5925	9897
5931	6395
5931	7608
5936	3432
5936	5675
5948	8446
5955	9763
5965	9663
5968	6153
5968	8577
5972	5904
5972	8625
5972	9590
5972	9890
5985	684
5985	3011
5985	5338
5985	7289
5986	6614
5987	7894
5990	2063
5990	2156
5990	2891
5990	9443
5996	5369
5996	5841
5996	9094
6004	8157
6004	8282
6019	3328
6019	7737
6025	6626
6025	8350
6025	9191
6025	9430
6026	1060
6032	841
6032	1508
6032	1590
6032	9551
6038	4717
6038	7331
6041	3713
6041	5361
6043	8544
6043	8919
6044	6974
6044	7269
6044	7522
6044	7756
6044	9313
6045	8969
6045	9574
6051	1799
6051	7712
6056	5840
6056	7012
6056	8450
6056	9574
6056	9879
6058	5026
6058	9854
6068	260
6068	9271
6071	5001
6071	6101
6071	8141
6071	8446
6079	8928
6079	9858
6096	1288
6096	1725
6096	2549
6096	3721
6096	5319
6096	8765
6096	9518
6097	3400
6097	9720
6101	2514
6101	6071
6102	4678
6102	6189
6102	7296
6102	7645
6105	5817
6105	8639
6105	9745
6105	9993
6108	8395
6108	9902
6113	109
6113	1278
6113	8440
6113	9869
6115	6279
6115	7488
6115	8581
6129	5274
6139	3001
6139	9590
6142	8368
6142	8860
6144	997
6144	4909
6144	8572
6144	9012
6147	1672
6147	7350
6148	657
6148	4709
6148	8643
6148	9605
6151	4346
6151	8697
6151	9073
6151	9221
6151	9657
6152	3704
6152	5727
6152	6211
6152	7415
6153	5968
6153	7650
6153	8886
6153	9629
6155	9908
6163	552
6163	5709
6163	9694
6169	571
6169	2467
6169	3005
6169	5496
6169	8871
6174	1231
6184	8326
6187	6822
6187	9764
6187	9967
6188	5724
6188	9148
6189	6102
6211	6152
6211	8371
6212	1590
6212	4190
6212	7411
6212	7749
6212	8230
6215	3752
6232	8516
6234	402
6234	4154
6234	4634
6234	6482
6234	8135
6234	9764
6234	9967
6235	2515
6235	8176
6240	2514
6240	5602
6240	6762
6242	3547
6242	5121
6242	9025
6242	9043
6261	3005
6261	6279
6261	6788
6274	3191
6274	7288
6274	7319
6274	9787
6274	9908
6275	8165
6275	9532
6277	5299
6279	6115
6279	6261
6279	9839
6291	2813
6291	3144
6305	1854
6305	4086
6305	9305
6305	9350
6309	5901
6309	6936
6311	4861
6311	6788
6311	9556
6311	9854
6312	8366
6312	9100
6313	6461
6313	7975
6334	4801
6334	6905
6334	7641
6358	3665
6358	8056
6358	8546
6358	8610
6358	9228
6364	7924
6366	5472
6366	9521
6389	9657
6393	2151
6393	4060
6393	6852
6393	7538
6393	9276
6395	1344
6395	4911
6395	5931
6395	9634
6397	8928
6397	9856
6401	257
6401	4495
6401	7605
6401	9427
6401	9604
6402	1946
6402	2357
6402	8079
6402	9655
6402	9789
6403	3471
6403	3907
6403	4467
6403	8375
6408	7660
6408	8086
6412	3564
6412	6842
6412	9398
6414	5360
6414	7544
6414	9432
6420	5116
6420	7445
6420	8143
6420	9856
6421	3268
6421	4312
6421	4426
6421	7159
6422	5859
6422	8860
6430	4850
6430	8079
6430	8658
6431	9655
6433	4547
6433	7367
6433	7675
6448	4042
6448	5150
6448	9427
6448	9897
6451	8157
6451	8284
6451	9116
6461	6313
6461	7589
6461	8569
6461	9541
6465	9932
6470	3841
6470	8314
6470	8874
6475	5515
6475	6676
6475	9320
6477	746
6477	6843
6477	9094
6480	3341
6480	5127
6480	5703
6482	2316
6482	3112
6482	6234
6482	6801
6482	9569
6484	3954
6484	5628
6484	9394
6496	2082
6496	3912
6496	7897
6496	9103
6502	1737
6502	6681
6502	7922
6502	9624
6514	5032
6514	7924
6531	5121
6531	8280
6533	5094
6533	9634
6534	7076
6534	9809
6535	7920
6535	9047
6535	9720
6549	8106
6549	9897
6559	4131
6559	4147
6559	8949
6563	5801
6565	4131
6565	7794
6565	9622
6565	9995
6568	2610
6568	3662
6568	6801
6568	8001
6568	8800
6568	9394
6568	9875
6573	5460
6573	7257
6573	9606
6573	9861
6578	2833
6578	4075
6578	4796
6581	773
6581	6993
6581	8284
6581	8423
6581	8450
6581	8617
6581	9047
6581	9258
6583	8037
6585	4555
6585	7814
6585	9904
6590	5267
6601	1993
6601	4467
6601	9622
6612	6975
6612	7757
6612	9254
6614	5986
6614	8835
6616	1622
6616	7161
6621	8431
6621	8490
6621	8618
6624	6641
6624	8285
6624	9565
6624	9763
6626	6025
6626	9191
6626	9430
6632	8687
6634	8795
6634	9282
6640	2236
6641	2452
6641	6624
6641	8285
6644	1946
6644	8516
6644	9476
6644	9932
6646	1470
6646	4458
6646	4822
6646	9309
6650	4244
6658	632
6658	2045
6658	2236
6658	5034
6658	5193
6658	7212
6658	9224
6658	9503
6673	1748
6673	9221
6676	4287
6676	6475
6676	9320
6681	2318
6681	6502
6681	9228
6683	36
6683	5041
6683	5483
6683	7737
6683	7888
6683	7984
6683	8554
6683	9258
6690	7232
6690	7296
6690	8125
6690	9200
6692	9096
6692	9902
6699	5841
6699	9350
6726	1498
6726	2124
6726	3096
6726	4253
6726	9313
6736	2983
6736	9077
6736	9689
6738	1619
6738	2750
6738	2813
6738	2983
6738	6905
6738	8210
6738	9125
6754	1454
6759	1013
6759	9365
6760	1453
6760	8572
6760	9351
6762	3025
6762	6240
6763	1473
6763	7775
6763	8354
6771	4006
6771	4373
6771	9198
6771	9902
6783	7398
6784	5294
6784	6965
6784	9950
6785	5010
6785	7599
6785	9566
6788	2691
6788	6261
6788	6311
6788	8065
6788	8681
6788	9935
6791	3608
6795	6843
6795	9605
6801	4715
6801	6482
6801	6568
6801	9875
6804	5734
6804	8647
6806	9116
6809	8610
6812	9073
6813	1854
6813	9167
6813	9839
6813	9904
6822	2133
6822	6187
6822	8423
6830	3877
6830	7165
6830	9745
6831	421
6831	7971
6835	588
6835	1557
6835	9966
6842	3471
6842	4555
6842	5267
6842	6412
6842	7671
6842	8847
6843	5575
6843	6477
6843	6795
6843	7031
6843	7257
6845	5042
6845	7645
6845	8418
6849	571
6850	5011
6850	7601
6850	9255
6850	9583
6850	9935
6852	6393
6852	9276
6852	9957
6855	3590
6855	8935
6859	4550
6859	7922
6859	9624
6873	827
6873	3133
6873	5575
6873	9053
6873	9639
6874	1959
6874	8192
6878	996
6878	5073
6878	8569
6888	3399
6888	7825
6889	3698
6889	9343
6891	3048
6891	4274
6891	9796
6896	4673
6896	5277
6896	8117
6896	9167
6896	9574
6903	1560
6903	4233
6903	5239
6903	9796
6905	3554
6905	6334
6905	6738
6905	8234
6905	8282
6910	2151
6910	8418
6910	9532
6918	3574
6918	9012
6923	7701
6923	8205
6923	8835
6923	9017
6936	1861
6936	5901
6936	6309
6936	8441
6936	9348
6936	9445
6936	9831
6939	9158
6939	9521
6947	7168
6950	4810
6950	7581
6959	9734
6962	9330
6962	9516
6965	6784
6965	8563
6965	9476
6974	803
6974	4870
6974	6044
6974	7269
6975	4695
6975	6612
6975	7757
6975	8495
6975	8526
6977	3449
6977	4568
6977	7136
6977	7702
6977	9902
6993	6581
6993	7724
6993	8443
6993	8949
6993	9311
6993	9858
6996	2693
6996	3306
6996	5921
6996	9330
6996	9817
6998	2163
6998	4229
6998	5794
6998	5813
7000	2476
7000	3243
7000	7144
7005	3283
7005	9445
7006	3585
7006	4026
7006	8368
7006	9543
7010	9906
7012	3539
7012	4251
7012	5331
7012	6056
7012	8450
7012	8970
7012	9566
7022	362
7022	7857
7022	9756
7022	9892
7024	7671
7024	9875
7029	8526
7029	9932
7031	3915
7031	6843
7036	5683
7038	2587
7038	3877
7038	7441
7038	8932
7038	9198
7039	8858
7039	9047
7039	9057
7039	9809
7042	5116
7042	8086
7042	8269
7042	9797
7056	406
7056	3302
7056	5852
7056	7483
7056	7885
7056	9278
7056	9365
7062	8179
7067	1173
7067	8681
7071	8546
7071	9096
7071	9944
7071	9995
7074	4568
7074	7138
7074	9809
7076	2905
7076	6534
7076	7637
7077	628
7077	2746
7077	7567
7077	9394
7077	9659
7080	5758
7080	9936
7087	2899
7087	8677
7087	9319
7087	9374
7087	9583
7089	5490
7089	7257
7093	4426
7093	7166
7093	9629
7095	1020
7095	1557
7095	1918
7095	4640
7095	8555
7095	8764
7102	181
7102	1428
7102	7339
7102	7554
7109	1020
7109	4958
7109	8475
7109	8541
7109	9305
7110	3312
7110	8495
7110	8536
7110	9892
7113	2736
7113	4936
7113	5727
7125	4169
7125	4640
7125	5735
7125	7581
7125	9350
7133	923
7133	1305
7133	2759
7136	1768
7136	3654
7136	3877
7136	4858
7136	6977
7136	9300
7138	7074
7138	7319
7142	7567
7142	8631
7144	908
7144	7000
7144	9657
7144	9957
7148	692
7148	9451
7155	9762
7157	8001
7157	9875
7159	2463
7159	4176
7159	5919
7159	6421
7160	4279
7160	7371
7160	7386
7160	9892
7161	6616
7161	9374
7165	3156
7165	5810
7165	6830
7165	8110
7165	9255
7165	9575
7166	3091
7166	7093
7166	7946
7168	6947
7168	7694
7168	8280
7168	8860
7168	9890
7173	1437
7173	9158
7173	9456
7173	9897
7175	1865
7175	7507
7175	8021
7175	9657
7175	9935
7176	3545
7176	7415
7176	9233
7176	9503
7176	9639
7178	4237
7178	8295
7178	9515
7185	3632
7185	3713
7185	7733
7185	8284
7185	9187
7186	5407
7186	8653
7186	9300
7188	8395
7188	8755
7188	9819
7193	1606
7193	7581
7193	8919
7193	9575
7209	9009
7209	9655
7209	9817
7212	6658
7212	9124
7212	9639
7212	9663
7227	9416
7227	9932
7232	3544
7232	6690
7232	7296
7232	7956
7232	8884
7232	9200
7237	668
7237	4426
7237	4558
7237	7775
7237	8764
7240	2170
7240	7492
7246	8063
7246	8441
7246	8563
7253	3759
7253	8157
7253	8564
7253	9881
7257	6573
7257	6843
7257	7089
7266	704
7266	8886
7266	9950
7267	8956
7267	9394
7269	76
7269	3662
7269	5353
7269	6044
7269	6974
7269	9254
7272	7893
7272	9140
7272	9654
7272	9667
7280	4147
7280	8958
7282	886
7282	1835
7288	4495
7288	6274
7288	9221
7288	9908
7289	5149
7289	5985
7289	8159
7289	9374
7290	4771
7290	5176
7290	9634
7290	9769
7291	2415
7291	2917
7291	8755
7291	9095
7291	9173
7291	9819
7296	6102
7296	6690
7296	7232
7296	8374
7296	8884
7296	9709
7298	8541
7298	8969
7298	9657
7311	7771
7311	8485
7319	164
7319	4050
7319	6274
7319	7138
7319	7780
7322	5591
7322	9124
7322	9819
7322	9950
7331	1206
7331	6038
7331	8165
7339	7102
7339	9077
7339	9689
7350	6147
7350	8143
7350	9112
7366	8447
7366	8848
7366	9580
7367	4042
7367	4547
7367	6433
7367	7675
7371	2133
7371	4045
7371	7160
7371	7386
7371	7740
7371	8110
7372	3091
7372	7769
7377	997
7377	7789
7377	9073
7379	1276
7379	3070
7379	4616
7379	8133
7386	350
7386	1590
7386	2091
7386	2990
7386	5142
7386	7160
7386	7371
7386	7740
7386	9278
7396	1914
7396	3317
7396	5316
7396	8257
7396	8368
7397	4757
7397	5826
7397	8122
7397	8258
7397	9271
7398	5770
7398	6783
7399	1432
7399	4044
7399	4176
7399	8808
7399	9789
7399	9866
7410	736
7410	4936
7410	7928
7410	7984
7410	9521
7411	1931
7411	6212
7411	7743
7411	7749
7411	8230
7411	9167
7411	9173
7415	1383
7415	6152
7415	7176
7415	9233
7419	1589
7419	5393
7419	5637
7419	5737
7419	7926
7419	8819
7419	9300
7419	9579
7432	2057
7432	3832
7432	5783
7433	5532
7433	5624
7433	5888
7433	9444
7440	9096
7440	9935
7441	5147
7441	7038
7441	8441
7441	9658
7445	6420
7445	8443
7445	9127
7445	9255
7446	7660
7446	9655
7446	9817
7465	253
7465	1007
7465	1129
7465	7975
7467	2942
7467	8919
7476	9089
7476	9317
7480	1098
7483	1865
7483	5852
7483	7056
7483	7885
7483	9278
7486	7637
7486	8956
7486	9734
7486	9935
7488	379
7488	5371
7488	6115
7488	8190
7488	8581
7492	1404
7492	7240
7492	7567
7507	1848
7507	1865
7507	7175
7507	8021
7507	8141
7507	9221
7507	9657
7513	2648
7513	7567
7513	9692
7520	884
7520	2968
7520	5086
7520	7756
7520	7801
7522	4750
7522	6044
7522	7605
7522	8809
7522	9604
7527	4813
7527	7784
7527	9319
7538	678
7538	1874
7538	6393
7538	9340
7538	9762
7541	996
7541	5763
7541	8625
7541	8975
7541	9541
7543	3486
7543	5882
7543	7918
7543	8865
7544	3487
7544	6414
7544	7587
7544	8563
7546	8475
7546	9282
7546	9955
7554	135
7554	7102
7554	9995
7567	7077
7567	7142
7567	7492
7567	7513
7573	152
7573	1869
7573	8765
7581	6950
7581	7125
7581	7193
7587	1992
7587	2436
7587	7544
7587	8658
7587	8691
7588	4077
7588	8405
7588	9655
7588	9709
7589	4925
7589	6461
7589	9451
7599	6785
7601	676
7601	3912
7601	6850
7601	9020
7601	9053
7601	9993
7605	1012
7605	6401
7605	7522
7605	7881
7605	9604
7605	9944
7608	5931
7624	3313
7624	5430
7632	586
7632	3808
7632	4006
7632	9569
7637	2905
7637	7076
7637	7486
7637	8765
7638	552
7638	9579
7639	8555
7639	9380
7639	9764
7641	451
7641	6334
7641	8817
7641	9089
7642	2402
7645	6102
7645	6845
7647	152
7647	2452
7647	7729
7647	9228
7648	280
7648	4905
7648	9908
7648	9944
7650	6153
7650	9406
7660	6408
7660	7446
7660	9764
7661	5678
7661	9416
7668	8110
7668	8750
7671	3541
7671	4495
7671	6842
7671	7024
7671	8844
7671	8847
7671	9020
7675	304
7675	5068
7675	6433
7675	7367
7681	5919
7681	8874
7681	9167
7684	646
7684	1807
7694	5032
7694	7168
7694	8631
7694	9890
7696	470
7696	8110
7696	9047
7701	3759
7701	6923
7701	9017
7702	1736
7702	1861
7702	6977
7702	8269
7712	4296
7712	5697
7712	6051
7712	7729
7712	8341
7712	8424
7712	8495
7712	9892
7724	6993
7724	8949
7724	9073
7724	9311
7724	9427
7724	9910
7729	2835
7729	7647
7729	7712
7729	8516
7733	2327
7733	4735
7733	7185
7733	8441
7733	8919
7737	797
7737	1015
7737	6019
7737	6683
7737	7990
7737	9330
7740	7371
7740	7386
7740	9604
7743	5777
7743	7411
7749	5724
7749	6212
7749	7411
7749	7990
7749	8223
7750	9839
7750	9904
7752	8865
7752	9158
7752	9398
7752	9669
7756	3302
7756	5848
7756	6044
7756	7520
7756	7801
7756	9845
7757	5719
7757	6612
7757	6975
7757	9796
7762	902
7769	1122
7769	3835
7769	7372
7769	8490
7769	9432
7771	3721
7771	7311
7771	8197
7771	9936
7775	3590
7775	6763
7775	7237
7775	9624
7778	4253
7778	8555
7780	2295
7780	7319
7780	8329
7784	5060
7784	7527
7789	3395
7789	7377
7789	8971
7789	9073
7789	9543
7793	8598
7793	9200
7793	9551
7794	3848
7794	5189
7794	6565
7801	7520
7801	7756
7811	7874
7811	8555
7811	9692
7814	3530
7814	3885
7814	5378
7814	6585
7821	4287
7821	5700
7821	8354
7825	214
7825	682
7825	6888
7825	8103
7825	8536
7825	8657
7830	9796
7830	9902
7854	2443
7854	4516
7854	7897
7854	9036
7854	9662
7854	9879
7857	1670
7857	7022
7857	7924
7857	9209
7871	2243
7871	9521
7872	5326
7872	5888
7872	8196
7872	8844
7872	9058
7872	9254
7874	5840
7874	7811
7874	8450
7874	8970
7874	9879
7881	7605
7881	8282
7882	500
7882	3990
7882	8292
7882	8578
7882	9944
7885	7056
7885	7483
7885	8199
7885	9278
7888	6683
7888	8844
7888	9696
7893	1577
7893	2120
7893	4304
7893	4462
7893	5157
7893	7272
7893	8589
7893	9140
7893	9654
7893	9950
7894	982
7894	5987
7894	8190
7894	8589
7894	8643
7894	9444
7897	204
7897	6496
7897	7854
7897	9103
7907	1676
7907	7934
7907	9148
7910	8992
7910	9158
7916	2549
7916	5777
7916	8447
7916	8840
7916	9580
7918	5848
7918	7543
7918	8625
7920	5306
7920	6535
7920	9734
7922	368
7922	3050
7922	6502
7922	6859
7922	8329
7922	9401
7922	9569
7922	9624
7922	9854
7924	6364
7924	6514
7924	7857
7924	9861
7925	2987
7925	5369
7926	2568
7926	7419
7926	8683
7926	9583
7926	9657
7928	7410
7928	9079
7934	7907
7946	2195
7946	7166
7946	7975
7946	8975
7953	1482
7953	4823
7956	7232
7956	8176
7956	8884
7956	9622
7971	4395
7971	4771
7971	6831
7971	9590
7971	9634
7975	1129
7975	3749
7975	6313
7975	7465
7975	7946
7975	8350
7975	9158
7975	9233
7984	3934
7984	6683
7984	7410
7984	8554
7984	8844
7984	9203
7984	9467
7990	5484
7990	7737
7990	7749
7995	1148
7995	5469
7995	8812
7995	8827
7995	9210
8001	3575
8001	6568
8001	7157
8001	9875
8003	8554
8003	8812
8004	4717
8004	5689
8004	8935
8005	228
8005	923
8005	9047
8020	3123
8020	3347
8020	8862
8020	8865
8020	9158
8020	9583
8021	1865
8021	2877
8021	7175
8021	7507
8021	8292
8021	9657
8037	6583
8037	8341
8037	9693
8043	205
8043	4960
8043	8135
8044	2538
8044	2668
8044	3548
8044	3682
8044	8122
8044	9216
8044	9518
8056	3649
8056	5542
8056	6358
8056	8610
8056	9228
8063	7246
8063	9432
8064	379
8064	1610
8064	5675
8064	8190
8064	8424
8064	9655
8065	3594
8065	4462
8065	5376
8065	6788
8065	9604
8073	8598
8073	8871
8079	3096
8079	4211
8079	4443
8079	6402
8079	6430
8079	8157
8079	8658
8085	5483
8086	2476
8086	6408
8086	7042
8086	8269
8086	8874
8086	9667
8103	1436
8103	1499
8103	4889
8103	7825
8106	884
8106	1499
8106	2615
8106	5394
8106	6549
8106	8450
8106	8564
8106	9136
8108	378
8108	1808
8108	2029
8108	8655
8108	9451
8108	9556
8108	9854
8108	9892
8110	3463
8110	7165
8110	7371
8110	7668
8110	7696
8110	9047
8117	3564
8117	6896
8117	8508
8117	8835
8117	8975
8122	2899
8122	7397
8122	8044
8122	9518
8122	9783
8125	2556
8125	3840
8125	4067
8125	5048
8125	6690
8125	9351
8125	9955
8133	2066
8133	5480
8133	7379
8133	9445
8135	2517
8135	3275
8135	4709
8135	6234
8135	8043
8135	8643
8141	6071
8141	7507
8141	9693
8143	1606
8143	4429
8143	5919
8143	6420
8143	7350
8143	8691
8152	5663
8152	8683
8152	8858
8152	9451
8157	4267
8157	5399
8157	5787
8157	6004
8157	6451
8157	7253
8157	8079
8157	8564
8157	9881
8159	5542
8159	7289
8159	9654
8159	9667
8165	2257
8165	6275
8165	7331
8176	5842
8176	6235
8176	7956
8179	64
8179	3853
8179	7062
8179	9309
8183	136
8183	5070
8183	9124
8183	9565
8183	9819
8190	3295
8190	3981
8190	7488
8190	7894
8190	8064
8192	4574
8192	6874
8196	2463
8196	3590
8196	4069
8196	7872
8196	8554
8196	8639
8197	7771
8197	8199
8197	9309
8197	9330
8199	7885
8199	8197
8205	742
8205	6923
8205	9017
8210	2983
8210	6738
8210	9662
8223	4196
8223	7749
8223	9606
8224	4150
8224	5109
8225	2377
8225	2939
8225	2951
8225	4519
8225	9696
8225	9831
8226	173
8226	1703
8226	3313
8230	901
8230	2306
8230	6212
8230	7411
8230	9503
8234	6905
8241	1619
8241	3415
8241	8631
8241	8683
8256	1606
8256	8441
8256	9797
8257	205
8257	7396
8257	8368
8257	9165
8257	9574
8258	1037
8258	4757
8258	7397
8269	5547
8269	7042
8269	7702
8269	8086
8269	8285
8280	48
8280	1173
8280	4000
8280	6531
8280	7168
8280	9606
8282	2605
8282	5316
8282	6004
8282	6905
8282	7881
8282	8541
8284	2622
8284	6451
8284	6581
8284	7185
8285	901
8285	2917
8285	6624
8285	6641
8285	8269
8285	9102
8285	9657
8285	9908
8292	7882
8292	8021
8292	8578
8292	9210
8292	9317
8295	1484
8295	4752
8295	7178
8295	9401
8295	9565
8314	304
8314	402
8314	2428
8314	5817
8314	6470
8314	8874
8314	9167
8326	435
8326	2102
8326	2823
8326	2974
8326	3463
8326	5906
8326	6184
8326	9654
8329	1670
8329	7780
8329	7922
8329	9167
8329	9579
8334	1830
8334	4792
8334	4861
8341	7712
8341	8037
8341	9693
8350	1223
8350	6025
8350	7975
8350	9080
8350	9282
8354	538
8354	3079
8354	4855
8354	6763
8354	7821
8354	8513
8354	8589
8354	9845
8366	99
8366	2452
8366	4936
8366	6312
8366	8956
8366	9289
8368	2127
8368	2856
8368	6142
8368	7006
8368	7396
8368	8257
8368	8405
8368	9543
8371	439
8371	5041
8371	5319
8371	5795
8371	6211
8371	9793
8374	1858
8374	5667
8374	7296
8374	8920
8374	9516
8375	4177
8375	6403
8375	8992
8375	9080
8375	9398
8395	3241
8395	6108
8395	7188
8395	9910
8405	4574
8405	5342
8405	7588
8405	8368
8405	8440
8405	9709
8405	9932
8418	6845
8418	6910
8418	8618
8418	9020
8423	59
8423	6581
8423	6822
8423	8932
8423	9200
8424	2645
8424	4121
8424	7712
8424	8064
8431	3262
8431	6621
8431	8490
8436	3728
8436	8932
8440	746
8440	3523
8440	6113
8440	8405
8440	9233
8440	9869
8440	9966
8441	5901
8441	6936
8441	7246
8441	7441
8441	7733
8441	8256
8441	9348
8443	491
8443	1484
8443	2452
8443	6993
8443	7445
8443	8949
8443	9311
8443	9869
8446	1206
8446	5068
8446	5333
8446	5948
8446	6071
8446	9221
8447	7366
8447	7916
8447	8848
8447	8860
8450	6056
8450	6581
8450	7012
8450	7874
8450	8106
8450	8970
8450	9036
8450	9879
8475	2597
8475	4647
8475	7109
8475	7546
8485	3808
8485	4006
8485	4921
8485	7311
8485	9012
8485	9579
8485	9639
8490	1732
8490	3144
8490	3262
8490	6621
8490	7769
8490	8431
8490	8618
8490	9826
8495	100
8495	6975
8495	7110
8495	7712
8495	9845
8495	9892
8496	102
8496	3236
8496	3660
8496	5053
8496	8631
8496	8958
8496	9659
8500	1703
8500	4015
8508	704
8508	4462
8508	4981
8508	5921
8508	8117
8508	9229
8508	9365
8508	9831
8513	176
8513	481
8513	528
8513	8354
8516	410
8516	1157
8516	3394
8516	3632
8516	6232
8516	6644
8516	7729
8526	710
8526	5306
8526	6975
8526	7029
8526	9932
8534	666
8534	1918
8536	692
8536	1814
8536	5491
8536	7110
8536	7825
8536	9690
8536	9892
8541	4560
8541	5309
8541	7109
8541	7298
8541	8282
8541	8969
8541	9574
8544	1013
8544	6043
8544	9782
8544	9904
8546	1350
8546	4633
8546	6358
8546	7071
8554	5041
8554	6683
8554	7984
8554	8003
8554	8196
8554	9262
8555	1276
8555	4186
8555	7095
8555	7639
8555	7778
8555	7811
8555	8966
8563	1327
8563	2389
8563	6965
8563	7246
8563	7544
8564	5756
8564	7253
8564	8106
8564	8157
8564	8658
8569	212
8569	1936
8569	5628
8569	6461
8569	6878
8572	618
8572	6144
8572	6760
8572	9394
8572	9464
8577	4857
8577	5968
8577	9401
8577	9427
8578	2591
8578	5801
8578	7882
8578	8292
8581	6115
8581	7488
8581	9456
8581	9605
8581	9966
8589	7893
8589	7894
8589	8354
8589	9080
8598	1830
8598	7793
8598	8073
8598	8840
8598	9416
8609	710
8609	1157
8609	2518
8609	3053
8609	3083
8609	4229
8609	5737
8609	9796
8610	1403
8610	2590
8610	3649
8610	3665
8610	5542
8610	6358
8610	6809
8610	8056
8610	8685
8610	9057
8610	9228
8610	9655
8617	761
8617	773
8617	2418
8617	5506
8617	6581
8617	9456
8617	9622
8618	1732
8618	3262
8618	3341
8618	6621
8618	8418
8618	8490
8618	9575
8618	9646
8622	3841
8622	4190
8622	4597
8622	8709
8622	9102
8625	204
8625	1508
8625	5972
8625	7541
8625	7918
8625	9096
8631	765
8631	7142
8631	7694
8631	8241
8631	8496
8631	8958
8631	9384
8631	9993
8639	5871
8639	6105
8639	8196
8639	9694
8639	9745
8643	2783
8643	6148
8643	7894
8643	8135
8643	9148
8643	9605
8647	164
8647	3749
8647	6804
8647	9187
8647	9210
8647	9551
8653	5925
8653	7186
8653	8904
8653	9390
8653	9897
8655	8108
8655	8992
8657	2217
8657	3759
8657	7825
8657	9224
8658	6430
8658	7587
8658	8079
8658	8564
8658	9881
8677	7087
8677	9136
8677	9374
8679	707
8679	4422
8679	4558
8679	9317
8681	4823
8681	6788
8681	7067
8681	8919
8681	9870
8681	9950
8683	5834
8683	7926
8683	8152
8683	8241
8683	9351
8685	2141
8685	8610
8685	9159
8685	9707
8686	1405
8686	9114
8686	9209
8686	9504
8687	1670
8687	3222
8687	3665
8687	4673
8687	4981
8687	6632
8687	9229
8687	9756
8691	968
8691	2295
8691	4813
8691	5864
8691	7587
8691	8143
8696	2113
8696	4863
8697	6151
8697	9406
8709	8622
8709	9394
8709	9662
8709	9731
8750	3907
8750	5523
8750	7668
8750	8971
8755	4743
8755	7188
8755	7291
8755	9173
8755	9566
8755	9819
8759	3746
8759	4863
8759	5539
8759	5734
8759	9057
8759	9782
8764	1830
8764	7095
8764	7237
8765	6096
8765	7573
8765	7637
8765	9783
8781	9720
8786	3654
8786	4616
8786	9148
8786	9216
8786	9258
8795	1718
8795	1808
8795	2418
8795	4548
8795	6634
8795	9258
8800	641
8800	4186
8800	6568
8800	9303
8800	9309
8800	9456
8808	963
8808	7399
8808	9100
8809	4001
8809	7522
8809	9358
8809	9734
8809	9831
8812	2646
8812	7995
8812	8003
8812	9009
8812	9210
8817	2424
8817	5472
8817	7641
8817	9089
8819	1589
8819	5393
8819	7419
8819	9262
8819	9300
8819	9429
8826	4211
8826	5394
8826	9616
8827	1808
8827	7995
8827	9210
8835	2691
8835	3468
8835	6614
8835	6923
8835	8117
8835	9017
8835	9043
8835	9077
8835	9694
8840	2054
8840	2423
8840	2607
8840	7916
8840	8598
8844	5897
8844	7671
8844	7872
8844	7888
8844	7984
8844	9398
8844	9696
8847	2556
8847	2951
8847	5267
8847	6842
8847	7671
8847	9783
8848	2341
8848	5795
8848	7366
8848	8447
8848	9373
8848	9580
8849	5418
8849	9262
8858	3134
8858	5066
8858	5703
8858	7039
8858	8152
8860	135
8860	2114
8860	4358
8860	6142
8860	6422
8860	7168
8860	8447
8862	1173
8862	4738
8862	5612
8862	5706
8862	8020
8865	467
8865	1193
8865	3846
8865	7543
8865	7752
8865	8020
8865	9103
8865	9158
8865	9398
8871	58
8871	2341
8871	6169
8871	8073
8871	9384
8871	9865
8873	1060
8873	2133
8873	2233
8873	2243
8873	3124
8873	5859
8873	9659
8874	6470
8874	7681
8874	8086
8874	8314
8874	9574
8884	5031
8884	7232
8884	7296
8884	7956
8884	9200
8886	3347
8886	5904
8886	6153
8886	7266
8886	9667
8886	9763
8886	9981
8904	2783
8904	5925
8904	8653
8904	9897
8919	2677
8919	6043
8919	7193
8919	7467
8919	7733
8919	8681
8919	9079
8920	1577
8920	2918
8920	8374
8920	9845
8924	187
8924	1192
8924	9068
8924	9277
8924	9845
8928	248
8928	2608
8928	5819
8928	5842
8928	6079
8928	6397
8928	9856
8932	3728
8932	7038
8932	8423
8932	8436
8932	8969
8932	9950
8935	120
8935	3539
8935	6855
8935	8004
8935	9343
8935	9690
8949	6559
8949	6993
8949	7724
8949	8443
8949	9311
8949	9995
8950	4996
8950	9209
8950	9663
8956	1672
8956	2538
8956	7267
8956	7486
8956	8366
8956	9065
8956	9566
8958	2588
8958	7280
8958	8496
8958	8631
8958	9993
8966	8555
8966	9036
8966	9073
8966	9095
8966	9476
8966	9692
8969	1063
8969	6045
8969	7298
8969	8541
8969	8932
8969	8971
8969	9574
8970	4077
8970	7012
8970	7874
8970	8450
8970	9036
8970	9080
8970	9879
8971	1539
8971	3025
8971	5156
8971	5346
8971	7789
8971	8750
8971	8969
8971	9870
8975	1524
8975	1810
8975	1931
8975	2423
8975	3649
8975	5523
8975	7541
8975	7946
8975	8117
8975	9136
8975	9541
8992	4489
8992	7910
8992	8375
8992	8655
8992	9300
8992	9605
9006	3487
9006	4981
9006	5026
9006	5034
9006	9224
9006	9300
9006	9503
9009	7209
9009	8812
9009	9696
9012	3574
9012	6144
9012	6918
9012	8485
9012	9079
9012	9112
9017	665
9017	3590
9017	4065
9017	6923
9017	7701
9017	8205
9017	8835
9017	9317
9017	9583
9020	688
9020	7601
9020	7671
9020	8418
9020	9114
9020	9443
9020	9579
9020	9763
9025	1150
9025	3682
9025	4467
9025	6242
9025	9541
9025	9622
9036	1739
9036	2443
9036	3621
9036	7854
9036	8450
9036	8966
9036	8970
9036	9879
9043	1150
9043	1173
9043	3682
9043	6242
9043	8835
9043	9622
9043	9910
9047	467
9047	1045
9047	3156
9047	6535
9047	6581
9047	7039
9047	7696
9047	8005
9047	8110
9050	1276
9050	9495
9053	4770
9053	6873
9053	7601
9057	884
9057	3606
9057	5150
9057	7039
9057	8610
9057	8759
9057	9203
9057	9427
9058	628
9058	4086
9058	4373
9058	5720
9058	7872
9058	9892
9065	704
9065	2759
9065	4354
9065	5810
9065	8956
9065	9720
9065	9875
9068	1192
9068	5183
9068	8924
9068	9340
9073	1226
9073	1902
9073	6151
9073	6812
9073	7377
9073	7724
9073	7789
9073	8966
9073	9590
9077	2983
9077	4140
9077	5156
9077	6736
9077	7339
9077	8835
9077	9689
9079	4870
9079	7928
9079	8919
9079	9012
9080	571
9080	3306
9080	8350
9080	8375
9080	8589
9080	8970
9080	9188
9089	993
9089	1539
9089	7476
9089	7641
9089	8817
9094	100
9094	3115
9094	3396
9094	4519
9094	5041
9094	5996
9094	6477
9094	9515
9094	9902
9095	3574
9095	4906
9095	5048
9095	7291
9095	8966
9095	9373
9095	9390
9096	1807
9096	6692
9096	7071
9096	7440
9096	8625
9100	963
9100	5157
9100	6312
9100	8808
9100	9384
9102	1656
9102	2726
9102	3239
9102	8285
9102	8622
9102	9845
9103	3341
9103	6496
9103	7897
9103	8865
9103	9282
9103	9340
9112	4921
9112	7350
9112	9012
9112	9380
9112	9427
9112	9445
9114	4305
9114	8686
9114	9020
9114	9579
9114	9763
9116	3133
9116	3881
9116	6451
9116	6806
9116	9521
9124	2919
9124	7212
9124	7322
9124	8183
9124	9464
9125	792
9125	825
9125	2542
9125	3853
9125	6738
9127	1181
9127	3474
9127	4665
9127	5303
9127	7445
9127	9255
9136	2615
9136	8106
9136	8677
9136	8975
9140	1333
9140	2127
9140	4373
9140	5653
9140	7272
9140	7893
9140	9380
9140	9667
9148	4150
9148	4208
9148	6188
9148	7907
9148	8643
9148	8786
9148	9432
9148	9734
9158	2185
9158	4137
9158	5675
9158	6939
9158	7173
9158	7752
9158	7910
9158	7975
9158	8020
9158	8865
9158	9221
9158	9398
9158	9583
9158	9669
9159	59
9159	1656
9159	2428
9159	3473
9159	3537
9159	8685
9165	2272
9165	2829
9165	8257
9165	9543
9165	9756
9165	9902
9167	1668
9167	4971
9167	6813
9167	6896
9167	7411
9167	7681
9167	8314
9167	8329
9167	9936
9173	2471
9173	4743
9173	7291
9173	7411
9173	8755
9173	9819
9187	1484
9187	3841
9187	5841
9187	7185
9187	8647
9187	9787
9188	2939
9188	3572
9188	3955
9188	9080
9191	3392
9191	4156
9191	6025
9191	6626
9191	9340
9191	9430
9198	2581
9198	3115
9198	3840
9198	6771
9198	7038
9198	9373
9200	6690
9200	7232
9200	7793
9200	8423
9200	8884
9200	9783
9203	3606
9203	4154
9203	5342
9203	7984
9203	9057
9203	9228
9209	1670
9209	2727
9209	4186
9209	4233
9209	5036
9209	7857
9209	8686
9209	8950
9209	9443
9209	9634
9209	9756
9210	671
9210	2163
9210	5266
9210	5294
9210	7995
9210	8292
9210	8647
9210	8812
9210	8827
9216	2502
9216	2899
9216	8044
9216	8786
9216	9669
9216	9731
9216	9995
9221	2574
9221	3473
9221	4346
9221	6151
9221	6673
9221	7288
9221	7507
9221	8446
9221	9158
9221	9657
9224	843
9224	3332
9224	3541
9224	6658
9224	8657
9224	9006
9224	9892
9228	2300
9228	3530
9228	3665
9228	4996
9228	5331
9228	5457
9228	5542
9228	6358
9228	6681
9228	7647
9228	8056
9228	8610
9228	9203
9228	9696
9228	9981
9229	3266
9229	4455
9229	8508
9229	8687
9229	9365
9233	214
9233	402
9233	4516
9233	7176
9233	7415
9233	7975
9233	8440
9233	9590
9254	1631
9254	4695
9254	5326
9254	6612
9254	7269
9254	7872
9255	1181
9255	1992
9255	4933
9255	5287
9255	6850
9255	7165
9255	7445
9255	9127
9258	50
9258	6581
9258	6683
9258	8786
9258	8795
9262	5542
9262	8554
9262	8819
9262	8849
9262	9300
9262	9401
9262	9429
9271	6068
9271	7397
9271	9278
9276	710
9276	2186
9276	4060
9276	4443
9276	6393
9276	6852
9277	1992
9277	3445
9277	8924
9277	9551
9277	9966
9278	5703
9278	7056
9278	7386
9278	7483
9278	7885
9278	9271
9278	9762
9282	571
9282	4743
9282	5460
9282	6634
9282	7546
9282	8350
9282	9103
9282	9444
9288	1703
9288	2054
9288	5006
9288	5037
9288	9390
9288	9503
9288	9904
9289	2901
9289	4715
9289	8366
9289	9343
9289	9866
9300	223
9300	4732
9300	5472
9300	7136
9300	7186
9300	7419
9300	8819
9300	8992
9300	9006
9300	9262
9300	9416
9300	9429
9303	94
9303	193
9303	1350
9303	4458
9303	8800
9303	9309
9305	4770
9305	6305
9305	7109
9309	1470
9309	2764
9309	4458
9309	5088
9309	5777
9309	6646
9309	8179
9309	8197
9309	8800
9309	9303
9309	9606
9311	1484
9311	5612
9311	6993
9311	7724
9311	8443
9311	8949
9313	1622
9313	2186
9313	2683
9313	3473
9313	6044
9313	6726
9313	9756
9317	2866
9317	7476
9317	8292
9317	8679
9317	9017
9319	4897
9319	5061
9319	5663
9319	7087
9319	7527
9319	9745
9320	1804
9320	2736
9320	5763
9320	6475
9320	6676
9328	842
9328	2026
9330	4342
9330	6962
9330	6996
9330	7737
9330	8197
9340	2817
9340	3595
9340	7538
9340	9068
9340	9103
9340	9191
9343	3539
9343	6889
9343	8935
9343	9289
9343	9690
9343	9897
9348	346
9348	1861
9348	1918
9348	2608
9348	6936
9348	8441
9350	1358
9350	5402
9350	6305
9350	6699
9350	7125
9350	9569
9351	2556
9351	3487
9351	6760
9351	8125
9351	8683
9351	9904
9351	9955
9358	676
9358	8809
9358	9720
9365	1055
9365	3464
9365	4453
9365	6759
9365	7056
9365	8508
9365	9229
9365	9456
9373	1445
9373	3050
9373	5048
9373	5073
9373	8848
9373	9095
9373	9198
9374	3111
9374	3530
9374	7087
9374	7161
9374	7289
9374	8677
9374	9709
9377	118
9377	835
9377	1428
9377	2389
9377	4796
9377	5859
9377	9556
9380	1199
9380	2940
9380	7639
9380	9112
9380	9140
9380	9764
9380	9789
9380	9967
9384	1055
9384	4050
9384	4442
9384	5011
9384	8631
9384	8871
9384	9100
9384	9993
9390	4822
9390	8653
9390	9095
9390	9288
9390	9906
9394	4354
9394	4445
9394	6484
9394	6568
9394	7077
9394	7267
9394	8572
9394	8709
9394	9663
9398	3836
9398	4911
9398	6412
9398	7752
9398	8375
9398	8844
9398	8865
9398	9158
9398	9583
9398	9669
9401	1110
9401	2568
9401	2806
9401	4857
9401	4897
9401	7922
9401	8295
9401	8577
9401	9262
9406	1016
9406	1353
9406	3543
9406	7650
9406	8697
9416	5491
9416	5678
9416	7227
9416	7661
9416	8598
9416	9300
9424	1706
9424	2780
9424	5010
9424	9427
9425	1484
9425	5239
9425	9456
9425	9967
9427	6401
9427	6448
9427	7724
9427	8577
9427	9057
9427	9112
9427	9424
9429	56
9429	3547
9429	5393
9429	8819
9429	9262
9429	9300
9430	3392
9430	3830
9430	4734
9430	6025
9430	6626
9430	9191
9430	9694
9430	9981
9432	3091
9432	4262
9432	5116
9432	6414
9432	7769
9432	8063
9432	9148
9443	3907
9443	5990
9443	9020
9443	9209
9443	9856
9443	9936
9444	1187
9444	2601
9444	4263
9444	4654
9444	5624
9444	7433
9444	7894
9444	9282
9444	9515
9445	4711
9445	6936
9445	7005
9445	8133
9445	9112
9451	3266
9451	4665
9451	5663
9451	7148
9451	7589
9451	8108
9451	8152
9456	120
9456	3813
9456	4718
9456	7173
9456	8581
9456	8617
9456	8800
9456	9365
9456	9425
9464	1101
9464	1121
9464	2156
9464	3280
9464	3283
9464	8572
9464	9124
9465	4498
9465	9590
9465	9756
9465	9769
9467	3516
9467	5407
9467	5736
9467	7984
9467	9782
9476	3915
9476	4996
9476	5346
9476	5539
9476	6644
9476	6965
9476	8966
9476	9692
9495	1721
9495	3701
9495	4045
9495	5870
9495	9050
9495	9669
9495	9769
9503	3541
9503	4471
9503	5034
9503	6658
9503	7176
9503	8230
9503	9006
9503	9288
9504	4863
9504	8686
9504	9518
9504	9580
9515	1
9515	1508
9515	1738
9515	4237
9515	5758
9515	7178
9515	9094
9515	9444
9516	6962
9516	8374
9516	9745
9516	9966
9518	3399
9518	3432
9518	3641
9518	6096
9518	8044
9518	8122
9518	9504
9518	9762
9521	1715
9521	2734
9521	2974
9521	4180
9521	4711
9521	6366
9521	6939
9521	7410
9521	7871
9521	9116
9521	9796
9530	1270
9530	9897
9532	362
9532	2151
9532	6275
9532	6910
9532	9575
9541	3724
9541	5523
9541	5763
9541	6461
9541	7541
9541	8975
9541	9025
9543	3317
9543	5073
9543	7006
9543	7789
9543	8368
9543	9165
9551	665
9551	1834
9551	5489
9551	5626
9551	5628
9551	5807
9551	6032
9551	7793
9551	8647
9551	9277
9551	9789
9556	378
9556	3594
9556	4849
9556	6311
9556	8108
9556	9377
9556	9854
9565	1361
9565	2763
9565	4163
9565	4857
9565	5070
9565	6624
9565	8183
9565	8295
9566	210
9566	903
9566	3021
9566	4042
9566	5515
9566	6785
9566	7012
9566	8755
9566	8956
9566	9966
9569	1101
9569	1925
9569	3395
9569	4294
9569	5402
9569	6482
9569	7632
9569	7922
9569	9350
9574	4560
9574	6045
9574	6056
9574	6896
9574	8257
9574	8541
9574	8874
9574	8969
9575	2518
9575	3258
9575	4498
9575	5270
9575	5871
9575	7165
9575	7193
9575	8618
9575	9532
9575	9629
9575	9981
9579	1012
9579	7419
9579	7638
9579	8329
9579	8485
9579	9020
9579	9114
9579	9763
9580	4441
9580	5736
9580	5777
9580	7366
9580	7916
9580	8848
9580	9504
9583	337
9583	1699
9583	2029
9583	3123
9583	3836
9583	6850
9583	7087
9583	7926
9583	8020
9583	9017
9583	9158
9583	9398
9583	9669
9583	9906
9590	1736
9590	2173
9590	3001
9590	3724
9590	4915
9590	5904
9590	5972
9590	6139
9590	7971
9590	9073
9590	9233
9590	9465
9590	9782
9592	3786
9592	4574
9592	5026
9592	9845
9604	5394
9604	6401
9604	7522
9604	7605
9604	7740
9604	8065
9605	3172
9605	3275
9605	3900
9605	4354
9605	6148
9605	6795
9605	8581
9605	8643
9605	8992
9605	9662
9606	2026
9606	4505
9606	5460
9606	6573
9606	8223
9606	8280
9606	9309
9606	9655
9606	9796
9616	937
9616	2488
9616	3079
9616	3641
9616	3692
9616	4065
9616	5924
9616	8826
9616	9769
9622	194
9622	2648
9622	3283
9622	6565
9622	6601
9622	7956
9622	8617
9622	9025
9622	9043
9622	9908
9624	991
9624	1250
9624	4147
9624	4550
9624	6502
9624	6859
9624	7775
9624	7922
9629	588
9629	2518
9629	3109
9629	3347
9629	5871
9629	6153
9629	7093
9629	9575
9629	9981
9634	3220
9634	5371
9634	6395
9634	6533
9634	7290
9634	7971
9634	9209
9639	3775
9639	4027
9639	4921
9639	6873
9639	7176
9639	7212
9639	8485
9646	1319
9646	3079
9646	3553
9646	8618
9646	9734
9646	9809
9654	1797
9654	2085
9654	3463
9654	4717
9654	7272
9654	7893
9654	8159
9654	8326
9654	9667
9655	1463
9655	6402
9655	6431
9655	7209
9655	7446
9655	7588
9655	8064
9655	8610
9655	9606
9655	9817
9657	536
9657	1848
9657	3111
9657	6151
9657	6389
9657	7144
9657	7175
9657	7298
9657	7507
9657	7926
9657	8021
9657	8285
9657	9221
9657	9950
9658	678
9658	2866
9658	4140
9658	5844
9658	7441
9658	9762
9659	609
9659	1040
9659	3672
9659	4015
9659	7077
9659	8496
9659	8873
9659	9764
9662	835
9662	3786
9662	4272
9662	5088
9662	7854
9662	8210
9662	8709
9662	9605
9662	9845
9662	9892
9663	1755
9663	3134
9663	3881
9663	5148
9663	5965
9663	7212
9663	8950
9663	9394
9667	111
9667	1327
9667	1333
9667	2085
9667	4304
9667	4958
9667	7272
9667	8086
9667	8159
9667	8886
9667	9140
9667	9654
9667	9865
9669	538
9669	2359
9669	3836
9669	4015
9669	7752
9669	9158
9669	9216
9669	9398
9669	9495
9669	9583
9689	1828
9689	3162
9689	6736
9689	7339
9689	9077
9690	1193
9690	2829
9690	4186
9690	8536
9690	8935
9690	9343
9690	9782
9690	9858
9690	9865
9692	3408
9692	7513
9692	7811
9692	8966
9692	9476
9693	1732
9693	3662
9693	8037
9693	8141
9693	8341
9694	1
9694	784
9694	5848
9694	6163
9694	8639
9694	8835
9694	9430
9694	9745
9696	3283
9696	5176
9696	5448
9696	7888
9696	8225
9696	8844
9696	9009
9696	9228
9707	421
9707	1016
9707	4489
9707	4616
9707	4633
9707	5675
9707	8685
9709	4026
9709	4077
9709	4800
9709	5342
9709	7296
9709	7588
9709	8405
9709	9374
9720	1224
9720	5039
9720	6097
9720	6535
9720	8781
9720	9065
9720	9358
9731	1463
9731	3312
9731	3383
9731	4773
9731	5484
9731	8709
9731	9216
9731	9787
9734	35
9734	2120
9734	2375
9734	6959
9734	7486
9734	7920
9734	8809
9734	9148
9734	9646
9734	9875
9745	4208
9745	4294
9745	5061
9745	6105
9745	6830
9745	8639
9745	9319
9745	9516
9745	9694
9745	9967
9749	1932
9749	3181
9749	4387
9749	4498
9749	5602
9749	9881
9756	1670
9756	2312
9756	2727
9756	4911
9756	5477
9756	7022
9756	8687
9756	9165
9756	9209
9756	9313
9756	9465
9756	9817
9762	9
9762	1162
9762	3187
9762	4735
9762	5333
9762	5844
9762	7155
9762	7538
9762	9278
9762	9518
9762	9658
9763	307
9763	552
9763	1012
9763	4504
9763	5469
9763	5955
9763	6624
9763	8886
9763	9020
9763	9114
9763	9579
9764	5041
9764	6187
9764	6234
9764	7639
9764	7660
9764	9380
9764	9659
9764	9967
9769	204
9769	827
9769	908
9769	5176
9769	5480
9769	7290
9769	9465
9769	9495
9769	9616
9782	2476
9782	3096
9782	3746
9782	4233
9782	4368
9782	5407
9782	5506
9782	5736
9782	8544
9782	8759
9782	9467
9782	9590
9782	9690
9783	211
9783	3752
9783	5194
9783	8122
9783	8765
9783	8847
9783	9200
9787	280
9787	1101
9787	4815
9787	5376
9787	6274
9787	9187
9787	9731
9787	9908
9789	46
9789	1432
9789	1946
9789	4044
9789	4176
9789	4634
9789	5270
9789	6402
9789	7399
9789	9380
9789	9551
9789	9856
9793	439
9793	4095
9793	5011
9793	8371
9796	467
9796	2082
9796	2320
9796	3048
9796	5192
9796	6891
9796	6903
9796	7757
9796	7830
9796	8609
9796	9521
9796	9606
9796	9869
9797	847
9797	2022
9797	4519
9797	4663
9797	4897
9797	7042
9797	8256
9809	1513
9809	2728
9809	3317
9809	5032
9809	6534
9809	7039
9809	7074
9809	9646
9817	1463
9817	2854
9817	5683
9817	6996
9817	7209
9817	7446
9817	9655
9817	9756
9819	1225
9819	4274
9819	4743
9819	5770
9819	7188
9819	7291
9819	7322
9819	8183
9819	8755
9819	9173
9826	307
9826	2057
9826	4221
9826	4405
9826	5042
9826	8490
9831	2128
9831	4001
9831	4752
9831	5376
9831	6936
9831	8225
9831	8508
9831	8809
9839	3575
9839	4547
9839	6279
9839	6813
9839	7750
9839	9904
9845	5088
9845	5500
9845	5819
9845	7756
9845	8354
9845	8495
9845	8920
9845	8924
9845	9102
9845	9592
9845	9662
9845	9955
9854	2029
9854	3594
9854	4849
9854	6058
9854	6311
9854	7922
9854	8108
9854	9556
9856	248
9856	3981
9856	6397
9856	6420
9856	8928
9856	9443
9856	9789
9856	9908
9856	9993
9858	3775
9858	3972
9858	4294
9858	6079
9858	6993
9858	9690
9861	64
9861	103
9861	1219
9861	1463
9861	1513
9861	2113
9861	5430
9861	6573
9861	7924
9865	3096
9865	3498
9865	4274
9865	5840
9865	8871
9865	9667
9865	9690
9865	9935
9866	1691
9866	2901
9866	4387
9866	4715
9866	7399
9866	9289
9869	1737
9869	2467
9869	2954
9869	3523
9869	6113
9869	8440
9869	8443
9869	9796
9869	9904
9870	1539
9870	3128
9870	4387
9870	5124
9870	5156
9870	5346
9870	5528
9870	8681
9870	8971
9875	2806
9875	3736
9875	3871
9875	6568
9875	6801
9875	7024
9875	7157
9875	8001
9875	9065
9875	9734
9879	4468
9879	4485
9879	6056
9879	7854
9879	7874
9879	8450
9879	8970
9879	9036
9879	9902
9879	9910
9881	1865
9881	2554
9881	3243
9881	4267
9881	4911
9881	5015
9881	5372
9881	7253
9881	8157
9881	8658
9881	9749
9890	1780
9890	4462
9890	5972
9890	7168
9890	7694
9890	9981
9892	3921
9892	4296
9892	5841
9892	7022
9892	7110
9892	7160
9892	7712
9892	8108
9892	8495
9892	8536
9892	9058
9892	9224
9892	9662
9897	1931
9897	2439
9897	3575
9897	5703
9897	5925
9897	6448
9897	6549
9897	7173
9897	8653
9897	8904
9897	9343
9897	9530
9902	100
9902	173
9902	2502
9902	3396
9902	6108
9902	6692
9902	6771
9902	6977
9902	7830
9902	9094
9902	9165
9902	9879
9904	3474
9904	6585
9904	6813
9904	7750
9904	8544
9904	9288
9904	9351
9904	9839
9904	9869
9906	3670
9906	5073
9906	7010
9906	9390
9906	9583
9908	585
9908	3191
9908	3258
9908	6155
9908	6274
9908	7288
9908	7648
9908	8285
9908	9622
9908	9787
9908	9856
9910	1524
9910	1738
9910	3415
9910	4325
9910	7724
9910	8395
9910	9043
9910	9879
9910	9967
9932	2787
9932	3678
9932	4717
9932	5306
9932	6465
9932	6644
9932	7029
9932	7227
9932	8405
9932	8526
9935	1570
9935	2610
9935	4796
9935	6788
9935	6850
9935	7175
9935	7440
9935	7486
9935	9865
9936	707
9936	3990
9936	7080
9936	7771
9936	9167
9936	9443
9944	2171
9944	2341
9944	3288
9944	3490
9944	5731
9944	5746
9944	7071
9944	7605
9944	7648
9944	7882
9944	9995
9950	3728
9950	6784
9950	7266
9950	7322
9950	7893
9950	8681
9950	8932
9950	9657
9955	1034
9955	1897
9955	2556
9955	3487
9955	3544
9955	5299
9955	7546
9955	8125
9955	9351
9955	9845
9957	1329
9957	3281
9957	4861
9957	6852
9957	7144
9966	632
9966	2938
9966	5783
9966	6835
9966	8440
9966	8581
9966	9277
9966	9516
9966	9566
9967	2418
9967	2940
9967	3628
9967	6187
9967	6234
9967	9380
9967	9425
9967	9745
9967	9764
9967	9910
9981	2518
9981	3109
9981	3921
9981	4258
9981	5270
9981	8886
9981	9228
9981	9430
9981	9575
9981	9629
9981	9890
9993	301
9993	4442
9993	5011
9993	6105
9993	7601
9993	8631
9993	8958
9993	9384
9993	9856
9995	1040
9995	1552
9995	2341
9995	2488
9995	3288
9995	3490
9995	5746
9995	6565
9995	7071
9995	7554
9995	8949
9995	9216
9995	9944
