0.00029397460514	0.00102603030778	0.00102672506439
0.00029397460514	0.00719812034178	0.00720299440999
0.00029397460514	0.0416667118143	0.0416949256237
0.00029397460514	0.0608716407145	0.0609128587708
0.00029397460514	0.0681106135047	0.0681567332916
0.00029397460514	0.134389486886	0.134480486133
0.00029397460514	0.166554068385	0.166666847257
0.000293974605141	0.518965643415	0.519317050981
0.000293974605141	0.111036165903	0.111111351899
0.000293974605141	0.200088608322	0.20022409446
0.000293974605141	0.222674430978	0.22282521067
0.000293974605141	0.666216273542	0.666667389029
0.000293974605141	0.666667389029	0.66711880998
0.000293974605141	0.00178981158552	0.00179102352188
0.000293974605141	0.00357962317105	0.00358204704377
0.000293974605141	0.00494048087758	0.00494382622882
0.000293974605141	0.0053803437414	0.00538398693728
0.000293974605141	0.0111160578851	0.0111235849091
0.000293974605141	0.0271642224584	0.0271826161872
0.000293974605141	0.0335973717216	0.0336201215332
0.000293974605141	0.0476426818886	0.0476749422108
0.000293974605141	0.0523784503504	0.0524139174068
0.000293974605141	0.0662911889069	0.0663360767056
0.000293974605141	0.0668318530898	0.0668771069888
0.000293974605141	0.142444967937	0.142541421797
0.000587949210281	0.00539858440674	0.00540589797642
0.000587949210281	0.0475782267184	0.0476426818886
0.000587949210281	0.0952208867921	0.0953498844215
0.000587949210281	0.998647112891	1
0.000587949210281	0.143218430027	0.143412450883
0.000587949210281	0.00968888842694	0.00970201415682
0.000587949210281	0.0111235849091	0.0111386542508
0.000881923815422	0.00227443916523	0.00227906257217
0.000881923815422	0.0833334236286	0.0835028211378
0.000881923815422	0.0412178785444	0.0413016649251
0.000881923815422	0.272811537231	0.273366099768
0.000881923815422	0.333333694514	0.334011284551
0.000881923815422	0.00113721958261	0.00113953128609
0.000881923815422	0.00202995584568	0.00203408227478
0.000881923815422	0.021060216279	0.0211030268108
0.00117589842056	0.00203408227478	0.0020395972313
0.00117589842056	0.00239288826882	0.00239937604708
0.00117589842056	0.00753208828247	0.00755250984551
0.00117589842056	0.0111386542508	0.0111688542062
0.00117589842056	0.995946827107	0.998647112891
0.00117589842056	0.0411064277125	0.0412178785444
0.00117589842056	0.219828923764	0.22042494044
0.00117589842056	0.00538398693728	0.00539858440674
0.00176384763084	0.0139265756668	0.0139832522056
0.00176384763084	0.66711880998	0.669833762027
0.00205782223598	0.0089997557462	0.00904250057526
0.00205782223598	0.0521308520353	0.0523784503504
0.00205782223598	0.142541421797	0.143218430027
0.00235179684112	0.100044304161	0.10058753484
0.00293974605141	0.22282521067	0.224338634375
0.00323372065655	0.00113953128609	0.00114804780875
0.00323372065655	0.00301825348063	0.00304081102203
0.00323372065655	0.0663360767056	0.0668318530898
0.00323372065655	0.0306840518072	0.0309133754123
0.00352769526169	0.143412450883	0.144582108221
0.00382166986683	0.0413016649251	0.0416667118143
0.00411564447197	0.00152452774855	0.00153904379405
0.00411564447197	0.0271826161872	0.0274414400058
0.00440961907711	0.22042494044	0.222674430978
0.00440961907711	0.0178056209921	0.017987331718
0.00676141591823	0.510948574327	0.518965643415
0.00705539052337	0.273366099768	0.277843375836
0.0079373143388	0.354752022017	0.361295201744
0.0079373143388	0.00133782169583	0.00136249698239
0.0079373143388	0.131955647295	0.134389486886
0.0079373143388	0.0668771069888	0.0681106135047
0.00823128894394	0.0060283402488	0.00614368648748
0.0094071873645	0.5	0.510948574327
0.0108770603902	0.00587923332665	0.0060283402488
0.0114650096005	0.19487555003	0.200088608322
0.0120529588108	0.0204837689301	0.021060216279
0.014698730257	0.29891609801	0.309206086913
0.0152866794673	0.428493061982	0.443844123132
0.0152866794673	0.277843375836	0.287797307488
0.0164625778879	0.287797307488	0.29891609801
0.016756552493	0.0801793760049	0.0833334236286
0.0185204001239	0.00304081102203	0.00317329049523
0.0194023239393	0.00720299440999	0.00753208828247
0.0196962985444	0.00288442606629	0.00301825348063
0.0196962985444	0.00472142313917	0.00494048087758
0.0205782223598	0.0211030268108	0.0221270222753
0.020872196965	0.0953498844215	0.100044304161
0.0211661715701	0.00970201415682	0.0101865723843
0.0211661715701	0.00227906257217	0.00239288826882
0.0214601461753	0.0009765625	0.00102603030778
0.0235179684112	0.125	0.131955647295
0.0235179684112	0.184603268242	0.19487555003
0.0235179684112	0.0020395972313	0.00215309098302
0.0235179684112	0.00273238217293	0.00288442606629
0.0238119430164	0.00215309098302	0.00227443916523
0.024987841437	0.134480486133	0.142444967937
0.0261637398575	0.334011284551	0.354752022017
0.0273396382781	0.013076897055	0.0139265756668
0.0273396382781	0.402350139359	0.428493061982
0.0279275874884	0.0111688542062	0.0119106704721
0.0299854097243	0.00904250057526	0.00968888842694
0.0326311811706	0.309206086913	0.333333694514
0.0343950288015	0.0336201215332	0.0363910266437
0.0361588764323	0.0309133754123	0.0335973717216
0.0364528510374	0.00540589797642	0.00587923332665
0.0367468256426	0.00494382622882	0.0053803437414
0.0367468256426	0.0609128587708	0.0662911889069
0.0379227240631	0.0101865723843	0.0111160578851
0.0379227240631	0.0248928461147	0.0271642224584
0.0379227240631	0.25	0.272811537231
0.0379227240631	0.00824722795594	0.0089997557462
0.0382166986683	0.00755250984551	0.00824722795594
0.0388046478786	0.0476749422108	0.0521308520353
0.0405684955094	0.20022409446	0.219828923764
0.0405684955094	0.0119106704721	0.013076897055
0.0429202923505	0.10058753484	0.111036165903
0.0443901653762	0.00102672506439	0.00113721958261
0.0443901653762	0.166666847257	0.184603268242
0.0467419622174	0.361295201744	0.402350139359
0.0470359368225	0.0139832522056	0.0155827508763
0.0470359368225	0.224338634375	0.25
0.0485058098482	0.0274414400058	0.0306840518072
0.0487997844533	0.00136249698239	0.00152452774855
0.0511515812945	0.0221270222753	0.0248928461147
0.0511515812945	0.111111351899	0.125
0.0517395305047	0.443844123132	0.5
0.052327479715	0.00317329049523	0.00357962317105
0.0529154289253	0.0363910266437	0.0411064277125
0.0540913273459	0.00416851719014	0.00472142313917
0.054385301951	0.00179102352188	0.00202995584568
0.056443124187	0.00239937604708	0.00273238217293
0.056443124187	0.017987331718	0.0204837689301
0.0570310733973	0.0835028211378	0.0952208867921
0.0573250480024	0.0416949256237	0.0475782267184
0.0579129972127	0.0155827508763	0.0178056209921
0.0614406924744	0.144582108221	0.166554068385
0.0649683877361	0.0524139174068	0.0608716407145
0.0655563369464	0.00153904379405	0.00178981158552
0.0658503115515	0.00358204704377	0.00416851719014
0.0664382607618	0.00114804780875	0.00133782169583
0.0687900576029	0.00614368648748	0.00719812034178
0.0705539052337	0.0681567332916	0.0801793760049
0.108182654692	0.519317050981	0.666216273542
0.172269118612	0.669833762027	0.995946827107
