0.00029397460514	0.00237835483557	0.00237996529263
0.00029397460514	0.0268716098125	0.0268898054043
0.00029397460514	0.041441687549	0.0414697489876
0.00029397460514	0.0833334236286	0.0833898512475
0.00029397460514	0.134389486886	0.134480486133
0.000293974605141	0.105183226503	0.105254449294
0.000293974605141	0.128691813534	0.128778954711
0.000293974605141	0.20035967234	0.200495342024
0.000293974605141	0.239725141228	0.239887466479
0.000293974605141	0.25530141474	0.255474287164
0.000293974605141	0.305668345606	0.305875323025
0.000293974605141	0.333785268301	0.334011284551
0.000293974605141	0.571324701697	0.571711563189
0.000293974605141	0.666216273542	0.666667389029
0.000293974605141	0.666667389029	0.66711880998
0.000293974605141	0.999323327503	1
0.000293974605141	0.617993711316	0.618412173827
0.000293974605141	0.66711880998	0.667570536602
0.000293974605141	0.00135238961897	0.00135330536349
0.000293974605141	0.00135330536349	0.00135422172808
0.000293974605141	0.00136711617638	0.0013680418927
0.000293974605141	0.0016591366587	0.00166026011105
0.000293974605141	0.00199454230265	0.00199589286847
0.000293974605141	0.00237674546827	0.00237835483557
0.000293974605141	0.00425691334404	0.00425979583072
0.000293974605141	0.0133722924763	0.013381347266
0.000293974605141	0.014011676912	0.0140211646485
0.000293974605141	0.0194961888007	0.0195093902686
0.000293974605141	0.0357077938561	0.0357319726993
0.000293974605141	0.0556686077444	0.0557063026674
0.000293974605141	0.134298549217	0.134389486886
0.000293974605141	0.146156504155	0.14625547121
0.000293974605141	0.166666847257	0.166779702495
0.000587949210281	0.00123763093214	0.00123930757538
0.000587949210281	0.00145102597667	0.00145299171042
0.000587949210281	0.00199184391208	0.00199454230265
0.000587949210281	0.00830324293853	0.00831449150691
0.000587949210281	0.0101934700251	0.0102072793217
0.000587949210281	0.142927890797	0.143121518054
0.000587949210281	0.333333694514	0.333785268301
0.000587949210281	0.00212701640393	0.00212989791536
0.000881923815422	0.00129155098594	0.00129417640934
0.000881923815422	0.00135422172808	0.00135697454655
0.000881923815422	0.00478901713383	0.00479875209417
0.000881923815422	0.00942369010352	0.00944284627833
0.000881923815422	0.105825970546	0.106041090182
0.000881923815422	0.285275881937	0.285855781594
0.000881923815422	0.769541114223	0.771105412704
0.000881923815422	0.378570214916	0.3793397603
0.000881923815422	0.0555556759493	0.0556686077444
0.000881923815422	0.111111351899	0.111337215489
0.000881923815422	0.199953213864	0.20035967234
0.000881923815422	0.00769181117783	0.00770744684475
0.00117589842056	0.00294958267412	0.00295757980403
0.00117589842056	0.00338405504301	0.00339323014702
0.00117589842056	0.0219331648698	0.0219926317124
0.00117589842056	0.0357319726993	0.0358288519054
0.00117589842056	0.472043653352	0.473323493532
0.0014698730257	0.0713189704842	0.071560759027
0.0014698730257	0.115169925468	0.115560379344
0.0014698730257	0.400177216645	0.401533914104
0.0014698730257	0.0830518577629	0.0833334236286
0.00176384763084	0.145564106575	0.146156504155
0.00176384763084	0.618412173827	0.620928906037
0.00176384763084	0.747465100044	0.750507034813
0.00176384763084	0.00144514471751	0.00145102597667
0.00176384763084	0.00410690025758	0.00412361397797
0.00176384763084	0.00645489514256	0.00648116442251
0.00176384763084	0.200495342024	0.201311291494
0.00176384763084	0.305875323025	0.307120134027
0.00205782223598	0.0101452844453	0.0101934700251
0.00205782223598	0.16587899595	0.166666847257
0.00235179684112	0.0425502818949	0.042781325718
0.00235179684112	0.0500221520806	0.0502937674198
0.00235179684112	0.105254449294	0.105825970546
0.00264577144627	0.00610224021231	0.0061395292238
0.00293974605141	0.0132820808884	0.0133722924763
0.00293974605141	0.468859172635	0.472043653352
0.00293974605141	0.434921858995	0.437875838258
0.00323372065655	0.00135697454655	0.00136711617638
0.00352769526169	0.0138983236007	0.014011676912
0.00382166986683	0.0016290891261	0.00164348791411
0.00382166986683	0.239887466479	0.242007724187
0.00411564447197	0.00164348791411	0.0016591366587
0.00411564447197	0.0414697489876	0.0418646101267
0.00440961907711	0.0549944441688	0.0555556759493
0.00470359368225	0.667570536602	0.674839903135
0.00587949210281	0.106041090182	0.10748643925
0.00705539052337	0.0418646101267	0.0425502818949
0.00734936512852	0.143121518054	0.145564106575
0.00911321275936	0.25	0.25530141474
0.00970116196964	0.0010414241173	0.00106494895768
0.0102891111799	0.424738984627	0.434921858995
0.0105830857851	0.0112599462432	0.0115377042652
0.0108770603902	0.750507034813	0.769541114223
0.0123469334159	0.17749611775	0.182614724273
0.012640908021	0.125	0.128691813534
0.0135228318365	0.0158165430918	0.0163167778504
0.0138168064416	0.00412361397797	0.00425691334404
0.0141107810467	0.21599390387	0.223127076415
0.0141107810467	0.242007724187	0.25
0.0144047556519	0.10748643925	0.111111351899
0.014698730257	0.111337215489	0.115169925468
0.0149927048622	0.00145299171042	0.00150402772291
0.0155806540725	0.0090916004592	0.00942369010352
0.0158746286776	0.0964534439808	0.100044304161
0.0164625778879	0.013381347266	0.0138983236007
0.0164625778879	0.00325817825221	0.00338405504301
0.0179324509136	0.00123930757538	0.00129155098594
0.0182264255187	0.128778954711	0.134298549217
0.018814374729	0.00870614642653	0.0090916004592
0.0191083493341	0.00129417640934	0.00135238961897
0.0199902731496	0.00831449150691	0.00870614642653
0.0217541207804	0.0061395292238	0.00645489514256
0.0217541207804	0.100044304161	0.105183226503
0.0232239938061	0.3793397603	0.400177216645
0.0235179684112	0.0125819557184	0.0132820808884
0.0238119430164	0.473323493532	0.5
0.0238119430164	0.0013680418927	0.00144514471751
0.0243998922267	0.401533914104	0.424738984627
0.0261637398575	0.00724210595736	0.00769181117783
0.0264577144627	0.134480486133	0.142927890797
0.0270456636729	0.166779702495	0.17749611775
0.0276336128832	0.00199589286847	0.00212701640393
0.0276336128832	0.0268898054043	0.0286563763501
0.0279275874884	0.0009765625	0.0010414241173
0.0291034859089	0.285855781594	0.305668345606
0.0291034859089	0.0666962750423	0.0713189704842
0.0296914351192	0.437875838258	0.468859172635
0.0305733589346	0.201311291494	0.21599390387
0.0305733589346	0.0557063026674	0.0597692344728
0.0305733589346	0.0774062436375	0.0830518577629
0.0305733589346	0.620928906037	0.666216273542
0.0311613081449	0.223127076415	0.239725141228
0.0311613081449	0.00944284627833	0.0101452844453
0.0323372065655	0.00770744684475	0.00830324293853
0.0329251557757	0.00166026011105	0.00179102352188
0.0338070795912	0.571711563189	0.617993711316
0.0341010541963	0.071560759027	0.0774062436375
0.0341010541963	0.115560379344	0.125
0.0346890034066	0.00150402772291	0.0016290891261
0.0352769526169	0.0179751601853	0.0194961888007
0.035570927222	0.307120134027	0.333333694514
0.0364528510374	0.00237996529263	0.00258835281867
0.0367468256426	0.0037736996349	0.00410690025758
0.037628749458	0.0115377042652	0.0125819557184
0.0379227240631	0.0219926317124	0.0239993746609
0.0388046478786	0.0502937674198	0.0549944441688
0.0390986224837	0.0326335557009	0.0357077938561
0.0393925970888	0.182614724273	0.199953213864
0.0420383685351	0.00295757980403	0.00325817825221
0.0420383685351	0.0163167778504	0.0179751601853
0.0426263177454	0.0102072793217	0.0112599462432
0.0443901653762	0.674839903135	0.747465100044
0.0461540130071	0.00179102352188	0.00199184391208
0.0461540130071	0.00339323014702	0.0037736996349
0.0476238860328	0.0597692344728	0.0666962750423
0.0476238860328	0.00212989791536	0.00237674546827
0.0479178606379	0.255474287164	0.285275881937
0.0482118352431	0.00648116442251	0.00724210595736
0.0490937590585	0.0239993746609	0.0268716098125
0.0508576066893	0.0195093902686	0.0219331648698
0.0508576066893	0.00425979583072	0.00478901713383
0.0520335051099	0.00479875209417	0.00540955847586
0.052327479715	0.00540955847586	0.00610224021231
0.052327479715	0.0140211646485	0.0158165430918
0.054385301951	0.334011284551	0.378570214916
0.0546792765562	0.14625547121	0.16587899595
0.056443124187	0.0286563763501	0.0326335557009
0.0567370987921	0.00258835281867	0.00294958267412
0.0579129972127	0.5	0.571324701697
0.0632045401052	0.0358288519054	0.041441687549
0.0632045401052	0.0833898512475	0.0964534439808
0.0652623623412	0.00106494895768	0.00123763093214
0.0679081337875	0.042781325718	0.0500221520806
0.112592273769	0.771105412704	0.999323327503
