0 0.0
0.0009765625 692.285928203
0.0010414241173 597.638316134
0.00106494895768 290.735975043
0.00123763093214 2733.13093365
0.00123930757538 3088.19573262
0.00129155098594 3050.02408938
0.00129417640934 3566.57126876
0.00135238961897 5794.86763534
0.00135330536349 5212.97258535
0.00135422172808 4346.21625325
0.00135697454655 4186.79832244
0.00136711617638 4977.90486702
0.0013680418927 5760.16486985
0.00144514471751 6939.2622056
0.00145102597667 6116.69156861
0.00145299171042 6893.36395731
0.00150402772291 6774.09098363
0.0016290891261 8557.33655746
0.00164348791411 9251.7437399
0.0016591366587 10119.9807176
0.00166026011105 9701.98437399
0.00179102352188 10651.4328057
0.00199184391208 12383.2791951
0.00199454230265 11881.4161679
0.00199589286847 12138.3846209
0.00212701640393 13253.5675319
0.00212989791536 13111.7068333
0.00237674546827 15449.8253277
0.00237835483557 14211.0676689
0.00237996529263 14250.1290198
0.00258835281867 16111.6114023
0.00294958267412 17014.5351807
0.00295757980403 17506.5228403
0.00325817825221 17819.631539
0.00338405504301 18987.9652217
0.00339323014702 18282.8944136
0.0037736996349 19291.9663652
0.00410690025758 20017.7243379
0.00412361397797 20623.0459386
0.00425691334404 20695.3423536
0.00425979583072 20298.7615299
0.00478901713383 21446.810486
0.00479875209417 21291.6641486
0.00540955847586 21899.1561985
0.00610224021231 22794.5392429
0.0061395292238 22739.1153682
0.00645489514256 23201.906903
0.00648116442251 23180.0999481
0.00724210595736 23819.8841535
0.00769181117783 24113.2285688
0.00770744684475 24082.5491844
0.00830324293853 24739.3176675
0.00831449150691 24805.7158868
0.00870614642653 24974.1145943
0.0090916004592 25165.0310008
0.00942369010352 25292.5935443
0.00944284627833 25596.325187
0.0101452844453 25911.4405008
0.0101934700251 26277.7270411
0.0102072793217 25892.6374105
0.0112599462432 26641.1808653
0.0115377042652 26688.2791611
0.0125819557184 26843.8768491
0.0132820808884 27071.0358167
0.0133722924763 27073.0706215
0.013381347266 27333.9431933
0.0138983236007 27560.0851468
0.014011676912 27346.1170541
0.0140211646485 27416.7388014
0.0158165430918 27969.2222585
0.0163167778504 28044.6662475
0.0179751601853 28321.3523528
0.0194961888007 28470.5853577
0.0195093902686 28513.0959806
0.0219331648698 29023.8424912
0.0219926317124 28710.1981013
0.0239993746609 29320.0463998
0.0268716098125 29550.5397872
0.0268898054043 29481.8623051
0.0286563763501 29578.0952455
0.0326335557009 29795.9953355
0.0357077938561 29833.3627676
0.0357319726993 29886.6427609
0.0358288519054 29851.4872144
0.041441687549 29956.8638697
0.0414697489876 30148.1391418
0.0418646101267 30234.7525274
0.0425502818949 30007.8030597
0.042781325718 30152.5984375
0.0500221520806 30422.9115375
0.0502937674198 30386.6092223
0.0549944441688 30426.6554297
0.0555556759493 30526.2844162
0.0556686077444 30497.8356902
0.0557063026674 30487.7737273
0.0597692344728 30465.3179237
0.0666962750423 30676.5265133
0.0713189704842 30758.0013869
0.071560759027 30723.4387374
0.0774062436375 30750.4673289
0.0830518577629 30736.1472175
0.0833334236286 30779.510359
0.0833898512475 30717.0795224
0.0964534439808 30764.0251229
0.100044304161 30778.3204985
0.105183226503 30792.1235217
0.105254449294 30788.9416369
0.105825970546 30787.3072058
0.106041090182 30675.4368181
0.10748643925 30694.3608151
0.111111351899 30733.5976274
0.111337215489 30762.9838809
0.115169925468 30790.3936618
0.115560379344 30731.9801784
0.125 30671.9676216
0.128691813534 30396.9281746
0.128778954711 30561.4952662
0.134298549217 30620.4826004
0.134389486886 30420.8163555
0.134480486133 30544.5267078
0.142927890797 30304.3219013
0.143121518054 30407.5807994
0.145564106575 30276.7774453
0.146156504155 30336.2996411
0.14625547121 30227.4300736
0.16587899595 30162.4549844
0.166666847257 30005.4578331
0.166779702495 29926.415345
0.17749611775 29813.0358865
0.182614724273 29759.0625896
0.199953213864 29858.8648595
0.20035967234 29346.1672064
0.200495342024 29226.042865
0.201311291494 29433.7594497
0.21599390387 29115.9724784
0.223127076415 29074.5656438
0.239725141228 28949.1928862
0.239887466479 29116.4299861
0.242007724187 28888.0730981
0.25 28398.757864
0.25530141474 28298.8889033
0.255474287164 28357.4835718
0.285275881937 27998.1836628
0.285855781594 27587.7331555
0.305668345606 27640.6390946
0.305875323025 27375.2061122
0.307120134027 27649.17563
0.333333694514 25959.3124605
0.333785268301 25848.7613575
0.334011284551 26033.6064503
0.378570214916 25455.0532516
0.3793397603 25674.7599456
0.400177216645 24958.1084884
0.401533914104 25173.8233943
0.424738984627 24541.4638593
0.434921858995 24679.7119644
0.437875838258 24739.7516129
0.468859172635 24267.3568583
0.472043653352 24505.6419373
0.473323493532 24215.0616647
0.5 20882.7303176
0.571324701697 20430.9848029
0.571711563189 19900.2966384
0.617993711316 19581.6985794
0.618412173827 19469.5447203
0.620928906037 19143.4325469
0.666216273542 18822.9590253
0.666667389029 17501.0654556
0.66711880998 17450.2586058
0.667570536602 17580.534588
0.674839903135 17826.8808426
0.747465100044 17243.8653427
0.750507034813 16822.9152737
0.769541114223 16676.0346797
0.771105412704 16680.6260971
0.999323327503 16068.7975721
1 0.0
