0.00029397460514	0.00118515944091	0.00118596194874
0.00029397460514	0.00359906017089	0.003601497205
0.00029397460514	0.00451819088191	0.00452125028763
0.00029397460514	0.00684644277231	0.00685107870885
0.00029397460514	0.0110935073594	0.0111010191137
0.00029397460514	0.0150132779251	0.0150234438764
0.00029397460514	0.0306010838521	0.0306218047852
0.00029397460514	0.0700747772001	0.0701222269825
0.00029397460514	0.0833334236286	0.0833898512475
0.00029397460514	0.16689263415	0.167005642276
0.00029397460514	0.250338679973	0.250508191977
0.00029397460514	0.253236047338	0.253407521238
0.000293974605141	0.099976606932	0.100044304161
0.000293974605141	0.100044304161	0.10011204723
0.000293974605141	0.142831175424	0.142927890797
0.000293974605141	0.16243446606	0.162544455422
0.000293974605141	0.189798311447	0.189926829709
0.000293974605141	0.24881822432	0.248986706777
0.000293974605141	0.25	0.250169282673
0.000293974605141	0.286436860053	0.286630815243
0.000293974605141	0.993926405408	0.994599423484
0.000293974605141	0.400177216645	0.400448188921
0.000293974605141	0.401262207148	0.401533914104
0.000293974605141	0.428783207787	0.429073550057
0.000293974605141	0.452642925862	0.45294942428
0.000293974605141	0.49763644864	0.497973413554
0.000293974605141	0.501695120815	0.50203483398
0.000293974605141	0.804700278717	0.805245165975
0.000293974605141	0.750507034813	0.751015226162
0.000293974605141	0.00106855939197	0.00106928294633
0.000293974605141	0.00117001455102	0.00117080680378
0.000293974605141	0.00118435747611	0.00118515944091
0.000293974605141	0.00118596194874	0.00118676499998
0.000293974605141	0.00122844985814	0.00122928167925
0.000293974605141	0.00186905331425	0.00187031890761
0.000293974605141	0.00213711878394	0.00213856589267
0.000293974605141	0.00248701825504	0.00248870229143
0.000293974605141	0.00276400619098	0.00276587778441
0.000293974605141	0.00365800671175	0.00366048366037
0.000293974605141	0.00543157358267	0.00543525146786
0.000293974605141	0.00684180997278	0.00684644277231
0.000293974605141	0.00748634143181	0.00749141066337
0.000293974605141	0.00810335115058	0.00810883817836
0.000293974605141	0.00870025521669	0.00870614642653
0.000293974605141	0.0111010191137	0.0111085359544
0.000293974605141	0.0202357043302	0.0202494065467
0.000293974605141	0.0202494065467	0.0202631180414
0.000293974605141	0.0238213409443	0.0238374711054
0.000293974605141	0.0617849143627	0.0618267508246
0.000293974605141	0.0703599582757	0.070407601163
0.000293974605141	0.0952208867921	0.0952853637771
0.000293974605141	0.250169282673	0.250338679973
0.000293974605141	0.250508191977	0.250677818763
0.000587949210281	0.0142315279645	0.0142508076985
0.000587949210281	0.0150234438764	0.0150437964347
0.000587949210281	0.0813272596311	0.0814374352875
0.000587949210281	0.50203483398	0.502714950556
0.000587949210281	0.427623802041	0.428203112512
0.000587949210281	0.428203112512	0.428783207787
0.000587949210281	0.285082843593	0.285469050992
0.000587949210281	0.333333694514	0.333785268301
0.000587949210281	0.00122678790417	0.00122844985814
0.000587949210281	0.00135238961897	0.00135422172808
0.000587949210281	0.00248870229143	0.00249207378593
0.000587949210281	0.00516970213902	0.00517670563734
0.000587949210281	0.0132910745931	0.0133090802762
0.000587949210281	0.166666847257	0.16689263415
0.000881923815422	0.00114571882828	0.00114804780875
0.000881923815422	0.00134508593535	0.00134782018287
0.000881923815422	0.00213278333044	0.00213711878394
0.000881923815422	0.00276587778441	0.00277150017201
0.000881923815422	0.00311371272811	0.00312004218342
0.000881923815422	0.00365058591785	0.00365800671175
0.000881923815422	0.0249772388779	0.0250280118075
0.000881923815422	0.125084641337	0.125338909381
0.000881923815422	0.185982938934	0.186360999084
0.000881923815422	0.400448188921	0.401262207148
0.000881923815422	0.0133090802762	0.0133361345475
0.000881923815422	0.0386246069573	0.0387031218187
0.000881923815422	0.0428102942667	0.042897317659
0.000881923815422	0.124830889111	0.125084641337
0.000881923815422	0.157454600141	0.157774668799
0.000881923815422	0.286630815243	0.287213469165
0.000881923815422	0.324429421129	0.325088910845
0.00117589842056	0.00332276864827	0.003331777588
0.00117589842056	0.0556309383286	0.0557817691037
0.00117589842056	0.0306218047852	0.0307048289205
0.0014698730257	0.00134782018287	0.00135238961897
0.0014698730257	0.0701222269825	0.0703599582757
0.0014698730257	0.0716092150133	0.0718519875552
0.0014698730257	0.229717024899	0.23049582112
0.0014698730257	0.285469050992	0.286436860053
0.0014698730257	0.5	0.501695120815
0.00176384763084	0.142927890797	0.143509559855
0.00176384763084	0.189926829709	0.190699768843
0.00176384763084	0.248986706777	0.25
0.00176384763084	0.497973413554	0.5
0.00176384763084	0.571711563189	0.57403823942
0.00176384763084	0.00186147771802	0.00186905331425
0.00176384763084	0.020153685522	0.0202357043302
0.00176384763084	0.0833898512475	0.0837292202533
0.00205782223598	0.00919682473563	0.00924050555457
0.00205782223598	0.800896377841	0.804700278717
0.00205782223598	0.287213469165	0.288577605148
0.00205782223598	0.666667389029	0.669833762027
0.00205782223598	0.003331777588	0.00334760204674
0.00235179684112	0.049988303466	0.0502597350106
0.00235179684112	0.994599423484	1
0.00235179684113	0.00195842045908	0.00196905448851
0.00264577144627	0.009604002953	0.00966269021604
0.00264577144627	0.111111351899	0.111790320988
0.00264577144627	0.124072716898	0.124830889111
0.00323372065655	0.210366453007	0.211938670186
0.00352769526169	0.00122928167925	0.00123930757538
0.00352769526169	0.0236286282595	0.0238213409443
0.00352769526169	0.222222703797	0.224035129529
0.00352769526169	0.325088910845	0.327740302881
0.00352769526169	0.00312004218342	0.00314548892959
0.00352769526169	0.00912242318157	0.00919682473563
0.00382166986683	0.253407521238	0.255647276645
0.00382166986683	0.502714950556	0.507158222497
0.00411564447197	0.11006336519	0.111111351899
0.00440961907711	0.270238417022	0.272996266296
0.00440961907711	0.361539845815	0.365229448545
0.00440961907711	0.371462650027	0.375253517407
0.00440961907711	0.250677818763	0.253236047338
0.00499756828739	0.300132587277	0.303606258879
0.00499756828739	0.00117080680378	0.00118435747611
0.00499756828739	0.211938670186	0.214391603893
0.00529154289253	0.0718519875552	0.0727328036736
0.00587949210281	0.740415113911	0.750507034813
0.00587949210281	0.311095555195	0.31533581404
0.00587949210281	0.003601497205	0.00365058591785
0.00646744131309	0.547843579206	0.556063024228
0.00646744131309	0.00153073207028	0.00155369805651
0.00676141591823	0.0100836661005	0.010241884465
0.00705539052337	0.00249207378593	0.00253288975518
0.00705539052337	0.0109147422732	0.0110935073594
0.00705539052337	0.0656215053625	0.0666962750423
0.00705539052337	0.150269591432	0.152730754122
0.00734936512852	0.070407601163	0.0716092150133
0.00734936512852	0.236661746766	0.240700742955
0.00734936512852	0.327740302881	0.333333694514
0.00734936512852	0.365229448545	0.371462650027
0.00764333973366	0.00213856589267	0.00217653660663
0.00764333973366	0.00334760204674	0.00340703946703
0.0079373143388	0.186360999084	0.189798311447
0.00823128894394	0.00114804780875	0.00117001455102
0.00823128894394	0.00413479422967	0.00421390936624
0.00823128894394	0.143509559855	0.14625547121
0.00970116196964	0.00142764358053	0.00145989277352
0.00999513657478	0.600265174554	0.614240268053
0.00999513657478	0.00106928294633	0.00109417749259
0.00999513657478	0.0814374352875	0.0833334236286
0.0102891111799	0.00668162190689	0.00684180997278
0.0105830857851	0.303606258879	0.311095555195
0.0108770603902	0.0138795207378	0.0142315279645
0.0108770603902	0.162544455422	0.166666847257
0.0108770603902	0.224035129529	0.229717024899
0.0114650096005	0.649298204496	0.666667389029
0.0114650096005	0.23049582112	0.236661746766
0.0117589842056	0.14625547121	0.150269591432
0.0120529588108	0.556063024228	0.571711563189
0.0123469334159	0.31533581404	0.324429421129
0.012640908021	0.157774668799	0.16243446606
0.012640908021	0.180647600872	0.185982938934
0.0129348826262	0.0111085359544	0.0114443651886
0.0132288572313	0.152730754122	0.157454600141
0.0135228318365	0.776342742932	0.800896377841
0.0141107810467	0.00842211585933	0.00870025521669
0.0144047556519	0.751015226162	0.776342742932
0.0144047556519	0.00118676499998	0.00122678790417
0.0144047556519	0.240700742955	0.24881822432
0.0149927048622	0.167005642276	0.172871678526
0.0152866794673	0.00645052729254	0.00668162190689
0.0155806540725	0.214391603893	0.222222703797
0.0155806540725	0.0178659863496	0.0185185787154
0.0158746286776	0.00476637895791	0.00494382622882
0.0164625778879	0.00810883817836	0.00842211585933
0.0164625778879	0.0150437964347	0.015625
0.016756552493	0.00924050555457	0.009604002953
0.0170505270982	0.288577605148	0.300132587277
0.0173445017033	0.0133361345475	0.0138795207378
0.0173445017033	0.00543525146786	0.00565671298493
0.0173445017033	0.00619798777641	0.00645052729254
0.0185204001239	0.00966269021604	0.0100836661005
0.0185204001239	0.0592054994246	0.0617849143627
0.018814374729	0.00217653660663	0.0022729001148
0.018814374729	0.272996266296	0.285082843593
0.0191083493341	0.172871678526	0.180647600872
0.0194023239393	0.00494382622882	0.00516970213902
0.0194023239393	0.57403823942	0.600265174554
0.0199902731496	0.00109417749259	0.00114571882828
0.0199902731496	0.00187031890761	0.00195842045908
0.0202842477547	0.00870614642653	0.00912242318157
0.0202842477547	0.0238374711054	0.0249772388779
0.0205782223598	0.00145989277352	0.00153073207028
0.020872196965	0.0952853637771	0.099976606932
0.020872196965	0.190699768843	0.200088608322
0.020872196965	0.00517670563734	0.00543157358267
0.0214601461753	0.0666962750423	0.0700747772001
0.0217541207804	0.200088608322	0.210366453007
0.0220480953855	0.00277150017201	0.00291583540682
0.0223420699907	0.111790320988	0.117691818447
0.0226360445958	0.0142508076985	0.0150132779251
0.022930019201	0.00135422172808	0.00142764358053
0.022930019201	0.0903238004361	0.0952208867921
0.022930019201	0.117691818447	0.124072716898
0.022930019201	0.00452125028763	0.00476637895791
0.0232239938061	0.429073550057	0.452642925862
0.0238119430164	0.00314548892959	0.00332276864827
0.0238119430164	0.00340703946703	0.00359906017089
0.0241059176215	0.00155369805651	0.00164237581104
0.0241059176215	0.255647276645	0.270238417022
0.0241059176215	0.614240268053	0.649298204496
0.0258697652524	0.0557817691037	0.0592054994246
0.0258697652524	0.0618267508246	0.0656215053625
0.0264577144627	0.042897317659	0.0455919167915
0.0270456636729	0.125338909381	0.133392550085
0.0273396382781	0.401533914104	0.427623802041
0.0276336128832	0.010241884465	0.0109147422732
0.0279275874884	0.375253517407	0.400177216645
0.0285155366986	0.0124464230574	0.0132910745931
0.0285155366986	0.00291583540682	0.00311371272811
0.0296914351192	0.133392550085	0.142831175424
0.0302793843295	0.00421390936624	0.00451819088191
0.0329251557757	0.0837292202533	0.0903238004361
0.033513104986	0.507158222497	0.547843579206
0.0341010541963	0.00749141066337	0.00810335115058
0.0346890034066	0.00196905448851	0.00213278333044
0.0346890034066	0.333785268301	0.361539845815
0.035570927222	0.00123930757538	0.00134508593535
0.0364528510374	0.0114443651886	0.0124464230574
0.0367468256426	0.0185185787154	0.020153685522
0.0379227240631	0.00253288975518	0.00276400619098
0.0385106732734	0.00685107870885	0.00748634143181
0.0390986224837	0.0009765625	0.00106855939197
0.0390986224837	0.0022729001148	0.00248701825504
0.039686571694	0.00565671298493	0.00619798777641
0.0399805462991	0.0455919167915	0.049988303466
0.0405684955094	0.0307048289205	0.0337112749299
0.0408624701145	0.45294942428	0.49763644864
0.0411564447197	0.10011204723	0.11006336519
0.0435082415608	0.669833762027	0.740415113911
0.043802216166	0.0387031218187	0.0428102942667
0.0440961907711	0.0502597350106	0.0556309383286
0.0485058098482	0.0727328036736	0.0813272596311
0.0529154289253	0.00366048366037	0.00413479422967
0.054385301951	0.00164237581104	0.00186147771802
0.0582069718178	0.015625	0.0178659863496
0.0590888956333	0.0337112749299	0.0386246069573
0.0667322353669	0.0202631180414	0.0236286282595
0.0873104577268	0.0250280118075	0.0306010838521
0.0914261021987	0.805245165975	0.993926405408
