0 0.0
0.0009765625 1724.44184708
0.00104424770453 1683.07074771
0.0010449547967 1965.77829905
0.00104566236767 2563.47209925
0.00104778795657 2248.80878069
0.00109788701867 2260.86021939
0.00110011876817 3148.41401236
0.00117318678228 3432.24651956
0.00118917741779 4764.27296869
0.00119644413441 5549.30209577
0.0012301140636 7987.2883568
0.00124266767909 9235.02645132
0.00126473152064 9253.59956085
0.0013560563192 12110.1731711
0.00136065367779 12945.7799428
0.00136341957091 11824.9857273
0.00136434278415 13058.6393303
0.00141513582973 14408.2804097
0.00143442425131 14635.4302146
0.001518348574 17092.7597592
0.00151937669442 15359.1437483
0.00152040551102 15532.1388801
0.00154740064966 18249.6602382
0.00172907809967 20885.9578452
0.00175383235117 21139.9744634
0.00175501992489 22513.2020542
0.00184017986234 23345.7122935
0.00187412083187 23196.5944623
0.00188557303807 23551.281399
0.00189068534521 24162.0095648
0.00203133039109 24756.2337323
0.00203408227478 26133.2006898
0.00207159965334 26335.7802107
0.0021083813668 27328.1018884
0.00212989791536 27115.1014731
0.00225909544095 26632.0029321
0.00226062514382 28808.8500356
0.00247861515077 30036.37408
0.00264682139636 31434.051334
0.00267383285737 31225.9833949
0.00299789186801 33490.9733287
0.00300601997744 33672.2286792
0.00300805544583 33254.4625556
0.00321654271426 34850.2839063
0.00321872073406 35142.225956
0.00350529116212 35510.4700916
0.0040161783762 37401.3590519
0.00402434233471 37813.7465537
0.00424253014173 38784.7693706
0.00425691334404 38166.0416948
0.00462338129225 39271.7246245
0.00464219691896 39141.507781
0.00505550284641 40502.3233498
0.00505892608256 40094.2210987
0.00506577951036 40134.9949222
0.00529006073022 40796.4398926
0.00541688691234 40532.5877102
0.00542055485273 40926.0609485
0.00574546997749 41704.1460562
0.00629523767337 43061.9638716
0.00630803443049 42976.0462945
0.00632942019142 42949.143664
0.00657395165645 44321.4584262
0.00660517499715 43932.2165049
0.00671335663329 44038.6378892
0.00687896032437 44203.0502786
0.00709172133333 44532.9645987
0.00713988814152 45549.1195662
0.0075883809015 44737.9012101
0.00763475128562 45530.40989
0.00763992101005 45366.3314667
0.00807597165526 46325.2433263
0.00808144014355 46309.439497
0.00811432892157 46077.6173416
0.00837096334199 46241.0020168
0.00848506028347 46638.5289348
0.00892090784351 47296.6626023
0.0090916004592 47316.402028
0.009604002953 47304.4426027
0.00962352566198 47785.4295711
0.00969544907068 47578.6118007
0.0100088627951 48282.9511877
0.0109295286917 48865.363121
0.0113902664988 49257.545613
0.0131835508951 50283.7897594
0.0132372035698 50580.6490635
0.0139454422759 50692.7825561
0.014952426514 51190.2580885
0.0149625512609 51308.7733192
0.0163278264415 51661.9670133
0.016338882514 51778.5841778
0.0166289830138 51972.0219313
0.0170853812355 52303.1948863
0.0171781531661 52015.4118968
0.0196153243285 53201.7960801
0.0209464789696 53528.7209688
0.0211602429209 53420.4013019
0.0230754085303 53570.4636838
0.0238536121887 54090.0907933
0.0239021010461 53776.385526
0.0239182858923 53676.6140551
0.0239344816978 54005.1979124
0.0285788911157 54427.3482101
0.0314409596425 54478.3769
0.0314622492812 54742.561332
0.0315048718162 54552.8475535
0.032085959522 54644.4718613
0.03210768591 54712.7725842
0.0357319726993 54968.1676826
0.0362926273486 54892.26291
0.0416667118143 55080.1430177
0.0416949256237 55148.9471555
0.0463072794819 55107.1409484
0.046874949209 55012.8249204
0.0469066896758 55142.1299768
0.0503278228734 55347.0948635
0.0555556759493 55379.8682144
0.0592455892855 55446.7564146
0.0638685717909 55470.6690311
0.0682490665739 55523.0738564
0.0695078780285 55525.9022718
0.0713672627481 55481.243369
0.0717062254414 55610.8777096
0.0717547799275 55456.7134993
0.0769361094947 55443.4929147
0.0831080947249 55583.7176503
0.0831643697667 55637.1494685
0.0833334236286 55591.3419374
0.0833898512475 55582.706287
0.0842979071915 55551.3317807
0.0845264620041 55610.2613784
0.0908757428564 55549.4904068
0.0909372776112 55568.9236526
0.0938133793517 55461.692394
0.100044304161 55475.4781521
0.101545295848 55483.5504103
0.10168286128 55465.0793467
0.101751713866 55546.632781
0.111036165903 55311.7346355
0.111111351899 55179.7884862
0.112169317188 55274.3966304
0.117135477132 55261.5516734
0.124746419482 55252.2262051
0.125 55107.1690018
0.130534222803 54906.4710007
0.137891130049 54839.5902693
0.137984500365 54846.5116953
0.138546051465 54793.1351132
0.142927890797 54410.6603863
0.143218430027 54643.0012683
0.148650889375 54325.6657451
0.155337339014 54486.5777194
0.166666847257 53450.3159425
0.167005642276 53538.8803019
0.169281943367 53547.6271419
0.181628499481 53528.1564956
0.183482062831 53105.1763145
0.183606304167 53118.668774
0.186739827742 53209.0384321
0.18775380654 53105.2034797
0.197264482214 53045.2411409
0.200088608322 52127.7441016
0.20022409446 52408.4274767
0.207818852018 52379.5961168
0.207959572541 52522.5036324
0.222222703797 51625.2050227
0.223127076415 51869.2835529
0.240863728815 51461.420739
0.241026825039 51382.5258598
0.25 50352.817844
0.250169282673 50128.5061492
0.25965852549 50222.7049029
0.272811537231 49483.5834945
0.272996266296 49537.6273881
0.273366099768 49132.5169257
0.285855781594 48554.1606437
0.28701911971 48624.7705883
0.300132587277 48450.9913546
0.300539182863 47823.82722
0.310464453018 47893.2412844
0.3279622259 47105.4892095
0.328184299189 47606.6795913
0.328628896987 47834.2968505
0.333333694514 45328.5672496
0.33355940499 45183.5237416
0.334011284551 45735.6774903
0.344341999449 45361.9631072
0.369456537563 45262.2358353
0.369957047684 45791.1014844
0.370960102997 45095.5180588
0.375253517407 44761.7145558
0.396134566313 44584.7459154
0.400177216645 43464.2094443
0.402622582987 43446.1141461
0.428783207787 43146.8035435
0.429073550057 43072.7759554
0.489617341633 42233.868313
0.5 35811.9146398
0.522490446129 35416.6724023
0.524261814991 35642.2548969
0.554184205862 34828.6158853
0.567854707079 35580.1732102
0.600265174554 33952.798236
0.603933220093 32912.1974504
0.604342161813 33635.5083935
0.624300488595 33942.0712437
0.666667389029 30148.7909837
0.668474907687 30462.1662448
0.750507034813 27657.3828432
0.770583626879 27985.0315512
0.771105412704 27563.1663133
1 0.0
