0 965.614762127
0.0009765625 2843.02268311
0.00116448377205 3071.36875254
0.00116606132138 2788.12078107
0.00118035578479 3024.1353572
0.00118676499998 2993.77719321
0.0012127517696 3073.91276644
0.00180563092726 3328.24956564
0.00181052648934 3332.81091502
0.00293166810474 3615.69804806
0.00293365322719 3745.28216507
0.00294559222174 3738.04857595
0.00294758677264 3645.04492694
0.00342322138615 3814.12828666
0.00552427172802 4121.3942129
0.00695386729108 4127.90872791
0.0078125 4182.00165006
0.00929068058596 4262.0198723
0.011048543456 4476.1610388
0.0115455167988 4389.0492317
0.0116003528584 4408.12362118
0.011774396082 4452.31954769
0.0122127444529 4422.42645382
0.0164053763406 4564.44949836
0.0183936494713 4680.64277614
0.0184810111091 4641.10061993
0.0202631180414 4650.25286056
0.0206368586122 4768.91043126
0.0206508324625 4721.01231008
0.020664815775 4711.49576481
0.022580950109 4764.10465013
0.0241787389492 4819.56959074
0.0242278887138 4809.92338867
0.0250449590425 4822.20231384
0.0280613176188 4860.53493525
0.0318695025933 4909.74589705
0.0319342858954 4909.2902653
0.0326335557009 4906.30523634
0.0360722006434 4935.38312295
0.0405262360828 4997.94621928
0.0416667118143 5013.29699898
0.0487188875074 5037.15551207
0.0525560259534 5066.15393052
0.0573127527003 5078.32237904
0.0625 5102.30030163
0.066022499257 5079.07383948
0.0660672051177 5104.23401244
0.0666962750423 5117.12514378
0.0677427769248 5140.72801582
0.0677886476383 5124.61328698
0.0828833750979 5146.65556522
0.0833334236286 5159.12503238
0.100044304161 5132.00649196
0.10011204723 5140.75555378
0.125 5122.44906548
0.165766750196 5132.58794228
0.16587899595 5170.54948277
0.166666847257 5034.02933321
0.188390337312 5027.92175816
0.203917102969 4980.12015349
0.25 4898.12577913
0.303811839995 4803.69148394
0.304841835543 4883.73553701
0.333333694514 4613.04471136
0.33355940499 4587.29064727
0.334916881013 4611.64079805
0.5 3566.10784597
0.658593846525 3502.5349115
0.659039800633 3484.66682114
0.666667389029 3513.59849985
0.668022569102 3397.25417866
1 0.0
