0 875.945852471
0.0009765625 2774.85897787
0.0012127517696 3043.5845689
0.00126644487759 3075.48278968
0.00129417640934 3226.64501048
0.00130826906646 3141.39891497
0.00165577086083 3318.23751611
0.00235751779333 3606.60887232
0.00236071156958 3519.21851876
0.00236711210796 3525.93858989
0.00237352999996 3651.57810672
0.00276213586401 3683.25067261
0.00361860271172 3873.53078563
0.00362105297868 3830.04929142
0.00552427172802 4191.41586684
0.00599578373602 4116.17722156
0.00600797177278 4088.49516813
0.00773881359423 4236.21749192
0.0118463459849 4498.82733513
0.0118543675094 4550.50837354
0.0119187355527 4506.13623223
0.0148113973214 4644.28430154
0.0148314626159 4539.38920419
0.0148415054545 4639.19890829
0.0185813611719 4647.910904
0.0187836989289 4757.91734862
0.0188984806388 4719.60305325
0.0189882399997 4759.15107051
0.0205949937698 4733.2171511
0.0245414990929 4883.5358539
0.0245581168952 4818.87068691
0.0278908845519 4924.10839413
0.0280043911911 4892.20660755
0.029844186723 4922.92880773
0.0354909191924 4921.85572427
0.0355389994467 4905.15002557
0.035563063994 4941.82236412
0.0355871448361 4972.15088589
0.0371627223438 4989.80463407
0.0421204325581 5038.89135855
0.0421489535958 4991.29800269
0.0475782267184 5010.99138643
0.047610443396 5007.69586979
0.0476426818886 5036.05444785
0.0476749422108 5035.09550811
0.0550316825949 5083.45856085
0.0555556759493 5116.54892786
0.0573127527003 5114.18035003
0.0702647691952 5119.77504051
0.0833334236286 5143.07668837
0.0834463170752 5174.48062206
0.10045145126 5163.88720313
0.100519470021 5139.51905562
0.111111351899 5133.91493361
0.125 5144.4103947
0.164537048546 5151.3481164
0.164648461631 5160.14165929
0.164759950158 5179.09017605
0.166666847257 5047.78204566
0.166779702495 5079.462744
0.168824214487 5039.32016925
0.20739726152 5026.09027642
0.24881822432 4995.01633927
0.249830831876 5010.9787016
0.25 4904.34336984
0.328406522851 4751.14224994
0.328628896987 4906.44480118
0.333333694514 4675.384719
0.499661663751 4669.70806507
0.5 3578.79509164
0.997296056085 3518.83597016
0.999323327503 3530.48774489
1 0.0
