0.00029397460514	0.000993229038929	0.000993901584797
0.00029397460514	0.0505668576035	0.0506010979748
0.00029397460514	0.0833334236286	0.0833898512475
0.00029397460514	0.0834463170752	0.0835028211378
0.00029397460514	0.164203261425	0.164314448494
0.000293974605141	0.100044304161	0.10011204723
0.000293974605141	0.142831175424	0.142927890797
0.000293974605141	0.142927890797	0.143024671659
0.000293974605141	0.143024671659	0.143121518054
0.000293974605141	0.222222703797	0.222373177611
0.000293974605141	0.25	0.250169282673
0.000293974605141	0.285855781594	0.286049343318
0.000293974605141	0.333333694514	0.33355940499
0.000293974605141	0.666667389029	0.66711880998
0.000293974605141	0.669380503942	0.669833762027
0.000293974605141	0.505102622537	0.505444643026
0.000293974605141	0.00114804780875	0.00114882518716
0.000293974605141	0.00121357296105	0.00121439470855
0.000293974605141	0.00121439470855	0.00121521701248
0.000293974605141	0.00121521701248	0.00121603987322
0.000293974605141	0.00144906290233	0.0014500441073
0.000293974605141	0.00189837980678	0.00189966525801
0.000293974605141	0.00189966525801	0.00190095157967
0.000293974605141	0.0023848032097	0.00238641803315
0.000293974605141	0.00429163229557	0.00429453829152
0.000293974605141	0.0056299731216	0.0056337853492
0.000293974605141	0.00564141755028	0.00564523752725
0.000293974605141	0.00857165240313	0.00857745653206
0.000293974605141	0.00860653618228	0.00861236393209
0.000293974605141	0.0092467625845	0.00925302385125
0.000293974605141	0.014308803754	0.0143184926842
0.000293974605141	0.0143184926842	0.0143281881751
0.000293974605141	0.0160864766917	0.0160973693388
0.000293974605141	0.0186949064547	0.0187075653496
0.000293974605141	0.0555556759493	0.0555932944026
0.000293974605141	0.0555932944026	0.0556309383286
0.000293974605141	0.0617849143627	0.0618267508246
0.000293974605141	0.0833898512475	0.0834463170752
0.000293974605141	0.0908757428564	0.0909372776112
0.000293974605141	0.12765070737	0.127737143582
0.000293974605141	0.142734525496	0.142831175424
0.000293974605141	0.18397953317	0.184104111359
0.000293974605141	0.199277614599	0.199412551588
0.000293974605141	0.302785324583	0.302990349819
0.000587949210281	0.00144710248381	0.00144906290233
0.000587949210281	0.0056337853492	0.00564141755028
0.000587949210281	0.250169282673	0.250508191977
0.000587949210281	0.399635822047	0.400177216645
0.000587949210281	0.0999089555117	0.100044304161
0.000587949210281	0.00557687200365	0.00558442710309
0.000587949210281	0.00857745653206	0.00858907658305
0.000587949210281	0.166666847257	0.16689263415
0.000881923815422	0.00221968444895	0.00222419655226
0.000881923815422	0.00858907658305	0.00860653618228
0.000881923815422	0.0243100271108	0.0243594437537
0.000881923815422	0.223883531118	0.224338634375
0.000881923815422	0.0262247042395	0.0262780129767
0.000881923815422	0.0311866048705	0.03125
0.000881923815422	0.00597957147307	0.00599172655407
0.00117589842056	0.00128110244492	0.00128457586602
0.00117589842056	0.354032356404	0.354992235499
0.0014698730257	0.00504866332178	0.00506577951036
0.0014698730257	0.00555802894255	0.00557687200365
0.0014698730257	0.0421774939459	0.0423204858418
0.0014698730257	0.164314448494	0.164871514177
0.0014698730257	0.199412551588	0.200088608322
0.0014698730257	0.332207431051	0.333333694514
0.0014698730257	0.598237006549	0.600265174554
0.0014698730257	0.66711880998	0.669380503942
0.0014698730257	0.0712224839684	0.0714639453986
0.00176384763084	0.0034534777044	0.00346753221197
0.00176384763084	0.111714675552	0.112169317188
0.00176384763084	0.33355940499	0.334916881013
0.00205782223598	0.0059513054245	0.00597957147307
0.00205782223598	0.125	0.125593694294
0.00205782223598	0.24881822432	0.25
0.00205782223598	0.164871514177	0.165654580395
0.00235179684112	0.111111351899	0.111714675552
0.00235179684112	0.400177216645	0.402350139359
0.00264577144627	0.00151424304461	0.00152349614255
0.00264577144627	0.00996154987255	0.0100224220006
0.00264577144627	0.165654580395	0.166666847257
0.00264577144627	0.16689263415	0.167912466398
0.00293974605141	0.222373177611	0.223883531118
0.00352769526169	0.00558442710309	0.0056299731216
0.00411564447197	0.0109443351416	0.011048543456
0.00411564447197	0.00132341069818	0.00133601177411
0.00440961907711	0.00201899291382	0.0020395972313
0.00440961907711	0.5	0.505102622537
0.00587949210281	0.10011204723	0.101476582939
0.00617346670795	0.00218835498518	0.00221968444895
0.00646744131309	0.00259185931172	0.00263074567624
0.00705539052337	0.125593694294	0.12765070737
0.00734936512852	0.0009765625	0.000993229038929
0.00852526354908	0.00121603987322	0.00124014674858
0.0094071873645	0.00214146305042	0.00218835498518
0.0094071873645	0.00346753221197	0.00354346128027
0.0105830857851	0.0126845728673	0.0129974732838
0.0108770603902	0.00732592457242	0.00751172193819
0.0129348826262	0.00128457586602	0.00132341069818
0.0132288572313	0.00403525343368	0.00416006075215
0.0135228318365	0.00103230007996	0.00106494895768
0.0135228318365	0.00416006075215	0.00429163229557
0.0138168064416	0.00152349614255	0.00157274446479
0.0138168064416	0.00390889504177	0.00403525343368
0.0138168064416	0.178218468013	0.18397953317
0.0141107810467	0.00124014674858	0.00128110244492
0.014698730257	0.600265174554	0.620928906037
0.0158746286776	0.0714639453986	0.0741244728538
0.0158746286776	0.143121518054	0.148449781503
0.0164625778879	0.000993901584797	0.00103230007996
0.0170505270982	0.575205125931	0.598237006549
0.0185204001239	0.0484557774277	0.0505668576035
0.018814374729	0.127737143582	0.133392550085
0.018814374729	0.0014500441073	0.00151424304461
0.0196962985444	0.00700109779778	0.00732592457242
0.0211661715701	0.0020395972313	0.00214146305042
0.0214601461753	0.200088608322	0.210224103813
0.0217541207804	0.00180563092726	0.00189837980678
0.0226360445958	0.00171392944613	0.00180563092726
0.022930019201	0.00564523752725	0.0059513054245
0.0238119430164	0.402350139359	0.42502658843
0.0238119430164	0.00114882518716	0.00121357296105
0.0241059176215	0.210224103813	0.222222703797
0.0241059176215	0.354992235499	0.375253517407
0.0241059176215	0.334916881013	0.354032356404
0.0246938668318	0.286049343318	0.302785324583
0.0246938668318	0.0160973693388	0.0170391833229
0.0258697652524	0.00263074567624	0.00279221355155
0.0258697652524	0.167912466398	0.178218468013
0.0261637398575	0.00190095157967	0.00201899291382
0.0273396382781	0.375253517407	0.399635822047
0.0285155366986	0.0666962750423	0.0712224839684
0.0293974605141	0.133392550085	0.142734525496
0.0302793843295	0.00222419655226	0.0023848032097
0.0308673335398	0.00861236393209	0.0092467625845
0.0308673335398	0.620928906037	0.666667389029
0.03145528275	0.00469592473224	0.00504866332178
0.0320432319603	0.00925302385125	0.00996154987255
0.0320432319603	0.0243594437537	0.0262247042395
0.0326311811706	0.00106494895768	0.00114804780875
0.0329251557757	0.00279221355155	0.00301213051837
0.0329251557757	0.0618267508246	0.0666962750423
0.0343950288015	0.184104111359	0.199277614599
0.0346890034066	0.00133601177411	0.00144710248381
0.0346890034066	0.0187075653496	0.0202631180414
0.0358649018272	0.00238641803315	0.00259185931172
0.0361588764323	0.0388080566273	0.0421774939459
0.0367468256426	0.0835028211378	0.0908757428564
0.0373347748529	0.00157274446479	0.00171392944613
0.0382166986683	0.0100224220006	0.0109443351416
0.0388046478786	0.00429453829152	0.00469592473224
0.0393925970888	0.101476582939	0.111111351899
0.0399805462991	0.302990349819	0.332207431051
0.0402745209043	0.00506577951036	0.00555802894255
0.0402745209043	0.0170391833229	0.0186949064547
0.0405684955094	0.0506010979748	0.0555556759493
0.0408624701145	0.0909372776112	0.0999089555117
0.04174439393	0.0129974732838	0.014308803754
0.0426263177454	0.00354346128027	0.00390889504177
0.043802216166	0.148449781503	0.164203261425
0.0449781145865	0.224338634375	0.24881822432
0.0455660637968	0.0556309383286	0.0617849143627
0.0470359368225	0.112169317188	0.125
0.0493877336636	0.669833762027	0.750507034813
0.050269657479	0.0143281881751	0.0160864766917
0.0508576066893	0.0741244728538	0.0833334236286
0.0561491495819	0.505444643026	0.575205125931
0.0573250480024	0.00751172193819	0.00857165240313
0.0573250480024	0.250508191977	0.285855781594
0.0587949210281	0.0423204858418	0.0484557774277
0.0593828702384	0.00301213051837	0.0034534777044
0.0599708194487	0.011048543456	0.0126845728673
0.0676141591823	0.00599172655407	0.00700109779778
0.0705539052337	0.42502658843	0.5
0.0743755751006	0.0262780129767	0.0311866048705
0.0790791687828	0.0202631180414	0.0243100271108
0.094071873645	0.03125	0.0388080566273
0.12464523258	0.750507034813	1
