0 0.0
0.0009765625 15905.4296477
0.000993229038929 16060.2621547
0.000993901584797 16645.0013267
0.00103230007996 17899.9688108
0.00106494895768 20781.9944713
0.00114804780875 25578.4215914
0.00114882518716 24665.6593299
0.00121357296105 26049.9857854
0.00121439470855 26007.6815451
0.00121521701248 26204.3509705
0.00121603987322 27003.1758673
0.00124014674858 27827.6289897
0.00128110244492 28279.8765717
0.00128457586602 28412.3783306
0.00132341069818 28041.6194299
0.00133601177411 27522.2071136
0.00144710248381 31789.6362096
0.00144906290233 29732.6169982
0.0014500441073 31325.917708
0.00151424304461 32522.7645263
0.00152349614255 32527.6061563
0.00157274446479 31872.5347434
0.00171392944613 35001.9780913
0.00180563092726 35972.4357117
0.00189837980678 36260.2922506
0.00189966525801 37268.9543977
0.00190095157967 36270.8741506
0.00201899291382 37882.6721017
0.0020395972313 38496.9973134
0.00214146305042 39378.1811956
0.00218835498518 39839.2805657
0.00221968444895 39240.2311934
0.00222419655226 38888.3055718
0.0023848032097 40936.9952576
0.00238641803315 40660.7878289
0.00259185931172 42252.6679929
0.00263074567624 42538.436967
0.00279221355155 43132.7341038
0.00301213051837 43976.5018452
0.0034534777044 46567.2343905
0.00346753221197 45870.9512925
0.00354346128027 47262.4951174
0.00390889504177 47934.2551208
0.00403525343368 48624.9185523
0.00416006075215 48380.8123264
0.00429163229557 48717.4092125
0.00429453829152 49121.4731111
0.00469592473224 49801.395898
0.00504866332178 50923.306512
0.00506577951036 51161.0938745
0.00555802894255 52006.6679958
0.00557687200365 51523.4362011
0.00558442710309 52770.0513522
0.0056299731216 51645.1759692
0.0056337853492 51401.1134962
0.00564141755028 52164.4094864
0.00564523752725 52457.9085017
0.0059513054245 52243.630942
0.00597957147307 52969.8725347
0.00599172655407 53204.1674625
0.00700109779778 54155.1955095
0.00732592457242 54602.594026
0.00751172193819 55123.8477077
0.00857165240313 56654.0843694
0.00857745653206 56325.5512947
0.00858907658305 55958.0037361
0.00860653618228 56250.2074352
0.00861236393209 56136.190815
0.0092467625845 57590.412602
0.00925302385125 57787.617345
0.00996154987255 57963.5279719
0.0100224220006 58090.6228438
0.0109443351416 58886.5467866
0.011048543456 59367.7182271
0.0126845728673 60509.4211174
0.0129974732838 59892.9054121
0.014308803754 60775.3246898
0.0143184926842 61086.1914836
0.0143281881751 61020.3090856
0.0160864766917 61734.9691214
0.0160973693388 61906.9293454
0.0170391833229 61511.4202379
0.0186949064547 62594.7819799
0.0187075653496 62529.2879065
0.0202631180414 62990.9976415
0.0243100271108 63146.4812178
0.0243594437537 62972.5828944
0.0262247042395 63903.4758517
0.0262780129767 63494.8738569
0.0311866048705 63927.8019768
0.03125 63836.6355917
0.0388080566273 64244.0368042
0.0421774939459 64488.0617291
0.0423204858418 64375.001233
0.0484557774277 64413.8213412
0.0505668576035 64439.1348406
0.0506010979748 64708.162233
0.0555556759493 64660.3326658
0.0555932944026 64709.4751531
0.0556309383286 64705.0944231
0.0617849143627 64619.5783911
0.0618267508246 64661.7677671
0.0666962750423 64875.0148505
0.0712224839684 64686.6091823
0.0714639453986 64469.4495985
0.0741244728538 64535.1695534
0.0833334236286 64329.2989309
0.0833898512475 64472.5659324
0.0834463170752 64251.5945755
0.0835028211378 64466.6845753
0.0908757428564 64249.5890769
0.0909372776112 64362.1104351
0.0999089555117 64154.4570784
0.100044304161 63979.2416876
0.10011204723 63544.550359
0.101476582939 63858.8172902
0.111111351899 63529.3494711
0.111714675552 63588.4981405
0.112169317188 63309.5798469
0.125 62945.8775126
0.125593694294 62862.592558
0.12765070737 62890.6729017
0.127737143582 62839.1831347
0.133392550085 62620.0820713
0.142734525496 62466.0117453
0.142831175424 62512.1624718
0.142927890797 61970.4432915
0.143024671659 61768.8160592
0.143121518054 61956.298326
0.148449781503 61527.589693
0.164203261425 61734.9562521
0.164314448494 61555.5265815
0.164871514177 61194.9819575
0.165654580395 61495.7469792
0.166666847257 60358.926577
0.16689263415 60052.2394004
0.167912466398 60400.4164252
0.178218468013 60135.5160003
0.18397953317 59950.2611992
0.184104111359 59787.6388358
0.199277614599 59773.9434668
0.199412551588 59685.2738094
0.200088608322 58794.2034361
0.210224103813 58488.4509366
0.222222703797 57564.7499487
0.222373177611 57188.2132245
0.223883531118 57891.8895656
0.224338634375 57675.3791676
0.24881822432 57514.3481016
0.25 55475.3591881
0.250169282673 54860.0187112
0.250508191977 55363.1737418
0.285855781594 53592.751062
0.286049343318 54034.2630165
0.302785324583 53534.1470905
0.302990349819 53117.5638308
0.332207431051 53493.6990746
0.333333694514 49708.83543
0.33355940499 50174.2589818
0.334916881013 49872.5405782
0.354032356404 49792.9755233
0.354992235499 50066.6835395
0.375253517407 49998.1233104
0.399635822047 49508.7461722
0.400177216645 48179.1445142
0.402350139359 47971.8539069
0.42502658843 47615.6293229
0.5 38351.4425653
0.505102622537 38324.1931787
0.505444643026 37963.174013
0.575205125931 37323.6573675
0.598237006549 38006.4970053
0.600265174554 36624.2033661
0.620928906037 37711.460362
0.666667389029 34248.4582408
0.66711880998 32910.7714279
0.669380503942 33430.5485737
0.669833762027 32974.0057868
0.750507034813 32270.5926887
1 0.0
