0 0.0
0.0009765625 2919.50242881
0.000993229038929 2554.83369445
0.000993901584797 3326.38814554
0.0010414241173 5349.6093943
0.00104212929754 4740.84871711
0.00107727445351 6096.40377547
0.0010780039091 6560.39612166
0.00110384843662 7797.42807601
0.00110459588628 8223.35165857
0.00118837273413 9585.64444188
0.00118917741779 11335.342858
0.00118998264632 8300.04235851
0.00119644413441 9992.85365141
0.0012127517696 7850.73268232
0.00126901926609 16435.6397881
0.00127504654207 16037.8205713
0.001381067932 20847.7720245
0.0014084463373 24580.061934
0.00140940003954 29113.6473137
0.0014569311706 27583.6856496
0.00145791770341 28957.9805426
0.00151526838506 32018.6872885
0.00151629441979 29855.9642428
0.001518348574 31460.5822315
0.00160827135713 34252.1506192
0.00161045011433 33835.0283413
0.00167493440542 36555.4244376
0.00167606855491 36429.1443294
0.00175383235117 35602.5151882
0.00175620830275 37230.0583176
0.00176933368859 39423.2995659
0.0018314811431 39793.4023567
0.00184017986234 39656.9606324
0.00189581151321 42263.8638995
0.00198914917213 44451.7526037
0.00199184391208 43223.4113378
0.00199319265073 43354.166416
0.00204236031424 43919.612949
0.00205067204258 43443.0549534
0.00214146305042 45310.4628116
0.00227443916523 47993.2141955
0.00229765037432 48978.8728338
0.00248029349716 51737.0219698
0.00248197298001 50331.8490878
0.00249376124558 50786.1602647
0.00250391002582 49376.8892121
0.00270477923793 53052.7217336
0.00270661072697 52045.4011638
0.00277150017201 54328.2384423
0.00277713398861 53801.4353044
0.00280737499502 55455.7728096
0.00297968388817 54874.1948021
0.00318836221091 57461.1555233
0.00319484341129 57551.6890966
0.00328697582823 59764.7780595
0.00331154172166 59108.6889105
0.0033955278073 59128.6678425
0.0033978270234 59282.8873905
0.00380447754466 63401.197022
0.00381221116451 61116.8525142
0.00405991169137 63567.9040675
0.0040654117345 63100.857924
0.00406816454956 64055.6886129
0.00428292610085 64527.5902807
0.0043915480747 65397.3394848
0.00439749739223 64576.1836394
0.00475349093653 66969.5789759
0.00475670967115 66872.4293806
0.00475993058526 66204.819037
0.00476315368036 66583.0539398
0.00515223481805 68334.4521725
0.00516970213902 67390.1918023
0.00534766571474 68519.5847814
0.00565288524283 69733.1651356
0.00569127950938 70098.8811707
0.00590315985416 70532.4342862
0.00590715706488 71119.9541464
0.00595936777635 71189.5425869
0.00627396740788 71645.4351641
0.00658285751953 73350.0713846
0.00658731497441 72526.7762867
0.00664553729653 73164.0256419
0.00667258242675 73207.1824431
0.00722741430151 74318.9266138
0.00723230820557 73842.255206
0.00743080576859 74570.705718
0.00785492110244 75314.7486112
0.00810335115058 75871.7918429
0.00815838892521 75746.0552008
0.00853113332174 76303.7001215
0.00853691001396 77370.7585658
0.00854269061776 76975.6610446
0.00856005592509 76862.1426403
0.00856585220169 76687.3736629
0.00892090784351 77840.8168335
0.00938549425824 77794.5782914
0.00946844843185 78220.8133162
0.0100020900729 78978.4354035
0.0100088627951 79148.6359199
0.0100156401033 78614.6551726
0.0100224220006 78881.1224572
0.010673634408 80058.5239051
0.0106880941929 79714.7857941
0.0108191169517 80216.775561
0.0108337738247 80139.5370826
0.0115455167988 80900.5289952
0.0115533346226 81349.5085109
0.0116003528584 81189.301283
0.0118223139645 81225.350633
0.0120485220735 81993.1345348
0.0131390064883 82476.569758
0.0134267132666 82868.4236685
0.0143864991434 83722.4380327
0.015300541926 84241.4355126
0.0153732126815 84157.0135551
0.0168899010639 84754.8396165
0.0169471619096 84669.9770115
0.0194698126582 85581.7312117
0.019482996266 85710.8949444
0.0200584169803 85591.8325551
0.0200991910867 85405.1767798
0.0201809881207 85737.3426029
0.0202631180414 86003.9259433
0.0230910335977 86345.0847964
0.0231066692453 86531.1790366
0.0231223154802 86530.3673618
0.0231379723097 86124.1584376
0.0233108987295 86325.9285377
0.0233266832546 86568.4243116
0.0239344816978 86843.8599006
0.02395068847 87042.3055857
0.0239669062163 86721.1064418
0.0252492231769 86906.1105057
0.0257149293462 87012.8680219
0.0277590414756 87039.7092025
0.0279854413898 87173.169636
0.0280423292969 87331.7197629
0.0304152252747 87563.8040608
0.0356112419842 87790.7972515
0.0356353554492 87797.6296017
0.0379764799994 88048.1507067
0.0406911644074 88045.6754768
0.0416949256237 87951.3966321
0.0417796817305 88106.476023
0.0418079720353 88049.4747797
0.0440746752568 88164.8872003
0.0484229887357 88271.6059133
0.0487188875074 88237.4601941
0.0500221520806 88252.0690947
0.0550689462363 88153.7146154
0.0551808886229 88249.5678992
0.0555556759493 88331.0188114
0.0586867931853 88251.0124566
0.0592054994246 88239.5645466
0.0618686156153 88300.3897337
0.0625 88223.7168884
0.0681567332916 88293.5450661
0.069696333004 88333.2113965
0.0697435265302 88239.684612
0.0699326204136 88288.5966087
0.0711742896723 88251.7831149
0.0769361094947 88224.2651025
0.0771969414961 88172.2664954
0.0808880455426 88182.8803171
0.0810524721657 88118.4649363
0.0903849614537 88072.9737794
0.0905686931026 88096.7907496
0.090998854033 88035.897571
0.0913073621363 87941.626691
0.0956731435692 88045.7261622
0.0958676248651 87926.0381128
0.100860255313 87966.8359487
0.100928550888 87801.0224723
0.101270723063 87887.17548
0.10313859837 87822.4773084
0.103839113358 87708.5787891
0.111036165903 87634.300646
0.111111351899 87534.0681
0.114936286673 87373.3312976
0.116109239647 87269.1514079
0.116581765699 87659.8883893
0.116660706791 87495.9335498
0.119700410087 87432.9558561
0.125 86998.451587
0.128170203364 87009.6380068
0.128256991342 87119.2158752
0.129128109878 86845.9773411
0.132044998514 86799.4339493
0.133392550085 86421.539094
0.136683049884 86388.6319456
0.139109887892 86251.5644862
0.142927890797 85819.9132466
0.143024671659 85923.3460045
0.143121518054 85958.5800855
0.143898653744 85886.4789043
0.147848088873 85815.427634
0.154917315562 85148.2557785
0.155127185131 85292.9483385
0.155232226509 85010.8329496
0.158202439322 85056.3817005
0.162544455422 84974.7342798
0.166666847257 83848.9185147
0.166779702495 84332.4972457
0.167458440507 83958.7394316
0.169511272983 84205.0429559
0.172287581993 83924.7083562
0.178943758002 83587.7569876
0.183109843018 83187.3308439
0.185354542249 83458.3882365
0.186739827742 83078.6475495
0.188135466453 82865.2422436
0.199547579947 82704.944798
0.200088608322 81309.5539403
0.20022409446 81693.9102159
0.201447605548 81777.1887298
0.201584011905 81382.5439919
0.205719434769 81211.9586742
0.214536775029 80634.6164856
0.22117223425 81144.7857248
0.221471860675 80982.8525389
0.22162182607 81174.5556843
0.222523753314 80086.4589705
0.230183986295 79482.7357258
0.231747390635 79292.3685877
0.247642035015 79255.7266019
0.249830831876 78959.7122715
0.25 76852.8298903
0.250169282673 76667.3515374
0.266785100169 75715.7908728
0.273366099768 75776.9753632
0.273921789603 75533.6274306
0.274107270454 75920.4203779
0.277092102931 75241.3836708
0.285855781594 74336.1652797
0.286243036108 74301.6820247
0.289555952958 74504.1687775
0.290341018789 74215.9586782
0.29992949581 74598.6315093
0.300335816264 73139.61707
0.300539182863 73485.634459
0.306704635156 73430.3098896
0.312996569467 72534.853849
0.333333694514 68919.6923363
0.33355940499 68936.1771289
0.339022545966 69591.5115713
0.339711700118 69120.4473665
0.361295201744 68512.6627571
0.375253517407 67346.9608804
0.400177216645 65089.8220022
0.400448188921 64754.2189206
0.411996253959 64405.3643293
0.41255439348 64457.5552242
0.428783207787 63680.2288824
0.429073550057 62686.4094272
0.439063040093 63066.1907881
0.5 53247.5044456
0.500338565347 52207.530222
0.549328933833 52161.8039335
0.572486072216 50390.0353343
0.600265174554 49139.8349536
0.60762367999 49114.8642596
0.624723221617 47934.2661346
0.625146240885 48175.0900287
0.627265637696 48307.2276211
0.666667389029 42670.4697475
0.66711880998 41685.5824406
0.669380503942 42080.6069819
0.714322979182 42660.2194102
0.750507034813 39710.6940794
0.751523761622 40222.97708
0.787990422554 40489.6311661
0.818987911479 40087.0485679
0.820097410694 38968.3947274
0.821764478391 39551.437634
0.992581735187 38363.2193176
0.993253842745 39158.9888824
0.999323327503 38814.5513096
1 0.0
