0 95.4268101248
0.0009765625 6028.20064562
0.00113107794124 7423.64692588
0.0011356810529 8103.80320507
0.0011364500574 7562.26274494
0.00117477612175 7236.32177525
0.00118035578479 8004.94981192
0.00124435114572 7965.06295603
0.00124603689297 7691.7082641
0.00144318959985 9089.18354498
0.00144514471751 9147.72008797
0.00147179951025 8940.30106551
0.00173494009223 10024.2123513
0.00173729045008 10588.5186152
0.00177173064014 10082.9924738
0.00210695468312 10816.707876
0.0024287894171 11810.5906831
0.00247861515077 11552.397579
0.00256393983741 11951.8319427
0.00301213051837 12597.3778848
0.00358932851404 13462.2054443
0.00359175895855 13248.4353734
0.00389041729339 13702.2614201
0.00449379004634 13969.3422781
0.0044968329295 13949.4468533
0.00506577951036 14345.5769757
0.00560335966034 14704.7925563
0.00560715386715 14700.0422692
0.00608986093843 14850.2888583
0.00636809743356 15180.1134513
0.00713022867889 15260.6171517
0.00714472277893 15548.1654087
0.00798357147386 15821.3464057
0.00872384400159 15537.0302151
0.00889678620904 15696.3030759
0.00944924031938 16024.0303915
0.009604002953 16261.3426518
0.00964961768701 16323.7189785
0.0101247032734 16320.6475064
0.0113671597014 16671.4192045
0.011413420267 16717.792863
0.0125649337527 16888.2668389
0.0138139108176 16905.0548633
0.0140211646485 16970.0019534
0.0150031188528 17395.0739344
0.0155090896123 17629.2677335
0.0159671429477 17476.011112
0.0181340345629 17762.7691933
0.0203869400503 17876.7698387
0.0204007446731 17853.0188894
0.0212319812574 18029.2534997
0.0216089598157 18145.2660048
0.023153639741 18149.049708
0.0232007057168 18219.9165159
0.024129688892 18153.4204497
0.0250110760403 18388.269117
0.0250958696315 18425.423048
0.0275904443115 18410.6194362
0.0278343038722 18300.4002145
0.028175517864 18596.1780516
0.033100752206 18652.4561036
0.0332579660276 18724.4054671
0.0337341018689 18584.9732161
0.0337569442646 18628.9277182
0.0394436671998 18645.972587
0.0401439983003 18619.8356345
0.0401711810337 18673.8973574
0.0401983821733 18744.8852687
0.040307371044 18875.2135869
0.0452230819426 18889.7596199
0.0452537038794 18973.590958
0.0452843465513 18729.1594975
0.0456845945768 18850.2749052
0.0488179216985 18833.1719252
0.0500221520806 18810.8477873
0.0519898931352 18885.4492966
0.0612021677041 18980.3702245
0.0613265775065 19052.7711114
0.0618267508246 19110.2269997
0.065090632793 19031.1708408
0.0652671114017 19107.7728456
0.0704552763108 18935.8901382
0.0705984955354 18993.0670696
0.0727820532874 19007.3781799
0.0730782520777 19053.3057174
0.0833334236286 19178.6147467
0.0923641343907 19182.3967915
0.100044304161 19104.3839964
0.111111351899 18956.7765497
0.111186588805 18924.0950701
0.111261876657 19045.516057
0.111563538207 18930.5864741
0.125 18841.5783075
0.141292599887 18793.6803594
0.141388273443 18593.0489329
0.14157981495 18915.4641828
0.142059804733 18815.6764216
0.142348579345 18726.8271186
0.163095520402 18815.6289338
0.163759265016 18727.4149148
0.166666847257 18484.9180779
0.179064926313 18578.0912618
0.2149728785 18258.0404333
0.215555729102 18151.8416728
0.245472414458 18062.6019639
0.25 17213.3525571
0.269872814951 17282.2892779
0.271338197649 17221.3682527
0.272442454019 17151.7141358
0.3324323789 17182.7633134
0.333108136771 17302.7343034
0.333333694514 16209.6270326
0.334237453844 16443.9343503
0.334916881013 16393.7044181
0.400448188921 16216.8389022
0.5 13009.4448922
0.511294553289 12769.8191366
0.511640766525 12378.8442402
0.664864757799 12226.9917416
0.666667389029 11839.6333718
0.66711880998 11927.227418
0.667570536602 12138.0409715
0.671649865593 11836.1634989
0.937083817055 11588.3631891
1 0.0
