14	7543
14	9182
29	7395
34	7388
34	9013
38	7451
48	6672
48	8280
48	9219
48	9628
48	9864
67	6908
67	7023
67	7945
67	9537
140	4341
140	7699
140	7847
140	7995
140	8003
140	8426
140	8994
148	6672
155	9182
167	1216
167	3248
167	4320
167	4491
167	6858
167	9852
171	398
171	8126
265	8824
265	9992
280	5943
280	7648
280	7674
280	8583
280	9301
280	9787
320	6770
320	7384
320	9723
388	6908
388	9735
394	3290
394	9000
398	171
398	9496
430	5924
430	7171
430	9708
430	9815
432	8523
442	9879
461	9122
461	9879
507	5588
551	5920
551	7062
551	9359
563	6281
563	8932
564	2454
564	8171
564	8399
564	9520
576	650
598	6281
621	5192
621	9992
650	576
650	8128
650	9750
650	9952
655	4770
655	5630
655	8957
655	9064
655	9322
730	5592
730	9794
751	3294
751	6720
751	6832
751	7812
751	9144
756	5337
756	6431
756	6667
766	9902
793	2092
793	5526
793	7573
828	4516
828	5969
828	9233
839	9473
839	9873
871	2509
875	6070
875	6832
875	8976
875	9787
889	2777
889	4087
889	5200
889	7023
889	8785
889	9202
971	4758
971	9026
976	8984
976	9441
976	9849
1018	8627
1018	9358
1019	2270
1027	3730
1027	7062
1092	6241
1092	9652
1092	9952
1093	9322
1093	9397
1107	3219
1107	9054
1108	4819
1108	8979
1128	3735
1128	5848
1128	5980
1128	6162
1128	7243
1128	8606
1128	9282
1139	3719
1139	5729
1151	2454
1151	7674
1151	9112
1216	167
1216	8895
1216	9852
1216	9906
1224	8235
1255	4819
1255	8118
1255	8702
1255	9034
1255	9779
1257	3229
1257	7819
1277	3459
1277	7451
1277	9334
1282	8411
1282	9801
1305	3219
1305	4456
1305	5481
1305	6887
1305	7083
1305	7133
1305	9164
1326	9717
1329	9952
1333	5609
1333	8898
1333	9719
1334	8878
1334	9734
1336	8637
1336	8692
1336	8711
1336	9872
1375	9079
1375	9699
1375	9952
1388	7647
1388	7729
1388	8963
1405	4595
1405	5547
1412	4605
1412	5006
1412	5261
1412	7146
1412	8038
1412	8291
1442	8197
1442	9330
1442	9717
1447	3787
1447	4493
1447	7188
1447	7828
1447	9819
1447	9922
1513	6396
1513	9847
1516	8900
1516	9997
1561	7354
1561	8038
1561	9496
1561	9637
1563	5498
1563	6842
1563	9986
1591	5024
1595	2378
1595	3117
1595	4676
1595	4770
1595	6770
1595	7462
1595	8551
1595	9704
1671	6672
1702	6223
1702	9859
1729	9754
1766	4361
1766	5588
1766	7427
1766	8873
1766	9496
1766	9681
1810	7388
1836	9841
1841	7013
1841	8750
1841	9927
1867	6223
1867	6268
1867	6714
1867	9496
1867	9681
1868	7447
1868	9684
1869	7573
1885	5975
1885	6281
1885	7579
1922	7401
1922	9407
1922	9803
1927	4595
1927	5292
1927	7311
1927	9227
1927	9566
1927	9597
1978	6821
1978	9355
1978	9407
1986	4795
1986	6804
1986	8403
1986	9357
1986	9759
1989	6959
1989	7231
1989	9010
1989	9327
1989	9411
1989	9546
2006	9734
2064	4810
2064	5451
2064	6325
2064	7451
2064	7609
2064	7733
2064	8425
2064	9012
2092	793
2092	8293
2092	8474
2092	9388
2096	7993
2096	9007
2115	2509
2115	5761
2115	5872
2115	6577
2115	8583
2115	9122
2115	9411
2115	9879
2120	9734
2120	9862
2131	6391
2132	7427
2133	2142
2133	4342
2133	6822
2133	7371
2133	8297
2133	8873
2133	9496
2133	9681
2142	2133
2142	4696
2142	7155
2142	9681
2142	9852
2147	4493
2147	9917
2149	6384
2149	9148
2149	9381
2149	9917
2250	4322
2250	6884
2250	7023
2250	7808
2250	8551
2250	9779
2270	1019
2270	2321
2270	3298
2270	3811
2270	8774
2270	9287
2293	4359
2293	6533
2293	7573
2293	8952
2293	9285
2293	9917
2321	2270
2321	9389
2321	9548
2339	7854
2378	1595
2378	9059
2420	5700
2420	6720
2422	4708
2422	8138
2422	8364
2422	9138
2422	9381
2422	9637
2441	6672
2441	7812
2443	7451
2443	7854
2443	8150
2443	9036
2454	564
2454	1151
2454	9429
2461	6672
2477	6286
2477	6391
2477	6516
2477	8591
2493	9182
2509	871
2509	2115
2509	2680
2509	3559
2509	4460
2509	6887
2509	8450
2509	9879
2518	9981
2551	6307
2574	6807
2574	8027
2607	5570
2615	3776
2615	6887
2615	9136
2615	9849
2634	8601
2639	8223
2639	9480
2641	6940
2647	9787
2670	8399
2670	9852
2678	4087
2680	2509
2680	4349
2680	5802
2686	6770
2692	9067
2692	9429
2692	9520
2704	7854
2708	7636
2708	9164
2715	8523
2715	9012
2715	9952
2739	8260
2739	9719
2742	3010
2742	9995
2776	3767
2776	3983
2777	889
2777	8726
2804	6085
2804	9138
2804	9285
2804	9914
2828	3139
2828	6286
2828	6293
2828	6396
2828	9202
2832	2937
2832	4320
2832	9806
2833	4192
2845	8294
2845	8627
2845	9473
2849	3280
2849	9496
2849	9534
2856	5715
2856	8235
2856	9833
2868	8234
2868	8750
2868	9071
2868	9331
2883	7771
2889	5650
2889	6792
2889	9681
2896	3730
2896	8657
2896	9483
2906	5961
2906	8988
2931	6918
2931	9878
2937	2832
2937	7116
2945	4595
2945	5190
2945	5729
2945	6286
2945	6320
2945	7846
2945	8865
2945	9067
2945	9953
2946	5526
2946	8438
2946	9587
2956	3730
2981	7401
3000	6281
3000	9537
3010	2742
3010	5605
3010	7636
3010	8403
3010	8454
3010	8837
3010	9396
3039	4349
3039	9521
3039	9878
3050	5609
3055	8099
3055	8551
3055	9981
3067	5039
3067	9360
3067	9899
3113	4269
3113	9255
3117	1595
3117	7808
3139	2828
3139	6293
3139	7972
3152	5457
3152	6842
3152	7024
3152	7671
3152	9513
3171	7847
3171	8994
3171	9344
3171	9997
3172	9336
3172	9784
3202	7903
3202	8523
3202	9012
3202	9357
3219	1107
3219	1305
3219	8399
3229	1257
3229	3639
3229	6094
3229	7116
3229	7474
3229	8777
3229	9013
3229	9687
3248	167
3248	6396
3248	6655
3252	9953
3265	4444
3265	6157
3265	7931
3266	7889
3266	8717
3266	9451
3280	2849
3283	6792
3283	7005
3283	9743
3290	394
3290	7324
3290	7427
3290	7993
3290	8442
3294	751
3298	2270
3298	6189
3298	8583
3298	8824
3298	9872
3314	6577
3314	8960
3342	9396
3342	9718
3342	10000
3351	9330
3359	9260
3359	9360
3383	9953
3412	5975
3412	9013
3412	9064
3412	9255
3412	9873
3430	7188
3432	3907
3459	1277
3459	4320
3459	5369
3459	7925
3459	9054
3459	9762
3459	9891
3480	3529
3480	9143
3497	6286
3497	6391
3497	9509
3497	9566
3515	6206
3515	9499
3515	9587
3515	9879
3529	3480
3529	6884
3529	9175
3559	2509
3559	7324
3569	4517
3569	8166
3569	9684
3572	9188
3572	9735
3587	9007
3587	9203
3601	5840
3601	7854
3601	8150
3601	9026
3601	9467
3601	9879
3614	8474
3619	4087
3619	6909
3619	9048
3619	9064
3639	3229
3639	9784
3658	8523
3658	9203
3675	5570
3675	9580
3699	8606
3699	8873
3699	9496
3699	9681
3719	1139
3719	4833
3719	5729
3719	7994
3719	9625
3719	9994
3730	1027
3730	2896
3730	2956
3730	4206
3730	8260
3730	8657
3730	9059
3730	9483
3735	1128
3755	8989
3767	2776
3767	7674
3767	8583
3767	9857
3771	8221
3771	8837
3771	9585
3771	9662
3771	9723
3771	9759
3776	2615
3776	8186
3776	9441
3776	9627
3776	9849
3787	1447
3787	8426
3787	9441
3797	6672
3797	7710
3797	8409
3811	2270
3811	5873
3811	6909
3829	8291
3829	9787
3873	7401
3873	8580
3903	5469
3903	5873
3903	8152
3903	9825
3907	3432
3907	4319
3907	8750
3907	8984
3919	5761
3919	9784
3919	9972
3932	8300
3938	6281
3983	2776
4001	4931
4001	8809
4021	6842
4021	8684
4082	8717
4082	9787
4087	889
4087	2678
4087	3619
4087	5646
4087	9048
4087	9429
4087	9878
4096	6436
4096	9330
4096	9565
4098	8300
4098	9266
4113	7171
4148	10000
4150	5121
4150	9148
4150	9397
4150	9684
4150	9909
4162	5872
4162	9585
4162	9857
4178	7388
4178	8315
4178	9985
4179	6370
4192	2833
4192	5471
4192	7626
4192	8684
4203	8523
4206	3730
4206	9734
4246	8941
4247	8280
4247	9219
4249	8234
4249	9079
4249	9155
4249	9750
4249	9952
4269	3113
4270	4322
4270	8900
4270	9997
4273	6296
4273	8948
4292	6528
4292	7188
4292	9681
4292	9819
4292	9922
4297	4555
4297	8717
4297	9460
4319	3907
4320	167
4320	2832
4320	3459
4320	6785
4320	6918
4320	8799
4320	8960
4320	9012
4320	9357
4320	9878
4322	2250
4322	4270
4322	5481
4322	8583
4322	9460
4322	9530
4322	9914
4324	8260
4324	8657
4324	9483
4337	7792
4337	8300
4341	140
4341	5502
4341	6433
4341	9334
4342	2133
4342	4880
4342	8922
4342	9330
4342	9717
4342	9815
4349	2680
4349	3039
4349	5802
4349	9388
4350	7674
4351	5882
4351	7543
4351	9064
4351	10000
4359	2293
4359	7903
4359	8523
4359	9759
4361	1766
4361	5859
4361	8425
4361	8606
4361	9496
4403	5024
4403	6655
4403	8260
4403	9209
4416	8615
4416	9754
4416	9801
4419	6431
4419	6672
4419	8147
4419	8941
4444	3265
4444	6740
4444	9841
4444	9976
4456	1305
4460	2509
4460	9728
4468	8747
4468	9879
4485	9879
4491	167
4491	9360
4491	9852
4493	1447
4493	2147
4493	7188
4493	8214
4493	8514
4493	8720
4493	9819
4493	9841
4493	9921
4493	9922
4501	4758
4501	8846
4501	9000
4501	9004
4516	828
4516	7854
4516	8730
4516	9233
4516	9266
4517	3569
4517	7239
4517	7401
4517	8223
4517	9397
4517	9684
4517	9909
4517	9942
4528	6672
4555	4297
4555	6720
4555	6842
4588	6720
4588	7498
4595	1405
4595	1927
4595	2945
4595	4941
4595	6286
4595	6391
4595	7384
4595	8799
4595	8848
4595	9093
4595	9953
4596	8214
4596	8578
4596	9981
4599	9080
4599	9704
4605	1412
4605	8291
4605	8873
4605	8931
4605	9765
4646	6307
4646	9806
4676	1595
4676	7641
4676	8189
4696	2142
4696	9473
4696	9873
4708	2422
4708	8952
4708	9138
4708	9917
4708	9927
4710	8627
4710	9473
4720	8165
4720	9754
4735	5761
4735	7733
4735	9762
4735	9888
4750	8583
4758	971
4758	4501
4758	6223
4758	7189
4758	9026
4758	9334
4770	655
4770	1595
4770	9779
4789	8221
4789	8523
4789	9012
4789	9357
4789	9878
4789	9995
4795	1986
4795	8399
4795	9520
4810	2064
4812	9266
4812	9329
4812	9879
4812	9906
4819	1108
4819	1255
4819	8974
4819	9727
4833	3719
4833	8848
4834	8215
4834	8942
4834	9684
4868	7311
4878	6720
4880	4342
4880	8666
4914	5761
4914	6157
4931	4001
4931	9359
4941	4595
4941	8026
4941	8293
4941	8854
4941	9909
4974	6338
4974	7854
4974	8846
4974	8970
4974	9587
5006	1412
5006	8711
5006	8977
5006	9765
5010	6785
5024	1591
5024	4403
5024	5421
5024	6218
5024	7771
5024	8234
5024	8295
5029	6431
5029	8147
5029	8603
5029	8799
5029	8941
5039	3067
5039	6307
5039	9460
5039	9735
5039	9806
5055	7530
5055	8674
5055	9985
5092	6785
5092	8942
5092	9067
5092	9227
5092	9566
5092	9972
5111	6307
5111	8781
5111	9530
5111	9914
5121	4150
5121	5961
5121	6531
5121	9322
5121	9909
5190	2945
5192	621
5192	6684
5192	8215
5192	8637
5192	9093
5200	889
5200	6741
5200	6867
5200	9202
5261	1412
5261	8796
5261	8977
5261	9437
5261	9847
5266	8994
5266	9210
5266	9344
5266	9458
5292	1927
5292	9203
5314	6086
5337	756
5337	9352
5337	9473
5369	3459
5369	7925
5369	8438
5369	9054
5369	9182
5369	9891
5393	6940
5393	9429
5399	5473
5399	8027
5399	8157
5399	8271
5399	8854
5399	9412
5404	8104
5404	8260
5404	9357
5404	9407
5421	5024
5421	6655
5421	9718
5421	9986
5425	8189
5425	8214
5425	8474
5429	6431
5435	6655
5435	7116
5435	8234
5436	8837
5436	9277
5451	2064
5451	7710
5451	7733
5453	5961
5453	7838
5457	3152
5457	9004
5467	6798
5467	8474
5469	3903
5469	7995
5469	9225
5469	9763
5471	4192
5471	7960
5471	9530
5473	5399
5473	8027
5473	9412
5481	1305
5481	4322
5481	8280
5481	9219
5481	9329
5481	9628
5481	9864
5498	1563
5498	6085
5498	6384
5498	9148
5498	9285
5498	9917
5501	8692
5501	9013
5501	9255
5501	9759
5502	4341
5502	7486
5502	8878
5502	9548
5502	9862
5522	6940
5526	793
5526	2946
5526	6207
5526	8425
5526	9122
5526	9587
5526	9849
5526	9879
5531	7674
5531	8043
5531	8168
5531	8974
5531	9735
5547	1405
5547	8300
5547	9862
5551	5700
5551	6033
5551	6720
5570	2607
5570	3675
5570	6109
5570	6328
5570	7186
5570	7409
5570	7695
5570	9580
5573	5873
5573	8260
5573	8657
5573	9483
5578	6102
5578	6867
5578	9122
5578	9658
5578	9888
5588	507
5588	1766
5588	6531
5588	8580
5588	8828
5588	9628
5588	9864
5592	730
5592	8774
5592	9779
5605	3010
5605	5729
5605	7636
5605	9324
5609	1333
5609	3050
5609	8559
5609	9684
5630	655
5630	9064
5630	10000
5633	6085
5633	6086
5633	8120
5633	8730
5633	9138
5633	9148
5633	9285
5633	9381
5633	9917
5646	4087
5646	9048
5650	2889
5650	6223
5650	8606
5650	8873
5650	9496
5650	9623
5650	9750
5653	8730
5679	9473
5700	2420
5700	5551
5700	6720
5700	9048
5715	2856
5715	6384
5715	8952
5715	9138
5715	9917
5715	9922
5717	6307
5717	7084
5717	7267
5717	9806
5729	1139
5729	2945
5729	3719
5729	5605
5729	6108
5729	7931
5729	9625
5729	9652
5729	9994
5739	6531
5749	5872
5760	8878
5760	9071
5760	9684
5760	9734
5760	9862
5761	2115
5761	3919
5761	4735
5761	4914
5761	7671
5761	8225
5761	9327
5761	9358
5761	9794
5761	9972
5788	8812
5788	9093
5788	9799
5802	2680
5802	4349
5802	6241
5802	6542
5802	8499
5802	8750
5822	6672
5828	7733
5828	8425
5836	6431
5836	9224
5840	3601
5840	6056
5840	8128
5840	8150
5840	9587
5848	1128
5855	8799
5857	8580
5857	9708
5859	4361
5859	6223
5859	6466
5859	6792
5859	8027
5859	8873
5859	9496
5859	9681
5859	9841
5872	2115
5872	4162
5872	5749
5872	9857
5873	3811
5873	3903
5873	5573
5873	8717
5873	9077
5873	9363
5873	9451
5873	9825
5882	4351
5882	7543
5882	9873
5897	7451
5897	8038
5920	551
5920	8147
5920	8799
5920	8941
5920	9336
5924	430
5924	8300
5943	280
5953	6720
5953	9779
5961	2906
5961	5121
5961	5453
5961	8069
5961	9322
5961	9397
5961	9708
5961	9909
5969	828
5969	6994
5969	7409
5969	7647
5975	1885
5975	3412
5975	6101
5975	6281
5975	9193
5975	9728
5980	1128
5980	9389
5980	9704
5980	9734
6033	5551
6033	9220
6033	9225
6033	9653
6042	7537
6042	8113
6042	8438
6042	9355
6042	9430
6056	5840
6056	6338
6056	8450
6056	9574
6056	9587
6056	9879
6070	875
6070	7648
6070	9787
6072	7647
6072	8138
6072	9684
6085	2804
6085	5498
6085	5633
6085	6157
6085	6304
6085	7934
6085	9906
6086	5314
6086	5633
6086	7711
6086	9902
6094	3229
6094	6667
6094	8031
6094	8165
6099	7960
6099	9180
6099	9330
6101	5975
6101	6281
6101	9537
6102	5578
6102	6189
6102	9389
6106	9119
6106	9574
6106	9754
6108	5729
6108	9902
6109	5570
6122	6884
6122	9061
6122	9623
6123	6431
6123	7252
6123	9331
6128	7854
6128	8300
6128	9779
6141	6436
6141	6767
6141	8994
6141	9210
6141	9458
6141	9637
6157	3265
6157	4914
6157	6085
6157	8310
6157	9499
6159	6770
6159	9295
6162	1128
6162	7262
6162	8694
6162	8957
6162	9080
6162	9282
6162	9331
6162	9704
6162	9859
6173	9282
6173	9704
6184	8442
6189	3298
6189	6102
6189	8824
6206	3515
6207	5526
6218	5024
6218	8043
6218	8979
6218	9225
6220	7474
6223	1702
6223	1867
6223	4758
6223	5650
6223	5859
6223	8578
6223	8854
6223	9496
6223	9681
6241	1092
6241	5802
6241	8750
6241	9927
6268	1867
6268	7116
6268	8761
6268	9499
6281	563
6281	598
6281	1885
6281	3000
6281	3938
6281	5975
6281	6101
6281	6672
6281	8027
6281	9324
6281	9362
6281	9537
6286	2477
6286	2828
6286	2945
6286	3497
6286	4595
6286	7409
6286	8591
6286	9227
6286	9660
6293	2828
6293	3139
6293	9202
6293	9412
6296	4273
6296	8129
6296	8442
6304	6085
6304	8147
6304	8873
6307	2551
6307	4646
6307	5039
6307	5111
6307	5717
6307	6553
6307	8583
6307	8608
6307	8781
6307	9806
6307	9854
6307	9914
6320	2945
6320	8702
6320	8878
6325	2064
6325	9759
6328	5570
6328	7307
6328	8848
6338	4974
6338	6056
6338	8848
6338	8970
6338	9036
6338	9411
6338	9879
6342	7401
6342	9480
6347	7025
6347	7573
6347	9803
6370	4179
6370	9735
6384	2149
6384	5498
6384	5715
6384	7249
6384	7729
6384	8952
6384	9917
6391	2131
6391	2477
6391	3497
6391	4595
6391	8932
6391	9497
6391	9566
6391	9597
6391	9754
6391	9953
6392	8003
6392	8994
6392	9412
6392	9566
6392	9637
6396	1513
6396	2828
6396	3248
6396	7694
6396	9535
6396	9801
6431	756
6431	4419
6431	5029
6431	5429
6431	5836
6431	6123
6431	6528
6431	8941
6431	9336
6433	4341
6433	6858
6433	9334
6436	4096
6436	6141
6436	7710
6436	8730
6466	5859
6466	7401
6466	7819
6466	9565
6489	7481
6489	9520
6489	9953
6489	9993
6512	8730
6516	2477
6516	8388
6516	9067
6516	9227
6516	9953
6528	4292
6528	6431
6528	8031
6528	8315
6528	8514
6528	8755
6528	9841
6528	9922
6530	7116
6530	7611
6531	5121
6531	5588
6531	5739
6531	7676
6531	8280
6531	8994
6531	9219
6531	9628
6531	9864
6533	2293
6533	9496
6542	5802
6542	7013
6542	8499
6542	8750
6542	9652
6553	6307
6555	7171
6555	8197
6555	8637
6555	8922
6555	9330
6555	9535
6555	9708
6555	9717
6555	9815
6566	7579
6566	9825
6566	9953
6577	2115
6577	3314
6577	9875
6595	8837
6633	7324
6635	9064
6635	9188
6635	9799
6635	9853
6655	3248
6655	4403
6655	5421
6655	5435
6655	6770
6666	6767
6666	7359
6667	756
6667	6094
6667	7474
6667	9815
6672	48
6672	148
6672	1671
6672	2441
6672	2461
6672	3797
6672	4419
6672	4528
6672	5822
6672	6281
6672	6832
6672	7812
6672	9037
6672	9200
6678	7854
6678	8150
6678	8450
6678	8922
6678	9036
6678	9411
6678	9879
6684	5192
6714	1867
6714	8189
6720	751
6720	2420
6720	4555
6720	4588
6720	4878
6720	5551
6720	5700
6720	5953
6720	7811
6720	8512
6720	8730
6720	9899
6740	4444
6740	9743
6741	5200
6741	9180
6767	6141
6767	6666
6767	8637
6767	8698
6767	9122
6767	9532
6768	8627
6768	8702
6768	9200
6770	320
6770	1595
6770	2686
6770	6159
6770	6655
6770	7627
6770	7711
6770	8895
6770	9116
6770	9189
6770	9295
6770	9723
6776	8104
6776	9849
6777	9849
6785	4320
6785	5010
6785	5092
6785	9227
6785	9461
6785	9566
6785	9597
6785	9637
6792	2889
6792	3283
6792	5859
6792	8606
6792	8873
6792	9681
6798	5467
6798	8761
6798	8824
6804	1986
6804	8523
6804	8960
6804	9219
6804	9878
6807	2574
6807	9519
6807	9952
6821	1978
6821	9026
6821	9531
6822	2133
6822	8409
6832	751
6832	875
6832	6672
6832	7812
6832	8409
6832	8666
6832	8755
6832	9138
6842	1563
6842	3152
6842	4021
6842	4555
6842	7252
6842	7671
6842	7889
6842	9972
6848	8837
6848	9010
6848	9717
6849	8235
6858	167
6858	6433
6858	7674
6858	8583
6858	8601
6858	9050
6861	7005
6861	8943
6861	9007
6861	9494
6861	9803
6867	5200
6867	5578
6867	8984
6872	8113
6872	8438
6872	9355
6872	9942
6884	2250
6884	3529
6884	6122
6884	9175
6884	9531
6885	8837
6887	1305
6887	2509
6887	2615
6887	9164
6887	9534
6887	9992
6908	67
6908	388
6909	3619
6909	3811
6909	7065
6909	7401
6909	8138
6909	8294
6909	9116
6909	9407
6909	9565
6918	2931
6918	4320
6918	8221
6918	9012
6918	9878
6940	2641
6940	5393
6940	5522
6940	7186
6940	8399
6940	9262
6940	9841
6959	1989
6959	9010
6959	9734
6994	5969
6994	7401
7005	3283
7005	6861
7005	7239
7005	8943
7005	9494
7005	9621
7005	9684
7005	9803
7005	10000
7006	9360
7013	1841
7013	6542
7013	8499
7013	8750
7013	9815
7013	9927
7023	67
7023	889
7023	2250
7023	9202
7024	3152
7024	7671
7024	7889
7024	9548
7024	9875
7024	9972
7025	6347
7025	7573
7025	7816
7025	8043
7025	8799
7041	8750
7041	8895
7041	8952
7054	8750
7057	7401
7057	9565
7057	9992
7060	7231
7060	7854
7060	8427
7060	8450
7060	8970
7060	9122
7060	9411
7060	9587
7060	9879
7062	551
7062	1027
7065	6909
7065	8294
7065	9407
7083	1305
7083	7695
7083	9007
7083	9079
7083	9155
7083	9699
7083	9750
7083	9952
7084	5717
7084	8837
7084	9200
7085	7189
7085	7206
7085	7695
7085	9079
7085	9155
7085	9360
7085	9699
7085	9750
7085	9815
7085	9952
7085	9993
7088	8166
7088	8281
7088	8411
7088	9322
7088	9397
7088	9621
7105	9360
7116	2937
7116	3229
7116	5435
7116	6268
7116	6530
7116	7972
7133	1305
7133	9164
7133	9337
7133	9534
7133	9992
7146	1412
7155	2142
7155	8918
7155	9762
7155	9888
7156	9330
7156	9921
7171	430
7171	4113
7171	6555
7171	8197
7171	8637
7171	8922
7171	9330
7171	9708
7171	9717
7171	9815
7181	9361
7181	9574
7181	9627
7181	9942
7186	5570
7186	6940
7188	1447
7188	3430
7188	4292
7188	4493
7188	8514
7188	8559
7188	8755
7188	9344
7188	9819
7188	9841
7188	9922
7189	4758
7189	7085
7189	9079
7189	9155
7189	9699
7189	9750
7189	9952
7189	9972
7206	7085
7206	9779
7231	1989
7231	7060
7232	8523
7232	8948
7232	9200
7239	4517
7239	7005
7243	1128
7243	8969
7243	9993
7245	9708
7249	6384
7249	7934
7249	8952
7249	9148
7249	9285
7249	9381
7252	6123
7252	6842
7252	7828
7262	6162
7262	8157
7262	8592
7262	8717
7262	8960
7262	9787
7267	5717
7267	8601
7267	9396
7307	6328
7307	9295
7311	1927
7311	4868
7311	7771
7311	8297
7311	8717
7311	9623
7311	9825
7311	9847
7324	3290
7324	3559
7324	6633
7331	7451
7331	7474
7331	8165
7333	8750
7333	8979
7354	1561
7359	6666
7359	8327
7359	8484
7359	8837
7359	8848
7359	9277
7359	9746
7359	9780
7359	9976
7371	2133
7384	320
7384	4595
7384	7627
7384	9061
7384	9295
7384	9723
7388	34
7388	1810
7388	4178
7388	7530
7388	9985
7395	29
7395	7487
7395	7612
7395	7695
7395	9708
7401	1922
7401	2981
7401	3873
7401	4517
7401	6342
7401	6466
7401	6909
7401	6994
7401	7057
7401	8295
7401	8438
7401	8529
7401	8979
7401	9407
7401	9565
7409	5570
7409	5969
7409	6286
7409	9864
7427	1766
7427	2132
7427	3290
7445	8692
7445	9013
7445	9255
7447	1868
7447	8484
7451	38
7451	1277
7451	2064
7451	2443
7451	5897
7451	7331
7451	8425
7451	9916
7462	1595
7462	8197
7462	9779
7474	3229
7474	6220
7474	6667
7474	7331
7474	9336
7474	9337
7474	9859
7474	9879
7481	6489
7481	8720
7481	9902
7486	5502
7486	8474
7486	8878
7486	9548
7486	9734
7486	9862
7487	7395
7487	8150
7487	8235
7487	8637
7487	9708
7498	4588
7498	8300
7498	9352
7530	5055
7530	7388
7530	9388
7530	9530
7530	9965
7530	9985
7533	9621
7533	9803
7533	9952
7537	6042
7537	8113
7537	8438
7537	9355
7537	9430
7543	14
7543	4351
7543	5882
7543	8208
7543	8865
7543	9064
7543	9718
7543	10000
7544	8563
7544	8799
7552	8265
7552	9007
7552	9359
7552	9718
7573	793
7573	1869
7573	2293
7573	6347
7573	7025
7579	1885
7579	6566
7579	8295
7579	8529
7579	9407
7579	9565
7609	2064
7609	9459
7609	9461
7611	6530
7611	9411
7611	9986
7612	7395
7612	9619
7626	4192
7626	7816
7626	8563
7627	6770
7627	7384
7627	9189
7627	9295
7627	9723
7636	2708
7636	3010
7636	5605
7636	8454
7641	4676
7641	8817
7641	9360
7647	1388
7647	5969
7647	6072
7647	7729
7647	9034
7648	280
7648	6070
7648	8638
7648	8649
7648	8976
7671	3152
7671	5761
7671	6842
7671	7024
7671	7889
7671	9637
7674	280
7674	1151
7674	3767
7674	4350
7674	5531
7674	6858
7674	8583
7674	9050
7674	9467
7674	9531
7676	6531
7676	9255
7676	9718
7694	6396
7694	7808
7694	8948
7694	9535
7694	9801
7695	5570
7695	7083
7695	7085
7695	7395
7695	9079
7695	9155
7695	9699
7695	9750
7695	9952
7699	140
7710	3797
7710	5451
7710	6436
7710	7908
7710	8166
7710	8900
7710	9981
7711	6086
7711	6770
7711	9878
7729	1388
7729	6384
7729	7647
7729	8118
7733	2064
7733	4735
7733	5451
7733	5828
7733	8426
7771	2883
7771	5024
7771	7311
7771	7838
7771	8197
7771	8297
7771	8524
7771	9138
7771	9363
7771	9459
7771	9560
7771	9752
7771	9825
7771	9936
7792	4337
7792	8300
7792	8948
7792	9352
7806	7934
7806	8755
7806	8931
7806	9122
7806	9224
7806	9709
7806	9899
7808	2250
7808	3117
7808	7694
7808	8166
7808	8541
7808	8551
7808	9175
7808	9779
7811	6720
7811	9144
7812	751
7812	2441
7812	6672
7812	6832
7812	9200
7816	7025
7816	7626
7816	9358
7816	9396
7816	9976
7816	9997
7819	1257
7819	6466
7819	8026
7819	9532
7828	1447
7828	7252
7828	9621
7828	9952
7838	5453
7838	7771
7846	2945
7846	7994
7847	140
7847	3171
7847	8003
7847	8948
7847	9344
7847	9458
7847	9637
7847	9847
7854	2339
7854	2443
7854	2704
7854	3601
7854	4516
7854	4974
7854	6128
7854	6678
7854	7060
7854	7897
7854	8150
7854	8963
7854	9036
7854	9519
7854	9587
7854	9662
7854	9879
7869	8186
7869	8730
7869	8878
7869	9530
7869	9864
7873	9050
7873	9574
7873	9799
7889	3266
7889	6842
7889	7024
7889	7671
7889	8225
7889	9972
7896	8186
7896	8730
7896	8994
7896	9287
7896	9585
7897	7854
7897	8168
7901	9473
7903	3202
7903	4359
7903	8260
7903	8523
7903	9357
7903	9585
7903	9759
7903	9878
7908	7710
7908	9358
7908	9735
7908	9857
7925	3459
7925	5369
7925	9054
7925	9357
7925	9891
7931	3265
7931	5729
7931	8649
7931	9059
7931	9625
7931	9799
7934	6085
7934	7249
7934	7806
7934	8952
7934	9285
7934	9917
7945	67
7945	9513
7945	9749
7960	5471
7960	6099
7960	9202
7960	9331
7960	9687
7960	9953
7972	3139
7972	7116
7993	2096
7993	3290
7994	3719
7994	7846
7994	8300
7994	9819
7995	140
7995	5469
7995	8812
7995	8994
7995	9210
7995	9344
7995	9458
7995	9637
7995	9735
8003	140
8003	6392
8003	7847
8003	8129
8003	8812
8003	9637
8020	8865
8020	9004
8020	9183
8020	9943
8020	9984
8026	4941
8026	7819
8027	2574
8027	5399
8027	5473
8027	5859
8027	6281
8027	8271
8027	9412
8031	6094
8031	6528
8031	9521
8038	1412
8038	1561
8038	5897
8038	8129
8038	8812
8038	9344
8043	5531
8043	6218
8043	7025
8043	9010
8043	9499
8069	5961
8069	8281
8069	9322
8069	9397
8069	9684
8069	9841
8069	9909
8099	3055
8099	9048
8099	9429
8104	5404
8104	6776
8104	8523
8113	6042
8113	6872
8113	7537
8113	8438
8113	8812
8113	9355
8113	9430
8113	9857
8118	1255
8118	7729
8118	8957
8118	9520
8118	9923
8118	9986
8120	5633
8120	9460
8120	9902
8126	171
8126	8499
8126	9759
8128	650
8128	5840
8129	6296
8129	8003
8129	8038
8129	8837
8129	8994
8129	9210
8129	9458
8129	9637
8138	2422
8138	6072
8138	6909
8138	8265
8138	9007
8138	9359
8138	9628
8138	9778
8147	4419
8147	5029
8147	5920
8147	6304
8147	8717
8147	8799
8147	8941
8147	9336
8150	2443
8150	3601
8150	5840
8150	6678
8150	7487
8150	7854
8150	9036
8150	9122
8150	9411
8150	9587
8152	3903
8152	8638
8152	8717
8152	8824
8152	8976
8152	9048
8152	9363
8152	9451
8152	9684
8152	9825
8157	5399
8157	7262
8165	4720
8165	6094
8165	7331
8166	3569
8166	7088
8166	7710
8166	7808
8166	8168
8166	8411
8166	9397
8166	9909
8168	5531
8168	7897
8168	8166
8168	8294
8168	9984
8171	564
8171	8666
8171	9749
8186	3776
8186	7869
8186	7896
8186	8730
8186	9952
8189	4676
8189	5425
8189	6714
8189	8403
8189	8474
8189	8865
8189	8942
8197	1442
8197	6555
8197	7171
8197	7462
8197	7771
8197	8637
8197	8922
8197	8940
8197	9330
8197	9708
8197	9717
8197	9815
8203	9879
8208	7543
8208	8957
8208	9718
8208	10000
8214	4493
8214	4596
8214	5425
8214	8514
8215	4834
8215	5192
8215	8796
8221	3771
8221	4789
8221	6918
8221	8523
8221	8960
8221	9357
8221	9759
8221	9878
8223	2639
8223	4517
8223	9132
8223	9437
8223	9480
8225	5761
8225	7889
8225	8694
8225	9972
8234	2868
8234	4249
8234	5024
8234	5435
8235	1224
8235	2856
8235	6849
8235	7487
8235	8951
8235	9433
8235	9833
8235	9923
8235	9995
8260	2739
8260	3730
8260	4324
8260	4403
8260	5404
8260	5573
8260	7903
8260	8657
8260	9210
8260	9483
8265	7552
8265	8138
8265	8692
8265	9496
8265	9849
8271	5399
8271	8027
8271	9412
8280	48
8280	4247
8280	5481
8280	6531
8280	8828
8280	9219
8280	9546
8280	9628
8280	9864
8281	7088
8281	8069
8281	8730
8281	9322
8281	9397
8281	9909
8291	1412
8291	3829
8291	4605
8291	9077
8291	9765
8293	2092
8293	4941
8294	2845
8294	6909
8294	7065
8294	8168
8294	8295
8294	8529
8294	9407
8294	9709
8295	5024
8295	7401
8295	7579
8295	8294
8295	8529
8295	9182
8295	9407
8295	9565
8295	9794
8297	2133
8297	7311
8297	7771
8297	9363
8297	9451
8297	9825
8297	9833
8300	3932
8300	4098
8300	4337
8300	5547
8300	5924
8300	6128
8300	7498
8300	7792
8300	7994
8300	8613
8300	8943
8300	9137
8300	9352
8301	9592
8301	9662
8301	9735
8310	6157
8310	8817
8310	8971
8310	9623
8315	4178
8315	6528
8315	9287
8327	7359
8327	8796
8327	8837
8327	9277
8327	9746
8327	9780
8327	9927
8364	2422
8364	8411
8364	8979
8388	6516
8388	8922
8388	9061
8388	9322
8388	9537
8388	9864
8388	9995
8389	8900
8389	9210
8389	9997
8399	564
8399	2670
8399	3219
8399	4795
8399	6940
8399	9429
8399	9520
8399	9535
8399	10000
8402	9459
8402	9592
8402	9735
8403	1986
8403	3010
8403	8189
8403	9718
8403	9752
8409	3797
8409	6822
8409	6832
8409	9200
8409	9407
8409	9580
8411	1282
8411	7088
8411	8166
8411	8364
8411	8730
8411	9750
8425	2064
8425	4361
8425	5526
8425	5828
8425	7451
8425	9653
8426	140
8426	3787
8426	7733
8426	9872
8427	7060
8427	8601
8427	9277
8427	9878
8438	2946
8438	5369
8438	6042
8438	6872
8438	7401
8438	7537
8438	8113
8438	9355
8438	9430
8442	3290
8442	6184
8442	6296
8442	8786
8442	8931
8442	9984
8450	2509
8450	6056
8450	6678
8450	7060
8450	8970
8450	9036
8450	9122
8450	9411
8450	9879
8454	3010
8454	7636
8474	2092
8474	3614
8474	5425
8474	5467
8474	7486
8474	8189
8474	8846
8474	9388
8474	9619
8484	7359
8484	7447
8484	9344
8499	5802
8499	6542
8499	7013
8499	8126
8499	9759
8499	9927
8512	6720
8512	8717
8512	8786
8512	9064
8512	9407
8512	9922
8514	4493
8514	6528
8514	7188
8514	8214
8514	8755
8514	9727
8514	9841
8514	9922
8514	9994
8523	432
8523	2715
8523	3202
8523	3658
8523	4203
8523	4359
8523	4789
8523	6804
8523	7232
8523	7903
8523	8104
8523	8221
8523	8941
8523	8960
8523	9004
8523	9012
8523	9143
8523	9357
8523	9585
8523	9759
8523	9878
8524	7771
8524	9363
8524	9451
8524	9825
8529	7401
8529	7579
8529	8294
8529	8295
8529	8974
8529	9182
8529	9407
8529	9565
8541	7808
8541	8747
8541	8969
8541	9560
8541	9574
8541	9627
8541	9942
8541	9943
8551	1595
8551	2250
8551	3055
8551	7808
8551	9182
8551	9779
8559	5609
8559	7188
8559	9430
8561	9122
8561	9358
8561	9857
8563	7544
8563	7626
8563	9803
8578	4596
8578	6223
8578	8948
8578	9625
8580	3873
8580	5588
8580	5857
8580	8799
8580	9727
8583	280
8583	2115
8583	3298
8583	3767
8583	4322
8583	4750
8583	6307
8583	6858
8583	7674
8583	9301
8583	9916
8591	2477
8591	6286
8591	9067
8591	9953
8592	7262
8592	8898
8592	9652
8601	2634
8601	6858
8601	7267
8601	8427
8601	9396
8601	9936
8603	5029
8603	9344
8603	9981
8606	1128
8606	3699
8606	4361
8606	5650
8606	6792
8606	8873
8606	9411
8606	9496
8606	9681
8608	6307
8608	8948
8608	9059
8613	8300
8613	9138
8613	9219
8613	9352
8613	9412
8615	4416
8615	9660
8615	9728
8615	9981
8627	1018
8627	2845
8627	4710
8627	6768
8627	8755
8627	9873
8637	1336
8637	5192
8637	6555
8637	6767
8637	7171
8637	7487
8637	8197
8637	8750
8637	8837
8637	8922
8637	9183
8637	9209
8637	9330
8637	9708
8637	9709
8637	9717
8637	9815
8638	7648
8638	8152
8638	8711
8649	7648
8649	7931
8649	8976
8649	9480
8649	9660
8649	9787
8657	2896
8657	3730
8657	4324
8657	5573
8657	8260
8657	9224
8657	9389
8666	4880
8666	6832
8666	8171
8674	5055
8684	4021
8684	4192
8684	8817
8684	9175
8684	9460
8684	9662
8684	9992
8692	1336
8692	5501
8692	7445
8692	8265
8692	9013
8692	9255
8692	9727
8692	9780
8694	6162
8694	8225
8694	9437
8694	9704
8698	6767
8698	9359
8698	9532
8698	9780
8702	1255
8702	6320
8702	6768
8702	8948
8702	9136
8711	1336
8711	5006
8711	8638
8711	9137
8717	3266
8717	4082
8717	4297
8717	5873
8717	7262
8717	7311
8717	8147
8717	8152
8717	8512
8717	9363
8717	9451
8720	4493
8720	7481
8720	8846
8720	9209
8720	9927
8726	2777
8726	9081
8726	9787
8730	4516
8730	5633
8730	5653
8730	6436
8730	6512
8730	6720
8730	7869
8730	7896
8730	8186
8730	8281
8730	8411
8747	4468
8747	8541
8747	8774
8747	8932
8747	9357
8750	1841
8750	2868
8750	3907
8750	5802
8750	6241
8750	6542
8750	7013
8750	7041
8750	7054
8750	7333
8750	8637
8750	8971
8750	8988
8750	9927
8755	6528
8755	6832
8755	7188
8755	7806
8755	8514
8755	8627
8755	9566
8755	9819
8755	9841
8755	9922
8761	6268
8761	6798
8761	9352
8761	9899
8774	2270
8774	5592
8774	8747
8774	8932
8774	9137
8777	3229
8777	9743
8777	9862
8777	9864
8781	5111
8781	6307
8781	8854
8781	8931
8781	9460
8781	9806
8781	9914
8785	889
8786	8442
8786	8512
8786	9148
8786	9260
8796	5261
8796	8215
8796	8327
8796	8837
8796	9277
8796	9458
8796	9746
8796	9780
8799	4320
8799	4595
8799	5029
8799	5855
8799	5920
8799	7025
8799	7544
8799	8147
8799	8580
8799	9180
8799	9336
8809	4001
8809	8854
8809	9358
8809	9734
8809	9985
8812	5788
8812	7995
8812	8003
8812	8038
8812	8113
8812	8994
8812	9210
8812	9458
8812	9637
8817	7641
8817	8310
8817	8684
8817	9652
8824	265
8824	3298
8824	6189
8824	6798
8824	8152
8824	9081
8824	9260
8824	9389
8824	9628
8828	5588
8828	8280
8828	9219
8828	9363
8828	9628
8828	9743
8828	9976
8837	3010
8837	3771
8837	5436
8837	6595
8837	6848
8837	6885
8837	7084
8837	7359
8837	8129
8837	8327
8837	8637
8837	8796
8837	9119
8837	9188
8837	9277
8837	9746
8837	9780
8837	9801
8846	4501
8846	4974
8846	8474
8846	8720
8846	9004
8846	9026
8846	9803
8848	4595
8848	4833
8848	6328
8848	6338
8848	7359
8848	9580
8848	9759
8848	9784
8854	4941
8854	5399
8854	6223
8854	8781
8854	8809
8854	9193
8854	9530
8854	9735
8854	9806
8854	9914
8865	2945
8865	7543
8865	8020
8865	8189
8865	9943
8865	9984
8873	1766
8873	2133
8873	3699
8873	4605
8873	5650
8873	5859
8873	6304
8873	6792
8873	8606
8873	9496
8873	9681
8873	9916
8878	1334
8878	5502
8878	5760
8878	6320
8878	7486
8878	7869
8878	9548
8878	9734
8878	9862
8878	9917
8895	1216
8895	6770
8895	7041
8895	9652
8895	9852
8898	1333
8898	8592
8900	1516
8900	4270
8900	7710
8900	8389
8900	9997
8918	7155
8918	9762
8918	9857
8918	9888
8918	9986
8922	4342
8922	6555
8922	6678
8922	7171
8922	8197
8922	8388
8922	8637
8922	9219
8922	9330
8922	9708
8922	9717
8922	9815
8931	4605
8931	7806
8931	8442
8931	8781
8931	8989
8931	9136
8931	9460
8931	9530
8931	9806
8931	9857
8932	563
8932	6391
8932	8747
8932	8774
8932	8969
8940	8197
8940	9397
8941	4246
8941	4419
8941	5029
8941	5920
8941	6431
8941	8147
8941	8523
8941	9336
8942	4834
8942	5092
8942	8189
8942	9034
8942	9360
8942	9704
8942	9952
8943	6861
8943	7005
8943	8300
8943	9494
8943	9621
8943	9803
8948	4273
8948	7232
8948	7694
8948	7792
8948	7847
8948	8578
8948	8608
8948	8702
8948	9687
8948	9853
8951	8235
8951	9833
8952	2293
8952	4708
8952	5715
8952	6384
8952	7041
8952	7249
8952	7934
8952	9138
8952	9148
8952	9381
8952	9917
8957	655
8957	6162
8957	8118
8957	8208
8957	9064
8957	9458
8957	9718
8957	10000
8960	3314
8960	4320
8960	6804
8960	7262
8960	8221
8960	8523
8960	9012
8960	9357
8960	9585
8960	9759
8960	9878
8963	1388
8963	7854
8963	9794
8963	9888
8969	7243
8969	8541
8969	8932
8969	8971
8969	9361
8969	9560
8969	9574
8969	9627
8969	9642
8969	9684
8969	9942
8970	4974
8970	6338
8970	7060
8970	8450
8970	9036
8970	9080
8970	9122
8970	9287
8970	9411
8970	9587
8970	9879
8970	9916
8971	8310
8971	8750
8971	8969
8974	4819
8974	5531
8974	8529
8974	9330
8974	9565
8976	875
8976	7648
8976	8152
8976	8649
8976	9857
8977	5006
8977	5261
8977	9116
8977	9765
8979	1108
8979	6218
8979	7333
8979	7401
8979	8364
8984	976
8984	3907
8984	6867
8984	9496
8984	9580
8988	2906
8988	8750
8988	9412
8988	9580
8989	3755
8989	8931
8994	140
8994	3171
8994	5266
8994	6141
8994	6392
8994	6531
8994	7896
8994	7995
8994	8129
8994	8812
8994	9233
8994	9458
9000	394
9000	4501
9000	9833
9004	4501
9004	5457
9004	8020
9004	8523
9004	8846
9004	9026
9007	2096
9007	3587
9007	6861
9007	7083
9007	7552
9007	8138
9007	9359
9010	1989
9010	6848
9010	6959
9010	8043
9010	9637
9012	2064
9012	2715
9012	3202
9012	4320
9012	4789
9012	6918
9012	8523
9012	8960
9012	9079
9012	9112
9012	9357
9012	9396
9012	9585
9012	9759
9013	34
9013	3229
9013	3412
9013	5501
9013	7445
9013	8692
9013	9255
9013	9494
9026	971
9026	3601
9026	4758
9026	6821
9026	8846
9026	9004
9034	1255
9034	7647
9034	8942
9034	9220
9036	2443
9036	6338
9036	6678
9036	7854
9036	8150
9036	8450
9036	8970
9036	9122
9036	9396
9036	9411
9036	9587
9036	9879
9037	6672
9037	9927
9048	3619
9048	4087
9048	5646
9048	5700
9048	8099
9048	8152
9048	9651
9050	6858
9050	7674
9050	7873
9050	9301
9050	9352
9050	9460
9050	9984
9054	1107
9054	3459
9054	5369
9054	7925
9054	9891
9059	2378
9059	3730
9059	7931
9059	8608
9059	9914
9059	9994
9061	6122
9061	7384
9061	8388
9061	9995
9064	655
9064	3412
9064	3619
9064	4351
9064	5630
9064	6635
9064	7543
9064	8512
9064	8957
9064	9718
9064	9841
9064	9986
9064	10000
9067	2692
9067	2945
9067	5092
9067	6516
9067	8591
9067	9227
9067	9494
9067	9953
9071	2868
9071	5760
9071	9227
9077	5873
9077	8291
9079	1375
9079	4249
9079	7083
9079	7085
9079	7189
9079	7695
9079	9012
9079	9155
9079	9699
9079	9750
9079	9952
9080	4599
9080	6162
9080	8970
9080	9188
9081	8726
9081	8824
9081	9136
9081	9260
9081	9389
9093	4595
9093	5192
9093	5788
9093	9923
9112	1151
9112	9012
9112	9193
9112	9360
9112	9727
9115	9717
9116	6770
9116	6909
9116	8977
9116	9521
9119	6106
9119	8837
9119	9301
9119	9799
9122	461
9122	2115
9122	5526
9122	5578
9122	6767
9122	7060
9122	7806
9122	8150
9122	8450
9122	8561
9122	8970
9122	9036
9122	9411
9122	9587
9122	9879
9132	8223
9132	9480
9136	2615
9136	8702
9136	8931
9136	9081
9136	9441
9136	9513
9136	9849
9137	8300
9137	8711
9137	8774
9137	9784
9138	2422
9138	2804
9138	4708
9138	5633
9138	5715
9138	6832
9138	7771
9138	8613
9138	8952
9138	9285
9138	9381
9143	3480
9143	8523
9143	9995
9144	751
9144	7811
9148	2149
9148	4150
9148	5498
9148	5633
9148	7249
9148	8786
9148	8952
9148	9381
9148	9734
9148	9914
9148	9917
9155	4249
9155	7083
9155	7085
9155	7189
9155	7695
9155	9079
9155	9220
9155	9699
9155	9750
9155	9952
9164	1305
9164	2708
9164	6887
9164	7133
9164	9521
9164	9534
9164	9992
9175	3529
9175	6884
9175	7808
9175	8684
9175	9224
9180	6099
9180	6741
9180	8799
9180	9521
9180	9687
9182	14
9182	155
9182	2493
9182	5369
9182	8295
9182	8529
9182	8551
9182	9763
9182	9927
9182	9943
9183	8020
9183	8637
9183	9369
9183	9936
9188	3572
9188	6635
9188	8837
9188	9080
9188	9853
9188	9859
9189	6770
9189	7627
9189	9295
9189	9723
9193	5975
9193	8854
9193	9112
9193	9437
9193	9535
9193	9662
9193	9727
9200	6672
9200	6768
9200	7084
9200	7232
9200	7812
9200	8409
9202	889
9202	2828
9202	5200
9202	6293
9202	7023
9202	7960
9202	9718
9203	3587
9203	3658
9203	5292
9209	4403
9209	8637
9209	8720
9209	9719
9209	9801
9210	5266
9210	6141
9210	7995
9210	8129
9210	8260
9210	8389
9210	8812
9210	9344
9210	9458
9210	9637
9219	48
9219	4247
9219	5481
9219	6531
9219	6804
9219	8280
9219	8613
9219	8828
9219	8922
9219	9460
9219	9628
9220	6033
9220	9034
9220	9155
9220	9225
9220	9653
9220	9801
9224	5836
9224	7806
9224	8657
9224	9175
9225	5469
9225	6033
9225	6218
9225	9220
9225	9653
9227	1927
9227	5092
9227	6286
9227	6516
9227	6785
9227	9067
9227	9071
9227	9566
9227	9787
9227	10000
9233	828
9233	4516
9233	8994
9233	9509
9233	9952
9255	3113
9255	3412
9255	5501
9255	7445
9255	7676
9255	8692
9255	9013
9260	3359
9260	8786
9260	8824
9260	9081
9262	6940
9262	9429
9262	9520
9262	9794
9266	4098
9266	4516
9266	4812
9266	9906
9277	5436
9277	7359
9277	8327
9277	8427
9277	8796
9277	8837
9277	9285
9277	9460
9277	9746
9277	9780
9282	1128
9282	6162
9282	6173
9282	9681
9282	9704
9285	2293
9285	2804
9285	5498
9285	5633
9285	7249
9285	7934
9285	9138
9285	9277
9285	9381
9285	9917
9287	2270
9287	7896
9287	8315
9287	8970
9295	6159
9295	6770
9295	7307
9295	7384
9295	7627
9295	9189
9295	9723
9295	9916
9295	9965
9301	280
9301	8583
9301	9050
9301	9119
9301	9627
9322	655
9322	1093
9322	5121
9322	5961
9322	7088
9322	8069
9322	8281
9322	8388
9322	9397
9322	9780
9322	9909
9324	5605
9324	6281
9324	9509
9324	9854
9327	1989
9327	5761
9329	4812
9329	5481
9329	9520
9329	9906
9330	1442
9330	3351
9330	4096
9330	4342
9330	6099
9330	6555
9330	7156
9330	7171
9330	8197
9330	8637
9330	8922
9330	8974
9330	9708
9330	9717
9330	9815
9331	2868
9331	6123
9331	6162
9331	7960
9331	9909
9334	1277
9334	4341
9334	4758
9334	6433
9336	3172
9336	5920
9336	6431
9336	7474
9336	8147
9336	8799
9336	8941
9337	7133
9337	7474
9344	3171
9344	5266
9344	7188
9344	7847
9344	7995
9344	8038
9344	8484
9344	8603
9344	9210
9344	9458
9344	9530
9344	9864
9344	9906
9352	5337
9352	7498
9352	7792
9352	8300
9352	8613
9352	8761
9352	9050
9355	1978
9355	6042
9355	6872
9355	7537
9355	8113
9355	8438
9355	9430
9355	9922
9357	1986
9357	3202
9357	4320
9357	4789
9357	5404
9357	7903
9357	7925
9357	8221
9357	8523
9357	8747
9357	8960
9357	9012
9357	9585
9357	9619
9357	9759
9357	9801
9357	9878
9358	1018
9358	5761
9358	7816
9358	7908
9358	8561
9358	8809
9358	9857
9359	551
9359	4931
9359	7552
9359	8138
9359	8698
9359	9007
9360	3067
9360	3359
9360	4491
9360	7006
9360	7085
9360	7105
9360	7641
9360	8942
9360	9112
9361	7181
9361	8969
9361	9411
9361	9430
9361	9560
9361	9627
9361	9942
9362	6281
9363	5873
9363	7771
9363	8152
9363	8297
9363	8524
9363	8717
9363	8828
9363	9451
9363	9825
9369	9183
9369	9704
9369	9936
9381	2149
9381	2422
9381	5633
9381	7249
9381	8952
9381	9138
9381	9148
9381	9285
9381	9623
9381	9917
9388	2092
9388	4349
9388	7530
9388	8474
9389	2321
9389	5980
9389	6102
9389	8657
9389	8824
9389	9081
9396	3010
9396	3342
9396	7267
9396	7816
9396	8601
9396	9012
9396	9036
9397	1093
9397	4150
9397	4517
9397	5961
9397	7088
9397	8069
9397	8166
9397	8281
9397	8940
9397	9322
9397	9684
9407	1922
9407	1978
9407	5404
9407	6909
9407	7065
9407	7401
9407	7579
9407	8294
9407	8295
9407	8409
9407	8512
9407	8529
9407	9565
9407	9984
9411	1989
9411	2115
9411	6338
9411	6678
9411	7060
9411	7611
9411	8150
9411	8450
9411	8606
9411	8970
9411	9036
9411	9122
9411	9361
9411	9587
9411	9879
9412	5399
9412	5473
9412	6293
9412	6392
9412	8027
9412	8271
9412	8613
9412	8988
9412	9859
9429	2454
9429	2692
9429	4087
9429	5393
9429	8099
9429	8399
9429	9262
9429	9520
9429	9623
9430	6042
9430	7537
9430	8113
9430	8438
9430	8559
9430	9355
9430	9361
9430	9852
9430	9914
9430	9981
9433	8235
9433	9754
9437	5261
9437	8223
9437	8694
9437	9193
9437	9952
9441	976
9441	3776
9441	3787
9441	9136
9441	9825
9441	9849
9441	9859
9451	3266
9451	5873
9451	8152
9451	8297
9451	8524
9451	8717
9451	9363
9451	9825
9458	5266
9458	6141
9458	7847
9458	7995
9458	8129
9458	8796
9458	8812
9458	8957
9458	8994
9458	9210
9458	9344
9458	9497
9458	9909
9458	9936
9459	7609
9459	7771
9459	8402
9459	9592
9459	9662
9460	4297
9460	4322
9460	5039
9460	8120
9460	8684
9460	8781
9460	8931
9460	9050
9460	9219
9460	9277
9460	9530
9460	9763
9460	9914
9461	6785
9461	7609
9461	9519
9461	9719
9461	9872
9467	3601
9467	7674
9473	839
9473	2845
9473	4696
9473	4710
9473	5337
9473	5679
9473	7901
9473	9750
9473	9873
9480	2639
9480	6342
9480	8223
9480	8649
9480	9132
9480	9535
9483	2896
9483	3730
9483	4324
9483	5573
9483	8260
9483	9859
9494	6861
9494	7005
9494	8943
9494	9013
9494	9067
9494	9621
9494	9803
9496	398
9496	1561
9496	1766
9496	1867
9496	2133
9496	2849
9496	3699
9496	4361
9496	5650
9496	5859
9496	6223
9496	6533
9496	8265
9496	8606
9496	8873
9496	8984
9496	9681
9496	9965
9497	6391
9497	9458
9499	3515
9499	6157
9499	6268
9499	8043
9509	3497
9509	9233
9509	9324
9509	9735
9509	9891
9513	3152
9513	7945
9513	9136
9513	9687
9519	6807
9519	7854
9519	9461
9519	9825
9519	9953
9520	564
9520	2692
9520	4795
9520	6489
9520	8118
9520	8399
9520	9262
9520	9329
9520	9429
9521	3039
9521	8031
9521	9116
9521	9164
9521	9180
9530	4322
9530	5111
9530	5471
9530	7530
9530	7869
9530	8854
9530	8931
9530	9344
9530	9460
9530	9806
9530	9914
9531	6821
9531	6884
9531	7674
9532	6767
9532	7819
9532	8698
9534	2849
9534	6887
9534	7133
9534	9164
9534	9992
9535	6396
9535	6555
9535	7694
9535	8399
9535	9193
9535	9480
9535	9801
9537	67
9537	3000
9537	6101
9537	6281
9537	8388
9537	9728
9546	1989
9546	8280
9548	2321
9548	5502
9548	7024
9548	7486
9548	8878
9548	9734
9560	7771
9560	8541
9560	8969
9560	9361
9560	9627
9560	9942
9565	4096
9565	6466
9565	6909
9565	7057
9565	7401
9565	7579
9565	8295
9565	8529
9565	8974
9565	9407
9566	1927
9566	3497
9566	5092
9566	6391
9566	6392
9566	6785
9566	8755
9566	9227
9566	9597
9566	9953
9568	9841
9574	6056
9574	6106
9574	7181
9574	7873
9574	8541
9574	8969
9574	9627
9574	9942
9580	3675
9580	5570
9580	8409
9580	8848
9580	8984
9580	8988
9585	3771
9585	4162
9585	7896
9585	7903
9585	8523
9585	8960
9585	9012
9585	9357
9585	9759
9585	9878
9587	2946
9587	3515
9587	4974
9587	5526
9587	5840
9587	6056
9587	7060
9587	7854
9587	8150
9587	8970
9587	9036
9587	9122
9587	9411
9587	9879
9592	8301
9592	8402
9592	9459
9592	9735
9597	1927
9597	6391
9597	6785
9597	9566
9597	9953
9619	7612
9619	8474
9619	9357
9619	9875
9621	7005
9621	7088
9621	7533
9621	7828
9621	8943
9621	9494
9621	9803
9623	5650
9623	6122
9623	7311
9623	8310
9623	9381
9623	9429
9623	9628
9623	9997
9625	3719
9625	5729
9625	7931
9625	8578
9625	9765
9627	3776
9627	7181
9627	8541
9627	8969
9627	9301
9627	9361
9627	9560
9627	9574
9627	9888
9627	9942
9627	9984
9628	48
9628	5481
9628	5588
9628	6531
9628	8138
9628	8280
9628	8824
9628	8828
9628	9219
9628	9623
9628	9864
9637	1561
9637	2422
9637	6141
9637	6392
9637	6785
9637	7671
9637	7847
9637	7995
9637	8003
9637	8129
9637	8812
9637	9010
9637	9210
9637	9952
9642	8969
9651	9048
9651	9653
9651	9984
9652	1092
9652	5729
9652	6542
9652	8592
9652	8817
9652	8895
9652	9864
9652	9927
9653	6033
9653	8425
9653	9220
9653	9225
9653	9651
9653	9787
9658	5578
9658	9762
9658	9888
9660	6286
9660	8615
9660	8649
9660	9872
9662	3771
9662	7854
9662	8301
9662	8684
9662	9193
9662	9459
9662	9735
9681	1766
9681	1867
9681	2133
9681	2142
9681	2889
9681	3699
9681	4292
9681	5859
9681	6223
9681	6792
9681	8606
9681	8873
9681	9282
9681	9496
9684	1868
9684	3569
9684	4150
9684	4517
9684	4834
9684	5609
9684	5760
9684	6072
9684	7005
9684	8069
9684	8152
9684	8969
9684	9397
9684	9873
9684	9909
9687	3229
9687	7960
9687	8948
9687	9180
9687	9513
9687	9916
9699	1375
9699	7083
9699	7085
9699	7189
9699	7695
9699	9079
9699	9155
9699	9717
9699	9750
9699	9952
9704	1595
9704	4599
9704	5980
9704	6162
9704	6173
9704	8694
9704	8942
9704	9282
9704	9369
9708	430
9708	5857
9708	5961
9708	6555
9708	7171
9708	7245
9708	7395
9708	7487
9708	8197
9708	8637
9708	8922
9708	9330
9708	9717
9708	9746
9708	9780
9708	9815
9708	9995
9709	7806
9709	8294
9709	8637
9709	9899
9717	1326
9717	1442
9717	4342
9717	6555
9717	6848
9717	7171
9717	8197
9717	8637
9717	8922
9717	9115
9717	9330
9717	9699
9717	9708
9717	9815
9718	3342
9718	5421
9718	7543
9718	7552
9718	7676
9718	8208
9718	8403
9718	8957
9718	9064
9718	9202
9718	10000
9719	1333
9719	2739
9719	9209
9719	9461
9723	320
9723	3771
9723	6770
9723	7384
9723	7627
9723	9189
9723	9295
9723	9784
9723	9922
9723	9936
9727	4819
9727	8514
9727	8580
9727	8692
9727	9112
9727	9193
9728	4460
9728	5975
9728	8615
9728	9537
9728	9847
9728	9888
9728	9985
9734	1334
9734	2006
9734	2120
9734	4206
9734	5760
9734	5980
9734	6959
9734	7486
9734	8809
9734	8878
9734	9148
9734	9548
9734	9862
9734	9875
9735	388
9735	3572
9735	5039
9735	5531
9735	6370
9735	7908
9735	7995
9735	8301
9735	8402
9735	8854
9735	9509
9735	9592
9735	9662
9743	3283
9743	6740
9743	8777
9743	8828
9743	9916
9746	7359
9746	8327
9746	8796
9746	8837
9746	9277
9746	9708
9746	9780
9749	7945
9749	8171
9749	9754
9750	650
9750	4249
9750	5650
9750	7083
9750	7085
9750	7189
9750	7695
9750	8411
9750	9079
9750	9155
9750	9473
9750	9699
9750	9794
9750	9952
9752	7771
9752	8403
9754	1729
9754	4416
9754	4720
9754	6106
9754	6391
9754	9433
9754	9749
9754	9981
9759	1986
9759	3771
9759	4359
9759	5501
9759	6325
9759	7903
9759	8126
9759	8221
9759	8499
9759	8523
9759	8848
9759	8960
9759	9012
9759	9357
9759	9585
9759	9878
9762	3459
9762	4735
9762	7155
9762	8918
9762	9658
9762	9780
9762	9833
9762	9888
9763	5469
9763	9182
9763	9460
9763	9986
9765	4605
9765	5006
9765	8291
9765	8977
9765	9625
9778	8138
9779	1255
9779	2250
9779	4770
9779	5592
9779	5953
9779	6128
9779	7206
9779	7462
9779	7808
9779	8551
9780	7359
9780	8327
9780	8692
9780	8698
9780	8796
9780	8837
9780	9277
9780	9322
9780	9708
9780	9746
9780	9762
9780	9972
9784	3172
9784	3639
9784	3919
9784	8848
9784	9137
9784	9723
9787	280
9787	875
9787	2647
9787	3829
9787	4082
9787	6070
9787	7262
9787	8649
9787	8726
9787	9227
9787	9653
9787	9992
9794	730
9794	5761
9794	8295
9794	8963
9794	9262
9794	9750
9794	9952
9799	5788
9799	6635
9799	7873
9799	7931
9799	9119
9801	1282
9801	4416
9801	6396
9801	7694
9801	8837
9801	9209
9801	9220
9801	9357
9801	9535
9803	1922
9803	6347
9803	6861
9803	7005
9803	7533
9803	8563
9803	8846
9803	8943
9803	9494
9803	9621
9806	2832
9806	4646
9806	5039
9806	5717
9806	6307
9806	8781
9806	8854
9806	8931
9806	9530
9806	9914
9815	430
9815	4342
9815	6555
9815	6667
9815	7013
9815	7085
9815	7171
9815	8197
9815	8637
9815	8922
9815	9330
9815	9708
9815	9717
9819	1447
9819	4292
9819	4493
9819	7188
9819	7994
9819	8755
9819	9833
9819	9841
9819	9922
9825	3903
9825	5873
9825	6566
9825	7311
9825	7771
9825	8152
9825	8297
9825	8524
9825	9363
9825	9441
9825	9451
9825	9519
9825	9953
9833	2856
9833	8235
9833	8297
9833	8951
9833	9000
9833	9762
9833	9819
9833	9923
9833	9976
9841	1836
9841	4444
9841	4493
9841	5859
9841	6528
9841	6940
9841	7188
9841	8069
9841	8514
9841	8755
9841	9064
9841	9568
9841	9819
9841	9922
9847	1513
9847	5261
9847	7311
9847	7847
9847	9728
9849	976
9849	2615
9849	3776
9849	5526
9849	6776
9849	6777
9849	8265
9849	9136
9849	9441
9852	167
9852	1216
9852	2142
9852	2670
9852	4491
9852	8895
9852	9430
9853	6635
9853	8948
9853	9188
9853	9923
9854	6307
9854	9324
9854	9878
9857	3767
9857	4162
9857	5872
9857	7908
9857	8113
9857	8561
9857	8918
9857	8931
9857	8976
9857	9358
9859	1702
9859	6162
9859	7474
9859	9188
9859	9412
9859	9441
9859	9483
9859	9965
9862	2120
9862	5502
9862	5547
9862	5760
9862	7486
9862	8777
9862	8878
9862	9734
9862	9909
9864	48
9864	5481
9864	5588
9864	6531
9864	7409
9864	7869
9864	8280
9864	8388
9864	8777
9864	9344
9864	9628
9864	9652
9864	9922
9864	9995
9872	1336
9872	3298
9872	8426
9872	9461
9872	9660
9873	839
9873	3412
9873	4696
9873	5882
9873	8627
9873	9473
9873	9684
9875	6577
9875	7024
9875	9619
9875	9734
9878	2931
9878	3039
9878	4087
9878	4320
9878	4789
9878	6804
9878	6918
9878	7711
9878	7903
9878	8221
9878	8427
9878	8523
9878	8960
9878	9357
9878	9585
9878	9759
9878	9854
9878	9917
9879	442
9879	461
9879	2115
9879	2509
9879	3515
9879	3601
9879	4468
9879	4485
9879	4812
9879	5526
9879	6056
9879	6338
9879	6678
9879	7060
9879	7474
9879	7854
9879	8203
9879	8450
9879	8970
9879	9036
9879	9122
9879	9411
9879	9587
9879	9902
9879	9923
9888	4735
9888	5578
9888	7155
9888	8918
9888	8963
9888	9627
9888	9658
9888	9728
9888	9762
9891	3459
9891	5369
9891	7925
9891	9054
9891	9509
9891	9994
9899	3067
9899	6720
9899	7806
9899	8761
9899	9709
9902	766
9902	6086
9902	6108
9902	7481
9902	8120
9902	9879
9902	9916
9906	1216
9906	4812
9906	6085
9906	9266
9906	9329
9906	9344
9909	4150
9909	4517
9909	4941
9909	5121
9909	5961
9909	8069
9909	8166
9909	8281
9909	9322
9909	9331
9909	9458
9909	9684
9909	9862
9914	2804
9914	4322
9914	5111
9914	6307
9914	8781
9914	8854
9914	9059
9914	9148
9914	9430
9914	9460
9914	9530
9914	9806
9916	7451
9916	8583
9916	8873
9916	8970
9916	9295
9916	9687
9916	9743
9916	9902
9917	2147
9917	2149
9917	2293
9917	4708
9917	5498
9917	5633
9917	5715
9917	6384
9917	7934
9917	8878
9917	8952
9917	9148
9917	9285
9917	9381
9917	9878
9921	4493
9921	7156
9922	1447
9922	4292
9922	4493
9922	5715
9922	6528
9922	7188
9922	8512
9922	8514
9922	8755
9922	9355
9922	9723
9922	9819
9922	9841
9922	9864
9923	8118
9923	8235
9923	9093
9923	9833
9923	9853
9923	9879
9923	9981
9927	1841
9927	4708
9927	6241
9927	7013
9927	8327
9927	8499
9927	8720
9927	8750
9927	9037
9927	9182
9927	9652
9927	9942
9936	7771
9936	8601
9936	9183
9936	9369
9936	9458
9936	9723
9942	4517
9942	6872
9942	7181
9942	8541
9942	8969
9942	9361
9942	9560
9942	9574
9942	9627
9942	9927
9943	8020
9943	8541
9943	8865
9943	9182
9943	9984
9952	650
9952	1092
9952	1329
9952	1375
9952	2715
9952	4249
9952	6807
9952	7083
9952	7085
9952	7189
9952	7533
9952	7695
9952	7828
9952	8186
9952	8942
9952	9079
9952	9155
9952	9233
9952	9437
9952	9637
9952	9699
9952	9750
9952	9794
9953	2945
9953	3252
9953	3383
9953	4595
9953	6391
9953	6489
9953	6516
9953	6566
9953	7960
9953	8591
9953	9067
9953	9519
9953	9566
9953	9597
9953	9825
9965	7530
9965	9295
9965	9496
9965	9859
9972	3919
9972	5092
9972	5761
9972	6842
9972	7024
9972	7189
9972	7889
9972	8225
9972	9780
9976	4444
9976	7359
9976	7816
9976	8828
9976	9833
9981	2518
9981	3055
9981	4596
9981	7710
9981	8603
9981	8615
9981	9430
9981	9754
9981	9923
9984	8020
9984	8168
9984	8442
9984	8865
9984	9050
9984	9407
9984	9627
9984	9651
9984	9943
9984	9997
9985	4178
9985	5055
9985	7388
9985	7530
9985	8809
9985	9728
9986	1563
9986	5421
9986	7611
9986	8118
9986	8918
9986	9064
9986	9763
9992	265
9992	621
9992	6887
9992	7057
9992	7133
9992	8684
9992	9164
9992	9534
9992	9787
9993	6489
9993	7085
9993	7243
9994	3719
9994	5729
9994	8514
9994	9059
9994	9891
9995	2742
9995	4789
9995	8235
9995	8388
9995	9061
9995	9143
9995	9708
9995	9864
9997	1516
9997	3171
9997	4270
9997	7816
9997	8389
9997	8900
9997	9623
9997	9984
10000	3342
10000	4148
10000	4351
10000	5630
10000	7005
10000	7543
10000	8208
10000	8399
10000	8957
10000	9064
10000	9227
10000	9718
