0.00029397460514	0.00111889398458	0.00111965162204
0.00029397460514	0.0016412644605	0.00164237581104
0.00029397460514	0.00227752039321	0.00227906257217
0.00029397460514	0.017853896928	0.0178659863496
0.00029397460514	0.0222622340597	0.0222773085016
0.00029397460514	0.0316330861836	0.0316545059172
0.00029397460514	0.0833334236286	0.0833898512475
0.00029397460514	0.0834463170752	0.0835028211378
0.000293974605141	0.249830831876	0.25
0.000293974605141	0.337191628766	0.337419951567
0.000293974605141	0.542676395298	0.543043858142
0.000293974605141	0.600265174554	0.600671632528
0.000293974605141	0.666667389029	0.66711880998
0.000293974605141	0.385813775923	0.386075022273
0.000293974605141	0.600671632528	0.601078365726
0.000293974605141	0.00229920618391	0.00230076304698
0.000293974605141	0.00276400619098	0.00276587778441
0.000293974605141	0.023059794036	0.0230754085303
0.000293974605141	0.0316545059172	0.0316759401547
0.000293974605141	0.0476426818886	0.0476749422108
0.000293974605141	0.0556686077444	0.0557063026674
0.000293974605141	0.0833898512475	0.0834463170752
0.000293974605141	0.166666847257	0.166779702495
0.000587949210281	0.00300805544583	0.00301213051837
0.000587949210281	0.0178659863496	0.0178901897567
0.000587949210281	0.0391775740182	0.039230648657
0.000587949210281	0.189413278214	0.18966988015
0.000881923815422	0.0012638757116	0.00126644487759
0.000881923815422	0.284889935874	0.285469050992
0.00117589842056	0.0246580602767	0.0247249150603
0.00117589842056	0.0555180829513	0.0556686077444
0.00117589842056	0.001115868558	0.00111889398458
0.0014698730257	0.00163571897793	0.0016412644605
0.0014698730257	0.0277778379746	0.0278720115574
0.0014698730257	0.188773291144	0.189413278214
0.0014698730257	0.543043858142	0.544884908037
0.00176384763084	0.00111965162204	0.00112420823238
0.00176384763084	0.0354429039854	0.0355871448361
0.00235179684112	0.0500560236151	0.0503278228734
0.00235179684112	0.165766750196	0.166666847257
0.00235179684112	0.400177216645	0.402350139359
0.00264577144627	0.0389396253165	0.0391775740182
0.00264577144627	0.0913691891537	0.0919275196398
0.00293974605141	0.0557063026674	0.0560846585938
0.00323372065655	0.0632233618884	0.0636958747549
0.00323372065655	0.0220970869121	0.0222622340597
0.00323372065655	0.0472892558579	0.0476426818886
0.00352769526169	0.217755528144	0.219531520047
0.00382166986683	0.166779702495	0.168253793471
0.00382166986683	0.00227906257217	0.00229920618391
0.00411564447197	0.00230076304698	0.00232267014649
0.00411564447197	0.00276587778441	0.00279221355155
0.00440961907711	0.0712224839684	0.0719493268721
0.00470359368225	0.039230648657	0.0396578424122
0.00499756828739	0.0625	0.0632233618884
0.00499756828739	0.333333694514	0.337191628766
0.00646744131309	0.66711880998	0.677127773468
0.00676141591823	0.00752189821733	0.00763992101005
0.00823128894394	0.109172961637	0.111261876657
0.00881923815422	0.142444967937	0.145367174771
0.0094071873645	0.0560846585938	0.0573127527003
0.0094071873645	0.0719493268721	0.0735248119781
0.0141107810467	0.42502658843	0.439063040093
0.0149927048622	0.0222773085016	0.023059794036
0.0155806540725	0.386075022273	0.400177216645
0.016756552493	0.0143962406836	0.0149625512609
0.0173445017033	0.00722741430151	0.00752189821733
0.0176384763084	0.00112420823238	0.00117080680378
0.018814374729	0.0211602429209	0.0220970869121
0.0211661715701	0.0476749422108	0.0500560236151
0.0220480953855	0.0264028218275	0.0277778379746
0.0238119430164	0.402350139359	0.42502658843
0.0270456636729	0.0396578424122	0.0422060536216
0.0285155366986	0.0247249150603	0.0264028218275
0.0288095113038	0.0230754085303	0.0246580602767
0.0308673335398	0.00673155838963	0.00722741430151
0.0323372065655	0.00279221355155	0.00300805544583
0.0332191303809	0.00117080680378	0.0012638757116
0.033513104986	0.00138668841992	0.00149793163852
0.035570927222	0.5	0.542676395298
0.037628749458	0.00763992101005	0.00833139293841
0.037628749458	0.0573127527003	0.0625
0.0382166986683	0.00149793163852	0.00163571897793
0.0390986224837	0.0355871448361	0.0389396253165
0.0390986224837	0.0835028211378	0.0913691891537
0.0393925970888	0.00126644487759	0.00138668841992
0.0420383685351	0.544884908037	0.600265174554
0.0426263177454	0.0503278228734	0.0555180829513
0.0449781145865	0.601078365726	0.666667389029
0.0452720891917	0.00495052372856	0.00549443747586
0.0485058098482	0.0636958747549	0.0712224839684
0.0487997844533	0.0316759401547	0.0354429039854
0.0493877336636	0.0422060536216	0.0472892558579
0.0499756828739	0.168253793471	0.188773291144
0.054385301951	0.0735248119781	0.0833334236286
0.0549732511613	0.0278720115574	0.0316330861836
0.0561491495819	0.219531520047	0.249830831876
0.056443124187	0.439063040093	0.5
0.0567370987921	0.25	0.284889935874
0.0570310733973	0.145367174771	0.165766750196
0.0579129972127	0.0009765625	0.001115868558
0.0582069718178	0.337419951567	0.385813775923
0.0599708194487	0.18966988015	0.217755528144
0.0602647940538	0.00354586066667	0.004073675773
0.0649683877361	0.677127773468	0.786391870397
0.0673201845772	0.285469050992	0.333333694514
0.0679081337875	0.0123123503524	0.0143962406836
0.0708478798389	0.00301213051837	0.00354586066667
0.0729057020749	0.0178901897567	0.0211602429209
0.0743755751006	0.0103744573569	0.0123123503524
0.0746695497057	0.0919275196398	0.109172961637
0.0755514735211	0.00232267014649	0.00276400619098
0.0767273719417	0.0149625512609	0.017853896928
0.0846646862805	0.004073675773	0.00495052372856
0.0881923815422	0.00549443747586	0.00673155838963
0.0952477720656	0.00833139293841	0.0103744573569
0.107300730876	0.111261876657	0.142444967937
0.141989734283	0.00164237581104	0.00227752039321
