0.00029397460514	0.00111435891382	0.00111511348044
0.00029397460514	0.00149388131538	0.00149489286827
0.00029397460514	0.00264324054581	0.00264503036511
0.00029397460514	0.00297766761804	0.00297968388817
0.00029397460514	0.0254896378711	0.0255068976873
0.00029397460514	0.0415540473624	0.0415821848833
0.00029397460514	0.0418362814964	0.0418646101267
0.00029397460514	0.0942589510957	0.0943227767246
0.000293974605141	0.100044304161	0.10011204723
0.000293974605141	0.111337215489	0.111412605335
0.000293974605141	0.142831175424	0.142927890797
0.000293974605141	0.150983305023	0.151085540453
0.000293974605141	0.215555729102	0.215701688502
0.000293974605141	0.249830831876	0.25
0.000293974605141	0.25	0.250169282673
0.000293974605141	0.287602562965	0.287797307488
0.000293974605141	0.427623802041	0.427913359243
0.000293974605141	0.998647112891	0.999323327503
0.000293974605141	0.999323327503	1
0.000293974605141	0.357161489591	0.357403334598
0.000293974605141	0.400177216645	0.400448188921
0.000293974605141	0.490280635985	0.490612620052
0.000293974605141	0.491609921641	0.491942805808
0.000293974605141	0.5	0.500338565347
0.000293974605141	0.599858991619	0.600265174554
0.000293974605141	0.00100268623506	0.00100336518469
0.000293974605141	0.00101086404184	0.00101154852891
0.000293974605141	0.00111285131201	0.00111360485779
0.000293974605141	0.00111360485779	0.00111435891382
0.000293974605141	0.00125449994688	0.0012553494073
0.000293974605141	0.00125875300483	0.00125960534512
0.000293974605141	0.00138200309549	0.0013829388922
0.000293974605141	0.00149287044698	0.00149388131538
0.000293974605141	0.00172090456988	0.00172206984719
0.000293974605141	0.00374317071591	0.00374570533169
0.000293974605141	0.00518021094362	0.00518371862345
0.000293974605141	0.00569898959894	0.00570284855972
0.000293974605141	0.00630376595708	0.00630803443049
0.000293974605141	0.00833139293841	0.00833703438029
0.000293974605141	0.0203043082575	0.0203180569278
0.000293974605141	0.026260231368	0.0262780129767
0.000293974605141	0.0547715421785	0.0548086296708
0.000293974605141	0.0591654366914	0.0592054994246
0.000293974605141	0.124915415938	0.125
0.000293974605141	0.144974110084	0.145072276503
0.000293974605141	0.250508191977	0.250677818763
0.000293974605141	0.335143663513	0.335370599574
0.000587949210281	0.00197706788648	0.00197974625967
0.000587949210281	0.0203731447686	0.0204007446731
0.000587949210281	0.0218738588221	0.0219034917738
0.000587949210281	0.0262247042395	0.026260231368
0.000587949210281	0.0280423292969	0.0280803187982
0.000587949210281	0.0548086296708	0.0548828800117
0.000587949210281	0.142927890797	0.143121518054
0.000587949210281	0.199817911023	0.200088608322
0.000587949210281	0.222222703797	0.222523753314
0.000587949210281	0.250169282673	0.250508191977
0.000881923815422	0.00981430323333	0.00983425343398
0.000881923815422	0.132313415349	0.132582377814
0.000881923815422	0.223883531118	0.224338634375
0.000881923815422	0.490612620052	0.491609921641
0.000881923815422	0.500338565347	0.501355637525
0.000881923815422	0.010558658159	0.0105801214604
0.000881923815422	0.0166402430086	0.0166740687606
0.000881923815422	0.0499544777559	0.0500560236151
0.000881923815422	0.111111351899	0.111337215489
0.000881923815422	0.132582377814	0.132851887017
0.000881923815422	0.184228773903	0.184603268242
0.000881923815422	0.666667389029	0.668022569102
0.000881923815422	0.0998413498693	0.100044304161
0.000881923815422	0.00280927595479	0.0028149865608
0.000881923815422	0.00730611568325	0.00732096732074
0.00117589842056	0.0012553494073	0.00125875300483
0.00117589842056	0.00374570533169	0.0037558609691
0.00117589842056	0.00424827758171	0.00425979583072
0.00117589842056	0.0203180569278	0.0203731447686
0.00117589842056	0.598237006549	0.599858991619
0.0014698730257	0.244808670817	0.245638631364
0.00176384763084	0.0589256289473	0.0591654366914
0.00176384763084	0.497973413554	0.5
0.00176384763084	0.335370599574	0.336735446558
0.00176384763084	0.427913359243	0.429654824531
0.00176384763084	0.00518371862345	0.00520481463704
0.00176384763084	0.0158165430918	0.0158809111705
0.00176384763084	0.0586867931853	0.0589256289473
0.00176384763084	0.132851887017	0.133392550085
0.00205782223598	0.0116712392339	0.011726672419
0.00235179684112	0.00183396228704	0.0018439205209
0.00235179684112	0.0184810111091	0.0185813611719
0.00235179684112	0.333333694514	0.335143663513
0.00235179684112	0.215701688502	0.21687292734
0.00235179684113	0.00689761107786	0.00693506442393
0.00264577144627	0.122404335408	0.123152312628
0.00264577144627	0.0415821848833	0.0418362814964
0.00264577144627	0.0713672627481	0.0718033672914
0.00264577144627	0.222523753314	0.223883531118
0.00293974605141	0.00117636761433	0.00118435747611
0.00293974605141	0.00205901759689	0.00207300239705
0.00293974605141	0.375253517407	0.377802230666
0.00323372065655	0.00100336518469	0.00101086404184
0.00323372065655	0.285469050992	0.287602562965
0.00352769526169	0.569779871747	0.574426938331
0.00352769526169	0.00340243012726	0.00343018000073
0.00352769526169	0.0280803187982	0.0283093390175
0.00382166986683	0.00904250057526	0.00912242318157
0.00382166986683	0.166666847257	0.168139940757
0.00411564447197	0.501355637525	0.506129378938
0.00440961907711	0.0124548509124	0.0125819557184
0.00440961907711	0.069696333004	0.070407601163
0.00440961907711	0.0933067330182	0.0942589510957
0.00499756828739	0.202541446126	0.204885618333
0.00529154289253	0.200088608322	0.202541446126
0.00529154289253	0.491942805808	0.497973413554
0.00529154289253	0.00823049726524	0.00833139293841
0.00558551749767	0.143121518054	0.144974110084
0.00587949210281	0.00720787177859	0.00730611568325
0.00587949210281	0.070407601163	0.0713672627481
0.00617346670795	0.123152312628	0.124915415938
0.00646744131309	0.0021913195932	0.00222419655226
0.00705539052337	0.00520481463704	0.00529006073022
0.00734936512852	0.245638631364	0.249830831876
0.00764333973366	0.295096315426	0.300335816264
0.0079373143388	0.32729690725	0.333333694514
0.00823128894394	0.00983425343398	0.0100224220006
0.00823128894394	0.0226421732757	0.0230754085303
0.0105830857851	0.00673155838963	0.00689761107786
0.0105830857851	0.21687292734	0.222222703797
0.0108770603902	0.287797307488	0.295096315426
0.0108770603902	0.600265174554	0.615488875958
0.0114650096005	0.0009765625	0.00100268623506
0.0117589842056	0.00833703438029	0.00856585220169
0.0120529588108	0.0718033672914	0.0738240335498
0.0120529588108	0.415919145082	0.427623802041
0.0120529588108	0.0255068976873	0.0262247042395
0.0123469334159	0.00172206984719	0.00177173064014
0.0123469334159	0.0037558609691	0.00386417192654
0.0135228318365	0.0013829388922	0.00142667753338
0.0141107810467	0.300335816264	0.310254370262
0.0144047556519	0.0219034917738	0.0226421732757
0.014698730257	0.0152901884701	0.0158165430918
0.0149927048622	0.00328697582823	0.00340243012726
0.0149927048622	0.00177173064014	0.00183396228704
0.0155806540725	0.00464534029298	0.00481502102329
0.0164625778879	0.400448188921	0.415919145082
0.016756552493	0.00693506442393	0.00720787177859
0.0170505270982	0.00197974625967	0.00205901759689
0.0170505270982	0.0283093390175	0.0294428777974
0.0173445017033	0.0244917131245	0.0254896378711
0.0173445017033	0.145072276503	0.150983305023
0.0176384763084	0.574426938331	0.598237006549
0.0176384763084	0.00125960534512	0.00131181614374
0.0196962985444	0.272811537231	0.285469050992
0.0196962985444	0.00142667753338	0.00149287044698
0.0202842477547	0.0158809111705	0.0166402430086
0.020872196965	0.00600797177278	0.00630376595708
0.0211661715701	0.357403334598	0.375253517407
0.0217541207804	0.105682799954	0.111111351899
0.0220480953855	0.204885618333	0.215555729102
0.0226360445958	0.00131181614374	0.00138200309549
0.0226360445958	0.0100224220006	0.010558658159
0.0226360445958	0.00570284855972	0.00600797177278
0.0232239938061	0.310254370262	0.32729690725
0.0232239938061	0.00111511348044	0.00117636761433
0.0235179684112	0.00856585220169	0.00904250057526
0.0235179684112	0.10011204723	0.105682799954
0.0241059176215	0.00207300239705	0.0021913195932
0.0243998922267	0.0592054994246	0.0626270479942
0.0243998922267	0.0028149865608	0.00297766761804
0.0246938668318	0.0943227767246	0.0998413498693
0.0246938668318	0.125	0.132313415349
0.024987841437	0.377802230666	0.400177216645
0.024987841437	0.00118435747611	0.00125449994688
0.0252818160421	0.0294428777974	0.0312077222778
0.0255757906472	0.336735446558	0.357161489591
0.0258697652524	0.0230754085303	0.0244917131245
0.0261637398575	0.00264503036511	0.00280927595479
0.0261637398575	0.011726672419	0.0124548509124
0.0267516890678	0.00149489286827	0.00158987052916
0.0282215620935	0.0262780129767	0.0280423292969
0.0282215620935	0.00630803443049	0.00673155838963
0.0291034859089	0.0548828800117	0.0586867931853
0.0293974605141	0.0142894455579	0.0152901884701
0.0296914351192	0.133392550085	0.142831175424
0.0302793843295	0.0018439205209	0.00197706788648
0.0302793843295	0.0204007446731	0.0218738588221
0.0317492573552	0.00481502102329	0.00518021094362
0.0317492573552	0.00912242318157	0.00981430323333
0.0323372065655	0.00529006073022	0.00569898959894
0.0343950288015	0.00158987052916	0.00172090456988
0.0343950288015	0.184603268242	0.199817911023
0.0346890034066	0.615488875958	0.666667389029
0.0352769526169	0.0383121370706	0.0415540473624
0.0367468256426	0.250677818763	0.272811537231
0.0373347748529	0.00242550353921	0.00264324054581
0.037628749458	0.00222419655226	0.00242550353921
0.037628749458	0.00425979583072	0.00464534029298
0.0379227240631	0.224338634375	0.244808670817
0.0379227240631	0.00343018000073	0.00374317071591
0.0385106732734	0.0185813611719	0.0203043082575
0.0390986224837	0.0500560236151	0.0547715421785
0.039686571694	0.168139940757	0.184228773903
0.0408624701145	0.111412605335	0.122404335408
0.0411564447197	0.00386417192654	0.00424827758171
0.0414504193248	0.00101154852891	0.00111285131201
0.0426263177454	0.151085540453	0.166666847257
0.0426263177454	0.00297968388817	0.00328697582823
0.0426263177454	0.0105801214604	0.0116712392339
0.0432142669557	0.0312077222778	0.0344727825122
0.0446841399814	0.0166740687606	0.0184810111091
0.0458600384019	0.0344727825122	0.0383121370706
0.0464479876122	0.0626270479942	0.069696333004
0.0490937590585	0.0833334236286	0.0933067330182
0.0505636320842	0.668022569102	0.750507034813
0.0508576066893	0.00732096732074	0.00823049726524
0.0514455558996	0.506129378938	0.569779871747
0.0526214543202	0.0738240335498	0.0833334236286
0.0552672257664	0.0125819557184	0.0142894455579
0.0573250480024	0.429654824531	0.490280635985
0.0767273719417	0.0418646101267	0.0499544777559
0.124057283369	0.750507034813	0.998647112891
