0.00029397460514	0.00232739159582	0.00232896754411
0.00029397460514	0.00233686330683	0.0023384456687
0.00029397460514	0.00482154402805	0.0048248088435
0.00029397460514	0.0102211073261	0.0102280283516
0.00029397460514	0.014454828603	0.0144646164111
0.00029397460514	0.0340553067523	0.0340783666458
0.00029397460514	0.0665609720345	0.0666060425116
0.00029397460514	0.0833334236286	0.0833898512475
0.000293974605141	0.099976606932	0.100044304161
0.000293974605141	0.100044304161	0.10011204723
0.000293974605141	0.200088608322	0.20022409446
0.000293974605141	0.266604574029	0.266785100169
0.000293974605141	0.333108136771	0.333333694514
0.000293974605141	0.666667389029	0.66711880998
0.000293974605141	0.5	0.500338565347
0.000293974605141	0.00102187162955	0.00102256357019
0.000293974605141	0.00390096528473	0.00390360674806
0.000293974605141	0.00552801238196	0.00553175556882
0.000293974605141	0.00595533523607	0.00595936777635
0.000293974605141	0.0130592054896	0.0130680482784
0.000293974605141	0.0274972220844	0.0275158412975
0.000293974605141	0.0555932944026	0.0556309383286
0.000293974605141	0.166666847257	0.166779702495
0.000587949210281	0.0059472783398	0.00595533523607
0.000587949210281	0.0166064858771	0.0166289830138
0.000587949210281	0.0274600214471	0.0274972220844
0.000587949210281	0.111111351899	0.111261876657
0.000587949210281	0.0144646164111	0.0144842119147
0.000587949210281	0.0222321157702	0.0222622340597
0.000587949210281	0.0666060425116	0.0666962750423
0.000587949210281	0.083220682914	0.0833334236286
0.000881923815422	0.00553175556882	0.00554300034401
0.000881923815422	0.0717062254414	0.0718519875552
0.000881923815422	0.128691813534	0.128953414122
0.000881923815422	0.222222703797	0.222674430978
0.000881923815422	0.333333694514	0.334011284551
0.00117589842056	0.199547579947	0.200088608322
0.0014698730257	0.00784429428094	0.00787088833398
0.0014698730257	0.0417231585376	0.0418646101267
0.0014698730257	0.0554054565174	0.0555932944026
0.0014698730257	0.66711880998	0.669380503942
0.0014698730257	0.00232896754411	0.00233686330683
0.00176384763084	0.0828833750979	0.083220682914
0.00205782223598	0.00163461213188	0.00164237581104
0.00205782223598	0.00740569866068	0.00744087242898
0.00235179684112	0.0713189704842	0.0717062254414
0.00264577144627	0.00330258749857	0.00332276864827
0.00293974605141	0.500338565347	0.503736853375
0.00382166986683	0.0549200428942	0.0554054565174
0.00411564447197	0.0380279274923	0.0383900167533
0.00587949210281	0.00249883048341	0.00253288975518
0.00617346670795	0.669380503942	0.678963653106
0.00676141591823	0.00568742837706	0.00577666731131
0.00734936512852	0.139959947875	0.142348579345
0.00734936512852	0.0023384456687	0.00237835483557
0.00764333973366	0.109172961637	0.111111351899
0.0079373143388	0.0409675378601	0.0417231585376
0.00881923815422	0.0009765625	0.000996596325366
0.00970116196964	0.00724210595736	0.00740569866068
0.0102891111799	0.0102280283516	0.0104732394848
0.0105830857851	0.0467798566177	0.0479338124325
0.0108770603902	0.000996596325366	0.00102187162955
0.0111710349953	0.00554300034401	0.00568742837706
0.0111710349953	0.0718519875552	0.0737241579664
0.012640908021	0.125	0.128691813534
0.012640908021	0.00577666731131	0.0059472783398
0.0129348826262	0.00102256357019	0.00105347734156
0.0132288572313	0.0178176777246	0.01836876494
0.0138168064416	0.0329889118238	0.0340553067523
0.0152866794673	0.0833898512475	0.0863773505078
0.0164625778879	0.0275158412975	0.0285788911157
0.0199902731496	0.00332276864827	0.00347928798403
0.0205782223598	0.211938670186	0.222222703797
0.0214601461753	0.00237835483557	0.00249883048341
0.022930019201	0.00744087242898	0.00784429428094
0.0235179684112	0.00141130938181	0.00148984194409
0.0241059176215	0.401533914104	0.424451575437
0.0246938668318	0.20022409446	0.211938670186
0.0279275874884	0.25	0.266604574029
0.0279275874884	0.00218243779603	0.00232739159582
0.0282215620935	0.0383900167533	0.0409675378601
0.0291034859089	0.0666962750423	0.0713189704842
0.0299854097243	0.0166289830138	0.0178176777246
0.0317492573552	0.0556309383286	0.0598502050437
0.0329251557757	0.00130826906646	0.00141130938181
0.035570927222	0.128953414122	0.139959947875
0.037628749458	0.10011204723	0.109172961637
0.0402745209043	0.00148984194409	0.00163461213188
0.0420383685351	0.0104732394848	0.0115377042652
0.043802216166	0.0130680482784	0.014454828603
0.0461540130071	0.00919060149727	0.0102211073261
0.0461540130071	0.0598502050437	0.0665609720345
0.0476238860328	0.0340783666458	0.0380279274923
0.0482118352431	0.0418646101267	0.0467798566177
0.0496817082688	0.00347928798403	0.00390096528473
0.050269657479	0.222674430978	0.25
0.0505636320842	0.111261876657	0.125
0.0508576066893	0.0737241579664	0.0828833750979
0.0537973527407	0.0115377042652	0.0130592054896
0.0540913273459	0.00164237581104	0.00186021810724
0.0590888956333	0.0479338124325	0.0549200428942
0.0590888956333	0.0048248088435	0.00552801238196
0.0593828702384	0.0144842119147	0.0166064858771
0.0623226162898	0.0285788911157	0.0329889118238
0.0634985147104	0.0863773505078	0.099976606932
0.0673201845772	0.00787088833398	0.00919060149727
0.0684960829978	0.142348579345	0.166666847257
0.0693780068132	0.00186021810724	0.00218243779603
0.071141854444	0.424451575437	0.5
0.0779032703623	0.166779702495	0.199547579947
0.0799610925982	0.334011284551	0.401533914104
0.0829008386497	0.01836876494	0.0222321157702
0.0846646862805	0.00595936777635	0.00724210595736
0.0911321275936	0.0222622340597	0.0274600214471
0.0917200768039	0.00390360674806	0.00482154402805
0.094071873645	0.00105347734156	0.00130826906646
0.0964236704861	0.266785100169	0.333108136771
0.115238045215	0.00253288975518	0.00330258749857
0.121705486528	0.503736853375	0.666667389029
0.16815347414	0.678963653106	1
