0 51.7127810942
0.0009765625 12936.7782507
0.000996596325366 13522.2343146
0.00102187162955 14002.5933323
0.00102256357019 12846.5775376
0.00105347734156 14073.3346277
0.00130826906646 16380.170227
0.00141130938181 16120.8638008
0.00148984194409 17000.690695
0.00163461213188 18488.7644517
0.00164237581104 18671.0672458
0.00186021810724 18874.0837136
0.00218243779603 20310.565896
0.00232739159582 20810.6717656
0.00232896754411 20899.4351249
0.00233686330683 21041.4836031
0.0023384456687 21352.8463484
0.00237835483557 21285.7683907
0.00249883048341 21503.323096
0.00253288975518 21444.9303086
0.00330258749857 23200.786413
0.00332276864827 23080.732244
0.00347928798403 23426.79568
0.00390096528473 24326.5469456
0.00390360674806 23888.9447925
0.00482154402805 24934.8401871
0.0048248088435 25100.2608364
0.00552801238196 25508.7236315
0.00553175556882 25401.3119602
0.00554300034401 25710.8008403
0.00568742837706 25965.3993594
0.00577666731131 25964.9999481
0.0059472783398 26133.3558667
0.00595533523607 26063.4971914
0.00595936777635 25856.0983944
0.00724210595736 26970.9189616
0.00740569866068 26485.2031026
0.00744087242898 26772.076351
0.00784429428094 27273.4539728
0.00787088833398 27382.1241503
0.00919060149727 27435.8571439
0.0102211073261 28070.1682822
0.0102280283516 28709.3072145
0.0104732394848 28422.6432447
0.0115377042652 28462.6508963
0.0130592054896 29116.945565
0.0130680482784 28958.0030827
0.014454828603 29444.7081388
0.0144646164111 29562.1873981
0.0144842119147 29268.8405117
0.0166064858771 29868.0234348
0.0166289830138 29945.3677268
0.0178176777246 30059.2939736
0.01836876494 30012.4514988
0.0222321157702 30664.8372095
0.0222622340597 30767.216368
0.0274600214471 31226.2215142
0.0274972220844 31197.1360012
0.0275158412975 31180.5291587
0.0285788911157 31460.1265179
0.0329889118238 31218.8349973
0.0340553067523 31648.3283582
0.0340783666458 31520.5067563
0.0380279274923 31398.6278295
0.0383900167533 31369.4082602
0.0409675378601 31600.850441
0.0417231585376 31776.7832993
0.0418646101267 31804.4455814
0.0467798566177 31847.152684
0.0479338124325 31857.7886905
0.0549200428942 31999.2040774
0.0554054565174 31742.9600064
0.0555932944026 32086.9767693
0.0556309383286 31886.2074843
0.0598502050437 31671.8402877
0.0665609720345 32242.1766168
0.0666060425116 31856.5489805
0.0666962750423 31714.0132051
0.0713189704842 31827.3097663
0.0717062254414 31820.8418557
0.0718519875552 31793.3106848
0.0737241579664 32038.8463872
0.0828833750979 31843.617269
0.083220682914 31873.6584721
0.0833334236286 31698.4431918
0.0833898512475 31839.3013584
0.0863773505078 31870.4319643
0.099976606932 31205.1368991
0.100044304161 31548.7901113
0.10011204723 31481.4906438
0.109172961637 31483.89044
0.111111351899 31657.2128333
0.111261876657 31612.5999259
0.125 31434.6661714
0.128691813534 31396.3287576
0.128953414122 31369.0363926
0.139959947875 31263.4447499
0.142348579345 31183.9771062
0.166666847257 30055.7406432
0.166779702495 30139.1662203
0.199547579947 29878.1221575
0.200088608322 29835.393957
0.20022409446 29791.6441479
0.211938670186 29728.8752147
0.222222703797 29090.6679832
0.222674430978 29424.5901512
0.25 27770.9625145
0.266604574029 28266.0833372
0.266785100169 28361.3385449
0.333108136771 27637.0496259
0.333333694514 26460.0242755
0.334011284551 26390.5282053
0.401533914104 26043.5587332
0.424451575437 26010.0232063
0.5 20404.807543
0.500338565347 20586.8597919
0.503736853375 20144.1217825
0.666667389029 19060.6793166
0.66711880998 19286.1579841
0.669380503942 19105.7313167
0.678963653106 19144.2848406
1 0.0
