0.00029397460514	0.0331904974496	0.0332129717541
0.000293974605141	0.879911106701	0.880506921519
0.000293974605141	0.10690595051	0.106978339811
0.000293974605141	0.136590560223	0.136683049884
0.000293974605141	0.25	0.250169282673
0.000293974605141	0.333333694514	0.33355940499
0.000293974605141	0.666667389029	0.66711880998
0.000293974605141	0.888289327221	0.888890815188
0.000293974605141	0.00108753190209	0.00108826830332
0.000293974605141	0.00117318678228	0.00117398118306
0.000293974605141	0.00301009229249	0.00301213051837
0.000293974605141	0.00445140524802	0.00445441943114
0.000293974605141	0.00540223995394	0.00540589797642
0.000293974605141	0.00794583231144	0.00795121267838
0.000293974605141	0.00955860384452	0.00956507626857
0.000293974605141	0.00956507626857	0.00957155307529
0.000293974605141	0.0175661922988	0.0175780869068
0.000293974605141	0.0251468837099	0.0251639114367
0.000293974605141	0.0416385170963	0.0416667118143
0.000293974605141	0.0682028843076	0.0682490665739
0.000293974605141	0.166666847257	0.166779702495
0.000293974605141	0.166779702495	0.16689263415
0.000293974605141	0.250508191977	0.250677818763
0.000293974605141	0.33355940499	0.333785268301
0.000293974605141	0.536830692328	0.537194196867
0.000587949210281	0.0118623944654	0.0118784646872
0.000587949210281	0.142927890797	0.143121518054
0.000587949210281	0.147248835007	0.147448315933
0.000587949210281	0.250169282673	0.250508191977
0.000587949210281	0.358615018262	0.359100841161
0.000587949210281	0.878720686308	0.879911106701
0.000587949210281	0.400177216645	0.40071934468
0.000587949210281	0.00182159008905	0.00182405783338
0.000587949210281	0.0036063762249	0.00361126185451
0.000881923815422	0.00108532568686	0.00108753190209
0.000881923815422	0.00136341957091	0.00136619108646
0.000881923815422	0.00655617605988	0.00656950324417
0.000881923815422	0.0833334236286	0.0835028211378
0.000881923815422	0.0117983306965	0.0118223139645
0.000881923815422	0.300742687168	0.301354027251
0.00117589842056	0.00359662478586	0.0036063762249
0.00117589842056	0.00367040823839	0.00368035972467
0.00117589842056	0.66711880998	0.668927552565
0.00117589842056	0.0835028211378	0.0837292202533
0.00117589842056	0.136683049884	0.137053635227
0.0014698730257	0.0118223139645	0.0118623944654
0.0014698730257	0.271338197649	0.272258099703
0.0014698730257	0.537194196867	0.539015414997
0.0014698730257	0.664414862103	0.666667389029
0.0014698730257	0.106978339811	0.107341022232
0.00176384763084	0.497973413554	0.5
0.00176384763084	0.00795121267838	0.00798357147386
0.00176384763084	0.0332129717541	0.0333481375212
0.00205782223598	0.0015070850622	0.00151424304461
0.00235179684112	0.137053635227	0.137797822913
0.00264577144627	0.200088608322	0.201311291494
0.00352769526169	0.0195093902686	0.019668506868
0.00352769526169	0.301354027251	0.303811839995
0.00382166986683	0.880506921519	0.888289327221
0.00440961907711	0.00273423235276	0.00276213586401
0.00440961907711	0.396134566313	0.400177216645
0.00470359368225	0.061492850726	0.0621624639677
0.00470359368225	0.333785268301	0.337419951567
0.00499756828739	0.109840085788	0.111111351899
0.00617346670795	0.00179587947927	0.00182159008905
0.00617346670795	0.16689263415	0.169281943367
0.00646744131309	0.0247751750742	0.0251468837099
0.00705539052337	0.00361126185451	0.00367040823839
0.00911321275936	0.00253803853219	0.00259185931172
0.0094071873645	0.00158128431171	0.00161590992935
0.00999513657478	0.107341022232	0.109840085788
0.0114650096005	0.162324551124	0.166666847257
0.0123469334159	0.143121518054	0.147248835007
0.0138168064416	0.0710299023663	0.0733260050102
0.0158746286776	0.137797822913	0.142927890797
0.0173445017033	0.0682490665739	0.0710299023663
0.0182264255187	0.00445441943114	0.00464534029298
0.018814374729	0.00151424304461	0.00158128431171
0.0199902731496	0.00103650119852	0.00108532568686
0.020872196965	0.00368035972467	0.00386155714767
0.0211661715701	0.00214872312761	0.00225603913985
0.022930019201	0.223429351104	0.235543022379
0.0232239938061	0.00259185931172	0.00273423235276
0.024987841437	0.0118784646872	0.0125819557184
0.0258697652524	0.235543022379	0.25
0.0258697652524	0.0009765625	0.00103650119852
0.0264577144627	0.337419951567	0.358615018262
0.0270456636729	0.0251639114367	0.0267808163739
0.0273396382781	0.00182405783338	0.00194257699899
0.0279275874884	0.00506577951036	0.00540223995394
0.0291034859089	0.0476749422108	0.0509792757423
0.0293974605141	0.0145530054664	0.0155722064574
0.0308673335398	0.5	0.536830692328
0.0326311811706	0.00108826830332	0.00117318678228
0.0343950288015	0.250677818763	0.271338197649
0.0373347748529	0.00276213586401	0.00301009229249
0.037628749458	0.00464534029298	0.00506577951036
0.0385106732734	0.125	0.136590560223
0.0402745209043	0.0621624639677	0.0682028843076
0.0402745209043	0.303811839995	0.333333694514
0.04174439393	0.147448315933	0.162324551124
0.0426263177454	0.359100841161	0.396134566313
0.0426263177454	0.00136619108646	0.0015070850622
0.0432142669557	0.272258099703	0.300742687168
0.0435082415608	0.00957155307529	0.0105801214604
0.043802216166	0.00194257699899	0.00214872312761
0.0449781145865	0.0299251025218	0.0331904974496
0.0452720891917	0.201311291494	0.223429351104
0.0452720891917	0.0175780869068	0.0195093902686
0.0458600384019	0.00161590992935	0.00179587947927
0.0473299114276	0.0105801214604	0.0117983306965
0.0482118352431	0.0267808163739	0.0299251025218
0.0511515812945	0.0837292202533	0.0941951686559
0.0511515812945	0.111111351899	0.125
0.0511515812945	0.00225603913985	0.00253803853219
0.052327479715	0.0155722064574	0.0175661922988
0.0549732511613	0.0941951686559	0.10690595051
0.0555612003716	0.0733260050102	0.0833334236286
0.058500946423	0.0416667118143	0.0476749422108
0.0617346670795	0.00386155714767	0.00445140524802
0.0632045401052	0.0125819557184	0.0145530054664
0.0649683877361	0.00117398118306	0.00136341957091
0.0726117274697	0.169281943367	0.200088608322
0.0770213465468	0.00301213051837	0.00359662478586
0.0781972449674	0.00798357147386	0.00955860384452
0.0814309656239	0.0509792757423	0.061492850726
0.0826068640445	0.00656950324417	0.00794583231144
0.0837827624651	0.00540589797642	0.00655617605988
0.0908381529884	0.539015414997	0.664414862103
0.0943658482501	0.40071934468	0.497973413554
0.0964236704861	0.0333481375212	0.0416385170963
0.100245340353	0.019668506868	0.0247751750742
0.118471765872	0.668927552565	0.878720686308
