0 0.0
0.0009765625 589.650950517
0.000991885312166 772.69340063
0.000992556948155 532.25710224
0.00106567006731 837.953373972
0.00106928294633 1047.79617189
0.00110160912095 1118.8702901
0.00111209827613 568.463359373
0.00122678790417 1327.13987014
0.00122761859991 2284.50773983
0.00122844985814 1181.21120174
0.00123428444751 2279.47845812
0.00123595655721 1578.52675306
0.0013216202729 1926.11154876
0.00132251518256 3292.49721038
0.00140083991509 4142.38231313
0.00140178846679 4253.67510053
0.00146088131173 6467.47376179
0.0014618705193 4959.62909165
0.00152659305661 5642.14561339
0.00153592162187 6415.17544396
0.00153800236544 6448.0264998
0.00153904379405 5249.92829474
0.00162468416048 7342.19889583
0.00176813642915 10276.0063525
0.00176933368859 9234.41378246
0.00177173064014 9765.16127076
0.00183024183019 10041.4821147
0.00191127355877 11149.9001637
0.0021083813668 12656.4296392
0.00210980901654 11704.0166806
0.00211552928909 12142.7797187
0.00221518149909 13620.4537667
0.0022729001148 13132.2872104
0.00254491985273 15271.517137
0.00254664309608 14891.1371679
0.00266660296329 15032.3126798
0.00271394909311 15073.2587599
0.00285528716105 15572.6577534
0.00285722056363 16628.7689505
0.00288442606629 16016.0243939
0.00306561156693 17434.526846
0.00313910785189 16969.83614
0.00330706157955 17820.8085608
0.00374063781523 17955.5016178
0.0040874865182 19007.3920673
0.00410134408516 18900.8070037
0.00454887833046 20453.910524
0.00500104503645 20988.8224586
0.00501121100031 20941.2588659
0.00551306494652 21370.1123715
0.00552053360527 21033.8817431
0.00624853793325 22650.4369842
0.00652960274479 23058.4028428
0.00768660634075 23783.0310035
0.00772834385308 23813.2040165
0.00841072168735 24312.0521053
0.00841641684516 24276.2791226
0.00842781873248 24021.4024671
0.00902415655942 24739.5641731
0.0090302670928 24411.2715047
0.00904250057526 24467.9830687
0.00997504498232 24930.8516354
0.00998179939144 24876.9384341
0.0100224220006 25189.7667762
0.0110784990963 25712.8313293
0.0112904750545 25937.6232441
0.012488619439 26001.9138255
0.0124970758665 25935.5009712
0.0125140059038 26280.7170082
0.0131390064883 26510.2566359
0.0139171519361 26981.5045921
0.0140211646485 26835.8903907
0.0151357246903 27053.871464
0.015145973554 27165.9823127
0.0163278264415 27241.919592
0.0163942752737 27604.4695233
0.0166402430086 27415.396158
0.0166627858768 27308.8572127
0.0166740687606 27526.7782172
0.0170622666435 27585.6549177
0.0181832009184 28084.5925979
0.0190010975198 28103.4749349
0.0190655158316 28055.3059901
0.0190913442652 28005.1866902
0.0211745711708 28589.7497896
0.021506812043 28504.1277315
0.0225046538945 28731.3411164
0.0225656702011 28746.3306219
0.0238213409443 29039.7341009
0.024097044147 29021.1318865
0.0277590414756 29294.3282302
0.0277778379746 29346.2021458
0.0278531513337 29460.5989382
0.0305803769402 29414.5873891
0.0319342858954 29666.6715002
0.0360477915773 29839.2607249
0.0360722006434 29834.688094
0.040939816254 29946.7911107
0.0437181147668 30126.9613493
0.0499544777559 30233.9426368
0.049988303466 30274.0973971
0.0500221520806 30449.5952183
0.0500560236151 30521.3974492
0.0589655292992 30394.1232729
0.0590454110747 30469.4963718
0.0598502050437 30536.897669
0.0662463314825 30600.86091
0.0662911889069 30545.680959
0.0712707108983 30592.3792416
0.0714155877122 30604.7330645
0.0714639453986 30616.3732777
0.0727328036736 30740.0993849
0.0831643697667 30706.3022126
0.0832770341927 30621.9206057
0.0833334236286 30789.3594611
0.0844121072433 30714.8486544
0.0844692652719 30769.3540945
0.099976606932 30721.4661032
0.100044304161 30782.1500601
0.10045145126 30804.128029
0.100655645747 30805.2147143
0.111036165903 30717.3880865
0.111111351899 30572.9277369
0.111186588805 30758.5269879
0.112321275193 30748.6953064
0.113390760969 30675.9034334
0.125 30724.6101381
0.130622611532 30677.5535769
0.130711060112 30683.4722154
0.131955647295 30689.2473349
0.142927890797 30321.6638207
0.145072276503 30629.1195071
0.150371343584 30521.338973
0.150779041656 30499.5798009
0.150983305023 30650.0857867
0.155232226509 30579.4953276
0.166666847257 30143.0477196
0.167458440507 30188.2078987
0.184603268242 30068.7778925
0.199277614599 30064.4632425
0.199953213864 30172.3758738
0.200088608322 29843.7719508
0.20035967234 29754.7151325
0.200766957052 29860.0760874
0.223883531118 29618.8441721
0.224186830591 29663.0399613
0.224338634375 29545.5500812
0.25 28843.2035807
0.261068445607 28565.6280207
0.261245223064 28456.645348
0.265703774033 28457.2624326
0.285082843593 28303.9025347
0.285662350849 28357.6559743
0.285855781594 28160.230068
0.28701911971 27834.7871706
0.300132587277 27894.465997
0.320066882333 27765.9759568
0.320283609443 27841.6676864
0.331982635419 27732.9059583
0.333333694514 26196.7076357
0.33355940499 26499.7770349
0.334916881013 26688.5850609
0.339711700118 26592.0815073
0.375253517407 26193.68736
0.400177216645 25627.265329
0.411996253959 25510.5172363
0.439360343154 25070.8163645
0.439955553351 25239.5516385
0.440253460759 24884.2428514
0.448373661183 25167.7200886
0.5 21048.4386754
0.502714950556 20895.3117802
0.505102622537 20524.3780549
0.505444643026 21052.2959884
0.561357671158 20574.6985177
0.588198495825 20240.2459599
0.595409078769 19942.0901113
0.596619407236 20477.8877933
0.60639102777 19985.3024921
0.60762367999 19984.1215612
0.666667389029 17905.9046288
0.66711880998 17508.2647538
0.668474907687 17895.5440513
0.750507034813 16995.4586375
1 0.0
