5	2953
5	3373
5	8563
5	8739
5	8979
5	9010
5	9774
10	6025
10	7255
10	8113
10	9191
10	9922
10	9960
42	546
42	8723
65	9829
70	7773
70	8899
70	9768
70	9788
70	9939
93	8991
93	9446
98	4658
102	7504
102	8496
102	9059
102	9710
108	3822
109	6113
109	8557
145	7423
145	9446
146	9106
164	9536
164	9600
266	8892
338	3184
338	7857
345	9624
345	9778
363	2011
363	2060
363	6233
363	7901
363	8984
363	9534
363	9949
369	3263
373	7902
373	9600
394	3290
406	8984
406	9949
430	5997
430	9815
446	5817
481	2080
481	8479
516	9990
546	42
546	7240
546	8159
546	8514
546	8755
546	9841
546	9922
577	9457
577	9767
577	9980
577	9989
598	6281
603	3629
606	7838
606	7883
639	6814
666	5618
666	6382
666	8323
666	9150
683	6814
701	8394
709	8899
731	4714
731	6634
731	8217
731	9768
731	9939
754	8181
754	9339
762	1250
762	9908
762	9975
768	2691
768	9044
768	9768
768	9770
768	9788
768	9939
768	9998
817	9682
818	9829
826	1235
826	1823
831	7888
831	8180
831	9696
839	1250
847	4658
847	8756
856	7532
856	8379
856	8696
856	9205
856	9544
911	9191
932	4835
932	8781
932	9709
942	7279
942	9205
942	9544
944	7532
959	5161
959	6964
959	9593
977	8479
982	3407
982	6272
982	7894
982	8914
986	1785
986	6628
1019	2270
1021	7957
1021	9315
1021	9556
1026	9925
1026	9990
1060	2678
1060	5291
1060	7226
1080	7599
1080	7753
1128	8606
1128	9282
1149	3550
1159	8945
1159	8988
1159	9081
1159	9399
1159	9806
1175	8284
1175	9557
1175	9941
1201	4166
1235	826
1235	1362
1235	1368
1235	2405
1235	6698
1235	9298
1250	762
1250	839
1250	2008
1250	7400
1250	8243
1250	9624
1250	9766
1295	8394
1345	5117
1345	7402
1345	7829
1345	8360
1345	9840
1345	9856
1345	9939
1351	3841
1351	4530
1358	6361
1358	9350
1362	1235
1362	9534
1368	1235
1368	6416
1368	7993
1368	8345
1368	9053
1368	9691
1368	9849
1374	8347
1374	8902
1377	4835
1385	9913
1394	3290
1394	9691
1399	3595
1399	7025
1399	7558
1399	7637
1399	9397
1399	9415
1399	9481
1463	3978
1463	7837
1463	9655
1463	9817
1463	9975
1652	4842
1652	5997
1652	9829
1656	3184
1656	9102
1659	6271
1728	7335
1728	7599
1744	6412
1744	8543
1744	8781
1744	9829
1767	2405
1767	4483
1785	986
1785	8430
1785	9774
1823	826
1824	9107
1839	8457
1866	6721
1866	9400
1866	9799
1903	6361
1910	5552
1910	9975
1934	9466
1934	9860
1934	9892
1963	6642
1963	6785
1963	9990
1991	4928
1991	9135
1991	9205
1996	6927
1996	9607
2001	8875
2001	9191
2001	9355
2001	9430
2008	1250
2008	7335
2008	7392
2008	7438
2008	7883
2008	8181
2008	9766
2008	9778
2011	363
2021	5741
2021	8394
2021	8988
2021	9788
2021	9939
2029	7957
2030	5779
2030	9989
2055	5369
2055	6609
2055	7321
2055	9305
2060	363
2060	5618
2060	8656
2060	9949
2080	481
2080	9416
2080	9505
2080	9975
2101	7021
2101	8479
2106	6628
2106	9172
2106	9361
2124	6782
2124	8892
2128	2614
2128	9480
2132	7427
2132	7548
2132	8261
2132	9691
2144	5735
2144	9220
2194	9387
2194	9480
2225	5288
2225	9625
2225	9666
2250	7808
2250	9779
2253	3822
2253	9435
2259	8395
2259	8910
2259	9048
2259	9369
2270	1019
2270	2321
2270	3298
2270	3811
2270	7562
2270	8066
2270	8774
2270	9287
2280	7883
2313	3113
2313	3921
2313	5524
2313	8926
2313	9640
2313	9899
2321	2270
2321	6195
2382	3822
2382	9435
2387	9829
2394	6618
2405	1235
2405	1767
2405	3220
2405	6195
2405	6625
2405	9691
2412	6860
2412	7459
2412	7532
2412	7870
2412	8922
2412	9298
2412	9645
2412	9779
2420	7599
2449	7296
2449	7956
2449	7962
2449	9282
2461	7296
2461	8884
2550	3373
2550	7392
2550	7708
2550	8872
2550	9333
2550	9711
2550	9774
2550	9844
2555	4288
2590	3053
2590	7500
2614	2128
2614	5597
2614	7030
2614	9387
2614	9589
2615	6526
2615	6887
2615	9665
2615	9849
2622	6618
2622	8284
2622	9640
2626	5161
2626	9858
2652	8395
2652	8853
2652	9340
2664	9869
2678	1060
2678	4947
2678	6371
2678	8910
2678	9829
2679	6920
2679	6953
2679	7316
2679	7863
2679	8557
2679	9296
2679	9871
2679	9939
2691	768
2691	6875
2691	7342
2691	8835
2737	7817
2737	9899
2788	4963
2788	8281
2788	9684
2809	3762
2809	7749
2822	4497
2822	7829
2822	8845
2833	6814
2837	5862
2837	5891
2837	5997
2837	9829
2856	5715
2856	8235
2856	9833
2887	9829
2906	5961
2906	8218
2906	8712
2906	8988
2906	9208
2906	9768
2906	9788
2906	9939
2908	6361
2908	8116
2908	8180
2908	9696
2926	3999
2926	8988
2926	9208
2926	9768
2926	9939
2953	5
2953	9540
2963	7888
2963	9713
2963	9974
2991	3373
2991	9522
2995	5161
2995	7761
3011	5914
3011	9899
3053	2590
3053	4755
3053	8609
3053	9120
3053	9768
3082	8438
3082	8457
3082	9333
3082	9355
3082	9430
3113	2313
3114	5342
3114	7504
3114	8113
3134	4835
3138	8090
3138	8341
3138	9869
3164	3373
3164	7829
3184	338
3184	1656
3184	7902
3184	9173
3184	9841
3184	9922
3220	2405
3220	7025
3224	6609
3224	9540
3224	9589
3238	6618
3238	7324
3241	7184
3241	8395
3241	8909
3241	9048
3263	369
3263	6089
3263	7852
3263	8853
3290	394
3290	1394
3290	4483
3290	4845
3290	7324
3290	7427
3290	7993
3290	8442
3290	9691
3296	5552
3296	9684
3296	9909
3298	2270
3299	7599
3330	6609
3330	9307
3330	9817
3342	5801
3342	8899
3346	6823
3346	7030
3346	9557
3356	7888
3356	8888
3368	8479
3368	9191
3368	9355
3368	9430
3373	5
3373	2550
3373	2991
3373	3164
3373	7392
3373	7528
3373	7778
3373	7927
3373	9774
3381	6618
3381	8133
3381	8563
3381	9640
3381	9981
3386	5028
3386	8595
3392	8438
3392	9191
3392	9355
3392	9430
3392	9640
3403	5524
3403	9492
3407	982
3407	9444
3409	4482
3420	6628
3423	7532
3423	9645
3438	5291
3438	6131
3438	8395
3438	8909
3438	8910
3444	8394
3444	9147
3444	9208
3444	9768
3444	9788
3444	9939
3456	6626
3463	9106
3465	7296
3465	8988
3465	9208
3465	9768
3465	9788
3465	9939
3503	6772
3503	8832
3503	8902
3536	7732
3536	9397
3547	5605
3547	6450
3547	8984
3550	1149
3550	4156
3550	6141
3550	6772
3550	7449
3550	7913
3550	8114
3550	8248
3550	8266
3564	6412
3564	7962
3565	6412
3565	9684
3591	7562
3595	1399
3595	9340
3595	9977
3598	8492
3598	8696
3598	9205
3598	9544
3629	603
3629	5150
3629	6192
3629	6361
3629	7749
3629	9279
3647	9355
3681	7888
3681	9012
3691	7423
3695	6315
3695	8895
3699	8606
3699	9496
3721	9825
3729	5914
3729	7161
3729	7818
3729	9775
3762	2809
3762	7749
3764	3856
3764	9665
3802	5997
3802	8892
3811	2270
3822	108
3822	2253
3822	2382
3822	5220
3822	8988
3822	9104
3822	9307
3822	9435
3822	9539
3822	9931
3830	9430
3841	1351
3841	4794
3841	9823
3842	5083
3842	5769
3842	6960
3842	9613
3842	9849
3851	8466
3851	9975
3856	3764
3856	5862
3856	7164
3856	7562
3856	7839
3856	8039
3856	8543
3856	9339
3856	9779
3856	9979
3859	5291
3859	7993
3859	8909
3859	8910
3859	9048
3892	7342
3892	7530
3892	8360
3892	9815
3892	9960
3917	4427
3917	9695
3917	9779
3921	2313
3921	8470
3921	9318
3921	9362
3921	9466
3921	9892
3921	9981
3930	9556
3930	9779
3938	6281
3978	1463
3978	6675
3978	7990
3978	9949
3999	2926
3999	4207
3999	5293
3999	5444
3999	6158
3999	9253
3999	9557
3999	9768
4008	4288
4011	6178
4011	7599
4011	7753
4012	8379
4012	8492
4012	8696
4012	8710
4012	9205
4012	9544
4040	4207
4110	8114
4110	9106
4110	9606
4112	9205
4139	8364
4139	8661
4139	8979
4139	9640
4139	9774
4153	7229
4153	9107
4153	9324
4153	9537
4156	3550
4156	7343
4156	7449
4156	8248
4156	9191
4166	1201
4166	4782
4166	5827
4166	7423
4166	8165
4166	8700
4166	9208
4166	9768
4166	9788
4166	9939
4207	3999
4207	4040
4207	6158
4207	6186
4207	9253
4207	9522
4207	9941
4227	6315
4227	7392
4227	7508
4227	8979
4227	9774
4229	8027
4229	8609
4229	9412
4232	7181
4232	9528
4257	6001
4257	7532
4257	9645
4257	9914
4276	6591
4276	6626
4276	7962
4276	9191
4276	9355
4279	5190
4288	2555
4288	4008
4288	5741
4288	8248
4288	9492
4288	9513
4313	4410
4313	6113
4313	7230
4313	8138
4313	9339
4313	9869
4362	8902
4364	9829
4367	6315
4367	7708
4367	8979
4367	9640
4410	4313
4410	8440
4410	9007
4410	9842
4410	9869
4427	3917
4427	8988
4427	9695
4427	9925
4428	5753
4428	7504
4428	9710
4432	5102
4432	7279
4432	8379
4432	8696
4432	8895
4432	9205
4432	9544
4434	6922
4434	8988
4434	9208
4434	9768
4434	9788
4434	9939
4437	9387
4478	8872
4478	9625
4480	5464
4482	3409
4482	6227
4482	6271
4482	7949
4482	8133
4482	8674
4482	9399
4482	9494
4482	9621
4482	9803
4482	9946
4483	1767
4483	3290
4483	8261
4483	9478
4483	9691
4497	2822
4497	5504
4497	6690
4497	7007
4497	7446
4497	7683
4497	7956
4497	8345
4497	8353
4497	9989
4511	5817
4511	8140
4530	1351
4530	4800
4530	4954
4530	6369
4530	7353
4530	7952
4530	8364
4530	8926
4530	9003
4532	7427
4532	7732
4532	7993
4532	8790
4532	9298
4556	4835
4556	5611
4556	9840
4577	6999
4577	9899
4577	9979
4617	7838
4617	9625
4617	9799
4629	7745
4629	9205
4658	98
4658	847
4658	7258
4658	7957
4658	8447
4658	9840
4667	9544
4667	9811
4667	9939
4667	9977
4693	6412
4693	7575
4693	8543
4693	9053
4693	9682
4693	9829
4712	8181
4712	9963
4714	731
4714	6361
4714	9745
4729	5242
4729	8466
4729	9587
4729	9823
4729	9925
4729	9990
4747	9191
4749	8266
4749	9415
4749	9778
4754	6271
4754	7599
4754	9607
4755	3053
4755	8394
4755	9120
4755	9412
4782	4166
4782	8218
4782	8774
4794	3841
4794	6341
4794	6483
4794	8565
4794	8874
4794	8965
4794	8988
4800	4530
4800	8926
4800	9709
4800	9899
4803	8116
4803	9557
4813	7423
4813	8691
4813	9220
4813	9249
4813	9492
4822	6778
4822	9131
4822	9253
4822	9557
4822	9941
4835	932
4835	1377
4835	3134
4835	4556
4835	5217
4835	5800
4835	6370
4835	8781
4835	9445
4835	9771
4835	9811
4842	1652
4842	7190
4842	8543
4842	9829
4845	3290
4852	6969
4852	7399
4852	7501
4852	8270
4852	8951
4852	9093
4863	5102
4863	5881
4863	8696
4863	9205
4863	9544
4883	8218
4883	8479
4928	1991
4928	7377
4928	7863
4928	9682
4928	9721
4943	6315
4943	7550
4943	7899
4943	8364
4943	9774
4947	2678
4947	5291
4947	5464
4947	6642
4950	5161
4954	4530
4954	5226
4954	5715
4954	6499
4963	2788
4963	7088
4963	8347
4963	9061
4963	9684
4963	9975
4963	9994
4992	8248
4998	8248
4998	8788
5010	6785
5010	8991
5010	9424
5014	5997
5014	6787
5014	7575
5014	8543
5014	9257
5028	3386
5028	8165
5028	8650
5028	9253
5028	9575
5045	8027
5045	8609
5045	9120
5045	9412
5061	5817
5061	7090
5061	9745
5083	3842
5083	9104
5083	9849
5089	5161
5102	4432
5102	4863
5102	8492
5102	9205
5102	9544
5117	1345
5117	9817
5117	9856
5147	5150
5147	5605
5147	6498
5149	8606
5149	9977
5150	3629
5150	5147
5150	6448
5150	7823
5150	9057
5150	9061
5154	5207
5154	9869
5161	959
5161	2626
5161	2995
5161	4950
5161	5089
5161	6964
5161	7537
5161	7798
5161	9537
5161	9593
5161	9596
5161	9858
5190	4279
5190	6814
5190	7870
5190	8712
5207	5154
5207	6192
5207	6453
5217	4835
5217	6634
5217	7274
5217	7423
5217	8217
5217	8394
5217	9575
5217	9788
5217	9939
5220	3822
5220	9435
5220	9931
5226	4954
5226	6315
5242	4729
5242	5440
5242	5739
5242	7296
5242	7772
5242	9012
5242	9387
5249	5455
5249	7025
5259	5735
5288	2225
5288	8323
5288	9625
5288	9994
5291	1060
5291	3438
5291	3859
5291	4947
5291	5322
5291	5646
5291	8395
5291	8495
5291	8909
5291	9048
5293	3999
5293	7229
5293	9537
5293	9728
5310	5982
5310	8323
5310	8661
5310	9555
5310	9625
5322	5291
5322	8079
5331	5817
5331	8191
5331	9109
5340	6628
5340	8985
5340	9666
5342	3114
5342	9709
5342	9842
5342	9899
5368	9925
5368	9990
5369	2055
5369	7925
5369	8438
5369	9054
5369	9205
5412	6412
5412	7164
5412	7575
5412	8039
5416	9367
5416	9869
5440	5242
5440	7772
5444	3999
5444	9569
5455	5249
5455	7423
5455	8462
5455	8815
5455	8955
5464	4480
5464	4947
5464	6499
5464	8021
5464	8192
5464	8402
5464	8988
5464	9522
5464	9845
5471	8543
5471	8757
5473	6386
5473	7362
5473	8027
5473	8609
5473	9120
5473	9412
5504	4497
5504	7007
5504	7956
5504	8345
5504	8955
5524	2313
5524	3403
5524	6150
5524	7242
5524	9037
5524	9540
5524	9908
5552	1910
5552	3296
5552	7599
5556	6192
5556	6634
5556	7732
5556	8217
5556	8347
5556	8394
5556	8589
5556	8723
5556	9208
5556	9768
5556	9788
5558	6382
5558	9107
5558	9324
5592	8774
5592	9779
5597	2614
5597	8832
5597	9107
5597	9377
5605	3547
5605	5147
5605	7121
5605	9324
5605	9536
5611	4556
5611	6014
5611	9054
5611	9833
5618	666
5618	2060
5642	7537
5642	8113
5642	8438
5642	8457
5642	9191
5642	9430
5646	5291
5646	7184
5646	7255
5646	8910
5646	9048
5646	9305
5647	5817
5647	7949
5647	9745
5647	9949
5705	7163
5715	2856
5715	4954
5715	6384
5715	9922
5735	2144
5735	5259
5735	6437
5735	7713
5735	8435
5735	9361
5735	9387
5739	5242
5739	7732
5741	2021
5741	4288
5741	9492
5748	6968
5748	8988
5753	4428
5753	6120
5753	6739
5753	9102
5753	9449
5753	9505
5753	9849
5753	9977
5758	7532
5769	3842
5769	7504
5779	2030
5779	6617
5779	6782
5782	9779
5782	9904
5791	6412
5791	8650
5800	4835
5801	3342
5801	8899
5811	6315
5817	446
5817	4511
5817	5061
5817	5331
5817	5647
5817	6105
5817	7962
5817	7993
5817	8191
5817	8314
5817	9109
5817	9886
5817	9914
5827	4166
5827	6878
5827	9041
5862	2837
5862	3856
5862	7575
5862	7962
5862	9044
5875	8661
5875	8988
5881	4863
5881	7983
5881	8021
5881	8090
5881	8379
5881	8492
5881	9205
5881	9544
5891	2837
5891	6787
5891	8039
5891	8206
5891	8543
5891	9829
5914	3011
5914	3729
5914	5976
5914	7745
5914	8116
5914	8248
5934	6262
5934	7083
5934	8945
5942	8991
5961	2906
5961	9397
5961	9909
5976	5914
5976	9107
5982	5310
5982	6361
5982	8055
5982	8951
5997	430
5997	1652
5997	2837
5997	3802
5997	5014
5997	6778
5997	7562
5997	8760
5997	9829
5997	9862
6001	4257
6001	6860
6001	7532
6001	7870
6001	9645
6014	5611
6014	6609
6014	7739
6014	8235
6014	9691
6025	10
6025	6112
6025	6626
6025	8402
6025	8457
6025	8875
6025	9191
6025	9430
6042	6609
6042	7402
6042	7537
6042	8113
6042	8438
6042	8457
6042	9191
6042	9355
6042	9430
6057	9778
6067	7504
6067	9710
6080	7027
6080	7181
6080	9361
6089	3263
6089	9721
6089	9811
6101	6281
6101	9537
6102	7296
6105	5817
6105	9109
6105	9745
6112	6025
6112	6206
6112	6361
6112	9350
6112	9508
6113	109
6113	4313
6113	8138
6113	8217
6113	8440
6113	9052
6113	9869
6114	8395
6117	6361
6117	7899
6117	9728
6117	9908
6120	5753
6120	9745
6120	9977
6128	8967
6128	9120
6128	9779
6131	3438
6131	9355
6131	9606
6141	3550
6141	7161
6143	6735
6143	7427
6143	7604
6143	8261
6143	8790
6143	9149
6143	9298
6143	9658
6143	9691
6150	5524
6150	6609
6150	8079
6150	8790
6150	9400
6153	8595
6153	9629
6158	3999
6158	4207
6158	8115
6158	9963
6176	7423
6176	8379
6176	8492
6176	8696
6176	9205
6176	9544
6176	9593
6178	4011
6178	7248
6178	7284
6178	7343
6178	7753
6178	8114
6178	8248
6178	9257
6185	9205
6186	4207
6192	3629
6192	5207
6192	5556
6192	6360
6192	7423
6192	8524
6192	8764
6192	8988
6192	9208
6192	9362
6192	9768
6192	9788
6192	9825
6192	9939
6195	2321
6195	2405
6195	8211
6204	7296
6204	8535
6206	6112
6206	6361
6206	9569
6212	7749
6212	9959
6227	4482
6227	7799
6227	8438
6227	9931
6233	363
6233	7990
6233	8656
6233	8984
6233	9949
6241	8750
6248	7169
6248	7888
6253	8640
6253	8926
6253	9305
6262	5934
6262	6625
6262	9858
6265	7342
6265	9333
6265	9603
6265	9922
6265	9960
6271	1659
6271	4482
6271	4754
6271	8788
6271	8945
6271	9768
6271	9990
6272	982
6272	8817
6281	598
6281	3938
6281	6101
6281	7229
6281	8027
6281	9324
6281	9362
6281	9537
6315	3695
6315	4227
6315	4367
6315	4943
6315	5226
6315	5811
6315	6473
6315	6710
6315	7135
6315	8155
6315	8284
6315	8465
6315	8979
6315	9066
6315	9774
6336	6791
6336	7380
6336	7808
6336	8815
6336	8845
6336	8967
6336	9779
6341	4794
6341	6443
6341	7883
6341	9775
6360	6192
6360	9324
6361	1358
6361	1903
6361	2908
6361	3629
6361	4714
6361	5982
6361	6112
6361	6117
6361	6206
6361	7430
6361	8062
6361	8737
6361	9350
6361	9569
6361	9998
6369	4530
6370	4835
6371	2678
6371	8113
6371	8395
6371	8909
6371	8910
6371	9048
6382	666
6382	5558
6382	9107
6384	5715
6384	8712
6386	5473
6386	7888
6386	8698
6386	9208
6386	9305
6411	7899
6411	8394
6411	9307
6411	9537
6411	9728
6412	1744
6412	3564
6412	3565
6412	4693
6412	5412
6412	5791
6412	6588
6412	6842
6412	7190
6412	7562
6412	7621
6412	8039
6412	9398
6412	9829
6412	9924
6416	1368
6416	6782
6416	7732
6416	8790
6416	9054
6416	9298
6437	5735
6437	7106
6437	8218
6437	9387
6437	9480
6437	9904
6443	6341
6443	7883
6443	9466
6443	9775
6448	5150
6448	6710
6448	7450
6450	3547
6450	7990
6450	8656
6450	9949
6453	5207
6453	9990
6462	7296
6462	7321
6473	6315
6483	4794
6483	9102
6498	5147
6498	8711
6498	9416
6499	4954
6499	5464
6499	9580
6499	9596
6499	9994
6510	7438
6510	9910
6510	9963
6512	7883
6512	9989
6519	8416
6519	8700
6519	9279
6519	9536
6519	9600
6519	9625
6519	9862
6526	2615
6526	7639
6526	9087
6526	9603
6588	6412
6588	7778
6588	9979
6591	4276
6591	8113
6591	8438
6591	8875
6591	9191
6591	9355
6591	9430
6591	9505
6591	9606
6609	2055
6609	3224
6609	3330
6609	6014
6609	6042
6609	6150
6609	7961
6609	8079
6609	8658
6609	9540
6617	5779
6617	9037
6618	2394
6618	2622
6618	3238
6618	3381
6618	7550
6618	7708
6618	7762
6618	8364
6618	8418
6618	8465
6618	8593
6618	8640
6618	9424
6618	9774
6625	2405
6625	6262
6626	3456
6626	4276
6626	6025
6626	7537
6626	8438
6626	8457
6626	8875
6626	9191
6626	9430
6628	986
6628	2106
6628	3420
6628	5340
6628	8374
6628	8920
6628	9666
6628	9937
6634	731
6634	5217
6634	5556
6634	8217
6634	8394
6634	9282
6634	9399
6634	9768
6634	9788
6634	9939
6642	1963
6642	4947
6642	8514
6642	8857
6642	9173
6642	9841
6642	9922
6675	3978
6675	7990
6675	8984
6675	9577
6675	9949
6690	4497
6690	7007
6690	7232
6690	7296
6690	8557
6690	8736
6698	1235
6698	7377
6698	7962
6698	9858
6710	6315
6710	6448
6710	9041
6710	9057
6710	9457
6721	1866
6721	7957
6721	9361
6721	9556
6727	7548
6727	8698
6735	6143
6735	7913
6735	8711
6735	9841
6739	5753
6739	9478
6772	3503
6772	3550
6772	6778
6772	7761
6772	7899
6772	9253
6772	9963
6778	4822
6778	5997
6778	6772
6778	7399
6778	9941
6778	9963
6782	2124
6782	5779
6782	6416
6782	9478
6785	1963
6785	5010
6785	7599
6787	5014
6787	5891
6787	7562
6787	8543
6787	9658
6787	9829
6787	9844
6791	6336
6791	7423
6791	7604
6791	9799
6791	9841
6792	8606
6792	9298
6814	639
6814	683
6814	2833
6814	5190
6814	7169
6814	7993
6814	8266
6814	9153
6823	3346
6823	9557
6842	6412
6842	9949
6860	2412
6860	6001
6860	7863
6860	9645
6860	9959
6860	9998
6867	8595
6867	8984
6875	2691
6875	9860
6878	5827
6878	7902
6887	2615
6887	7762
6887	9534
6894	8345
6920	2679
6920	7450
6922	4434
6922	7423
6922	8394
6922	8988
6922	9208
6922	9768
6922	9788
6922	9939
6927	1996
6927	7450
6927	8217
6927	8395
6953	2679
6960	3842
6960	9505
6964	959
6964	5161
6964	8698
6964	9593
6968	5748
6968	8674
6969	4852
6969	8781
6969	8926
6969	9709
6999	4577
6999	7957
6999	9695
6999	9913
7007	4497
7007	5504
7007	6690
7007	7296
7007	8345
7007	9587
7021	2101
7021	7284
7021	7957
7021	9556
7025	1399
7025	3220
7025	5249
7025	7637
7025	9937
7027	6080
7027	8853
7027	9528
7027	9539
7030	2614
7030	3346
7030	9387
7030	9480
7061	9412
7061	9960
7068	7957
7068	9106
7068	9829
7083	5934
7083	9007
7083	9699
7083	9856
7088	4963
7088	8281
7088	9397
7088	9621
7088	9640
7090	5061
7090	8470
7090	8757
7090	9039
7090	9093
7090	9710
7090	9767
7090	9980
7090	9989
7106	6437
7106	7129
7106	8223
7106	9387
7121	5605
7121	7400
7121	9191
7121	9768
7129	7106
7129	8535
7129	9387
7129	9478
7129	9480
7129	9721
7135	6315
7135	7392
7135	7550
7135	8284
7135	8364
7135	9640
7135	9774
7161	3729
7161	6141
7161	7883
7161	8965
7161	9775
7163	5705
7163	7239
7163	7481
7163	9077
7163	9577
7164	3856
7164	5412
7164	7190
7164	7562
7164	9829
7164	9975
7169	6248
7169	6814
7169	8430
7169	9492
7181	4232
7181	6080
7181	8853
7181	9361
7181	9528
7184	3241
7184	5646
7184	7255
7184	8395
7184	8909
7184	9048
7184	9580
7188	7449
7188	8395
7188	8514
7188	8755
7188	9841
7188	9922
7188	9980
7190	4842
7190	6412
7190	7164
7190	7962
7190	8039
7226	1060
7226	7713
7226	8606
7226	9496
7229	4153
7229	5293
7229	6281
7229	9537
7230	4313
7230	8314
7230	8853
7230	9490
7232	6690
7232	7296
7232	7956
7232	8736
7232	8884
7239	7163
7239	7399
7239	8347
7240	546
7242	5524
7242	9540
7248	6178
7248	7343
7248	7599
7248	7753
7248	7838
7248	8114
7248	8248
7255	10
7255	5646
7255	7184
7255	8395
7255	8909
7255	8910
7255	9048
7255	9191
7258	4658
7258	8756
7274	5217
7277	8248
7277	8492
7279	942
7279	4432
7279	8492
7279	8696
7279	9205
7279	9544
7284	6178
7284	7021
7284	8920
7296	2449
7296	2461
7296	3465
7296	5242
7296	6102
7296	6204
7296	6462
7296	6690
7296	7007
7296	7232
7296	7468
7296	8345
7296	8374
7296	8736
7296	8884
7296	9709
7316	2679
7316	9296
7316	9871
7321	2055
7321	6462
7321	9053
7321	9257
7321	9841
7324	3238
7324	3290
7324	7990
7324	8616
7324	9505
7333	8750
7333	8979
7333	9367
7333	9655
7333	9817
7335	1728
7335	2008
7335	9624
7335	9766
7335	9778
7338	7430
7338	8138
7338	9364
7338	9684
7338	9869
7342	2691
7342	3892
7342	6265
7342	9057
7342	9333
7342	9960
7343	4156
7343	6178
7343	7248
7343	7449
7343	7508
7343	8114
7353	4530
7353	7817
7353	9106
7353	9709
7353	9899
7360	7599
7362	5473
7362	7849
7377	4928
7377	6698
7377	7528
7377	8661
7377	9059
7377	9555
7377	9625
7377	9994
7380	6336
7380	7462
7380	7808
7380	9779
7392	2008
7392	2550
7392	3373
7392	4227
7392	7135
7392	8364
7392	8465
7392	8563
7392	9048
7392	9093
7392	9257
7392	9687
7392	9774
7399	4852
7399	6778
7399	7239
7399	8347
7400	1250
7400	7121
7400	9387
7400	9658
7400	9823
7400	9908
7402	1345
7402	6042
7402	9840
7402	9856
7409	8467
7409	8991
7423	145
7423	3691
7423	4166
7423	4813
7423	5217
7423	5455
7423	6176
7423	6192
7423	6791
7423	6922
7423	7984
7423	8217
7423	8536
7423	8988
7423	9208
7423	9768
7423	9858
7423	9939
7427	2132
7427	3290
7427	4532
7427	6143
7427	9223
7427	9298
7427	9600
7427	9691
7430	6361
7430	7338
7430	9350
7430	9569
7430	9862
7430	9922
7438	2008
7438	6510
7438	7632
7438	7857
7438	9624
7438	9766
7438	9778
7438	9979
7439	8395
7446	4497
7446	7837
7446	9367
7446	9466
7446	9613
7446	9655
7446	9817
7449	3550
7449	4156
7449	7188
7449	7343
7449	7599
7449	8114
7449	9054
7449	9087
7450	6448
7450	6920
7450	6927
7459	2412
7459	9077
7459	9223
7459	9577
7462	7380
7462	9350
7462	9779
7468	7296
7468	7956
7468	8345
7481	7163
7483	9278
7483	9682
7500	2590
7500	8945
7500	9803
7500	9823
7501	4852
7501	7925
7501	9054
7504	102
7504	3114
7504	4428
7504	5769
7504	6067
7504	7925
7504	8496
7504	8600
7504	8710
7504	9135
7504	9555
7504	9710
7508	4227
7508	7343
7528	3373
7528	7377
7530	3892
7530	9257
7532	856
7532	944
7532	2412
7532	3423
7532	4257
7532	5758
7532	6001
7532	7870
7532	8248
7532	9645
7537	5161
7537	5642
7537	6042
7537	6626
7537	8113
7537	8438
7537	8448
7537	8457
7537	8479
7537	8536
7537	8875
7537	9191
7537	9355
7537	9430
7537	9508
7548	2132
7548	6727
7548	8495
7548	8536
7548	9318
7548	9362
7550	4943
7550	6618
7550	7135
7550	7732
7550	8284
7550	8364
7550	8465
7550	8979
7550	9829
7550	9910
7550	9980
7558	1399
7558	7637
7558	9041
7558	9400
7559	7959
7559	8764
7559	9788
7559	9998
7562	2270
7562	3591
7562	3856
7562	5997
7562	6412
7562	6787
7562	7164
7562	8543
7562	9768
7562	9829
7575	4693
7575	5014
7575	5412
7575	5862
7575	9767
7592	8888
7592	9102
7592	9575
7592	9975
7599	1080
7599	1728
7599	2420
7599	3299
7599	4011
7599	4754
7599	5552
7599	6785
7599	7248
7599	7360
7599	7449
7599	7753
7599	8114
7599	8248
7599	9522
7604	6143
7604	6791
7604	8448
7610	9691
7615	7888
7621	6412
7621	9315
7632	7438
7632	9569
7632	9994
7637	1399
7637	7025
7637	7558
7637	8899
7637	9603
7639	6526
7639	9768
7653	8536
7653	9400
7653	9892
7675	9249
7675	9691
7683	4497
7683	8593
7683	8985
7683	9913
7708	2550
7708	4367
7708	6618
7708	8465
7708	8563
7708	8979
7708	9640
7708	9713
7713	5735
7713	7226
7713	8926
7732	3536
7732	4532
7732	5556
7732	5739
7732	6416
7732	7550
7732	7993
7732	8261
7732	9298
7739	6014
7739	8951
7739	9093
7739	9399
7739	9904
7745	4629
7745	5914
7749	2809
7749	3629
7749	3762
7749	6212
7749	7990
7749	8223
7749	8345
7753	1080
7753	4011
7753	6178
7753	7248
7753	7599
7753	8248
7761	2995
7761	6772
7761	9557
7761	9941
7762	6618
7762	6887
7762	9446
7762	9481
7772	5242
7772	5440
7772	9625
7773	70
7773	8079
7773	8760
7773	8985
7773	9913
7778	3373
7778	6588
7778	9979
7798	5161
7798	9324
7798	9593
7799	6227
7799	8656
7806	7817
7806	8755
7806	8926
7806	9191
7806	9709
7806	9899
7808	2250
7808	6336
7808	7380
7808	8967
7808	9779
7817	2737
7817	7353
7817	7806
7817	8448
7817	9081
7817	9709
7817	9899
7818	3729
7818	8395
7818	9010
7818	9066
7818	9629
7823	5150
7823	8169
7823	9711
7829	1345
7829	2822
7829	3164
7829	8845
7837	1463
7837	7446
7837	8066
7837	9367
7838	606
7838	4617
7838	7248
7838	7883
7838	9191
7838	9775
7839	3856
7839	9066
7849	7362
7849	9416
7852	3263
7857	338
7857	7438
7857	9147
7857	9324
7863	2679
7863	4928
7863	6860
7863	9296
7863	9871
7870	2412
7870	5190
7870	6001
7870	7532
7870	9282
7870	9645
7870	9774
7883	606
7883	2008
7883	2280
7883	6341
7883	6443
7883	6512
7883	7161
7883	7838
7883	9775
7883	9909
7883	9914
7888	831
7888	2963
7888	3356
7888	3681
7888	6248
7888	6386
7888	7615
7888	8180
7888	9621
7888	9666
7888	9696
7894	982
7894	8211
7894	8589
7894	8902
7894	9444
7894	9975
7899	4943
7899	6117
7899	6411
7899	6772
7899	8138
7899	8394
7899	9728
7901	363
7901	8192
7901	8757
7901	9039
7901	9457
7901	9767
7901	9980
7901	9989
7902	373
7902	3184
7902	6878
7902	9106
7902	9208
7902	9939
7903	9387
7911	7990
7911	8575
7913	3550
7913	6735
7913	9415
7925	5369
7925	7501
7925	7504
7925	9054
7927	3373
7927	8652
7927	9369
7927	9924
7949	4482
7949	5647
7949	8991
7949	9833
7952	4530
7952	9998
7956	2449
7956	4497
7956	5504
7956	7232
7956	7468
7956	8345
7956	8737
7956	8884
7957	1021
7957	2029
7957	4658
7957	6721
7957	6999
7957	7021
7957	7068
7957	9039
7957	9556
7957	9913
7959	7559
7959	8764
7959	8884
7959	9998
7961	6609
7961	9871
7962	2449
7962	3564
7962	4276
7962	5817
7962	5862
7962	6698
7962	7190
7962	8039
7962	9059
7962	9829
7971	9778
7983	5881
7983	8394
7983	9149
7984	7423
7990	3978
7990	6233
7990	6450
7990	6675
7990	7324
7990	7749
7990	7911
7990	8281
7990	8656
7990	8984
7990	9949
7993	1368
7993	3290
7993	3859
7993	4532
7993	5817
7993	6814
7993	7732
7993	8261
7993	8790
7993	9298
7993	9691
8021	5464
8021	5881
8027	4229
8027	5045
8027	5473
8027	6281
8027	8609
8027	8985
8027	9120
8027	9412
8039	3856
8039	5412
8039	5891
8039	6412
8039	7190
8039	7962
8039	9767
8039	9829
8055	5982
8055	8606
8055	8899
8062	6361
8062	9087
8062	9350
8066	2270
8066	7837
8066	8418
8066	9003
8066	9081
8066	9840
8079	5322
8079	6150
8079	6609
8079	7773
8079	8658
8079	9540
8090	3138
8090	5881
8090	8640
8090	9869
8090	9963
8113	10
8113	3114
8113	5642
8113	6042
8113	6371
8113	6591
8113	7537
8113	8438
8113	8457
8113	8812
8113	9191
8113	9355
8113	9430
8114	3550
8114	4110
8114	6178
8114	7248
8114	7343
8114	7449
8114	7599
8115	6158
8115	9253
8115	9307
8115	9557
8115	9941
8115	9963
8116	2908
8116	4803
8116	5914
8133	3381
8133	4482
8133	8965
8133	9399
8133	9445
8133	9494
8133	9621
8133	9946
8138	4313
8138	6113
8138	7338
8138	7899
8138	9007
8138	9778
8138	9869
8140	4511
8140	8536
8140	9979
8149	9367
8149	9869
8155	6315
8155	8755
8155	8757
8155	9513
8155	9913
8159	546
8165	4166
8165	5028
8165	9980
8169	7823
8169	9886
8180	831
8180	2908
8180	7888
8180	9696
8181	754
8181	2008
8181	4712
8181	9713
8191	5331
8191	5817
8191	8832
8191	9745
8191	9886
8192	5464
8192	7901
8192	9806
8192	9842
8206	5891
8206	8217
8206	9340
8211	6195
8211	7894
8211	8945
8217	731
8217	5217
8217	5556
8217	6113
8217	6634
8217	6927
8217	7423
8217	8206
8217	8394
8217	8988
8217	9172
8217	9208
8217	9506
8217	9596
8217	9768
8217	9788
8217	9939
8218	2906
8218	4782
8218	4883
8218	6437
8223	7106
8223	7749
8223	9387
8223	9480
8223	9606
8235	2856
8235	6014
8235	8951
8235	9833
8235	9904
8242	8945
8242	8951
8243	1250
8243	9600
8248	3550
8248	4156
8248	4288
8248	4992
8248	4998
8248	5914
8248	6178
8248	7248
8248	7277
8248	7532
8248	7599
8248	7753
8248	9039
8248	9107
8248	9205
8248	9931
8261	2132
8261	4483
8261	6143
8261	7732
8261	7993
8261	8790
8261	9691
8266	3550
8266	4749
8266	6814
8270	4852
8270	9833
8270	9904
8281	2788
8281	7088
8281	7990
8281	9397
8281	9909
8284	1175
8284	2622
8284	6315
8284	7135
8284	7550
8284	8394
8284	8465
8284	8979
8284	9640
8284	9774
8311	8457
8314	5817
8314	7230
8314	8874
8323	666
8323	5288
8323	5310
8323	8661
8323	9059
8323	9061
8323	9555
8323	9625
8323	9994
8341	3138
8341	8979
8345	1368
8345	4497
8345	5504
8345	6894
8345	7007
8345	7296
8345	7468
8345	7749
8345	7956
8345	9939
8347	1374
8347	4963
8347	5556
8347	7239
8347	7399
8347	8845
8347	9539
8353	4497
8353	8756
8360	1345
8360	3892
8360	9364
8360	9557
8363	8991
8363	9369
8363	9691
8363	9799
8364	4139
8364	4530
8364	4943
8364	6618
8364	7135
8364	7392
8364	7550
8364	8656
8364	8979
8364	9640
8364	9774
8374	6628
8374	7296
8374	8920
8379	856
8379	4012
8379	4432
8379	5881
8379	6176
8379	8492
8379	8696
8379	9205
8379	9249
8379	9544
8394	701
8394	1295
8394	2021
8394	3444
8394	4755
8394	5217
8394	5556
8394	6411
8394	6634
8394	6922
8394	7899
8394	7983
8394	8217
8394	8284
8394	8985
8394	8988
8394	9147
8394	9208
8394	9278
8394	9541
8394	9768
8394	9788
8394	9823
8394	9939
8395	2259
8395	2652
8395	3241
8395	3438
8395	5291
8395	6114
8395	6371
8395	6927
8395	7184
8395	7188
8395	7255
8395	7439
8395	7818
8395	8846
8395	8909
8395	8910
8395	9048
8395	9728
8395	9910
8402	5464
8402	6025
8402	8609
8402	8640
8402	9522
8402	9845
8402	9946
8416	6519
8416	8700
8416	9536
8416	9600
8418	6618
8418	8066
8418	9003
8418	9081
8430	1785
8430	7169
8435	5735
8435	9446
8435	9904
8435	9949
8438	3082
8438	3392
8438	5369
8438	5642
8438	6042
8438	6227
8438	6591
8438	6626
8438	7537
8438	8113
8438	8788
8438	8875
8438	9041
8438	9355
8438	9430
8440	4410
8440	6113
8440	9869
8442	3290
8447	4658
8448	7537
8448	7604
8448	7817
8448	8991
8457	1839
8457	3082
8457	5642
8457	6025
8457	6042
8457	6626
8457	7537
8457	8113
8457	8311
8457	8652
8457	8875
8457	8895
8457	9173
8457	9191
8457	9309
8457	9351
8457	9355
8457	9430
8462	5455
8462	8736
8462	8815
8465	6315
8465	6618
8465	7392
8465	7550
8465	7708
8465	8284
8465	8892
8465	9279
8465	9774
8466	3851
8466	4729
8466	9557
8466	9922
8466	9941
8466	9963
8467	7409
8467	9208
8470	3921
8470	7090
8470	8757
8470	8979
8470	9039
8470	9457
8470	9710
8470	9980
8470	9989
8479	481
8479	977
8479	2101
8479	3368
8479	4883
8479	7537
8479	8535
8492	3598
8492	4012
8492	5102
8492	5881
8492	6176
8492	7277
8492	7279
8492	8379
8492	8696
8492	9205
8492	9544
8492	9621
8495	5291
8495	7548
8495	9109
8495	9318
8495	9466
8495	9845
8495	9892
8496	102
8496	7504
8496	9710
8514	546
8514	6642
8514	7188
8514	8755
8514	9173
8514	9841
8514	9922
8514	9994
8524	6192
8524	9825
8535	6204
8535	7129
8535	8479
8536	7423
8536	7537
8536	7548
8536	7653
8536	8140
8536	8999
8536	9318
8536	9362
8536	9400
8536	9466
8536	9892
8543	1744
8543	3856
8543	4693
8543	4842
8543	5014
8543	5471
8543	5891
8543	6787
8543	7562
8543	8817
8543	9829
8557	109
8557	2679
8557	6690
8557	9223
8557	9539
8563	5
8563	3381
8563	7392
8563	7708
8563	8616
8563	9640
8563	9774
8563	9803
8565	4794
8565	8874
8565	9188
8575	7911
8575	8845
8589	5556
8589	7894
8589	9844
8593	6618
8593	7683
8593	8845
8595	3386
8595	6153
8595	6867
8595	9575
8595	9629
8595	9699
8595	9981
8600	7504
8606	1128
8606	3699
8606	5149
8606	6792
8606	7226
8606	8055
8606	9496
8606	9939
8609	3053
8609	4229
8609	5045
8609	5473
8609	8027
8609	8402
8609	9120
8609	9412
8609	9796
8616	7324
8616	8563
8616	8872
8616	9150
8616	9377
8616	9505
8616	9600
8616	9981
8640	6253
8640	6618
8640	8090
8640	8402
8640	9305
8640	9587
8650	5028
8650	5791
8650	9010
8650	9369
8650	9575
8650	9629
8650	9981
8652	7927
8652	8457
8652	9481
8656	2060
8656	6233
8656	6450
8656	7799
8656	7990
8656	8364
8656	8926
8656	8984
8656	9557
8656	9774
8656	9949
8658	6609
8658	8079
8658	9540
8658	9815
8661	4139
8661	5310
8661	5875
8661	7377
8661	8323
8661	8756
8661	9536
8661	9555
8661	9625
8661	9994
8674	4482
8674	6968
8674	9109
8691	4813
8691	9223
8696	856
8696	3598
8696	4012
8696	4432
8696	4863
8696	6176
8696	7279
8696	8379
8696	8492
8696	9205
8696	9435
8696	9544
8698	6386
8698	6727
8698	6964
8698	9780
8700	4166
8700	6519
8700	8416
8700	9279
8700	9536
8700	9600
8700	9979
8710	4012
8710	7504
8710	9862
8711	6498
8711	6735
8711	9416
8711	9695
8711	9829
8712	2906
8712	5190
8712	6384
8723	42
8723	5556
8723	8965
8736	6690
8736	7232
8736	7296
8736	8462
8736	8833
8736	8884
8736	9147
8736	9687
8736	9806
8737	6361
8737	7956
8737	9010
8737	9066
8739	5
8739	9931
8750	6241
8750	7333
8750	8988
8755	546
8755	7188
8755	7806
8755	8155
8755	8514
8755	9173
8755	9766
8755	9841
8755	9922
8756	847
8756	7258
8756	8353
8756	8661
8756	9829
8757	5471
8757	7090
8757	7901
8757	8155
8757	8470
8757	9039
8757	9457
8757	9505
8757	9767
8757	9862
8757	9980
8757	9989
8760	5997
8760	7773
8760	9770
8760	9796
8760	9869
8764	6192
8764	7559
8764	7959
8764	9994
8764	9998
8774	2270
8774	4782
8774	5592
8774	9713
8774	9905
8781	932
8781	1744
8781	4835
8781	6969
8781	9806
8781	9914
8788	4998
8788	6271
8788	8438
8788	9925
8788	9990
8790	4532
8790	6143
8790	6150
8790	6416
8790	7993
8790	8261
8790	9691
8812	8113
8812	9829
8812	9980
8815	5455
8815	6336
8815	8462
8817	6272
8817	8543
8817	9405
8832	3503
8832	5597
8832	8191
8832	9191
8833	8736
8833	9048
8833	9937
8835	2691
8835	9077
8841	9061
8841	9711
8841	9931
8841	9939
8845	2822
8845	6336
8845	7829
8845	8347
8845	8575
8845	8593
8845	8914
8845	9351
8845	9387
8846	8395
8846	9398
8846	9603
8846	9803
8853	2652
8853	3263
8853	7027
8853	7181
8853	7230
8853	9208
8853	9361
8853	9416
8853	9528
8857	6642
8857	9699
8872	2550
8872	4478
8872	8616
8874	4794
8874	8314
8874	8565
8874	9844
8874	9959
8875	2001
8875	6025
8875	6591
8875	6626
8875	7537
8875	8438
8875	8457
8875	9191
8875	9355
8875	9430
8884	2461
8884	7232
8884	7296
8884	7956
8884	7959
8884	8736
8888	3356
8888	7592
8888	9102
8888	9575
8892	266
8892	2124
8892	3802
8892	8465
8892	8908
8892	9131
8895	3695
8895	4432
8895	8457
8895	9941
8899	70
8899	709
8899	3342
8899	5801
8899	7637
8899	8055
8899	9721
8899	9892
8902	1374
8902	3503
8902	4362
8902	7894
8902	8934
8902	9444
8902	9959
8902	9975
8908	8892
8908	9131
8909	3241
8909	3438
8909	3859
8909	5291
8909	6371
8909	7184
8909	7255
8909	8395
8909	8910
8909	9048
8909	9840
8910	2259
8910	2678
8910	3438
8910	3859
8910	5646
8910	6371
8910	7255
8910	8395
8910	8909
8910	9048
8910	9305
8910	9587
8914	982
8914	8845
8920	6628
8920	7284
8920	8374
8920	9666
8920	9845
8922	2412
8922	8991
8922	9815
8926	2313
8926	4530
8926	4800
8926	6253
8926	6969
8926	7713
8926	7806
8926	8656
8926	9278
8926	9496
8926	9709
8926	9899
8934	8902
8945	1159
8945	5934
8945	6271
8945	7500
8945	8211
8945	8242
8945	9003
8945	9097
8945	9600
8945	9998
8951	4852
8951	5982
8951	7739
8951	8235
8951	8242
8951	9833
8951	9904
8951	9959
8955	5455
8955	5504
8955	9825
8965	4794
8965	7161
8965	8133
8965	8723
8965	9998
8967	6128
8967	6336
8967	7808
8967	9696
8967	9779
8979	5
8979	4139
8979	4227
8979	4367
8979	6315
8979	7333
8979	7550
8979	7708
8979	8284
8979	8341
8979	8364
8979	8470
8979	9640
8979	9774
8984	363
8984	406
8984	3547
8984	6233
8984	6675
8984	6867
8984	7990
8984	8656
8984	9367
8984	9496
8984	9580
8984	9949
8985	5340
8985	7683
8985	7773
8985	8027
8985	8394
8985	9913
8988	1159
8988	2021
8988	2906
8988	2926
8988	3465
8988	3822
8988	4427
8988	4434
8988	4794
8988	5464
8988	5748
8988	5875
8988	6192
8988	6922
8988	7423
8988	8217
8988	8394
8988	8750
8988	9208
8988	9412
8988	9580
8988	9768
8988	9788
8988	9939
8991	93
8991	5010
8991	5942
8991	7409
8991	7949
8991	8363
8991	8448
8991	8922
8991	9691
8999	8536
8999	9771
9003	4530
9003	8066
9003	8418
9003	8945
9003	9399
9007	4410
9007	7083
9007	8138
9007	9364
9007	9869
9007	9910
9010	5
9010	7818
9010	8650
9010	8737
9010	9066
9012	3681
9012	5242
9037	5524
9037	6617
9037	9937
9039	7090
9039	7901
9039	7957
9039	8248
9039	8470
9039	8757
9039	9044
9039	9397
9039	9457
9039	9696
9039	9710
9039	9767
9039	9980
9039	9989
9041	5827
9041	6710
9041	7558
9041	8438
9044	768
9044	5862
9044	9039
9044	9513
9048	2259
9048	3241
9048	3859
9048	5291
9048	5646
9048	6371
9048	7184
9048	7255
9048	7392
9048	8395
9048	8833
9048	8909
9048	8910
9052	6113
9053	1368
9053	4693
9053	7321
9053	9886
9054	5369
9054	5611
9054	6416
9054	7449
9054	7501
9054	7925
9057	5150
9057	6710
9057	7342
9057	9492
9059	102
9059	7377
9059	7962
9059	8323
9059	9555
9059	9682
9059	9860
9059	9914
9059	9994
9061	4963
9061	5150
9061	8323
9061	8841
9061	9711
9066	6315
9066	7818
9066	7839
9066	8737
9066	9010
9077	7163
9077	7459
9077	8835
9077	9577
9081	1159
9081	7817
9081	8066
9081	8418
9087	6526
9087	7449
9087	8062
9087	9603
9087	9684
9093	4852
9093	7090
9093	7392
9093	7739
9093	9279
9093	9767
9093	9904
9097	8945
9097	9665
9102	1656
9102	5753
9102	6483
9102	7592
9102	8888
9102	9415
9102	9779
9102	9845
9102	9994
9104	3822
9104	5083
9106	146
9106	3463
9106	4110
9106	7068
9106	7353
9106	7902
9106	9724
9106	9946
9106	9979
9107	1824
9107	4153
9107	5558
9107	5597
9107	5976
9107	6382
9107	8248
9107	9150
9107	9397
9109	5331
9109	5817
9109	6105
9109	8495
9109	8674
9109	9253
9109	9886
9120	3053
9120	4755
9120	5045
9120	5473
9120	6128
9120	8027
9120	8609
9120	9412
9131	4822
9131	8892
9131	8908
9131	9135
9131	9909
9135	1991
9135	7504
9135	9131
9135	9496
9135	9556
9147	3444
9147	7857
9147	8394
9147	8736
9147	9324
9147	9603
9147	9771
9149	6143
9149	7983
9150	666
9150	8616
9150	9107
9153	6814
9153	9522
9172	2106
9172	8217
9172	9959
9173	3184
9173	6642
9173	8457
9173	8514
9173	8755
9173	9387
9173	9841
9173	9922
9188	8565
9188	9557
9188	9979
9191	10
9191	911
9191	2001
9191	3368
9191	3392
9191	4156
9191	4276
9191	4747
9191	5642
9191	6025
9191	6042
9191	6591
9191	6626
9191	7121
9191	7255
9191	7537
9191	7806
9191	7838
9191	8113
9191	8457
9191	8832
9191	8875
9191	9340
9191	9355
9191	9430
9191	9713
9191	9975
9205	856
9205	942
9205	1991
9205	3598
9205	4012
9205	4112
9205	4432
9205	4629
9205	4863
9205	5102
9205	5369
9205	5881
9205	6176
9205	6185
9205	7279
9205	8248
9205	8379
9205	8492
9205	8696
9205	9544
9205	9603
9205	9766
9205	9980
9208	2906
9208	2926
9208	3444
9208	3465
9208	4166
9208	4434
9208	5556
9208	6192
9208	6386
9208	6922
9208	7423
9208	7902
9208	8217
9208	8394
9208	8467
9208	8853
9208	8988
9208	9768
9208	9788
9208	9905
9208	9939
9220	2144
9220	4813
9220	9309
9223	7427
9223	7459
9223	8557
9223	8691
9249	4813
9249	7675
9249	8379
9249	9710
9253	3999
9253	4207
9253	4822
9253	5028
9253	6772
9253	8115
9253	9109
9253	9430
9253	9557
9253	9941
9253	9963
9257	5014
9257	6178
9257	7321
9257	7392
9257	7530
9278	7483
9278	8394
9278	8926
9278	9980
9279	3629
9279	6519
9279	8465
9279	8700
9279	9093
9279	9536
9279	9600
9282	1128
9282	2449
9282	6634
9282	7870
9282	9444
9282	9766
9282	9844
9287	2270
9287	9307
9296	2679
9296	7316
9296	7863
9296	9871
9298	1235
9298	2412
9298	4532
9298	6143
9298	6416
9298	6792
9298	7427
9298	7732
9298	7993
9298	9691
9305	2055
9305	5646
9305	6253
9305	6386
9305	8640
9305	8910
9305	9989
9307	3330
9307	3822
9307	6411
9307	8115
9307	9287
9309	8457
9309	9220
9309	9466
9309	9606
9315	1021
9315	7621
9318	3921
9318	7548
9318	8495
9318	8536
9318	9362
9318	9400
9318	9466
9318	9892
9324	4153
9324	5558
9324	5605
9324	6281
9324	6360
9324	7798
9324	7857
9324	9147
9333	2550
9333	3082
9333	6265
9333	7342
9333	9960
9339	754
9339	3856
9339	4313
9340	2652
9340	3595
9340	8206
9340	9191
9340	9596
9340	9687
9340	9960
9350	1358
9350	6112
9350	6361
9350	7430
9350	7462
9350	8062
9350	9569
9351	8457
9351	8845
9351	9904
9355	2001
9355	3082
9355	3368
9355	3392
9355	3647
9355	4276
9355	6042
9355	6131
9355	6591
9355	7537
9355	8113
9355	8438
9355	8457
9355	8875
9355	9191
9355	9430
9355	9774
9355	9922
9355	9941
9355	9974
9361	2106
9361	5735
9361	6080
9361	6721
9361	7181
9361	8853
9361	9430
9361	9528
9362	3921
9362	6192
9362	6281
9362	7548
9362	8536
9362	9318
9362	9466
9362	9767
9362	9892
9364	7338
9364	8360
9364	9007
9364	9869
9367	5416
9367	7333
9367	7446
9367	7837
9367	8149
9367	8984
9367	9655
9367	9817
9369	2259
9369	7927
9369	8363
9369	8650
9369	9774
9377	5597
9377	8616
9377	9556
9377	9841
9387	2194
9387	2614
9387	4437
9387	5242
9387	5735
9387	6437
9387	7030
9387	7106
9387	7129
9387	7400
9387	7903
9387	8223
9387	8845
9387	9173
9387	9480
9387	9555
9387	9768
9397	1399
9397	3536
9397	5961
9397	7088
9397	8281
9397	9039
9397	9107
9397	9449
9397	9684
9398	6412
9398	8846
9399	1159
9399	4482
9399	6634
9399	7739
9399	8133
9399	9003
9399	9445
9399	9494
9399	9621
9399	9803
9399	9946
9400	1866
9400	6150
9400	7558
9400	7653
9400	8536
9400	9318
9400	9466
9400	9892
9405	8817
9405	9412
9405	9416
9412	4229
9412	4755
9412	5045
9412	5473
9412	7061
9412	8027
9412	8609
9412	8988
9412	9120
9412	9405
9415	1399
9415	4749
9415	7913
9415	9102
9415	9829
9416	2080
9416	6498
9416	7849
9416	8711
9416	8853
9416	9405
9416	9899
9424	5010
9424	6618
9430	2001
9430	3082
9430	3368
9430	3392
9430	3830
9430	5642
9430	6025
9430	6042
9430	6591
9430	6626
9430	7537
9430	8113
9430	8438
9430	8457
9430	8875
9430	9191
9430	9253
9430	9355
9430	9361
9430	9607
9430	9842
9430	9914
9430	9981
9430	9998
9435	2253
9435	2382
9435	3822
9435	5220
9435	8696
9435	9931
9444	3407
9444	7894
9444	8902
9444	9282
9444	9496
9444	9975
9445	4835
9445	8133
9445	9399
9445	9494
9445	9621
9445	9803
9445	9946
9446	93
9446	145
9446	7762
9446	8435
9446	9492
9446	9937
9449	5753
9449	9397
9449	9580
9449	9713
9449	9977
9457	577
9457	6710
9457	7901
9457	8470
9457	8757
9457	9039
9457	9767
9457	9980
9457	9989
9466	1934
9466	3921
9466	6443
9466	7446
9466	8495
9466	8536
9466	9309
9466	9318
9466	9362
9466	9400
9478	4483
9478	6739
9478	6782
9478	7129
9478	9937
9480	2128
9480	2194
9480	6437
9480	7030
9480	7129
9480	8223
9480	9387
9481	1399
9481	7762
9481	8652
9490	7230
9490	9925
9492	3403
9492	4288
9492	4813
9492	5741
9492	7169
9492	9057
9492	9446
9492	9913
9494	4482
9494	8133
9494	9399
9494	9445
9494	9621
9494	9803
9494	9931
9494	9946
9496	3699
9496	7226
9496	8606
9496	8926
9496	8984
9496	9135
9496	9444
9505	2080
9505	5753
9505	6591
9505	6960
9505	7324
9505	8616
9505	8757
9505	9990
9506	8217
9506	9687
9506	9721
9508	6112
9508	7537
9508	9613
9513	4288
9513	8155
9513	9044
9513	9687
9522	2991
9522	4207
9522	5464
9522	7599
9522	8402
9522	9153
9522	9845
9522	9937
9528	4232
9528	7027
9528	7181
9528	8853
9528	9361
9534	363
9534	1362
9534	6887
9534	9788
9536	164
9536	5605
9536	6519
9536	8416
9536	8661
9536	8700
9536	9279
9536	9600
9537	4153
9537	5161
9537	5293
9537	6101
9537	6281
9537	6411
9537	7229
9537	9728
9539	3822
9539	7027
9539	8347
9539	8557
9539	9860
9540	2953
9540	3224
9540	5524
9540	6609
9540	7242
9540	8079
9540	8658
9541	8394
9544	856
9544	942
9544	3598
9544	4012
9544	4432
9544	4667
9544	4863
9544	5102
9544	5881
9544	6176
9544	7279
9544	8379
9544	8492
9544	8696
9544	9205
9544	9845
9555	5310
9555	7377
9555	7504
9555	8323
9555	8661
9555	9059
9555	9387
9555	9625
9555	9994
9556	1021
9556	3930
9556	6721
9556	7021
9556	7957
9556	9135
9556	9377
9557	1175
9557	3346
9557	3999
9557	4803
9557	4822
9557	6823
9557	7761
9557	8115
9557	8360
9557	8466
9557	8656
9557	9188
9557	9253
9557	9799
9557	9941
9557	9963
9569	5444
9569	6206
9569	6361
9569	7430
9569	7632
9569	9350
9569	9803
9575	5028
9575	5217
9575	7592
9575	8595
9575	8650
9575	8888
9575	9629
9575	9766
9575	9981
9577	6675
9577	7163
9577	7459
9577	9077
9577	9860
9577	9989
9580	6499
9580	7184
9580	8984
9580	8988
9580	9449
9580	9596
9587	4729
9587	7007
9587	8640
9587	8910
9587	9682
9589	2614
9589	3224
9593	959
9593	5161
9593	6176
9593	6964
9593	7798
9593	9842
9593	9858
9596	5161
9596	6499
9596	8217
9596	9340
9596	9580
9596	9811
9600	164
9600	373
9600	6519
9600	7427
9600	8243
9600	8416
9600	8616
9600	8700
9600	8945
9600	9279
9600	9536
9603	6265
9603	6526
9603	7637
9603	8846
9603	9087
9603	9147
9603	9205
9606	4110
9606	6131
9606	6591
9606	8223
9606	9309
9606	9655
9606	9796
9606	9946
9607	1996
9607	4754
9607	9430
9613	3842
9613	7446
9613	9508
9613	9768
9613	9979
9621	4482
9621	7088
9621	7888
9621	8133
9621	8492
9621	9399
9621	9445
9621	9494
9621	9771
9621	9803
9621	9845
9621	9946
9624	345
9624	1250
9624	7335
9624	7438
9624	9766
9624	9778
9625	2225
9625	4478
9625	4617
9625	5288
9625	5310
9625	6519
9625	7377
9625	7772
9625	8323
9625	8661
9625	9555
9629	6153
9629	7818
9629	8595
9629	8650
9629	9575
9629	9710
9629	9981
9640	2313
9640	2622
9640	3381
9640	3392
9640	4139
9640	4367
9640	7088
9640	7135
9640	7708
9640	8284
9640	8364
9640	8563
9640	8979
9640	9774
9640	9886
9645	2412
9645	3423
9645	4257
9645	6001
9645	6860
9645	7532
9645	7870
9645	9871
9645	9886
9655	1463
9655	7333
9655	7446
9655	9367
9655	9606
9655	9817
9655	9937
9658	6143
9658	6787
9658	7400
9658	9829
9665	2615
9665	3764
9665	9097
9666	2225
9666	5340
9666	6628
9666	7888
9666	8920
9666	9788
9666	9922
9682	817
9682	4693
9682	4928
9682	7483
9682	9059
9682	9587
9682	9788
9682	9910
9682	9922
9684	2788
9684	3296
9684	3565
9684	4963
9684	7338
9684	9087
9684	9397
9684	9909
9687	7392
9687	8736
9687	9340
9687	9506
9687	9513
9691	1368
9691	1394
9691	2132
9691	2405
9691	3290
9691	4483
9691	6014
9691	6143
9691	7427
9691	7610
9691	7675
9691	7993
9691	8261
9691	8363
9691	8790
9691	8991
9691	9298
9691	9899
9695	3917
9695	4427
9695	6999
9695	8711
9696	831
9696	2908
9696	7888
9696	8180
9696	8967
9696	9039
9696	9979
9699	7083
9699	8595
9699	8857
9709	932
9709	4800
9709	5342
9709	6969
9709	7296
9709	7353
9709	7806
9709	7817
9709	8926
9709	9899
9709	9974
9710	102
9710	4428
9710	6067
9710	7090
9710	7504
9710	8470
9710	8496
9710	9039
9710	9249
9710	9629
9711	2550
9711	7823
9711	8841
9711	9061
9711	9975
9713	2963
9713	7708
9713	8181
9713	8774
9713	9191
9713	9449
9721	4928
9721	6089
9721	7129
9721	8899
9721	9506
9724	9106
9728	5293
9728	6117
9728	6411
9728	7899
9728	8395
9728	9537
9728	9817
9728	9856
9745	4714
9745	5061
9745	5647
9745	6105
9745	6120
9745	8191
9745	9799
9745	9886
9766	1250
9766	2008
9766	7335
9766	7438
9766	8755
9766	9205
9766	9282
9766	9575
9766	9624
9766	9778
9766	9844
9767	577
9767	7090
9767	7575
9767	7901
9767	8039
9767	8757
9767	9039
9767	9093
9767	9362
9767	9457
9767	9980
9767	9989
9768	70
9768	731
9768	768
9768	2906
9768	2926
9768	3053
9768	3444
9768	3465
9768	3999
9768	4166
9768	4434
9768	5556
9768	6192
9768	6271
9768	6634
9768	6922
9768	7121
9768	7423
9768	7562
9768	7639
9768	8217
9768	8394
9768	8988
9768	9208
9768	9387
9768	9613
9768	9775
9768	9788
9768	9939
9770	768
9770	8760
9770	9775
9771	4835
9771	8999
9771	9147
9771	9621
9771	9937
9774	5
9774	1785
9774	2550
9774	3373
9774	4139
9774	4227
9774	4943
9774	6315
9774	6618
9774	7135
9774	7392
9774	7870
9774	8284
9774	8364
9774	8465
9774	8563
9774	8656
9774	8979
9774	9355
9774	9369
9774	9640
9774	9989
9775	3729
9775	6341
9775	6443
9775	7161
9775	7838
9775	7883
9775	9768
9775	9770
9778	345
9778	2008
9778	4749
9778	6057
9778	7335
9778	7438
9778	7971
9778	8138
9778	9624
9778	9766
9778	9788
9779	2250
9779	2412
9779	3856
9779	3917
9779	3930
9779	5592
9779	5782
9779	6128
9779	6336
9779	7380
9779	7462
9779	7808
9779	8967
9779	9102
9779	9856
9779	9974
9780	8698
9788	70
9788	768
9788	2021
9788	2906
9788	3444
9788	3465
9788	4166
9788	4434
9788	5217
9788	5556
9788	6192
9788	6634
9788	6922
9788	7559
9788	8217
9788	8394
9788	8988
9788	9208
9788	9534
9788	9666
9788	9682
9788	9768
9788	9778
9788	9939
9796	8609
9796	8760
9796	9606
9796	9869
9799	1866
9799	4617
9799	6791
9799	8363
9799	9557
9799	9745
9803	4482
9803	7500
9803	8563
9803	8846
9803	9399
9803	9445
9803	9494
9803	9569
9803	9621
9803	9946
9806	1159
9806	8192
9806	8736
9806	8781
9806	9914
9811	4667
9811	4835
9811	6089
9811	9596
9811	9931
9811	9990
9815	430
9815	3892
9815	8658
9815	8922
9817	1463
9817	3330
9817	5117
9817	7333
9817	7446
9817	9367
9817	9655
9817	9728
9823	3841
9823	4729
9823	7400
9823	7500
9823	8394
9825	3721
9825	6192
9825	8524
9825	8955
9829	65
9829	818
9829	1652
9829	1744
9829	2387
9829	2678
9829	2837
9829	2887
9829	4364
9829	4693
9829	4842
9829	5891
9829	5997
9829	6412
9829	6787
9829	7068
9829	7164
9829	7550
9829	7562
9829	7962
9829	8039
9829	8543
9829	8711
9829	8756
9829	8812
9829	9415
9829	9658
9833	2856
9833	5611
9833	7949
9833	8235
9833	8270
9833	8951
9833	9904
9840	1345
9840	4556
9840	4658
9840	7402
9840	8066
9840	8909
9840	9856
9841	546
9841	3184
9841	6642
9841	6735
9841	6791
9841	7188
9841	7321
9841	8514
9841	8755
9841	9173
9841	9377
9841	9922
9842	4410
9842	5342
9842	8192
9842	9430
9842	9593
9844	2550
9844	6787
9844	8589
9844	8874
9844	9282
9844	9766
9845	5464
9845	8402
9845	8495
9845	8920
9845	9102
9845	9522
9845	9544
9845	9621
9849	1368
9849	2615
9849	3842
9849	5083
9849	5753
9849	9937
9856	1345
9856	5117
9856	7083
9856	7402
9856	9728
9856	9779
9856	9840
9856	9908
9856	9975
9858	2626
9858	5161
9858	6262
9858	6698
9858	7423
9858	9593
9860	1934
9860	6875
9860	9059
9860	9539
9860	9577
9862	5997
9862	6519
9862	7430
9862	8710
9862	8757
9862	9909
9869	2664
9869	3138
9869	4313
9869	4410
9869	5154
9869	5416
9869	6113
9869	7338
9869	8090
9869	8138
9869	8149
9869	8440
9869	8760
9869	9007
9869	9364
9869	9796
9869	9904
9871	2679
9871	7316
9871	7863
9871	7961
9871	9296
9871	9645
9886	5817
9886	8169
9886	8191
9886	9053
9886	9109
9886	9640
9886	9645
9886	9745
9892	1934
9892	3921
9892	7653
9892	8495
9892	8536
9892	8899
9892	9318
9892	9362
9892	9400
9899	2313
9899	2737
9899	3011
9899	4577
9899	4800
9899	5342
9899	7353
9899	7806
9899	7817
9899	8926
9899	9416
9899	9691
9899	9709
9904	5782
9904	6437
9904	7739
9904	8235
9904	8270
9904	8435
9904	8951
9904	9093
9904	9351
9904	9833
9904	9869
9904	9924
9905	8774
9905	9208
9905	9949
9908	762
9908	5524
9908	6117
9908	7400
9908	9856
9909	3296
9909	5961
9909	7883
9909	8281
9909	9131
9909	9684
9909	9862
9910	6510
9910	7550
9910	8395
9910	9007
9910	9682
9913	1385
9913	6999
9913	7683
9913	7773
9913	7957
9913	8155
9913	8985
9913	9492
9914	4257
9914	5817
9914	7883
9914	8781
9914	9059
9914	9430
9914	9806
9922	10
9922	546
9922	3184
9922	5715
9922	6265
9922	6642
9922	7188
9922	7430
9922	8466
9922	8514
9922	8755
9922	9173
9922	9355
9922	9666
9922	9682
9922	9841
9924	6412
9924	7927
9924	9904
9925	1026
9925	4427
9925	4729
9925	5368
9925	8788
9925	9490
9925	9990
9931	3822
9931	5220
9931	6227
9931	8248
9931	8739
9931	8841
9931	9435
9931	9494
9931	9811
9937	6628
9937	7025
9937	8833
9937	9037
9937	9446
9937	9478
9937	9522
9937	9655
9937	9771
9937	9849
9939	70
9939	731
9939	768
9939	1345
9939	2021
9939	2679
9939	2906
9939	2926
9939	3444
9939	3465
9939	4166
9939	4434
9939	4667
9939	5217
9939	6192
9939	6634
9939	6922
9939	7423
9939	7902
9939	8217
9939	8345
9939	8394
9939	8606
9939	8841
9939	8988
9939	9208
9939	9768
9939	9788
9941	1175
9941	4207
9941	4822
9941	6778
9941	7761
9941	8115
9941	8466
9941	8895
9941	9253
9941	9355
9941	9557
9941	9963
9941	9977
9946	4482
9946	8133
9946	8402
9946	9106
9946	9399
9946	9445
9946	9494
9946	9606
9946	9621
9946	9803
9946	9960
9949	363
9949	406
9949	2060
9949	3978
9949	5647
9949	6233
9949	6450
9949	6675
9949	6842
9949	7990
9949	8435
9949	8656
9949	8984
9949	9905
9959	6212
9959	6860
9959	8874
9959	8902
9959	8951
9959	9172
9960	10
9960	3892
9960	6265
9960	7061
9960	7342
9960	9333
9960	9340
9960	9946
9960	9989
9963	4712
9963	6158
9963	6510
9963	6772
9963	6778
9963	8090
9963	8115
9963	8466
9963	9253
9963	9557
9963	9941
9974	2963
9974	9355
9974	9709
9974	9779
9975	762
9975	1463
9975	1910
9975	2080
9975	3851
9975	4963
9975	7164
9975	7592
9975	7894
9975	8902
9975	9191
9975	9444
9975	9711
9975	9856
9977	3595
9977	4667
9977	5149
9977	5753
9977	6120
9977	9449
9977	9941
9979	3856
9979	4577
9979	6588
9979	7438
9979	7778
9979	8140
9979	8700
9979	9106
9979	9188
9979	9613
9979	9696
9980	577
9980	7090
9980	7188
9980	7550
9980	7901
9980	8165
9980	8470
9980	8757
9980	8812
9980	9039
9980	9205
9980	9278
9980	9457
9980	9767
9980	9989
9981	3381
9981	3921
9981	8595
9981	8616
9981	8650
9981	9430
9981	9575
9981	9629
9989	577
9989	2030
9989	4497
9989	6512
9989	7090
9989	7901
9989	8470
9989	8757
9989	9039
9989	9305
9989	9457
9989	9577
9989	9767
9989	9774
9989	9960
9989	9980
9990	516
9990	1026
9990	1963
9990	4729
9990	5368
9990	6271
9990	6453
9990	8788
9990	9505
9990	9811
9990	9925
9994	4963
9994	5288
9994	6499
9994	7377
9994	7632
9994	8323
9994	8514
9994	8661
9994	8764
9994	9059
9994	9102
9994	9555
9998	768
9998	6361
9998	6860
9998	7559
9998	7952
9998	7959
9998	8764
9998	8945
9998	8965
9998	9430
