13	236
61	7759
61	9320
61	9796
74	1326
74	9668
74	9853
113	9058
113	9084
127	4964
127	5012
127	6121
142	6619
142	8749
142	9217
142	9390
142	9418
142	9638
142	9971
165	9042
165	9360
165	9543
217	2197
217	6794
217	7759
217	8427
217	8470
217	9418
217	9629
236	13
236	6767
236	8286
236	9245
236	9532
236	9845
236	9858
272	6232
272	9926
276	7782
276	9504
276	9510
284	6460
284	8878
284	9713
284	9945
285	6351
308	7393
308	9749
313	3958
313	7426
327	7887
327	9337
335	2197
335	2943
335	3447
335	7700
335	8735
335	8914
335	9972
344	9365
377	9464
377	9550
377	9567
384	4294
384	9001
417	9571
430	8453
430	9708
464	6028
464	8235
496	3972
500	5008
500	8545
508	8828
508	9481
508	9567
508	9628
508	9757
551	717
551	5309
551	5920
551	7062
552	3646
552	4579
552	7638
552	8539
553	1720
553	1826
553	6651
553	8017
553	8225
553	9139
553	9160
563	8998
582	8545
582	9714
593	8990
593	9320
593	9567
628	9058
663	5035
663	7698
663	8528
663	8668
663	9638
687	6809
717	551
745	6243
745	7638
781	6344
789	2939
789	9668
810	5366
825	5557
825	9146
830	8699
830	9190
846	9096
846	9325
846	9507
874	8209
874	9568
874	9883
882	8373
900	3912
900	5086
900	6016
900	7334
900	7805
900	8546
900	9456
903	8453
903	9566
952	6398
952	9661
973	5679
973	6946
973	9058
973	9346
1020	9714
1055	2283
1055	3963
1055	5856
1055	6712
1055	9365
1055	9384
1055	9905
1058	6248
1080	7919
1080	9160
1081	5265
1087	2635
1124	3152
1124	4985
1124	8798
1124	9300
1124	9972
1140	4217
1140	6254
1140	8225
1140	8350
1140	8798
1140	9139
1140	9972
1143	3331
1143	7626
1147	7074
1147	9567
1174	5952
1174	8540
1197	9571
1203	7364
1203	7967
1203	9245
1203	9532
1204	1386
1204	6869
1204	6946
1204	9930
1207	2214
1207	8800
1207	9309
1238	3447
1238	4486
1238	6388
1238	9858
1298	5035
1325	2547
1325	4164
1325	6246
1325	8033
1325	8109
1325	9872
1326	74
1326	9130
1326	9717
1329	6052
1329	9758
1329	9952
1386	1204
1386	7028
1386	8542
1386	8544
1386	9760
1386	9830
1386	9928
1408	9628
1413	7535
1413	8018
1413	9871
1416	7440
1416	9118
1416	9189
1420	6407
1420	7782
1420	9909
1420	9920
1568	4086
1568	8836
1606	7193
1638	3869
1708	8773
1708	9661
1708	9837
1720	553
1789	2118
1789	6398
1793	9355
1793	9507
1796	7098
1796	7601
1796	7919
1796	9384
1812	4049
1812	5666
1812	5907
1812	7488
1812	9041
1826	553
1863	9375
1871	5244
1871	6474
1871	6838
1871	6885
1871	9581
1876	9568
1881	4503
1881	5189
1881	7549
1881	8553
1881	9656
1919	5694
1919	6248
1919	9904
1926	5035
1926	9638
1926	9971
1927	2547
1927	9566
1977	6709
1977	6980
1977	7672
1977	8446
1977	8553
1977	8699
1977	9464
1977	9963
1978	6558
1978	6821
1978	8820
1978	8990
1978	9320
1978	9355
1978	9407
1978	9567
2006	9156
2022	5952
2064	5451
2064	7733
2088	3775
2088	4554
2088	6663
2088	8276
2088	9564
2088	9643
2088	9823
2088	9950
2118	1789
2118	4226
2118	6398
2118	8042
2118	8735
2118	8914
2187	6924
2187	7602
2187	8657
2187	9230
2187	9483
2196	7919
2197	217
2197	335
2197	2952
2197	7334
2197	7440
2197	7768
2197	8544
2197	8735
2214	1207
2214	9309
2252	3958
2252	5053
2252	6387
2261	9507
2279	8235
2283	1055
2291	4156
2291	8424
2322	5267
2322	7443
2322	8798
2322	9139
2329	2545
2329	8373
2334	3198
2334	6946
2334	7449
2334	8059
2334	8373
2334	9139
2334	9628
2334	9972
2336	6248
2336	7441
2336	7759
2358	6017
2358	6917
2358	9645
2377	8225
2381	2537
2381	8373
2418	8617
2418	9181
2418	9926
2430	8998
2430	9190
2430	9733
2450	6869
2450	9365
2450	9566
2484	6460
2495	3137
2495	7917
2496	4294
2496	9300
2532	6525
2532	9803
2534	8931
2534	9320
2536	9201
2536	9661
2537	2381
2545	2329
2545	6043
2545	6320
2545	7193
2545	8916
2545	9996
2547	1325
2547	1927
2547	3605
2547	5517
2547	7635
2547	9858
2547	9883
2559	3775
2559	9076
2559	9923
2562	4136
2562	7549
2562	9130
2572	9096
2572	9502
2572	9848
2606	4726
2606	4793
2606	8642
2635	1087
2635	7585
2635	9714
2635	9883
2656	7768
2656	8914
2656	9830
2677	6970
2677	8162
2677	8238
2677	8919
2677	9713
2677	9771
2677	9996
2681	4294
2681	6052
2681	9696
2716	5012
2716	7781
2716	9351
2716	9749
2748	9276
2748	9664
2748	9931
2756	8017
2756	9456
2756	9733
2756	9956
2764	7285
2764	9245
2764	9309
2767	9001
2767	9130
2792	3018
2792	6917
2798	3972
2798	9220
2798	9841
2805	4156
2805	8539
2813	4080
2813	9571
2813	9841
2821	7638
2840	8088
2840	9510
2840	9883
2855	5435
2855	8752
2855	9784
2856	8235
2856	9111
2869	4836
2869	5075
2869	5267
2869	6467
2869	7672
2869	7889
2869	9139
2869	9972
2939	789
2939	5025
2939	6790
2939	8104
2939	8225
2939	9188
2939	9853
2943	335
2943	4086
2943	7549
2943	7992
2943	8668
2943	8749
2943	9638
2943	9713
2943	9719
2945	6320
2951	3653
2951	4985
2951	7889
2951	8225
2951	8847
2951	9139
2952	2197
2952	3279
2952	5896
2952	6920
2952	9161
2952	9770
2952	9803
2952	9900
2957	5451
2957	6619
2957	8137
2957	9667
2981	8081
3018	2792
3018	6054
3018	7602
3018	8162
3018	9620
3039	9878
3039	9931
3044	4136
3044	8884
3046	3972
3046	4820
3046	7972
3046	9714
3046	9758
3097	7602
3097	9292
3097	9713
3097	9945
3097	9996
3114	5169
3114	9245
3114	9532
3137	2495
3137	4041
3137	6467
3137	6651
3137	7333
3137	8537
3137	8642
3137	8650
3137	9876
3145	7759
3145	8276
3145	9643
3152	1124
3152	6842
3152	7024
3152	7443
3152	7671
3152	7887
3198	2334
3198	7671
3198	8798
3198	9139
3198	9972
3202	5952
3202	6946
3202	9543
3229	7116
3237	6474
3237	8920
3237	9630
3251	4136
3251	6020
3279	2952
3279	9900
3299	9947
3317	4226
3317	5896
3317	7105
3317	7396
3317	8891
3317	9543
3320	9309
3331	1143
3331	6913
3331	7102
3331	7506
3331	7602
3331	7890
3331	9011
3331	9020
3331	9507
3375	9041
3375	9327
3447	335
3447	1238
3447	6766
3447	7798
3447	9708
3447	9714
3447	9858
3477	3936
3477	6398
3477	7705
3477	7768
3477	8539
3477	8735
3477	9342
3493	8372
3518	5366
3518	8773
3531	8235
3531	9561
3536	9507
3536	9628
3550	4156
3550	7449
3550	8114
3550	8248
3570	4226
3570	6232
3570	7343
3573	8539
3573	9044
3583	7326
3583	8360
3583	9365
3599	5025
3599	9668
3600	4156
3605	2547
3605	8333
3605	9708
3605	9717
3637	9770
3638	9507
3646	552
3646	6709
3653	2951
3653	3919
3653	4919
3653	7024
3653	9905
3669	6254
3669	8235
3684	5422
3684	7396
3684	8257
3684	8724
3684	9360
3684	9667
3688	8253
3688	8920
3688	9070
3688	9731
3688	9948
3700	5366
3741	7285
3741	7334
3741	8820
3741	9567
3757	8041
3757	8648
3757	9037
3757	9325
3757	9423
3772	5952
3772	7015
3773	3972
3773	9900
3775	2088
3775	2559
3775	4460
3775	4486
3775	4820
3775	9568
3775	9639
3775	9714
3775	9858
3785	9883
3796	7602
3796	9201
3796	9668
3796	9837
3830	8836
3830	9032
3869	1638
3869	4904
3869	6262
3869	6576
3869	6809
3869	7635
3869	8325
3869	9288
3869	9714
3869	9858
3912	900
3912	4326
3912	6359
3912	7601
3912	8286
3919	3653
3919	4079
3919	5015
3919	5761
3919	7667
3919	8041
3919	8373
3919	9139
3919	9784
3919	9972
3927	8041
3927	9037
3927	9252
3927	9423
3932	5244
3932	6379
3932	9502
3933	7887
3933	9831
3936	3477
3936	4847
3936	7440
3936	7700
3936	8735
3936	9750
3943	5035
3943	9358
3943	9481
3958	313
3958	2252
3958	5557
3958	6196
3958	6199
3958	7452
3958	8539
3958	8812
3963	1055
3963	8545
3972	496
3972	2798
3972	3046
3972	3773
3972	4184
3972	5517
3972	6964
3972	9858
3972	9883
3972	9980
3990	4985
3990	7574
4037	6344
4037	8316
4037	9276
4037	9327
4037	9664
4041	3137
4041	9629
4043	9507
4049	1812
4049	8855
4054	7331
4054	8059
4054	8917
4054	8931
4054	9337
4054	9808
4057	5389
4057	8045
4057	9520
4057	9858
4057	9883
4079	3919
4079	4660
4079	4910
4079	8923
4080	2813
4080	9571
4084	7638
4084	8389
4086	1568
4086	2943
4086	6305
4086	6619
4086	6899
4086	9058
4086	9719
4086	9971
4114	6398
4114	8914
4114	9652
4114	9923
4123	4972
4123	6288
4123	6320
4123	8181
4123	9945
4123	9996
4136	2562
4136	3044
4136	3251
4136	4274
4136	7231
4136	9130
4136	9714
4142	9041
4142	9327
4145	5025
4145	9455
4148	8545
4148	9146
4148	9481
4148	10000
4155	5679
4155	7887
4156	2291
4156	2805
4156	3550
4156	3600
4156	7343
4156	7449
4156	7919
4156	8248
4156	8389
4156	9191
4164	1325
4164	9220
4174	5761
4174	9384
4184	3972
4184	8709
4207	9253
4207	9365
4217	1140
4217	6422
4217	7115
4224	6809
4224	8619
4226	2118
4226	3317
4226	3570
4226	7809
4226	8059
4226	9844
4249	9155
4249	9750
4249	9952
4268	5952
4268	7581
4268	8137
4268	9713
4268	9945
4268	9996
4274	4136
4274	7231
4294	384
4294	2496
4294	2681
4294	6766
4294	7116
4294	9569
4294	9714
4294	9745
4294	9858
4294	9883
4318	7581
4318	7602
4318	9713
4318	9807
4318	9945
4318	9996
4326	3912
4326	8225
4326	9708
4326	9717
4328	9139
4373	9058
4373	9581
4392	9639
4392	9696
4422	4972
4436	5166
4436	9245
4436	9252
4436	9620
4436	9826
4440	7638
4440	8161
4440	9923
4460	3775
4486	1238
4486	3775
4486	6809
4486	6964
4486	9714
4486	9883
4503	1881
4503	5267
4514	5265
4514	8088
4514	9284
4514	9493
4519	8225
4535	6899
4554	2088
4554	8470
4554	9950
4579	552
4579	6246
4579	7638
4579	9020
4590	6183
4590	7630
4590	9428
4594	6548
4594	8668
4594	9249
4594	9638
4594	9971
4611	9032
4611	9230
4636	8373
4636	9428
4660	4079
4660	7971
4660	8779
4660	9453
4660	9606
4662	7285
4662	7861
4702	8453
4726	2606
4726	8920
4726	9638
4726	9719
4726	9971
4766	5244
4793	2606
4793	6121
4793	7870
4793	9645
4793	9749
4795	9520
4795	9571
4798	9360
4814	7396
4814	9677
4820	3046
4820	3775
4820	5244
4820	5389
4820	9713
4820	9883
4836	2869
4836	9609
4847	3936
4879	9190
4879	9516
4879	9930
4885	5920
4885	8372
4885	9643
4894	8923
4904	3869
4904	9771
4910	4079
4910	8388
4919	3653
4919	4985
4919	7443
4919	8702
4919	8847
4919	9972
4941	5386
4941	8018
4941	9909
4964	127
4964	9713
4972	4123
4972	4422
4972	5617
4972	6065
4972	9070
4972	9713
4972	9945
4972	9996
4985	1124
4985	2951
4985	3990
4985	4919
4985	5115
4985	7111
4985	7698
4985	8225
4985	8373
4985	9510
4985	9972
4994	9190
4995	5839
4995	7759
5004	5323
5004	5952
5008	500
5008	9770
5012	127
5012	2716
5012	6422
5015	3919
5015	6567
5019	7548
5025	2939
5025	3599
5025	4145
5025	5651
5025	6292
5025	7114
5025	7407
5025	7975
5025	9668
5025	9796
5025	9858
5032	6248
5035	663
5035	1298
5035	1926
5035	3943
5035	6619
5035	6885
5035	7426
5035	7743
5035	8439
5035	8802
5035	9638
5035	9971
5053	2252
5053	9883
5067	7861
5067	8202
5067	8650
5067	9628
5067	9757
5071	6121
5071	7238
5071	8951
5075	2869
5075	6344
5075	7024
5075	8225
5075	8373
5075	8599
5075	8847
5075	9111
5075	9972
5086	900
5086	8998
5088	9309
5088	9662
5088	9845
5112	6179
5112	6619
5112	7301
5112	7565
5112	8528
5112	8668
5112	9193
5112	9638
5112	9971
5115	4985
5115	6964
5133	6344
5133	9108
5166	4436
5166	6052
5166	9826
5169	3114
5169	6727
5169	8834
5169	9245
5181	8758
5181	9342
5189	1881
5189	5778
5189	6980
5189	7015
5189	7393
5189	7672
5189	7794
5189	8836
5189	9656
5189	9781
5203	9568
5220	9931
5226	9342
5244	1871
5244	3932
5244	4766
5244	4820
5244	5305
5244	6424
5244	6766
5244	7548
5244	7635
5244	7798
5244	9714
5244	9883
5249	6232
5249	7076
5251	8989
5251	9002
5251	9823
5252	7396
5252	8472
5252	9305
5252	9652
5252	9739
5265	1081
5265	4514
5265	8884
5265	8919
5265	9284
5265	9384
5265	9493
5265	9859
5265	9992
5267	2322
5267	2869
5267	4503
5267	6590
5267	6651
5267	6842
5267	8018
5267	8779
5267	8847
5267	9507
5267	9561
5267	9972
5278	8059
5278	9631
5278	9844
5279	5436
5279	7066
5279	7238
5279	9032
5279	9719
5305	5244
5305	9760
5309	551
5309	8582
5309	9713
5316	6201
5316	7396
5316	9201
5316	9661
5316	9837
5321	8225
5321	8798
5323	5004
5323	9299
5323	9533
5366	810
5366	3518
5366	3700
5366	5644
5366	5844
5366	6011
5366	7158
5366	8292
5366	8773
5366	9156
5366	9489
5366	9631
5382	8872
5382	9020
5382	9245
5382	9924
5386	4941
5386	8916
5386	9760
5389	4057
5389	4820
5389	6262
5389	6809
5389	7116
5389	8601
5389	9714
5415	9139
5421	8453
5421	8682
5421	9149
5421	9986
5422	3684
5427	5673
5427	6248
5427	6576
5427	6794
5427	9418
5435	2855
5435	7116
5435	7967
5436	5279
5443	7890
5443	9507
5451	2064
5451	2957
5451	6041
5451	7283
5451	7733
5451	8151
5451	9383
5451	9858
5452	6065
5452	6460
5488	9299
5488	9781
5512	6684
5512	9139
5512	9423
5512	9528
5512	9629
5512	9876
5517	2547
5517	3972
5517	7972
5517	9858
5523	9770
5523	9900
5529	7782
5529	9118
5557	825
5557	3958
5557	6572
5557	6985
5557	7227
5557	7301
5557	7743
5557	8668
5557	8749
5557	9500
5557	9580
5557	9719
5557	9971
5583	9002
5583	9920
5617	4972
5617	9058
5644	5366
5644	7158
5651	5025
5651	6028
5651	6916
5653	8299
5653	8542
5653	8735
5653	9830
5656	8333
5656	9639
5656	9900
5666	1812
5673	5427
5673	5694
5673	6248
5673	7441
5673	9418
5678	6709
5678	7174
5678	7661
5678	8059
5678	9760
5679	973
5679	4155
5679	9058
5679	9581
5687	7887
5687	8776
5687	9305
5687	9510
5687	9652
5687	9739
5694	1919
5694	5673
5694	6576
5694	7169
5694	7441
5694	7759
5694	9418
5695	6322
5695	9365
5705	8891
5705	9969
5734	9507
5751	8017
5757	8752
5757	9220
5757	9384
5757	9456
5757	9623
5761	3919
5761	4174
5761	7671
5761	8225
5761	8373
5761	8798
5761	9327
5761	9358
5761	9972
5764	7207
5764	7887
5764	9305
5764	9652
5764	9739
5777	7743
5777	9309
5777	9580
5778	5189
5778	9904
5803	6709
5803	7549
5803	8553
5803	9535
5803	9656
5815	8916
5815	9346
5815	9692
5827	9041
5827	9327
5835	8412
5835	9826
5839	4995
5839	8325
5844	5366
5844	9284
5856	1055
5856	9905
5856	9928
5858	6248
5858	8350
5884	7028
5884	9219
5884	9628
5884	9757
5890	7436
5890	7768
5890	7781
5890	9303
5896	2952
5896	3317
5896	9543
5907	1812
5907	9535
5920	551
5920	4885
5934	6262
5943	7782
5943	9814
5945	7285
5945	8820
5945	8834
5945	9320
5945	9567
5945	9656
5952	1174
5952	2022
5952	3202
5952	3772
5952	4268
5952	5004
5952	6020
5952	6320
5952	7602
5952	8181
5952	9713
5952	9945
5952	9948
5952	9996
5953	6720
5953	7759
5953	9631
5970	6183
5970	8619
5970	9773
5987	6248
5987	6322
5992	8920
5992	9502
6011	5366
6011	6869
6016	900
6016	8286
6016	9859
6017	2358
6017	6306
6017	6794
6017	8752
6017	9044
6017	9188
6017	9664
6017	9963
6020	3251
6020	5952
6020	9296
6028	464
6028	5651
6028	8412
6028	8735
6028	9954
6041	5451
6041	9428
6043	2545
6043	6320
6043	6970
6043	8544
6043	8919
6043	9945
6043	9996
6052	1329
6052	2681
6052	5166
6052	9713
6052	9758
6054	3018
6054	9945
6065	4972
6065	5452
6065	7183
6065	7581
6065	8424
6065	8919
6065	9111
6065	9692
6065	9945
6095	7333
6095	7393
6108	9883
6121	127
6121	4793
6121	5071
6121	6232
6121	7238
6121	8658
6121	8998
6121	9190
6121	9516
6121	9528
6127	7349
6127	9714
6139	8017
6176	7116
6176	9205
6176	9593
6179	5112
6179	7548
6179	9342
6183	4590
6183	5970
6183	9139
6183	9550
6183	9743
6183	9905
6196	3958
6199	3958
6199	9677
6199	9972
6201	5316
6201	7602
6201	8476
6201	9253
6201	9677
6201	9878
6201	9963
6214	9461
6214	9883
6232	272
6232	3570
6232	5249
6232	6121
6243	745
6243	6709
6243	6766
6243	7015
6243	7672
6243	8553
6246	1325
6246	4579
6246	7343
6246	8114
6246	8248
6246	9796
6248	1058
6248	1919
6248	2336
6248	5032
6248	5427
6248	5673
6248	5858
6248	5987
6248	7169
6248	7349
6248	7441
6248	7759
6248	7888
6248	9418
6251	9358
6251	9571
6252	7488
6252	9041
6254	1140
6254	3669
6254	9461
6254	9876
6257	8372
6257	9662
6262	3869
6262	5389
6262	5934
6262	6766
6262	8088
6262	9858
6262	9883
6268	6912
6268	7116
6268	7798
6268	9593
6268	9714
6268	9883
6283	8920
6288	4123
6288	7602
6288	9713
6288	9945
6288	9996
6292	5025
6292	9668
6292	9731
6292	9853
6305	4086
6305	7207
6305	7887
6305	8472
6305	9305
6305	9739
6306	6017
6306	7227
6306	9848
6310	8990
6310	9365
6320	2545
6320	2945
6320	4123
6320	5952
6320	6043
6320	7193
6320	8304
6320	8545
6320	8702
6320	8878
6320	9945
6322	5695
6322	5987
6322	8322
6322	9365
6322	9609
6322	9630
6337	9190
6337	9383
6344	781
6344	4037
6344	5075
6344	5133
6344	6480
6344	7040
6344	9931
6350	7667
6350	8041
6350	9037
6350	9096
6350	9325
6351	285
6351	6838
6351	7440
6351	9058
6351	9346
6351	9581
6353	7285
6353	9002
6353	9731
6359	3912
6359	8137
6359	9567
6359	9580
6372	8288
6372	8470
6372	9457
6372	9535
6372	9980
6379	3932
6379	7638
6379	9613
6387	2252
6387	7436
6387	7581
6387	8539
6387	8735
6388	1238
6388	6809
6388	9593
6388	9858
6397	7535
6397	7602
6398	952
6398	1789
6398	2118
6398	3477
6398	4114
6398	7440
6398	7887
6398	8735
6398	8914
6398	9489
6400	7759
6400	9909
6407	1420
6422	4217
6422	5012
6424	5244
6424	8943
6430	8658
6457	6651
6457	6842
6457	7443
6457	8373
6457	8798
6457	8847
6457	9041
6457	9972
6460	284
6460	2484
6460	5452
6460	6910
6460	7193
6460	7533
6460	7602
6460	7794
6460	8181
6460	9502
6460	9713
6460	9828
6460	9945
6460	9964
6460	9996
6463	7638
6467	2869
6467	3137
6467	7759
6474	1871
6474	3237
6474	9568
6480	6344
6480	7040
6480	9703
6525	2532
6525	8373
6548	4594
6548	6705
6548	9041
6558	1978
6558	9757
6567	5015
6572	5557
6572	7169
6572	8472
6572	8807
6572	9311
6572	9507
6574	8422
6574	9044
6574	9733
6574	9956
6576	3869
6576	5427
6576	5694
6576	9288
6576	9418
6580	6586
6580	7535
6580	8018
6580	9296
6580	9871
6580	9931
6586	6580
6586	7158
6586	8773
6586	9156
6586	9532
6590	5267
6590	9564
6609	8658
6609	9743
6619	142
6619	2957
6619	4086
6619	5035
6619	5112
6619	7301
6619	8668
6619	8749
6619	9719
6651	553
6651	3137
6651	5267
6651	6457
6651	7782
6651	8225
6651	8373
6651	8798
6651	8847
6651	9972
6663	2088
6663	9044
6663	9784
6663	9950
6684	5512
6687	7794
6687	8316
6687	8776
6687	9299
6696	8017
6696	8317
6696	9031
6696	9696
6696	9784
6701	8373
6701	8812
6705	6548
6705	7919
6706	9299
6709	1977
6709	3646
6709	5678
6709	5803
6709	6243
6709	7015
6709	7549
6709	8412
6709	8553
6709	8920
6709	9520
6709	9656
6709	9814
6712	1055
6712	7500
6712	9905
6712	10000
6716	8923
6716	9130
6716	9845
6720	5953
6727	5169
6727	6910
6727	7548
6727	9245
6727	9532
6749	7676
6749	8412
6749	8782
6749	8878
6749	9722
6749	9866
6766	3447
6766	4294
6766	5244
6766	6243
6766	6262
6766	7972
6766	8045
6766	9593
6766	9656
6766	9883
6767	236
6767	7075
6767	9532
6790	2939
6790	9188
6790	9853
6794	217
6794	5427
6794	6017
6794	7441
6794	9418
6794	9892
6809	687
6809	3869
6809	4224
6809	4486
6809	5389
6809	6388
6809	6964
6809	7116
6809	8769
6809	9179
6809	9593
6809	9883
6814	7102
6814	7169
6814	8335
6814	9507
6821	1978
6821	8617
6824	8545
6824	9146
6828	8989
6828	9407
6828	9971
6829	9111
6838	1871
6838	6351
6838	7425
6838	7861
6838	8885
6838	9188
6838	9346
6842	3152
6842	5267
6842	6457
6842	7671
6842	7889
6842	8373
6842	8847
6842	9972
6869	1204
6869	2450
6869	6011
6885	1871
6885	5035
6885	9581
6899	4086
6899	4535
6899	8081
6910	6460
6910	6727
6910	7075
6910	7672
6910	9245
6910	9532
6911	7193
6911	8802
6911	9771
6912	6268
6912	7116
6913	3331
6916	5651
6916	8885
6916	9111
6916	9539
6917	2358
6917	2792
6917	7638
6917	8752
6920	2952
6920	8758
6920	9189
6920	9947
6920	9954
6924	2187
6924	8657
6924	9483
6924	9722
6924	9853
6946	973
6946	1204
6946	2334
6946	3202
6946	9143
6946	9930
6964	3972
6964	4486
6964	5115
6964	6809
6964	9593
6964	9883
6970	2677
6970	6043
6970	7602
6970	8919
6970	9309
6970	9713
6970	9996
6980	1977
6980	5189
6980	7393
6980	7672
6980	8553
6980	9428
6985	5557
7015	3772
7015	5189
7015	6243
7015	6709
7015	7672
7024	3152
7024	3653
7024	5075
7024	7671
7024	7889
7024	8798
7024	9139
7024	9375
7024	9548
7024	9972
7028	1386
7028	5884
7028	8828
7028	9757
7028	9931
7040	6344
7040	6480
7040	7667
7040	7733
7062	551
7062	9161
7062	9883
7062	9928
7066	5279
7066	9782
7074	1147
7074	9046
7074	9807
7074	9872
7074	9883
7074	9928
7075	6767
7075	6910
7075	8820
7075	9245
7075	9532
7076	5249
7076	7558
7076	8802
7076	9568
7076	9630
7084	7602
7084	9593
7098	1796
7098	7601
7098	8422
7098	9384
7102	3331
7102	6814
7102	7626
7102	9548
7105	3317
7105	7183
7105	7396
7105	9042
7105	9111
7105	9360
7105	9543
7111	4985
7111	9770
7111	9900
7114	5025
7114	9668
7114	9771
7115	4217
7115	9022
7115	9859
7116	3229
7116	4294
7116	5389
7116	5435
7116	6176
7116	6268
7116	6809
7116	6912
7116	7972
7116	9593
7116	9714
7116	9773
7116	9858
7158	5366
7158	5644
7158	6586
7158	8773
7169	5694
7169	6248
7169	6572
7169	6814
7174	5678
7174	9760
7183	6065
7183	7105
7183	9543
7183	9803
7193	1606
7193	2545
7193	6320
7193	6460
7193	6911
7193	7581
7193	8529
7193	8919
7193	9713
7193	9996
7207	5764
7207	6305
7207	7887
7207	9652
7207	9671
7207	9719
7207	9739
7208	9311
7208	9623
7208	9631
7208	9870
7227	5557
7227	6306
7227	9489
7231	4136
7231	4274
7238	5071
7238	5279
7238	6121
7238	8998
7238	9190
7238	9516
7238	9972
7268	7285
7268	7334
7268	8820
7268	8989
7268	8990
7268	9320
7268	9567
7283	5451
7283	7393
7283	8033
7283	8109
7283	8181
7285	2764
7285	3741
7285	4662
7285	5945
7285	6353
7285	7268
7285	7334
7285	8286
7285	8820
7285	8834
7285	9320
7285	9567
7301	5112
7301	5557
7301	6619
7301	9638
7301	9719
7301	9971
7326	3583
7326	8214
7326	8857
7326	9229
7326	9365
7328	9571
7331	4054
7333	3137
7333	6095
7334	900
7334	2197
7334	3741
7334	7268
7334	7285
7334	7794
7334	8317
7334	8834
7334	8990
7334	9320
7334	9567
7334	9980
7343	3570
7343	4156
7343	6246
7343	7449
7343	8114
7343	9032
7349	6127
7349	6248
7349	7672
7356	7574
7356	7950
7356	8322
7356	8857
7356	9365
7364	1203
7364	7549
7374	7638
7393	308
7393	5189
7393	6095
7393	6980
7393	7283
7393	7442
7393	7549
7393	9656
7396	3317
7396	3684
7396	4814
7396	5252
7396	5316
7396	7105
7396	8257
7396	9002
7396	9042
7396	9139
7396	9360
7396	9735
7396	9952
7407	5025
7407	9770
7407	9900
7417	9845
7417	9996
7418	9628
7425	6838
7425	9058
7425	9346
7426	313
7426	5035
7436	5890
7436	6387
7436	8212
7436	9303
7436	9309
7436	9823
7440	1416
7440	2197
7440	3936
7440	6351
7440	6398
7440	7700
7440	7768
7440	8914
7440	9084
7440	9096
7440	9571
7440	9656
7441	2336
7441	5673
7441	5694
7441	6248
7441	6794
7441	7759
7441	9418
7442	7393
7442	7672
7442	9188
7442	9656
7442	9878
7443	2322
7443	3152
7443	4919
7443	6457
7443	7671
7443	8225
7443	8847
7443	9037
7443	9972
7449	2334
7449	3550
7449	4156
7449	7343
7449	7919
7449	8114
7449	9986
7452	3958
7470	8059
7470	8589
7470	8694
7470	8995
7470	9631
7488	1812
7488	6252
7500	6712
7500	9803
7500	9823
7506	3331
7506	7630
7506	8995
7506	9418
7506	9858
7527	9568
7533	6460
7533	9803
7533	9952
7535	1413
7535	6397
7535	6580
7535	8018
7535	9296
7535	9871
7538	8998
7544	7587
7544	8018
7544	8563
7544	9296
7544	9871
7548	5019
7548	5244
7548	6179
7548	6727
7548	8570
7549	1881
7549	2562
7549	2943
7549	5803
7549	6709
7549	7364
7549	7393
7549	7672
7549	8017
7549	8617
7549	9731
7549	9848
7558	7076
7558	8350
7558	9041
7565	5112
7567	8209
7567	9568
7574	3990
7574	7356
7574	8836
7581	4268
7581	4318
7581	6065
7581	6387
7581	7193
7581	8181
7581	8951
7581	9945
7581	9996
7582	7667
7582	8104
7582	8325
7585	2635
7587	7544
7587	7672
7587	8018
7587	8658
7587	9296
7587	9871
7589	8735
7589	9507
7601	1796
7601	3912
7601	7098
7601	7919
7601	9020
7602	2187
7602	3018
7602	3097
7602	3331
7602	3796
7602	4318
7602	5952
7602	6201
7602	6288
7602	6397
7602	6460
7602	6970
7602	7084
7602	8919
7602	9351
7602	9504
7602	9713
7626	1143
7626	7102
7626	7890
7626	8563
7626	8807
7626	9507
7626	9758
7630	4590
7630	7506
7630	9507
7635	2547
7635	3869
7635	5244
7635	7798
7635	8045
7635	9593
7635	9628
7635	9714
7635	9858
7635	9883
7638	552
7638	745
7638	2821
7638	4084
7638	4440
7638	4579
7638	6379
7638	6463
7638	6917
7638	7374
7638	8453
7638	8872
7638	9539
7638	9579
7650	9883
7657	8017
7657	9044
7657	9514
7657	9708
7657	9733
7661	5678
7661	8227
7661	9628
7661	9760
7664	7782
7664	9074
7667	3919
7667	6350
7667	7040
7667	7582
7671	3152
7671	3198
7671	5761
7671	6842
7671	7024
7671	7443
7671	7889
7671	8373
7671	8847
7671	9020
7671	9139
7672	1977
7672	2869
7672	5189
7672	6243
7672	6910
7672	6980
7672	7015
7672	7349
7672	7442
7672	7549
7672	7587
7672	9656
7676	6749
7676	8412
7676	8782
7676	9722
7676	9826
7676	9866
7698	663
7698	4985
7698	8723
7698	9964
7700	335
7700	3936
7700	7440
7700	7768
7700	8735
7700	8914
7705	3477
7730	9383
7730	9510
7730	9986
7733	2064
7733	5451
7733	7040
7733	8151
7733	8919
7733	9956
7743	5035
7743	5557
7743	5777
7743	8668
7743	8943
7743	9076
7743	9719
7743	9971
7759	61
7759	217
7759	2336
7759	3145
7759	4995
7759	5694
7759	5953
7759	6248
7759	6400
7759	6467
7759	7441
7759	8227
7759	9418
7759	9731
7759	9879
7768	2197
7768	2656
7768	3477
7768	5890
7768	7440
7768	7700
7768	8735
7768	8914
7768	9286
7781	2716
7781	5890
7781	8212
7781	8800
7781	9139
7781	9303
7781	9309
7782	276
7782	1420
7782	5529
7782	5943
7782	6651
7782	7664
7782	9118
7782	9844
7794	5189
7794	6460
7794	6687
7794	7334
7794	8088
7794	8316
7794	9613
7794	9735
7798	3447
7798	5244
7798	6268
7798	7635
7798	7972
7798	8045
7798	9593
7798	9714
7798	9883
7805	900
7805	8286
7805	8989
7805	9859
7809	4226
7809	8059
7809	9631
7830	8059
7830	9796
7848	9216
7848	9719
7848	9731
7861	4662
7861	5067
7861	6838
7861	8828
7861	9219
7865	8142
7865	8575
7865	8749
7865	9351
7865	9609
7865	9662
7869	8878
7869	9070
7869	9731
7869	9948
7870	4793
7870	8041
7870	9645
7872	9058
7872	9346
7875	7970
7875	8373
7875	9568
7875	9859
7887	327
7887	3152
7887	3933
7887	4155
7887	5687
7887	5764
7887	6305
7887	6398
7887	7207
7887	8472
7887	8540
7887	8776
7887	8820
7887	9181
7887	9305
7887	9652
7887	9739
7888	6248
7888	9696
7888	9814
7889	2869
7889	2951
7889	6842
7889	7024
7889	7671
7889	8225
7889	8373
7889	8847
7889	9139
7889	9972
7890	3331
7890	5443
7890	7626
7890	8335
7890	9507
7917	2495
7917	9428
7917	9571
7917	9796
7919	1080
7919	1796
7919	2196
7919	4156
7919	6705
7919	7449
7919	7601
7919	8114
7919	8248
7919	9031
7919	9535
7925	8699
7925	9247
7925	9299
7925	9609
7950	7356
7950	8923
7950	9032
7950	9229
7950	9365
7967	1203
7967	5435
7967	8453
7970	7875
7970	8304
7970	8317
7970	9031
7970	9784
7970	9831
7971	4660
7971	9286
7972	3046
7972	5517
7972	6766
7972	7116
7972	7798
7972	8045
7972	9714
7972	9883
7975	5025
7975	8350
7991	9567
7991	9831
7992	2943
7992	9870
8017	553
8017	2756
8017	5751
8017	6139
8017	6696
8017	7549
8017	7657
8017	8422
8017	8442
8017	9044
8017	9428
8017	9514
8017	9956
8018	1413
8018	4941
8018	5267
8018	6580
8018	7535
8018	7544
8018	7587
8018	8674
8018	8699
8018	9296
8018	9703
8018	9871
8030	8227
8030	9217
8030	9300
8030	9639
8033	1325
8033	7283
8033	8304
8041	3757
8041	3919
8041	3927
8041	6350
8041	7870
8041	8372
8041	9037
8041	9096
8041	9325
8041	9423
8042	2118
8042	8331
8042	9201
8042	9661
8042	9703
8042	9837
8045	4057
8045	6766
8045	7635
8045	7798
8045	7972
8045	9481
8045	9593
8045	9714
8045	9883
8059	2334
8059	4054
8059	4226
8059	5278
8059	5678
8059	7470
8059	7809
8059	7830
8059	8589
8059	8995
8059	9631
8059	9844
8081	2981
8081	6899
8081	8694
8081	9143
8088	2840
8088	4514
8088	6262
8088	7794
8088	8427
8088	9828
8104	2939
8104	7582
8109	1325
8109	7283
8109	9149
8109	9567
8114	3550
8114	6246
8114	7343
8114	7449
8114	7919
8137	2957
8137	4268
8137	6359
8137	8926
8137	9139
8137	9284
8137	9516
8137	9667
8142	7865
8142	9179
8142	9351
8151	5451
8151	7733
8151	9022
8151	9428
8151	9717
8161	4440
8161	8202
8161	9528
8162	2677
8162	3018
8162	9620
8181	4123
8181	5952
8181	6460
8181	7283
8181	7581
8181	9713
8181	9945
8181	9996
8202	5067
8202	8161
8209	874
8209	7567
8209	9568
8212	7436
8212	7781
8212	8800
8212	9303
8212	9309
8212	9839
8214	7326
8214	9111
8225	553
8225	1140
8225	2377
8225	2939
8225	2951
8225	4326
8225	4519
8225	4985
8225	5075
8225	5321
8225	5761
8225	6651
8225	7443
8225	7889
8225	8694
8225	8798
8225	9108
8225	9296
8225	9696
8225	9831
8225	9972
8227	7661
8227	7759
8227	8030
8227	8292
8227	9286
8227	9760
8235	464
8235	2279
8235	2856
8235	3531
8235	3669
8235	8951
8235	9111
8235	9244
8235	9281
8235	9839
8235	9904
8235	9923
8238	2677
8248	3550
8248	4156
8248	6246
8248	7919
8248	9205
8248	9931
8253	3688
8253	9070
8253	9731
8253	9948
8257	3684
8257	7396
8276	2088
8276	3145
8276	9146
8286	236
8286	3912
8286	6016
8286	7285
8286	7805
8286	8546
8286	9859
8288	6372
8288	8470
8288	9457
8288	9980
8292	5366
8292	8227
8299	5653
8299	8544
8299	9830
8304	6320
8304	7970
8304	8033
8304	8372
8304	9046
8304	9155
8304	9311
8304	9745
8304	9904
8310	9623
8310	9870
8316	4037
8316	6687
8316	7794
8317	6696
8317	7334
8317	7970
8317	9031
8317	9784
8322	6322
8322	7356
8322	8857
8322	9229
8322	9365
8322	9786
8325	3869
8325	5839
8325	7582
8325	9483
8325	9543
8325	9645
8331	8042
8331	9058
8331	9191
8333	3605
8333	5656
8333	8570
8333	9504
8333	9510
8333	9871
8335	6814
8335	7890
8335	9507
8350	1140
8350	5858
8350	7558
8350	7975
8350	8995
8350	9534
8350	9631
8350	9844
8360	3583
8360	8709
8360	9229
8360	9365
8372	3493
8372	4885
8372	6257
8372	8041
8372	8304
8372	9046
8372	9130
8372	9311
8372	9739
8373	882
8373	2329
8373	2334
8373	2381
8373	3919
8373	4636
8373	4985
8373	5075
8373	5761
8373	6457
8373	6525
8373	6651
8373	6701
8373	6842
8373	7671
8373	7875
8373	7889
8373	8723
8373	8916
8373	9139
8373	9481
8373	9534
8373	9947
8373	9972
8388	4910
8388	8599
8388	9276
8388	9457
8389	4084
8389	4156
8412	5835
8412	6028
8412	6709
8412	6749
8412	7676
8412	8782
8412	9722
8412	9866
8422	6574
8422	7098
8422	8017
8422	9514
8422	9733
8422	9956
8424	2291
8424	6065
8424	9920
8427	217
8427	8088
8427	8601
8427	9249
8427	9828
8427	9878
8439	5035
8439	9220
8442	8017
8442	8617
8442	8931
8442	9181
8446	1977
8453	430
8453	903
8453	4702
8453	5421
8453	7638
8453	7967
8453	8682
8453	9149
8453	9713
8457	9191
8457	9309
8457	9351
8457	9355
8467	9535
8470	217
8470	4554
8470	6372
8470	8288
8470	8752
8470	9457
8470	9980
8472	5252
8472	6305
8472	6572
8472	7887
8472	8776
8472	9305
8472	9652
8472	9739
8476	6201
8476	8575
8476	9722
8476	9872
8528	663
8528	5112
8528	8668
8528	9719
8528	9823
8528	9971
8529	7193
8529	9407
8532	9456
8537	3137
8537	9510
8539	552
8539	2805
8539	3477
8539	3573
8539	3958
8539	6387
8540	1174
8540	7887
8540	9703
8540	9807
8542	1386
8542	5653
8542	8544
8542	9011
8542	9190
8542	9830
8544	1386
8544	2197
8544	6043
8544	8299
8544	8542
8544	8766
8544	9011
8544	9076
8544	9782
8544	9830
8544	9904
8545	500
8545	582
8545	3963
8545	4148
8545	6320
8545	6824
8545	9146
8546	900
8546	8286
8546	9859
8553	1881
8553	1977
8553	5803
8553	6243
8553	6709
8553	6980
8553	9656
8563	7544
8563	7626
8563	9042
8563	9803
8570	7548
8570	8333
8570	9504
8570	9510
8575	7865
8575	8476
8582	5309
8589	7470
8589	8059
8589	8995
8589	9155
8589	9631
8589	9844
8599	5075
8599	8388
8599	9656
8601	5389
8601	8427
8601	9828
8617	2418
8617	6821
8617	7549
8617	8442
8617	9286
8617	9456
8619	4224
8619	5970
8619	8758
8619	9130
8642	2606
8642	3137
8642	8650
8642	8861
8642	9629
8648	3757
8648	9156
8650	3137
8650	5067
8650	8642
8650	8861
8650	9629
8650	9876
8657	2187
8657	6924
8657	9247
8657	9828
8657	9924
8658	6121
8658	6430
8658	6609
8658	7587
8658	8836
8658	9242
8658	9281
8668	663
8668	2943
8668	4594
8668	5112
8668	5557
8668	6619
8668	7743
8668	8528
8668	8749
8668	9031
8668	9461
8668	9535
8668	9638
8668	9719
8668	9733
8668	9971
8674	8018
8674	9500
8674	9781
8682	5421
8682	8453
8682	9149
8694	7470
8694	8081
8694	8225
8694	8995
8694	9631
8694	9808
8694	9844
8694	9996
8699	830
8699	1977
8699	7925
8699	8018
8699	9996
8702	4919
8702	6320
8707	8914
8707	9883
8709	4184
8709	8360
8709	8766
8709	9662
8709	9731
8723	7698
8723	8373
8723	9337
8723	9948
8723	9964
8724	3684
8724	8834
8724	9058
8735	335
8735	2118
8735	2197
8735	3477
8735	3936
8735	5653
8735	6028
8735	6387
8735	6398
8735	7589
8735	7700
8735	7768
8735	8914
8749	142
8749	2943
8749	5557
8749	6619
8749	7865
8749	8668
8749	9638
8749	9719
8749	9971
8752	2855
8752	5757
8752	6017
8752	6917
8752	8470
8758	5181
8758	6920
8758	8619
8758	9947
8758	9954
8766	8544
8766	8709
8766	8920
8766	9074
8766	9733
8769	6809
8769	9493
8769	9823
8773	1708
8773	3518
8773	5366
8773	6586
8773	7158
8773	9156
8773	9871
8776	5687
8776	6687
8776	7887
8776	8472
8776	9305
8776	9652
8776	9739
8779	4660
8779	5267
8779	9606
8782	6749
8782	7676
8782	8412
8782	9722
8782	9866
8798	1124
8798	1140
8798	2322
8798	3198
8798	5321
8798	5761
8798	6457
8798	6651
8798	7024
8798	8225
8798	8847
8798	9139
8798	9972
8800	1207
8800	7781
8800	8212
8800	9303
8800	9309
8800	9456
8800	9609
8802	5035
8802	6911
8802	7076
8802	9771
8807	6572
8807	7626
8807	9472
8807	9507
8812	3958
8812	6701
8812	9980
8820	1978
8820	3741
8820	5945
8820	7075
8820	7268
8820	7285
8820	7887
8820	8834
8820	8990
8820	9320
8820	9346
8820	9567
8820	9796
8820	10000
8828	508
8828	7028
8828	7861
8828	9219
8828	9303
8828	9628
8828	9743
8828	9757
8834	5169
8834	5945
8834	7285
8834	7334
8834	8724
8834	8820
8834	8990
8834	9320
8834	9567
8836	1568
8836	3830
8836	5189
8836	7574
8836	8658
8836	9628
8847	2951
8847	4919
8847	5075
8847	5267
8847	6457
8847	6651
8847	6842
8847	7443
8847	7671
8847	7889
8847	8798
8847	9139
8847	9252
8847	9807
8847	9972
8855	4049
8855	9883
8857	7326
8857	7356
8857	8322
8857	9365
8861	8642
8861	8650
8861	9031
8861	9629
8861	9692
8861	9870
8872	5382
8872	7638
8872	9020
8872	9489
8872	9579
8878	284
8878	6320
8878	6749
8878	7869
8878	9548
8884	3044
8884	5265
8884	9327
8885	6838
8885	6916
8885	9155
8885	9539
8885	9931
8891	3317
8891	5705
8891	9858
8891	9924
8891	9969
8914	335
8914	2118
8914	2656
8914	4114
8914	6398
8914	7440
8914	7700
8914	7768
8914	8707
8914	8735
8916	2545
8916	5386
8916	5815
8916	8373
8916	9662
8917	4054
8917	9244
8917	9731
8917	9807
8917	9872
8919	2677
8919	5265
8919	6043
8919	6065
8919	6970
8919	7193
8919	7602
8919	7733
8919	9643
8919	9945
8919	9996
8920	3237
8920	3688
8920	4726
8920	5992
8920	6283
8920	6709
8920	8766
8920	9045
8920	9074
8920	9418
8920	9845
8923	4079
8923	4894
8923	6716
8923	7950
8926	8137
8926	9620
8926	9638
8931	2534
8931	4054
8931	8442
8931	8989
8943	6424
8943	7743
8943	9803
8943	9871
8951	5071
8951	7581
8951	8235
8951	9111
8951	9190
8951	9244
8951	9281
8951	9464
8951	9656
8951	9904
8989	5251
8989	6828
8989	7268
8989	7805
8989	8931
8989	9423
8990	593
8990	1978
8990	6310
8990	7268
8990	7334
8990	8820
8990	8834
8990	9320
8990	9428
8990	9567
8990	9638
8995	7470
8995	7506
8995	8059
8995	8350
8995	8589
8995	8694
8995	9631
8995	9844
8998	563
8998	2430
8998	5086
8998	6121
8998	7238
8998	7538
8998	9190
8998	9516
8998	9826
8998	9871
9001	384
9001	2767
9001	9037
9001	9130
9002	5251
9002	5583
9002	6353
9002	7396
9002	9510
9002	9823
9011	3331
9011	8542
9011	8544
9011	9830
9020	3331
9020	4579
9020	5382
9020	7601
9020	7671
9020	8872
9020	9579
9022	7115
9022	8151
9022	9299
9022	9564
9031	6696
9031	7919
9031	7970
9031	8317
9031	8668
9031	8861
9031	9032
9031	9784
9032	3830
9032	4611
9032	5279
9032	7343
9032	7950
9032	9031
9032	9037
9032	9299
9037	3757
9037	3927
9037	6350
9037	7443
9037	8041
9037	9001
9037	9032
9037	9096
9037	9325
9037	9423
9041	1812
9041	3375
9041	4142
9041	5827
9041	6252
9041	6457
9041	6548
9041	7558
9041	9327
9041	9638
9041	9663
9041	9773
9042	165
9042	7105
9042	7396
9042	8563
9042	9360
9042	9662
9042	9956
9044	3573
9044	6017
9044	6574
9044	6663
9044	7657
9044	8017
9044	9514
9044	9733
9044	9956
9045	8920
9045	9528
9046	7074
9046	8304
9046	8372
9046	9311
9058	113
9058	628
9058	973
9058	4086
9058	4373
9058	5617
9058	5679
9058	6351
9058	7425
9058	7872
9058	8331
9058	8724
9058	9548
9058	9581
9058	9892
9070	3688
9070	4972
9070	7869
9070	8253
9070	9948
9074	7664
9074	8766
9074	8920
9076	2559
9076	7743
9076	8544
9076	9719
9084	113
9084	7440
9084	9909
9096	846
9096	2572
9096	6350
9096	7440
9096	8041
9096	9037
9096	9325
9096	9423
9096	9803
9100	9139
9100	9384
9100	9455
9100	9483
9108	5133
9108	8225
9108	9645
9108	9904
9108	9920
9111	2856
9111	5075
9111	6065
9111	6829
9111	6916
9111	7105
9111	8214
9111	8235
9111	8951
9111	9244
9111	9831
9111	9839
9111	9904
9111	9923
9118	1416
9118	5529
9118	7782
9118	9229
9118	9828
9130	1326
9130	2562
9130	2767
9130	4136
9130	6716
9130	8372
9130	8619
9130	9001
9130	9219
9139	553
9139	1140
9139	2322
9139	2334
9139	2869
9139	2951
9139	3198
9139	3919
9139	4328
9139	5415
9139	5512
9139	6183
9139	7024
9139	7396
9139	7671
9139	7781
9139	7889
9139	8137
9139	8373
9139	8798
9139	8847
9139	9100
9139	9156
9139	9193
9139	9375
9139	9472
9139	9581
9139	9870
9139	9972
9143	6946
9143	8081
9143	9276
9143	9930
9146	825
9146	4148
9146	6824
9146	8276
9146	8545
9146	9325
9146	9539
9149	5421
9149	8109
9149	8453
9149	8682
9149	9866
9155	4249
9155	8304
9155	8589
9155	8885
9155	9220
9155	9750
9155	9945
9155	9952
9156	2006
9156	5366
9156	6586
9156	8648
9156	8773
9156	9139
9156	9963
9160	553
9160	1080
9161	2952
9161	7062
9161	9661
9179	6809
9179	8142
9179	9351
9181	2418
9181	7887
9181	8442
9188	2939
9188	6017
9188	6790
9188	6838
9188	7442
9188	9668
9188	9853
9188	9859
9189	1416
9189	6920
9189	9516
9190	830
9190	2430
9190	4879
9190	4994
9190	6121
9190	6337
9190	7238
9190	8542
9190	8951
9190	8998
9190	9516
9190	9609
9190	9859
9190	9950
9191	4156
9191	8331
9191	8457
9191	9355
9191	9713
9193	5112
9193	9139
9193	9535
9193	9662
9193	9924
9193	9926
9201	2536
9201	3796
9201	5316
9201	8042
9201	9661
9201	9837
9205	6176
9205	8248
9205	9628
9205	9980
9216	7848
9216	9731
9217	142
9217	8030
9217	9539
9219	5884
9219	7861
9219	8828
9219	9130
9219	9628
9219	9757
9220	2798
9220	4164
9220	5757
9220	8439
9220	9155
9220	9309
9220	9456
9229	7326
9229	7950
9229	8322
9229	8360
9229	9118
9229	9365
9230	2187
9230	4611
9230	9714
9230	9920
9242	8658
9242	9628
9242	9677
9244	8235
9244	8917
9244	8951
9244	9111
9244	9839
9244	9904
9244	9923
9245	236
9245	1203
9245	2764
9245	3114
9245	4436
9245	5169
9245	5382
9245	6727
9245	6910
9245	7075
9245	9532
9245	9773
9247	7925
9247	8657
9247	9342
9247	9630
9247	9971
9249	4594
9249	8427
9249	9342
9249	9455
9252	3927
9252	4436
9252	8847
9252	9826
9253	4207
9253	6201
9253	9963
9276	2748
9276	4037
9276	8388
9276	9143
9276	9664
9281	8235
9281	8658
9281	8951
9281	9643
9281	9839
9281	9904
9281	9923
9284	4514
9284	5265
9284	5844
9284	8137
9284	9493
9284	9502
9286	7768
9286	7971
9286	8227
9286	8617
9286	9613
9288	3869
9288	6576
9288	9390
9288	9904
9292	3097
9292	9883
9296	6020
9296	6580
9296	7535
9296	7544
9296	7587
9296	8018
9296	8225
9296	9703
9296	9871
9296	9923
9299	5323
9299	5488
9299	6687
9299	6706
9299	7925
9299	9022
9299	9032
9299	9502
9299	9606
9299	9630
9299	9782
9299	9848
9299	9858
9300	1124
9300	2496
9300	8030
9300	9520
9303	5890
9303	7436
9303	7781
9303	8212
9303	8800
9303	8828
9303	9309
9303	9455
9305	5252
9305	5687
9305	5764
9305	6305
9305	7887
9305	8472
9305	8776
9305	9652
9305	9739
9305	9972
9309	1207
9309	2214
9309	2764
9309	3320
9309	5088
9309	5777
9309	6970
9309	7436
9309	7781
9309	8212
9309	8457
9309	8800
9309	9220
9309	9303
9309	9337
9309	9606
9309	9739
9311	6572
9311	7208
9311	8304
9311	8372
9311	9046
9311	9770
9320	61
9320	593
9320	1978
9320	2534
9320	5945
9320	7268
9320	7285
9320	7334
9320	8820
9320	8834
9320	8990
9320	9455
9320	9567
9320	9859
9325	846
9325	3757
9325	6350
9325	8041
9325	9037
9325	9096
9325	9146
9325	9423
9325	9457
9325	9571
9325	9786
9327	3375
9327	4037
9327	4142
9327	5761
9327	5827
9327	8884
9327	9041
9337	327
9337	4054
9337	8723
9337	9309
9342	3477
9342	5181
9342	5226
9342	6179
9342	9247
9342	9249
9342	9743
9342	9807
9346	973
9346	5815
9346	6351
9346	6838
9346	7425
9346	7872
9346	8820
9346	9581
9351	2716
9351	7602
9351	7865
9351	8142
9351	8457
9351	9179
9351	9904
9355	1793
9355	1978
9355	8457
9355	9191
9358	3943
9358	5761
9358	6251
9358	9481
9360	165
9360	3684
9360	4798
9360	7105
9360	7396
9360	9042
9365	344
9365	1055
9365	2450
9365	3583
9365	4207
9365	5695
9365	6310
9365	6322
9365	7326
9365	7356
9365	7950
9365	8322
9365	8360
9365	8857
9365	9229
9365	9456
9365	9638
9365	9905
9375	1863
9375	7024
9375	9139
9383	5451
9383	6337
9383	7730
9384	1055
9384	1796
9384	4174
9384	5265
9384	5757
9384	7098
9384	9100
9390	142
9390	9288
9390	9808
9407	1978
9407	6828
9407	8529
9418	142
9418	217
9418	5427
9418	5673
9418	5694
9418	6248
9418	6576
9418	6794
9418	7441
9418	7506
9418	7759
9418	8920
9418	9823
9423	3757
9423	3927
9423	5512
9423	8041
9423	8989
9423	9037
9423	9096
9423	9325
9428	4590
9428	4636
9428	6041
9428	6980
9428	7917
9428	8017
9428	8151
9428	8990
9428	9826
9428	9853
9453	4660
9455	4145
9455	9100
9455	9249
9455	9303
9455	9320
9455	9481
9455	9853
9456	900
9456	2756
9456	5757
9456	8532
9456	8617
9456	8800
9456	9220
9456	9365
9457	6372
9457	8288
9457	8388
9457	8470
9457	9325
9457	9980
9461	6214
9461	6254
9461	8668
9461	9564
9461	9719
9461	9872
9464	377
9464	1977
9464	8951
9464	9550
9464	9677
9464	9743
9472	8807
9472	9139
9472	9786
9472	9883
9481	508
9481	3943
9481	4148
9481	8045
9481	8373
9481	9358
9481	9455
9483	2187
9483	6924
9483	8325
9483	9100
9483	9844
9483	9859
9489	5366
9489	6398
9489	7227
9489	8872
9489	9930
9489	9956
9493	4514
9493	5265
9493	8769
9493	9284
9493	9839
9493	9969
9500	5557
9500	8674
9500	9548
9500	9664
9500	9733
9500	9781
9500	9954
9502	2572
9502	3932
9502	5992
9502	6460
9502	9284
9502	9299
9502	9528
9502	9848
9504	276
9504	7602
9504	8333
9504	8570
9504	9510
9504	9580
9504	9926
9507	846
9507	1793
9507	2261
9507	3331
9507	3536
9507	3638
9507	4043
9507	5267
9507	5443
9507	5734
9507	6572
9507	6814
9507	7589
9507	7626
9507	7630
9507	7890
9507	8335
9507	8807
9507	9533
9507	9580
9510	276
9510	2840
9510	4985
9510	5687
9510	7730
9510	8333
9510	8537
9510	8570
9510	9002
9510	9504
9510	9837
9510	9928
9514	7657
9514	8017
9514	8422
9514	9044
9514	9733
9514	9956
9516	4879
9516	6121
9516	7238
9516	8137
9516	8998
9516	9189
9516	9190
9516	9703
9516	9745
9520	4057
9520	4795
9520	6709
9520	9300
9528	5512
9528	6121
9528	8161
9528	9045
9528	9502
9528	9848
9528	9930
9532	236
9532	1203
9532	3114
9532	6586
9532	6727
9532	6767
9532	6910
9532	7075
9532	9245
9533	5323
9533	9507
9533	9773
9534	8350
9534	8373
9534	9992
9535	5803
9535	5907
9535	6372
9535	7919
9535	8467
9535	8668
9535	9193
9539	6916
9539	7638
9539	8885
9539	9146
9539	9217
9543	165
9543	3202
9543	3317
9543	5896
9543	7105
9543	7183
9543	8325
9543	9638
9543	9986
9548	7024
9548	7102
9548	8878
9548	9058
9548	9500
9550	377
9550	6183
9550	9464
9550	9743
9550	9758
9550	9920
9561	3531
9561	5267
9564	2088
9564	6590
9564	9022
9564	9461
9566	903
9566	1927
9566	2450
9567	377
9567	508
9567	593
9567	1147
9567	1978
9567	3741
9567	5945
9567	6359
9567	7268
9567	7285
9567	7334
9567	7991
9567	8109
9567	8820
9567	8834
9567	8990
9567	9320
9567	9924
9568	874
9568	1876
9568	3775
9568	5203
9568	6474
9568	7076
9568	7527
9568	7567
9568	7875
9568	8209
9568	9841
9569	4294
9569	9803
9571	417
9571	1197
9571	2813
9571	4080
9571	4795
9571	6251
9571	7328
9571	7440
9571	7917
9571	9325
9571	9986
9579	7638
9579	8872
9579	9020
9579	9743
9579	9931
9580	5557
9580	5777
9580	6359
9580	9504
9580	9507
9581	1871
9581	4373
9581	5679
9581	6351
9581	6885
9581	9058
9581	9139
9581	9346
9593	6176
9593	6268
9593	6388
9593	6766
9593	6809
9593	6964
9593	7084
9593	7116
9593	7635
9593	7798
9593	8045
9593	9714
9593	9858
9606	4660
9606	8779
9606	9299
9606	9309
9606	9796
9609	4836
9609	6322
9609	7865
9609	7925
9609	8800
9609	9190
9609	9692
9613	6379
9613	7794
9613	9286
9613	9671
9613	9971
9620	3018
9620	4436
9620	8162
9620	8926
9620	9980
9623	5757
9623	7208
9623	8310
9623	9628
9623	9870
9628	508
9628	1408
9628	2334
9628	3536
9628	5067
9628	5884
9628	7418
9628	7635
9628	7661
9628	8828
9628	8836
9628	9205
9628	9219
9628	9242
9628	9623
9628	9757
9629	217
9629	4041
9629	5512
9629	8642
9629	8650
9629	8861
9629	9954
9630	3237
9630	6322
9630	7076
9630	9247
9630	9299
9631	5278
9631	5366
9631	5953
9631	7208
9631	7470
9631	7809
9631	8059
9631	8350
9631	8589
9631	8694
9631	8995
9631	9844
9638	142
9638	663
9638	1926
9638	2943
9638	4594
9638	4726
9638	5035
9638	5112
9638	7301
9638	8668
9638	8749
9638	8926
9638	8990
9638	9041
9638	9365
9638	9543
9638	9719
9638	9971
9638	9992
9639	3775
9639	4392
9639	5656
9639	8030
9643	2088
9643	3145
9643	4885
9643	8919
9643	9281
9643	9878
9643	9950
9645	2358
9645	4793
9645	7870
9645	8325
9645	9108
9645	9871
9645	9947
9652	4114
9652	5252
9652	5687
9652	5764
9652	7207
9652	7887
9652	8472
9652	8776
9652	9305
9652	9739
9656	1881
9656	5189
9656	5803
9656	5945
9656	6709
9656	6766
9656	7393
9656	7440
9656	7442
9656	7672
9656	8553
9656	8599
9656	8951
9656	9930
9661	952
9661	1708
9661	2536
9661	5316
9661	8042
9661	9161
9661	9201
9661	9671
9661	9713
9661	9749
9661	9837
9661	9892
9661	10000
9662	5088
9662	6257
9662	7865
9662	8709
9662	8916
9662	9042
9662	9193
9662	9735
9662	9845
9662	9892
9662	9956
9663	9041
9663	9823
9663	9992
9664	2748
9664	4037
9664	6017
9664	9276
9664	9500
9667	2957
9667	3684
9667	8137
9667	9671
9668	74
9668	789
9668	3599
9668	3796
9668	5025
9668	6292
9668	7114
9668	9188
9668	9814
9668	9853
9671	7207
9671	9613
9671	9661
9671	9667
9677	4814
9677	6199
9677	6201
9677	9242
9677	9464
9692	5815
9692	6065
9692	8861
9692	9609
9692	9722
9692	9739
9696	2681
9696	4392
9696	6696
9696	7888
9696	8225
9696	9814
9703	6480
9703	8018
9703	8042
9703	8540
9703	9296
9703	9516
9703	9826
9708	430
9708	3447
9708	3605
9708	4326
9708	7657
9708	9717
9713	284
9713	2677
9713	2943
9713	3097
9713	4268
9713	4318
9713	4820
9713	4964
9713	4972
9713	5309
9713	5952
9713	6052
9713	6288
9713	6460
9713	6970
9713	7193
9713	7602
9713	8181
9713	8453
9713	9191
9713	9661
9713	9945
9713	9996
9714	582
9714	1020
9714	2635
9714	3046
9714	3447
9714	3775
9714	3869
9714	4136
9714	4294
9714	4486
9714	5244
9714	5389
9714	6127
9714	6268
9714	7116
9714	7635
9714	7798
9714	7972
9714	8045
9714	9230
9714	9593
9714	9750
9714	9848
9714	9858
9714	9878
9714	9883
9714	9948
9717	1326
9717	3605
9717	4326
9717	8151
9717	9708
9719	2943
9719	4086
9719	4726
9719	5279
9719	5557
9719	6619
9719	7207
9719	7301
9719	7743
9719	7848
9719	8528
9719	8668
9719	8749
9719	9076
9719	9461
9719	9638
9719	9826
9719	9971
9722	6749
9722	6924
9722	7676
9722	8412
9722	8476
9722	8782
9722	9692
9722	9866
9731	3688
9731	6292
9731	6353
9731	7549
9731	7759
9731	7848
9731	7869
9731	8253
9731	8709
9731	8917
9731	9216
9731	9948
9733	2430
9733	2756
9733	6574
9733	7657
9733	8422
9733	8668
9733	8766
9733	9044
9733	9500
9733	9514
9733	9956
9735	7396
9735	7794
9735	9662
9735	9845
9739	5252
9739	5687
9739	5764
9739	6305
9739	7207
9739	7887
9739	8372
9739	8472
9739	8776
9739	9305
9739	9309
9739	9652
9739	9692
9743	6183
9743	6609
9743	8828
9743	9342
9743	9464
9743	9550
9743	9579
9745	4294
9745	8304
9745	9516
9749	308
9749	2716
9749	4793
9749	9661
9750	3936
9750	4249
9750	9155
9750	9714
9750	9952
9757	508
9757	5067
9757	5884
9757	6558
9757	7028
9757	8828
9757	9219
9757	9628
9757	9963
9758	1329
9758	3046
9758	6052
9758	7626
9758	9550
9760	1386
9760	5305
9760	5386
9760	5678
9760	7174
9760	7661
9760	8227
9770	2952
9770	3637
9770	5008
9770	5523
9770	7111
9770	7407
9770	9311
9770	9900
9771	2677
9771	4904
9771	6911
9771	7114
9771	8802
9771	9828
9771	9996
9773	5970
9773	7116
9773	9041
9773	9245
9773	9533
9781	5189
9781	5488
9781	8674
9781	9500
9782	7066
9782	8544
9782	9299
9784	2855
9784	3919
9784	6663
9784	6696
9784	7970
9784	8317
9784	9031
9786	8322
9786	9325
9786	9472
9796	61
9796	5025
9796	6246
9796	7830
9796	7917
9796	8820
9796	9606
9796	9996
9803	2532
9803	2952
9803	7183
9803	7500
9803	7533
9803	8563
9803	8943
9803	9096
9803	9569
9807	4318
9807	7074
9807	8540
9807	8847
9807	8917
9807	9342
9807	9872
9807	9900
9808	4054
9808	8694
9808	9390
9814	5943
9814	6709
9814	7888
9814	9668
9814	9696
9823	2088
9823	5251
9823	7436
9823	7500
9823	8528
9823	8769
9823	9002
9823	9418
9823	9663
9826	4436
9826	5166
9826	5835
9826	7676
9826	8998
9826	9252
9826	9428
9826	9703
9826	9719
9828	6460
9828	8088
9828	8427
9828	8601
9828	8657
9828	9118
9828	9771
9830	1386
9830	2656
9830	5653
9830	8299
9830	8542
9830	8544
9830	9011
9831	3933
9831	7970
9831	7991
9831	8225
9831	9111
9831	9871
9837	1708
9837	3796
9837	5316
9837	8042
9837	9201
9837	9510
9837	9661
9839	8212
9839	8235
9839	9111
9839	9244
9839	9281
9839	9493
9839	9904
9839	9923
9841	2798
9841	2813
9841	9568
9844	4226
9844	5278
9844	7782
9844	8059
9844	8350
9844	8589
9844	8694
9844	8995
9844	9483
9844	9631
9845	236
9845	5088
9845	6716
9845	7417
9845	8920
9845	9662
9845	9735
9848	2572
9848	6306
9848	7549
9848	9299
9848	9502
9848	9528
9848	9714
9853	74
9853	2939
9853	6292
9853	6790
9853	6924
9853	9188
9853	9428
9853	9455
9853	9668
9853	9923
9853	9980
9858	236
9858	1238
9858	2547
9858	3447
9858	3775
9858	3869
9858	3972
9858	4057
9858	4294
9858	5025
9858	5451
9858	5517
9858	6262
9858	6388
9858	7116
9858	7506
9858	7635
9858	8891
9858	9299
9858	9593
9858	9714
9859	5265
9859	6016
9859	7115
9859	7805
9859	7875
9859	8286
9859	8546
9859	9188
9859	9190
9859	9320
9859	9483
9866	6749
9866	7676
9866	8412
9866	8782
9866	9149
9866	9722
9870	7208
9870	7992
9870	8310
9870	8861
9870	9139
9870	9623
9871	1413
9871	6580
9871	7535
9871	7544
9871	7587
9871	8018
9871	8333
9871	8773
9871	8943
9871	8998
9871	9296
9871	9645
9871	9831
9872	1325
9872	7074
9872	8476
9872	8917
9872	9461
9872	9807
9876	3137
9876	5512
9876	6254
9876	8650
9876	9930
9878	3039
9878	6201
9878	7442
9878	8427
9878	9643
9878	9714
9879	7759
9879	9923
9883	874
9883	2547
9883	2635
9883	2840
9883	3785
9883	3972
9883	4057
9883	4294
9883	4486
9883	4820
9883	5053
9883	5244
9883	6108
9883	6214
9883	6262
9883	6268
9883	6766
9883	6809
9883	6964
9883	7062
9883	7074
9883	7635
9883	7650
9883	7798
9883	7972
9883	8045
9883	8707
9883	8855
9883	9292
9883	9472
9883	9714
9892	6794
9892	9058
9892	9661
9892	9662
9900	2952
9900	3279
9900	3773
9900	5523
9900	5656
9900	7111
9900	7407
9900	9770
9900	9807
9904	1919
9904	5778
9904	8235
9904	8304
9904	8544
9904	8951
9904	9108
9904	9111
9904	9244
9904	9281
9904	9288
9904	9351
9904	9839
9904	9923
9904	9924
9905	1055
9905	3653
9905	5856
9905	6183
9905	6712
9905	9365
9909	1420
9909	4941
9909	6400
9909	9084
9920	1420
9920	5583
9920	8424
9920	9108
9920	9230
9920	9550
9923	2559
9923	4114
9923	4440
9923	8235
9923	9111
9923	9244
9923	9281
9923	9296
9923	9839
9923	9853
9923	9879
9923	9904
9924	5382
9924	8657
9924	8891
9924	9193
9924	9567
9924	9904
9924	9926
9926	272
9926	2418
9926	9193
9926	9504
9926	9924
9928	1386
9928	5856
9928	7062
9928	7074
9928	9510
9930	1204
9930	4879
9930	6946
9930	9143
9930	9489
9930	9528
9930	9656
9930	9876
9931	2748
9931	3039
9931	5220
9931	6344
9931	6580
9931	7028
9931	8248
9931	8885
9931	9579
9945	284
9945	3097
9945	4123
9945	4268
9945	4318
9945	4972
9945	5952
9945	6043
9945	6054
9945	6065
9945	6288
9945	6320
9945	6460
9945	7581
9945	8181
9945	8919
9945	9155
9945	9713
9945	9996
9947	3299
9947	6920
9947	8373
9947	8758
9947	9645
9947	9954
9948	3688
9948	5952
9948	7869
9948	8253
9948	8723
9948	9070
9948	9714
9948	9731
9950	2088
9950	4554
9950	6663
9950	9190
9950	9643
9952	1329
9952	4249
9952	7396
9952	7533
9952	9155
9952	9750
9954	6028
9954	6920
9954	8758
9954	9500
9954	9629
9954	9947
9956	2756
9956	6574
9956	7733
9956	8017
9956	8422
9956	9042
9956	9044
9956	9489
9956	9514
9956	9662
9956	9733
9963	1977
9963	6017
9963	6201
9963	9156
9963	9253
9963	9757
9964	6460
9964	7698
9964	8723
9969	5705
9969	8891
9969	9493
9971	142
9971	1926
9971	4086
9971	4594
9971	4726
9971	5035
9971	5112
9971	5557
9971	6828
9971	7301
9971	7743
9971	8528
9971	8668
9971	8749
9971	9247
9971	9613
9971	9638
9971	9719
9972	335
9972	1124
9972	1140
9972	2334
9972	2869
9972	3198
9972	3919
9972	4919
9972	4985
9972	5075
9972	5267
9972	5761
9972	6199
9972	6457
9972	6651
9972	6842
9972	7024
9972	7238
9972	7443
9972	7889
9972	8225
9972	8373
9972	8798
9972	8847
9972	9139
9972	9305
9980	3972
9980	6372
9980	7334
9980	8288
9980	8470
9980	8812
9980	9205
9980	9457
9980	9620
9980	9853
9986	5421
9986	7449
9986	7730
9986	9543
9986	9571
9992	5265
9992	9534
9992	9638
9992	9663
9996	2545
9996	2677
9996	3097
9996	4123
9996	4268
9996	4318
9996	4972
9996	5952
9996	6043
9996	6288
9996	6460
9996	6970
9996	7193
9996	7417
9996	7581
9996	8181
9996	8694
9996	8699
9996	8919
9996	9713
9996	9771
9996	9796
9996	9945
10000	4148
10000	6712
10000	8820
10000	9661
