0.00029397460514	0.0140401593991	0.014049666422
0.00029397460514	0.0833334236286	0.0833898512475
0.000293974605141	0.111036165903	0.111111351899
0.000293974605141	0.20035967234	0.200495342024
0.000293974605141	0.244808670817	0.244974438282
0.000293974605141	0.24881822432	0.248986706777
0.000293974605141	0.272073870135	0.272258099703
0.000293974605141	0.272442454019	0.272626933166
0.000293974605141	0.582256426299	0.582650689996
0.000293974605141	0.00187920208892	0.00188047455433
0.000293974605141	0.00189196558629	0.00189324669425
0.000293974605141	0.00248029349716	0.00248197298001
0.000293974605141	0.00461087992854	0.00461400209686
0.000293974605141	0.00836529894132	0.00837096334199
0.000293974605141	0.00914715657994	0.00915335040041
0.000293974605141	0.0140306588094	0.0140401593991
0.000293974605141	0.0220224255681	0.0220373376284
0.000293974605141	0.0277590414756	0.0277778379746
0.000293974605141	0.0312077222778	0.0312288539845
0.000293974605141	0.0370371574308	0.0370622364269
0.000293974605141	0.111111351899	0.111186588805
0.000293974605141	0.130622611532	0.130711060112
0.000293974605141	0.136221227009	0.136313466583
0.000293974605141	0.20022409446	0.20035967234
0.000293974605141	0.272258099703	0.272442454019
0.000587949210281	0.00133510773168	0.00133691642869
0.000587949210281	0.00189324669425	0.00189581151321
0.000587949210281	0.00192816644839	0.00193077857384
0.000587949210281	0.00248197298001	0.00248533535818
0.000587949210281	0.00289616472263	0.0029000882146
0.000881923815422	0.00163571897793	0.00163904401497
0.000881923815422	0.024442028154	0.0244917131245
0.000881923815422	0.101270723063	0.101476582939
0.000881923815422	0.200495342024	0.200902902521
0.00117589842056	0.00161154059953	0.00161590992935
0.0014698730257	0.00288637919971	0.00289616472263
0.00176384763084	0.00623164223713	0.00625700295189
0.00176384763084	0.00717379942831	0.00720299440999
0.00176384763084	0.248986706777	0.25
0.00176384763084	0.582650689996	0.585021884842
0.00176384763084	0.00121357296105	0.00121851180005
0.00176384763084	0.00493713779005	0.00495723030153
0.00176384763084	0.00915335040041	0.00919060149727
0.00205782223598	0.00326922426376	0.00328475162208
0.00205782223598	0.166666847257	0.167458440507
0.00264577144627	0.00188047455433	0.00189196558629
0.00264577144627	0.0500221520806	0.0503278228734
0.00293974605141	0.0819350757203	0.0824915768701
0.00352769526169	0.130711060112	0.131777126201
0.00382166986683	0.495619442076	0.5
0.00411564447197	0.585021884842	0.590592268398
0.00440961907711	0.0824915768701	0.0833334236286
0.00470359368225	0.00837096334199	0.00846211715635
0.00499756828739	0.00408195661038	0.00412920031985
0.00529154289253	0.00161590992935	0.00163571897793
0.00646744131309	0.0833898512475	0.0846409716836
0.00676141591823	0.244974438282	0.24881822432
0.00705539052337	0.00248533535818	0.00252604096334
0.00734936512852	0.0995713844589	0.101270723063
0.00734936512852	0.014049666422	0.0142894455579
0.00734936512852	0.0170738200279	0.0173652109898
0.00734936512852	0.00189581151321	0.00192816644839
0.00852526354908	0.0124380009052	0.0126845728673
0.0094071873645	0.0409675378601	0.0418646101267
0.0094071873645	0.0666962750423	0.0681567332916
0.0094071873645	0.722590403489	0.73841307297
0.0144047556519	0.131777126201	0.136221227009
0.0144047556519	0.00117398118306	0.00121357296105
0.014698730257	0.479125851636	0.495619442076
0.0158746286776	0.00128718711061	0.00133510773168
0.0173445017033	0.0211602429209	0.0220224255681
0.0191083493341	0.125	0.130622611532
0.0211661715701	0.0173652109898	0.0182325005774
0.0235179684112	0.00111209827613	0.00117398118306
0.0238119430164	0.00121851180005	0.00128718711061
0.0258697652524	0.0107243294147	0.0113825590188
0.0279275874884	0.00151117118433	0.00161154059953
0.0293974605141	0.00461400209686	0.00493713779005
0.0329251557757	0.0923016341212	0.0995713844589
0.0338070795912	0.00846211715635	0.00914715657994
0.0349829780117	0.666667389029	0.722590403489
0.0352769526169	0.0418646101267	0.0454071248703
0.0367468256426	0.25	0.272073870135
0.037628749458	0.0846409716836	0.0923016341212
0.0385106732734	0.0113825590188	0.0124380009052
0.0390986224837	0.101476582939	0.111036165903
0.0420383685351	0.0454071248703	0.0500221520806
0.0432142669557	0.00564141755028	0.00623164223713
0.0435082415608	0.0370622364269	0.0409675378601
0.043802216166	0.0126845728673	0.0140306588094
0.0449781145865	0.0220373376284	0.024442028154
0.0479178606379	0.00412920031985	0.00461087992854
0.0505636320842	0.0277778379746	0.0312077222778
0.0508576066893	0.111186588805	0.125
0.0520335051099	0.0029000882146	0.00326922426376
0.0526214543202	0.590592268398	0.666667389029
0.0532094035304	0.00133691642869	0.00151117118433
0.0537973527407	0.333333694514	0.377291106898
0.054385301951	0.0244917131245	0.0277590414756
0.0561491495819	0.00495723030153	0.00564141755028
0.056443124187	0.0009765625	0.00111209827613
0.056443124187	0.0503278228734	0.0573127527003
0.0579129972127	0.00252604096334	0.00288637919971
0.0593828702384	0.00163904401497	0.00187920208892
0.0593828702384	0.00625700295189	0.00717379942831
0.0646744131309	0.0182325005774	0.0211602429209
0.0649683877361	0.00720299440999	0.00836529894132
0.0658503115515	0.0573127527003	0.0666962750423
0.0661442861566	0.5	0.582256426299
0.0670262099721	0.00919060149727	0.0107243294147
0.0740816004954	0.0312288539845	0.0370371574308
0.077315321152	0.0142894455579	0.0170738200279
0.0776092957571	0.167458440507	0.20022409446
0.0799610925982	0.0681567332916	0.0819350757203
0.0858405847011	0.200902902521	0.244808670817
0.0873104577268	0.136313466583	0.166666847257
0.0873104577268	0.272626933166	0.333333694514
0.0943658482501	0.00328475162208	0.00408195661038
0.103773035615	0.377291106898	0.479125851636
0.108770603902	0.00193077857384	0.00248029349716
0.131700623103	0.73841307297	1
