0.00029397460514	0.0013216202729	0.00132251518256
0.00029397460514	0.00195577093729	0.00195709524982
0.00029397460514	0.0417796817305	0.0418079720353
0.00029397460514	0.0481614766799	0.048194088294
0.00029397460514	0.071560759027	0.0716092150133
0.00029397460514	0.0833334236286	0.0833898512475
0.000293974605141	0.100044304161	0.10011204723
0.000293974605141	0.116977006055	0.117056214776
0.000293974605141	0.333333694514	0.33355940499
0.000293974605141	0.373479655484	0.373732550022
0.000293974605141	0.5	0.500338565347
0.000293974605141	0.00126730242629	0.00126816055566
0.000293974605141	0.00150097658588	0.00150199294319
0.000293974605141	0.00195444752088	0.00195577093729
0.000293974605141	0.00195709524982	0.00195842045908
0.000293974605141	0.00282453004543	0.00282644262141
0.000293974605141	0.0040874865182	0.00409025428078
0.000293974605141	0.0364896927263	0.0365144010172
0.000293974605141	0.0624577079689	0.0625
0.000293974605141	0.0716092150133	0.0716577038107
0.000293974605141	0.117056214776	0.117135477132
0.000587949210281	0.0418079720353	0.0418646101267
0.000587949210281	0.500338565347	0.501016383954
0.000881923815422	0.00657395165645	0.00658731497441
0.000881923815422	0.0365144010172	0.0365886263197
0.000881923815422	0.129917174124	0.130181265586
0.00117589842056	0.00321654271426	0.00322526364627
0.00117589842056	0.0142122743137	0.0142508076985
0.00117589842056	0.0306218047852	0.0307048289205
0.00117589842056	0.166666847257	0.167118726922
0.0014698730257	0.0194434721997	0.0195093902686
0.0014698730257	0.427623802041	0.429073550057
0.00205782223598	0.00488065016888	0.00490383108213
0.00235179684112	0.429073550057	0.431403377004
0.00235179684112	0.0415540473624	0.0417796817305
0.00235179684112	0.666667389029	0.670287327026
0.00293974605141	0.0307048289205	0.0309133754123
0.00382166986683	0.373732550022	0.377035804383
0.00411564447197	0.0833898512475	0.0841838616396
0.00470359368225	0.0121139443569	0.0122458565622
0.00470359368225	0.10397978627	0.105112051907
0.00734936512852	0.00195842045908	0.00199184391208
0.00852526354908	0.00282644262141	0.0028824742545
0.00852526354908	0.0236286282595	0.024097044147
0.00911321275936	0.00106567006731	0.00108826830332
0.0141107810467	0.242007724187	0.25
0.0152866794673	0.00658731497441	0.00682331010234
0.0164625778879	0.10011204723	0.10397978627
0.0164625778879	0.962802971818	1
0.0164625778879	0.00108826830332	0.00113031257191
0.0176384763084	0.640133764666	0.666667389029
0.0179324509136	0.00126816055566	0.0013216202729
0.0185204001239	0.130181265586	0.135852892452
0.018814374729	0.25	0.261068445607
0.0211661715701	0.0681567332916	0.071560759027
0.0223420699907	0.00113031257191	0.00118998264632
0.022930019201	0.00213134013461	0.00224689502317
0.0273396382781	0.00118998264632	0.00126730242629
0.0293974605141	0.00199184391208	0.00213134013461
0.0299854097243	0.0132641117324	0.0142122743137
0.0346890034066	0.0122458565622	0.0132641117324
0.0370408002477	0.222222703797	0.242007724187
0.037628749458	0.0625	0.0681567332916
0.0379227240631	0.0009765625	0.00106567006731
0.0393925970888	0.0177574755916	0.0194434721997
0.0408624701145	0.00372043621449	0.0040874865182
0.0408624701145	0.261068445607	0.286824901766
0.0414504193248	0.581862429389	0.640133764666
0.0423323431402	0.00490383108213	0.00540589797642
0.0429202923505	0.167118726922	0.184478352288
0.0443901653762	0.00224689502317	0.00248870229143
0.0449781145865	0.117135477132	0.129917174124
0.0458600384019	0.0142508076985	0.0158379700774
0.0464479876122	0.105112051907	0.116977006055
0.0473299114276	0.00175264558106	0.00195444752088
0.0476238860328	0.0028824742545	0.00321654271426
0.0487997844533	0.00682331010234	0.00763475128562
0.0490937590585	0.33355940499	0.373479655484
0.0490937590585	0.0108191169517	0.0121139443569
0.0496817082688	0.0158379700774	0.0177574755916
0.0546792765562	0.377035804383	0.427623802041
0.0549732511613	0.00132251518256	0.00150097658588
0.0549732511613	0.00248870229143	0.00282453004543
0.0552672257664	0.0365886263197	0.0415540473624
0.0608527432641	0.670287327026	0.771105412704
0.0608527432641	0.0418646101267	0.0481614766799
0.0620286416847	0.00322526364627	0.00372043621449
0.0640864639207	0.431403377004	0.5
0.0649683877361	0.501016383954	0.581862429389
0.0652623623412	0.286824901766	0.333333694514
0.0655563369464	0.0716577038107	0.0833334236286
0.0670262099721	0.00150199294319	0.00175264558106
0.0720237782594	0.0309133754123	0.0364896927263
0.0749635243109	0.0841838616396	0.100044304161
0.0755514735211	0.0090916004592	0.0108191169517
0.0758454481263	0.00763475128562	0.0090916004592
0.0767273719417	0.00409025428078	0.00488065016888
0.0808430164137	0.184478352288	0.222222703797
0.0831948132548	0.0195093902686	0.0236286282595
0.0849586608856	0.00540589797642	0.00657395165645
0.0887803307525	0.135852892452	0.166666847257
0.0964236704861	0.771105412704	0.962802971818
0.10406701022	0.024097044147	0.0306218047852
0.112592273769	0.048194088294	0.0624577079689
