0 268.745840462
0.0009765625 2376.23170045
0.00108312394726 2780.46512421
0.00109195779582 2634.43810961
0.00109343709277 2516.45295763
0.00109417749259 2609.26427231
0.00149085076179 3200.48282571
0.00149287044698 3168.31766712
0.00149388131538 3165.1995785
0.0017479065257 3554.19573207
0.00259010547181 4112.71944708
0.00259185931172 4133.63023539
0.00259361433921 4132.85616241
0.00286109129716 4295.43491634
0.00313910785189 4334.30838754
0.00314336046374 4279.2782337
0.00390625 4691.30672582
0.00425979583072 4729.32794082
0.00452737531533 4931.44919453
0.0045458002296 4888.48142783
0.00540223995394 5106.31288245
0.00540589797642 5101.57880167
0.0070153294047 5324.40289386
0.00702007969956 5242.14072116
0.00709652335552 5403.73091474
0.00895115187667 5476.7902967
0.00895721297634 5488.51573672
0.0089814984444 5561.29393498
0.0120485220735 5770.33764305
0.0125819557184 5696.91827262
0.0127275766343 5738.32028185
0.0127880269513 5755.19856189
0.0128400699749 5808.94127572
0.0128487643803 5724.36921534
0.0128574646731 5683.80913839
0.0156567619986 5909.72505211
0.0156673636727 5944.75780876
0.0157098422049 5966.75964222
0.0162836769146 5982.33491901
0.017853896928 6013.31062178
0.0178659863496 6121.99759498
0.0186065337115 6123.33698678
0.0189753911799 6183.77873816
0.0223377084124 6269.49988861
0.023805221698 6331.93193677
0.0239831349441 6340.21161921
0.0240156253741 6350.48818305
0.0240644435666 6366.92031121
0.024097044147 6367.95379209
0.0275717746166 6383.33266516
0.0275904443115 6385.85387626
0.0286563763501 6417.17341558
0.0299251025218 6457.80960735
0.0303124587152 6494.91647408
0.0305803769402 6513.44824353
0.0365638678026 6594.20824668
0.0367624059891 6576.21745731
0.042694537632 6680.58014832
0.0427523767714 6658.82902439
0.049988303466 6668.68056535
0.0500221520806 6720.92034548
0.0500560236151 6718.82020241
0.0522721931138 6737.80644247
0.0525560259534 6752.54657724
0.0665609720345 6707.0966741
0.0666962750423 6818.17163329
0.0737740788566 6840.03842591
0.0833334236286 6901.08509361
0.0846409716836 6862.69096705
0.100044304161 6850.18484883
0.111111351899 6869.16374983
0.111412605335 6914.32246054
0.125 6884.46137805
0.149660522797 6863.03303522
0.149863270884 6888.19666878
0.150269591432 6908.43611813
0.166666847257 6772.34765873
0.16689263415 6780.98076491
0.167005642276 6802.63084378
0.168026165083 6799.685328
0.21805052589 6712.92490127
0.22586233722 6757.27657434
0.226321462931 6615.3785834
0.25 6618.5930195
0.29750309091 6550.27768665
0.297704539384 6467.12493537
0.298713829707 6579.20135332
0.29891609801 6562.23110017
0.307536195782 6636.09728452
0.308787765984 6455.51015789
0.310254370262 6583.03263251
0.333333694514 6225.67087015
0.333785268301 6342.59339795
0.366467664626 6259.57449756
0.491609921641 6284.20316064
0.5 5047.08799588
0.599858991619 4888.48276347
0.666667389029 4748.71642132
0.678045091933 4691.42471564
0.998647112891 4491.66972457
0.999323327503 4732.29488839
1 0.0
