43	5215
43	7007
43	7071
108	3822
108	7282
108	9968
113	4912
113	6823
143	5867
143	9424
168	5640
175	3696
175	4380
175	4903
175	7409
175	7845
175	8905
175	9802
182	7695
182	8671
182	9393
182	9622
182	9901
188	9339
190	3208
190	7547
190	9710
204	7897
204	8720
204	9558
204	9769
220	8026
220	9922
236	6767
236	9532
236	9845
244	9253
251	2675
251	7951
275	9916
299	5566
299	5726
299	7430
312	1979
312	6425
312	9724
312	9755
324	4531
339	1199
339	8738
339	9886
367	1711
367	3959
367	8651
367	9108
386	9478
386	9527
389	7216
389	9259
389	9273
458	932
458	2623
471	2662
471	4380
471	6994
472	8411
472	9941
472	9963
510	8949
510	9259
513	5362
513	7748
513	8923
513	8986
528	9126
528	9607
533	5485
533	6963
533	8364
533	8827
533	9126
574	2662
574	9190
574	9864
582	6119
582	9714
623	3852
623	5512
623	6546
623	8067
643	1106
643	3440
648	1618
648	3862
648	5985
670	5866
670	6616
670	6703
670	9775
670	9968
684	5985
684	6786
688	9020
688	9901
740	1706
740	9458
751	3294
751	6720
751	9966
784	5331
784	7228
784	9694
888	1072
888	1703
888	8377
888	9765
907	5301
907	6773
907	8715
907	9095
907	9893
913	7644
913	7654
913	9086
913	9617
913	9823
923	4943
923	7550
923	8465
923	9748
932	458
932	8781
936	6487
936	9056
936	9834
981	4476
981	6179
981	7830
981	9796
981	9800
981	9902
1011	9003
1014	2670
1014	7170
1014	7338
1014	9487
1062	8901
1070	8281
1070	9465
1072	888
1106	643
1106	8887
1150	1924
1150	3353
1150	4467
1150	5815
1150	8414
1150	9025
1150	9043
1183	4799
1183	6444
1191	3240
1191	4165
1191	4907
1199	339
1199	9806
1238	7309
1251	8211
1251	8603
1251	9154
1251	9591
1257	3677
1296	6408
1314	1391
1314	8639
1327	7994
1327	8563
1327	9846
1380	6823
1380	8251
1380	9153
1380	9557
1380	9963
1391	1314
1391	2826
1391	6990
1391	7145
1391	9413
1391	9471
1391	9815
1423	8265
1423	9053
1504	8947
1504	9027
1504	9405
1551	5932
1601	9045
1608	6000
1608	7961
1608	9542
1618	648
1618	7430
1618	9542
1640	3272
1640	7308
1640	9081
1640	9531
1643	3635
1643	4059
1643	4291
1643	8717
1643	9877
1703	888
1706	740
1706	5867
1706	7196
1706	8026
1706	8801
1706	9333
1706	9424
1706	9921
1708	8773
1708	8906
1708	9661
1711	367
1744	8543
1744	8781
1744	8940
1747	7071
1747	9391
1747	9654
1756	3353
1756	4859
1768	3609
1768	4522
1768	5602
1768	7136
1768	7251
1768	9527
1771	6844
1771	7915
1771	8357
1771	8377
1771	8662
1776	5362
1776	5988
1808	6951
1808	8827
1835	2012
1835	3740
1835	7282
1835	8092
1835	8738
1835	8901
1835	9270
1835	9422
1869	3208
1869	5710
1869	6819
1869	8602
1918	8393
1918	9617
1918	9922
1919	7472
1919	7790
1919	8742
1924	1150
1927	9597
1979	312
1979	2426
1982	7191
1990	6137
1990	8188
1990	8608
1990	8680
1990	9565
2012	1835
2012	2281
2012	6616
2016	6326
2016	7424
2016	8621
2032	4799
2032	6597
2032	8773
2032	9056
2032	9259
2041	9190
2052	6484
2052	7057
2052	7482
2052	7795
2077	6590
2077	7136
2077	9847
2179	6370
2179	6392
2189	6951
2189	9024
2190	8533
2190	9237
2210	4930
2210	7469
2210	8936
2210	9780
2213	6453
2213	7097
2213	9045
2213	9083
2213	9922
2228	6605
2228	9402
2251	8781
2263	6265
2263	8543
2263	9558
2281	2012
2281	6242
2281	6544
2281	8187
2281	8221
2281	9646
2281	9775
2281	9968
2284	4175
2284	5726
2284	8801
2284	9329
2284	9424
2310	3647
2310	6292
2310	7580
2310	8122
2310	9422
2310	9518
2317	5590
2317	8487
2317	9875
2321	6195
2321	6845
2321	9389
2321	9548
2323	8089
2323	9751
2324	2841
2336	7441
2336	8742
2336	9910
2382	3822
2382	4689
2393	4251
2393	5061
2393	5447
2393	5566
2393	6112
2393	6883
2393	9317
2393	9975
2415	7291
2426	1979
2426	9561
2426	9892
2434	6556
2434	9558
2469	9900
2553	3112
2553	6773
2553	7472
2553	9405
2564	2941
2564	8187
2573	7291
2573	8748
2573	8757
2573	9039
2604	6266
2604	6423
2623	458
2623	5390
2623	5399
2623	5530
2623	8185
2623	8426
2623	9769
2623	9987
2633	2989
2633	6679
2633	6894
2633	7380
2633	7539
2633	7713
2633	8368
2637	4175
2637	9101
2660	5061
2660	5785
2660	6951
2660	6990
2662	471
2662	574
2662	7381
2662	7409
2662	7461
2662	7845
2662	8310
2665	3614
2665	7795
2665	9698
2670	1014
2670	2752
2670	4335
2670	4730
2670	6597
2670	8399
2675	251
2675	4873
2675	8918
2695	7313
2695	8431
2695	8618
2695	8897
2695	8967
2695	9680
2695	9951
2699	6951
2707	3335
2707	9193
2707	9237
2743	8417
2743	9182
2743	9644
2752	2670
2752	6145
2752	9043
2776	4334
2776	6310
2776	6753
2776	7508
2776	8431
2780	8026
2780	9424
2793	8781
2801	6590
2801	9095
2801	9589
2801	9893
2806	4527
2806	7057
2806	9101
2806	9401
2806	9875
2825	7979
2825	9508
2826	1391
2826	3648
2826	3654
2826	6585
2826	7376
2833	3344
2833	6578
2833	7880
2833	8775
2841	2324
2841	7981
2841	9218
2880	5766
2880	5993
2880	9884
2885	3112
2885	3240
2885	7845
2885	8187
2897	5866
2897	6544
2897	9270
2941	2564
2941	6957
2941	8827
2963	7487
2963	8919
2963	9498
2963	9713
2963	9974
2989	2633
2989	6679
2989	7462
3000	7482
3000	8947
3033	8411
3071	5736
3071	7216
3071	8864
3087	8306
3112	2553
3112	2885
3112	7182
3112	7381
3112	8187
3135	3429
3135	3925
3135	5004
3135	5969
3148	6546
3148	8061
3148	9311
3174	6109
3176	5662
3176	6788
3176	7198
3176	9130
3176	9289
3177	5744
3177	7845
3184	7291
3184	9841
3184	9922
3207	5726
3207	7690
3208	190
3208	1869
3240	1191
3240	2885
3240	7409
3240	7845
3240	8905
3242	3496
3242	5349
3242	8456
3242	8945
3272	1640
3272	7503
3272	9011
3294	751
3294	9325
3294	9834
3320	5956
3320	6845
3320	7713
3320	8218
3320	8905
3320	9081
3320	9389
3321	6659
3321	9591
3326	7136
3326	9379
3335	2707
3335	8431
3335	8490
3335	8618
3335	8897
3344	2833
3344	7409
3346	4059
3346	6823
3346	8411
3346	9557
3346	9570
3353	1150
3353	1756
3353	6544
3353	7196
3353	8906
3353	9120
3353	9661
3377	7857
3380	8218
3380	9003
3383	5956
3383	8911
3383	9948
3387	9130
3387	9901
3387	9907
3429	3135
3429	5590
3429	9274
3435	7409
3435	8949
3440	643
3440	7356
3440	7511
3440	8360
3440	8532
3481	7482
3481	8781
3481	9572
3481	9806
3491	7438
3491	9778
3494	7482
3494	7487
3496	3242
3501	3792
3501	5796
3501	6768
3501	7081
3501	8967
3501	8972
3501	9108
3508	6897
3508	9405
3508	9413
3537	9413
3537	9963
3546	9193
3546	9884
3547	6242
3556	7734
3556	9591
3556	9698
3572	4214
3572	4380
3572	9188
3572	9522
3590	6057
3590	8196
3609	1768
3609	7688
3609	9933
3614	2665
3614	6951
3614	8474
3614	9085
3635	1643
3635	6119
3635	8405
3635	8905
3647	2310
3648	2826
3648	8487
3648	8923
3648	9180
3648	9561
3654	2826
3654	6544
3654	7136
3654	8786
3675	5570
3675	7916
3676	4022
3676	4317
3676	9723
3676	9941
3677	1257
3677	7309
3677	7773
3677	9886
3679	3978
3696	175
3696	5062
3696	6288
3696	6653
3696	7487
3696	9713
3727	5301
3727	8671
3740	1835
3740	7089
3740	7835
3740	8181
3752	5993
3752	6036
3752	6444
3752	8754
3753	7158
3792	3501
3792	3959
3792	8651
3792	9108
3792	9218
3822	108
3822	2382
3822	9307
3822	9931
3832	5706
3832	7432
3832	8089
3832	9085
3845	8357
3845	8562
3845	9933
3852	623
3852	5890
3852	6817
3852	8061
3852	8067
3852	8532
3852	8557
3852	9331
3852	9883
3852	9931
3858	5620
3858	5789
3858	8717
3858	9325
3862	648
3862	5068
3862	5485
3877	7136
3919	4079
3919	9784
3925	3135
3925	6326
3925	9333
3930	9083
3930	9847
3941	7462
3941	9910
3959	367
3959	3792
3959	8368
3959	8651
3959	8972
3978	3679
3996	5362
3996	8306
3996	8533
3996	9011
3996	9967
4021	6844
4021	9613
4022	3676
4022	7385
4022	7934
4022	9465
4022	9769
4022	9987
4029	8405
4029	9597
4059	1643
4059	3346
4059	4869
4059	7405
4059	9877
4079	3919
4079	4660
4079	4910
4079	5179
4079	8923
4079	9777
4127	7916
4127	9126
4133	5789
4133	9270
4165	1191
4165	8584
4165	9934
4175	2284
4175	2637
4175	8801
4175	9424
4177	4531
4177	8557
4177	9433
4181	6145
4181	9694
4181	9886
4214	3572
4227	7392
4227	7508
4238	8120
4238	8610
4238	8897
4248	4858
4248	7830
4251	2393
4251	8766
4251	9180
4251	9244
4290	7713
4291	1643
4291	7405
4291	7845
4291	9478
4293	5504
4302	7625
4302	9386
4317	3676
4317	4634
4317	7472
4317	7824
4317	9723
4334	2776
4334	4471
4334	7456
4334	8490
4334	8618
4334	8897
4335	2670
4335	9126
4335	9480
4335	9622
4335	9834
4362	7490
4375	5045
4375	8253
4375	8887
4375	8911
4375	9948
4380	175
4380	471
4380	3572
4380	4634
4380	6777
4380	6994
4380	8187
4380	9901
4418	7915
4418	9311
4424	8919
4424	9713
4424	9901
4455	6556
4455	9229
4455	9405
4455	9822
4458	5890
4458	8621
4461	8174
4461	9064
4461	9941
4465	7438
4465	9624
4465	9778
4465	9957
4467	1150
4467	6403
4467	6601
4467	8476
4467	9025
4467	9597
4469	4602
4469	6546
4469	8546
4469	9053
4469	9965
4471	4334
4471	5215
4471	7491
4471	9329
4471	9901
4476	981
4476	7830
4476	8981
4476	9796
4476	9800
4485	4891
4485	7438
4485	8893
4495	6145
4495	6597
4495	9056
4497	5504
4497	7007
4512	5577
4512	9884
4512	9931
4521	8671
4522	1768
4522	6844
4522	7356
4522	9452
4522	9527
4527	2806
4527	5640
4527	9401
4527	9565
4530	8364
4530	9003
4531	324
4531	4177
4531	5744
4531	7057
4531	9624
4531	9778
4532	5377
4532	9259
4548	9056
4559	6242
4559	7988
4559	9393
4559	9622
4563	7081
4563	8972
4563	9108
4583	7438
4583	8637
4583	9624
4583	9778
4590	8720
4590	9558
4590	9769
4602	4469
4602	7554
4602	8026
4612	5388
4612	7835
4612	9020
4614	4930
4614	5227
4614	6326
4614	9797
4633	7338
4633	8546
4633	9402
4633	9965
4634	4317
4634	4380
4660	4079
4660	8779
4660	8972
4669	8603
4669	9154
4669	9548
4669	9591
4669	9987
4678	5398
4678	7550
4678	7625
4689	2382
4689	9931
4693	7196
4693	7575
4693	8543
4693	9053
4694	5331
4694	6057
4694	8363
4694	8911
4694	9698
4694	9710
4722	5570
4722	9840
4730	2670
4730	6487
4730	9056
4769	6423
4769	9391
4786	7575
4799	1183
4799	2032
4799	6326
4799	6836
4799	9951
4848	4917
4848	6250
4848	7308
4848	7915
4848	8181
4848	9846
4848	9921
4858	4248
4858	6506
4858	7136
4858	8666
4858	9081
4858	9916
4859	1756
4859	7019
4859	7701
4859	7824
4859	8174
4859	8940
4859	9748
4869	4059
4869	9877
4873	2675
4891	4485
4891	5832
4891	8702
4891	9085
4891	9784
4891	9797
4897	8049
4897	8120
4897	9401
4897	9797
4898	6000
4898	9187
4903	175
4903	7092
4903	9818
4907	1191
4907	5726
4907	6597
4907	9965
4910	4079
4910	7128
4910	7409
4910	9471
4912	113
4912	6180
4912	8185
4912	8720
4912	9465
4912	9769
4912	9987
4917	4848
4917	5386
4917	7947
4917	8766
4917	9487
4917	9803
4917	9921
4923	9802
4923	9987
4930	2210
4930	4614
4930	9797
4943	923
4943	7550
4943	8364
4949	7376
4949	7424
4949	8420
4949	9748
4951	8122
4951	9330
4951	9518
4951	9710
4973	5390
4973	5496
4973	5782
4973	7824
4973	8265
4973	9364
4973	9869
5002	7946
5002	8801
5002	9092
5002	9424
5004	3135
5004	8187
5014	7575
5014	8543
5021	7586
5021	8680
5021	9823
5045	4375
5045	5146
5045	8027
5045	8271
5045	9120
5045	9412
5045	9751
5047	7432
5047	8773
5047	9349
5047	9957
5061	2393
5061	2660
5061	9413
5062	3696
5062	5377
5062	6753
5062	9572
5068	3862
5106	6505
5106	7823
5106	8245
5106	8557
5106	8662
5109	8281
5120	5386
5120	7946
5120	8026
5120	8801
5120	9424
5146	5045
5146	8637
5179	4079
5179	9542
5199	8251
5205	7632
5205	8717
5205	9765
5215	43
5215	4471
5215	6197
5227	4614
5227	8411
5227	9777
5227	9834
5247	5496
5247	6336
5247	7380
5247	7462
5247	7644
5247	7713
5247	8967
5247	9624
5262	9597
5262	9806
5264	7946
5264	8420
5264	9391
5264	9927
5280	9900
5301	907
5301	3727
5301	6463
5301	9589
5301	9893
5329	7291
5329	9922
5330	7744
5330	9003
5331	784
5331	4694
5331	5785
5331	8357
5348	7598
5349	3242
5349	5744
5362	513
5362	1776
5362	3996
5362	7082
5377	4532
5377	5062
5377	8801
5386	4917
5386	5120
5386	7946
5386	8801
5388	4612
5388	8211
5388	8603
5388	9154
5390	2623
5390	4973
5390	7292
5390	7748
5390	8986
5398	4678
5398	7089
5398	7790
5398	8066
5398	8218
5398	9081
5398	9389
5399	2623
5399	7187
5399	8027
5399	8271
5399	8531
5399	9412
5425	7081
5425	8474
5431	9698
5431	9946
5447	2393
5447	5559
5447	6883
5447	7430
5465	5620
5465	6000
5465	9187
5485	533
5485	3862
5485	7503
5485	9011
5490	7089
5490	8456
5490	8465
5496	4973
5496	5247
5496	7338
5496	8265
5496	9359
5496	9364
5504	4293
5504	4497
5504	7007
5504	8901
5512	623
5512	9232
5519	6616
5519	7007
5530	2623
5530	7385
5530	8271
5530	9465
5530	9558
5530	9769
5559	5447
5559	9433
5559	9646
5559	9875
5559	9884
5562	7961
5566	299
5566	2393
5566	6505
5566	7430
5566	9527
5566	9916
5566	9967
5570	3675
5570	4722
5570	6109
5570	6328
5570	7366
5570	7409
5570	7695
5570	8211
5570	9307
5577	4512
5577	9226
5577	9931
5590	2317
5590	3429
5590	9274
5602	1768
5602	7313
5602	9478
5602	9480
5602	9527
5620	3858
5620	5465
5620	7830
5620	7897
5620	8717
5636	7191
5636	7728
5636	8947
5636	9463
5640	168
5640	4527
5640	7916
5654	8251
5654	8893
5654	9784
5662	3176
5662	5866
5662	9270
5662	9422
5662	9775
5662	9968
5706	3832
5706	7461
5706	7748
5706	8089
5710	1869
5726	299
5726	2284
5726	3207
5726	4907
5726	8047
5726	8067
5726	9268
5726	9329
5726	9808
5736	3071
5736	8945
5736	9884
5744	3177
5744	4531
5744	5349
5744	9975
5766	2880
5766	9011
5766	9992
5782	4973
5782	8986
5785	2660
5785	5331
5785	6951
5785	9694
5789	3858
5789	4133
5789	6392
5789	7191
5789	8827
5789	9237
5789	9907
5796	3501
5796	7081
5796	8972
5796	9108
5815	1150
5815	9003
5832	4891
5832	8466
5832	9238
5835	8912
5835	9025
5835	9558
5841	7376
5841	9187
5841	9892
5854	7472
5854	9531
5866	670
5866	2897
5866	5662
5866	9422
5866	9775
5867	143
5867	1706
5867	8801
5867	9424
5874	7462
5874	9108
5874	9542
5890	3852
5890	4458
5890	7781
5890	9232
5927	8923
5927	9966
5932	1551
5932	8067
5932	8532
5932	9331
5935	6951
5935	7640
5935	8996
5956	3320
5956	3383
5956	8911
5969	3135
5969	6994
5969	7381
5969	7409
5969	8905
5976	9187
5976	9901
5985	648
5985	684
5985	6929
5985	6957
5985	7289
5985	7795
5985	8072
5985	9934
5988	1776
5988	8637
5988	9330
5988	9815
5988	9927
5993	2880
5993	3752
6000	1608
6000	4898
6000	5465
6000	9187
6000	9393
6005	7135
6005	8466
6035	9359
6035	9869
6035	9980
6036	3752
6036	9153
6057	3590
6057	4694
6057	8061
6057	8680
6057	9778
6060	7981
6060	8251
6060	8411
6060	9253
6060	9805
6109	3174
6109	5570
6112	2393
6112	6361
6112	8772
6112	9180
6112	9508
6119	582
6119	3635
6119	7019
6119	8621
6119	9797
6125	7057
6125	7338
6125	8072
6125	8138
6125	8420
6125	9364
6125	9869
6137	1990
6144	8221
6145	2752
6145	4181
6145	4495
6145	6597
6145	9703
6162	9331
6162	9391
6162	9654
6162	9859
6179	981
6180	4912
6180	9465
6180	9561
6180	9769
6180	9987
6185	9148
6185	9884
6195	2321
6195	7625
6195	7645
6195	8211
6195	9389
6197	5215
6242	2281
6242	3547
6242	4559
6242	7988
6242	8236
6242	9025
6242	9043
6242	9901
6242	9946
6250	4848
6250	8775
6250	9045
6250	9339
6252	7128
6252	7385
6252	9180
6252	9957
6265	2263
6265	9333
6265	9922
6266	2604
6266	6590
6266	7081
6266	9724
6266	9755
6288	3696
6288	9713
6292	2310
6292	9095
6310	2776
6310	6621
6310	7508
6310	7542
6310	8431
6310	8490
6311	6788
6311	7021
6311	7187
6311	9452
6326	2016
6326	3925
6326	4614
6326	4799
6326	6913
6326	8621
6326	9557
6326	9797
6328	5570
6328	7916
6328	9557
6336	5247
6336	7376
6336	7380
6336	8967
6343	8047
6343	9834
6361	6112
6361	7430
6370	2179
6392	2179
6392	5789
6392	6945
6392	9273
6392	9412
6398	6951
6403	4467
6408	1296
6408	8086
6408	8680
6414	9101
6414	9698
6423	2604
6423	4769
6423	7405
6423	8666
6425	312
6425	7216
6425	8676
6425	8766
6425	8920
6425	9921
6438	8352
6438	8377
6438	8827
6438	9902
6438	9916
6444	1183
6444	3752
6444	9182
6453	2213
6453	9083
6453	9859
6453	9921
6453	9965
6463	5301
6463	8715
6463	9095
6463	9589
6463	9893
6478	6505
6478	8397
6479	6597
6479	6621
6479	6659
6479	7313
6479	7392
6479	7456
6479	7542
6479	8490
6479	8897
6484	2052
6487	936
6487	4730
6487	6597
6487	9056
6487	9237
6489	6883
6489	7385
6489	8185
6489	9558
6489	9987
6496	7897
6505	5106
6505	5566
6505	6478
6505	8887
6505	9389
6506	4858
6506	8188
6506	9834
6509	7392
6509	7511
6509	7875
6509	9769
6510	6820
6510	7438
6510	9910
6510	9963
6544	2281
6544	2897
6544	3353
6544	3654
6544	7161
6544	8281
6544	9270
6544	9422
6544	9968
6546	623
6546	3148
6546	4469
6546	9902
6546	9916
6548	6705
6548	7645
6548	8418
6548	9389
6556	2434
6556	4455
6556	7598
6556	8618
6556	9522
6578	2833
6578	9558
6582	8901
6582	8912
6585	2826
6585	7380
6585	7814
6585	9126
6585	9487
6590	2077
6590	2801
6590	6266
6590	8918
6590	9755
6597	2032
6597	2670
6597	4495
6597	4907
6597	6145
6597	6479
6597	6487
6597	7598
6597	9056
6601	4467
6601	7644
6601	8236
6601	9393
6601	9622
6601	9661
6601	9901
6605	2228
6605	6963
6605	7359
6605	8061
6605	9541
6605	9869
6605	9900
6616	670
6616	2012
6616	5519
6616	7161
6616	9422
6616	9775
6621	6310
6621	6479
6621	7508
6621	7542
6621	8431
6621	8490
6621	8618
6621	8803
6621	8897
6631	8306
6631	8918
6631	9558
6638	7845
6638	9024
6638	9367
6653	3696
6653	8923
6653	8999
6659	3321
6659	6479
6659	9698
6679	2633
6679	2989
6679	7472
6679	7713
6703	670
6703	7824
6705	6548
6705	6903
6705	7625
6705	7645
6705	8651
6705	9003
6720	751
6720	8893
6720	9487
6753	2776
6753	5062
6753	7456
6753	7508
6753	7542
6753	8431
6753	8490
6753	8618
6753	8897
6753	9806
6753	9928
6757	8365
6757	8476
6757	9025
6757	9043
6757	9393
6757	9901
6767	236
6767	8346
6767	8637
6767	9532
6768	3501
6768	8702
6768	9232
6768	9254
6773	907
6773	2553
6773	9405
6777	4380
6777	6823
6777	8187
6777	8662
6777	8905
6778	7734
6778	8251
6778	8308
6778	9928
6778	9941
6778	9963
6785	9597
6786	684
6786	8072
6788	3176
6788	6311
6788	9686
6815	9268
6815	9329
6815	9808
6815	9963
6817	3852
6817	8532
6817	9331
6817	9364
6817	9724
6817	9803
6819	1869
6819	9333
6819	9458
6820	6510
6820	9025
6820	9498
6820	9910
6823	113
6823	1380
6823	3346
6823	6777
6823	7916
6823	7981
6823	8308
6823	9557
6823	9805
6825	9557
6836	4799
6836	9681
6836	9951
6844	1771
6844	4021
6844	4522
6844	8662
6845	2321
6845	3320
6845	7135
6845	7645
6845	8418
6845	9081
6845	9285
6845	9389
6859	7438
6859	7973
6859	9624
6859	9778
6883	2393
6883	5447
6883	6489
6883	8772
6894	2633
6894	8864
6894	9270
6894	9391
6894	9927
6896	9391
6896	9508
6897	3508
6897	7645
6897	9508
6897	9572
6897	9980
6903	6705
6903	8715
6903	9661
6903	9796
6913	6326
6929	5985
6929	7560
6929	9226
6929	9561
6945	6392
6945	9458
6945	9834
6951	1808
6951	2189
6951	2660
6951	2699
6951	3614
6951	5785
6951	5935
6951	6398
6951	7379
6951	9085
6951	9921
6953	9413
6953	9680
6957	2941
6957	5985
6957	8945
6963	533
6963	6605
6963	9597
6963	9900
6990	1391
6990	2660
6990	9413
6990	9694
6990	9886
6994	471
6994	4380
6994	5969
6994	7401
6994	8187
6994	8905
7000	8603
7007	43
7007	4497
7007	5504
7007	5519
7007	9777
7014	7880
7014	7926
7014	8310
7014	8393
7014	8717
7014	8783
7019	4859
7019	6119
7019	8026
7019	9268
7021	6311
7021	7973
7021	9452
7057	2052
7057	2806
7057	4531
7057	6125
7057	7401
7057	8741
7057	8936
7057	9565
7057	9992
7071	43
7071	1747
7071	8546
7081	3501
7081	4563
7081	5425
7081	5796
7081	6266
7081	8651
7081	8972
7081	9108
7081	9765
7082	5362
7082	9597
7082	9802
7085	7206
7085	7695
7085	7947
7085	9517
7085	9750
7085	9815
7089	3740
7089	5398
7089	5490
7089	8456
7089	8945
7092	4903
7092	9597
7097	2213
7097	9379
7097	9402
7097	9859
7102	7554
7102	7790
7102	9548
7128	4910
7128	6252
7128	9180
7128	9386
7128	9777
7135	6005
7135	6845
7135	7392
7135	7550
7135	8364
7135	9987
7136	1768
7136	2077
7136	3326
7136	3654
7136	3877
7136	4858
7145	1391
7145	9588
7157	8487
7157	9875
7158	3753
7158	8596
7158	8773
7158	9349
7161	6544
7161	6616
7161	9270
7161	9775
7170	1014
7170	9548
7170	9601
7170	9646
7182	3112
7182	8676
7182	9680
7187	5399
7187	6311
7187	8027
7187	8271
7187	9120
7187	9412
7191	1982
7191	5636
7191	5789
7191	8827
7191	9458
7191	9620
7196	1706
7196	3353
7196	4693
7196	8546
7196	9644
7196	9661
7196	9907
7198	3176
7198	7560
7198	7943
7198	8418
7199	7461
7199	7981
7199	8251
7199	8308
7199	8411
7199	9805
7206	7085
7206	8779
7206	9339
7206	9368
7216	389
7216	3071
7216	6425
7216	8178
7228	784
7228	9413
7228	9694
7228	9800
7251	1768
7251	9478
7251	9527
7251	9851
7272	7893
7272	8803
7272	9654
7272	9714
7272	9834
7282	108
7282	1835
7282	7560
7282	9775
7289	5985
7289	8803
7291	2415
7291	2573
7291	3184
7291	5329
7291	9095
7291	9748
7291	9841
7291	9922
7292	5390
7292	7961
7292	8986
7308	1640
7308	4848
7308	9974
7309	1238
7309	3677
7309	7994
7309	9934
7313	2695
7313	5602
7313	6479
7313	7456
7313	7508
7313	8618
7313	8897
7338	1014
7338	4633
7338	5496
7338	6125
7338	7430
7338	8138
7338	9364
7338	9748
7338	9869
7356	3440
7356	4522
7356	7950
7356	8603
7357	8637
7357	9330
7357	9815
7357	9931
7359	6605
7359	9780
7362	7598
7366	5570
7366	9681
7376	2826
7376	4949
7376	5841
7376	6336
7376	8420
7376	8646
7376	9748
7379	6951
7380	2633
7380	5247
7380	6336
7380	6585
7380	7462
7380	7688
7381	2662
7381	3112
7381	5969
7381	7845
7381	8187
7381	8905
7385	4022
7385	5530
7385	6252
7385	6489
7385	8185
7385	8720
7385	9465
7385	9987
7392	4227
7392	6479
7392	6509
7392	7135
7392	8364
7392	8465
7392	8563
7401	6994
7401	7057
7401	8067
7401	9565
7405	4059
7405	4291
7405	6423
7405	7598
7405	7795
7405	8602
7405	9859
7409	175
7409	2662
7409	3240
7409	3344
7409	3435
7409	4910
7409	5570
7409	5969
7409	8122
7409	8187
7409	8905
7409	8991
7409	9864
7412	8367
7412	9661
7424	2016
7424	4949
7424	8621
7424	9797
7430	299
7430	1618
7430	5447
7430	5566
7430	6361
7430	7338
7430	8772
7430	9020
7430	9922
7432	3832
7432	5047
7432	9480
7438	3491
7438	4465
7438	4485
7438	4583
7438	6510
7438	6859
7438	7632
7438	7857
7438	9624
7438	9778
7438	9979
7441	2336
7441	8742
7456	4334
7456	6479
7456	6753
7456	7313
7456	7542
7456	8490
7456	8618
7456	8897
7461	2662
7461	5706
7461	7199
7461	8115
7461	8466
7461	8562
7461	9805
7461	9941
7461	9963
7462	2989
7462	3941
7462	5247
7462	5874
7462	7380
7469	2210
7469	7915
7469	8936
7469	9349
7469	9471
7469	9780
7472	1919
7472	2553
7472	4317
7472	5854
7472	6679
7472	9189
7472	9190
7472	9416
7472	9570
7472	9723
7482	2052
7482	3000
7482	3481
7482	3494
7482	8251
7487	2963
7487	3494
7487	3696
7487	8181
7487	8637
7487	8919
7487	9713
7490	4362
7490	9120
7490	9847
7490	9893
7491	4471
7491	9189
7491	9946
7503	3272
7503	5485
7503	9011
7503	9045
7503	9542
7503	9797
7508	2776
7508	4227
7508	6310
7508	6621
7508	6753
7508	7313
7508	8431
7508	8490
7508	8618
7508	8897
7508	9083
7511	3440
7511	6509
7512	7950
7512	9802
7520	7773
7520	8067
7520	9331
7520	9457
7520	9517
7539	2633
7539	9532
7542	6310
7542	6479
7542	6621
7542	6753
7542	7456
7542	8431
7542	8490
7542	8897
7547	190
7547	9478
7547	9710
7550	923
7550	4678
7550	4943
7550	7135
7550	8364
7550	8465
7550	9910
7550	9980
7554	4602
7554	7102
7554	7744
7554	9083
7554	9379
7554	9402
7554	9859
7554	9965
7555	7701
7555	7824
7555	8986
7560	6929
7560	7198
7560	7282
7575	4693
7575	4786
7575	5014
7580	2310
7580	8044
7580	8310
7580	9518
7580	9751
7586	5021
7586	8061
7586	9851
7598	5348
7598	6556
7598	6597
7598	7362
7598	7405
7625	4302
7625	4678
7625	6195
7625	6705
7625	8418
7625	9389
7625	9601
7632	5205
7632	7438
7632	8049
7632	8911
7632	9992
7640	5935
7640	8967
7640	9401
7640	9802
7640	9933
7644	913
7644	5247
7644	6601
7644	8531
7644	8543
7644	9086
7644	9617
7645	6195
7645	6548
7645	6705
7645	6845
7645	6897
7645	8218
7645	9003
7654	913
7654	8646
7654	9364
7654	9992
7664	9607
7664	9967
7688	3609
7688	7380
7688	9686
7688	9901
7688	9933
7690	3207
7690	9359
7695	182
7695	5570
7695	7085
7695	8999
7695	9471
7695	9517
7695	9750
7701	4859
7701	7555
7701	8940
7701	9561
7713	2633
7713	3320
7713	4290
7713	5247
7713	6679
7728	5636
7728	7875
7734	3556
7734	6778
7734	8251
7734	8308
7734	8466
7734	9253
7734	9805
7734	9864
7734	9910
7734	9963
7737	8584
7737	9238
7737	9330
7737	9840
7737	9934
7744	5330
7744	7554
7744	7857
7744	9393
7747	7835
7747	9053
7747	9951
7748	513
7748	5390
7748	5706
7748	7961
7748	8671
7773	3677
7773	7520
7781	5890
7781	9422
7790	1919
7790	5398
7790	7102
7795	2052
7795	2665
7795	5985
7795	7405
7810	9364
7814	6585
7814	7951
7814	9487
7823	5106
7823	8245
7823	8377
7823	8662
7824	4317
7824	4859
7824	4973
7824	6703
7824	7555
7824	8940
7830	981
7830	4248
7830	4476
7830	5620
7830	8981
7830	9796
7830	9800
7830	9902
7835	3740
7835	4612
7835	7747
7835	7944
7835	9458
7845	175
7845	2662
7845	2885
7845	3177
7845	3240
7845	4291
7845	6638
7845	7381
7845	8905
7857	3377
7857	7438
7857	7744
7875	6509
7875	7728
7875	9859
7880	2833
7880	7014
7880	8061
7880	9480
7893	7272
7893	8290
7893	8803
7893	9654
7897	204
7897	5620
7897	6496
7897	7979
7897	8187
7915	1771
7915	4418
7915	4848
7915	7469
7916	3675
7916	4127
7916	5640
7916	6328
7916	6823
7916	8901
7916	9751
7926	7014
7926	8187
7934	4022
7934	9285
7934	9339
7943	7198
7943	9289
7944	7835
7944	9845
7946	5002
7946	5120
7946	5264
7946	5386
7946	8026
7946	8801
7946	9723
7947	4917
7947	7085
7947	8920
7947	9045
7947	9689
7947	9820
7947	9921
7950	7356
7950	7512
7950	8923
7950	9229
7951	251
7951	7814
7951	8801
7951	9126
7951	9487
7961	1608
7961	5562
7961	7292
7961	7748
7961	8692
7961	8986
7961	9349
7961	9714
7973	6859
7973	7021
7973	8306
7979	2825
7979	7897
7979	9043
7981	2841
7981	6060
7981	6823
7981	7199
7981	8411
7981	8466
7981	9557
7981	9963
7988	4559
7988	6242
7988	8236
7988	8850
7988	8986
7988	9043
7988	9393
7988	9622
7988	9901
7994	1327
7994	7309
7994	9800
8026	220
8026	1706
8026	2780
8026	4602
8026	5120
8026	7019
8026	7946
8026	8801
8026	9424
8026	9869
8027	5045
8027	5399
8027	7187
8027	8271
8027	9120
8027	9412
8044	7580
8044	8122
8044	8773
8044	9518
8044	9751
8047	5726
8047	6343
8047	9187
8047	9548
8047	9601
8047	9646
8047	9775
8047	9967
8049	4897
8049	7632
8049	8120
8061	3148
8061	3852
8061	6057
8061	6605
8061	7586
8061	7880
8061	8072
8061	9508
8061	9823
8061	9846
8066	5398
8066	8418
8066	9003
8066	9081
8066	9840
8067	623
8067	3852
8067	5726
8067	5932
8067	7401
8067	7520
8067	8532
8067	9218
8072	5985
8072	6125
8072	6786
8072	8061
8086	6408
8086	9548
8086	9968
8089	2323
8089	3832
8089	5706
8089	9531
8089	9780
8089	9797
8092	1835
8115	7461
8115	9253
8115	9307
8115	9557
8115	9805
8115	9941
8115	9963
8120	4238
8120	4897
8120	8049
8120	9902
8122	2310
8122	4951
8122	7409
8122	8044
8122	9518
8122	9751
8138	6125
8138	7338
8138	8265
8138	9359
8138	9778
8138	9869
8155	8596
8155	8757
8155	9689
8155	9916
8174	4461
8174	4859
8174	8940
8178	7216
8178	8608
8178	8864
8178	9244
8178	9259
8178	9948
8181	3740
8181	4848
8181	7487
8181	8271
8181	8610
8181	9713
8185	2623
8185	4912
8185	6489
8185	7385
8185	8221
8185	9558
8185	9689
8185	9769
8187	2281
8187	2564
8187	2885
8187	3112
8187	4380
8187	5004
8187	6777
8187	6994
8187	7381
8187	7409
8187	7897
8187	7926
8187	8905
8187	9359
8188	1990
8188	6506
8188	8702
8188	9254
8188	9548
8196	3590
8196	8281
8196	8532
8196	8639
8196	9907
8196	9968
8211	1251
8211	5388
8211	5570
8211	6195
8211	8945
8211	9154
8211	9259
8211	9591
8211	9875
8218	3320
8218	3380
8218	5398
8218	7645
8218	9289
8218	9389
8221	2281
8221	6144
8221	8185
8236	6242
8236	6601
8236	7988
8236	8365
8236	9025
8236	9043
8236	9393
8236	9565
8236	9617
8236	9622
8236	9901
8245	5106
8245	7823
8245	8377
8245	8662
8245	9597
8251	1380
8251	5199
8251	5654
8251	6060
8251	6778
8251	7199
8251	7482
8251	7734
8251	8308
8251	9557
8251	9805
8251	9941
8251	9963
8251	9992
8253	4375
8253	8911
8253	9948
8256	8271
8256	9405
8256	9797
8257	8368
8265	1423
8265	4973
8265	5496
8265	8138
8265	8692
8265	8889
8265	9364
8271	5045
8271	5399
8271	5530
8271	7187
8271	8027
8271	8181
8271	8256
8271	9412
8281	1070
8281	5109
8281	6544
8281	8196
8281	8397
8281	9751
8290	7893
8290	9405
8290	9834
8290	9934
8306	3087
8306	3996
8306	6631
8306	7973
8306	8936
8308	6778
8308	6823
8308	7199
8308	7734
8308	8251
8308	8411
8308	9189
8308	9402
8308	9941
8308	9963
8310	2662
8310	7014
8310	7580
8310	9339
8311	9289
8346	6767
8348	9654
8352	6438
8352	9025
8352	9463
8357	1771
8357	3845
8357	5331
8360	3440
8360	9229
8360	9364
8360	9557
8360	9847
8363	4694
8363	8991
8363	9769
8364	533
8364	4530
8364	4943
8364	7135
8364	7392
8364	7550
8364	8411
8365	6757
8365	8236
8365	9043
8365	9393
8365	9622
8365	9901
8365	9979
8367	7412
8367	8676
8367	9680
8367	9820
8368	2633
8368	3959
8368	8257
8368	8405
8377	888
8377	1771
8377	6438
8377	7823
8377	8245
8393	1918
8393	7014
8393	8531
8393	8624
8393	9086
8393	9617
8397	6478
8397	8281
8397	9902
8397	9916
8399	2670
8405	3635
8405	4029
8405	8368
8405	8779
8411	472
8411	3033
8411	3346
8411	5227
8411	6060
8411	7199
8411	7981
8411	8308
8411	8364
8411	8466
8411	9750
8411	9805
8411	9941
8411	9963
8414	1150
8415	9928
8417	2743
8417	8692
8417	9244
8418	6548
8418	6845
8418	7198
8418	7625
8418	8066
8418	8618
8418	9003
8418	9020
8418	9081
8418	9680
8420	4949
8420	5264
8420	6125
8420	7376
8420	9572
8420	9748
8420	9968
8426	2623
8426	9368
8426	9558
8431	2695
8431	2776
8431	3335
8431	6310
8431	6621
8431	6753
8431	7508
8431	7542
8431	8490
8431	8651
8431	8897
8456	3242
8456	5490
8456	7089
8456	8936
8456	8945
8458	8621
8458	8947
8458	9307
8458	9463
8465	923
8465	5490
8465	7392
8465	7550
8466	5832
8466	6005
8466	7461
8466	7734
8466	7981
8466	8411
8466	9557
8466	9698
8466	9805
8466	9922
8466	9941
8466	9963
8474	3614
8474	5425
8474	8981
8476	4467
8476	6757
8476	8543
8476	9043
8476	9393
8476	9622
8476	9901
8487	2317
8487	3648
8487	7157
8487	9148
8487	9541
8487	9875
8490	3335
8490	4334
8490	6310
8490	6479
8490	6621
8490	6753
8490	7456
8490	7508
8490	7542
8490	8431
8490	8618
8531	5399
8531	7644
8531	8393
8531	9086
8531	9617
8532	3440
8532	3852
8532	5932
8532	6817
8532	8067
8532	8196
8532	8940
8532	9331
8532	9412
8533	2190
8533	3996
8533	9624
8543	1744
8543	2263
8543	4693
8543	5014
8543	7644
8543	8476
8546	4469
8546	4633
8546	7071
8546	7196
8546	8991
8546	9379
8546	9402
8546	9859
8546	9965
8552	9329
8552	9480
8557	3852
8557	4177
8557	5106
8557	9223
8557	9433
8557	9617
8562	3845
8562	7461
8563	1327
8563	7392
8563	8905
8563	9803
8584	4165
8584	7737
8584	9238
8584	9934
8584	9987
8596	7158
8596	8155
8596	8742
8602	1869
8602	7405
8602	8783
8602	9979
8603	1251
8603	4669
8603	5388
8603	7000
8603	7356
8603	9154
8603	9591
8608	1990
8608	8178
8608	9043
8608	9254
8610	4238
8610	8181
8618	2695
8618	3335
8618	4334
8618	6556
8618	6621
8618	6753
8618	7313
8618	7456
8618	7508
8618	8418
8618	8490
8618	9646
8621	2016
8621	4458
8621	6119
8621	6326
8621	7424
8621	8458
8621	9632
8621	9797
8621	9875
8624	8393
8624	8940
8624	9875
8637	4583
8637	5146
8637	5988
8637	6767
8637	7357
8637	7487
8637	9330
8637	9815
8639	1314
8639	8196
8639	8738
8639	9413
8639	9694
8646	7376
8646	7654
8646	9613
8651	367
8651	3792
8651	3959
8651	6705
8651	7081
8651	8431
8651	8972
8651	9108
8651	9965
8662	1771
8662	5106
8662	6777
8662	6844
8662	7823
8662	8245
8662	9424
8662	9966
8666	4858
8666	6423
8666	9703
8671	182
8671	3727
8671	4521
8671	7748
8676	6425
8676	7182
8676	8367
8676	9820
8680	1990
8680	5021
8680	6057
8680	6408
8680	9542
8680	9823
8680	9851
8680	9931
8692	7961
8692	8265
8692	8417
8692	9027
8692	9561
8692	9780
8702	4891
8702	6768
8702	8188
8702	9254
8702	9802
8715	907
8715	6463
8715	6903
8715	9095
8715	9589
8715	9886
8715	9893
8717	1643
8717	3858
8717	5205
8717	5620
8717	7014
8717	9349
8720	204
8720	4590
8720	4912
8720	7385
8720	8905
8720	9367
8720	9465
8720	9769
8720	9927
8720	9987
8738	339
8738	1835
8738	8639
8738	9413
8738	9558
8738	9694
8738	9820
8738	9886
8741	7057
8741	8918
8741	9433
8742	1919
8742	2336
8742	7441
8742	8596
8742	9820
8748	2573
8754	3752
8754	9126
8754	9823
8757	2573
8757	8155
8757	9039
8757	9391
8757	9457
8757	9980
8766	4251
8766	4917
8766	6425
8766	8920
8766	9921
8772	6112
8772	6883
8772	7430
8772	9941
8773	1708
8773	2032
8773	5047
8773	7158
8773	8044
8773	8906
8773	9349
8773	9957
8775	2833
8775	6250
8775	9339
8775	9522
8775	9928
8779	4660
8779	7206
8779	8405
8779	9368
8781	932
8781	1744
8781	2251
8781	2793
8781	3481
8781	8889
8781	9570
8781	9806
8783	7014
8783	8602
8783	8850
8783	9796
8783	9979
8786	3654
8786	9148
8786	9339
8786	9818
8794	9570
8794	9965
8801	1706
8801	2284
8801	4175
8801	5002
8801	5120
8801	5377
8801	5386
8801	5867
8801	7946
8801	7951
8801	8026
8801	9053
8801	9329
8801	9368
8803	6621
8803	7272
8803	7289
8803	7893
8803	9478
8803	9654
8827	533
8827	1808
8827	2941
8827	5789
8827	6438
8827	7191
8827	9189
8827	9367
8827	9458
8850	7988
8850	8783
8850	9979
8864	3071
8864	6894
8864	8178
8864	9259
8878	9349
8878	9548
8878	9601
8878	9646
8887	1106
8887	4375
8887	6505
8889	8265
8889	8781
8889	9806
8893	4485
8893	5654
8893	6720
8893	9784
8897	2695
8897	3335
8897	4238
8897	4334
8897	6479
8897	6621
8897	6753
8897	7313
8897	7456
8897	7508
8897	7542
8897	8431
8897	9393
8901	1062
8901	1835
8901	5504
8901	6582
8901	7916
8901	8912
8901	9927
8905	175
8905	3240
8905	3320
8905	3635
8905	5969
8905	6777
8905	6994
8905	7381
8905	7409
8905	7845
8905	8187
8905	8563
8905	8720
8906	1708
8906	3353
8906	8773
8906	9661
8911	3383
8911	4375
8911	4694
8911	5956
8911	7632
8911	8253
8911	9229
8912	5835
8912	6582
8912	8901
8912	9218
8912	9487
8918	2675
8918	6590
8918	6631
8918	8741
8919	2963
8919	4424
8919	7487
8920	6425
8920	7947
8920	8766
8920	9045
8920	9845
8923	513
8923	3648
8923	4079
8923	5927
8923	6653
8923	7950
8923	9180
8923	9386
8936	2210
8936	7057
8936	7469
8936	8306
8936	8456
8936	9780
8940	1744
8940	4859
8940	7701
8940	7824
8940	8174
8940	8532
8940	8624
8945	3242
8945	5736
8945	6957
8945	7089
8945	8211
8945	8456
8945	9003
8947	1504
8947	3000
8947	5636
8947	8458
8947	9307
8947	9802
8949	510
8949	3435
8949	9311
8949	9339
8967	2695
8967	3501
8967	5247
8967	6336
8967	7640
8972	3501
8972	3959
8972	4563
8972	4660
8972	5796
8972	7081
8972	8651
8972	9108
8972	9859
8981	4476
8981	7830
8981	8474
8981	9796
8981	9800
8986	513
8986	5390
8986	5782
8986	7292
8986	7555
8986	7961
8986	7988
8991	7409
8991	8363
8991	8546
8996	5935
8996	9588
8996	9928
8996	9979
8999	6653
8999	7695
8999	9531
9003	1011
9003	3380
9003	4530
9003	5330
9003	5815
9003	6705
9003	7645
9003	8066
9003	8418
9003	8945
9003	9967
9011	3272
9011	3996
9011	5485
9011	5766
9011	7503
9011	9393
9011	9822
9020	688
9020	4612
9020	7430
9020	8418
9024	2189
9024	6638
9025	1150
9025	4467
9025	5835
9025	6242
9025	6757
9025	6820
9025	8236
9025	8352
9025	9541
9025	9622
9025	9901
9025	9927
9027	1504
9027	8692
9027	9922
9039	2573
9039	8757
9039	9413
9039	9457
9039	9710
9039	9980
9043	1150
9043	2752
9043	6242
9043	6757
9043	7979
9043	7988
9043	8236
9043	8365
9043	8476
9043	8608
9043	9393
9043	9622
9043	9901
9043	9910
9045	1601
9045	2213
9045	6250
9045	7503
9045	7947
9045	8920
9045	9541
9045	9921
9053	1423
9053	4469
9053	4693
9053	7747
9053	8801
9053	9886
9056	936
9056	2032
9056	4495
9056	4548
9056	4730
9056	6487
9056	6597
9056	9422
9064	4461
9064	9085
9064	9841
9081	1640
9081	3320
9081	4858
9081	5398
9081	6845
9081	8066
9081	8418
9081	9389
9083	2213
9083	3930
9083	6453
9083	7508
9083	7554
9083	9379
9083	9951
9083	9965
9085	3614
9085	3832
9085	4891
9085	6951
9085	9064
9085	9452
9086	913
9086	7644
9086	8393
9086	8531
9086	9617
9086	9778
9086	9907
9092	5002
9092	9617
9092	9714
9095	907
9095	2801
9095	6292
9095	6463
9095	7291
9095	8715
9095	9589
9095	9893
9095	9901
9101	2637
9101	2806
9101	6414
9101	9325
9101	9401
9101	9487
9101	9565
9108	367
9108	3501
9108	3792
9108	4563
9108	5796
9108	5874
9108	7081
9108	8651
9108	8972
9120	3353
9120	5045
9120	7187
9120	7490
9120	8027
9120	9412
9126	528
9126	533
9126	4127
9126	4335
9126	6585
9126	7951
9126	8754
9126	9834
9126	9922
9130	3176
9130	3387
9148	6185
9148	8487
9148	8786
9153	1380
9153	6036
9153	9254
9153	9522
9154	1251
9154	4669
9154	5388
9154	8211
9154	8603
9154	9591
9180	3648
9180	4251
9180	6112
9180	6252
9180	7128
9180	8923
9180	9386
9180	9777
9182	2743
9182	6444
9182	9927
9187	4898
9187	5465
9187	5841
9187	5976
9187	6000
9187	8047
9187	9617
9188	3572
9188	9471
9188	9557
9188	9859
9188	9979
9189	7472
9189	7491
9189	8308
9189	8827
9189	9723
9190	574
9190	2041
9190	7472
9190	9676
9190	9840
9190	9859
9193	2707
9193	3546
9193	9884
9218	2841
9218	3792
9218	8067
9218	8912
9223	8557
9223	9751
9226	5577
9226	6929
9226	9922
9226	9931
9229	4455
9229	7950
9229	8360
9229	8911
9229	9333
9229	9607
9232	5512
9232	5890
9232	6768
9232	9963
9237	2190
9237	2707
9237	5789
9237	6487
9238	5832
9238	7737
9238	8584
9238	9934
9239	9644
9239	9902
9239	9992
9244	4251
9244	8178
9244	8417
9244	9847
9253	244
9253	6060
9253	7734
9253	8115
9253	9557
9253	9941
9253	9963
9254	6768
9254	8188
9254	8608
9254	8702
9254	9153
9259	389
9259	510
9259	2032
9259	4532
9259	8178
9259	8211
9259	8864
9259	9508
9268	5726
9268	6815
9268	7019
9268	9329
9268	9808
9270	1835
9270	2897
9270	4133
9270	5662
9270	6544
9270	6894
9270	7161
9270	9422
9270	9591
9270	9968
9273	389
9273	6392
9273	9847
9274	3429
9274	5590
9274	9607
9274	9869
9274	9965
9285	6845
9285	7934
9285	9364
9285	9624
9289	3176
9289	7943
9289	8218
9289	8311
9289	9433
9289	9522
9307	3822
9307	5570
9307	8115
9307	8458
9307	8947
9307	9463
9311	3148
9311	4418
9311	8949
9317	2393
9317	9620
9317	9644
9317	9748
9325	3294
9325	3858
9325	9101
9325	9457
9325	9465
9325	9820
9329	2284
9329	4471
9329	5726
9329	6815
9329	8552
9329	8801
9329	9268
9329	9714
9329	9808
9329	9900
9330	4951
9330	5988
9330	7357
9330	7737
9330	8637
9330	9815
9331	3852
9331	5932
9331	6162
9331	6817
9331	7520
9331	8532
9333	1706
9333	3925
9333	6265
9333	6819
9333	9229
9339	188
9339	6250
9339	7206
9339	7934
9339	8310
9339	8775
9339	8786
9339	8949
9339	9893
9349	5047
9349	7158
9349	7469
9349	7961
9349	8717
9349	8773
9349	8878
9349	9755
9349	9957
9359	5496
9359	6035
9359	7690
9359	8138
9359	8187
9359	9364
9359	9869
9364	4973
9364	5496
9364	6125
9364	6817
9364	7338
9364	7654
9364	7810
9364	8265
9364	8360
9364	9285
9364	9359
9364	9498
9364	9869
9367	6638
9367	8720
9367	8827
9368	7206
9368	8426
9368	8779
9368	8801
9368	9607
9379	3326
9379	7097
9379	7554
9379	8546
9379	9083
9379	9402
9379	9802
9379	9965
9386	4302
9386	7128
9386	8923
9386	9180
9386	9478
9386	9777
9389	2321
9389	3320
9389	5398
9389	6195
9389	6505
9389	6548
9389	6845
9389	7625
9389	8218
9389	9081
9391	1747
9391	4769
9391	5264
9391	6162
9391	6894
9391	6896
9391	8757
9391	9927
9393	182
9393	4559
9393	6000
9393	6601
9393	6757
9393	7744
9393	7988
9393	8236
9393	8365
9393	8476
9393	8897
9393	9011
9393	9043
9393	9522
9393	9622
9393	9901
9401	2806
9401	4527
9401	4897
9401	7640
9401	9101
9401	9591
9401	9847
9402	2228
9402	4633
9402	7097
9402	7554
9402	8308
9402	8546
9402	9379
9402	9859
9405	1504
9405	2553
9405	3508
9405	4455
9405	6773
9405	8256
9405	8290
9405	9412
9405	9416
9412	5045
9412	5399
9412	6392
9412	7187
9412	8027
9412	8271
9412	8532
9412	9120
9412	9405
9412	9859
9413	1391
9413	3508
9413	3537
9413	5061
9413	6953
9413	6990
9413	7228
9413	8639
9413	8738
9413	9039
9413	9694
9413	9886
9416	7472
9416	9405
9422	1835
9422	2310
9422	5662
9422	5866
9422	6544
9422	6616
9422	7781
9422	9056
9422	9270
9422	9680
9422	9775
9422	9968
9424	143
9424	1706
9424	2284
9424	2780
9424	4175
9424	5002
9424	5120
9424	5867
9424	8026
9424	8662
9424	9601
9424	9859
9433	4177
9433	5559
9433	8557
9433	8741
9433	9289
9452	4522
9452	6311
9452	7021
9452	9085
9457	7520
9457	8757
9457	9039
9457	9325
9457	9980
9458	740
9458	6819
9458	6945
9458	7191
9458	7835
9458	8827
9463	5636
9463	8352
9463	8458
9463	9307
9463	9884
9465	1070
9465	4022
9465	4912
9465	5530
9465	6180
9465	7385
9465	8720
9465	9325
9465	9558
9465	9698
9465	9769
9465	9987
9471	1391
9471	4910
9471	7469
9471	7695
9471	9188
9471	9893
9478	386
9478	4291
9478	5602
9478	7251
9478	7547
9478	8803
9478	9386
9480	4335
9480	5602
9480	7432
9480	7880
9480	8552
9487	1014
9487	4917
9487	6585
9487	6720
9487	7814
9487	7951
9487	8912
9487	9101
9498	2963
9498	6820
9498	9364
9498	9802
9498	9966
9508	2825
9508	6112
9508	6896
9508	6897
9508	8061
9508	9259
9508	9572
9508	9613
9508	9755
9508	9901
9517	7085
9517	7520
9517	7695
9517	9565
9517	9750
9518	2310
9518	4951
9518	7580
9518	8044
9518	8122
9518	9751
9522	3572
9522	6556
9522	8775
9522	9153
9522	9289
9522	9393
9522	9845
9522	9967
9527	386
9527	1768
9527	4522
9527	5566
9527	5602
9527	7251
9527	9565
9527	9710
9531	1640
9531	5854
9531	8089
9531	8999
9531	9974
9532	236
9532	6767
9532	7539
9541	6605
9541	8487
9541	9025
9541	9045
9541	9900
9542	1608
9542	1618
9542	5179
9542	5874
9542	7503
9542	8680
9548	2321
9548	4669
9548	7102
9548	7170
9548	8047
9548	8086
9548	8188
9548	8878
9548	9601
9548	9646
9548	9907
9557	1380
9557	3346
9557	6326
9557	6328
9557	6823
9557	6825
9557	7981
9557	8115
9557	8251
9557	8360
9557	8466
9557	9188
9557	9253
9557	9694
9557	9805
9557	9941
9557	9963
9558	204
9558	2263
9558	2434
9558	4590
9558	5530
9558	5835
9558	6489
9558	6578
9558	6631
9558	8185
9558	8426
9558	8738
9558	9465
9558	9769
9558	9987
9558	9992
9561	2426
9561	3648
9561	6180
9561	6929
9561	7701
9561	8692
9565	1990
9565	4527
9565	7057
9565	7401
9565	8236
9565	9101
9565	9517
9565	9527
9570	3346
9570	7472
9570	8781
9570	8794
9572	3481
9572	5062
9572	6897
9572	8420
9572	9508
9572	9613
9572	9902
9588	7145
9588	8996
9588	9928
9589	2801
9589	5301
9589	6463
9589	8715
9589	9095
9589	9893
9591	1251
9591	3321
9591	3556
9591	4669
9591	8211
9591	8603
9591	9154
9591	9270
9591	9401
9597	1927
9597	4029
9597	4467
9597	5262
9597	6785
9597	6963
9597	7082
9597	7092
9597	8245
9597	9869
9601	7170
9601	7625
9601	8047
9601	8878
9601	9424
9601	9548
9601	9646
9601	9968
9607	528
9607	7664
9607	9229
9607	9274
9607	9368
9607	9967
9613	4021
9613	8646
9613	9508
9613	9572
9613	9979
9617	913
9617	1918
9617	7644
9617	8236
9617	8393
9617	8531
9617	8557
9617	9086
9617	9092
9617	9187
9620	7191
9620	9317
9620	9980
9622	182
9622	4335
9622	4559
9622	6601
9622	7988
9622	8236
9622	8365
9622	8476
9622	9025
9622	9043
9622	9393
9622	9901
9624	4465
9624	4531
9624	4583
9624	5247
9624	6859
9624	7438
9624	8533
9624	9285
9624	9778
9632	8621
9632	9892
9632	9893
9644	2743
9644	7196
9644	9239
9644	9317
9644	9928
9646	2281
9646	5559
9646	7170
9646	8047
9646	8618
9646	8878
9646	9548
9646	9601
9654	1747
9654	6162
9654	7272
9654	7893
9654	8348
9654	8803
9661	1708
9661	3353
9661	6601
9661	6903
9661	7196
9661	7412
9661	8906
9661	9713
9661	9864
9661	9892
9676	9190
9680	2695
9680	6953
9680	7182
9680	8367
9680	8418
9680	9422
9680	9820
9680	9934
9681	6836
9681	7366
9686	6788
9686	7688
9686	9902
9689	7947
9689	8155
9689	8185
9694	784
9694	4181
9694	5785
9694	6990
9694	7228
9694	8639
9694	8738
9694	9413
9694	9557
9694	9886
9698	2665
9698	3556
9698	4694
9698	5431
9698	6414
9698	6659
9698	8466
9698	9465
9698	9724
9703	6145
9703	8666
9710	190
9710	4694
9710	4951
9710	7547
9710	9039
9710	9527
9713	2963
9713	3696
9713	4424
9713	6288
9713	7487
9713	8181
9713	9661
9714	582
9714	7272
9714	7961
9714	9092
9714	9329
9714	9750
9714	9883
9714	9948
9723	3676
9723	4317
9723	7472
9723	7946
9723	9189
9723	9784
9723	9922
9724	312
9724	6266
9724	6817
9724	9698
9724	9755
9748	923
9748	4859
9748	4949
9748	7291
9748	7338
9748	7376
9748	8420
9748	9317
9750	7085
9750	7695
9750	8411
9750	9517
9750	9714
9751	2323
9751	5045
9751	7580
9751	7916
9751	8044
9751	8122
9751	8281
9751	9223
9751	9518
9751	9803
9755	312
9755	6266
9755	6590
9755	9349
9755	9508
9755	9724
9765	888
9765	5205
9765	7081
9769	204
9769	2623
9769	4022
9769	4590
9769	4912
9769	5530
9769	6180
9769	6509
9769	8185
9769	8363
9769	8720
9769	9465
9769	9558
9769	9968
9769	9987
9775	670
9775	2281
9775	5662
9775	5866
9775	6616
9775	7161
9775	7282
9775	8047
9775	9422
9775	9968
9777	4079
9777	5227
9777	7007
9777	7128
9777	9180
9777	9386
9778	3491
9778	4465
9778	4531
9778	4583
9778	6057
9778	6859
9778	7438
9778	8138
9778	9086
9778	9624
9778	9851
9780	2210
9780	7359
9780	7469
9780	8089
9780	8692
9780	8936
9784	3919
9784	4891
9784	5654
9784	8893
9784	9723
9796	981
9796	4476
9796	6903
9796	7830
9796	8783
9796	8981
9796	9800
9796	9869
9797	4614
9797	4891
9797	4897
9797	4930
9797	6119
9797	6326
9797	7424
9797	7503
9797	8089
9797	8256
9797	8621
9797	9927
9800	981
9800	4476
9800	7228
9800	7830
9800	7994
9800	8981
9800	9796
9802	175
9802	4923
9802	7082
9802	7512
9802	7640
9802	8702
9802	8947
9802	9379
9802	9498
9802	9967
9803	4917
9803	6817
9803	8563
9803	9751
9803	9946
9805	6060
9805	6823
9805	7199
9805	7461
9805	7734
9805	8115
9805	8251
9805	8411
9805	8466
9805	9557
9805	9941
9805	9963
9806	1199
9806	3481
9806	5262
9806	6753
9806	8781
9806	8889
9808	5726
9808	6815
9808	9268
9808	9329
9815	1391
9815	5988
9815	7085
9815	7357
9815	8637
9815	9330
9818	4903
9818	8786
9820	7947
9820	8367
9820	8676
9820	8738
9820	8742
9820	9325
9820	9680
9822	4455
9822	9011
9822	9840
9823	913
9823	5021
9823	8061
9823	8680
9823	8754
9823	9846
9823	9851
9834	936
9834	3294
9834	4335
9834	5227
9834	6343
9834	6506
9834	6945
9834	7272
9834	8290
9834	9126
9834	9886
9840	4722
9840	7737
9840	8066
9840	9190
9840	9822
9841	3184
9841	7291
9841	9064
9841	9922
9845	236
9845	7944
9845	8920
9845	9522
9845	9987
9846	1327
9846	4848
9846	8061
9846	9823
9847	2077
9847	3930
9847	7490
9847	8360
9847	9244
9847	9273
9847	9401
9851	7251
9851	7586
9851	8680
9851	9778
9851	9823
9859	6162
9859	6453
9859	7097
9859	7405
9859	7554
9859	7875
9859	8546
9859	8972
9859	9188
9859	9190
9859	9402
9859	9412
9859	9424
9859	9965
9864	574
9864	7409
9864	7734
9864	9661
9864	9922
9869	4973
9869	6035
9869	6125
9869	6605
9869	7338
9869	8026
9869	8138
9869	9274
9869	9359
9869	9364
9869	9597
9869	9796
9875	2317
9875	2806
9875	5559
9875	7157
9875	8211
9875	8487
9875	8621
9875	8624
9877	1643
9877	4059
9877	4869
9877	9951
9877	9974
9883	3852
9883	9714
9884	2880
9884	3546
9884	4512
9884	5559
9884	5736
9884	6185
9884	9193
9884	9463
9886	339
9886	3677
9886	4181
9886	6990
9886	8715
9886	8738
9886	9053
9886	9413
9886	9694
9886	9834
9892	2426
9892	5841
9892	9632
9892	9661
9893	907
9893	2801
9893	5301
9893	6463
9893	7490
9893	8715
9893	9095
9893	9339
9893	9471
9893	9589
9893	9632
9893	9948
9900	2469
9900	5280
9900	6605
9900	6963
9900	9329
9900	9541
9901	182
9901	688
9901	3387
9901	4380
9901	4424
9901	4471
9901	5976
9901	6242
9901	6601
9901	6757
9901	7688
9901	7988
9901	8236
9901	8365
9901	8476
9901	9025
9901	9043
9901	9095
9901	9393
9901	9508
9901	9622
9902	981
9902	6438
9902	6546
9902	7830
9902	8120
9902	8397
9902	9239
9902	9572
9902	9686
9902	9916
9907	3387
9907	5789
9907	7196
9907	8196
9907	9086
9907	9548
9910	2336
9910	3941
9910	6510
9910	6820
9910	7550
9910	7734
9910	9043
9910	9967
9916	275
9916	4858
9916	5566
9916	6438
9916	6546
9916	8155
9916	8397
9916	9902
9921	1706
9921	4848
9921	4917
9921	6425
9921	6453
9921	6951
9921	7947
9921	8766
9921	9045
9922	220
9922	1918
9922	2213
9922	3184
9922	5329
9922	6265
9922	7291
9922	7430
9922	8466
9922	9027
9922	9126
9922	9226
9922	9723
9922	9841
9922	9864
9927	5264
9927	5988
9927	6894
9927	8720
9927	8901
9927	9025
9927	9182
9927	9391
9927	9797
9927	9975
9928	6753
9928	6778
9928	8415
9928	8775
9928	8996
9928	9588
9928	9644
9931	3822
9931	3852
9931	4512
9931	4689
9931	5577
9931	7357
9931	8680
9931	9226
9933	3609
9933	3845
9933	7640
9933	7688
9934	4165
9934	5985
9934	7309
9934	7737
9934	8290
9934	8584
9934	9238
9934	9680
9941	472
9941	3676
9941	4461
9941	6778
9941	7461
9941	8115
9941	8251
9941	8308
9941	8411
9941	8466
9941	8772
9941	9253
9941	9557
9941	9805
9941	9963
9946	5431
9946	6242
9946	7491
9946	9803
9948	3383
9948	4375
9948	8178
9948	8253
9948	9714
9948	9893
9951	2695
9951	4799
9951	6836
9951	7747
9951	9083
9951	9877
9957	4465
9957	5047
9957	6252
9957	8773
9957	9349
9963	472
9963	1380
9963	3537
9963	6510
9963	6778
9963	6815
9963	7461
9963	7734
9963	7981
9963	8115
9963	8251
9963	8308
9963	8411
9963	8466
9963	9232
9963	9253
9963	9557
9963	9805
9963	9941
9965	4469
9965	4633
9965	4907
9965	6453
9965	7554
9965	8546
9965	8651
9965	8794
9965	9083
9965	9274
9965	9379
9965	9859
9966	751
9966	5927
9966	8662
9966	9498
9967	3996
9967	5566
9967	7664
9967	8047
9967	9003
9967	9522
9967	9607
9967	9802
9967	9910
9968	108
9968	670
9968	2281
9968	5662
9968	6544
9968	8086
9968	8196
9968	8420
9968	9270
9968	9422
9968	9601
9968	9769
9968	9775
9974	2963
9974	7308
9974	9531
9974	9877
9975	2393
9975	5744
9975	9927
9979	7438
9979	8365
9979	8602
9979	8783
9979	8850
9979	8996
9979	9188
9979	9613
9980	6035
9980	6897
9980	7550
9980	8757
9980	9039
9980	9457
9980	9620
9987	2623
9987	4022
9987	4669
9987	4912
9987	4923
9987	6180
9987	6489
9987	7135
9987	7385
9987	8584
9987	8720
9987	9465
9987	9558
9987	9769
9987	9845
9992	5766
9992	7057
9992	7632
9992	7654
9992	8251
9992	9239
9992	9558
