0 0.0
0.0009765625 6523.86161037
0.000987865029506 7794.81259384
0.000989203309913 7816.60680269
0.000997946434233 7715.22553138
0.00102881215815 8277.07187356
0.00103090349449 10294.7807773
0.00104920741576 11345.8729038
0.00105062879791 8212.66507188
0.00105991483457 13294.9102493
0.00106206939543 14657.0322998
0.00110160912095 12180.4179531
0.0011287833866 21101.3182413
0.00114960309195 19087.5648013
0.00121521701248 32320.3745514
0.00121603987322 27142.428291
0.00121933689179 30660.3315726
0.00123679346133 34436.5970132
0.00128023555813 39244.7035362
0.00131537283812 36777.274998
0.00136619108646 45611.5687699
0.00145299171042 47523.3649164
0.0014549601072 47205.8628875
0.00145791770341 50109.5308454
0.00154008592784 50352.6757495
0.00154112876729 53512.5590979
0.00155580288217 56089.1855259
0.00157380941834 54687.0163754
0.00162578428399 59007.6795396
0.0016290891261 57037.945459
0.00164015386198 58100.7364101
0.00171974008109 60249.8572964
0.00173259291414 57497.1949641
0.00177173064014 59237.6976266
0.00187031890761 66004.9768512
0.00196107357024 65250.4690076
0.00203821709195 67917.8900101
0.00216771472746 70904.7929834
0.00222720971557 73291.8412216
0.00223022696088 72479.3866293
0.0022729001148 71456.7514837
0.00255700708789 77804.4085703
0.00263787835135 80315.2512191
0.00267564339167 78513.0679098
0.00267745515193 79072.444745
0.00269746566657 80304.025552
0.00269929220337 80382.9289971
0.00274721873793 80986.3963296
0.00291386234119 81659.2974152
0.00291583540682 81448.1591832
0.00308017185568 84270.4379071
0.00308225753459 86139.3915531
0.0030927071324 83792.0780448
0.00329588772378 86648.985657
0.0033137840682 87489.5955497
0.0033160279331 87558.9065178
0.0033182733174 85931.5054173
0.00332052022211 87482.9142991
0.00350766470235 90092.9190113
0.00351003984978 89642.5959584
0.00381996050503 91619.4865809
0.00398638530146 93115.0581198
0.00398908460531 92485.9463117
0.00399178573693 93076.9371293
0.00423965933827 94645.7670965
0.00425691334404 94997.355113
0.00425979583072 95466.9259033
0.00450292487852 95876.0873967
0.00461087992854 98177.9731704
0.0047728360663 99525.6976285
0.00482807586966 98065.8663345
0.00493045839998 99832.880783
0.00529006073022 100802.78407
0.00555426797722 101805.636473
0.00571831055074 103272.093469
0.00573769700522 103513.816415
0.00595533523607 103779.976045
0.00631230579421 105331.171041
0.00643744146812 105077.724239
0.00689761107786 106407.275304
0.00690228166203 106627.278341
0.0070153294047 106961.071759
0.00702007969956 107622.880932
0.00728142987655 107506.091176
0.00752189821733 109182.049665
0.00762442232903 109530.98536
0.0079136264793 109418.372392
0.00791898503868 108755.663711
0.00809786783572 109469.425116
0.00857165240313 110796.754147
0.00857745653206 110448.004098
0.00859489251043 110961.501005
0.00860071237595 110555.476726
0.00870025521669 111280.862008
0.00904862352995 111016.569791
0.00906701728146 111171.152475
0.00936645443027 112865.557364
0.0095005487599 112069.352822
0.00958451984864 112998.697233
0.00968888842694 113557.517443
0.0103324078875 114020.822689
0.010346405406 114391.313441
0.0105872855854 114225.315994
0.0106231790418 115135.296662
0.0107971688135 115066.280742
0.0111085359544 115038.647478
0.0111991360419 116100.818206
0.0117505100223 115907.46682
0.011766428672 115914.787534
0.011782368887 116117.147139
0.0117903470906 116310.597171
0.0127966861169 116976.541676
0.0128053511458 116999.249842
0.0128140220421 117219.835609
0.0128226988097 117513.547776
0.013417627779 117983.078651
0.0134267132666 118393.742139
0.0137952221557 117948.0986
0.0140021955956 118418.998713
0.0146122313665 118604.183596
0.0146419346415 118604.025024
0.0147214388987 119174.187938
0.0147314072368 119424.896151
0.0147413823248 119036.094705
0.0148013748561 119557.082465
0.0153109023926 119521.790884
0.0155827508763 119913.259904
0.0161847764625 119971.367179
0.0170046168834 120551.781439
0.0170161312314 120703.949322
0.0170391833229 120074.795862
0.019208005906 121582.925455
0.0192210122363 121784.423992
0.0193123034786 121487.220833
0.0209606624734 122149.911397
0.0209748555813 122075.725234
0.0221870147187 122043.801735
0.0228887303773 122065.009648
0.0257672018293 122489.831105
0.0257846495925 122469.472723
0.0278908845519 122601.762412
0.0341014421538 123028.088804
0.034124533287 122794.881591
0.0341476400559 123021.183301
0.034170762471 122909.63643
0.0386507608642 123023.16735
0.0387031218187 123064.880107
0.0424639625147 123141.938496
0.0424927161671 123089.206029
0.0435409176891 123080.9799
0.0474174700374 123105.91075
0.0520250970876 123224.824062
0.052520462736 123172.245494
0.053961936684 123161.100269
0.0592054994246 123163.344838
0.0618267508246 122961.080318
0.0628819192849 123116.542373
0.0630097436324 123119.659347
0.0664259435083 123184.744273
0.0666962750423 123157.310861
0.0688522894583 123075.319915
0.0714639453986 123057.07964
0.0718033672914 123091.964075
0.0718519875552 123101.086712
0.0744261348461 123027.113619
0.0746279245686 122956.446025
0.0776686695072 123020.482728
0.077826551886 122831.373602
0.078461297314 122854.526739
0.0833334236286 122931.857107
0.0833898512475 122815.142877
0.0836159440706 122669.157212
0.0836725629928 122894.492761
0.0837292202533 122714.974607
0.0882687681922 122736.547161
0.0908757428564 122477.028819
0.0909372776112 122511.143467
0.0911221319907 122498.182388
0.0952208867921 122434.609327
0.0958676248651 122294.875059
0.100044304161 122085.413135
0.10045145126 121857.81097
0.102651051621 121882.257643
0.102720559799 121974.443236
0.102859717385 121814.075264
0.107777864551 121824.076831
0.107996951935 121797.362547
0.11021247022 121899.161729
0.111036165903 121609.998287
0.111111351899 121246.957063
0.111563538207 121305.657249
0.117135477132 120902.68636
0.119862570614 120569.632346
0.120106223401 120840.838625
0.120921982108 120816.89434
0.124915415938 120456.369889
0.125 120257.240796
0.125084641337 120019.603887
0.125423780204 119916.899456
0.125593694294 119975.069789
0.133302287015 119961.986236
0.133392550085 119291.053173
0.136405768615 119276.47543
0.137053635227 119472.570644
0.142831175424 118952.538241
0.142927890797 118577.615568
0.143898653744 118300.634941
0.148349329619 118343.263426
0.153664047248 117517.650722
0.153872218989 117516.897085
0.153976410592 117313.089806
0.159384797961 116828.187602
0.16035875201 116993.014392
0.166666847257 115625.73418
0.166779702495 114876.149207
0.167005642276 115395.409356
0.176537536384 114762.227099
0.17725598554 115041.779214
0.178580744796 115042.936333
0.181874555222 113740.827826
0.185103778478 113720.020507
0.187499796836 114317.01612
0.187626758703 113357.418803
0.191865079553 113407.01725
0.192125002993 113190.486032
0.199277614599 113135.33078
0.200088608322 111188.46457
0.20022409446 111041.12797
0.205719434769 111164.086451
0.214391603893 110058.285804
0.222072331805 110276.637296
0.222222703797 108947.708189
0.222976092459 109123.54739
0.230808078394 108037.468436
0.235702515789 107710.799126
0.235862117197 107852.790627
0.25 104906.830498
0.250169282673 104586.288802
0.250338679973 103863.890095
0.251357475278 104135.155972
0.266785100169 103619.694611
0.272811537231 103042.60248
0.273181120447 102515.308936
0.274107270454 103037.254009
0.285855781594 100268.56615
0.286824901766 100946.67139
0.28701911971 100730.842548
0.298107845646 100136.498956
0.300742687168 99295.0693304
0.308161345491 98547.0667971
0.310464453018 98849.3799951
0.333333694514 93356.5400347
0.33355940499 94093.9745509
0.333785268301 93723.6470007
0.336963460465 93317.039587
0.338563886734 93376.1021469
0.363011192942 92232.6096905
0.363995416132 91512.0315668
0.375253517407 89983.9943358
0.380883547168 90496.1148263
0.399365399477 89321.7338984
0.400177216645 87568.0223056
0.400448188921 87461.7590502
0.415637704035 86682.0980669
0.428493061982 86528.115352
0.428783207787 85059.3083689
0.429073550057 85035.23335
0.430528213069 84820.6728282
0.43198780774 84762.9167756
0.444445407594 83755.7739446
0.44625415283 83280.9251563
0.489617341633 83054.0477644
0.489948876563 82939.6858391
0.491942805808 82415.8064423
0.5 69146.9930556
0.500338565347 68482.3261716
0.500677359946 68938.9294763
0.501355637525 69326.0445275
0.504077949059 68954.0544559
0.519317050981 69050.1017011
0.549328933833 68847.9627007
0.551191291654 69012.6197056
0.571324701697 66881.6574029
0.571711563189 66522.4907405
0.573649803531 66119.7968457
0.575594614976 66285.0406135
0.600265174554 63139.3502791
0.60762367999 62823.0227911
0.654150868869 63437.6414249
0.655480605762 63131.778035
0.666667389029 55443.1330762
0.66711880998 55877.2252618
0.667570536602 55242.2496552
0.691954940982 55334.4816814
0.747971231605 55162.9429398
0.750507034813 51948.1890323
0.799812855456 51427.6786808
0.801981368096 50683.3581653
0.846034888175 49954.1822595
0.848328721459 50023.3521207
0.850053176859 50215.8300704
1 0.0
