0 0.0
0.0009765625 912.799228629
0.00112420823238 1494.46446667
0.0011356810529 1594.88835859
0.001207836277 1473.67005995
0.00120947255684 2271.60334413
0.00122928167925 1773.88365316
0.00129592965586 1644.44944892
0.00129680716961 2946.87461154
0.00134873283329 4551.39579417
0.00134964610168 3244.53468005
0.00138856699431 3597.67947853
0.00140368749751 4175.85174635
0.00153280578346 5102.36890828
0.00153696164154 6623.90170995
0.00153800236544 5541.48858792
0.00157594148927 7168.97663842
0.00158664524762 7135.08361978
0.00158987052916 7069.19909801
0.00166250929845 8210.40903206
0.00167833915832 9098.81361628
0.00173729045008 9751.17507344
0.00175264558106 10019.2454524
0.00187285266584 10439.9687316
0.00189324669425 10506.4221107
0.00199859674424 11597.3328645
0.00200673036937 10933.5432934
0.00213711878394 12373.0151957
0.00222419655226 12151.576696
0.00253288975518 14177.1307931
0.00283410588477 16846.398762
0.00285335506676 15863.2027014
0.00304081102203 16705.5824162
0.00313273971912 16687.3546474
0.00314336046374 16919.01378
0.0033137840682 17329.918908
0.00346753221197 17649.9107661
0.00353866737719 17799.5330848
0.00377625492275 17879.3962467
0.00445140524802 19738.9027415
0.00445441943114 19719.7379529
0.00458908382549 19980.1242871
0.00504183305026 20299.7640424
0.00504524703016 20570.6551672
0.00505208192668 20344.7249838
0.00567973392853 20853.8251605
0.00626123976063 21644.5291629
0.00629097785918 21878.5067138
0.00657395165645 22038.4916638
0.00671335663329 22081.7478737
0.00686500536178 22168.9454872
0.00697272113796 22291.251617
0.00741071328655 22673.8758341
0.00747621325699 22412.9996515
0.00748127563046 22266.3868338
0.00856005592509 23512.4290152
0.0089997557462 24154.3140149
0.00902415655942 23858.0271156
0.00970858368839 24300.5632043
0.0109888749517 24948.3503186
0.0113825590188 24999.7367571
0.0115377042652 25312.3737394
0.0124380009052 25612.07977
0.0124464230574 25776.6147978
0.0137579206487 26054.8050001
0.0143378902311 26044.7045887
0.0143670358342 26507.0651098
0.0145431578479 26228.9434407
0.0149726828636 26545.5725309
0.0169586373531 27227.0522997
0.0185562226879 27513.4595172
0.0218738588221 27995.2553466
0.0219183233003 27999.9767444
0.0220970869121 27989.5037298
0.0242278887138 28471.4647568
0.0243100271108 28310.1504008
0.0243594437537 28218.6328436
0.0248760018104 28280.2227895
0.0248928461147 28484.063302
0.0267989504867 28653.0955133
0.0268534265332 28634.7665875
0.0277778379746 28792.5976321
0.0280423292969 28793.3147779
0.0310391825858 28997.8435779
0.0341014421538 29400.4856691
0.034124533287 29329.4601328
0.0416667118143 29746.5773576
0.0416949256237 29613.6826893
0.0418646101267 29587.334524
0.0496846947764 29810.3864963
0.0497183378082 29778.1027815
0.0502257256302 29938.6020244
0.057235215016 29952.5571082
0.0651788123681 30005.0361408
0.0652671114017 30171.948392
0.0689455650244 30155.4525228
0.0743254446877 30258.2567163
0.0829394979751 30231.7088453
0.0833334236286 30289.7207601
0.0833898512475 30289.5144301
0.0916169161566 30162.4535163
0.0918031520836 30202.6038347
0.100044304161 30142.6587448
0.100315551787 30195.8982687
0.10058753484 30331.2968487
0.109765760023 30168.8441883
0.112245270475 30196.6848025
0.125 30210.2426587
0.125084641337 30102.0970726
0.125254095988 30201.9967841
0.142927890797 30042.8012593
0.143024671659 30055.3693261
0.143121518054 29959.7724557
0.166666847257 29634.8493357
0.167912466398 29521.8249287
0.181014815518 29641.0504891
0.183482062831 29615.6015389
0.200088608322 29003.6543707
0.20035967234 29139.0183287
0.200495342024 29307.2329931
0.200902902521 29051.4102657
0.220723554492 29036.1077439
0.223127076415 28672.2495047
0.23159057355 28814.7085676
0.249492838964 28519.5070919
0.25 27922.3184134
0.258256219755 27858.8937038
0.277843375836 27424.3159004
0.285855781594 27429.3191402
0.286049343318 27384.9603999
0.286243036108 27379.5975101
0.289164216442 27490.6615353
0.317477567636 27355.0805472
0.317907660813 27385.5548226
0.318122925847 27269.9225685
0.32071750402 27035.3932678
0.333333694514 26039.2686221
0.372217747381 26091.7984909
0.377291106898 25803.8320019
0.400177216645 24914.4788371
0.400448188921 25135.5753884
0.417894575667 25050.7916272
0.419311339254 24945.459246
0.439063040093 24784.406537
0.482706697747 24531.779722
0.5 20942.8425782
0.501355637525 20754.1793057
0.50441927571 20493.3283332
0.52178357554 20267.5480238
0.522136891214 20288.5036465
0.569779871747 20020.1585366
0.575984367757 20128.3807057
0.581468699086 19945.3671759
0.581862429389 20269.8294193
0.59783219602 19719.3007583
0.614656188992 19361.8329503
0.617575531968 19395.3052792
0.666667389029 17598.2596254
0.799812855456 16867.2420094
0.800354433289 16477.1902284
0.805245165975 16745.5190254
1 0.0
