4	5224
4	7329
4	8294
4	9507
25	9338
25	9998
49	9049
104	411
104	3829
104	5522
104	7497
104	8758
104	9288
150	1409
150	3607
150	6823
150	7756
150	7939
151	5697
151	9675
187	5806
187	5891
187	5997
187	8924
187	9193
201	1688
201	9515
213	9644
213	9870
215	3343
215	6066
215	6858
215	9279
215	9301
215	9495
215	9649
216	6701
217	7759
217	9418
217	9629
241	6021
241	8056
241	8473
241	9218
241	9356
265	4483
265	6215
265	7566
265	7791
265	8371
265	8824
265	9992
298	8554
329	1623
329	3541
329	4268
329	4309
329	8753
329	8924
329	9753
380	407
390	7155
390	7288
390	9125
407	380
407	1016
407	9338
407	9415
407	9895
411	104
455	6092
455	6713
455	9822
455	9895
487	3014
487	8357
487	9811
535	1602
535	2896
535	3735
535	9125
535	9146
536	4962
536	8664
536	9657
575	7431
575	9049
575	9182
575	9374
582	6952
582	8545
594	6272
594	9925
600	9213
600	9551
617	8075
617	8361
617	9377
617	9885
619	1226
619	1254
619	1958
619	2896
619	5573
623	5512
623	7801
634	3672
634	9571
635	7704
635	9822
647	6956
647	8055
657	6148
657	9811
699	7714
699	8839
699	9356
699	9863
743	7468
744	9114
744	9279
744	9418
764	4084
764	7931
764	8194
764	9440
764	9632
764	9639
764	9929
772	2097
772	2784
772	8544
772	8648
772	9011
772	9675
772	9830
834	8554
837	3406
837	8976
843	4515
843	9753
843	9862
851	1338
851	3403
851	5542
851	8397
851	9916
895	4101
895	7704
925	5591
925	7802
925	8914
925	9500
925	9539
941	6184
941	7594
941	9753
1016	407
1016	8978
1016	9376
1016	9406
1016	9469
1064	9288
1072	4355
1072	8530
1072	9288
1072	9738
1084	2286
1084	4090
1084	4129
1085	7704
1085	9558
1111	8549
1111	9179
1111	9955
1118	2976
1118	7631
1118	8353
1118	9275
1118	9961
1151	7674
1177	4001
1177	7227
1177	7693
1177	9237
1177	9404
1177	9799
1226	619
1226	9073
1254	619
1269	4240
1269	8671
1288	4082
1288	6127
1320	4756
1338	851
1338	5412
1344	9355
1369	6123
1376	2103
1376	3128
1376	7497
1376	8754
1376	9682
1403	7447
1403	8433
1403	8610
1403	9172
1409	150
1409	5826
1409	7619
1409	8889
1409	9444
1434	9732
1452	7160
1468	1967
1468	2254
1468	8815
1468	9288
1487	9401
1493	5697
1493	8397
1496	5754
1496	6464
1496	9993
1497	3343
1497	8685
1501	3406
1505	6858
1505	8162
1505	9649
1514	3406
1532	3851
1574	5999
1588	5871
1588	9693
1597	4791
1597	8758
1597	9644
1597	9947
1602	535
1602	4490
1616	4277
1616	7528
1616	8978
1616	9376
1616	9406
1616	9469
1623	329
1623	8974
1623	9648
1643	8717
1688	201
1688	1851
1688	2644
1688	4440
1688	6418
1688	6965
1688	9215
1688	9920
1715	4798
1715	6388
1722	4082
1722	7449
1722	8976
1722	9908
1757	2406
1757	3628
1757	6485
1757	6886
1757	7506
1757	7630
1757	8127
1777	8739
1777	9101
1777	9565
1791	7401
1791	8875
1791	9355
1815	7689
1815	8545
1815	9262
1815	9378
1815	9429
1819	9659
1825	6576
1825	9418
1825	9870
1838	9179
1838	9351
1838	9955
1843	7575
1846	3128
1846	9675
1851	1688
1851	9194
1872	1873
1872	5936
1872	7766
1873	1872
1873	3124
1873	3988
1873	7222
1873	7766
1873	7848
1873	8481
1873	9629
1874	4515
1874	9346
1874	9753
1895	6701
1905	4266
1905	4490
1905	6510
1905	7127
1905	7674
1905	9649
1914	5958
1941	6593
1958	619
1958	9870
1967	1468
2029	9538
2038	5578
2075	5171
2075	7496
2075	7619
2075	8610
2075	8628
2075	9172
2091	6455
2091	7386
2097	772
2099	3746
2099	7575
2099	7962
2099	8543
2103	1376
2103	7719
2103	9682
2106	9172
2137	4290
2137	7010
2137	7615
2137	8775
2137	8978
2137	9376
2137	9469
2137	9524
2141	8685
2142	7155
2142	8404
2142	9681
2147	7594
2147	9753
2165	7601
2165	7689
2165	9993
2206	4216
2254	1468
2254	8938
2257	7704
2275	6047
2275	9141
2286	1084
2286	7852
2286	9776
2338	8037
2359	6701
2359	9669
2369	6604
2369	8859
2369	9340
2406	1757
2406	8999
2407	7615
2407	7939
2407	9331
2418	5041
2418	7600
2420	7714
2439	9301
2471	3446
2471	6916
2471	7123
2471	9539
2560	6956
2590	8610
2599	3128
2599	3195
2599	8850
2599	9811
2601	3407
2601	9444
2601	9885
2604	6423
2604	6900
2604	8806
2644	1688
2671	2697
2671	6021
2697	2671
2709	6620
2709	8938
2709	9049
2720	7724
2720	9311
2745	4490
2760	3793
2760	5467
2760	8075
2762	7650
2763	5946
2763	9565
2763	9571
2763	9846
2784	772
2788	4963
2788	8604
2796	5543
2835	4157
2835	6701
2835	6727
2835	6764
2835	7729
2835	7766
2836	5691
2836	5936
2836	7719
2836	9682
2841	7981
2841	9218
2841	9275
2861	5958
2861	9666
2885	3444
2885	4355
2896	535
2896	619
2896	3730
2896	9152
2907	3887
2907	6411
2907	9182
2907	9374
2907	9421
2924	8344
2924	9243
2924	9793
2924	9985
2968	3967
2968	7520
2968	8783
2968	9172
2968	9338
2968	9822
2968	9895
2976	1118
2976	3672
2976	6593
2976	8839
2976	9275
2976	9356
2977	3779
2977	5135
2977	7026
2977	7719
2977	8075
2977	8995
2977	9258
2977	9682
2977	9920
2994	9188
2994	9632
2994	9738
3014	487
3014	4082
3014	4346
3014	5619
3014	6063
3014	6110
3014	7121
3014	8518
3014	9605
3047	9260
3047	9870
3054	6444
3054	6661
3054	7685
3054	7828
3054	9152
3096	3561
3096	9865
3111	6858
3111	7236
3111	7431
3111	8974
3111	9292
3111	9374
3111	9421
3111	9539
3111	9657
3124	1873
3124	7766
3128	1376
3128	1846
3128	2599
3128	3710
3128	7665
3128	7719
3128	8754
3128	9682
3128	9870
3158	8774
3195	2599
3212	3710
3212	7679
3212	8866
3225	7650
3225	9213
3225	9453
3266	8353
3266	8717
3270	3406
3311	3593
3311	6081
3311	7161
3311	9270
3331	7102
3331	7506
3331	7602
3331	7890
3331	9011
3331	9020
3331	9507
3343	215
3343	1497
3343	3673
3366	4596
3366	7801
3366	9496
3392	6872
3392	8438
3392	9191
3392	9355
3392	9640
3394	8344
3394	8914
3403	851
3403	4995
3403	9094
3403	9492
3403	9669
3403	9916
3406	837
3406	1501
3406	1514
3406	3270
3406	4082
3406	7628
3406	9787
3407	2601
3407	9444
3418	5006
3418	9141
3440	5055
3440	6695
3440	8532
3440	9356
3441	8348
3441	8553
3441	9288
3441	9644
3444	2885
3446	2471
3446	8168
3446	9374
3446	9539
3450	7631
3450	7722
3450	8030
3450	9262
3485	7575
3485	8894
3485	9137
3485	9659
3485	9893
3487	7865
3487	8549
3487	8813
3487	9179
3487	9351
3487	9955
3489	8754
3503	8832
3503	9805
3530	3649
3530	6593
3530	7123
3530	7447
3530	7688
3530	7814
3530	9172
3530	9228
3530	9374
3541	329
3561	3096
3561	5929
3561	8130
3561	8269
3561	8832
3561	8906
3561	9084
3561	9288
3561	9436
3574	6918
3574	9012
3576	5454
3576	9508
3576	9753
3591	7236
3593	3311
3593	4509
3593	5649
3593	7714
3593	8353
3593	8739
3593	9218
3593	9275
3593	9500
3599	7160
3599	9887
3607	150
3607	5725
3617	9241
3617	9262
3617	9429
3617	9693
3617	9993
3628	1757
3628	9647
3649	3530
3649	8056
3649	8610
3649	8628
3649	9172
3665	4996
3665	5542
3665	6358
3665	8610
3665	9228
3672	634
3672	2976
3672	7234
3672	8894
3672	9137
3672	9659
3673	3343
3688	7051
3688	8920
3688	9731
3701	7264
3701	8162
3701	9132
3701	9301
3701	9495
3708	8943
3708	9955
3710	3128
3710	3212
3710	4996
3710	6358
3710	8610
3710	8628
3710	9215
3710	9228
3710	9420
3710	9981
3727	6850
3727	8671
3727	9993
3730	2896
3730	9059
3735	535
3735	9125
3735	9146
3746	2099
3746	6593
3760	9060
3760	9657
3779	2977
3779	5691
3779	7234
3779	7719
3779	8754
3779	9682
3793	2760
3793	7516
3798	7431
3798	7714
3810	9197
3810	9256
3812	5591
3829	104
3829	7497
3829	7667
3829	9787
3851	1532
3851	6222
3851	7026
3851	9830
3851	9975
3887	2907
3967	2968
3967	9338
3967	9822
3967	9895
3988	1873
3988	7439
3988	9392
4001	1177
4001	9354
4007	5488
4007	6722
4007	7986
4007	9376
4007	9406
4007	9469
4041	9538
4041	9629
4041	9981
4053	6916
4053	7302
4082	1288
4082	1722
4082	3014
4082	3406
4082	8717
4082	9538
4082	9576
4082	9711
4082	9787
4082	9908
4084	764
4084	5143
4084	8191
4084	8389
4084	9213
4087	9429
4087	9632
4090	1084
4090	7801
4101	895
4101	7913
4101	9415
4101	9822
4101	9895
4129	1084
4157	2835
4157	9524
4157	9648
4173	9197
4173	9659
4199	7051
4199	7557
4199	8419
4199	8429
4199	8973
4199	9143
4199	9433
4199	9611
4209	7129
4209	9132
4209	9480
4216	2206
4216	8063
4216	8664
4216	9143
4216	9930
4223	7227
4223	9404
4225	7931
4225	9084
4238	5638
4238	8610
4238	9124
4240	1269
4240	5594
4240	5697
4240	6850
4240	6867
4240	7601
4240	7981
4240	8939
4240	9384
4243	8549
4243	9343
4243	9955
4255	4378
4255	7227
4255	8704
4255	9237
4266	1905
4266	6455
4266	9813
4268	329
4268	9945
4268	9996
4276	6626
4276	7962
4276	9191
4276	9355
4277	1616
4277	9975
4278	4454
4278	4515
4278	9028
4278	9753
4279	4355
4279	4957
4279	5190
4279	6521
4279	7160
4290	2137
4290	7155
4290	9346
4290	9888
4309	329
4330	9846
4346	3014
4346	4810
4346	8055
4355	1072
4355	2885
4355	4279
4355	7497
4355	9288
4368	7051
4368	8429
4368	9082
4368	9469
4372	5542
4372	8610
4372	8628
4372	9228
4378	4255
4378	6222
4378	7174
4378	7667
4378	8199
4378	8606
4378	9197
4378	9377
4378	9404
4378	9996
4409	9197
4440	1688
4441	4618
4454	4278
4454	6527
4454	8015
4463	5185
4483	265
4484	6789
4484	7646
4484	7778
4484	8783
4484	9004
4484	9489
4484	9979
4488	8859
4488	9599
4488	9632
4488	9738
4488	9776
4490	1602
4490	1905
4490	2745
4490	5578
4490	9301
4490	9495
4509	3593
4509	6870
4509	8824
4509	9260
4509	9722
4515	843
4515	1874
4515	4278
4515	7628
4515	8015
4515	8542
4515	8785
4515	9711
4515	9753
4515	9956
4515	9977
4527	8127
4527	8577
4527	9194
4527	9401
4527	9565
4549	6464
4549	6713
4549	7161
4549	8671
4549	9384
4549	9947
4556	5611
4596	3366
4596	7160
4596	9981
4605	6081
4611	8754
4618	4441
4618	6379
4618	7650
4618	8286
4618	8549
4618	9292
4618	9464
4634	8347
4634	9610
4634	9789
4654	7222
4654	7516
4654	9444
4661	8168
4661	9351
4693	7575
4693	8543
4693	9682
4694	7466
4694	9071
4694	9744
4756	1320
4756	4923
4756	7383
4756	7801
4756	9060
4778	9074
4791	1597
4791	7615
4791	7729
4791	7986
4791	8630
4791	9376
4791	9406
4791	9469
4791	9862
4798	1715
4798	6918
4798	8368
4810	4346
4810	8859
4810	9956
4844	6893
4844	8546
4844	9666
4844	9799
4852	6956
4852	6969
4857	6466
4857	6775
4857	8577
4857	9401
4857	9565
4879	6722
4879	9930
4915	7466
4915	8382
4921	8859
4921	9639
4921	9929
4923	4756
4923	5772
4923	9987
4928	9682
4937	7155
4937	7939
4937	9805
4937	9888
4957	4279
4957	6661
4957	8162
4957	8739
4957	8784
4962	536
4962	6661
4962	8170
4962	9480
4962	9657
4963	2788
4963	7679
4963	8347
4963	8604
4963	9975
4970	6521
4970	8184
4970	9343
4970	9433
4990	7496
4990	9930
4995	3403
4995	7615
4995	7759
4995	9916
4996	3665
4996	3710
4996	5947
4996	7123
4996	9172
4996	9228
4998	7674
4998	8162
4998	8356
4998	8533
4998	8788
4998	9495
4998	9649
4999	7227
4999	7667
4999	8199
5003	8813
5003	9435
5006	3418
5006	7497
5006	8977
5006	9288
5014	5997
5014	7575
5014	8473
5014	8543
5041	2418
5041	6092
5041	8371
5041	8554
5041	9094
5043	9243
5043	9793
5052	9846
5055	3440
5055	6164
5055	9985
5135	2977
5135	7719
5135	9611
5135	9682
5143	4084
5143	7688
5153	7615
5153	7650
5153	8630
5153	9406
5153	9469
5171	2075
5171	7123
5171	8433
5171	8628
5171	9141
5171	9172
5171	9228
5185	4463
5185	5594
5185	8961
5190	4279
5224	4
5224	7722
5224	9504
5224	9576
5265	9384
5265	9992
5304	5667
5304	9011
5319	6127
5319	8371
5336	7031
5336	9374
5336	9421
5336	9539
5341	9639
5363	6041
5363	7234
5363	8859
5363	9073
5363	9632
5363	9738
5371	6956
5410	7447
5410	8866
5412	1338
5412	5425
5412	7575
5425	5412
5425	5543
5428	8433
5428	9605
5428	9811
5449	6701
5449	9639
5449	9929
5454	3576
5454	6911
5454	7402
5463	9404
5463	9638
5463	9977
5467	2760
5467	8933
5467	9214
5479	8753
5479	9846
5488	4007
5488	8099
5488	9299
5512	623
5512	9629
5512	9981
5522	104
5522	6940
5531	7674
5531	7688
5531	8168
5531	8974
5531	9648
5542	851
5542	3665
5542	4372
5542	6611
5542	7563
5542	8056
5542	8433
5542	8610
5542	8628
5542	9228
5542	9262
5543	2796
5543	5425
5543	7385
5543	8075
5543	8361
5543	9253
5543	9377
5543	9973
5543	9998
5562	9152
5562	9732
5562	9970
5573	619
5573	6725
5573	9947
5578	2038
5578	4490
5578	6867
5578	8170
5578	9774
5578	9888
5591	925
5591	3812
5591	7051
5591	9030
5591	9500
5594	4240
5594	5185
5594	8084
5594	9384
5594	9435
5594	9870
5594	9993
5611	4556
5611	9632
5619	3014
5619	6603
5619	9217
5619	9605
5619	9811
5638	4238
5638	9030
5638	9124
5638	9338
5649	3593
5649	8894
5649	9659
5660	7385
5660	7576
5660	9023
5667	5304
5667	6537
5667	7469
5667	7706
5667	7837
5667	8374
5667	9666
5684	7594
5684	8630
5684	8828
5691	2836
5691	3779
5691	6215
5691	9682
5694	6576
5694	7759
5694	9418
5697	151
5697	1493
5697	4240
5697	6485
5697	7712
5697	7846
5697	8586
5697	9647
5725	3607
5725	6956
5725	7814
5754	1496
5754	6423
5754	6612
5754	7705
5770	6464
5770	9533
5772	4923
5772	6081
5777	9943
5806	187
5806	9392
5806	9947
5810	6956
5810	7037
5826	1409
5826	7592
5826	7619
5826	7828
5826	9040
5859	6466
5859	8184
5859	9377
5859	9496
5859	9681
5862	7575
5862	7962
5869	6657
5869	8010
5869	8414
5869	8648
5869	9123
5870	9301
5870	9376
5870	9495
5870	9649
5871	1588
5871	9629
5877	6272
5877	6886
5877	8075
5877	9377
5877	9885
5887	7865
5887	8549
5887	9179
5887	9955
5891	187
5891	8206
5891	8543
5912	9955
5929	3561
5929	6686
5929	7837
5929	7940
5929	9611
5936	1872
5936	2836
5936	6604
5936	8754
5936	9682
5946	2763
5946	9020
5946	9508
5946	9579
5947	4996
5947	7123
5947	8056
5947	8433
5947	8610
5947	9172
5947	9253
5953	7759
5953	7814
5953	7951
5953	8604
5953	9682
5958	1914
5958	2861
5958	7506
5958	8847
5958	9292
5958	9666
5958	9977
5959	7516
5959	9369
5959	9863
5962	8832
5962	9215
5997	187
5997	5014
5997	9288
5997	9862
5999	1574
5999	6870
5999	7576
5999	9427
5999	9809
6018	9182
6018	9695
6018	9738
6019	6464
6021	241
6021	2671
6021	7447
6021	8473
6021	8859
6021	9218
6021	9809
6041	5363
6041	8974
6047	2275
6047	9538
6061	8175
6061	9384
6061	9623
6061	9870
6063	3014
6063	9811
6066	215
6066	7345
6066	8433
6066	9932
6075	6537
6075	9378
6081	3311
6081	4605
6081	5772
6081	8977
6081	9288
6092	455
6092	5041
6092	6867
6110	3014
6110	6626
6110	6965
6110	9647
6123	1369
6123	7252
6123	7801
6123	8532
6123	9040
6123	9331
6127	1288
6127	5319
6127	7600
6148	657
6148	8357
6148	9605
6148	9893
6153	7650
6153	9629
6164	5055
6164	8507
6164	9243
6164	9262
6164	9985
6165	9429
6184	941
6184	7594
6184	8015
6184	9753
6192	9825
6194	7704
6215	265
6215	5691
6215	7719
6215	8754
6215	9682
6222	3851
6222	4378
6248	7759
6248	9418
6254	9981
6262	8671
6272	594
6272	5877
6272	8403
6290	8037
6301	6918
6301	7160
6301	7386
6301	7704
6301	9195
6358	3665
6358	3710
6358	7447
6358	8056
6358	8404
6358	8529
6358	8546
6358	8610
6358	8628
6358	8783
6358	9172
6358	9228
6358	9711
6379	4618
6379	9114
6384	7705
6384	7729
6384	8037
6384	8952
6388	1715
6388	6956
6400	7759
6400	8604
6400	9576
6411	2907
6411	8529
6418	1688
6418	8964
6418	9888
6423	2604
6423	5754
6423	6900
6423	8051
6423	8733
6423	8806
6423	8866
6425	8920
6425	9639
6425	9666
6439	7724
6439	8696
6444	3054
6444	6606
6444	7375
6444	9152
6444	9182
6444	9675
6444	9732
6448	8758
6448	8839
6448	9427
6448	9947
6455	2091
6455	4266
6455	9473
6463	8715
6463	9738
6463	9893
6464	1496
6464	4549
6464	5770
6464	6019
6464	6713
6464	8671
6464	9731
6464	9993
6466	4857
6466	5859
6466	6775
6466	7401
6466	8594
6466	9101
6466	9214
6466	9427
6466	9565
6469	8075
6469	9377
6469	9885
6469	9987
6471	6916
6471	9992
6483	7576
6485	1757
6485	5697
6485	6872
6485	8586
6485	9218
6485	9647
6510	1905
6510	9143
6510	9930
6521	4279
6521	4970
6521	6855
6521	7010
6521	9738
6527	4454
6527	9611
6537	5667
6537	6075
6537	8859
6537	9340
6537	9599
6537	9632
6537	9776
6561	8353
6561	9311
6576	1825
6576	5694
6576	7814
6576	9288
6576	9401
6576	9418
6593	1941
6593	2976
6593	3530
6593	3746
6593	7468
6593	7705
6593	7804
6593	9299
6593	9453
6593	9539
6593	9715
6603	5619
6603	7126
6603	7766
6603	8357
6603	9351
6603	9605
6603	9811
6604	2369
6604	5936
6604	8774
6606	6444
6606	9152
6606	9732
6611	5542
6611	7852
6612	5754
6612	6916
6615	8222
6615	8723
6615	9340
6620	2709
6620	8914
6620	9376
6626	4276
6626	6110
6626	7537
6626	8438
6626	8875
6626	9191
6643	7988
6643	8827
6643	8941
6643	8964
6657	5869
6657	8010
6657	8433
6657	9123
6661	3054
6661	4957
6661	4962
6661	7905
6661	8604
6661	9172
6661	9732
6686	5929
6686	6956
6686	8055
6686	8076
6695	3440
6695	9049
6695	9443
6701	216
6701	1895
6701	2359
6701	2835
6701	5449
6701	7222
6701	7729
6701	7766
6701	8696
6701	9977
6713	455
6713	4549
6713	6464
6713	7126
6713	8063
6722	4007
6722	4879
6722	7650
6722	8630
6722	8978
6722	9012
6722	9376
6722	9406
6722	9453
6722	9469
6723	9473
6723	9681
6723	9892
6725	5573
6725	8859
6725	8905
6725	9049
6727	2835
6761	7931
6761	9059
6761	9073
6761	9231
6764	2835
6764	7650
6764	8630
6764	8978
6764	9376
6764	9406
6764	9469
6775	4857
6775	6466
6775	8127
6775	9194
6775	9407
6789	4484
6789	9551
6818	6858
6818	8433
6823	150
6823	7981
6823	8475
6823	9805
6850	3727
6850	4240
6850	7243
6850	7601
6850	8939
6855	6521
6858	215
6858	1505
6858	3111
6858	6818
6858	7264
6858	7674
6858	8162
6858	9050
6858	9649
6867	4240
6867	5578
6867	6092
6867	7685
6870	4509
6870	5999
6870	8768
6872	3392
6872	6485
6872	8438
6872	8875
6872	9355
6886	1757
6886	5877
6886	8361
6886	9377
6886	9885
6893	4844
6893	9465
6893	9799
6900	2604
6900	6423
6911	5454
6911	7479
6911	8805
6911	8999
6911	9771
6911	9793
6916	2471
6916	4053
6916	6471
6916	6612
6916	7833
6916	9182
6916	9374
6916	9421
6916	9539
6918	3574
6918	4798
6918	6301
6918	9012
6940	5522
6940	8030
6940	9262
6940	9378
6940	9508
6940	9693
6952	582
6952	8056
6956	647
6956	2560
6956	4852
6956	5371
6956	5725
6956	5810
6956	6388
6956	6686
6956	7037
6956	7722
6956	8055
6956	8283
6956	8382
6956	8768
6961	9124
6965	1688
6965	6110
6965	7079
6965	9040
6969	4852
6969	9132
6993	7724
6993	7964
6993	9311
6999	7650
6999	9695
7010	2137
7010	6521
7010	9241
7014	8717
7014	8783
7014	8894
7014	8976
7014	9217
7014	9825
7026	2977
7026	3851
7026	8542
7026	8544
7026	9011
7026	9830
7031	5336
7031	9123
7037	5810
7037	6956
7037	7722
7051	3688
7051	4199
7051	4368
7051	5591
7051	8429
7051	8728
7051	8973
7051	9376
7059	7856
7059	8075
7059	8361
7059	9377
7059	9885
7070	7155
7070	9753
7079	6965
7079	8610
7079	9940
7082	9440
7102	3331
7102	8099
7121	3014
7121	8918
7121	9191
7123	2471
7123	3530
7123	4996
7123	5171
7123	5947
7123	8056
7123	8433
7123	9228
7126	6603
7126	6713
7126	7977
7126	8010
7126	8213
7127	1905
7127	8162
7127	9301
7127	9495
7129	4209
7129	8529
7129	9387
7129	9480
7142	7466
7148	7496
7148	9956
7155	390
7155	2142
7155	4290
7155	4937
7155	7070
7155	8184
7155	8918
7155	9002
7155	9888
7160	1452
7160	3599
7160	4279
7160	4596
7160	6301
7160	7386
7160	8502
7160	9028
7160	9195
7160	9892
7161	3311
7161	4549
7161	9270
7161	9346
7161	9374
7161	9615
7174	4378
7174	8075
7199	7981
7199	8075
7199	9805
7203	8532
7203	8832
7203	9440
7203	9956
7222	1873
7222	4654
7222	6701
7222	7766
7222	8704
7227	1177
7227	4223
7227	4255
7227	4999
7227	8704
7227	9404
7227	9489
7227	9932
7234	3672
7234	3779
7234	5363
7234	9231
7234	9599
7234	9738
7234	9776
7234	9793
7234	9889
7236	3111
7236	3591
7236	7431
7236	7466
7236	7594
7236	9004
7236	9182
7236	9374
7236	9539
7243	6850
7243	8084
7243	9384
7243	9789
7243	9993
7245	9101
7245	9908
7252	6123
7252	7520
7252	7828
7252	8532
7252	8728
7252	9040
7252	9615
7256	8832
7256	9074
7256	9146
7264	3701
7264	6858
7264	8894
7264	9301
7264	9495
7264	9649
7281	7802
7281	7913
7281	9338
7281	9413
7281	9415
7281	9895
7288	390
7288	8973
7288	8976
7288	9376
7288	9695
7288	9908
7296	7468
7296	8374
7302	4053
7302	7496
7329	4
7329	9793
7329	9887
7345	6066
7345	7852
7345	9932
7375	6444
7375	7631
7375	7689
7375	9241
7375	9262
7375	9539
7375	9809
7380	7688
7380	8545
7380	9195
7380	9647
7383	4756
7383	8648
7383	9060
7385	5543
7385	5660
7385	7802
7385	9465
7385	9987
7386	2091
7386	6301
7386	7160
7401	1791
7401	6466
7401	8127
7401	8295
7401	8438
7401	8529
7401	9407
7401	9565
7402	5454
7402	8006
7402	9822
7431	575
7431	3111
7431	3798
7431	7236
7431	9182
7431	9374
7431	9421
7439	3988
7439	8906
7439	9659
7447	1403
7447	3530
7447	5410
7447	6021
7447	6358
7447	8056
7447	8433
7447	8610
7447	9172
7447	9228
7447	9640
7449	1722
7449	8889
7466	4694
7466	4915
7466	7142
7466	7236
7466	8941
7466	9071
7466	9744
7468	743
7468	6593
7468	7296
7468	7956
7468	9863
7469	5667
7469	9524
7479	6911
7479	8999
7479	9771
7479	9793
7496	2075
7496	4990
7496	7148
7496	7302
7496	8178
7496	9956
7497	104
7497	1376
7497	3829
7497	4355
7497	5006
7497	9288
7506	1757
7506	3331
7506	5958
7506	7630
7506	7846
7506	8586
7506	8995
7506	9418
7506	9632
7506	9647
7516	3793
7516	4654
7516	5959
7516	7668
7516	9146
7516	9204
7516	9369
7516	9443
7516	9846
7516	9863
7520	2968
7520	7252
7520	7619
7520	7756
7520	7801
7520	7939
7520	9331
7528	1616
7528	9068
7537	6626
7537	8438
7537	8875
7537	9191
7537	9355
7537	9421
7537	9508
7545	8130
7545	8832
7545	9068
7545	9084
7545	9377
7545	9436
7557	4199
7557	9012
7563	5542
7563	8848
7563	9004
7566	265
7566	7778
7566	8943
7566	9260
7575	1843
7575	2099
7575	3485
7575	4693
7575	5014
7575	5412
7575	5862
7575	9138
7575	9896
7576	5660
7576	5999
7576	6483
7576	7802
7576	9465
7576	9558
7576	9769
7592	5826
7592	9975
7594	941
7594	2147
7594	5684
7594	6184
7594	7236
7594	8015
7594	8222
7594	9753
7600	2418
7600	6127
7600	7705
7600	9138
7600	9480
7601	2165
7601	4240
7601	6850
7601	8130
7601	9020
7601	9993
7602	3331
7602	9351
7602	9504
7615	2137
7615	2407
7615	4791
7615	4995
7615	5153
7615	7986
7615	8630
7615	8978
7615	9376
7615	9406
7615	9469
7615	9681
7619	1409
7619	2075
7619	5826
7619	7520
7619	7801
7619	7828
7619	7939
7619	8594
7619	9331
7628	3406
7628	4515
7630	1757
7630	7506
7630	8586
7630	9507
7630	9647
7631	1118
7631	3450
7631	7375
7631	9262
7631	9378
7631	9413
7631	9629
7646	4484
7646	9077
7646	9453
7646	9495
7650	2762
7650	3225
7650	4618
7650	5153
7650	6153
7650	6722
7650	6764
7650	6999
7650	7986
7650	8630
7650	8978
7650	9376
7650	9406
7650	9469
7665	3128
7665	7865
7665	8249
7665	9638
7665	9865
7667	3829
7667	4378
7667	4999
7667	8199
7667	8704
7667	9237
7667	9404
7668	7516
7674	1151
7674	1905
7674	4998
7674	5531
7674	6858
7674	9050
7674	9649
7679	3212
7679	4963
7685	3054
7685	6867
7685	7981
7685	9812
7688	3530
7688	5143
7688	5531
7688	7380
7688	8974
7688	9197
7688	9351
7688	9648
7688	9888
7689	1815
7689	2165
7689	7375
7689	8030
7689	8819
7689	9241
7689	9262
7689	9378
7689	9429
7689	9444
7689	9705
7693	1177
7693	9073
7704	635
7704	895
7704	1085
7704	2257
7704	6194
7704	6301
7704	8685
7704	8723
7705	5754
7705	6384
7705	6593
7705	7600
7705	8952
7705	9138
7706	5667
7706	9500
7712	5697
7712	7729
7712	9892
7714	699
7714	2420
7714	3593
7714	3798
7714	8353
7714	8568
7714	9218
7714	9275
7714	9356
7719	2103
7719	2836
7719	2977
7719	3128
7719	3779
7719	5135
7719	6215
7719	8754
7719	9473
7719	9682
7722	3450
7722	5224
7722	6956
7722	7037
7722	8055
7722	9137
7724	2720
7724	6439
7724	6993
7724	7792
7724	7964
7724	8084
7724	9073
7724	9311
7724	9427
7729	2835
7729	4791
7729	6384
7729	6701
7729	7712
7756	150
7756	7520
7756	7801
7756	7828
7756	9040
7756	9331
7759	217
7759	4995
7759	5694
7759	5953
7759	6248
7759	6400
7759	8084
7759	9418
7759	9731
7766	1872
7766	1873
7766	2835
7766	3124
7766	6603
7766	6701
7766	7222
7766	8021
7766	8813
7766	9429
7766	9632
7766	9793
7766	9940
7778	4484
7778	7566
7778	8783
7778	9489
7778	9970
7778	9979
7791	265
7791	8824
7791	9260
7792	7724
7801	623
7801	3366
7801	4090
7801	4756
7801	6123
7801	7520
7801	7619
7801	7756
7801	8532
7801	9040
7801	9049
7801	9256
7801	9331
7801	9862
7802	925
7802	7281
7802	7385
7802	7576
7802	9023
7802	9338
7802	9558
7802	9579
7802	9769
7802	9846
7802	9987
7804	6593
7804	9715
7804	9825
7814	3530
7814	5725
7814	5953
7814	6576
7814	7951
7828	3054
7828	5826
7828	7252
7828	7619
7828	7756
7828	7939
7828	8532
7828	9040
7828	9275
7828	9629
7833	6916
7833	8545
7833	9125
7833	9610
7837	5667
7837	5929
7837	9204
7846	5697
7846	7506
7846	8586
7846	9647
7848	1873
7848	9731
7852	2286
7852	6611
7852	7345
7852	9813
7852	9932
7856	7059
7856	9427
7856	9947
7865	3487
7865	5887
7865	7665
7865	9351
7865	9955
7890	3331
7890	9507
7897	8168
7897	8175
7905	6661
7905	9141
7905	9377
7913	4101
7913	7281
7913	9338
7913	9415
7913	9647
7913	9822
7913	9970
7922	9401
7922	9415
7931	764
7931	4225
7931	6761
7931	9059
7931	9068
7931	9073
7931	9629
7931	9799
7939	150
7939	2407
7939	4937
7939	7520
7939	7619
7939	7828
7939	8717
7939	9040
7940	5929
7940	8076
7940	8371
7940	8964
7940	8999
7940	9028
7940	9771
7940	9793
7951	5953
7951	7814
7951	9132
7956	7468
7956	9956
7958	9262
7958	9865
7958	9961
7962	2099
7962	4276
7962	5862
7962	9059
7964	6993
7964	7724
7964	9311
7964	9947
7977	7126
7981	2841
7981	4240
7981	6823
7981	7199
7981	7685
7981	9078
7986	4007
7986	4791
7986	7615
7986	7650
7986	8630
7986	8978
7986	9376
7986	9406
7986	9469
7988	6643
7988	8850
7988	8959
8005	8030
8005	9132
8006	7402
8006	8475
8006	8549
8006	9012
8006	9610
8006	9682
8007	9970
8010	5869
8010	6657
8010	7126
8010	9123
8015	4454
8015	4515
8015	6184
8015	7594
8015	9649
8015	9753
8021	7766
8021	9657
8030	3450
8030	6940
8030	7689
8030	8005
8030	9217
8030	9241
8030	9262
8030	9639
8037	2338
8037	6290
8037	6384
8037	9693
8051	6423
8051	8194
8051	9415
8051	9639
8051	9929
8055	647
8055	4346
8055	6686
8055	6956
8055	7722
8055	8606
8055	9524
8056	241
8056	3649
8056	5542
8056	5947
8056	6358
8056	6952
8056	7123
8056	7447
8056	8433
8056	8610
8056	8628
8056	9172
8056	9228
8063	4216
8063	6713
8063	9143
8063	9930
8063	9940
8075	617
8075	2760
8075	2977
8075	5543
8075	5877
8075	6469
8075	7059
8075	7174
8075	7199
8075	8361
8075	8636
8075	8889
8075	9377
8075	9846
8075	9885
8075	9889
8076	6686
8076	7940
8076	8371
8076	9028
8076	9179
8076	9331
8076	9771
8076	9793
8084	5594
8084	7243
8084	7724
8084	7759
8084	8671
8084	9346
8084	9993
8099	5488
8099	7102
8099	9030
8099	9429
8127	1757
8127	4527
8127	6775
8127	7401
8127	8529
8127	8594
8127	9101
8127	9515
8127	9565
8130	3561
8130	7545
8130	7601
8130	8832
8130	9084
8130	9436
8162	1505
8162	3701
8162	4957
8162	4998
8162	6858
8162	7127
8162	9050
8162	9301
8162	9649
8168	3446
8168	4661
8168	5531
8168	7897
8168	8175
8168	8294
8168	8905
8170	4962
8170	5578
8170	8918
8175	6061
8175	7897
8175	8168
8175	9632
8175	9889
8178	7496
8184	4970
8184	5859
8184	7155
8184	8382
8184	9429
8191	4084
8191	8832
8191	9354
8191	9413
8194	764
8194	8051
8194	9215
8194	9392
8194	9929
8199	4378
8199	4999
8199	7667
8199	8518
8199	8704
8199	8866
8199	9237
8199	9404
8199	9895
8206	5891
8206	8217
8206	8859
8206	9340
8206	9599
8206	9632
8213	7126
8213	9260
8213	9682
8217	8206
8217	8475
8217	9124
8217	9172
8222	6615
8222	7594
8249	7665
8249	9822
8265	8889
8265	9496
8265	9887
8269	3561
8283	6956
8283	9812
8286	4618
8286	8546
8286	8784
8286	9304
8294	4
8294	8168
8294	8295
8294	8529
8294	8577
8294	8594
8294	8739
8294	9101
8294	9194
8294	9407
8294	9551
8294	9610
8295	7401
8295	8294
8295	8518
8295	8529
8295	8594
8295	9182
8295	9401
8295	9407
8295	9565
8344	2924
8344	3394
8344	8420
8344	8549
8344	9179
8344	9351
8344	9611
8344	9955
8347	4634
8347	4963
8347	9227
8347	9539
8347	9789
8348	3441
8348	8404
8353	1118
8353	3266
8353	3593
8353	6561
8353	7714
8353	8473
8353	8568
8353	8839
8353	9237
8353	9275
8353	9356
8356	4998
8356	9776
8357	487
8357	6148
8357	6603
8357	8518
8361	617
8361	5543
8361	6886
8361	7059
8361	8075
8361	9346
8361	9377
8361	9885
8368	4798
8371	265
8371	5041
8371	5319
8371	7940
8371	8076
8371	8999
8371	9028
8371	9771
8371	9793
8374	5667
8374	7296
8374	8920
8374	9074
8382	4915
8382	6956
8382	8184
8382	8941
8382	9895
8389	4084
8389	9647
8397	851
8397	1493
8397	9094
8397	9916
8403	6272
8403	9675
8404	2142
8404	6358
8404	8348
8404	8606
8404	9496
8404	9681
8414	5869
8414	8554
8414	9376
8419	4199
8419	9125
8420	8344
8420	8959
8429	4199
8429	4368
8429	7051
8429	9639
8433	1403
8433	5171
8433	5428
8433	5542
8433	5947
8433	6066
8433	6657
8433	6818
8433	7123
8433	7447
8433	8056
8433	8628
8433	9172
8433	9228
8433	9435
8438	3392
8438	6626
8438	6872
8438	7401
8438	7537
8438	8788
8438	8875
8438	9275
8438	9355
8468	8819
8468	9214
8468	9256
8468	9970
8473	241
8473	5014
8473	6021
8473	8353
8473	8568
8473	8839
8473	9218
8473	9275
8473	9356
8473	9576
8475	6823
8475	8006
8475	8217
8475	9420
8475	9872
8481	1873
8481	8961
8481	9888
8502	7160
8507	6164
8507	9610
8518	3014
8518	8199
8518	8295
8518	8357
8518	9605
8518	9738
8518	9787
8518	9811
8518	9970
8529	6358
8529	6411
8529	7129
8529	7401
8529	8127
8529	8294
8529	8295
8529	8739
8529	8974
8529	9182
8529	9401
8529	9407
8529	9565
8530	1072
8530	8685
8530	9237
8530	9453
8530	9524
8530	9975
8531	9870
8531	9947
8532	3440
8532	6123
8532	7203
8532	7252
8532	7801
8532	7828
8532	8977
8532	9331
8532	9378
8533	4998
8533	8664
8533	9195
8533	9354
8542	4515
8542	7026
8542	8544
8542	9011
8542	9830
8542	9998
8543	2099
8543	4693
8543	5014
8543	5891
8544	772
8544	7026
8544	8542
8544	9011
8544	9830
8545	582
8545	1815
8545	7380
8545	7833
8545	9125
8545	9146
8546	4844
8546	6358
8546	8286
8546	8784
8549	1111
8549	3487
8549	4243
8549	4618
8549	5887
8549	8006
8549	8344
8549	9179
8549	9955
8553	3441
8553	9551
8554	298
8554	834
8554	5041
8554	8414
8554	9262
8554	9378
8568	7714
8568	8353
8568	8473
8568	8839
8568	9218
8568	9275
8568	9356
8568	9682
8577	4527
8577	4857
8577	8294
8577	8594
8577	9101
8577	9227
8577	9301
8577	9401
8577	9427
8586	5697
8586	6485
8586	7506
8586	7630
8586	7846
8586	9647
8586	9985
8594	6466
8594	7619
8594	8127
8594	8294
8594	8295
8594	8577
8594	9101
8594	9194
8594	9401
8604	2788
8604	4963
8604	5953
8604	6400
8604	6661
8604	8999
8606	4378
8606	8055
8606	8404
8606	8894
8606	9496
8606	9681
8610	1403
8610	2075
8610	2590
8610	3649
8610	3665
8610	3710
8610	4238
8610	4372
8610	5542
8610	5947
8610	6358
8610	7079
8610	7447
8610	8056
8610	8685
8610	8768
8610	9172
8610	9228
8628	2075
8628	3649
8628	3710
8628	4372
8628	5171
8628	5542
8628	6358
8628	8056
8628	8433
8628	9172
8628	9228
8630	4791
8630	5153
8630	5684
8630	6722
8630	6764
8630	7615
8630	7650
8630	7986
8630	8978
8630	9376
8630	9406
8630	9469
8636	8075
8636	9060
8636	9615
8648	772
8648	5869
8648	7383
8664	536
8664	4216
8664	8533
8671	1269
8671	3727
8671	4549
8671	6262
8671	6464
8671	8084
8671	8939
8671	9384
8671	9925
8671	9993
8673	9629
8685	1497
8685	2141
8685	7704
8685	8530
8685	8610
8685	9480
8696	6439
8696	6701
8696	9435
8697	9214
8697	9406
8697	9440
8697	9666
8704	4255
8704	7222
8704	7227
8704	7667
8704	8199
8704	9237
8704	9401
8704	9404
8704	9579
8715	6463
8715	9893
8717	1643
8717	3266
8717	4082
8717	7014
8717	7939
8717	9217
8723	6615
8723	7704
8723	9141
8728	7051
8728	7252
8728	9433
8733	6423
8733	8894
8733	9137
8733	9374
8733	9659
8733	9985
8739	1777
8739	3593
8739	4957
8739	8294
8739	8529
8739	8828
8739	9101
8739	9125
8739	9194
8739	9401
8739	9565
8753	329
8753	5479
8753	9114
8753	9771
8753	9813
8754	1376
8754	3128
8754	3489
8754	3779
8754	4611
8754	5936
8754	6215
8754	7719
8754	9231
8754	9682
8758	104
8758	1597
8758	6448
8758	9427
8758	9538
8758	9693
8758	9947
8768	6870
8768	6956
8768	8610
8774	3158
8774	6604
8774	9137
8774	9440
8774	9611
8775	2137
8775	9870
8783	2968
8783	4484
8783	6358
8783	7014
8783	7778
8783	8850
8783	9489
8783	9970
8783	9979
8784	4957
8784	8286
8784	8546
8784	9687
8784	9955
8785	4515
8788	4998
8788	8438
8788	9925
8805	6911
8805	9644
8806	2604
8806	6423
8806	9961
8813	3487
8813	5003
8813	7766
8815	1468
8815	9895
8819	7689
8819	8468
8819	8828
8819	9241
8819	9262
8819	9378
8819	9429
8824	265
8824	4509
8824	7791
8824	9260
8824	9500
8824	9628
8827	6643
8827	9219
8827	9404
8828	5684
8828	8739
8828	8819
8828	8880
8828	9141
8828	9219
8828	9628
8832	3503
8832	3561
8832	5962
8832	7203
8832	7256
8832	7545
8832	8130
8832	8191
8832	9084
8832	9191
8832	9436
8839	699
8839	2976
8839	6448
8839	8353
8839	8473
8839	8568
8839	9218
8839	9231
8839	9275
8839	9343
8839	9384
8839	9947
8847	5958
8848	7563
8848	9682
8848	9705
8850	2599
8850	7988
8850	8783
8850	9489
8850	9970
8850	9979
8859	2369
8859	4488
8859	4810
8859	4921
8859	5363
8859	6021
8859	6537
8859	6725
8859	8206
8859	9231
8859	9579
8859	9599
8859	9632
8859	9640
8859	9776
8866	3212
8866	5410
8866	6423
8866	8199
8866	9270
8866	9377
8866	9480
8875	1791
8875	6626
8875	6872
8875	7537
8875	8438
8875	9191
8875	9355
8875	9579
8875	9930
8875	9940
8880	8828
8880	9753
8880	9872
8889	1409
8889	7449
8889	8075
8889	8265
8889	9299
8889	9861
8890	9669
8890	9943
8890	9955
8894	3485
8894	3672
8894	5649
8894	7014
8894	7264
8894	8606
8894	8733
8894	9137
8894	9152
8894	9659
8905	6725
8905	8168
8906	3561
8906	7439
8906	9369
8914	925
8914	3394
8914	6620
8914	9184
8914	9374
8918	7121
8918	7155
8918	8170
8918	9888
8920	3688
8920	6425
8920	8374
8920	9074
8920	9418
8920	9666
8924	187
8924	329
8924	8973
8924	9068
8933	5467
8933	9955
8938	2254
8938	2709
8938	9197
8939	4240
8939	6850
8939	8671
8939	9384
8939	9895
8939	9993
8941	6643
8941	7466
8941	8382
8941	9632
8943	3708
8943	7566
8943	9376
8943	9975
8947	9074
8947	9287
8952	6384
8952	7705
8952	9138
8952	9376
8959	7988
8959	8420
8959	9288
8959	9932
8961	5185
8961	8481
8964	6418
8964	6643
8964	7940
8964	9023
8964	9060
8973	4199
8973	7051
8973	7288
8973	8924
8973	9331
8973	9433
8974	1623
8974	3111
8974	5531
8974	6041
8974	7688
8974	8529
8974	9197
8974	9565
8976	837
8976	1722
8976	7014
8976	7288
8976	9908
8977	5006
8977	6081
8977	8532
8977	9258
8977	9288
8978	1016
8978	1616
8978	2137
8978	6722
8978	6764
8978	7615
8978	7650
8978	7986
8978	8630
8978	9376
8978	9406
8978	9469
8995	2977
8995	7506
8995	9282
8999	2406
8999	6911
8999	7479
8999	7940
8999	8371
8999	8604
8999	9028
8999	9771
8999	9793
9002	7155
9002	9846
9004	4484
9004	7236
9004	7563
9004	9243
9004	9413
9004	9973
9011	772
9011	3331
9011	5304
9011	7026
9011	8542
9011	8544
9011	9822
9011	9830
9012	3574
9012	6722
9012	6918
9012	7557
9012	8006
9012	9440
9020	3331
9020	5946
9020	7601
9020	9114
9020	9213
9020	9443
9020	9579
9023	5660
9023	7802
9023	8964
9023	9465
9023	9558
9023	9769
9023	9987
9028	4278
9028	7160
9028	7940
9028	8076
9028	8371
9028	8999
9028	9443
9028	9687
9028	9771
9028	9793
9030	5591
9030	5638
9030	8099
9030	9124
9030	9961
9030	9992
9040	5826
9040	6123
9040	6965
9040	7252
9040	7756
9040	7801
9040	7828
9040	7939
9040	9331
9040	9392
9049	49
9049	575
9049	2709
9049	6695
9049	6725
9049	7801
9050	6858
9050	7674
9050	8162
9050	9301
9050	9495
9050	9649
9050	9744
9059	3730
9059	6761
9059	7931
9059	7962
9059	9682
9060	3760
9060	4756
9060	7383
9060	8636
9060	8964
9060	9629
9068	7528
9068	7545
9068	7931
9068	8924
9068	9340
9071	4694
9071	7466
9071	9124
9071	9227
9071	9237
9071	9489
9071	9744
9071	9830
9073	1226
9073	5363
9073	6761
9073	7693
9073	7724
9073	7931
9074	4778
9074	7256
9074	8374
9074	8920
9074	8947
9074	9666
9074	9893
9077	7646
9077	9453
9078	7981
9078	9480
9078	9610
9082	4368
9082	9275
9082	9433
9082	9695
9082	9896
9084	3561
9084	4225
9084	7545
9084	8130
9084	8832
9084	9301
9084	9436
9094	3403
9094	5041
9094	8397
9094	9515
9101	1777
9101	6466
9101	7245
9101	8127
9101	8294
9101	8577
9101	8594
9101	8739
9101	9194
9101	9401
9101	9565
9101	9731
9114	744
9114	6379
9114	8753
9114	9020
9114	9213
9114	9579
9123	5869
9123	6657
9123	7031
9123	8010
9123	9648
9124	4238
9124	5638
9124	6961
9124	8217
9124	9030
9124	9071
9124	9464
9124	9500
9125	390
9125	535
9125	3735
9125	7833
9125	8419
9125	8545
9125	8739
9125	9146
9132	3701
9132	4209
9132	6969
9132	7951
9132	8005
9132	9376
9132	9387
9132	9480
9137	3485
9137	3672
9137	7722
9137	8733
9137	8774
9137	8894
9137	9495
9137	9659
9138	7575
9138	7600
9138	7705
9138	8952
9141	2275
9141	3418
9141	5171
9141	7905
9141	8723
9141	8828
9143	4199
9143	4216
9143	6510
9143	8063
9143	9515
9143	9576
9143	9930
9143	9995
9146	535
9146	3735
9146	7256
9146	7516
9146	8545
9146	9125
9146	9539
9146	9659
9152	2896
9152	3054
9152	5562
9152	6444
9152	6606
9152	8894
9152	9732
9172	1403
9172	2075
9172	2106
9172	2968
9172	3530
9172	3649
9172	4996
9172	5171
9172	5947
9172	6358
9172	6661
9172	7447
9172	8056
9172	8217
9172	8433
9172	8610
9172	8628
9172	9228
9172	9615
9172	9776
9179	1111
9179	1838
9179	3487
9179	5887
9179	8076
9179	8344
9179	8549
9179	9351
9179	9955
9182	575
9182	2907
9182	6018
9182	6444
9182	6916
9182	7236
9182	7431
9182	8295
9182	8529
9182	9374
9182	9421
9182	9539
9182	9943
9184	8914
9184	9822
9188	2994
9188	9304
9188	9887
9188	9979
9191	3392
9191	4276
9191	6626
9191	7121
9191	7537
9191	8832
9191	8875
9191	9340
9191	9355
9191	9975
9193	187
9194	1851
9194	4527
9194	6775
9194	8294
9194	8594
9194	8739
9194	9101
9194	9401
9194	9407
9194	9565
9194	9887
9195	6301
9195	7160
9195	7380
9195	8533
9197	3810
9197	4173
9197	4378
9197	4409
9197	7688
9197	8938
9197	8974
9197	9384
9197	9648
9204	7516
9204	7837
9204	9705
9213	600
9213	3225
9213	4084
9213	9020
9213	9114
9213	9579
9214	5467
9214	6466
9214	8468
9214	8697
9214	9995
9215	1688
9215	3710
9215	5962
9215	8194
9215	9533
9217	5619
9217	7014
9217	8030
9217	8717
9217	9539
9217	9825
9218	241
9218	2841
9218	3593
9218	6021
9218	6485
9218	7714
9218	8473
9218	8568
9218	8839
9218	9275
9218	9356
9219	8827
9219	8828
9219	9628
9227	8347
9227	8577
9227	9071
9227	9605
9227	9787
9228	3530
9228	3665
9228	3710
9228	4372
9228	4996
9228	5171
9228	5542
9228	6358
9228	7123
9228	7447
9228	8056
9228	8433
9228	8610
9228	8628
9228	9172
9228	9981
9231	6761
9231	7234
9231	8754
9231	8839
9231	8859
9231	9632
9231	9681
9231	9738
9237	1177
9237	4255
9237	7667
9237	8199
9237	8353
9237	8530
9237	8704
9237	9071
9237	9404
9241	3617
9241	7010
9241	7375
9241	7689
9241	8030
9241	8819
9241	9262
9241	9378
9241	9429
9243	2924
9243	5043
9243	6164
9243	9004
9243	9985
9253	5543
9253	5947
9256	3810
9256	7801
9256	8468
9258	2977
9258	8977
9260	3047
9260	4509
9260	7566
9260	7791
9260	8213
9260	8824
9260	9440
9262	1815
9262	3450
9262	3617
9262	5542
9262	6164
9262	6940
9262	7375
9262	7631
9262	7689
9262	7958
9262	8030
9262	8554
9262	8819
9262	9241
9262	9378
9262	9392
9262	9401
9262	9429
9262	9893
9270	3311
9270	7161
9270	8866
9270	9774
9270	9920
9275	1118
9275	2841
9275	2976
9275	3593
9275	7714
9275	7828
9275	8353
9275	8438
9275	8473
9275	8568
9275	8839
9275	9082
9275	9218
9275	9287
9275	9356
9275	9515
9275	9920
9275	9979
9275	9995
9279	215
9279	744
9279	9331
9279	9599
9279	9675
9282	8995
9282	9444
9282	9681
9282	9776
9282	9987
9287	8947
9287	9275
9288	104
9288	1064
9288	1072
9288	1468
9288	3441
9288	3561
9288	4355
9288	5006
9288	5997
9288	6081
9288	6576
9288	7497
9288	8959
9288	8977
9292	3111
9292	4618
9292	5958
9292	9435
9299	5488
9299	6593
9299	8889
9299	9715
9299	9985
9301	215
9301	2439
9301	3701
9301	4490
9301	5870
9301	7127
9301	7264
9301	8162
9301	8577
9301	9050
9301	9084
9301	9495
9304	8286
9304	9188
9304	9338
9311	2720
9311	6561
9311	6993
9311	7724
9311	7964
9311	9404
9311	9687
9331	2407
9331	6123
9331	7520
9331	7619
9331	7756
9331	7801
9331	8076
9331	8532
9331	8973
9331	9040
9331	9279
9331	9376
9338	25
9338	407
9338	2968
9338	3967
9338	5638
9338	7281
9338	7802
9338	7913
9338	9304
9338	9415
9338	9822
9338	9895
9340	2369
9340	6537
9340	6615
9340	8206
9340	9068
9340	9191
9340	9436
9340	9599
9340	9632
9340	9687
9340	9776
9343	4243
9343	4970
9343	8839
9343	9666
9346	1874
9346	4290
9346	7161
9346	8084
9346	8361
9351	1838
9351	3487
9351	4661
9351	6603
9351	7602
9351	7688
9351	7865
9351	8344
9351	9179
9351	9955
9354	4001
9354	8191
9354	8533
9354	9436
9354	9929
9355	1344
9355	1791
9355	3392
9355	4276
9355	6872
9355	7537
9355	8438
9355	8875
9355	9191
9355	9774
9356	241
9356	699
9356	2976
9356	3440
9356	7714
9356	8353
9356	8473
9356	8568
9356	9218
9356	9275
9356	9896
9369	5959
9369	7516
9369	8906
9369	9443
9369	9774
9369	9863
9374	575
9374	2907
9374	3111
9374	3446
9374	3530
9374	5336
9374	6916
9374	7161
9374	7236
9374	7431
9374	8733
9374	8914
9374	9182
9376	1016
9376	1616
9376	2137
9376	4007
9376	4791
9376	5870
9376	6620
9376	6722
9376	6764
9376	7051
9376	7288
9376	7615
9376	7650
9376	7986
9376	8414
9376	8630
9376	8943
9376	8952
9376	8978
9376	9132
9376	9331
9376	9406
9376	9469
9376	9943
9377	617
9377	4378
9377	5543
9377	5859
9377	5877
9377	6469
9377	6886
9377	7059
9377	7545
9377	7905
9377	8075
9377	8361
9377	8866
9377	9885
9378	1815
9378	6075
9378	6940
9378	7631
9378	7689
9378	8532
9378	8554
9378	8819
9378	9241
9378	9262
9378	9429
9378	9885
9384	4240
9384	4549
9384	5265
9384	5594
9384	6061
9384	7243
9384	8671
9384	8839
9384	8939
9384	9197
9384	9993
9387	7129
9387	9132
9387	9480
9392	3988
9392	5806
9392	8194
9392	9040
9392	9262
9401	1487
9401	4527
9401	4857
9401	6576
9401	7922
9401	8295
9401	8529
9401	8577
9401	8594
9401	8704
9401	8739
9401	9101
9401	9194
9401	9262
9401	9407
9404	1177
9404	4223
9404	4378
9404	5463
9404	7227
9404	7667
9404	8199
9404	8704
9404	8827
9404	9237
9404	9311
9404	9571
9404	9925
9406	1016
9406	1616
9406	4007
9406	4791
9406	5153
9406	6722
9406	6764
9406	7615
9406	7650
9406	7986
9406	8630
9406	8697
9406	8978
9406	9376
9406	9469
9407	6775
9407	7401
9407	8294
9407	8295
9407	8529
9407	9194
9407	9401
9407	9565
9413	7281
9413	7631
9413	8191
9413	9004
9415	407
9415	4101
9415	7281
9415	7913
9415	7922
9415	8051
9415	9338
9415	9822
9415	9895
9418	217
9418	744
9418	1825
9418	5694
9418	6248
9418	6576
9418	7506
9418	7759
9418	8920
9420	3710
9420	8475
9420	9436
9420	9610
9420	9732
9421	2907
9421	3111
9421	5336
9421	6916
9421	7431
9421	7537
9421	9182
9421	9539
9421	9705
9427	5999
9427	6448
9427	6466
9427	7724
9427	7856
9427	8577
9427	8758
9427	9863
9427	9947
9429	1815
9429	3617
9429	4087
9429	6165
9429	7689
9429	7766
9429	8099
9429	8184
9429	8819
9429	9241
9429	9262
9429	9378
9429	9623
9433	4199
9433	4970
9433	8728
9433	8973
9433	9082
9435	5003
9435	5594
9435	8433
9435	8696
9435	9292
9435	9705
9436	3561
9436	7545
9436	8130
9436	8832
9436	9084
9436	9340
9436	9354
9436	9420
9440	764
9440	7082
9440	7203
9440	8697
9440	8774
9440	9012
9440	9260
9440	9776
9443	6695
9443	7516
9443	9020
9443	9028
9443	9369
9443	9863
9444	1409
9444	2601
9444	3407
9444	4654
9444	7689
9444	9282
9444	9469
9444	9496
9444	9515
9444	9975
9453	3225
9453	6593
9453	6722
9453	7646
9453	8530
9453	9077
9464	4618
9464	9124
9465	6893
9465	7385
9465	7576
9465	9023
9465	9558
9465	9769
9465	9987
9469	1016
9469	1616
9469	2137
9469	4007
9469	4368
9469	4791
9469	5153
9469	6722
9469	6764
9469	7615
9469	7650
9469	7986
9469	8630
9469	8978
9469	9376
9469	9406
9469	9444
9473	6455
9473	6723
9473	7719
9473	9669
9480	4209
9480	4962
9480	7129
9480	7600
9480	8685
9480	8866
9480	9078
9480	9132
9480	9387
9489	4484
9489	7227
9489	7778
9489	8783
9489	8850
9489	9071
9489	9930
9489	9956
9489	9970
9489	9979
9492	3403
9492	9789
9495	215
9495	3701
9495	4490
9495	4998
9495	5870
9495	7127
9495	7264
9495	7646
9495	9050
9495	9137
9495	9301
9495	9649
9495	9669
9495	9769
9496	3366
9496	5859
9496	8265
9496	8404
9496	8606
9496	9444
9496	9681
9500	925
9500	3593
9500	5591
9500	7706
9500	8824
9500	9124
9504	5224
9504	7602
9504	9576
9507	4
9507	3331
9507	7630
9507	7890
9507	9533
9508	3576
9508	5946
9508	6940
9508	7537
9508	9787
9515	201
9515	8127
9515	9094
9515	9143
9515	9275
9515	9444
9524	2137
9524	4157
9524	7469
9524	8055
9524	8530
9533	5770
9533	9215
9533	9507
9533	9955
9538	2029
9538	4041
9538	4082
9538	6047
9538	8758
9538	9787
9538	9908
9539	925
9539	2471
9539	3111
9539	3446
9539	5336
9539	6593
9539	6916
9539	7236
9539	7375
9539	8347
9539	9146
9539	9182
9539	9217
9539	9421
9551	600
9551	6789
9551	8294
9551	8553
9551	9789
9558	1085
9558	7576
9558	7802
9558	9023
9558	9465
9558	9769
9558	9987
9558	9992
9565	1777
9565	2763
9565	4527
9565	4857
9565	6466
9565	7401
9565	8127
9565	8295
9565	8529
9565	8739
9565	8974
9565	9101
9565	9194
9565	9407
9571	634
9571	2763
9571	9404
9576	4082
9576	5224
9576	6400
9576	8473
9576	9143
9576	9504
9576	9647
9579	5946
9579	7802
9579	8704
9579	8859
9579	8875
9579	9020
9579	9114
9579	9213
9599	4488
9599	6537
9599	7234
9599	8206
9599	8859
9599	9279
9599	9340
9599	9632
9599	9738
9599	9776
9605	3014
9605	5428
9605	5619
9605	6148
9605	6603
9605	8518
9605	9227
9605	9811
9605	9992
9610	4634
9610	7833
9610	8006
9610	8294
9610	8507
9610	9078
9610	9420
9611	4199
9611	5135
9611	5929
9611	6527
9611	8344
9611	8774
9611	9925
9615	7161
9615	7252
9615	8636
9615	9172
9623	6061
9623	9429
9623	9628
9623	9870
9628	8824
9628	8828
9628	9219
9628	9623
9628	9846
9629	217
9629	1873
9629	4041
9629	5512
9629	5871
9629	6153
9629	7631
9629	7828
9629	7931
9629	8673
9629	9060
9629	9981
9632	764
9632	2994
9632	4087
9632	4488
9632	5363
9632	5611
9632	6537
9632	7506
9632	7766
9632	8175
9632	8206
9632	8859
9632	8941
9632	9231
9632	9340
9632	9599
9632	9776
9632	9830
9632	9892
9632	9893
9638	5463
9638	7665
9638	9981
9638	9992
9639	764
9639	4921
9639	5341
9639	5449
9639	6425
9639	8030
9639	8051
9639	8429
9639	9887
9639	9929
9640	3392
9640	7447
9640	8859
9640	9774
9640	9805
9644	213
9644	1597
9644	3441
9644	8805
9647	3628
9647	5697
9647	6110
9647	6485
9647	7380
9647	7506
9647	7630
9647	7846
9647	7913
9647	8389
9647	8586
9647	9576
9648	1623
9648	4157
9648	5531
9648	7688
9648	9123
9648	9197
9648	9659
9649	215
9649	1505
9649	1905
9649	4998
9649	5870
9649	6858
9649	7264
9649	7674
9649	8015
9649	8162
9649	9050
9649	9495
9649	9738
9649	9947
9657	536
9657	3111
9657	3760
9657	4962
9657	8021
9659	1819
9659	3485
9659	3672
9659	4173
9659	5649
9659	7439
9659	8733
9659	8894
9659	9137
9659	9146
9659	9648
9659	9744
9666	2861
9666	4844
9666	5667
9666	5958
9666	6425
9666	8697
9666	8920
9666	9074
9666	9343
9666	9870
9666	9987
9669	2359
9669	3403
9669	8890
9669	9473
9669	9495
9669	9675
9669	9943
9675	151
9675	772
9675	1846
9675	6444
9675	8403
9675	9279
9675	9669
9675	9973
9681	2142
9681	5859
9681	6723
9681	7615
9681	8404
9681	8606
9681	9231
9681	9282
9681	9496
9682	1376
9682	2103
9682	2836
9682	2977
9682	3128
9682	3779
9682	4693
9682	4928
9682	5135
9682	5691
9682	5936
9682	5953
9682	6215
9682	7719
9682	8006
9682	8213
9682	8568
9682	8754
9682	8848
9682	9059
9682	9945
9687	8784
9687	9028
9687	9311
9687	9340
9687	9916
9693	1588
9693	3617
9693	6940
9693	8037
9693	8758
9693	9711
9695	6018
9695	6999
9695	7288
9695	9082
9705	7689
9705	8848
9705	9204
9705	9421
9705	9435
9705	9956
9711	4082
9711	4515
9711	6358
9711	9693
9711	9975
9711	9995
9715	6593
9715	7804
9715	9299
9722	4509
9722	9929
9731	3688
9731	6464
9731	7759
9731	7848
9731	9101
9731	9787
9732	1434
9732	5562
9732	6444
9732	6606
9732	6661
9732	9152
9732	9420
9738	1072
9738	2994
9738	4488
9738	5363
9738	6018
9738	6463
9738	6521
9738	7234
9738	8518
9738	9231
9738	9599
9738	9649
9738	9776
9738	9896
9744	4694
9744	7466
9744	9050
9744	9071
9744	9659
9753	329
9753	843
9753	941
9753	1874
9753	2147
9753	3576
9753	4278
9753	4515
9753	6184
9753	7070
9753	7594
9753	8015
9753	8880
9753	9895
9769	7576
9769	7802
9769	9023
9769	9465
9769	9495
9769	9558
9769	9987
9771	6911
9771	7479
9771	7940
9771	8076
9771	8371
9771	8753
9771	8999
9771	9028
9771	9793
9771	9996
9774	5578
9774	9270
9774	9355
9774	9369
9774	9640
9774	9932
9776	2286
9776	4488
9776	6537
9776	7234
9776	8356
9776	8859
9776	9172
9776	9282
9776	9340
9776	9440
9776	9599
9776	9632
9776	9738
9776	9825
9787	3406
9787	3829
9787	4082
9787	8518
9787	9227
9787	9508
9787	9538
9787	9731
9787	9908
9787	9992
9789	4634
9789	7243
9789	8347
9789	9492
9789	9551
9793	2924
9793	5043
9793	6911
9793	7234
9793	7329
9793	7479
9793	7766
9793	7940
9793	8076
9793	8371
9793	8999
9793	9028
9793	9771
9799	1177
9799	4844
9799	6893
9799	7931
9805	3503
9805	4937
9805	6823
9805	7199
9805	9640
9805	9813
9805	9981
9809	5999
9809	6021
9809	7375
9809	9811
9811	487
9811	657
9811	2599
9811	5428
9811	5619
9811	6063
9811	6603
9811	8518
9811	9605
9811	9809
9812	7685
9812	8283
9812	9940
9813	4266
9813	7852
9813	8753
9813	9805
9813	9932
9822	455
9822	635
9822	2968
9822	3967
9822	4101
9822	7402
9822	7913
9822	8249
9822	9011
9822	9184
9822	9338
9822	9415
9822	9895
9825	6192
9825	7014
9825	7804
9825	9217
9825	9776
9830	772
9830	3851
9830	7026
9830	8542
9830	8544
9830	9011
9830	9071
9830	9632
9830	9973
9846	2763
9846	4330
9846	5052
9846	5479
9846	7516
9846	7802
9846	8075
9846	9002
9846	9628
9861	8889
9862	843
9862	4791
9862	5997
9862	7801
9862	9956
9863	699
9863	5959
9863	7468
9863	7516
9863	9369
9863	9427
9863	9443
9865	3096
9865	7665
9865	7958
9870	213
9870	1825
9870	1958
9870	3047
9870	3128
9870	5594
9870	6061
9870	8531
9870	8775
9870	9623
9870	9666
9870	9970
9872	8475
9872	8880
9872	9987
9885	617
9885	2601
9885	5877
9885	6469
9885	6886
9885	7059
9885	8075
9885	8361
9885	9377
9885	9378
9885	9998
9887	3599
9887	7329
9887	8265
9887	9188
9887	9194
9887	9639
9888	4290
9888	4937
9888	5578
9888	6418
9888	7155
9888	7688
9888	8481
9888	8918
9889	7234
9889	8075
9889	8175
9892	6723
9892	7160
9892	7712
9892	9632
9893	3485
9893	6148
9893	6463
9893	8715
9893	9074
9893	9262
9893	9632
9895	407
9895	455
9895	2968
9895	3967
9895	4101
9895	7281
9895	8199
9895	8382
9895	8815
9895	8939
9895	9338
9895	9415
9895	9753
9895	9822
9896	7575
9896	9082
9896	9356
9896	9738
9896	9987
9908	1722
9908	4082
9908	7245
9908	7288
9908	8976
9908	9538
9908	9787
9916	851
9916	3403
9916	4995
9916	8397
9916	9687
9920	1688
9920	2977
9920	9270
9920	9275
9920	9981
9920	9998
9925	594
9925	8671
9925	8788
9925	9404
9925	9611
9929	764
9929	4921
9929	5449
9929	8051
9929	8194
9929	9354
9929	9639
9929	9722
9930	4216
9930	4879
9930	4990
9930	6510
9930	8063
9930	8875
9930	9143
9930	9489
9932	6066
9932	7227
9932	7345
9932	7852
9932	8959
9932	9774
9932	9813
9940	7079
9940	7766
9940	8063
9940	8875
9940	9812
9943	5777
9943	8890
9943	9182
9943	9376
9943	9669
9945	4268
9945	9682
9945	9996
9947	1597
9947	4549
9947	5573
9947	5806
9947	6448
9947	7856
9947	7964
9947	8531
9947	8758
9947	8839
9947	9427
9947	9649
9955	1111
9955	1838
9955	3487
9955	3708
9955	4243
9955	5887
9955	5912
9955	7865
9955	8344
9955	8549
9955	8784
9955	8890
9955	8933
9955	9179
9955	9351
9955	9533
9956	4515
9956	4810
9956	7148
9956	7203
9956	7496
9956	7956
9956	9489
9956	9705
9956	9862
9961	1118
9961	7958
9961	8806
9961	9030
9970	5562
9970	7778
9970	7913
9970	8007
9970	8468
9970	8518
9970	8783
9970	8850
9970	9489
9970	9870
9970	9979
9973	5543
9973	9004
9973	9675
9973	9830
9975	3851
9975	4277
9975	4963
9975	7592
9975	8530
9975	8943
9975	9191
9975	9444
9975	9711
9977	4515
9977	5463
9977	5958
9977	6701
9979	4484
9979	7778
9979	8783
9979	8850
9979	9188
9979	9275
9979	9489
9979	9970
9981	3710
9981	4041
9981	4596
9981	5512
9981	6254
9981	9228
9981	9629
9981	9638
9981	9805
9981	9920
9985	2924
9985	5055
9985	6164
9985	8586
9985	8733
9985	9243
9985	9299
9987	4923
9987	6469
9987	7385
9987	7802
9987	9023
9987	9282
9987	9465
9987	9558
9987	9666
9987	9769
9987	9872
9987	9896
9992	265
9992	5265
9992	6471
9992	9030
9992	9558
9992	9605
9992	9638
9992	9787
9993	1496
9993	2165
9993	3617
9993	3727
9993	5594
9993	6464
9993	7243
9993	7601
9993	8084
9993	8671
9993	8939
9993	9384
9995	9143
9995	9214
9995	9275
9995	9711
9996	4268
9996	4378
9996	9771
9996	9945
9998	25
9998	5543
9998	8542
9998	9885
9998	9920
