1535	1535
1905	1905
1356	1356
784	784
4255	4255
999	999
1801	1801
1961	1961
812	812
1514	1514
1027	1027
3118	3118
3233	3233
1497	1497
4512	4512
2099	2099
7	7
940	940
1155	1155
5459	5459
2789	2789
2689	2689
2202	2202
3978	3978
1424	1424
1439	1439
852	852
6976	6976
1423	1423
2600	2600
3327	3327
1837	1837
663	663
2654	2654
316	316
3340	3340
2437	2437
3470	3470
1493	1493
5304	5304
2450	2450
112	112
2234	2234
125	125
512	512
610	610
5862	5862
1442	1442
1672	1672
4225	4225
2289	2289
1571	1571
91	91
536	536
3004	3004
1754	1754
17	17
6241	6241
2228	2228
2799	2799
3832	3832
4334	4334
5723	5723
260	260
5366	5366
174	174
4934	4934
1091	1091
6412	6412
212	212
988	988
556	556
3239	3239
1172	1172
1958	1958
5203	5203
1300	1300
1315	1315
5688	5688
2919	2919
611	611
5933	5933
3735	3735
4799	4799
1568	1568
294	294
5741	5741
1441	1441
5183	5183
2058	2058
2142	2142
6933	6933
4033	4033
677	677
2527	2527
2310	2310
3143	3143
5695	5695
2223	2223
