6	6042
6	8198
8	3935
8	8220
8	8979
8	9267
9	4309
9	7669
20	2519
20	9783
21	5541
21	6075
21	7997
21	9162
22	4684
22	9415
28	6137
28	8410
28	9195
41	8270
41	9053
55	5378
55	9212
56	6893
59	1656
59	8736
67	5434
67	7945
90	7600
106	1474
106	8629
106	9558
111	9830
130	2301
130	5082
130	7250
130	9742
130	9804
137	7985
137	9072
139	4458
139	9268
163	5287
163	8385
164	8647
171	1467
171	7320
177	9778
181	9004
182	7695
182	9901
183	9201
186	8152
186	9581
213	9644
220	726
220	8026
220	9922
224	4480
224	8152
224	9360
224	9959
230	1769
230	3951
238	7961
238	9623
239	5850
239	8607
239	8613
239	9568
239	9614
249	4258
249	7257
249	8493
249	9072
250	2286
265	6215
265	7791
265	9992
272	3632
272	6594
279	8103
279	8561
279	8834
283	6594
283	7979
283	8516
284	7503
285	6351
293	8642
293	9877
300	2983
300	8234
306	7214
306	8070
306	8274
311	611
311	6137
322	5356
322	8663
331	9643
337	3202
337	3360
337	6870
341	589
341	3726
341	9431
341	9588
346	9550
347	351
347	5840
351	347
351	4768
351	7900
351	9925
363	2060
363	7901
363	9534
371	7028
371	9338
371	9822
371	9895
374	6939
375	3327
377	9550
379	1543
379	9261
380	5455
380	6306
385	558
385	750
385	1168
385	7653
385	8536
396	8115
399	9872
404	7683
404	7795
409	8570
409	9350
415	8115
415	9805
424	4224
424	9603
428	8735
428	9404
434	3177
434	9619
438	1716
438	8763
438	9470
440	7052
440	8928
441	5772
441	7229
441	8551
446	9964
453	8629
453	8713
453	8877
460	2797
466	7865
476	6777
476	6994
476	8933
485	1769
485	4061
489	2791
489	9310
490	9178
490	9526
490	9805
503	8018
503	9296
503	9871
507	5588
507	7526
510	3150
510	8581
510	8949
510	9046
519	5171
529	5693
541	3278
541	5852
541	7429
541	9716
541	9820
553	8225
558	385
558	8030
558	8944
558	9802
586	7303
589	341
591	8860
591	9591
600	6032
600	9213
604	8506
604	8570
606	3105
611	311
611	5003
611	7283
616	1046
616	9923
619	2896
626	8719
626	9618
628	1669
635	4890
635	9822
638	2688
638	9362
638	9992
643	3440
643	8687
646	3558
646	8398
646	9046
646	9822
651	4957
651	9605
655	9064
655	9804
656	1748
656	3298
656	9920
662	6610
662	7453
664	2809
690	9746
690	9780
691	6087
691	8566
692	7148
692	8273
692	8536
708	3997
708	8687
708	9726
712	7610
714	8485
725	5286
726	220
726	9347
726	9424
727	8842
732	3200
737	7471
737	9507
745	3704
745	8387
750	385
750	5376
750	5537
750	5985
761	1917
761	4507
761	5245
761	8617
761	9431
767	7291
767	9493
772	8544
772	8648
772	9675
772	9830
775	1571
775	4918
775	8745
781	8177
781	9196
798	8648
798	9036
799	3478
800	6296
800	8617
805	7427
805	8430
806	6545
819	9783
819	9795
829	1863
840	8685
840	9117
849	8208
849	9718
856	8379
858	2832
859	1336
860	5356
864	6111
864	6669
869	3677
869	7341
881	6872
881	7770
881	9623
892	2757
892	6117
892	7250
892	9198
892	9246
892	9655
892	9983
894	9246
894	9610
894	9983
896	9204
930	5212
930	7222
930	7923
930	9675
930	9885
930	9921
931	7963
931	9568
931	9614
932	9615
932	9709
938	3158
938	7985
939	4413
939	8554
947	3174
947	6821
947	8417
947	9026
959	3621
959	9593
959	9883
966	8140
970	1189
970	2590
970	6702
975	7373
975	7997
975	8685
979	8065
979	8442
979	9561
988	7979
994	8208
994	9718
996	6979
996	9284
996	9326
996	9493
1002	6143
1002	9676
1018	3691
1018	8526
1023	7222
1023	8541
1031	8281
1032	5010
1032	9204
1032	9239
1046	616
1046	9603
1048	2163
1056	9162
1056	9460
1057	4458
1057	6938
1057	8733
1062	3027
1062	3309
1062	6032
1062	7493
1065	7862
1070	7088
1070	8281
1070	8842
1071	7332
1071	8859
1085	3142
1085	8921
1085	9558
1091	7797
1091	9765
1113	4236
1120	6630
1125	9254
1125	9282
1130	6517
1130	8606
1137	1621
1137	5091
1140	8225
1140	8798
1147	2268
1147	5706
1147	9000
1148	7995
1148	8492
1148	8831
1155	2174
1155	6937
1161	7862
1161	8084
1161	9110
1168	385
1168	7473
1172	8307
1172	9296
1172	9805
1172	9871
1189	970
1190	7473
1190	7812
1207	5204
1208	7302
1208	7451
1218	3864
1218	5378
1232	1842
1232	7680
1233	8234
1261	7231
1276	1696
1276	7379
1276	8555
1279	8065
1279	8207
1279	9117
1282	3935
1282	7271
1282	7820
1283	6394
1283	8118
1285	4159
1285	8786
1287	8464
1287	8648
1289	7406
1289	8718
1296	2747
1296	7271
1300	5808
1302	8016
1302	8198
1302	9424
1303	4817
1321	8377
1321	9076
1326	3802
1326	9304
1326	9717
1328	8355
1331	8333
1331	8666
1331	9844
1336	859
1336	8637
1336	8711
1336	9872
1344	3368
1344	9355
1351	7681
1353	5010
1354	4890
1354	7226
1354	7622
1354	9999
1358	9306
1358	9350
1362	7613
1362	9534
1362	9992
1364	6087
1364	7597
1364	8683
1364	8985
1364	9783
1371	8733
1374	3284
1374	8902
1391	7145
1401	3026
1401	4304
1401	5657
1403	7447
1407	9198
1407	9308
1407	9925
1433	7659
1433	9643
1434	6552
1434	7663
1434	9732
1435	7715
1435	9872
1442	6280
1442	9717
1452	9964
1458	6938
1460	5636
1460	7872
1467	171
1474	106
1474	4153
1476	4913
1476	9771
1495	6171
1499	8103
1499	9849
1530	5087
1530	6513
1530	9979
1533	6977
1533	9878
1534	7774
1534	9439
1534	9998
1540	6252
1543	379
1543	9763
1545	6060
1545	9677
1547	7503
1547	8383
1549	9950
1554	2319
1554	7663
1554	9195
1562	5335
1562	8159
1571	775
1576	6552
1576	8551
1576	9732
1583	9599
1587	5204
1587	7044
1587	9588
1587	9950
1592	5104
1592	7493
1592	8256
1592	8842
1597	8758
1597	9644
1597	9954
1600	4327
1600	7984
1600	9431
1621	1137
1621	8861
1621	9717
1628	9568
1628	9614
1629	5848
1636	9732
1641	6473
1641	7406
1644	7367
1644	8629
1656	59
1662	4923
1662	7871
1667	2599
1667	9349
1669	628
1669	8733
1696	1276
1698	4975
1698	7985
1698	8491
1706	8026
1706	9333
1706	9424
1706	9921
1707	6450
1711	3577
1711	9178
1714	6027
1714	8718
1714	8835
1714	9033
1716	438
1716	4635
1716	7323
1728	4567
1728	6929
1728	7335
1728	9561
1729	9423
1729	9501
1739	5141
1739	9036
1748	656
1748	6405
1748	6673
1749	6682
1754	4890
1754	6394
1754	9246
1754	9983
1756	4859
1756	9759
1761	7208
1761	9716
1764	2425
1764	9021
1764	9605
1765	9420
1769	230
1769	485
1769	9507
1769	9901
1780	7293
1780	9347
1780	9729
1780	9999
1785	8430
1785	9045
1788	9921
1790	5376
1790	6835
1796	7098
1796	7919
1810	8207
1817	9746
1820	9282
1825	2650
1828	7078
1831	9499
1841	8437
1841	9927
1842	1232
1842	9992
1849	6555
1849	8270
1849	8816
1849	9046
1849	9430
1852	2760
1852	6280
1852	7324
1863	829
1863	7303
1863	7758
1863	9843
1864	9033
1869	3208
1869	9161
1892	3889
1892	4505
1911	7733
1911	8016
1911	8921
1916	7976
1917	761
1917	9164
1917	9534
1917	9643
1917	9992
1922	5886
1923	2056
1923	6340
1923	9497
1925	9923
1927	4595
1928	7984
1928	8554
1928	9849
1932	2163
1932	2193
1932	9749
1949	8103
1973	9507
1981	8909
1981	9117
1982	7563
1982	9821
2014	3194
2014	9844
2016	6459
2016	7610
2016	7989
2028	7292
2028	7859
2036	9196
2039	3970
2039	6733
2051	6670
2051	9056
2056	1923
2056	6553
2056	8267
2056	9383
2056	9771
2057	2890
2060	363
2073	9917
2076	7271
2076	9738
2077	9732
2078	8410
2078	9872
2079	8839
2079	9742
2080	4918
2080	7287
2100	2663
2100	5360
2105	5607
2105	8613
2110	6323
2110	6382
2114	7389
2114	7680
2114	8860
2114	9591
2134	3225
2134	3926
2140	7026
2140	8544
2160	9618
2163	1048
2163	1932
2163	8816
2163	9046
2168	9254
2174	1155
2174	9557
2180	5583
2189	6951
2189	9024
2189	9578
2189	9785
2190	6394
2190	9404
2193	1932
2193	7493
2193	9749
2196	4032
2196	7919
2197	8544
2197	8735
2206	4216
2206	8869
2206	8963
2210	9780
2213	8804
2213	9045
2213	9922
2215	9849
2215	9998
2216	5429
2216	7299
2216	9499
2216	9964
2221	7120
2229	7070
2238	6779
2238	9885
2243	7871
2243	8943
2243	9959
2246	4803
2246	7250
2254	7177
2254	9739
2262	5986
2262	9313
2263	9558
2266	9559
2268	1147
2268	6137
2274	9239
2274	9292
2274	9557
2278	5102
2278	8430
2278	8647
2279	8970
2284	9135
2284	9424
2286	250
2286	8726
2299	6212
2299	9964
2301	130
2301	3701
2301	6060
2301	9742
2301	9804
2304	5517
2304	9170
2316	6482
2316	7451
2316	7929
2316	9742
2316	9804
2319	1554
2319	6212
2319	9531
2327	3630
2327	7733
2343	5333
2344	9697
2344	9998
2351	8507
2351	9717
2372	7286
2372	8385
2372	9697
2372	9718
2376	8763
2376	9212
2376	9470
2380	8498
2392	9281
2392	9923
2394	9308
2408	6555
2408	8850
2408	9979
2425	1764
2425	7231
2425	7332
2425	7773
2425	8985
2425	9383
2425	9999
2430	9917
2441	7468
2441	7812
2441	9785
2443	7451
2443	7854
2443	8023
2443	8150
2443	9036
2449	7956
2449	9282
2449	9438
2475	7006
2475	8607
2475	9568
2475	9614
2483	5827
2491	9765
2501	7173
2501	9456
2503	2834
2503	5541
2503	9595
2503	9781
2508	8164
2508	9064
2508	9718
2519	20
2519	5208
2519	5332
2519	5709
2519	8144
2537	9765
2543	5333
2543	8385
2543	8899
2543	9550
2545	9350
2552	8224
2552	9922
2569	7493
2569	9697
2569	9747
2570	6525
2570	8256
2585	9677
2587	5261
2587	8291
2587	9765
2588	4194
2590	970
2598	8831
2598	9036
2599	1667
2599	4667
2599	8850
2599	9811
2613	3824
2613	8233
2613	9581
2616	5411
2625	5651
2625	9591
2629	5137
2629	6953
2629	9986
2638	8065
2641	6449
2641	7039
2643	6405
2650	1825
2650	7088
2650	9677
2653	7365
2653	8683
2653	9383
2661	2901
2661	7600
2663	2100
2663	3207
2663	9268
2663	9676
2668	4736
2673	7917
2674	8163
2674	8464
2674	9925
2688	638
2688	9999
2690	7613
2690	9682
2691	6875
2691	8835
2691	9178
2697	9222
2714	8581
2726	9564
2726	9758
2728	3942
2728	8401
2729	8573
2734	9521
2746	9697
2747	1296
2747	6139
2747	6676
2747	9267
2753	5517
2753	7965
2753	9593
2753	9858
2757	892
2757	6503
2757	8118
2757	8849
2759	6449
2759	9534
2759	9992
2760	1852
2760	3793
2760	5467
2760	8023
2777	8726
2777	9254
2788	7907
2788	8224
2788	8281
2788	9785
2791	489
2791	7563
2791	7609
2794	6718
2797	460
2804	9138
2809	664
2809	7749
2823	7709
2824	7773
2824	9383
2824	9918
2832	858
2832	9858
2834	2503
2834	7645
2835	4571
2835	7533
2840	8979
2840	9883
2843	3150
2843	6533
2846	7984
2846	7989
2852	9662
2859	9456
2861	3985
2861	5958
2861	7322
2861	7830
2861	9742
2861	9921
2871	7329
2871	9720
2872	4571
2872	7647
2874	7015
2882	7287
2890	2057
2890	9980
2892	6522
2892	7324
2896	619
2897	5866
2897	6181
2897	6544
2901	2661
2901	4503
2901	9695
2903	7997
2903	8647
2904	6357
2904	6821
2912	9739
2914	4359
2914	6804
2914	9948
2922	8544
2931	9878
2942	5141
2942	9595
2943	7992
2943	9719
2955	7083
2955	8307
2955	9575
2957	4304
2957	7677
2959	6137
2966	8903
2966	9423
2973	7956
2973	9944
2978	7815
2983	300
2983	6736
2983	9077
2983	9534
2985	9271
2986	9558
3011	5985
3026	1401
3026	4091
3026	6783
3026	8613
3026	9098
3027	1062
3027	4865
3027	7365
3028	9781
3034	3105
3034	9668
3041	4097
3041	9378
3041	9820
3045	6977
3045	8437
3045	9927
3049	9161
3049	9534
3049	9901
3057	7365
3057	8000
3063	9983
3079	6670
3079	9056
3089	7199
3089	9253
3105	606
3105	3034
3105	9310
3115	9198
3115	9795
3122	7857
3122	9444
3142	1085
3145	9559
3145	9643
3150	510
3150	2843
3150	6610
3150	8014
3150	8949
3156	6302
3156	9610
3158	938
3158	9559
3174	947
3174	6109
3174	8840
3177	434
3177	9103
3177	9697
3179	6032
3179	8601
3185	5569
3185	7471
3185	9347
3192	8220
3192	9862
3193	9668
3194	2014
3194	8464
3194	9438
3197	9739
3197	9811
3200	732
3200	5287
3200	8385
3200	8899
3200	9056
3200	9718
3202	337
3204	9872
3207	2663
3208	1869
3208	6784
3219	4572
3219	5766
3219	9588
3220	7025
3220	8349
3222	3308
3222	4691
3222	8687
3222	8736
3225	2134
3225	7420
3225	7810
3225	9213
3225	9763
3227	9920
3227	9950
3229	3639
3229	6094
3229	9687
3238	6071
3238	7324
3246	5816
3246	9292
3246	9695
3258	6508
3258	8601
3258	8648
3258	9315
3258	9575
3271	8648
3271	9222
3274	9811
3278	541
3281	4698
3281	9859
3284	1374
3284	7889
3284	9444
3287	6295
3287	6382
3287	8369
3287	9462
3298	656
3298	3995
3298	9872
3302	7252
3302	8067
3308	3222
3308	5434
3308	7117
3309	1062
3309	9986
3313	7563
3313	9746
3313	9771
3313	9780
3317	7105
3321	7871
3321	8860
3321	9591
3327	375
3327	5959
3327	9746
3348	4955
3348	9676
3349	6901
3349	8465
3355	7844
3359	9360
3360	337
3363	4198
3363	4762
3363	6157
3364	5332
3364	6456
3364	9783
3368	1344
3368	4696
3368	7534
3368	9355
3368	9430
3378	7575
3378	9423
3383	9948
3386	5028
3400	9162
3400	9460
3401	6143
3409	5638
3409	9148
3418	4820
3418	9795
3436	6217
3436	7945
3439	6524
3439	8812
3439	9458
3440	643
3440	5055
3446	6522
3446	8168
3447	6766
3447	9858
3449	4975
3449	6977
3449	8491
3449	9195
3449	9201
3460	8647
3468	8835
3468	8869
3469	7522
3469	9675
3471	9149
3478	799
3478	5096
3483	7329
3483	7630
3501	3792
3504	5212
3504	9675
3527	3727
3527	7286
3527	9170
3535	7686
3543	7686
3545	9214
3546	9884
3547	6242
3547	6450
3558	646
3558	9424
3560	7865
3560	8480
3560	8506
3567	7468
3567	9333
3567	9895
3571	5287
3571	6962
3571	9687
3577	1711
3577	6042
3577	6893
3577	7902
3583	9365
3583	9921
3584	5668
3584	7919
3584	8248
3588	5958
3588	8374
3588	9333
3605	8333
3605	8637
3605	9717
3617	9241
3617	9693
3621	959
3621	8315
3621	9036
3624	8666
3624	9999
3628	7374
3630	2327
3630	9168
3631	4221
3631	9763
3632	272
3632	6594
3632	8516
3638	9507
3638	9759
3639	3229
3643	6421
3643	8417
3643	8970
3648	7340
3648	8923
3648	9561
3656	7609
3656	9884
3677	869
3677	7332
3677	7773
3677	9021
3677	9287
3677	9431
3690	5601
3690	6459
3690	7749
3691	1018
3692	9168
3692	9304
3693	6767
3693	6787
3693	9239
3694	9033
3695	4730
3695	6315
3695	6670
3695	9056
3700	9389
3700	9780
3701	2301
3701	8985
3704	745
3704	8831
3706	8503
3706	9895
3726	341
3726	7015
3727	3527
3727	8146
3727	9534
3732	7035
3732	8559
3736	7034
3736	9123
3736	9695
3739	7068
3739	9927
3742	8637
3742	9460
3742	9720
3745	5490
3745	9677
3745	9717
3752	6036
3752	6215
3752	9337
3752	9682
3752	9783
3756	4914
3756	7997
3756	8485
3756	9098
3756	9697
3758	6592
3758	9739
3773	4362
3773	7752
3781	9662
3781	9695
3789	7610
3790	8486
3790	9843
3791	8865
3792	3501
3792	6302
3792	7610
3793	2760
3793	7389
3793	8860
3796	9201
3796	9668
3802	1326
3802	6938
3824	2613
3824	5098
3824	9676
3840	4362
3840	7653
3840	8125
3840	9198
3840	9676
3855	6552
3855	7475
3855	9499
3855	9732
3858	5620
3858	9196
3864	1218
3864	5964
3869	7635
3869	9858
3887	9031
3889	1892
3889	9884
3894	7172
3894	7683
3894	8745
3895	6508
3895	7035
3895	9999
3904	9000
3907	4319
3907	9747
3917	4504
3917	8491
3917	9695
3926	2134
3926	6884
3926	8389
3926	8900
3926	9959
3935	8
3935	1282
3935	6983
3942	2728
3942	7943
3942	9561
3942	9820
3951	230
3951	9627
3951	9942
3970	2039
3970	5455
3970	9726
3985	2861
3985	7774
3985	8508
3994	4672
3994	5684
3994	8464
3994	8850
3994	9979
3995	3298
3996	5362
3996	9999
3997	708
3997	5769
3997	8486
3997	9619
4009	9783
4032	2196
4032	5717
4042	6448
4042	7367
4042	9986
4047	5411
4047	8386
4048	6457
4048	7943
4048	8287
4048	9340
4053	6916
4053	7302
4061	485
4061	8719
4064	8943
4077	4105
4077	5203
4077	8970
4077	9588
4077	9709
4084	8389
4084	9213
4088	6954
4088	7804
4088	8759
4088	9299
4090	6370
4090	7801
4090	7957
4090	9452
4091	3026
4091	9383
4095	8994
4097	3041
4097	6779
4097	8288
4100	7703
4100	8865
4100	9982
4105	4077
4105	9381
4105	9709
4108	5064
4109	6014
4109	8278
4109	9763
4109	9833
4124	5117
4124	9917
4134	7669
4153	1474
4153	5449
4153	7229
4153	9324
4154	8161
4154	9431
4154	9822
4154	9918
4159	1285
4159	7370
4159	9284
4159	9326
4159	9493
4160	7070
4160	7452
4167	9165
4167	9461
4193	8711
4194	2588
4194	8496
4198	3363
4198	8482
4200	6418
4200	6610
4200	7815
4207	9253
4207	9365
4207	9941
4209	9980
4212	7210
4216	2206
4216	9143
4218	9964
4221	3631
4221	5272
4224	424
4224	4313
4224	8483
4224	9610
4232	9942
4236	1113
4236	7658
4236	9698
4244	7758
4250	7820
4250	9021
4252	4319
4252	7865
4252	8118
4252	9983
4253	5367
4253	6600
4253	7297
4253	7778
4258	249
4258	8642
4261	7647
4261	8000
4267	5490
4267	9346
4304	1401
4304	2957
4304	4353
4304	7677
4304	8220
4309	9
4313	4224
4313	7230
4319	3907
4319	4252
4322	9460
4322	9720
4327	1600
4327	6921
4327	8430
4335	6181
4353	4304
4353	7677
4357	7078
4357	8482
4357	9304
4359	2914
4359	5569
4359	6267
4359	9759
4361	7630
4361	8606
4362	3773
4362	3840
4362	4472
4362	8902
4362	9198
4362	9595
4371	6754
4371	9024
4388	6673
4388	6754
4388	8804
4388	9950
4401	5096
4401	5117
4405	5693
4405	7900
4409	9033
4409	9726
4413	939
4413	6382
4413	7989
4420	9644
4423	7098
4423	7210
4423	8763
4423	9470
4426	6421
4426	6610
4444	5581
4444	6740
4444	9739
4444	9742
4458	139
4458	1057
4458	5890
4458	8718
4465	7335
4465	7438
4465	9778
4472	4362
4472	9257
4480	224
4480	6171
4485	7438
4485	8893
4485	9031
4488	7406
4488	8859
4488	9599
4488	9738
4496	5101
4496	6939
4502	7202
4502	8164
4503	2901
4504	3917
4504	4885
4504	5651
4504	8973
4504	9763
4505	1892
4505	5013
4505	7452
4505	7929
4505	9415
4505	9606
4506	5406
4507	761
4507	7025
4507	8946
4507	9431
4525	6456
4525	8144
4525	9783
4525	9785
4531	7057
4531	7335
4531	9778
4557	5453
4557	7377
4557	9675
4557	9877
4558	6893
4558	9917
4559	6242
4559	7917
4559	8274
4559	8575
4567	1728
4567	4736
4567	5246
4567	7943
4571	2835
4571	2872
4571	5180
4571	6610
4571	7222
4571	9204
4572	3219
4572	5300
4572	5693
4572	8861
4592	6051
4592	8480
4592	8521
4592	9076
4592	9986
4595	1927
4595	8848
4602	4721
4602	7554
4602	8026
4602	9747
4608	4667
4608	7044
4608	7468
4608	9578
4610	9603
4611	7317
4611	8491
4611	9559
4619	6114
4619	8220
4619	8267
4619	9336
4626	9693
4631	5160
4632	9021
4635	1716
4635	7323
4654	7222
4654	9444
4654	9718
4663	6756
4663	8173
4663	9878
4667	2599
4667	4608
4667	8262
4667	9605
4667	9811
4672	3994
4672	6513
4672	6594
4672	7653
4680	5467
4680	8680
4684	22
4684	6537
4691	3222
4691	7686
4691	9729
4696	3368
4698	3281
4698	5892
4698	6553
4698	8140
4709	9811
4716	6323
4716	7231
4716	8374
4721	4602
4721	7715
4721	9568
4730	3695
4730	6487
4730	8150
4730	9056
4730	9149
4731	8903
4735	5761
4735	7733
4736	2668
4736	4567
4736	4888
4736	6995
4736	8149
4742	8355
4742	9599
4744	5445
4745	9415
4745	9822
4745	9895
4758	7052
4758	9026
4762	3363
4762	5434
4762	8498
4763	9942
4768	351
4768	6767
4768	9581
4793	9749
4802	5272
4802	8666
4803	2246
4803	6297
4803	9557
4813	6951
4813	8691
4817	1303
4817	7647
4817	9999
4820	3418
4820	5244
4820	9883
4822	6778
4822	9253
4822	9557
4822	9941
4829	7341
4848	9921
4853	8680
4853	9313
4853	9895
4857	5581
4857	6466
4859	1756
4859	5290
4859	7019
4859	7824
4865	3027
4865	8118
4865	9026
4872	7906
4872	9310
4872	9729
4872	9759
4885	4504
4885	8014
4885	9336
4885	9643
4886	8355
4886	8383
4886	9346
4886	9581
4886	9765
4888	4736
4888	6405
4888	9515
4890	635
4890	1354
4890	1754
4890	6242
4890	8666
4890	9178
4890	9591
4890	9749
4896	5766
4896	8789
4896	9606
4898	7609
4898	9643
4907	8070
4907	9499
4913	1476
4913	7703
4913	8491
4913	9982
4914	3756
4914	5761
4914	6157
4918	775
4918	2080
4918	6995
4918	7287
4923	1662
4923	5772
4923	5970
4923	9110
4923	9802
4925	6360
4925	9675
4932	8398
4932	9304
4935	6490
4935	9872
4955	3348
4955	8437
4955	8559
4955	8687
4955	9927
4957	651
4957	9859
4967	5853
4967	9284
4967	9326
4967	9662
4971	7292
4971	7820
4975	1698
4975	3449
4975	8491
4980	6702
4982	7596
4991	8441
4994	7770
4997	5203
4997	7218
4997	8921
5000	5396
5000	7862
5003	611
5003	8521
5003	8983
5003	9435
5003	9521
5010	1032
5010	1353
5010	5808
5010	9239
5010	9292
5010	9424
5013	4505
5013	8482
5013	9222
5013	9606
5023	5892
5023	9381
5028	3386
5028	8987
5028	9253
5028	9267
5028	9575
5030	9732
5048	8125
5048	8758
5049	7438
5049	9778
5055	3440
5055	8483
5055	9257
5064	4108
5064	8273
5064	8718
5069	9024
5082	130
5082	5713
5082	8194
5082	8485
5087	1530
5090	7230
5090	9627
5091	1137
5091	6298
5091	9948
5092	8498
5092	9072
5096	3478
5096	4401
5096	7028
5098	3824
5098	8559
5098	9460
5098	9676
5101	4496
5101	6983
5101	8320
5101	9998
5102	2278
5102	5965
5102	8492
5104	1592
5104	8617
5104	9618
5112	6179
5112	9170
5117	4124
5117	4401
5117	7792
5117	8928
5117	9515
5120	8026
5120	9424
5130	8507
5130	9333
5130	9349
5130	9982
5133	9387
5137	2629
5137	7554
5137	8870
5137	9986
5141	1739
5141	2942
5141	8633
5141	9026
5144	8763
5144	9470
5152	7859
5152	9461
5152	9738
5153	7615
5153	8759
5160	4631
5160	6421
5160	9103
5171	519
5171	9347
5171	9591
5180	4571
5183	7302
5183	8153
5203	4077
5203	4997
5203	9568
5203	9709
5204	1207
5204	1587
5204	7567
5204	7963
5204	8607
5204	9568
5204	9614
5208	2519
5208	7126
5208	9783
5210	8441
5210	9000
5210	9254
5210	9765
5212	930
5212	3504
5212	7052
5212	7522
5212	9675
5244	4820
5244	5305
5244	6766
5244	7635
5244	9883
5245	761
5245	9431
5246	4567
5246	7901
5246	8207
5246	9675
5247	5496
5261	2587
5266	5293
5266	5769
5266	8994
5266	9344
5266	9458
5272	4221
5272	4802
5272	6155
5272	9780
5274	6297
5274	6378
5275	6584
5275	9359
5286	725
5287	163
5287	3200
5287	3571
5287	8208
5290	4859
5290	7596
5290	8507
5290	9982
5291	8816
5291	8909
5293	5266
5293	7229
5300	4572
5300	8164
5302	5866
5302	8635
5302	9986
5305	5244
5305	7287
5305	8711
5325	9162
5332	2519
5332	3364
5332	6456
5332	8144
5332	9315
5333	2343
5333	2543
5335	1562
5335	9387
5340	5958
5340	8613
5340	8985
5356	322
5356	860
5356	5845
5356	6226
5360	2100
5360	9698
5362	3996
5362	8809
5362	9497
5364	7989
5364	8320
5364	8542
5367	4253
5367	5693
5367	6063
5367	7658
5373	6226
5376	750
5376	1790
5376	7923
5376	8065
5376	8828
5378	55
5378	1218
5378	8163
5378	8177
5381	8736
5381	8783
5388	7389
5388	9372
5390	7292
5396	5000
5396	9117
5396	9785
5406	4506
5411	2616
5411	4047
5411	8868
5420	7201
5429	2216
5429	9758
5429	9781
5434	67
5434	3308
5434	4762
5434	8168
5434	8973
5445	4744
5449	4153
5450	6571
5450	7984
5450	7989
5453	4557
5453	9747
5453	9877
5455	380
5455	3970
5455	8955
5465	5620
5465	8921
5465	9164
5465	9603
5467	2760
5467	4680
5467	6798
5467	8933
5467	9214
5467	9273
5479	7963
5482	7544
5482	7792
5482	8491
5482	9296
5482	9519
5482	9871
5487	5951
5487	6757
5487	9884
5490	3745
5490	4267
5490	5934
5490	8465
5495	5853
5495	7452
5495	7997
5495	8870
5495	9615
5496	5247
5496	5696
5496	9359
5505	9778
5505	9920
5509	6353
5509	7911
5509	8943
5509	9901
5517	2304
5517	2753
5517	5684
5517	7965
5517	9858
5534	6776
5534	7222
5534	7862
5534	9069
5536	6474
5536	6777
5536	7340
5537	750
5537	7314
5537	7889
5540	6523
5540	7907
5540	9138
5540	9148
5540	9381
5541	21
5541	2503
5541	7113
5541	7865
5541	9858
5553	9072
5553	9550
5562	7961
5562	9732
5562	9917
5569	3185
5569	4359
5569	6032
5569	9404
5569	9603
5569	9759
5569	9805
5569	9878
5581	4444
5581	4857
5581	9595
5583	2180
5583	9920
5588	507
5588	8828
5588	9052
5588	9918
5601	3690
5601	6036
5601	6212
5604	6340
5604	7658
5604	8349
5604	8996
5604	9306
5604	9655
5607	2105
5607	6700
5607	9695
5607	9747
5616	7068
5616	8369
5616	9462
5616	9626
5620	3858
5620	5465
5620	7830
5620	8955
5627	5696
5627	6605
5627	7204
5627	9355
5628	7226
5628	7533
5636	1460
5636	6680
5636	9069
5638	3409
5638	9030
5638	9338
5645	9884
5651	2625
5651	4504
5651	6508
5651	6916
5651	7707
5651	8007
5657	1401
5657	7677
5657	8601
5657	9098
5659	8949
5659	9843
5659	9944
5660	9619
5664	8262
5664	9324
5664	9719
5668	3584
5668	7473
5668	8386
5671	8548
5671	8579
5671	9161
5671	9687
5684	3994
5684	5517
5684	8828
5684	9918
5687	9739
5693	529
5693	4405
5693	4572
5693	5367
5693	6418
5696	5496
5696	5627
5696	6093
5696	7126
5696	8507
5696	9954
5706	1147
5706	9000
5709	2519
5709	9423
5709	9619
5709	9811
5713	5082
5713	7522
5713	9675
5716	8150
5717	4032
5717	6228
5717	9820
5721	6530
5721	9747
5753	7168
5753	9849
5761	4735
5761	4914
5761	8225
5761	8373
5761	8798
5766	3219
5766	4896
5766	9164
5766	9992
5767	8288
5767	9098
5769	3997
5769	5266
5769	8003
5769	9344
5769	9458
5769	9493
5772	441
5772	4923
5772	7201
5772	9747
5777	7765
5777	9726
5779	7297
5784	7210
5784	7299
5784	7622
5784	8163
5784	9214
5784	9257
5808	1300
5808	5010
5808	6487
5808	7168
5808	8973
5808	9239
5816	3246
5816	6508
5816	6522
5816	8491
5816	9253
5824	9360
5824	9778
5827	2483
5827	9261
5840	347
5840	8128
5840	8150
5840	8233
5845	5356
5845	8879
5848	1629
5848	7464
5850	239
5850	7593
5850	9021
5852	541
5852	7252
5852	9983
5853	4967
5853	5495
5866	2897
5866	5302
5869	7113
5869	8648
5869	8831
5869	9123
5885	9716
5886	1922
5886	8758
5890	4458
5890	6093
5892	4698
5892	5023
5892	9149
5893	7731
5893	8831
5893	9746
5906	6087
5906	9591
5906	9982
5910	6027
5910	9186
5931	7902
5931	8828
5931	9149
5931	9404
5934	5490
5934	7083
5951	5487
5951	9362
5954	8262
5954	8579
5954	9758
5957	9872
5958	2861
5958	3588
5958	5340
5958	9292
5959	3327
5959	9369
5964	3864
5964	9326
5964	9493
5964	9610
5965	5102
5965	6740
5965	8629
5965	8713
5965	8903
5969	6474
5969	6762
5969	6994
5969	7381
5969	7647
5969	9729
5970	4923
5970	9168
5985	750
5985	3011
5985	6929
5985	7795
5986	2262
5986	6988
5986	9795
5986	9895
6006	7715
6006	8140
6006	9271
6009	7406
6009	8685
6014	4109
6014	6609
6014	6798
6016	7503
6016	8355
6016	8448
6016	8804
6016	9614
6016	9859
6027	1714
6027	5910
6027	8903
6027	9820
6032	600
6032	1062
6032	3179
6032	5569
6036	3752
6036	5601
6036	8877
6042	6
6042	3577
6042	6609
6042	7402
6042	8113
6042	9355
6042	9430
6045	9438
6045	9560
6045	9942
6047	6600
6047	8153
6047	9135
6047	9360
6047	9795
6051	4592
6051	6179
6051	7611
6060	1545
6060	2301
6060	7044
6060	7464
6060	9253
6060	9805
6063	5367
6063	9811
6071	3238
6071	6117
6071	7229
6071	7680
6071	8758
6072	7647
6072	9056
6075	21
6075	6537
6075	9378
6075	9559
6076	6822
6076	7956
6076	8850
6080	9560
6080	9627
6087	691
6087	1364
6087	5906
6087	7293
6087	8683
6090	7808
6090	8633
6093	5696
6093	5890
6093	8899
6094	3229
6100	7979
6100	8442
6100	8617
6100	9170
6100	9618
6105	9138
6109	3174
6111	864
6111	8444
6114	4619
6114	8859
6117	892
6117	6071
6117	9281
6122	6884
6122	9061
6122	9508
6122	9623
6128	7854
6128	9372
6133	6340
6133	7850
6133	9925
6137	28
6137	311
6137	2268
6137	2959
6137	8379
6137	8492
6139	2747
6139	7999
6139	9499
6139	9849
6143	1002
6143	3401
6143	7427
6143	9149
6155	5272
6155	9308
6157	3363
6157	4914
6157	8818
6157	9499
6171	1495
6171	4480
6171	7749
6177	7749
6177	8496
6178	7919
6178	8114
6178	8248
6178	9257
6178	9578
6179	5112
6179	6051
6179	7850
6181	2897
6181	4335
6181	9061
6181	9843
6181	9944
6191	8220
6191	8521
6191	9267
6192	6360
6192	9362
6195	6347
6195	7645
6195	9389
6207	7026
6207	7567
6207	7963
6207	7989
6207	8607
6207	9614
6212	2299
6212	2319
6212	5601
6212	7663
6212	7749
6212	9959
6215	265
6215	3752
6215	6719
6215	7015
6215	9682
6217	3436
6217	8848
6217	8868
6217	9619
6226	5356
6226	5373
6226	7722
6228	5717
6228	8633
6240	6762
6240	6994
6240	7381
6240	7791
6240	9168
6240	9381
6242	3547
6242	4559
6242	4890
6242	9264
6242	9901
6252	1540
6252	9261
6255	6490
6255	7574
6255	8389
6261	8483
6261	9359
6261	9844
6261	9992
6267	4359
6267	7332
6267	7707
6267	8007
6267	8216
6267	8663
6280	1442
6280	1852
6280	6784
6280	7830
6280	9212
6295	3287
6295	7101
6295	7108
6295	8369
6295	8486
6295	9462
6295	9626
6296	800
6296	7526
6296	8442
6297	4803
6297	5274
6297	7533
6297	9470
6298	5091
6298	7199
6298	7804
6298	9299
6299	7218
6299	8333
6302	3156
6302	3792
6306	380
6306	9110
6311	7187
6311	7254
6311	7957
6311	8140
6311	9452
6315	3695
6315	6473
6315	8465
6315	8979
6323	2110
6323	4716
6323	6989
6323	7715
6323	8161
6327	8374
6327	8561
6329	9222
6334	6870
6334	7641
6334	9595
6340	1923
6340	5604
6340	6133
6340	7019
6340	8401
6347	6195
6347	7025
6347	8946
6347	9431
6347	9615
6351	285
6351	7810
6351	8480
6351	9346
6351	9581
6353	5509
6353	7943
6353	8464
6353	8680
6357	2904
6358	7447
6358	8783
6360	4925
6360	6192
6360	9324
6360	9785
6366	9110
6366	9521
6370	4090
6370	6995
6374	6387
6374	7815
6374	8180
6378	5274
6378	7172
6381	6487
6381	7015
6381	9954
6382	2110
6382	3287
6382	4413
6382	9920
6383	6669
6383	8043
6383	8797
6383	9246
6386	6767
6386	8701
6387	6374
6387	8735
6394	1283
6394	1754
6394	2190
6394	7250
6394	8233
6394	8840
6394	9420
6394	9983
6405	1748
6405	2643
6405	4888
6405	9749
6405	9921
6405	9964
6407	8701
6418	4200
6418	5693
6418	7464
6419	9964
6421	3643
6421	4426
6421	5160
6421	6610
6448	4042
6448	7292
6448	7450
6448	8758
6448	8839
6448	9697
6449	2641
6449	2759
6449	7686
6449	9308
6450	1707
6450	3547
6450	8069
6450	8355
6456	3364
6456	4525
6456	5332
6456	9338
6456	9783
6457	4048
6457	8373
6457	8798
6459	2016
6459	3690
6459	6525
6459	6756
6459	7019
6459	8173
6459	8256
6459	9526
6466	4857
6466	9214
6473	1641
6473	6315
6473	7039
6473	7686
6473	7801
6473	8956
6474	5536
6474	5969
6474	7381
6474	8859
6474	9568
6475	6676
6475	7985
6475	8561
6475	8820
6479	6621
6479	7392
6479	9747
6482	2316
6482	8460
6485	6517
6485	6872
6485	8016
6485	9110
6487	4730
6487	5808
6487	6381
6487	9030
6487	9056
6490	4935
6490	6255
6490	8956
6494	8023
6494	8617
6494	9771
6503	2757
6503	7575
6503	9246
6503	9983
6506	7226
6508	3258
6508	3895
6508	5651
6508	5816
6508	6977
6508	9695
6513	1530
6513	4672
6513	8516
6513	9575
6517	1130
6517	6485
6517	8173
6517	9593
6517	9884
6521	8273
6521	8496
6521	8987
6521	9738
6522	2892
6522	3446
6522	5816
6522	6977
6522	9695
6522	9918
6523	5540
6523	9241
6523	9381
6523	9917
6524	3439
6524	7101
6524	9462
6524	9626
6525	2570
6525	6459
6525	8373
6529	8923
6529	9687
6530	5721
6530	6953
6530	7070
6530	7611
6533	2843
6533	8349
6533	8648
6533	8877
6537	4684
6537	6075
6537	8506
6537	8859
6537	9340
6537	9372
6537	9599
6544	2897
6544	8281
6545	806
6545	6875
6545	9164
6545	9526
6545	9675
6551	8016
6552	1434
6552	1576
6552	3855
6552	9732
6553	2056
6553	4698
6553	8032
6553	9420
6553	9771
6555	1849
6555	2408
6555	8637
6555	9031
6555	9717
6559	6960
6559	7146
6559	7902
6559	8719
6559	8949
6559	9591
6563	7068
6563	8208
6563	9064
6563	9718
6570	6962
6570	7669
6570	8943
6571	5450
6579	9117
6584	5275
6592	3758
6592	9004
6592	9739
6593	7468
6593	7635
6593	7680
6593	7804
6593	9299
6594	272
6594	283
6594	3632
6594	4672
6594	6895
6594	7911
6594	9355
6594	9917
6600	4253
6600	6047
6600	7297
6600	9135
6600	9315
6605	5627
6605	8296
6609	6014
6609	6042
6609	7961
6610	662
6610	3150
6610	4200
6610	4426
6610	4571
6610	6421
6610	7427
6611	9717
6621	6479
6621	7508
6630	1120
6630	7547
6630	9198
6630	9783
6637	7026
6648	9253
6648	9557
6648	9941
6658	7491
6669	864
6669	6383
6669	9333
6670	2051
6670	3079
6670	3695
6670	8161
6670	9056
6673	1748
6673	4388
6673	7317
6676	2747
6676	6475
6676	8820
6676	8834
6676	9239
6680	5636
6680	7544
6680	9296
6680	9871
6680	9942
6682	1749
6682	8115
6682	9558
6682	9763
6685	7374
6685	8758
6685	9515
6690	6988
6690	7812
6690	8125
6690	8736
6690	8745
6700	5607
6700	8713
6702	970
6702	4980
6702	9595
6713	7098
6713	7126
6713	9918
6716	7675
6716	8923
6716	9138
6718	2794
6718	8333
6718	8970
6718	9925
6719	6215
6719	9682
6733	2039
6733	7596
6736	2983
6736	8383
6736	9072
6736	9077
6736	9785
6740	4444
6740	5965
6740	7907
6740	8070
6740	8508
6740	9072
6740	9595
6740	9830
6751	9415
6751	9644
6754	4371
6754	4388
6754	6870
6754	7370
6754	8606
6754	9315
6754	9676
6756	4663
6756	6459
6756	8256
6756	9675
6757	5487
6757	9901
6758	8507
6758	8963
6762	5969
6762	6240
6762	6777
6762	6994
6762	7120
6762	7381
6765	8233
6765	8849
6765	9610
6765	9676
6765	9983
6766	3447
6766	5244
6766	8663
6766	9593
6766	9883
6767	3693
6767	4768
6767	6386
6767	8637
6767	8701
6776	5534
6776	8933
6776	9849
6777	476
6777	5536
6777	6762
6777	8187
6777	9849
6778	4822
6778	8745
6778	9186
6778	9941
6779	2238
6779	4097
6779	7059
6779	8070
6779	9885
6783	3026
6783	9333
6784	3208
6784	6280
6784	8570
6784	9501
6784	9950
6787	3693
6787	7534
6787	9643
6787	9844
6789	7493
6789	7659
6798	5467
6798	6014
6802	7778
6802	8783
6802	9521
6802	9954
6802	9979
6804	2914
6804	8647
6804	9878
6821	947
6821	2904
6821	7703
6821	8023
6821	8617
6821	9026
6821	9531
6822	6076
6822	7293
6822	8736
6822	8745
6822	9438
6835	1790
6835	9561
6854	8189
6854	9214
6854	9273
6860	9959
6860	9998
6866	7148
6866	8544
6866	8985
6870	337
6870	6334
6870	6754
6870	9944
6872	881
6872	6485
6872	6939
6872	7335
6872	8113
6872	9355
6872	9781
6872	9942
6875	2691
6875	6545
6875	9017
6884	3926
6884	6122
6884	9508
6884	9531
6885	9581
6885	9676
6893	56
6893	3577
6893	4558
6893	7006
6893	7202
6893	7635
6893	8164
6893	8267
6895	6594
6901	3349
6901	8149
6901	9287
6916	4053
6916	5651
6921	4327
6921	7850
6921	8401
6921	9264
6922	7812
6922	9103
6929	1728
6929	5985
6929	8065
6929	8207
6929	9355
6929	9561
6929	9564
6937	1155
6937	7872
6937	9135
6937	9843
6937	9944
6938	1057
6938	1458
6938	3802
6938	9213
6938	9560
6939	374
6939	4496
6939	6872
6939	9521
6943	9024
6943	9655
6950	7026
6950	9296
6950	9372
6950	9519
6950	9599
6950	9738
6951	2189
6951	4813
6951	7379
6951	9921
6951	9999
6953	2629
6953	6530
6953	7070
6953	7452
6953	8296
6953	8870
6954	4088
6954	8084
6954	9698
6960	6559
6960	8177
6960	9161
6960	9239
6960	9644
6962	3571
6962	6570
6962	7059
6962	9581
6962	9676
6977	1533
6977	3045
6977	3449
6977	6508
6977	6522
6977	8979
6978	8955
6978	9439
6978	9588
6978	9998
6979	996
6982	7871
6982	8389
6982	9959
6983	3935
6983	5101
6983	8763
6983	9470
6988	5986
6988	6690
6988	8798
6988	9135
6988	9267
6988	9557
6988	9795
6988	9999
6989	6323
6989	9052
6989	9964
6993	8014
6993	8816
6993	8949
6993	9858
6994	476
6994	5969
6994	6240
6994	6762
6994	8164
6994	8187
6995	4736
6995	4918
6995	6370
7006	2475
7006	6893
7006	9360
7006	9431
7014	8152
7014	8783
7014	8955
7014	9069
7015	2874
7015	3726
7015	6215
7015	6381
7019	4859
7019	6340
7019	6459
7019	8026
7019	9268
7022	7857
7022	9369
7025	3220
7025	4507
7025	6347
7025	7637
7025	8016
7025	8043
7026	2140
7026	6207
7026	6637
7026	6950
7026	8542
7026	8544
7026	8797
7026	9830
7028	371
7028	5096
7028	7340
7028	8745
7028	8828
7028	9918
7034	3736
7034	9925
7035	3732
7035	3895
7039	2641
7039	6473
7039	7335
7039	9308
7039	9619
7039	9729
7040	7733
7040	7976
7040	8666
7040	9999
7044	1587
7044	4608
7044	6060
7044	8115
7044	9195
7044	9499
7044	9662
7052	440
7052	4758
7052	5212
7052	9338
7052	9415
7052	9822
7052	9895
7057	4531
7057	8127
7057	9992
7059	6779
7059	6962
7059	7254
7059	9885
7064	8291
7064	9287
7064	9470
7064	9877
7068	3739
7068	5616
7068	6563
7068	7101
7068	7957
7068	9626
7070	2229
7070	4160
7070	6530
7070	6953
7070	9802
7070	9986
7078	1828
7078	4357
7078	7567
7078	9668
7080	8355
7080	8559
7080	9026
7083	2955
7083	5934
7083	7695
7083	9261
7088	1070
7088	2650
7088	8224
7088	8281
7098	1796
7098	4423
7098	6713
7098	8084
7098	8146
7101	6295
7101	6524
7101	7068
7101	9462
7101	9626
7105	3317
7105	8410
7105	9261
7105	9360
7108	6295
7108	8369
7108	9462
7108	9626
7108	9959
7113	5541
7113	5869
7113	8216
7113	8831
7117	3308
7117	9162
7120	2221
7120	6762
7120	7287
7120	8711
7120	8850
7120	9729
7126	5208
7126	5696
7126	6713
7126	7214
7126	7977
7126	8566
7126	8601
7145	1391
7145	7997
7145	9588
7146	6559
7146	7303
7148	692
7148	6866
7168	5753
7168	5808
7168	8860
7168	9785
7169	7628
7169	8430
7170	8648
7170	9862
7172	3894
7172	6378
7173	2501
7173	9456
7177	2254
7177	7695
7177	9362
7187	6311
7187	8271
7187	9214
7194	9287
7199	3089
7199	6298
7199	7257
7199	9805
7201	5420
7201	5772
7201	7630
7202	4502
7202	6893
7202	8164
7204	5627
7204	7554
7204	9267
7204	9859
7208	1761
7208	8219
7208	9623
7208	9925
7210	4212
7210	4423
7210	5784
7210	8146
7214	306
7214	7126
7214	7405
7214	9709
7218	4997
7218	6299
7218	7647
7218	8333
7218	8570
7218	9662
7222	930
7222	1023
7222	4571
7222	4654
7222	5534
7222	8000
7226	1354
7226	5628
7226	6506
7226	7827
7226	8606
7226	8865
7229	441
7229	4153
7229	5293
7229	6071
7230	4313
7230	5090
7230	8541
7230	8923
7230	9942
7231	1261
7231	2425
7231	4716
7231	9802
7234	9372
7234	9461
7234	9519
7234	9599
7234	9738
7245	8575
7245	9264
7245	9626
7245	9901
7250	130
7250	892
7250	2246
7250	6394
7250	8233
7250	9420
7250	9983
7252	3302
7252	5852
7252	8728
7252	9024
7252	9615
7254	6311
7254	7059
7254	7302
7254	9452
7257	249
7257	7199
7257	7464
7271	1282
7271	1296
7271	2076
7271	8086
7271	8673
7278	7466
7278	9148
7278	9783
7283	611
7283	9069
7283	9687
7283	9693
7286	2372
7286	3527
7286	9170
7286	9979
7287	2080
7287	2882
7287	4918
7287	5305
7287	7120
7287	7609
7291	767
7291	9922
7292	2028
7292	4971
7292	5390
7292	6448
7292	7961
7292	8555
7292	8973
7293	1780
7293	6087
7293	6822
7293	8963
7293	9347
7293	9593
7293	9785
7297	4253
7297	5779
7297	6600
7297	9135
7299	2216
7299	5784
7299	7547
7299	7917
7299	8921
7299	9655
7299	9843
7302	1208
7302	4053
7302	5183
7302	7254
7302	7957
7302	8706
7302	9452
7303	586
7303	1863
7303	7146
7303	9795
7314	5537
7314	9558
7317	4611
7317	6673
7317	9072
7317	9161
7318	7402
7318	8635
7318	9821
7320	171
7320	9559
7320	9749
7320	9795
7322	2861
7322	9781
7322	9950
7323	1716
7323	4635
7323	7641
7323	9456
7324	1852
7324	2892
7324	3238
7324	9644
7329	2871
7329	3483
7329	8493
7329	9499
7332	1071
7332	2425
7332	3677
7332	6267
7332	7617
7332	8956
7335	1728
7335	4465
7335	4531
7335	6872
7335	7039
7335	9261
7335	9778
7340	3648
7340	5536
7340	7028
7340	8923
7340	9687
7341	869
7341	4829
7341	8561
7365	2653
7365	3027
7365	3057
7365	8144
7366	8848
7366	9705
7367	1644
7367	4042
7367	7675
7367	8076
7367	8548
7370	4159
7370	6754
7370	7923
7370	8629
7370	9284
7370	9326
7370	9695
7373	975
7374	3628
7374	6685
7374	7628
7374	9697
7377	4557
7377	7965
7377	9004
7379	1276
7379	6951
7381	5969
7381	6240
7381	6474
7381	6762
7381	8187
7381	8288
7381	8561
7381	9534
7386	8410
7389	2114
7389	3793
7389	5388
7389	8860
7389	9591
7392	6479
7392	8465
7392	9257
7392	9687
7402	6042
7402	7318
7402	8928
7402	9822
7405	7214
7405	7795
7405	8274
7405	8842
7405	8870
7405	9859
7406	1289
7406	1641
7406	4488
7406	6009
7406	8992
7412	7647
7412	8296
7412	8987
7412	9661
7420	3225
7420	7544
7420	8164
7420	8437
7420	9024
7427	805
7427	6143
7427	6610
7427	8685
7429	541
7429	7628
7429	9507
7431	7901
7438	4465
7438	4485
7438	5049
7438	7857
7438	9778
7438	9979
7447	1403
7447	6358
7447	7570
7447	8032
7450	6448
7450	7677
7450	9954
7451	1208
7451	2316
7451	2443
7451	8839
7452	4160
7452	4505
7452	5495
7452	6953
7452	8491
7452	9340
7453	662
7453	8491
7453	9695
7464	5848
7464	6060
7464	6418
7464	7257
7464	9619
7464	9923
7466	7278
7468	2441
7468	3567
7468	4608
7468	6593
7468	7956
7468	8745
7471	737
7471	3185
7471	7906
7471	8271
7471	9196
7471	9310
7473	1168
7473	1190
7473	5668
7475	3855
7486	7637
7486	8701
7486	8956
7486	9862
7491	6658
7491	8718
7492	7567
7492	8633
7492	9161
7492	9716
7492	9821
7493	1062
7493	1592
7493	2193
7493	2569
7493	6789
7493	9999
7503	284
7503	1547
7503	6016
7503	8868
7503	9045
7503	9781
7503	9830
7503	9998
7508	6621
7514	9257
7522	3469
7522	5212
7522	5713
7522	7923
7522	8809
7522	9675
7522	9778
7526	507
7526	6296
7526	8127
7533	2835
7533	5628
7533	6297
7534	3368
7534	6787
7534	7992
7534	9282
7534	9844
7544	5482
7544	6680
7544	7420
7544	8018
7544	8146
7544	9296
7544	9871
7547	6630
7547	7299
7547	8496
7547	9438
7554	4602
7554	5137
7554	7204
7554	8448
7554	8804
7554	9859
7563	1982
7563	2791
7563	3313
7563	8482
7563	8848
7563	9004
7563	9501
7563	9746
7563	9780
7567	5204
7567	6207
7567	7078
7567	7492
7567	8607
7567	9568
7567	9614
7567	9998
7570	7447
7570	7900
7570	8150
7570	8179
7570	8216
7570	9925
7570	9944
7574	6255
7575	3378
7575	6503
7575	9138
7575	9804
7593	5850
7593	7858
7596	4982
7596	5290
7596	6733
7596	8410
7596	8417
7596	9575
7596	9627
7597	1364
7597	8417
7597	9198
7600	90
7600	2661
7600	7907
7600	9033
7600	9138
7600	9148
7600	9381
7600	9917
7609	2791
7609	3656
7609	4898
7609	7287
7609	8921
7609	9461
7610	712
7610	2016
7610	3789
7610	3792
7610	7844
7610	9944
7611	6051
7611	6530
7611	9695
7611	9758
7611	9986
7613	1362
7613	2690
7613	8271
7613	8742
7613	9164
7613	9534
7613	9992
7615	5153
7617	7332
7617	9877
7622	1354
7622	5784
7622	9559
7622	9950
7626	8159
7626	8430
7626	8807
7626	9123
7626	9507
7626	9758
7628	7169
7628	7374
7628	7429
7628	8807
7630	3483
7630	4361
7630	7201
7630	8016
7630	9507
7635	3869
7635	5244
7635	6593
7635	6893
7635	9593
7635	9858
7635	9883
7637	7025
7637	7486
7637	8899
7637	8946
7637	9431
7637	9603
7639	8555
7639	9802
7641	6334
7641	7323
7641	9360
7645	2834
7645	6195
7645	9668
7647	2872
7647	4261
7647	4817
7647	5969
7647	6072
7647	7218
7647	7412
7647	8000
7647	9795
7653	385
7653	3840
7653	4672
7653	8493
7653	8536
7653	8726
7653	9179
7658	4236
7658	5367
7658	5604
7658	7769
7658	9698
7659	1433
7659	6789
7659	9627
7659	9697
7663	1434
7663	1554
7663	6212
7663	7749
7663	9716
7669	9
7669	4134
7669	6570
7669	9615
7670	7869
7670	8482
7670	8581
7670	9948
7675	6716
7675	7367
7677	2957
7677	4304
7677	4353
7677	5657
7677	7450
7677	9877
7679	8069
7679	9310
7679	9501
7680	1232
7680	2114
7680	6071
7680	6593
7680	7804
7681	1351
7681	7820
7681	8507
7681	9746
7683	404
7683	3894
7683	8933
7683	8985
7686	3535
7686	3543
7686	4691
7686	6449
7686	6473
7686	8273
7686	9729
7686	9805
7695	182
7695	7083
7695	7177
7695	8387
7695	8480
7703	4100
7703	4913
7703	6821
7703	7869
7703	8507
7703	9982
7707	5651
7707	6267
7707	8007
7709	2823
7715	1435
7715	4721
7715	6006
7715	6323
7715	8763
7715	9872
7722	6226
7731	5893
7731	8950
7733	1911
7733	2327
7733	4735
7733	7040
7733	7832
7733	8441
7733	8921
7749	2809
7749	3690
7749	6171
7749	6177
7749	6212
7749	7663
7752	3773
7752	8865
7757	8460
7757	9253
7757	9338
7758	1863
7758	4244
7758	8374
7758	9326
7758	9497
7758	9921
7765	5777
7765	8840
7765	8949
7765	8950
7765	9204
7765	9726
7769	7658
7769	9026
7769	9306
7770	881
7770	4994
7770	8118
7773	2425
7773	2824
7773	3677
7773	8985
7773	9021
7773	9383
7774	1534
7774	3985
7774	9198
7778	4253
7778	6802
7778	8555
7778	8783
7778	9064
7778	9979
7791	265
7791	6240
7791	8983
7792	5117
7792	5482
7795	404
7795	5985
7795	7405
7797	1091
7797	8216
7801	4090
7801	6473
7801	9862
7804	4088
7804	6298
7804	6593
7804	7680
7808	6090
7808	8216
7808	8541
7808	8551
7810	3225
7810	6351
7810	7872
7810	8320
7810	8648
7810	9161
7810	9346
7812	1190
7812	2441
7812	6690
7812	6922
7812	8207
7815	2978
7815	4200
7815	6374
7815	8125
7820	1282
7820	4250
7820	4971
7820	7681
7820	8333
7820	8498
7823	8377
7823	9076
7823	9618
7824	4859
7824	8016
7824	8835
7824	9017
7824	9178
7824	9526
7826	8220
7826	8521
7826	9941
7827	7226
7827	7976
7827	8606
7827	9623
7830	2861
7830	5620
7830	6280
7830	9212
7830	9982
7832	7733
7832	8629
7832	8713
7844	3355
7844	7610
7844	9964
7850	6133
7850	6179
7850	6921
7850	8180
7850	8401
7854	2443
7854	6128
7854	8150
7854	8963
7854	9036
7854	9519
7854	9618
7854	9662
7857	3122
7857	7022
7857	7438
7857	8239
7857	9324
7858	7593
7858	9561
7858	9998
7859	2028
7859	5152
7859	9201
7859	9661
7862	1065
7862	1161
7862	5000
7862	5534
7862	9415
7865	466
7865	3560
7865	4252
7865	5541
7865	8548
7865	8575
7865	9662
7869	7670
7869	7703
7869	8789
7869	9588
7869	9948
7871	1662
7871	2243
7871	3321
7871	6982
7871	8389
7871	9521
7871	9558
7871	9959
7872	1460
7872	6937
7872	7810
7872	9254
7872	9346
7872	9718
7889	3284
7889	5537
7889	8225
7889	8373
7900	351
7900	4405
7900	7570
7900	8950
7901	363
7901	5246
7901	7431
7901	8288
7901	8498
7901	9201
7901	9980
7902	3577
7902	5931
7902	6559
7902	8719
7906	4872
7906	7471
7906	8544
7906	9783
7907	2788
7907	5540
7907	6740
7907	7600
7907	9148
7907	9304
7907	9668
7907	9917
7911	5509
7911	6594
7911	8575
7911	9264
7917	2673
7917	4559
7917	7299
7917	8633
7917	9198
7919	1796
7919	2196
7919	3584
7919	6178
7919	8114
7919	8248
7919	9031
7923	930
7923	5376
7923	7370
7923	7522
7923	8267
7923	8685
7923	9675
7923	9872
7929	2316
7929	4505
7929	8506
7929	9606
7943	3942
7943	4048
7943	4567
7943	6353
7943	8065
7945	67
7945	3436
7945	8903
7945	9749
7956	2449
7956	2973
7956	6076
7956	7468
7956	8946
7956	9438
7957	4090
7957	6311
7957	7068
7957	7302
7957	9336
7957	9452
7961	238
7961	5562
7961	6609
7961	7292
7961	9349
7961	9871
7961	9954
7963	931
7963	5204
7963	5479
7963	6207
7963	7965
7963	8219
7963	8607
7963	9568
7963	9614
7965	2753
7965	5517
7965	7377
7965	7963
7976	1916
7976	7040
7976	7827
7976	9920
7977	7126
7977	8601
7977	8956
7977	9588
7979	283
7979	988
7979	6100
7979	7983
7979	8000
7979	9103
7979	9942
7983	7979
7983	8168
7983	9103
7983	9149
7983	9383
7984	1600
7984	1928
7984	2846
7984	5450
7984	8554
7984	9026
7985	137
7985	938
7985	1698
7985	6475
7985	8691
7989	2016
7989	2846
7989	4413
7989	5364
7989	5450
7989	6207
7989	8955
7992	2943
7992	7534
7992	8219
7992	8613
7995	1148
7995	8503
7995	8575
7995	8812
7995	8994
7995	9344
7995	9458
7997	21
7997	975
7997	2903
7997	3756
7997	5495
7997	7145
7997	9415
7997	9452
7997	9519
7999	6139
8000	3057
8000	4261
8000	7222
8000	7647
8000	7979
8003	5769
8003	8554
8003	8812
8007	5651
8007	6267
8007	7707
8007	8216
8014	3150
8014	4885
8014	6993
8014	8816
8014	8949
8014	9046
8014	9925
8016	1302
8016	1911
8016	6485
8016	6551
8016	7025
8016	7630
8016	7824
8016	9560
8018	503
8018	7544
8018	9296
8018	9871
8023	2443
8023	2760
8023	6494
8023	6821
8023	8114
8023	9186
8023	9201
8026	220
8026	1706
8026	4602
8026	5120
8026	7019
8026	8758
8026	9424
8030	558
8030	9241
8030	9759
8032	6553
8032	7447
8032	9000
8032	9980
8043	6383
8043	7025
8043	9499
8065	979
8065	1279
8065	2638
8065	5376
8065	6929
8065	7943
8065	8207
8065	8902
8065	9561
8067	3302
8067	8601
8069	6450
8069	7679
8069	8281
8069	8444
8070	306
8070	4907
8070	6740
8070	6779
8070	8508
8070	8687
8070	9595
8076	7367
8076	8239
8076	9179
8076	9771
8076	9927
8084	1161
8084	6954
8084	7098
8084	9346
8086	7271
8086	8521
8097	8701
8097	9424
8097	9795
8103	279
8103	1499
8103	1949
8113	6042
8113	6872
8113	8288
8113	8812
8113	9355
8113	9430
8114	6178
8114	7919
8114	8023
8114	8996
8114	9820
8115	396
8115	415
8115	6682
8115	7044
8115	8208
8115	9253
8115	9557
8115	9805
8115	9941
8118	1283
8118	2757
8118	4252
8118	4865
8118	7770
8118	8233
8118	9420
8118	9643
8118	9923
8118	9983
8118	9986
8125	3840
8125	5048
8125	6690
8125	7815
8125	8548
8125	9785
8127	7057
8127	7526
8127	9515
8128	5840
8128	8691
8128	9739
8140	966
8140	4698
8140	6006
8140	6311
8140	8536
8140	9271
8140	9452
8140	9979
8144	2519
8144	4525
8144	5332
8144	7365
8144	9497
8144	9765
8144	9783
8144	9959
8146	3727
8146	7098
8146	7210
8146	7544
8146	9687
8149	4736
8149	6901
8149	9460
8150	2443
8150	4730
8150	5716
8150	5840
8150	7570
8150	7854
8150	9036
8150	9310
8152	186
8152	224
8152	7014
8152	8683
8153	5183
8153	6047
8159	1562
8159	7626
8159	9383
8161	4154
8161	6323
8161	6670
8161	9515
8163	2674
8163	5378
8163	5784
8163	8786
8163	9588
8164	2508
8164	4502
8164	5300
8164	6893
8164	6994
8164	7202
8164	7420
8164	8955
8168	3446
8168	5434
8168	7983
8168	9103
8173	4663
8173	6459
8173	6517
8173	9143
8177	781
8177	5378
8177	6960
8179	7570
8179	8606
8179	9561
8179	9578
8179	9925
8180	6374
8180	7850
8180	8225
8187	6777
8187	6994
8187	7381
8187	9052
8187	9163
8187	9359
8189	6854
8189	8492
8189	8865
8189	9605
8194	5082
8194	9501
8194	9980
8198	6
8198	1302
8198	9424
8207	1279
8207	1810
8207	5246
8207	6929
8207	7812
8207	8065
8207	9326
8208	849
8208	994
8208	5287
8208	6563
8208	8115
8208	8899
8208	9196
8208	9718
8208	9925
8216	6267
8216	7113
8216	7570
8216	7797
8216	7808
8216	8007
8216	9821
8219	7208
8219	7963
8219	7992
8219	9623
8220	8
8220	3192
8220	4304
8220	4619
8220	6191
8220	7826
8224	2552
8224	2788
8224	7088
8224	8281
8224	8379
8224	9372
8225	553
8225	1140
8225	5761
8225	7889
8225	8180
8225	8798
8225	9296
8233	2613
8233	5840
8233	6394
8233	6765
8233	7250
8233	8118
8233	8849
8233	9610
8233	9983
8234	300
8234	1233
8234	8288
8234	9149
8234	9310
8239	7857
8239	8076
8239	8842
8239	9222
8239	9324
8248	3584
8248	6178
8248	7919
8256	1592
8256	2570
8256	6459
8256	6756
8256	8271
8256	8441
8262	4667
8262	5664
8262	5954
8262	8291
8262	8629
8262	9125
8262	9605
8262	9811
8267	2056
8267	4619
8267	6893
8267	7923
8267	9336
8270	41
8270	1849
8270	8278
8270	9833
8270	9923
8271	7187
8271	7471
8271	7613
8271	8256
8273	692
8273	5064
8273	6521
8273	7686
8273	9273
8273	9581
8274	306
8274	4559
8274	7405
8274	8842
8274	9877
8278	4109
8278	8270
8278	9833
8281	1031
8281	1070
8281	2788
8281	6544
8281	7088
8281	8069
8281	8224
8287	4048
8287	8613
8288	4097
8288	5767
8288	7381
8288	7901
8288	8113
8288	8234
8288	9438
8288	9742
8288	9820
8288	9980
8291	2587
8291	7064
8291	8262
8291	9077
8291	9765
8296	6605
8296	6953
8296	7412
8296	9026
8307	1172
8307	2955
8315	3621
8315	9257
8315	9267
8315	9287
8320	5101
8320	5364
8320	7810
8320	9195
8322	8687
8322	8928
8322	9365
8333	1331
8333	3605
8333	6299
8333	6718
8333	7218
8333	7820
8333	8570
8333	9871
8349	3220
8349	5604
8349	6533
8349	8417
8349	9501
8355	1328
8355	4742
8355	4886
8355	6016
8355	6450
8355	7080
8355	9241
8355	9372
8355	9519
8355	9599
8355	9738
8369	3287
8369	5616
8369	6295
8369	7108
8369	8868
8369	9462
8369	9626
8373	5761
8373	6457
8373	6525
8373	7889
8373	9534
8374	3588
8374	4716
8374	6327
8374	7758
8374	8503
8374	8607
8374	9045
8377	1321
8377	7823
8377	9076
8379	856
8379	6137
8379	8224
8379	8492
8379	9805
8383	1547
8383	4886
8383	6736
8385	163
8385	2372
8385	2543
8385	3200
8385	8899
8385	9064
8385	9687
8386	4047
8386	5668
8386	9287
8386	9661
8387	745
8387	7695
8387	9213
8387	9264
8387	9763
8389	3926
8389	4084
8389	6255
8389	6982
8389	7871
8389	8900
8389	9959
8398	646
8398	4932
8398	8642
8398	9304
8398	9668
8401	2728
8401	6340
8401	6921
8401	7850
8410	28
8410	2078
8410	7105
8410	7386
8410	7596
8410	9195
8417	947
8417	3643
8417	7596
8417	7597
8417	8349
8417	9833
8417	9923
8424	8839
8424	9168
8424	9264
8424	9603
8424	9920
8430	805
8430	1785
8430	2278
8430	4327
8430	7169
8430	7626
8430	8807
8430	8879
8430	9344
8430	9507
8437	1841
8437	3045
8437	4955
8437	7420
8437	9261
8441	4991
8441	5210
8441	7733
8441	8256
8442	979
8442	6100
8442	6296
8442	8617
8442	8786
8442	9605
8444	6111
8444	8069
8444	9333
8448	6016
8448	7554
8448	8804
8448	9056
8448	9859
8460	6482
8460	7757
8463	8759
8463	9299
8464	1287
8464	2674
8464	3194
8464	3994
8464	6353
8464	9360
8464	9439
8465	3349
8465	5490
8465	6315
8465	7392
8465	9462
8465	9804
8466	8839
8466	9557
8466	9698
8466	9805
8466	9922
8466	9941
8480	3560
8480	4592
8480	6351
8480	7695
8482	4198
8482	4357
8482	5013
8482	7563
8482	7670
8482	9306
8482	9746
8482	9780
8483	4224
8483	5055
8483	6261
8483	9698
8483	9765
8485	714
8485	3756
8485	5082
8485	9439
8486	3790
8486	3997
8486	6295
8486	9036
8491	1698
8491	3449
8491	3917
8491	4611
8491	4913
8491	4975
8491	5482
8491	5816
8491	7452
8491	7453
8491	9695
8492	1148
8492	5102
8492	6137
8492	8189
8492	8379
8492	9992
8493	249
8493	7329
8493	7653
8493	8691
8493	9499
8496	4194
8496	6177
8496	6521
8496	7547
8498	2380
8498	4762
8498	5092
8498	7820
8498	7901
8498	8570
8503	3706
8503	7995
8503	8374
8503	9804
8506	604
8506	3560
8506	6537
8506	7929
8506	8903
8506	9623
8506	9662
8507	2351
8507	5130
8507	5290
8507	5696
8507	6758
8507	7681
8507	7703
8507	9021
8507	9349
8507	9610
8508	3985
8508	6740
8508	8070
8508	9365
8508	9595
8516	283
8516	3632
8516	6513
8521	4592
8521	5003
8521	6191
8521	7826
8521	8086
8526	1018
8536	385
8536	692
8536	7653
8536	8140
8536	9362
8536	9859
8541	1023
8541	7230
8541	7808
8541	9560
8541	9627
8541	9942
8542	5364
8542	7026
8542	8544
8542	9830
8542	9998
8544	772
8544	2140
8544	2197
8544	2922
8544	6866
8544	7026
8544	7906
8544	8542
8544	9076
8544	9830
8548	5671
8548	7367
8548	7865
8548	8125
8548	9618
8548	9820
8551	441
8551	1576
8551	7808
8554	939
8554	1928
8554	7984
8554	8003
8554	9378
8554	9470
8555	1276
8555	7292
8555	7639
8555	7778
8555	9519
8555	9531
8559	3732
8559	4955
8559	5098
8559	7080
8559	9430
8559	9626
8559	9676
8561	279
8561	6327
8561	6475
8561	7341
8561	7381
8566	691
8566	7126
8566	9404
8566	9588
8566	9901
8570	409
8570	604
8570	6784
8570	7218
8570	8333
8570	8498
8570	9212
8573	2729
8573	9282
8573	9501
8573	9844
8573	9859
8575	4559
8575	7245
8575	7865
8575	7911
8575	7995
8575	8839
8575	9264
8575	9843
8575	9901
8579	5671
8579	5954
8579	9758
8581	510
8581	2714
8581	7670
8581	8955
8581	9261
8581	9456
8581	9605
8601	3179
8601	3258
8601	5657
8601	7126
8601	7977
8601	8067
8601	8956
8606	1130
8606	4361
8606	6754
8606	7226
8606	7827
8606	8179
8607	239
8607	2475
8607	5204
8607	6207
8607	7567
8607	7963
8607	8374
8607	9568
8607	9614
8613	239
8613	2105
8613	3026
8613	5340
8613	7992
8613	8287
8613	9138
8613	9605
8617	761
8617	800
8617	5104
8617	6100
8617	6494
8617	6821
8617	8442
8617	8728
8617	9304
8617	9456
8617	9618
8629	106
8629	453
8629	1644
8629	5965
8629	7370
8629	7832
8629	8262
8633	5141
8633	6090
8633	6228
8633	7492
8633	7917
8635	5302
8635	7318
8635	8928
8635	9593
8637	1336
8637	3605
8637	3742
8637	6555
8637	6767
8637	9709
8637	9717
8642	293
8642	4258
8642	8398
8642	8861
8642	8900
8642	9178
8647	164
8647	2278
8647	2903
8647	3460
8647	6804
8648	772
8648	798
8648	1287
8648	3258
8648	3271
8648	5869
8648	6533
8648	7170
8648	7810
8648	8950
8648	9222
8663	322
8663	6267
8663	6766
8663	9948
8666	1331
8666	3624
8666	4802
8666	4890
8666	7040
8666	9030
8666	9999
8673	7271
8680	4680
8680	4853
8680	6353
8680	9123
8683	1364
8683	2653
8683	6087
8683	8152
8683	8985
8683	9292
8683	9383
8685	840
8685	975
8685	6009
8685	7427
8685	7923
8687	643
8687	708
8687	3222
8687	4955
8687	8070
8687	8322
8687	9045
8687	9170
8687	9595
8687	9643
8687	9716
8691	4813
8691	7985
8691	8128
8691	8493
8691	9273
8691	9982
8701	6386
8701	6407
8701	6767
8701	7486
8701	8097
8706	7302
8706	9452
8706	9705
8711	1336
8711	4193
8711	5305
8711	7120
8711	9695
8713	453
8713	5965
8713	6700
8713	7832
8713	9036
8713	9337
8718	1289
8718	1714
8718	4458
8718	5064
8718	7491
8718	8840
8718	9627
8719	626
8719	4061
8719	6559
8719	7902
8719	9438
8726	2286
8726	2777
8726	7653
8726	8983
8726	9599
8728	7252
8728	8617
8728	9264
8733	1057
8733	1371
8733	1669
8735	428
8735	2197
8735	6387
8735	9682
8736	59
8736	3222
8736	5381
8736	6690
8736	6822
8736	8745
8736	9687
8742	7613
8742	9493
8742	9677
8742	9820
8745	775
8745	3894
8745	6690
8745	6778
8745	6822
8745	7028
8745	7468
8745	8736
8745	9438
8758	1597
8758	5048
8758	5886
8758	6071
8758	6448
8758	6685
8758	8026
8758	9693
8758	9954
8759	4088
8759	5153
8759	8463
8759	9299
8759	9675
8763	438
8763	2376
8763	4423
8763	5144
8763	6983
8763	7715
8763	9470
8783	5381
8783	6358
8783	6802
8783	7014
8783	7778
8783	8850
8783	9979
8786	1285
8786	8163
8786	8442
8786	9148
8786	9781
8789	4896
8789	7869
8789	9383
8789	9948
8797	6383
8797	7026
8797	9593
8798	1140
8798	5761
8798	6457
8798	6988
8798	8225
8798	9313
8804	2213
8804	4388
8804	6016
8804	7554
8804	8448
8804	9499
8804	9758
8804	9859
8807	7626
8807	7628
8807	8430
8807	8877
8807	8879
8807	9507
8809	5362
8809	7522
8809	9195
8812	3439
8812	7995
8812	8003
8812	8113
8812	8994
8812	9458
8812	9980
8816	1849
8816	2163
8816	5291
8816	6993
8816	8014
8816	8949
8816	9046
8816	9746
8818	6157
8820	6475
8820	6676
8820	8834
8820	9346
8828	5376
8828	5588
8828	5684
8828	5931
8828	7028
8828	9918
8831	1148
8831	2598
8831	3704
8831	5869
8831	5893
8831	7113
8831	9885
8831	9895
8834	279
8834	6676
8834	8820
8834	9515
8835	1714
8835	2691
8835	3468
8835	7824
8835	9017
8835	9077
8835	9526
8839	2079
8839	6448
8839	7451
8839	8424
8839	8466
8839	8575
8840	3174
8840	6394
8840	7765
8840	8718
8840	9204
8840	9599
8840	9705
8840	9726
8840	9917
8842	727
8842	1070
8842	1592
8842	7405
8842	8239
8842	8274
8842	8973
8842	9877
8848	4595
8848	6217
8848	7366
8848	7563
8848	9682
8848	9705
8848	9726
8848	9759
8849	2757
8849	6765
8849	8233
8849	9246
8849	9420
8849	9619
8849	9983
8850	2408
8850	2599
8850	3994
8850	6076
8850	7120
8850	8783
8850	9595
8850	9979
8859	1071
8859	4488
8859	6114
8859	6474
8859	6537
8859	9519
8859	9599
8860	591
8860	2114
8860	3321
8860	3793
8860	7168
8860	7389
8860	9591
8860	9795
8860	9862
8861	1621
8861	4572
8861	8642
8861	9031
8861	9575
8865	3791
8865	4100
8865	7226
8865	7752
8865	8189
8865	9103
8868	5411
8868	6217
8868	7503
8868	8369
8868	9709
8869	2206
8869	3468
8869	9036
8870	5137
8870	5495
8870	6953
8870	7405
8870	9986
8877	453
8877	6036
8877	6533
8877	8807
8877	9196
8877	9739
8879	5845
8879	8430
8879	8807
8879	9507
8893	4485
8893	9000
8899	2543
8899	3200
8899	6093
8899	7637
8899	8208
8899	8385
8899	9064
8899	9718
8900	3926
8900	8389
8900	8642
8900	9959
8902	1374
8902	4362
8902	8065
8902	9444
8902	9959
8903	2966
8903	4731
8903	5965
8903	6027
8903	7945
8903	8506
8903	9423
8903	9560
8903	9588
8903	9682
8909	1981
8909	5291
8909	9222
8909	9281
8921	1085
8921	1911
8921	4997
8921	5465
8921	7299
8921	7609
8921	7733
8921	9901
8923	3648
8923	6529
8923	6716
8923	7230
8923	7340
8923	9687
8928	440
8928	5117
8928	7402
8928	8322
8928	8635
8933	476
8933	5467
8933	6776
8933	7683
8933	9069
8943	2243
8943	4064
8943	5509
8943	6570
8943	9871
8944	558
8944	9605
8944	9695
8944	9802
8944	9941
8946	4507
8946	6347
8946	7637
8946	7956
8946	9431
8946	9922
8949	510
8949	3150
8949	5659
8949	6559
8949	6993
8949	7765
8949	8014
8949	8816
8949	9046
8949	9821
8950	7731
8950	7765
8950	7900
8950	8648
8950	9222
8950	9315
8955	5455
8955	5620
8955	6978
8955	7014
8955	7989
8955	8164
8955	8581
8956	6473
8956	6490
8956	7332
8956	7486
8956	7977
8956	8601
8956	9588
8963	2206
8963	6758
8963	7293
8963	7854
8963	9716
8970	2279
8970	3643
8970	4077
8970	6718
8970	9036
8970	9076
8970	9287
8970	9347
8973	4504
8973	5434
8973	5808
8973	7292
8973	8842
8979	8
8979	2840
8979	6315
8979	6977
8983	5003
8983	7791
8983	8726
8983	9170
8985	1364
8985	2425
8985	3701
8985	5340
8985	6866
8985	7683
8985	7773
8985	8683
8985	9326
8985	9383
8985	9614
8987	5028
8987	6521
8987	7412
8987	9575
8987	9820
8992	7406
8992	9404
8992	9605
8994	4095
8994	5266
8994	7995
8994	8812
8994	9458
8996	5604
8996	8114
8996	9588
8996	9925
8996	9979
9000	1147
9000	3904
9000	5210
9000	5706
9000	8032
9000	8893
9000	9833
9004	181
9004	6592
9004	7377
9004	7563
9004	9026
9017	6875
9017	7824
9017	8835
9017	9178
9017	9246
9017	9526
9021	1764
9021	3677
9021	4250
9021	4632
9021	5850
9021	7773
9021	8507
9021	9383
9024	2189
9024	4371
9024	5069
9024	6943
9024	7252
9024	7420
9026	947
9026	4758
9026	4865
9026	5141
9026	6821
9026	7080
9026	7769
9026	7984
9026	8296
9026	9004
9026	9271
9030	5638
9030	6487
9030	8666
9030	9781
9030	9992
9031	3887
9031	4485
9031	6555
9031	7919
9031	8861
9031	9267
9033	1714
9033	1864
9033	3694
9033	4409
9033	7600
9033	9758
9036	798
9036	1739
9036	2443
9036	2598
9036	3621
9036	7854
9036	8150
9036	8486
9036	8713
9036	8869
9036	8970
9045	1785
9045	2213
9045	7503
9045	8374
9045	8687
9045	9921
9046	510
9046	646
9046	1849
9046	2163
9046	8014
9046	8816
9046	8949
9052	5588
9052	6989
9052	8187
9053	41
9053	9677
9053	9954
9056	2051
9056	3079
9056	3200
9056	3695
9056	4730
9056	6072
9056	6487
9056	6670
9056	8448
9061	6122
9061	6181
9061	9843
9061	9944
9064	655
9064	2508
9064	6563
9064	7778
9064	8385
9064	8899
9064	9718
9064	9986
9069	5534
9069	5636
9069	7014
9069	7283
9069	8933
9069	9705
9069	9739
9072	137
9072	249
9072	5092
9072	5553
9072	6736
9072	6740
9072	7317
9072	9077
9076	1321
9076	4592
9076	7823
9076	8377
9076	8544
9076	8970
9076	9719
9077	2983
9077	6736
9077	8291
9077	8835
9077	9072
9098	3026
9098	3756
9098	5657
9098	5767
9103	3177
9103	5160
9103	6922
9103	7979
9103	7983
9103	8168
9103	8865
9103	9282
9103	9340
9110	1161
9110	4923
9110	6306
9110	6366
9110	6485
9110	9163
9110	9508
9110	9802
9117	840
9117	1279
9117	1981
9117	5396
9117	6579
9123	3736
9123	5869
9123	7626
9123	8680
9123	9315
9125	8262
9125	9519
9135	2284
9135	6047
9135	6600
9135	6937
9135	6988
9135	7297
9135	9313
9135	9795
9135	9878
9135	9885
9138	2804
9138	5540
9138	6105
9138	6716
9138	7575
9138	7600
9138	8613
9138	9349
9138	9365
9138	9381
9143	4216
9143	8173
9143	9515
9148	3409
9148	5540
9148	7278
9148	7600
9148	7907
9148	8786
9148	9381
9148	9387
9148	9917
9149	3471
9149	4730
9149	5892
9149	5931
9149	6143
9149	7983
9149	8234
9161	1869
9161	3049
9161	5671
9161	6960
9161	7317
9161	7492
9161	7810
9161	9661
9162	21
9162	1056
9162	3400
9162	5325
9162	7117
9162	9333
9162	9460
9162	9720
9162	9759
9162	9986
9163	8187
9163	9110
9163	9499
9163	9534
9163	9564
9163	9619
9164	1917
9164	5465
9164	5766
9164	6545
9164	7613
9164	9439
9164	9470
9164	9521
9164	9534
9164	9843
9164	9992
9165	4167
9165	9360
9168	3630
9168	3692
9168	5970
9168	6240
9168	8424
9168	9359
9168	9389
9168	9458
9170	2304
9170	3527
9170	5112
9170	6100
9170	7286
9170	8687
9170	8983
9178	490
9178	1711
9178	2691
9178	4890
9178	7824
9178	8642
9178	9017
9178	9526
9179	7653
9179	8076
9179	9198
9186	5910
9186	6778
9186	8023
9195	28
9195	1554
9195	3449
9195	7044
9195	8320
9195	8410
9195	8809
9196	781
9196	2036
9196	3858
9196	7471
9196	8208
9196	8877
9198	892
9198	1407
9198	3115
9198	3840
9198	4362
9198	6630
9198	7597
9198	7774
9198	7917
9198	9179
9198	9747
9201	183
9201	3449
9201	3796
9201	7859
9201	7901
9201	8023
9201	9661
9204	896
9204	1032
9204	4571
9204	7765
9204	8840
9204	9705
9212	55
9212	2376
9212	6280
9212	7830
9212	8570
9213	600
9213	3225
9213	4084
9213	6938
9213	8387
9213	9296
9213	9310
9213	9763
9213	9778
9214	3545
9214	5467
9214	5784
9214	6466
9214	6854
9214	7187
9214	9273
9222	2697
9222	3271
9222	5013
9222	6329
9222	8239
9222	8648
9222	8909
9222	8950
9222	9241
9222	9315
9222	9350
9239	1032
9239	2274
9239	3693
9239	5010
9239	5808
9239	6676
9239	6960
9239	9292
9239	9644
9239	9992
9241	3617
9241	6523
9241	8030
9241	8355
9241	9222
9241	9246
9241	9378
9246	892
9246	894
9246	1754
9246	6383
9246	6503
9246	8849
9246	9017
9246	9241
9246	9499
9246	9610
9246	9844
9246	9983
9253	3089
9253	4207
9253	4822
9253	5028
9253	5816
9253	6060
9253	6648
9253	7757
9253	8115
9253	9267
9253	9430
9253	9557
9253	9941
9254	1125
9254	2168
9254	2777
9254	5210
9254	7872
9257	4472
9257	5055
9257	5784
9257	6178
9257	7392
9257	7514
9257	8315
9261	379
9261	5827
9261	6252
9261	7083
9261	7105
9261	7335
9261	8437
9261	8581
9261	9610
9264	6242
9264	6921
9264	7245
9264	7911
9264	8387
9264	8424
9264	8575
9264	8728
9264	9901
9264	9941
9267	8
9267	2747
9267	5028
9267	6191
9267	6988
9267	7204
9267	8315
9267	9031
9267	9253
9267	9296
9267	9763
9268	139
9268	2663
9268	7019
9271	2985
9271	6006
9271	8140
9271	9026
9273	5467
9273	6854
9273	8273
9273	8691
9273	9214
9273	9507
9281	2392
9281	6117
9281	8909
9281	9615
9281	9643
9281	9923
9282	1125
9282	1820
9282	2449
9282	7534
9282	8573
9282	9103
9282	9444
9282	9661
9282	9844
9284	996
9284	4159
9284	4967
9284	7370
9284	9326
9284	9493
9287	3677
9287	6901
9287	7064
9287	7194
9287	8315
9287	8386
9287	8970
9292	2274
9292	3246
9292	5010
9292	5958
9292	8683
9292	9239
9292	9435
9292	9883
9296	503
9296	1172
9296	5482
9296	6680
9296	6950
9296	7544
9296	8018
9296	8225
9296	9213
9296	9267
9296	9871
9296	9923
9299	4088
9299	6298
9299	6593
9299	8463
9299	8759
9299	9606
9299	9802
9299	9858
9304	1326
9304	3692
9304	4357
9304	4932
9304	7907
9304	8398
9304	8617
9304	9338
9304	9662
9304	9668
9306	1358
9306	5604
9306	7769
9306	8482
9306	9698
9308	1407
9308	2394
9308	6155
9308	6449
9308	7039
9308	9729
9310	489
9310	3105
9310	4872
9310	7471
9310	7679
9310	8150
9310	8234
9310	9213
9310	9383
9310	9439
9313	2262
9313	4853
9313	8798
9313	9135
9313	9795
9315	3258
9315	5332
9315	6600
9315	6754
9315	8950
9315	9123
9315	9222
9324	4153
9324	5664
9324	6360
9324	7857
9324	8239
9326	996
9326	4159
9326	4967
9326	5964
9326	7370
9326	7758
9326	8207
9326	8985
9326	9284
9326	9423
9326	9493
9326	9709
9333	1706
9333	3567
9333	3588
9333	5130
9333	6669
9333	6783
9333	8444
9333	9162
9336	4619
9336	4885
9336	7957
9336	8267
9336	9739
9337	3752
9337	8713
9337	9805
9338	371
9338	5638
9338	6456
9338	7052
9338	7757
9338	9304
9338	9415
9338	9822
9338	9895
9340	4048
9340	6537
9340	7452
9340	9103
9340	9461
9340	9519
9340	9599
9340	9687
9344	5266
9344	5769
9344	7995
9344	8430
9344	9404
9344	9458
9346	4267
9346	4886
9346	6351
9346	7810
9346	7872
9346	8084
9346	8820
9346	9581
9346	9780
9347	726
9347	1780
9347	3185
9347	5171
9347	7293
9347	8970
9347	9578
9347	9785
9347	9862
9349	1667
9349	5130
9349	7961
9349	8507
9349	9138
9349	9849
9350	409
9350	1358
9350	2545
9350	9222
9355	1344
9355	3368
9355	5627
9355	6042
9355	6594
9355	6872
9355	6929
9355	8113
9355	9430
9355	9922
9355	9941
9359	5275
9359	5496
9359	6261
9359	8187
9359	9168
9359	9575
9360	224
9360	3359
9360	5824
9360	6047
9360	7006
9360	7105
9360	7641
9360	8464
9360	9165
9362	638
9362	5951
9362	6192
9362	7177
9362	8536
9365	3583
9365	4207
9365	8322
9365	8508
9365	9138
9365	9456
9365	9595
9369	5959
9369	7022
9372	5388
9372	6128
9372	6537
9372	6950
9372	7234
9372	8224
9372	8355
9372	9461
9372	9599
9372	9738
9378	3041
9378	6075
9378	8554
9378	9241
9378	9885
9381	4105
9381	5023
9381	5540
9381	6240
9381	6523
9381	7600
9381	9138
9381	9148
9381	9623
9381	9917
9383	2056
9383	2425
9383	2653
9383	2824
9383	4091
9383	7773
9383	7983
9383	8159
9383	8683
9383	8789
9383	8985
9383	9021
9383	9310
9387	5133
9387	5335
9387	9148
9389	3700
9389	6195
9389	9168
9389	9578
9404	428
9404	2190
9404	5569
9404	5931
9404	8566
9404	8992
9404	9344
9404	9925
9404	9942
9415	22
9415	4505
9415	4745
9415	6751
9415	7052
9415	7862
9415	7997
9415	9338
9415	9822
9415	9895
9420	1765
9420	6394
9420	6553
9420	7250
9420	8118
9420	8849
9420	9610
9420	9732
9420	9983
9423	1729
9423	2966
9423	3378
9423	5709
9423	8903
9423	9326
9423	9959
9424	726
9424	1302
9424	1706
9424	2284
9424	3558
9424	5010
9424	5120
9424	8026
9424	8097
9424	8198
9424	9859
9430	1849
9430	3368
9430	6042
9430	8113
9430	8559
9430	9253
9430	9355
9430	9998
9431	341
9431	761
9431	1600
9431	3677
9431	4154
9431	4507
9431	5245
9431	6347
9431	7006
9431	7637
9431	8946
9431	9676
9431	9729
9431	9948
9435	5003
9435	9292
9435	9521
9435	9705
9438	2449
9438	3194
9438	6045
9438	6822
9438	7547
9438	7956
9438	8288
9438	8719
9438	8745
9439	1534
9439	6978
9439	8464
9439	8485
9439	9164
9439	9310
9439	9923
9439	9998
9444	3122
9444	3284
9444	4654
9444	8902
9444	9282
9444	9515
9444	9729
9452	4090
9452	6311
9452	7254
9452	7302
9452	7957
9452	7997
9452	8140
9452	8706
9456	2501
9456	2859
9456	7173
9456	7323
9456	8581
9456	8617
9456	9365
9456	9877
9458	3439
9458	5266
9458	5769
9458	7995
9458	8812
9458	8994
9458	9168
9458	9344
9458	9497
9460	1056
9460	3400
9460	3742
9460	4322
9460	5098
9460	8149
9460	9162
9460	9720
9460	9763
9460	9781
9461	4167
9461	5152
9461	7234
9461	7609
9461	9340
9461	9372
9461	9519
9461	9564
9461	9719
9461	9738
9461	9872
9462	3287
9462	5616
9462	6295
9462	6524
9462	7101
9462	7108
9462	8369
9462	8465
9462	9560
9462	9626
9462	9921
9462	9941
9470	438
9470	2376
9470	4423
9470	5144
9470	6297
9470	6983
9470	7064
9470	8554
9470	8763
9470	9164
9493	767
9493	996
9493	4159
9493	5769
9493	5964
9493	8742
9493	9284
9493	9326
9497	1923
9497	5362
9497	7758
9497	8144
9497	9458
9499	1831
9499	2216
9499	3855
9499	4907
9499	6139
9499	6157
9499	7044
9499	7329
9499	8043
9499	8493
9499	8804
9499	9163
9499	9246
9499	9758
9501	1729
9501	6784
9501	7563
9501	7679
9501	8194
9501	8349
9501	8573
9507	737
9507	1769
9507	1973
9507	3638
9507	7429
9507	7626
9507	7630
9507	8430
9507	8807
9507	8879
9507	9273
9508	6122
9508	6884
9508	9110
9508	9821
9508	9901
9515	4888
9515	5117
9515	6685
9515	8127
9515	8161
9515	8834
9515	9143
9515	9444
9519	5482
9519	6950
9519	7234
9519	7854
9519	7997
9519	8355
9519	8555
9519	8859
9519	9125
9519	9340
9519	9461
9519	9599
9519	9738
9521	2734
9521	5003
9521	6366
9521	6802
9521	6939
9521	7871
9521	9164
9521	9435
9526	490
9526	6459
9526	6545
9526	7824
9526	8835
9526	9017
9526	9178
9531	2319
9531	6821
9531	6884
9531	8555
9534	363
9534	1362
9534	1917
9534	2759
9534	2983
9534	3049
9534	3727
9534	7381
9534	7613
9534	8373
9534	9163
9534	9164
9534	9992
9550	346
9550	377
9550	2543
9550	5553
9550	9758
9550	9920
9557	2174
9557	2274
9557	4803
9557	4822
9557	6648
9557	6988
9557	8115
9557	8466
9557	9253
9557	9805
9557	9941
9558	106
9558	1085
9558	2263
9558	2986
9558	6682
9558	7314
9558	7871
9558	9992
9559	2266
9559	3145
9559	3158
9559	4611
9559	6075
9559	7320
9559	7622
9559	9643
9559	9739
9559	9950
9560	6045
9560	6080
9560	6938
9560	8016
9560	8541
9560	8903
9560	9462
9560	9591
9560	9627
9560	9942
9560	9964
9561	979
9561	1728
9561	3648
9561	3942
9561	6835
9561	6929
9561	7858
9561	8065
9561	8179
9564	2726
9564	6929
9564	9163
9564	9461
9564	9619
9568	239
9568	931
9568	1628
9568	2475
9568	4721
9568	5203
9568	5204
9568	6474
9568	7567
9568	7963
9568	8607
9568	9614
9575	2955
9575	3258
9575	5028
9575	6513
9575	7596
9575	8861
9575	8987
9575	9359
9578	2189
9578	4608
9578	6178
9578	8179
9578	9347
9578	9389
9578	9623
9578	9785
9581	186
9581	2613
9581	4768
9581	4886
9581	6351
9581	6885
9581	6962
9581	8273
9581	9346
9581	9605
9581	9732
9588	341
9588	1587
9588	3219
9588	4077
9588	6978
9588	7145
9588	7869
9588	7977
9588	8163
9588	8566
9588	8903
9588	8956
9588	8996
9591	591
9591	2114
9591	2625
9591	3321
9591	4890
9591	5171
9591	5906
9591	6559
9591	7389
9591	8860
9591	9560
9593	959
9593	2753
9593	6517
9593	6766
9593	7293
9593	7635
9593	8635
9593	8797
9593	9858
9595	2503
9595	2942
9595	4362
9595	5581
9595	6334
9595	6702
9595	6740
9595	8070
9595	8508
9595	8687
9595	8850
9595	9365
9595	9695
9599	1583
9599	4488
9599	4742
9599	6537
9599	6950
9599	7234
9599	8355
9599	8726
9599	8840
9599	8859
9599	9340
9599	9372
9599	9519
9599	9709
9599	9738
9603	424
9603	1046
9603	4610
9603	5465
9603	5569
9603	7637
9603	8424
9603	9921
9603	9982
9605	651
9605	1764
9605	4667
9605	8189
9605	8262
9605	8442
9605	8581
9605	8613
9605	8944
9605	8992
9605	9581
9605	9662
9605	9811
9605	9992
9606	4505
9606	4896
9606	5013
9606	7929
9606	9299
9606	9655
9610	894
9610	3156
9610	4224
9610	5964
9610	6765
9610	8233
9610	8507
9610	9246
9610	9261
9610	9420
9610	9983
9614	239
9614	931
9614	1628
9614	2475
9614	5204
9614	6016
9614	6207
9614	7567
9614	7963
9614	8607
9614	8985
9614	9568
9615	932
9615	5495
9615	6347
9615	7252
9615	7669
9615	9281
9615	9982
9618	626
9618	2160
9618	5104
9618	6100
9618	7823
9618	7854
9618	8548
9618	8617
9618	9771
9618	9833
9618	9923
9618	9983
9619	434
9619	3997
9619	5660
9619	5709
9619	6217
9619	7039
9619	7464
9619	8849
9619	9163
9619	9564
9623	238
9623	881
9623	6122
9623	7208
9623	7827
9623	8219
9623	8506
9623	9381
9623	9578
9626	5616
9626	6295
9626	6524
9626	7068
9626	7101
9626	7108
9626	7245
9626	8369
9626	8559
9626	9462
9627	3951
9627	5090
9627	6080
9627	7596
9627	7659
9627	8541
9627	8718
9627	9560
9627	9918
9627	9942
9643	331
9643	1433
9643	1917
9643	3145
9643	4885
9643	4898
9643	6787
9643	8118
9643	8687
9643	9281
9643	9559
9643	9878
9643	9950
9644	213
9644	1597
9644	4420
9644	6751
9644	6960
9644	7324
9644	9239
9655	892
9655	5604
9655	6943
9655	7299
9655	9606
9661	7412
9661	7859
9661	8386
9661	9161
9661	9201
9661	9282
9661	9729
9661	9749
9662	2852
9662	3781
9662	4967
9662	7044
9662	7218
9662	7854
9662	7865
9662	8506
9662	9304
9662	9605
9668	3034
9668	3193
9668	3796
9668	7078
9668	7645
9668	7907
9668	8398
9668	9304
9675	772
9675	930
9675	3469
9675	3504
9675	4557
9675	4925
9675	5212
9675	5246
9675	5713
9675	6545
9675	6756
9675	7522
9675	7923
9675	8759
9676	1002
9676	2663
9676	3348
9676	3824
9676	3840
9676	5098
9676	6754
9676	6765
9676	6885
9676	6962
9676	8559
9676	9431
9677	1545
9677	2585
9677	2650
9677	3745
9677	8742
9677	9053
9682	2690
9682	3752
9682	6215
9682	6719
9682	8735
9682	8848
9682	8903
9682	9922
9687	3229
9687	3571
9687	5671
9687	6529
9687	7283
9687	7340
9687	7392
9687	8146
9687	8385
9687	8736
9687	8923
9687	9340
9693	3617
9693	4626
9693	7283
9693	8758
9695	2901
9695	3246
9695	3736
9695	3781
9695	3917
9695	5607
9695	6508
9695	6522
9695	7370
9695	7453
9695	7611
9695	8491
9695	8711
9695	8944
9695	9595
9695	9719
9697	2344
9697	2372
9697	2569
9697	2746
9697	3177
9697	3756
9697	6448
9697	7374
9697	7659
9698	4236
9698	5360
9698	6954
9698	7658
9698	8466
9698	8483
9698	9306
9698	9811
9705	7366
9705	8706
9705	8840
9705	8848
9705	9069
9705	9204
9705	9435
9705	9726
9709	932
9709	4077
9709	4105
9709	5203
9709	7214
9709	8637
9709	8868
9709	9326
9709	9599
9716	541
9716	1761
9716	5885
9716	7492
9716	7663
9716	8687
9716	8963
9716	9749
9716	9820
9716	9871
9717	1326
9717	1442
9717	1621
9717	2351
9717	3605
9717	3745
9717	6555
9717	6611
9717	8637
9718	849
9718	994
9718	2372
9718	2508
9718	3200
9718	4654
9718	6563
9718	7872
9718	8208
9718	8899
9718	9064
9719	2943
9719	5664
9719	9076
9719	9461
9719	9695
9720	2871
9720	3742
9720	4322
9720	9162
9720	9460
9726	708
9726	3970
9726	4409
9726	5777
9726	7765
9726	8840
9726	8848
9726	9705
9729	1780
9729	4691
9729	4872
9729	5969
9729	7039
9729	7120
9729	7686
9729	9308
9729	9431
9729	9444
9729	9661
9732	1434
9732	1576
9732	1636
9732	2077
9732	3855
9732	5030
9732	5562
9732	6552
9732	9420
9732	9581
9738	2076
9738	4488
9738	5152
9738	6521
9738	6950
9738	7234
9738	8355
9738	9372
9738	9461
9738	9519
9738	9599
9738	9921
9738	9944
9738	9950
9739	2254
9739	2912
9739	3197
9739	3758
9739	4444
9739	5687
9739	6592
9739	8128
9739	8877
9739	9069
9739	9336
9739	9559
9739	9982
9742	130
9742	2079
9742	2301
9742	2316
9742	2861
9742	4444
9742	8288
9742	9804
9746	690
9746	1817
9746	3313
9746	3327
9746	5893
9746	7563
9746	7681
9746	8482
9746	8816
9746	9780
9747	2569
9747	3907
9747	4602
9747	5453
9747	5607
9747	5721
9747	5772
9747	6479
9747	9198
9749	1932
9749	2193
9749	4793
9749	4890
9749	6405
9749	7320
9749	7945
9749	9661
9749	9716
9749	9785
9758	2726
9758	5429
9758	5954
9758	7611
9758	7626
9758	8579
9758	8804
9758	9033
9758	9499
9758	9550
9759	1756
9759	3638
9759	4359
9759	4872
9759	5569
9759	8030
9759	8848
9759	9162
9759	9783
9759	9878
9763	1543
9763	3225
9763	3631
9763	4109
9763	4504
9763	6682
9763	8387
9763	9213
9763	9267
9763	9460
9763	9986
9765	1091
9765	2491
9765	2537
9765	2587
9765	4886
9765	5210
9765	8144
9765	8291
9765	8483
9771	1476
9771	2056
9771	3313
9771	6494
9771	6553
9771	8076
9771	9618
9778	177
9778	4465
9778	4531
9778	5049
9778	5505
9778	5824
9778	7335
9778	7438
9778	7522
9778	9213
9780	690
9780	2210
9780	3313
9780	3700
9780	5272
9780	7563
9780	8482
9780	9346
9780	9746
9781	2503
9781	3028
9781	5429
9781	6872
9781	7322
9781	7503
9781	8786
9781	9030
9781	9460
9781	9805
9783	20
9783	819
9783	1364
9783	3364
9783	3752
9783	4009
9783	4525
9783	5208
9783	6456
9783	6630
9783	7278
9783	7906
9783	8144
9783	9759
9783	9843
9785	2189
9785	2441
9785	2788
9785	4525
9785	5396
9785	6360
9785	6736
9785	7168
9785	7293
9785	8125
9785	9347
9785	9578
9785	9749
9785	9979
9795	819
9795	3115
9795	3418
9795	5986
9795	6047
9795	6988
9795	7303
9795	7320
9795	7647
9795	8097
9795	8860
9795	9135
9795	9313
9802	558
9802	4923
9802	7070
9802	7231
9802	7639
9802	8944
9802	9110
9802	9299
9804	130
9804	655
9804	2301
9804	2316
9804	7575
9804	8465
9804	8503
9804	9742
9805	415
9805	490
9805	1172
9805	5569
9805	6060
9805	7199
9805	7686
9805	8115
9805	8379
9805	8466
9805	9337
9805	9557
9805	9781
9805	9941
9811	2599
9811	3197
9811	3274
9811	4667
9811	4709
9811	5709
9811	6063
9811	8262
9811	9605
9811	9698
9820	541
9820	3041
9820	3942
9820	5717
9820	6027
9820	8114
9820	8288
9820	8548
9820	8742
9820	8987
9820	9716
9821	1982
9821	7318
9821	7492
9821	8216
9821	8949
9821	9508
9821	9862
9822	371
9822	635
9822	646
9822	4154
9822	4745
9822	7052
9822	7402
9822	9338
9822	9415
9822	9895
9830	111
9830	772
9830	6740
9830	7026
9830	7503
9830	8542
9830	8544
9833	4109
9833	8270
9833	8278
9833	8417
9833	9000
9833	9618
9833	9923
9843	1863
9843	3790
9843	5659
9843	6181
9843	6937
9843	7299
9843	8575
9843	9061
9843	9164
9843	9783
9844	1331
9844	2014
9844	6261
9844	6787
9844	7534
9844	8573
9844	9246
9844	9282
9849	1499
9849	1928
9849	2215
9849	5753
9849	6139
9849	6776
9849	6777
9849	9349
9858	2753
9858	2832
9858	3447
9858	3869
9858	5517
9858	5541
9858	6993
9858	7635
9858	9299
9858	9593
9859	3281
9859	4957
9859	6016
9859	7204
9859	7405
9859	7554
9859	8448
9859	8536
9859	8573
9859	8804
9859	9424
9862	3192
9862	7170
9862	7486
9862	7801
9862	8860
9862	9347
9862	9821
9871	503
9871	1172
9871	5482
9871	6680
9871	7544
9871	7961
9871	8018
9871	8333
9871	8943
9871	9296
9871	9716
9872	399
9872	1336
9872	1435
9872	2078
9872	3204
9872	3298
9872	4935
9872	5957
9872	7715
9872	7923
9872	9461
9877	293
9877	4557
9877	5453
9877	7064
9877	7617
9877	7677
9877	8274
9877	8842
9877	9456
9878	1533
9878	2931
9878	4663
9878	5569
9878	6804
9878	9135
9878	9643
9878	9759
9878	9917
9883	959
9883	2840
9883	4820
9883	5244
9883	6766
9883	7635
9883	9292
9884	3546
9884	3656
9884	3889
9884	5487
9884	5645
9884	6517
9885	930
9885	2238
9885	6779
9885	7059
9885	8831
9885	9135
9885	9378
9885	9998
9895	371
9895	3567
9895	3706
9895	4745
9895	4853
9895	5986
9895	7052
9895	8831
9895	9338
9895	9415
9895	9822
9901	182
9901	1769
9901	3049
9901	5509
9901	6242
9901	6757
9901	7245
9901	8566
9901	8575
9901	8921
9901	9264
9901	9508
9917	2073
9917	2430
9917	4124
9917	4558
9917	5562
9917	6523
9917	6594
9917	7600
9917	7907
9917	8840
9917	9148
9917	9381
9917	9878
9918	2824
9918	4154
9918	5588
9918	5684
9918	6522
9918	6713
9918	7028
9918	8828
9918	9627
9920	656
9920	3227
9920	5505
9920	5583
9920	6382
9920	7976
9920	8424
9920	9550
9920	9998
9921	930
9921	1706
9921	1788
9921	2861
9921	3583
9921	4848
9921	6405
9921	6951
9921	7758
9921	9045
9921	9462
9921	9603
9921	9738
9922	220
9922	2213
9922	2552
9922	7291
9922	8466
9922	8946
9922	9355
9922	9682
9923	616
9923	1925
9923	2392
9923	7464
9923	8118
9923	8270
9923	8417
9923	9281
9923	9296
9923	9439
9923	9618
9923	9833
9925	351
9925	1407
9925	2674
9925	6133
9925	6718
9925	7034
9925	7208
9925	7570
9925	8014
9925	8179
9925	8208
9925	8996
9925	9404
9927	1841
9927	3045
9927	3739
9927	4955
9927	8076
9927	9942
9941	4207
9941	4822
9941	6648
9941	6778
9941	7826
9941	8115
9941	8466
9941	8944
9941	9253
9941	9264
9941	9355
9941	9462
9941	9557
9941	9805
9942	3951
9942	4232
9942	4763
9942	6045
9942	6680
9942	6872
9942	7230
9942	7979
9942	8541
9942	9404
9942	9560
9942	9627
9942	9927
9944	2973
9944	5659
9944	6181
9944	6870
9944	6937
9944	7570
9944	7610
9944	9061
9944	9738
9948	2914
9948	3383
9948	5091
9948	7670
9948	7869
9948	8663
9948	8789
9948	9431
9950	1549
9950	1587
9950	3227
9950	4388
9950	6784
9950	7322
9950	7622
9950	9559
9950	9643
9950	9738
9954	1597
9954	5696
9954	6381
9954	6802
9954	7450
9954	7961
9954	8758
9954	9053
9959	224
9959	2243
9959	3926
9959	6212
9959	6860
9959	6982
9959	7108
9959	7871
9959	8144
9959	8389
9959	8900
9959	8902
9959	9423
9964	446
9964	1452
9964	2216
9964	2299
9964	4218
9964	6405
9964	6419
9964	6989
9964	7844
9964	9560
9979	1530
9979	2408
9979	3994
9979	6802
9979	7286
9979	7438
9979	7778
9979	8140
9979	8783
9979	8850
9979	8996
9979	9785
9980	2890
9980	4209
9980	7901
9980	8032
9980	8194
9980	8288
9980	8812
9982	4100
9982	4913
9982	5130
9982	5290
9982	5906
9982	7703
9982	7830
9982	8691
9982	9603
9982	9615
9982	9739
9983	892
9983	894
9983	1754
9983	3063
9983	4252
9983	5852
9983	6394
9983	6503
9983	6765
9983	7250
9983	8118
9983	8233
9983	8849
9983	9246
9983	9420
9983	9610
9983	9618
9986	2629
9986	3309
9986	4042
9986	4592
9986	5137
9986	5302
9986	7070
9986	7611
9986	8118
9986	8870
9986	9064
9986	9162
9986	9763
9992	265
9992	638
9992	1362
9992	1842
9992	1917
9992	2759
9992	5766
9992	6261
9992	7057
9992	7613
9992	8492
9992	9030
9992	9164
9992	9239
9992	9534
9992	9558
9992	9605
9998	1534
9998	2215
9998	2344
9998	5101
9998	6860
9998	6978
9998	7503
9998	7567
9998	7858
9998	8542
9998	9430
9998	9439
9998	9885
9998	9920
9999	1354
9999	1780
9999	2425
9999	2688
9999	3624
9999	3895
9999	3996
9999	4817
9999	6951
9999	6988
9999	7040
9999	7493
9999	8666
