387	387
2784	2784
2584	2584
3742	3742
3270	3270
2939	2939
2452	2452
4203	4203
3972	3972
4905	4905
5391	5391
5174	5174
2720	2720
2620	2620
4371	4371
5187	5187
426	426
3350	3350
440	440
1859	1859
4527	4527
693	693
1154	1154
4540	4540
1309	1309
5482	5482
2110	2110
736	736
3289	3289
2727	2727
3529	3529
4321	4321
403	403
203	203
1782	1782
433	433
302	302
4144	4144
86	86
3688	3688
2036	2036
1951	1951
330	330
2552	2552
369	369
2450	2450
2665	2665
2563	2563
702	702
1404	1404
842	842
7109	7109
998	998
3435	3435
3920	3920
2902	2902
2415	2415
679	679
1968	1968
6256	6256
1636	1636
4520	4520
577	577
4750	4750
3245	3245
3045	3045
5021	5021
1996	1996
1564	1564
976	976
9667	9667
2649	2649
4615	4615
4358	4358
1043	1043
456	456
1704	1704
4744	4744
4528	4528
354	354
3492	3492
4671	4671
366	366
1299	1299
3867	3867
3380	3380
4769	4769
3850	3850
3393	3393
2500	2500
508	508
3231	3231
3661	3661
2411	2411
2311	2311
3831	3831
1839	1839
790	790
2441	2441
1035	1035
2454	2454
3843	3843
5463	5463
