5809	5809
2709	2709
1535	1535
3270	3270
3038	3038
3053	3053
4788	4788
3052	3052
1101	1101
1778	1778
5274	5274
3784	3784
859	859
3065	3065
2378	2378
326	326
4267	4267
8	8
5098	5098
808	808
4410	4410
3848	3848
2358	2358
6043	6043
2141	2141
5124	5124
3073	3073
633	633
2498	2498
1949	1949
7386	7386
2666	2666
2335	2335
1176	1176
2580	2580
702	702
1545	1545
5031	5031
180	180
270	270
987	987
3409	3409
1773	1773
5615	5615
1457	1457
1671	1671
1240	1240
4224	4224
4957	4957
3321	3321
4740	4740
5873	5873
781	781
4252	4252
5541	5541
1482	1482
4150	4150
2299	2299
809	809
4751	4751
4204	4204
963	963
2483	2483
5467	5467
3415	3415
4331	4331
5710	5710
172	172
2279	2279
3711	3711
1603	1603
554	554
1517	1517
799	799
4039	4039
2334	2334
3582	3582
1555	1555
5116	5116
3390	3390
3405	3405
3535	3535
981	981
3047	3047
3905	3905
739	739
1366	1366
2258	2258
4810	4810
115	115
6214	6214
2512	2512
5527	5527
1709	1709
435	435
3344	3344
906	906
2641	2641
1637	1637
1967	1967
116	116
618	618
