0 0.0
0.0009765625 35303.1538879
0.00102881215815 37060.8152306
0.00102950879844 34308.6597019
0.00103090349449 35199.3038816
0.00108974260203 38101.9624965
0.00109195779582 37449.0481012
0.00109269719396 38223.9372175
0.00110834073323 39431.1284172
0.00110909122476 39037.9839485
0.00118756859499 40985.393318
0.00118917741779 40178.1580433
0.00118998264632 40584.4916703
0.00134690815002 44919.1716703
0.00135147449411 45025.398328
0.0014668266136 49575.0258836
0.00157914501255 49269.8438002
0.00163350603481 50603.5756379
0.00165801396655 50985.5977625
0.00193077857384 52960.7449091
0.00193208596327 53504.2617099
0.00204236031424 55176.803219
0.00205345012879 55733.0296366
0.00236231007984 58267.4542559
0.00236711210796 57594.3959355
0.00254664309608 59594.9862402
0.00264145193763 59472.8183162
0.00278089622727 60214.0588928
0.00288442606629 61614.2248247
0.00302234236866 62250.547729
0.00302438888944 60974.3592168
0.00302848608923 62935.3725262
0.0030780875881 62378.8233613
0.00319700673783 62674.8211911
0.00369283703343 64514.8342415
0.00370034371404 64194.7754909
0.00399178573693 66414.71637
0.00427423756789 66936.9817989
0.00428292610085 67562.984193
0.00435307321327 68014.1127907
0.00457357828997 67993.8547201
0.00541688691234 71547.9808092
0.00542055485273 69799.2220156
0.00549443747586 70455.8534451
0.00594325398011 71569.7498678
0.00618960259864 72240.4702672
0.00678646029404 73588.1631548
0.00722741430151 74822.8523164
0.00724210595736 74535.5297179
0.0077178882763 75842.5813766
0.00772834385308 75601.2219513
0.0083483287266 76486.5106176
0.00894509487837 78119.4377521
0.00991446060306 78252.9199881
0.0101590284639 78698.4645173
0.0102280283516 78727.1788648
0.0113517812176 79390.3223954
0.0113748567541 79522.5236437
0.0113825590188 79892.8154856
0.0120485220735 80079.3674014
0.0131568061618 80910.8455094
0.0132103499943 80723.8610647
0.0134085484393 80671.7948306
0.0134267132666 80918.2379035
0.0143670358342 81097.6675337
0.0144157435572 81329.2583138
0.017424083251 81949.6160794
0.0174358816326 82043.7581779
0.0174476880032 82136.3585456
0.0200855905168 82331.9162119
0.0200991910867 82042.6824698
0.0202220113857 82105.1641332
0.0202357043302 82608.1535189
0.0267989504867 82244.1522814
0.0286563763501 82759.3451068
0.0312923349966 82679.688519
0.031761822341 82970.7240748
0.0331231657413 82864.2238568
0.03673752988 83081.6723316
0.0367624059891 82945.4419865
0.0405536776412 83135.1504636
0.040581137781 83392.7847925
0.0421204325581 83305.9922484
0.0466217974591 83136.405251
0.0498194036497 83135.3517501
0.0500560236151 83052.7247266
0.0514995317449 83261.2006915
0.0517791691097 83287.2552172
0.0519547130044 83158.5254295
0.0555180829513 83369.5252798
0.0556309383286 83264.4465161
0.0622466766942 83054.3366641
0.0625 83310.5074453
0.065002572515 82849.7032061
0.0651788123681 82843.3576408
0.0690389669528 82810.0947733
0.0690857153564 82955.722517
0.0714639453986 83151.0750753
0.0720955831547 82889.8021788
0.0724870550419 82581.3757153
0.0744261348461 82381.2518488
0.0745774259045 82609.1508735
0.0760558549846 82413.9959907
0.0763137027104 82959.0214831
0.0769882052959 82540.0109608
0.0773538649613 82761.2544006
0.0774062436375 82430.6238435
0.0833334236286 82439.6224532
0.0835593634609 82021.0753556
0.0837292202533 82241.4795393
0.0909372776112 81788.4901476
0.0911838335831 81562.9069258
0.0952853637771 81728.8507461
0.099976606932 81767.4917698
0.100044304161 80851.9210319
0.10011204723 81194.1337379
0.10748643925 80917.6442713
0.107923873368 80683.0831628
0.111111351899 80300.5174034
0.113544373688 79957.331241
0.114083658862 80023.7604697
0.12440911216 79556.8363566
0.125 79711.6565942
0.126789555624 79407.3548255
0.126875408724 78882.1776388
0.133121944069 79463.3841611
0.133392550085 78885.1114374
0.14052953839 78670.0610427
0.140815202326 78496.867302
0.142927890797 78049.4053761
0.143412450883 77618.6853004
0.143509559855 77230.8297941
0.152111709969 77441.7675086
0.152524126653 77657.3252231
0.152627405421 77649.6594353
0.152730754122 77325.1201834
0.161338657608 76916.7533898
0.166666847257 75501.2468921
0.168938530544 75281.8336901
0.17725598554 75096.9797355
0.181751485713 75287.0434547
0.183233832313 74490.8639922
0.183606304167 75227.0557423
0.199817911023 73999.017801
0.200088608322 72494.8267421
0.20022409446 72436.3985037
0.206836470957 72652.8403221
0.209088772455 72816.0148378
0.22012673038 72084.9919383
0.220275784945 72292.5446467
0.222072331805 72134.5447039
0.222523753314 71555.2934118
0.223883531118 71617.2377654
0.224035129529 71230.6521275
0.224186830591 71785.8433222
0.231747390635 71222.8037625
0.237303401855 71079.1105413
0.25 67818.5405651
0.250338679973 67201.489543
0.250508191977 68244.6886344
0.250847560408 68027.5739702
0.272811537231 67884.2023538
0.278408166934 67657.7942429
0.278596685649 67308.7472762
0.299321045594 66274.4702417
0.299726541769 66070.6875
0.29992949581 65918.3657981
0.300132587277 65846.7425612
0.307328094496 66174.7818837
0.310254370262 65977.5142771
0.333333694514 61666.8797682
0.334690251971 61727.6440463
0.387908706574 60528.0551114
0.388434214216 61085.3226803
0.389487366209 60961.1357093
0.389751100059 60486.2812026
0.400177216645 59419.8645058
0.402622582987 59215.7240628
0.436987544003 58526.4792891
0.437579539721 58558.6003457
0.438765938209 59295.8648236
0.439063040093 58114.6732744
0.5 47718.8632054
0.500338565347 47056.6358603
0.500677359946 46709.8483092
0.517212169187 46327.5402912
0.567854707079 46837.5120904
0.600265174554 45538.5452265
0.600671632528 44565.0902828
0.601078365726 44869.5556759
0.610923016486 44420.7578893
0.666667389029 41414.7417542
0.66711880998 41959.5714218
0.669833762027 41695.1632956
0.750507034813 40220.3978167
0.761251627494 40588.2011196
0.761767094336 41029.9320244
1 0.0
