0.00029397460514	0.0013020847442	0.00130296642574
0.00029397460514	0.00195048264237	0.00195180337403
0.00029397460514	0.00751680835568	0.00752189821733
0.00029397460514	0.00933480717836	0.00934112806281
0.00029397460514	0.0502937674198	0.0503278228734
0.00029397460514	0.0625423206683	0.0625846699933
0.00029397460514	0.0689455650244	0.0689922501826
0.00029397460514	0.0769361094947	0.0769882052959
0.00029397460514	0.0833334236286	0.0833898512475
0.00029397460514	0.0964534439808	0.0965187555682
0.000293974605141	0.117691818447	0.11777151119
0.000293974605141	0.125	0.125084641337
0.000293974605141	0.130445893885	0.130534222803
0.000293974605141	0.133302287015	0.133392550085
0.000293974605141	0.138264990829	0.138358614298
0.000293974605141	0.142831175424	0.142927890797
0.000293974605141	0.148751545455	0.148852269692
0.000293974605141	0.177856926162	0.177977358545
0.000293974605141	0.178580744796	0.178701667299
0.000293974605141	0.182491153911	0.182614724273
0.000293974605141	0.189029026076	0.189157023432
0.000293974605141	0.200088608322	0.20022409446
0.000293974605141	0.214391603893	0.214536775029
0.000293974605141	0.222072331805	0.222222703797
0.000293974605141	0.222222703797	0.222373177611
0.000293974605141	0.222373177611	0.222523753314
0.000293974605141	0.255647276645	0.255820383262
0.000293974605141	0.272626933166	0.272811537231
0.000293974605141	0.272811537231	0.272996266296
0.000293974605141	0.285855781594	0.286049343318
0.000293974605141	0.428493061982	0.428783207787
0.000293974605141	0.499323556445	0.499661663751
0.000293974605141	0.607212517757	0.60762367999
0.000293974605141	0.800354433289	0.800896377841
0.000293974605141	0.402350139359	0.402622582987
0.000293974605141	0.499661663751	0.5
0.000293974605141	0.5	0.500338565347
0.000293974605141	0.532487776276	0.532848340093
0.000293974605141	0.577546019803	0.577937093939
0.000293974605141	0.000981200736671	0.000981865137805
0.000293974605141	0.00114960309195	0.00115038152349
0.000293974605141	0.00115271998213	0.00115350052421
0.000293974605141	0.00154217231288	0.00154321656509
0.000293974605141	0.00195180337403	0.001953125
0.000293974605141	0.00262185694766	0.00262363228747
0.000293974605141	0.00282070877514	0.00282261876363
0.000293974605141	0.00289812580466	0.0029000882146
0.000293974605141	0.00343250268089	0.00343482693381
0.000293974605141	0.00371791869762	0.00372043621449
0.000293974605141	0.0037890573394	0.00379162302642
0.000293974605141	0.00427423756789	0.00427713178533
0.000293974605141	0.00638536309725	0.00638968682259
0.000293974605141	0.00638968682259	0.00639401347565
0.000293974605141	0.032655652883	0.0326777650279
0.000293974605141	0.0502597350106	0.0502937674198
0.000293974605141	0.0689922501826	0.0690389669528
0.000293974605141	0.0690389669528	0.0690857153564
0.000293974605141	0.0800167205833	0.0800709023607
0.000293974605141	0.107195801947	0.107268387514
0.000293974605141	0.111111351899	0.111186588805
0.000293974605141	0.124915415938	0.125
0.000293974605141	0.130799568582	0.130888136985
0.000293974605141	0.157028851733	0.157135180789
0.000293974605141	0.166666847257	0.166779702495
0.000587949210281	0.00565288524283	0.00566054331891
0.000587949210281	0.0416667118143	0.0417231585376
0.000587949210281	0.0613681036145	0.0614512402052
0.000587949210281	0.157561217484	0.157774668799
0.000587949210281	0.166779702495	0.167005642276
0.000587949210281	0.184978523842	0.185229117928
0.000587949210281	0.556063024228	0.556816333868
0.000587949210281	0.105183226503	0.105325720313
0.000587949210281	0.130269415317	0.130445893885
0.000587949210281	0.153664047248	0.153872218989
0.000587949210281	0.188773291144	0.189029026076
0.000587949210281	0.214101556256	0.214391603893
0.000587949210281	0.00134873283329	0.00135055998848
0.000587949210281	0.00154008592784	0.00154217231288
0.000587949210281	0.0026183098712	0.00262185694766
0.000587949210281	0.00344180913977	0.00344647182708
0.000587949210281	0.00932217823806	0.00933480717836
0.000587949210281	0.0326777650279	0.0327220342462
0.000881923815422	0.00115038152349	0.00115271998213
0.000881923815422	0.00115897913765	0.00116133507324
0.000881923815422	0.00214581614779	0.00215017809399
0.000881923815422	0.00343482693381	0.00344180913977
0.000881923815422	0.00368784104181	0.00369533756673
0.000881923815422	0.00431201563641	0.00432078096342
0.000881923815422	0.00432078096342	0.0043295641083
0.000881923815422	0.00481502102329	0.0048248088435
0.000881923815422	0.00496058699432	0.00497067071636
0.000881923815422	0.0579760784767	0.0580939303884
0.000881923815422	0.0926145589638	0.092802822867
0.000881923815422	0.121908209474	0.12215602057
0.000881923815422	0.130534222803	0.130799568582
0.000881923815422	0.0525916132516	0.0526985197953
0.000881923815422	0.0586073965794	0.0587265318143
0.000881923815422	0.0612436095704	0.0613681036145
0.000881923815422	0.0772492139146	0.0774062436375
0.000881923815422	0.0896537545655	0.0898359998406
0.000881923815422	0.10348826314	0.10369863076
0.000881923815422	0.234429586317	0.234906127257
0.000881923815422	0.287213469165	0.287797307488
0.000881923815422	0.307536195782	0.308161345491
0.000881923815422	0.750507034813	0.752032641428
0.000881923815422	0.255820383262	0.256340406727
0.000881923815422	0.0018414259046	0.00184516909608
0.000881923815422	0.00750155942642	0.00751680835568
0.00117589842056	0.00281308173681	0.00282070877514
0.00117589842056	0.04829205569	0.0484229887357
0.00117589842056	0.159708790263	0.160141804721
0.00117589842056	0.222523753314	0.223127076415
0.00117589842056	0.0540716287771	0.0542182318351
0.00117589842056	0.0580939303884	0.0582514390124
0.00117589842056	0.157135180789	0.157561217484
0.00117589842056	0.333333694514	0.334237453844
0.00117589842056	0.00553924954813	0.00555426797722
0.0014698730257	0.119943733239	0.120350371477
0.0014698730257	0.00387727240307	0.00389041729339
0.0014698730257	0.0356112419842	0.0357319726993
0.0014698730257	0.0769882052959	0.0772492139146
0.0014698730257	0.1759410537	0.176537536384
0.0014698730257	0.177977358545	0.178580744796
0.0014698730257	0.291720009238	0.292709010558
0.0014698730257	0.332207431051	0.333333694514
0.0014698730257	0.747971231605	0.750507034813
0.00176384763084	0.00473422421593	0.00475349093653
0.00176384763084	0.0909372776112	0.0913073621363
0.00176384763084	0.29429839154	0.295496088275
0.00176384763084	0.355713852323	0.357161489591
0.00176384763084	0.363749110445	0.365229448545
0.00176384763084	0.500338565347	0.502374777175
0.00176384763084	0.00130296642574	0.00130826906646
0.00176384763084	0.00143636749437	0.00144221303314
0.00176384763084	0.00425691334404	0.00427423756789
0.00176384763084	0.00506920970515	0.00508983970547
0.00176384763084	0.0526985197953	0.0529129852728
0.00176384763084	0.0554805153915	0.0557063026674
0.00176384763084	0.0934331375055	0.0938133793517
0.00176384763084	0.0965187555682	0.0969115548553
0.00176384763084	0.230808078394	0.231747390635
0.00176384763084	0.286049343318	0.287213469165
0.00205782223598	0.158953830406	0.159708790263
0.00205782223598	0.20810038835	0.209088772455
0.00205782223598	0.666667389029	0.669833762027
0.00205782223598	0.0009765625	0.000981200736671
0.00205782223598	0.00115350052421	0.00115897913765
0.00205782223598	0.0030141701244	0.00302848608923
0.00205782223598	0.00609398457019	0.00612292828112
0.00205782223598	0.0663809948992	0.0666962750423
0.00235179684112	0.105325720313	0.105897628558
0.00235179684112	0.149863270884	0.150677013626
0.00235179684112	0.212945284419	0.214101556256
0.00235179684112	0.292709010558	0.29429839154
0.00235179684112	0.375253517407	0.377291106898
0.00235179684112	0.400177216645	0.402350139359
0.00235179684112	0.20697652628	0.20810038835
0.00264577144627	0.187626758703	0.188773291144
0.00264577144627	0.0582514390124	0.0586073965794
0.00264577144627	0.0938133793517	0.0943866455718
0.00264577144627	0.11921524363	0.119943733239
0.00264577144627	0.305668345606	0.307536195782
0.00264577144627	0.00369533756673	0.00371791869762
0.00293974605141	0.00213134013461	0.00214581614779
0.00293974605141	0.00497067071636	0.00500443139754
0.00293974605141	0.0714639453986	0.0719493268721
0.00293974605141	0.0800709023607	0.0806147420879
0.00293974605141	0.092802822867	0.0934331375055
0.00293974605141	0.148852269692	0.149863270884
0.00293974605141	0.153872218989	0.154917315562
0.00293974605141	0.00165353078978	0.00166476153287
0.00323372065655	0.0587265318143	0.0591654366914
0.00323372065655	0.157774668799	0.158953830406
0.00323372065655	0.176537536384	0.177856926162
0.00323372065655	0.295496088275	0.297704539384
0.00352769526169	0.00154321656509	0.00155580288217
0.00352769526169	0.111186588805	0.112093415296
0.00352769526169	0.116739701336	0.117691818447
0.00352769526169	0.297704539384	0.300132587277
0.00352769526169	0.396939815947	0.400177216645
0.00352769526169	0.00427713178533	0.00431201563641
0.00352769526169	0.00585144158681	0.00589916534824
0.00352769526169	0.00752189821733	0.00758324605285
0.00352769526169	0.0862604917038	0.0869640234857
0.00382166986683	0.0367872989425	0.0371124453758
0.00411564447197	0.0399271975658	0.040307371044
0.00411564447197	0.0497856922294	0.0502597350106
0.00411564447197	0.0043295641083	0.00437078877585
0.00440961907711	0.00171625134045	0.00173376610598
0.00440961907711	0.0943866455718	0.0953498844215
0.00440961907711	0.571711563189	0.577546019803
0.00440961907711	0.247474462461	0.25
0.00470359368225	0.000981865137805	0.000992556948155
0.00470359368225	0.00521892632111	0.0052757567027
0.00470359368225	0.125084641337	0.126446723777
0.00499756828739	0.231747390635	0.234429586317
0.00499756828739	0.600265174554	0.607212517757
0.00499756828739	0.0953498844215	0.0964534439808
0.00529154289253	0.105897628558	0.107195801947
0.00529154289253	0.11777151119	0.11921524363
0.00529154289253	0.00741071328655	0.00750155942642
0.00529154289253	0.0898359998406	0.0909372776112
0.00558551749767	0.00620638431374	0.00628672092748
0.00558551749767	0.11524791056	0.116739701336
0.00558551749767	0.182614724273	0.184978523842
0.00558551749767	0.185229117928	0.187626758703
0.00558551749767	0.120350371477	0.121908209474
0.00558551749767	0.00475349093653	0.00481502102329
0.00558551749767	0.00500443139754	0.00506920970515
0.00587949210281	0.00612292828112	0.00620638431374
0.00587949210281	0.00758324605285	0.00768660634075
0.00587949210281	0.154917315562	0.157028851733
0.00587949210281	0.160141804721	0.162324551124
0.00587949210281	0.287797307488	0.291720009238
0.00587949210281	0.0774062436375	0.078461297314
0.00617346670795	0.10369863076	0.105183226503
0.00617346670795	0.0913073621363	0.0926145589638
0.00646744131309	0.00262363228747	0.00266299535052
0.00646744131309	0.189157023432	0.191994997287
0.00676141591823	0.00344647182708	0.00350054889889
0.00676141591823	0.0065784030809	0.00668162190689
0.00676141591823	0.00628672092748	0.00638536309725
0.00705539052337	0.00302848608923	0.0030780875881
0.00705539052337	0.136036935067	0.138264990829
0.00705539052337	0.223127076415	0.226781521938
0.00764333973366	0.00555426797722	0.00565288524283
0.00764333973366	0.226781521938	0.230808078394
0.00764333973366	0.142927890797	0.145465607347
0.00764333973366	0.0614512402052	0.0625423206683
0.0079373143388	0.00372043621449	0.0037890573394
0.0079373143388	0.209088772455	0.212945284419
0.0079373143388	0.300132587277	0.305668345606
0.0079373143388	0.0041798191868	0.00425691334404
0.0079373143388	0.130888136985	0.133302287015
0.0079373143388	0.357161489591	0.363749110445
0.00852526354908	0.078461297314	0.0800167205833
0.00852526354908	0.150677013626	0.153664047248
0.00852526354908	0.242663873691	0.247474462461
0.00852526354908	0.133392550085	0.136036935067
0.00852526354908	0.00121357296105	0.00123763093214
0.00881923815422	0.272996266296	0.278596685649
0.00881923815422	0.0625846699933	0.0638685717909
0.00881923815422	0.00266299535052	0.00271762573393
0.00881923815422	0.00389041729339	0.00397022779262
0.00911321275936	0.00321654271426	0.00328475162208
0.00911321275936	0.178701667299	0.182491153911
0.0094071873645	0.00397022779262	0.00405716446079
0.0094071873645	0.0529129852728	0.0540716287771
0.0094071873645	0.669833762027	0.684501211487
0.0094071873645	0.266785100169	0.272626933166
0.00970116196964	0.12215602057	0.124915415938
0.00970116196964	0.145465607347	0.148751545455
0.00970116196964	0.25	0.255647276645
0.00970116196964	0.00379162302642	0.00387727240307
0.00999513657478	0.0542182318351	0.0554805153915
0.0102891111799	0.00179831239293	0.0018414259046
0.0102891111799	0.171821726034	0.1759410537
0.0108770603902	0.00508983970547	0.00521892632111
0.0111710349953	0.278596685649	0.285855781594
0.0114650096005	0.162324551124	0.166666847257
0.0114650096005	0.556816333868	0.571711563189
0.0114650096005	0.00282261876363	0.00289812580466
0.0117589842056	0.0456536810681	0.0469066896758
0.0117589842056	0.365229448545	0.375253517407
0.0120529588108	0.112093415296	0.11524791056
0.0120529588108	0.0484229887357	0.0497856922294
0.0120529588108	0.0048248088435	0.00496058699432
0.0123469334159	0.00639401347565	0.0065784030809
0.0123469334159	0.167005642276	0.171821726034
0.012640908021	0.0357319726993	0.0367872989425
0.012640908021	0.0469066896758	0.04829205569
0.012640908021	0.0719493268721	0.0740743148617
0.0129348826262	0.126446723777	0.130269415317
0.0129348826262	0.00405716446079	0.0041798191868
0.0129348826262	0.0327220342462	0.0337112749299
0.0132288572313	0.00166476153287	0.00171625134045
0.0132288572313	0.00718838209756	0.00741071328655
0.0132288572313	0.0869640234857	0.0896537545655
0.0132288572313	0.00130826906646	0.00134873283329
0.0138168064416	0.0969115548553	0.100044304161
0.0138168064416	0.138358614298	0.142831175424
0.0141107810467	0.00589916534824	0.00609398457019
0.0141107810467	0.234906127257	0.242663873691
0.0141107810467	0.0441941738242	0.0456536810681
0.0144047556519	0.00244859837614	0.00253117581834
0.0144047556519	0.20022409446	0.20697652628
0.0144047556519	0.00566054331891	0.00585144158681
0.0144047556519	0.040307371044	0.0416667118143
0.0144047556519	0.0666962750423	0.0689455650244
0.0144047556519	0.0806147420879	0.0833334236286
0.014698730257	0.0690857153564	0.0714639453986
0.014698730257	0.0833898512475	0.0862604917038
0.014698730257	0.100044304161	0.10348826314
0.014698730257	0.00253117581834	0.0026183098712
0.0149927048622	0.00271762573393	0.00281308173681
0.0149927048622	0.0591654366914	0.0612436095704
0.0149927048622	0.214536775029	0.222072331805
0.0149927048622	0.00668162190689	0.00691631239869
0.0152866794673	0.107268387514	0.111111351899
0.0158746286776	0.428783207787	0.444746355221
0.0158746286776	0.00173376610598	0.00179831239293
0.0164625778879	0.00437078877585	0.00453965027507
0.0164625778879	0.0740743148617	0.0769361094947
0.0164625778879	0.577937093939	0.600265174554
0.016756552493	0.0029000882146	0.0030141701244
0.016756552493	0.00691631239869	0.00718838209756
0.016756552493	0.0638685717909	0.0663809948992
0.0173445017033	0.256340406727	0.266785100169
0.0173445017033	0.0557063026674	0.0579760784767
0.0179324509136	0.191994997287	0.200088608322
0.0182264255187	0.00453965027507	0.00473422421593
0.0185204001239	0.532848340093	0.556063024228
0.0185204001239	0.00234637356456	0.00244859837614
0.0191083493341	0.00110011876817	0.00114960309195
0.0191083493341	0.00116133507324	0.00121357296105
0.0191083493341	0.0030780875881	0.00321654271426
0.0191083493341	0.00328475162208	0.00343250268089
0.0191083493341	0.0503278228734	0.0525916132516
0.0211661715701	0.000992556948155	0.00104212929754
0.0211661715701	0.0052757567027	0.00553924954813
0.0220480953855	0.377291106898	0.396939815947
0.0220480953855	0.00123763093214	0.0013020847442
0.0226360445958	0.00350054889889	0.00368784104181
0.0235179684112	0.00104212929754	0.00110011876817
0.0238119430164	0.0337112749299	0.0356112419842
0.0241059176215	0.00184516909608	0.00195048264237
0.024987841437	0.0417231585376	0.0441941738242
0.0252818160421	0.502374777175	0.532487776276
0.0264577144627	0.00155580288217	0.00165353078978
0.0267516890678	0.00135055998848	0.00143636749437
0.0270456636729	0.752032641428	0.800354433289
0.0270456636729	0.334237453844	0.355713852323
0.0270456636729	0.402622582987	0.428493061982
0.0285155366986	0.00144221303314	0.00154008592784
0.0305733589346	0.00934112806281	0.0100224220006
0.0317492573552	0.0371124453758	0.0399271975658
0.0326311811706	0.308161345491	0.332207431051
0.0341010541963	0.924483034755	1
0.0379227240631	0.001953125	0.00213134013461
0.0379227240631	0.00215017809399	0.00234637356456
0.0385106732734	0.684501211487	0.747971231605
0.0390986224837	0.00768660634075	0.00841072168735
0.0402745209043	0.60762367999	0.666667389029
0.0446841399814	0.00841072168735	0.00932217823806
0.050269657479	0.444746355221	0.499323556445
0.0623226162898	0.800896377841	0.924483034755
0.0943658482501	0.0262780129767	0.032655652883
0.41861983772	0.0100224220006	0.0262780129767
