0 176.724550507
0.0009765625 2390.81264419
0.000998622174393 2326.21926052
0.00100744854783 2320.69890849
0.001207836277 2760.20174389
0.00121111105337 2573.25198126
0.0012127517696 2547.00131859
0.00148079324811 3211.94341389
0.00148179593867 3363.95257461
0.00162138825447 3352.12215902
0.00162468416048 3283.9992018
0.00176693997985 3319.30342558
0.00217801040637 3815.04804573
0.0021809610004 3803.4907203
0.00220769687324 3666.42729835
0.00220919177255 3971.08959616
0.00248533535818 4325.36805677
0.00250391002582 4175.77491411
0.00250560550015 4019.54167039
0.00290401702179 4316.34430862
0.00291583540682 4293.14755008
0.00328475162208 4516.08490483
0.00390889504177 4795.41482555
0.00405167557529 4790.97278491
0.00405716446079 4938.09623118
0.00407919446261 4871.22258435
0.00432370669683 4952.41838202
0.00552801238196 5143.96150874
0.0061561751762 5315.90047201
0.00714472277893 5419.41303185
0.00904250057526 5622.93060329
0.0105372383989 5784.15798117
0.0105801214604 5802.53367805
0.012866170857 6025.21448072
0.0129010545851 5984.52919053
0.0129185319004 6007.23865351
0.0131212308958 6013.30947593
0.0155933024352 6196.57477076
0.015625 6247.40870923
0.0185813611719 6334.03909253
0.0198423479773 6458.27712805
0.0198557838401 6344.64235565
0.0199230997451 6397.06311408
0.0199365902874 6299.02558583
0.0211459243665 6449.46375274
0.0211602429209 6473.11794839
0.02408073834 6477.39223465
0.024097044147 6600.17008772
0.0265821491861 6605.17874411
0.0266722690949 6694.71672475
0.0300468877528 6655.83250897
0.0326335557009 6726.70581765
0.0335973717216 6797.76499346
0.0336201215332 6828.14747179
0.0460260278397 6902.93061107
0.048587154368 6921.99756169
0.048917157203 6877.39351712
0.051569299185 6968.82971109
0.058448925466 7037.49957944
0.058528107388 6963.26757899
0.0666962750423 7050.33782437
0.07402419081 7109.18003336
0.0833334236286 7116.35224319
0.0833898512475 7128.36735435
0.0997062757941 7062.42609277
0.100044304161 7124.54623195
0.10011204723 7095.09634161
0.111186588805 7092.6229796
0.111261876657 7082.04388167
0.114936286673 7097.15372489
0.115873695318 7084.06141044
0.128953414122 7145.48581983
0.129040732437 6995.79357457
0.129128109878 7145.44026164
0.133573259626 7100.24940022
0.133754213978 7000.74558643
0.166666847257 6953.52097248
0.16689263415 7056.54365868
0.184603268242 7026.81576082
0.244808670817 6875.47120933
0.245638631364 6898.39140156
0.245971402904 6873.53014077
0.24881822432 6970.70622718
0.25 6651.8395707
0.261068445607 6638.10090267
0.272626933166 6674.89945865
0.331982635419 6608.12304289
0.333333694514 6402.37902361
0.33355940499 6473.2735396
0.5 5130.05300803
0.65948605671 4995.79847766
0.662169945985 5075.22596592
0.676211696033 4824.34650545
0.676669579727 5087.01637587
0.677127773468 4858.26125786
1 0.0
