0 860.698876223
0.0009765625 2859.10277196
0.00116133507324 3195.26844791
0.00117159959301 3083.79089811
0.00117239291905 3043.66443442
0.00160827135713 3452.4859606
0.00161263182313 3380.14753377
0.00161372378564 3203.47802015
0.00271946592173 3533.93945719
0.00272130735557 3755.40627076
0.00272499396478 3809.78443452
0.00353866737719 3943.41335792
0.00354346128027 3919.95514073
0.00435602081275 4037.29452485
0.00436487559206 4179.96249997
0.00553175556882 4344.45576929
0.00576885213258 4279.98298065
0.00779665121762 4536.70805091
0.0078125 4390.03250841
0.0120485220735 4651.30915414
0.0121797218769 4668.94630383
0.0122541486076 4646.76227877
0.0122790584476 4662.44835631
0.0123123503524 4616.49866924
0.0125140059038 4719.60947901
0.0125479348158 4715.02471382
0.0125819557184 4658.62369277
0.014097298186 4744.58524037
0.0141738451211 4701.5555787
0.015625 4804.98219461
0.017829742621 4801.95009451
0.017841815687 4836.61279498
0.0178901897567 4877.1537077
0.0183812029945 4865.43180867
0.0221420051612 4965.96360148
0.0238374711054 5023.86523879
0.024097044147 4988.59713414
0.0277590414756 4992.51983426
0.0277778379746 5068.09621092
0.0278154691643 5058.69431659
0.0299251025218 5123.56467759
0.0355389994467 5143.456601
0.0414136450987 5148.51792467
0.0498194036497 5235.69552549
0.0498868949869 5210.16749205
0.0499206749346 5204.6573685
0.0503278228734 5230.33432757
0.0564273755971 5263.90071785
0.0566953804844 5259.10076721
0.0666962750423 5285.12077717
0.0672857734988 5311.18474062
0.0833334236286 5342.29217179
0.0835593634609 5365.00399725
0.096388176588 5359.41580588
0.100655645747 5368.08314829
0.10348826314 5377.30662195
0.103628460749 5367.78165829
0.122404335408 5358.49768915
0.122653155013 5359.60068922
0.123235702839 5358.64851521
0.125 5338.07123547
0.166441365828 5351.81840204
0.166554068385 5347.02327461
0.166666847257 5261.27546801
0.166779702495 5255.73456615
0.169281943367 5232.11336579
0.249492838964 5232.19453127
0.249830831876 5230.55660866
0.25 5051.09987429
0.324429421129 5008.99692779
0.324649102248 5021.5020275
0.333333694514 4814.32895753
0.33355940499 4822.1422987
0.338563886734 4844.7336333
0.5 3801.73647999
0.978572062088 3672.66517974
0.989228013194 3672.66517974
0.994599423484 3754.80146172
0.999323327503 3719.60019801
1 0.0
