17	1279
17	7404
17	9541
34	9127
34	9316
36	8760
36	9838
37	5856
54	7999
54	8210
54	9079
54	9647
54	9952
63	1213
63	8244
63	8826
63	9616
104	411
104	3829
104	5515
104	5522
104	7497
104	8758
104	9288
107	4336
107	9463
138	9436
157	1213
159	5299
159	9231
159	9461
159	9728
200	1965
200	7162
200	9433
200	9991
212	8290
212	9345
212	9493
234	9415
240	6712
240	7259
240	9905
246	7618
246	7832
288	1725
288	6096
288	7625
288	8748
291	3485
291	8495
291	9892
291	9917
334	8025
349	4336
360	3552
365	3968
365	4104
384	5564
388	9630
390	7288
390	9125
411	104
420	1228
434	3177
434	9403
434	9619
460	7807
460	7828
460	9331
506	3177
506	7904
506	9697
515	9881
588	1957
588	4926
588	9273
588	9629
590	4316
590	7324
590	7755
590	7800
590	8620
590	8766
590	9987
596	7636
596	9951
621	4896
621	9583
621	9669
633	7464
633	8183
633	8632
633	9016
633	9996
726	9951
776	9231
776	9461
792	1410
792	7833
792	9125
792	9146
836	6156
860	3982
860	5356
860	6313
860	7127
860	9050
860	9495
860	9955
869	2964
869	3677
869	4386
869	7341
869	8244
869	9570
869	9616
901	6824
901	9912
902	2946
902	5914
902	7762
902	8163
902	9113
902	9236
902	9798
936	3552
936	9834
948	3068
1042	7999
1043	6489
1043	7636
1043	9987
1054	3554
1054	3866
1054	7485
1054	8682
1054	9149
1054	9888
1054	9972
1055	2283
1055	3963
1055	5856
1055	6712
1055	9365
1055	9384
1055	9905
1063	2572
1063	4635
1063	9560
1063	9984
1090	8737
1146	9127
1146	9316
1146	9664
1157	4089
1157	9785
1211	6655
1211	8682
1211	9149
1213	63
1213	157
1213	4386
1213	6653
1213	7212
1213	8244
1213	9570
1228	420
1228	6790
1228	9325
1228	9423
1249	9881
1273	7999
1273	9932
1273	9949
1279	17
1279	1957
1279	2538
1336	8637
1338	8306
1371	7077
1371	9137
1371	9247
1381	4547
1381	9182
1384	5450
1399	7025
1399	7558
1399	7637
1399	9415
1399	9481
1404	6636
1404	7492
1404	8810
1410	792
1410	1725
1410	4104
1410	6127
1410	8052
1410	9630
1410	9781
1447	7828
1447	9819
1470	2794
1470	6646
1470	7726
1483	5716
1483	5971
1483	9711
1483	9728
1488	5181
1504	8612
1504	9127
1555	3968
1555	7620
1560	3866
1560	8339
1574	8946
1632	4640
1632	5720
1632	5900
1632	6838
1632	7810
1632	7847
1632	8296
1652	7325
1688	6418
1688	9215
1708	4034
1716	4635
1716	7323
1716	8445
1716	8545
1716	9146
1723	8826
1723	9570
1723	9616
1725	288
1725	1410
1725	1809
1725	6096
1725	7732
1725	7845
1725	8052
1725	9375
1793	9355
1793	9801
1793	9850
1798	3785
1798	9486
1798	9801
1800	7669
1800	9615
1809	1725
1809	2905
1809	8612
1809	9127
1809	9316
1809	9888
1811	6216
1811	7531
1811	7542
1811	8169
1839	8210
1839	8457
1839	8894
1839	9137
1839	9247
1839	9630
1865	6530
1865	7175
1865	7483
1865	7507
1865	8021
1865	8339
1865	9414
1865	9881
1880	3963
1880	7522
1880	9620
1883	7146
1883	9342
1883	9560
1883	9833
1913	9868
1914	4336
1914	5940
1914	8445
1924	8163
1954	4127
1955	2224
1957	588
1957	1279
1957	6166
1965	200
1965	9991
1978	8990
1978	9355
2000	7156
2000	7259
2000	7342
2000	9220
2001	5347
2001	5485
2001	7881
2001	8875
2001	9191
2001	9355
2037	8786
2041	6121
2041	8890
2041	9067
2041	9190
2042	9146
2044	8021
2044	8485
2044	9484
2044	9627
2074	7483
2074	9146
2085	9544
2174	3968
2174	8052
2177	9833
2188	3949
2188	7497
2188	9728
2216	5429
2216	7299
2216	9850
2224	1955
2224	2436
2224	5340
2224	5607
2224	9475
2234	4538
2234	9620
2261	6856
2261	9598
2265	9067
2265	9484
2265	9657
2277	6638
2277	9834
2283	1055
2283	9000
2297	5450
2297	7370
2330	9821
2330	9881
2364	4070
2364	8259
2366	3457
2366	9834
2383	7573
2383	7618
2383	8765
2383	9431
2413	9709
2436	2224
2436	3888
2436	4805
2436	6580
2436	7303
2436	7587
2436	8018
2436	9871
2462	7323
2462	7711
2462	7847
2462	8545
2462	9868
2526	8890
2526	9583
2526	9984
2538	1279
2538	8956
2542	3201
2542	5314
2542	7833
2542	8545
2542	9125
2542	9461
2543	5333
2543	9550
2552	8803
2552	9819
2572	1063
2574	8748
2574	9414
2574	9484
2621	7806
2621	9709
2679	7863
2679	9871
2680	9273
2693	6996
2693	8306
2738	4538
2738	8021
2761	3777
2761	5328
2761	8752
2761	8815
2761	8956
2761	9729
2794	1470
2794	3866
2794	4235
2794	6636
2794	6718
2794	7093
2794	8025
2794	8682
2794	9966
2803	8277
2905	1809
2905	7025
2905	7076
2905	7637
2905	8067
2905	9315
2905	9431
2905	9951
2912	5743
2912	8408
2912	9153
2929	5856
2946	902
2946	9587
2964	869
2983	5939
2983	8210
2983	9077
2994	3177
2994	9188
2994	9461
2994	9738
2998	8159
2998	8396
3012	5314
3012	8826
3012	9410
3012	9570
3012	9616
3015	5421
3015	5922
3015	8894
3015	9247
3015	9659
3021	3254
3021	4814
3021	8498
3021	9227
3021	9953
3031	5271
3031	7524
3031	9878
3052	8752
3068	948
3068	6068
3068	6629
3068	8826
3068	9570
3068	9616
3082	4336
3082	8457
3082	9333
3082	9355
3082	9781
3087	8244
3087	8306
3087	8495
3087	8826
3087	9616
3120	3619
3120	3949
3142	8612
3142	9316
3153	8156
3153	9125
3173	7370
3177	434
3177	506
3177	2994
3177	7845
3177	9103
3177	9432
3177	9697
3191	6274
3191	7262
3191	8768
3191	9199
3191	9908
3195	3997
3201	2542
3201	6081
3201	6561
3201	6848
3201	6949
3201	7930
3201	9420
3201	9860
3229	8306
3229	8777
3254	3021
3254	9991
3267	7060
3302	7457
3302	8067
3352	9595
3352	9819
3378	6799
3378	7711
3378	9146
3378	9423
3390	4346
3390	8021
3390	9414
3390	9630
3427	4336
3457	2366
3457	5148
3457	5438
3457	5738
3457	7832
3457	8245
3457	9882
3473	8277
3476	7324
3476	7332
3476	9326
3476	9345
3476	9493
3476	9630
3476	9762
3485	291
3485	3552
3485	8252
3485	8894
3485	9137
3485	9247
3485	9659
3493	7509
3493	9748
3524	9944
3552	360
3552	936
3552	3485
3552	8895
3552	9446
3552	9565
3554	1054
3554	6655
3554	9729
3555	5042
3555	8620
3555	9729
3555	9769
3582	8835
3590	3866
3590	4069
3619	3120
3619	5702
3619	6371
3619	9850
3625	6638
3629	7664
3656	8890
3656	9669
3656	9984
3677	869
3677	7332
3677	9431
3700	4750
3700	4785
3708	9785
3708	9955
3719	6418
3719	8618
3735	6799
3735	6824
3735	9125
3735	9146
3762	9888
3777	2761
3777	4788
3777	6917
3777	7531
3777	7807
3777	8113
3777	8752
3777	8907
3777	9125
3785	1798
3785	6646
3785	8948
3785	9254
3796	4034
3796	5271
3829	104
3829	7497
3829	7667
3832	4974
3832	9000
3834	9529
3840	8339
3840	8676
3866	1054
3866	1560
3866	2794
3866	3590
3866	7867
3888	2436
3888	6534
3888	7573
3888	8765
3888	8768
3888	8946
3888	9431
3892	7342
3892	8445
3892	9960
3947	9436
3949	2188
3949	3120
3949	6511
3949	8163
3949	9102
3949	9537
3949	9728
3963	1055
3963	1880
3963	4543
3963	4635
3963	5314
3963	7154
3963	7833
3963	8545
3963	8620
3963	9125
3968	365
3968	1555
3968	2174
3968	5004
3968	5146
3968	6127
3968	7346
3968	8052
3982	860
3989	8681
3995	8765
3995	9215
3995	9249
3995	9673
3997	3195
3997	5769
3997	9619
3997	9711
3997	9868
4007	5743
4007	9406
4013	8021
4013	9103
4027	8737
4027	9182
4027	9833
4034	1708
4034	3796
4034	7005
4034	7859
4034	9875
4037	9664
4037	9740
4037	9960
4058	7964
4058	9850
4067	9627
4069	3590
4069	6134
4070	2364
4070	9227
4076	8894
4076	9244
4076	9281
4076	9833
4080	7448
4080	9571
4089	1157
4089	9188
4089	9323
4089	9726
4104	365
4104	1410
4104	6127
4104	8052
4120	8204
4120	9525
4127	1954
4127	7916
4127	9126
4127	9281
4127	9323
4127	9580
4127	9596
4127	9726
4198	6561
4198	8676
4228	5828
4232	8461
4235	2794
4235	4394
4235	5100
4235	9149
4235	9949
4276	6266
4276	6626
4276	9191
4276	9355
4293	8577
4297	6435
4297	8163
4316	590
4316	7212
4329	8359
4329	8737
4331	5436
4331	7485
4331	9481
4336	107
4336	349
4336	1914
4336	3082
4336	3427
4336	5655
4336	6078
4336	8078
4336	9165
4336	9543
4346	3390
4346	6151
4346	9484
4352	4541
4352	8851
4354	6098
4354	8025
4354	9065
4354	9679
4357	9188
4357	9304
4357	9853
4372	4785
4372	5252
4382	4584
4382	6655
4382	8028
4386	869
4386	1213
4386	7441
4386	7489
4386	8826
4386	9414
4386	9570
4386	9616
4388	8277
4391	6166
4391	8290
4391	9970
4391	9979
4394	4235
4394	8210
4405	5693
4405	5828
4407	5077
4407	6308
4407	7502
4407	8765
4428	6824
4432	7279
4432	8895
4432	9544
4504	8429
4504	9433
4504	9991
4538	2234
4538	2738
4538	5098
4538	5870
4538	6227
4538	7379
4538	7674
4538	8471
4538	8916
4538	9050
4538	9620
4541	4352
4541	5364
4541	6486
4541	8632
4541	8851
4541	9016
4543	3963
4543	7009
4543	9487
4547	1381
4547	5629
4547	6433
4547	9334
4553	6712
4553	8979
4553	9128
4553	9912
4581	9254
4584	4382
4584	7832
4584	9833
4586	4788
4586	4961
4586	6704
4586	7774
4586	7790
4586	8070
4586	8881
4586	9118
4586	9544
4587	5429
4587	5461
4587	7212
4587	7376
4587	9220
4625	5181
4625	9616
4625	9781
4635	1063
4635	1716
4635	3963
4635	7323
4635	7711
4635	7833
4635	8169
4635	9146
4635	9348
4640	1632
4640	9542
4640	9998
4665	5620
4665	8470
4665	8955
4665	9127
4665	9227
4676	7618
4676	7641
4676	8461
4676	8765
4676	8946
4676	9316
4676	9431
4676	9556
4678	5429
4678	7625
4678	9526
4678	9587
4692	9125
4692	9325
4745	9415
4745	9960
4750	3700
4750	7522
4750	7669
4776	9729
4776	9838
4785	3700
4785	4372
4785	4950
4785	7669
4785	8461
4785	9615
4788	3777
4788	4586
4788	8786
4805	2436
4805	6646
4814	3021
4814	8956
4814	9227
4814	9953
4831	7457
4870	5245
4870	7301
4870	9079
4870	9949
4870	9952
4896	621
4896	5766
4896	8890
4896	9090
4896	9583
4896	9984
4926	588
4926	7984
4926	8760
4950	4785
4950	5161
4950	5550
4950	6604
4950	8392
4950	9615
4961	4586
4961	9325
4971	7489
4971	9375
4971	9757
4974	3832
4974	6418
4974	7854
4974	7910
4974	8156
4974	9587
5004	3968
5004	5522
5004	7299
5004	7342
5018	9433
5018	9991
5041	5450
5041	8760
5042	3555
5042	8875
5077	4407
5077	9551
5098	4538
5100	4235
5100	5435
5118	7558
5118	7711
5118	9627
5146	3968
5146	8339
5146	8637
5148	3457
5148	9882
5158	8322
5158	9140
5158	9919
5161	4950
5161	9537
5161	9593
5161	9596
5181	1488
5181	4625
5181	5469
5181	8141
5181	8758
5181	9342
5181	9537
5181	9728
5181	9961
5210	7264
5210	8441
5210	9000
5210	9086
5210	9254
5210	9348
5211	8277
5214	8025
5219	7175
5219	8748
5219	9414
5219	9484
5219	9657
5235	5627
5235	6259
5235	7457
5235	9102
5235	9758
5245	4870
5245	5249
5245	6970
5245	7376
5245	7558
5245	8461
5245	8765
5245	9431
5249	5245
5249	5455
5249	7025
5249	7076
5249	7573
5249	8485
5249	8946
5249	9431
5252	4372
5252	8640
5252	9305
5253	5450
5253	7984
5253	8414
5253	8760
5265	7370
5265	9326
5265	9384
5265	9493
5271	3031
5271	3796
5271	7939
5271	8002
5271	8067
5271	9331
5271	9589
5271	9723
5280	8096
5280	9881
5299	159
5299	7264
5299	8455
5299	9955
5314	2542
5314	3012
5314	3963
5314	6086
5314	6638
5314	6751
5314	6824
5314	8737
5314	9065
5314	9083
5314	9125
5314	9146
5317	6580
5317	7863
5317	8028
5317	9871
5328	2761
5328	5940
5328	6017
5328	8752
5333	2543
5333	9762
5333	9888
5340	2224
5344	6996
5344	8429
5344	8856
5344	9991
5347	2001
5347	9740
5350	6290
5350	7531
5350	8420
5350	8455
5350	8484
5350	8936
5350	9748
5352	9529
5352	9726
5356	860
5356	7264
5356	9620
5364	4541
5364	7989
5364	8542
5396	9785
5421	3015
5421	6655
5421	7904
5421	8682
5421	9149
5425	8946
5429	2216
5429	4587
5429	4678
5429	5710
5429	6431
5429	9342
5429	9758
5429	9781
5435	5100
5435	6655
5435	8028
5435	8632
5436	4331
5436	7037
5436	8936
5436	9881
5438	3457
5438	8470
5438	9882
5450	1384
5450	2297
5450	5041
5450	5253
5450	6571
5450	7984
5450	7989
5450	8414
5450	8477
5450	8760
5450	9598
5450	9932
5453	6919
5453	8457
5455	5249
5455	8792
5455	8815
5455	8907
5455	8955
5461	4587
5461	8028
5469	5181
5470	6156
5470	7457
5474	6917
5474	8278
5474	8752
5474	8907
5485	2001
5485	6090
5485	8542
5513	7519
5513	8343
5513	9016
5515	104
5515	8498
5515	9153
5522	104
5522	5004
5522	6940
5522	7265
5522	7448
5522	8734
5522	9712
5546	9878
5546	9944
5550	4950
5550	8136
5550	8979
5550	9435
5551	5700
5551	9487
5564	384
5564	7519
5564	7637
5564	8043
5594	9384
5594	9435
5607	2224
5607	6700
5607	6856
5607	9695
5620	4665
5620	8955
5627	5235
5627	6511
5627	9355
5627	9630
5629	4547
5629	5743
5629	8734
5629	9127
5629	9463
5642	8113
5642	8457
5642	9191
5655	4336
5693	4405
5693	6418
5693	8002
5700	5551
5700	9487
5702	3619
5702	7936
5702	8522
5702	9475
5710	5429
5710	9996
5716	1483
5716	9587
5720	1632
5720	7332
5720	8990
5720	9526
5720	9529
5736	8945
5736	9580
5738	3457
5738	7832
5738	8277
5738	8991
5738	9436
5738	9882
5738	9962
5743	2912
5743	4007
5743	5629
5743	8633
5743	9388
5743	9680
5764	7755
5764	8640
5764	9305
5766	4896
5769	3997
5769	5988
5769	9493
5780	7637
5780	9979
5826	7619
5826	7828
5826	9315
5828	4228
5828	4405
5828	6265
5828	7299
5828	7363
5828	7733
5828	7795
5828	9199
5828	9288
5828	9341
5828	9738
5851	8067
5851	9951
5856	37
5856	1055
5856	2929
5856	7093
5856	8979
5856	9680
5856	9905
5870	4538
5870	6586
5870	9495
5870	9620
5871	5876
5871	8322
5871	9629
5871	9868
5873	8955
5873	9077
5874	8681
5874	9247
5874	9542
5876	5871
5876	8413
5876	8633
5876	9304
5876	9629
5881	8021
5881	9544
5881	9935
5900	1632
5900	8826
5900	9783
5900	9860
5904	5972
5904	7999
5904	9199
5904	9832
5914	902
5914	8244
5914	8826
5914	9616
5922	3015
5922	9711
5939	2983
5939	8028
5939	8210
5939	8810
5939	9043
5939	9149
5939	9544
5940	1914
5940	5328
5940	8737
5940	8752
5940	8907
5944	8510
5944	9316
5944	9386
5965	7949
5965	9882
5968	6086
5968	8577
5971	1483
5971	6266
5971	6718
5971	8268
5971	8542
5971	9403
5971	9619
5972	5904
5972	7999
5972	9726
5972	9832
5988	5769
5988	6996
5988	7448
5988	8637
6017	5328
6017	6794
6017	7464
6017	7807
6017	8752
6017	8815
6017	8907
6017	9044
6017	9188
6017	9664
6017	9801
6017	9963
6019	6190
6019	9835
6024	8825
6024	9680
6024	9716
6039	9388
6042	8113
6042	8457
6042	9191
6042	9355
6067	8204
6067	8765
6068	3068
6068	9960
6078	4336
6078	7279
6078	9544
6081	3201
6081	9288
6086	5314
6086	5968
6086	6799
6086	6824
6086	7711
6086	8545
6086	9125
6086	9146
6086	9350
6090	5485
6090	8341
6090	8633
6096	288
6096	1725
6096	8052
6096	8765
6096	9243
6098	4354
6098	9065
6098	9419
6098	9679
6121	2041
6121	8259
6121	9190
6127	1410
6127	3968
6127	4104
6134	4069
6134	8424
6139	7999
6139	9199
6139	9832
6140	8058
6140	8441
6140	9086
6140	9315
6140	9348
6140	9757
6150	7265
6150	8790
6150	9881
6151	4346
6151	7369
6151	8748
6151	9414
6151	9484
6151	9657
6156	836
6156	5470
6156	8424
6156	8618
6156	8768
6156	9584
6166	1957
6166	4391
6166	7582
6166	7797
6166	8894
6166	9128
6166	9247
6166	9630
6166	9659
6190	6019
6190	9583
6190	9984
6205	8408
6205	9341
6216	1811
6218	7519
6218	8043
6218	8231
6218	8979
6227	4538
6227	9931
6245	9419
6245	9588
6259	5235
6259	9433
6259	9991
6265	5828
6265	7342
6265	9333
6265	9960
6266	4276
6266	5971
6266	8204
6266	9619
6266	9724
6274	3191
6274	7288
6274	9908
6290	5350
6290	9525
6290	9543
6308	4407
6308	8991
6313	860
6313	7370
6313	9326
6347	7025
6347	7558
6347	7573
6347	7618
6347	8461
6347	8765
6347	8946
6347	9431
6347	9615
6367	8025
6371	3619
6371	7999
6371	8113
6371	8910
6371	9578
6375	9935
6393	6852
6393	7538
6393	8603
6393	9137
6393	9664
6393	9740
6399	8287
6399	9475
6418	1688
6418	3719
6418	4974
6418	5693
6418	7464
6418	8204
6418	9403
6418	9724
6418	9888
6418	9960
6431	5429
6433	4547
6433	6856
6433	8612
6433	9334
6433	9757
6435	4297
6435	6712
6435	8803
6435	9905
6486	4541
6486	7146
6486	8183
6486	8632
6486	8851
6486	9016
6489	1043
6489	7301
6489	7481
6489	8620
6489	9953
6489	9987
6511	3949
6511	5627
6527	8681
6527	8777
6527	9054
6530	1865
6530	8553
6530	8734
6534	3888
6534	7076
6534	7558
6534	7618
6534	8461
6534	8946
6534	9431
6534	9587
6534	9798
6537	7457
6537	9757
6561	3201
6561	4198
6561	6949
6561	7795
6561	7930
6561	8765
6571	5450
6580	2436
6580	5317
6580	6586
6580	7863
6580	7895
6580	8018
6580	9435
6580	9871
6580	9931
6586	5870
6586	6580
6586	9832
6587	8997
6587	9526
6604	4950
6604	8774
6626	4276
6626	8457
6626	8875
6626	9191
6629	3068
6629	7524
6629	8507
6629	8765
6636	1404
6636	2794
6636	8810
6636	9149
6638	2277
6638	3625
6638	5314
6638	7845
6646	1470
6646	3785
6646	4805
6646	9598
6652	7531
6652	8278
6652	9244
6652	9572
6652	9833
6653	1213
6653	8445
6655	1211
6655	3554
6655	4382
6655	5421
6655	5435
6655	6935
6662	9783
6662	9860
6662	9932
6668	6848
6668	7262
6668	7930
6668	8633
6700	5607
6700	7949
6700	8991
6700	9882
6704	4586
6704	7774
6704	8881
6704	9118
6712	240
6712	1055
6712	4553
6712	6435
6712	7259
6712	8852
6712	9054
6712	9905
6718	2794
6718	5971
6750	7558
6751	5314
6751	9415
6771	8339
6771	9976
6787	9484
6790	1228
6790	8851
6790	9188
6790	9307
6790	9853
6794	6017
6794	7441
6794	8002
6794	8485
6794	9892
6796	9871
6799	3378
6799	3735
6799	6086
6799	6824
6799	7323
6799	7833
6799	9146
6824	901
6824	3735
6824	4428
6824	5314
6824	6086
6824	6799
6824	7711
6824	7926
6824	8545
6824	9125
6824	9146
6824	9716
6834	7620
6834	7797
6834	8803
6834	9137
6834	9247
6838	1632
6838	8552
6838	9188
6843	9838
6848	3201
6848	6668
6852	6393
6852	7137
6852	9664
6852	9740
6854	9273
6854	9388
6856	2261
6856	5607
6856	6433
6856	8124
6863	8021
6863	9065
6863	9090
6863	9153
6866	9044
6866	9484
6866	9711
6866	9956
6879	9433
6879	9758
6895	7509
6895	8455
6895	8484
6895	9748
6897	8997
6897	9175
6897	9508
6897	9562
6897	9572
6897	9980
6917	3777
6917	5474
6917	8752
6919	5453
6919	8274
6919	8552
6919	9388
6919	9529
6919	9562
6921	7279
6921	7936
6921	8210
6921	8522
6921	9475
6925	8163
6935	6655
6935	9000
6940	5522
6940	7471
6940	8997
6940	9262
6940	9508
6949	3201
6949	6561
6949	7060
6949	8748
6970	5245
6970	9996
6973	8495
6973	8737
6978	7835
6978	8431
6978	8955
6978	9588
6978	9953
6978	9998
6996	2693
6996	5344
6996	5988
6996	8637
6996	8922
7005	4034
7009	4543
7009	8765
7025	1399
7025	2905
7025	5249
7025	6347
7025	7573
7025	7637
7025	8016
7025	8043
7025	8117
7025	8765
7037	5436
7037	7457
7037	9446
7037	9584
7052	9415
7060	3267
7060	6949
7060	7854
7060	8676
7060	8716
7060	9305
7060	9587
7076	2905
7076	5249
7076	6534
7076	7558
7076	7637
7076	8461
7076	8946
7076	9431
7076	9525
7076	9630
7077	1371
7077	7797
7077	7832
7077	8825
7077	9137
7077	9247
7077	9484
7077	9630
7077	9659
7093	2794
7093	5856
7093	7610
7093	9463
7093	9629
7124	8028
7124	8325
7127	860
7127	7989
7127	8141
7127	9495
7127	9620
7137	6852
7137	9664
7137	9740
7141	8414
7141	8429
7141	9433
7141	9487
7141	9991
7146	1883
7146	6486
7146	7269
7146	7303
7146	7531
7146	8259
7146	8632
7146	8851
7146	9419
7154	3963
7154	8306
7154	8955
7154	9481
7156	2000
7156	7895
7156	8479
7156	9448
7156	9966
7162	200
7162	7379
7162	9595
7170	9342
7170	9862
7175	1865
7175	5219
7175	7507
7175	7519
7175	7580
7175	8021
7175	8231
7175	8408
7175	8851
7175	9414
7175	9484
7175	9657
7175	9935
7212	1213
7212	4316
7212	4587
7212	8716
7212	9781
7212	9979
7253	9570
7253	9588
7253	9881
7253	9962
7259	240
7259	2000
7259	6712
7259	8852
7259	9723
7259	9905
7262	3191
7262	6668
7262	9572
7262	9908
7264	5210
7264	5299
7264	5356
7264	8894
7264	8956
7264	9495
7265	5522
7265	6150
7265	9712
7265	9960
7269	7146
7269	9254
7269	9435
7279	4432
7279	6078
7279	6921
7279	7489
7279	8028
7279	9544
7288	390
7288	6274
7288	8096
7288	9695
7288	9908
7293	8963
7293	9593
7293	9757
7293	9785
7293	9801
7299	2216
7299	5004
7299	5828
7299	7363
7300	7519
7300	8231
7300	8682
7300	9888
7301	4870
7301	6489
7303	2436
7303	7146
7303	8183
7303	8259
7311	8485
7311	8955
7323	1716
7323	2462
7323	4635
7323	6799
7323	7641
7323	7667
7323	7711
7323	9146
7324	590
7324	3476
7324	9562
7325	1652
7325	8002
7332	3476
7332	3677
7332	5720
7332	8093
7332	8479
7332	8956
7332	9966
7341	869
7341	9481
7341	9962
7342	2000
7342	3892
7342	5004
7342	6265
7342	9333
7342	9669
7342	9712
7342	9740
7342	9960
7346	3968
7346	8758
7348	8429
7348	9433
7348	9598
7348	9905
7348	9991
7356	8070
7356	8322
7356	8603
7356	8857
7356	9365
7356	9595
7356	9659
7363	5828
7363	7299
7369	6151
7369	8021
7369	8183
7369	9414
7369	9484
7369	9657
7370	2297
7370	3173
7370	5265
7370	6313
7370	9326
7370	9345
7370	9695
7376	4587
7376	5245
7376	8420
7376	8455
7376	8484
7376	9748
7379	4538
7379	7162
7379	7620
7404	17
7404	9541
7431	8677
7431	8765
7431	9182
7431	9374
7441	4386
7441	6794
7441	8441
7441	9918
7448	4080
7448	5522
7448	5988
7448	8159
7448	9526
7448	9571
7457	3302
7457	4831
7457	5235
7457	5470
7457	6537
7457	7037
7457	7536
7457	8768
7457	9461
7457	9478
7464	633
7464	6017
7464	6418
7464	9619
7464	9724
7471	6940
7481	6489
7481	7800
7481	9697
7481	9987
7483	1865
7483	2074
7483	8272
7483	8296
7483	9118
7485	1054
7485	4331
7485	7916
7485	8471
7485	9726
7489	4386
7489	4971
7489	7279
7489	8477
7492	1404
7492	8633
7492	8676
7492	9680
7492	9716
7492	9821
7497	104
7497	2188
7497	3829
7497	9288
7502	4407
7502	9294
7502	9729
7507	1865
7507	7175
7507	8021
7507	8141
7507	8748
7507	9414
7507	9657
7509	3493
7509	6895
7509	8420
7509	8484
7509	9669
7509	9748
7509	9834
7516	9146
7519	5513
7519	5564
7519	6218
7519	7175
7519	7300
7519	7688
7519	9086
7519	9307
7522	1880
7522	4750
7522	8330
7524	3031
7524	6629
7524	7733
7524	8460
7524	9956
7531	1811
7531	3777
7531	5350
7531	6652
7531	7146
7531	8851
7531	9016
7536	7457
7536	9231
7536	9584
7538	6393
7538	9762
7542	1811
7542	8431
7542	9762
7558	1399
7558	5118
7558	5245
7558	6347
7558	6534
7558	6750
7558	7076
7558	7637
7558	8461
7558	8765
7558	8946
7558	9431
7573	2383
7573	3888
7573	5249
7573	6347
7573	7025
7573	8272
7573	8461
7573	8765
7573	8946
7573	9431
7580	7175
7580	9079
7580	9316
7582	6166
7582	7667
7582	8325
7582	8760
7582	8928
7582	9766
7587	2436
7587	7863
7587	8018
7587	9871
7610	7093
7610	9944
7618	246
7618	2383
7618	4676
7618	6347
7618	6534
7618	7637
7618	8461
7618	8765
7618	8946
7618	9431
7619	5826
7619	7828
7619	7939
7619	8002
7619	9273
7619	9331
7620	1555
7620	6834
7620	7379
7620	7976
7620	8272
7620	9281
7625	288
7625	4678
7636	596
7636	1043
7636	8765
7637	1399
7637	2905
7637	5564
7637	5780
7637	7025
7637	7076
7637	7558
7637	7618
7637	8461
7637	8765
7637	8946
7637	9431
7641	4676
7641	7323
7661	8803
7661	9801
7664	3629
7664	9669
7667	3829
7667	7323
7667	7582
7667	8245
7669	1800
7669	4750
7669	4785
7669	9615
7674	4538
7674	9050
7674	9620
7687	9086
7688	7519
7688	8043
7688	8231
7688	9888
7711	2462
7711	3378
7711	4635
7711	5118
7711	6086
7711	6824
7711	7323
7711	7833
7711	8545
7711	9125
7711	9146
7711	9475
7711	9878
7726	1470
7726	9697
7732	1725
7732	9067
7733	5828
7733	7524
7733	7832
7733	8058
7733	8441
7733	9956
7747	7835
7747	9951
7755	590
7755	5764
7762	902
7762	9446
7762	9481
7766	8021
7774	4586
7774	6704
7774	8881
7774	9118
7790	4586
7795	5828
7795	6561
7795	8677
7795	9090
7797	6166
7797	6834
7797	7077
7797	8792
7797	8825
7797	9137
7797	9630
7797	9659
7800	590
7800	7481
7800	9769
7800	9987
7806	2621
7806	9191
7806	9709
7807	460
7807	3777
7807	6017
7807	8341
7807	8815
7807	8907
7807	9059
7810	1632
7828	460
7828	1447
7828	5826
7828	7619
7828	7939
7828	8002
7828	8990
7828	9629
7828	9952
7832	246
7832	3457
7832	4584
7832	5738
7832	7077
7832	7733
7832	8875
7832	9882
7833	792
7833	2542
7833	3963
7833	4635
7833	6799
7833	7711
7833	8545
7833	9125
7835	6978
7835	7747
7835	8768
7835	9871
7835	9998
7845	1725
7845	3177
7845	6638
7847	1632
7847	2462
7847	8124
7847	8948
7854	4974
7854	7060
7854	8963
7854	9036
7854	9587
7859	4034
7859	7881
7859	9723
7863	2679
7863	5317
7863	6580
7863	7587
7863	9871
7867	3866
7867	9544
7867	9748
7881	2001
7881	7859
7881	8277
7882	9944
7893	8290
7893	8396
7893	8803
7893	9140
7895	6580
7895	7156
7895	9220
7895	9781
7904	506
7904	5421
7904	8325
7904	8928
7904	9315
7910	4974
7910	9871
7916	4127
7916	7485
7916	9580
7916	9726
7926	6824
7926	9583
7926	9657
7930	3201
7930	6561
7930	6668
7936	5702
7936	6921
7936	9392
7939	5271
7939	7619
7939	7828
7939	8002
7939	8067
7939	9348
7949	5965
7949	6700
7949	8991
7949	9833
7949	9882
7964	4058
7976	7620
7976	8243
7976	9227
7976	9556
7976	9616
7977	8956
7977	9065
7977	9525
7977	9588
7981	8835
7981	9345
7981	9963
7984	4926
7984	5253
7984	5450
7984	8414
7989	5364
7989	5450
7989	7127
7989	8414
7989	8760
7989	8955
7989	9487
7989	9562
7999	54
7999	1042
7999	1273
7999	5904
7999	5972
7999	6139
7999	6371
7999	9199
7999	9571
7999	9572
7999	9832
8002	5271
8002	5693
8002	6794
8002	7325
8002	7619
8002	7828
8002	7939
8002	9331
8002	9785
8016	7025
8016	9227
8016	9560
8018	2436
8018	6580
8018	7587
8018	8699
8018	9871
8018	9966
8021	1865
8021	2044
8021	2738
8021	3390
8021	4013
8021	5881
8021	6863
8021	7175
8021	7369
8021	7507
8021	7766
8021	9484
8021	9657
8025	334
8025	2794
8025	4354
8025	5214
8025	6367
8025	8414
8025	8460
8025	8895
8028	4382
8028	5317
8028	5435
8028	5461
8028	5939
8028	7124
8028	7279
8028	8163
8028	8682
8028	8810
8032	8210
8032	9000
8032	9980
8043	5564
8043	6218
8043	7025
8043	7688
8043	8231
8052	1410
8052	1725
8052	2174
8052	3968
8052	4104
8052	6096
8058	6140
8058	7733
8067	2905
8067	3302
8067	5271
8067	5851
8067	7939
8070	4586
8070	7356
8070	8687
8070	9595
8070	9976
8078	4336
8078	8545
8078	8734
8078	9165
8078	9543
8093	7332
8093	9043
8093	9828
8093	9956
8093	9966
8096	5280
8096	7288
8096	9868
8113	3777
8113	5642
8113	6042
8113	6371
8113	8457
8113	9191
8113	9355
8117	7025
8117	8835
8124	6856
8124	7847
8124	9481
8130	8136
8130	8832
8130	9436
8136	5550
8136	8130
8136	8835
8136	8997
8136	9526
8141	5181
8141	7127
8141	7507
8141	9537
8141	9728
8156	3153
8156	4974
8159	2998
8159	7448
8159	8396
8159	8803
8163	902
8163	1924
8163	3949
8163	4297
8163	6925
8163	8028
8163	8786
8163	9345
8163	9487
8163	9588
8169	1811
8169	4635
8169	8245
8169	8275
8169	9798
8183	633
8183	6486
8183	7303
8183	7369
8183	8632
8183	8851
8183	9016
8183	9565
8183	9819
8204	4120
8204	6067
8204	6266
8204	6418
8204	8963
8204	9619
8210	54
8210	1839
8210	2983
8210	4394
8210	5939
8210	6921
8210	8032
8210	8510
8210	8682
8210	8810
8210	9149
8231	6218
8231	7175
8231	7300
8231	7688
8231	8043
8243	7976
8243	8306
8243	9748
8244	63
8244	869
8244	1213
8244	3087
8244	5914
8244	9570
8244	9616
8245	3457
8245	7667
8245	8169
8245	8815
8245	9740
8245	9762
8252	3485
8252	8716
8259	2364
8259	6121
8259	7146
8259	7303
8259	8851
8259	9016
8259	9077
8259	9244
8259	9742
8268	5971
8268	8894
8268	9403
8268	9724
8268	9976
8272	7483
8272	7573
8272	7620
8272	8890
8272	9669
8272	9984
8274	6919
8274	9529
8274	9905
8275	8169
8275	9804
8277	2803
8277	3473
8277	4388
8277	5211
8277	5738
8277	7881
8277	9059
8278	5474
8278	6652
8278	9118
8278	9433
8278	9833
8287	6399
8287	8910
8290	212
8290	4391
8290	7893
8290	9326
8290	9345
8290	9493
8290	9804
8290	9834
8296	1632
8296	7483
8306	1338
8306	2693
8306	3087
8306	3229
8306	7154
8306	8243
8306	8936
8322	5158
8322	5871
8322	7356
8322	8687
8322	8790
8322	8857
8322	8928
8322	9365
8322	9551
8322	9976
8325	7124
8325	7582
8325	7904
8325	9543
8325	9595
8330	7522
8330	8343
8330	8465
8330	8979
8339	1560
8339	1865
8339	3840
8339	5146
8339	6771
8339	9036
8339	9086
8341	6090
8341	7807
8341	8979
8341	9525
8343	5513
8343	8330
8343	9254
8343	9951
8354	8990
8354	9153
8354	9341
8359	4329
8359	8392
8359	8737
8392	4950
8392	8359
8392	9615
8396	2998
8396	7893
8396	8159
8396	9140
8396	9388
8408	2912
8408	6205
8408	7175
8408	8429
8408	9273
8408	9831
8408	9962
8413	5876
8413	8556
8413	9757
8414	5253
8414	5450
8414	7141
8414	7984
8414	7989
8414	8025
8420	5350
8420	7376
8420	7509
8420	8455
8420	9572
8420	9748
8424	6134
8424	6156
8429	4504
8429	5344
8429	7141
8429	7348
8429	8408
8429	9664
8429	9991
8431	6978
8431	7542
8431	9998
8441	5210
8441	6140
8441	7441
8441	7733
8441	9086
8441	9348
8445	1716
8445	1914
8445	3892
8445	6653
8445	9333
8445	9588
8445	9871
8445	9960
8455	5299
8455	5350
8455	6895
8455	7376
8455	8420
8455	8484
8455	9137
8455	9748
8457	1839
8457	3082
8457	5453
8457	5642
8457	6042
8457	6626
8457	8113
8457	8498
8457	8875
8457	8895
8457	9191
8457	9341
8457	9355
8460	7524
8460	8025
8460	9044
8460	9956
8461	4232
8461	4676
8461	4785
8461	5245
8461	6347
8461	6534
8461	7076
8461	7558
8461	7573
8461	7618
8461	7637
8461	8577
8461	8765
8461	8946
8461	9431
8461	9475
8465	8330
8465	9669
8465	9804
8470	4665
8470	5438
8470	8752
8470	8979
8470	9980
8471	4538
8471	7485
8471	9436
8477	5450
8477	7489
8477	8565
8477	9375
8479	7156
8479	7332
8479	9247
8479	9448
8479	9966
8484	5350
8484	6895
8484	7376
8484	7509
8484	8455
8484	9342
8484	9748
8485	2044
8485	5249
8485	6794
8485	7311
8495	291
8495	3087
8495	6973
8495	9892
8498	3021
8498	5515
8498	8457
8498	9118
8498	9953
8498	9963
8507	6629
8510	5944
8510	8210
8522	5702
8522	6921
8522	9146
8522	9149
8522	9392
8522	9475
8542	5364
8542	5485
8542	5971
8542	8748
8542	9190
8542	9998
8545	1716
8545	2462
8545	2542
8545	3963
8545	6086
8545	6824
8545	7711
8545	7833
8545	8078
8545	9125
8545	9146
8545	9697
8552	6838
8552	6919
8552	8894
8553	6530
8553	9486
8553	9551
8556	8413
8556	9944
8565	8477
8565	9188
8565	9375
8577	4293
8577	5968
8577	8461
8577	9227
8577	9388
8577	9833
8603	6393
8603	7356
8603	8681
8608	8948
8608	9043
8608	9059
8608	9254
8608	9881
8612	1504
8612	1809
8612	3142
8612	6433
8612	9127
8612	9281
8612	9316
8612	9392
8612	9577
8618	3719
8618	6156
8620	590
8620	3555
8620	3963
8620	6489
8620	8786
8620	9769
8620	9987
8632	633
8632	4541
8632	5435
8632	6486
8632	7146
8632	8183
8632	8851
8632	9016
8633	5743
8633	5876
8633	6090
8633	6668
8633	7492
8633	8676
8637	1336
8637	5146
8637	5988
8637	6996
8637	8922
8637	9709
8640	5252
8640	5764
8640	9305
8640	9587
8640	9991
8676	3840
8676	4198
8676	7060
8676	7492
8676	8633
8676	9716
8677	7431
8677	7795
8677	8997
8677	9182
8677	9374
8677	9695
8681	3989
8681	5874
8681	6527
8681	8603
8681	8777
8681	9991
8682	1054
8682	1211
8682	2794
8682	5421
8682	7300
8682	8028
8682	8210
8682	8945
8682	9149
8682	9157
8687	8070
8687	8322
8687	9595
8687	9716
8687	9976
8699	8018
8699	9932
8699	9996
8716	7060
8716	7212
8716	8252
8716	9481
8734	5522
8734	5629
8734	6530
8734	8078
8734	8857
8734	8948
8734	9191
8734	9712
8734	9970
8737	1090
8737	4027
8737	4329
8737	5314
8737	5940
8737	6973
8737	8359
8737	9186
8747	8774
8747	9294
8747	9589
8747	9669
8748	288
8748	2574
8748	5219
8748	6151
8748	6949
8748	7507
8748	8542
8748	9414
8748	9529
8748	9657
8752	2761
8752	3052
8752	3777
8752	5328
8752	5474
8752	5940
8752	6017
8752	6917
8752	8470
8752	8907
8758	104
8758	5181
8758	7346
8760	36
8760	4926
8760	5041
8760	5253
8760	5450
8760	7582
8760	7989
8765	2383
8765	3888
8765	3995
8765	4407
8765	4676
8765	5245
8765	6067
8765	6096
8765	6347
8765	6561
8765	6629
8765	7009
8765	7025
8765	7431
8765	7558
8765	7573
8765	7618
8765	7636
8765	7637
8765	8461
8765	8946
8765	9431
8765	9783
8765	9918
8766	590
8768	3191
8768	3888
8768	6156
8768	7457
8768	7835
8768	9254
8768	9550
8774	6604
8774	8747
8774	9137
8774	9712
8774	9905
8777	3229
8777	6527
8777	8681
8777	9484
8777	9862
8786	2037
8786	4788
8786	8163
8786	8620
8786	9781
8790	6150
8790	8322
8792	5455
8792	7797
8792	9086
8792	9294
8792	9838
8803	2552
8803	6435
8803	6834
8803	7661
8803	7893
8803	8159
8803	9140
8803	9478
8803	9562
8810	1404
8810	5939
8810	6636
8810	8028
8810	8210
8810	9149
8810	9619
8810	9908
8815	2761
8815	5455
8815	6017
8815	7807
8815	8245
8825	6024
8825	7077
8825	7797
8825	8894
8825	9247
8825	9304
8825	9630
8825	9659
8826	63
8826	1723
8826	3012
8826	3068
8826	3087
8826	4386
8826	5900
8826	5914
8826	9616
8826	9919
8832	8130
8832	9191
8832	9436
8832	9748
8835	3582
8835	7981
8835	8117
8835	8136
8835	8997
8835	9043
8835	9077
8835	9526
8851	4352
8851	4541
8851	6486
8851	6790
8851	7146
8851	7175
8851	7531
8851	8183
8851	8259
8851	8632
8851	9016
8851	9125
8851	9562
8851	9804
8852	6712
8852	7259
8856	5344
8856	9892
8856	9956
8857	7356
8857	8322
8857	8734
8857	9365
8875	2001
8875	5042
8875	6626
8875	7832
8875	8457
8875	9191
8875	9355
8881	4586
8881	6704
8881	7774
8881	9118
8881	9126
8881	9529
8890	2041
8890	2526
8890	3656
8890	4896
8890	8272
8890	9583
8890	9669
8890	9955
8890	9984
8894	1839
8894	3015
8894	3485
8894	4076
8894	6166
8894	7264
8894	8268
8894	8552
8894	8825
8894	8997
8894	9137
8894	9247
8894	9630
8894	9659
8894	9850
8895	3552
8895	4432
8895	8025
8895	8457
8895	9941
8907	3777
8907	5455
8907	5474
8907	5940
8907	6017
8907	7807
8907	8752
8907	9305
8907	9875
8910	6371
8910	8287
8910	9305
8910	9587
8910	9991
8916	4538
8922	6996
8922	8637
8922	8991
8928	7582
8928	7904
8928	8322
8936	5350
8936	5436
8936	8306
8945	5736
8945	8682
8945	9215
8945	9998
8946	1574
8946	3888
8946	4676
8946	5249
8946	5425
8946	6347
8946	6534
8946	7076
8946	7558
8946	7573
8946	7618
8946	7637
8946	8461
8946	8765
8946	9341
8946	9431
8946	9542
8948	3785
8948	7847
8948	8608
8948	8734
8948	9254
8948	9853
8955	4665
8955	5455
8955	5620
8955	5873
8955	6978
8955	7154
8955	7311
8955	7989
8955	9388
8955	9875
8956	2538
8956	2761
8956	4814
8956	7264
8956	7332
8956	7977
8956	9065
8956	9588
8956	9828
8963	7293
8963	7854
8963	8204
8963	9716
8963	9888
8979	4553
8979	5550
8979	5856
8979	6218
8979	8330
8979	8341
8979	8470
8990	1978
8990	5720
8990	7828
8990	8354
8991	5738
8991	6308
8991	6700
8991	7949
8991	8922
8991	9281
8991	9882
8991	9991
8996	9588
8996	9657
8996	9979
8997	6587
8997	6897
8997	6940
8997	8136
8997	8677
8997	8835
8997	8894
8997	9526
8997	9550
9000	2283
9000	3832
9000	5210
9000	6935
9000	8032
9000	9833
9016	633
9016	4541
9016	5513
9016	6486
9016	7531
9016	8183
9016	8259
9016	8632
9016	8851
9016	9423
9016	9908
9036	7854
9036	8339
9036	9587
9043	5939
9043	8093
9043	8608
9043	8835
9044	6017
9044	6866
9044	8460
9044	9956
9050	860
9050	4538
9050	7674
9050	9083
9050	9495
9050	9620
9050	9984
9054	6527
9054	6712
9059	7807
9059	8277
9059	8608
9059	9821
9059	9860
9065	4354
9065	5314
9065	6098
9065	6863
9065	7977
9065	8956
9065	9588
9065	9679
9065	9875
9067	2041
9067	2265
9067	7732
9067	9227
9067	9953
9077	2983
9077	5873
9077	8259
9077	8835
9077	9577
9079	54
9079	4870
9079	7580
9079	9952
9083	5314
9083	9050
9083	9403
9083	9951
9086	5210
9086	6140
9086	7519
9086	7687
9086	8339
9086	8441
9086	8792
9086	9348
9090	4896
9090	6863
9090	7795
9090	9550
9102	3949
9102	5235
9102	9415
9102	9758
9103	3177
9103	4013
9113	902
9113	9236
9113	9798
9118	4586
9118	6704
9118	7483
9118	7774
9118	8278
9118	8498
9118	8881
9118	9541
9118	9584
9118	9828
9125	390
9125	792
9125	2542
9125	3153
9125	3735
9125	3777
9125	3963
9125	4692
9125	5314
9125	6086
9125	6824
9125	7711
9125	7833
9125	8545
9125	8851
9125	9146
9125	9882
9126	4127
9126	8881
9126	9834
9126	9882
9127	34
9127	1146
9127	1504
9127	1809
9127	4665
9127	5629
9127	8612
9127	9285
9127	9294
9127	9316
9127	9804
9128	4553
9128	6166
9128	9410
9128	9461
9128	9738
9137	1371
9137	1839
9137	3485
9137	6393
9137	6834
9137	7077
9137	7797
9137	8455
9137	8774
9137	8894
9137	9247
9137	9495
9137	9588
9137	9630
9137	9659
9138	9285
9138	9365
9138	9584
9140	5158
9140	7893
9140	8396
9140	8803
9146	792
9146	1716
9146	2042
9146	2074
9146	3378
9146	3735
9146	4635
9146	5314
9146	6086
9146	6799
9146	6824
9146	7323
9146	7516
9146	7711
9146	8522
9146	8545
9146	9125
9146	9325
9146	9386
9146	9659
9146	9712
9149	1054
9149	1211
9149	4235
9149	5421
9149	5939
9149	6636
9149	8210
9149	8522
9149	8682
9149	8810
9153	2912
9153	5515
9153	6863
9153	8354
9153	9254
9153	9341
9157	8682
9157	9781
9165	4336
9165	8078
9165	9543
9165	9589
9175	6897
9175	9463
9175	9508
9175	9572
9182	1381
9182	4027
9182	7431
9182	8677
9182	9374
9186	8737
9186	9341
9186	9495
9186	9580
9188	2994
9188	4089
9188	4357
9188	6017
9188	6790
9188	6838
9188	8565
9188	9304
9188	9853
9188	9979
9190	2041
9190	6121
9190	8542
9191	2001
9191	4276
9191	5642
9191	6042
9191	6626
9191	7806
9191	8113
9191	8457
9191	8734
9191	8832
9191	8875
9191	9355
9199	3191
9199	5828
9199	5904
9199	6139
9199	7999
9199	9832
9199	9919
9215	1688
9215	3995
9215	8945
9215	9249
9215	9673
9220	2000
9220	4587
9220	7895
9220	9769
9220	9801
9227	3021
9227	4070
9227	4665
9227	4814
9227	7976
9227	8016
9227	8577
9227	9067
9227	9991
9231	159
9231	776
9231	7536
9231	9461
9231	9738
9236	902
9236	9113
9236	9798
9243	6096
9243	9664
9244	4076
9244	6652
9244	8259
9244	9833
9244	9908
9247	1371
9247	1839
9247	3015
9247	3485
9247	5874
9247	6166
9247	6834
9247	7077
9247	8479
9247	8825
9247	8894
9247	9137
9247	9342
9247	9630
9247	9659
9247	9835
9249	3995
9249	9215
9249	9342
9249	9673
9254	3785
9254	4581
9254	5210
9254	7269
9254	8343
9254	8608
9254	8768
9254	8948
9254	9153
9262	6940
9262	9392
9262	9871
9273	588
9273	2680
9273	6854
9273	7619
9273	8408
9273	9388
9273	9647
9281	4076
9281	4127
9281	7620
9281	8612
9281	8991
9281	9615
9285	9127
9285	9138
9285	9294
9285	9917
9288	104
9288	5828
9288	6081
9288	7497
9294	7502
9294	8747
9294	8792
9294	9127
9294	9285
9294	9415
9294	9729
9294	9838
9303	9785
9303	9888
9304	4357
9304	5876
9304	8825
9304	9188
9304	9819
9305	5252
9305	5764
9305	7060
9305	8640
9305	8907
9305	8910
9305	9386
9305	9972
9307	6790
9307	7519
9307	9463
9315	2905
9315	5826
9315	6140
9315	7904
9316	34
9316	1146
9316	1809
9316	3142
9316	4676
9316	5944
9316	7580
9316	8612
9316	9127
9316	9571
9323	4089
9323	4127
9323	9580
9323	9596
9323	9962
9325	1228
9325	4692
9325	4961
9325	9146
9325	9423
9325	9571
9326	3476
9326	5265
9326	6313
9326	7370
9326	8290
9326	9345
9326	9423
9326	9493
9326	9709
9331	460
9331	5271
9331	7619
9331	8002
9333	3082
9333	6265
9333	7342
9333	8445
9333	9712
9333	9960
9334	4547
9334	6433
9341	5828
9341	6205
9341	8354
9341	8457
9341	8946
9341	9153
9341	9186
9341	9660
9342	1883
9342	5181
9342	5429
9342	7170
9342	8484
9342	9247
9342	9249
9342	9526
9345	212
9345	3476
9345	7370
9345	7981
9345	8163
9345	8290
9345	9326
9345	9493
9345	9578
9345	9762
9345	9881
9348	4635
9348	5210
9348	6140
9348	7939
9348	8441
9348	9086
9350	6086
9350	9664
9350	9838
9355	1793
9355	1978
9355	2001
9355	3082
9355	4276
9355	5627
9355	6042
9355	8113
9355	8457
9355	8875
9355	9191
9355	9941
9365	1055
9365	7356
9365	8322
9365	8857
9365	9138
9365	9595
9365	9905
9374	7431
9374	8677
9374	9182
9374	9475
9374	9709
9375	1725
9375	4971
9375	8477
9375	8565
9375	9762
9384	1055
9384	5265
9384	5594
9386	5944
9386	9146
9386	9305
9386	9478
9386	9484
9386	9850
9388	5743
9388	6039
9388	6854
9388	6919
9388	8396
9388	8577
9388	8955
9388	9273
9392	7936
9392	8522
9392	8612
9392	9262
9392	9475
9403	434
9403	5971
9403	6418
9403	8268
9403	9083
9403	9711
9403	9724
9406	4007
9410	3012
9410	9128
9410	9475
9410	9996
9414	1865
9414	2574
9414	3390
9414	4386
9414	5219
9414	6151
9414	7175
9414	7369
9414	7507
9414	8748
9414	9484
9414	9657
9415	234
9415	1399
9415	4745
9415	6751
9415	7052
9415	9102
9415	9294
9419	6098
9419	6245
9419	7146
9419	9588
9419	9679
9419	9726
9419	9828
9419	9878
9419	9892
9420	3201
9420	9436
9423	1228
9423	3378
9423	9016
9423	9325
9423	9326
9431	2383
9431	2905
9431	3677
9431	3888
9431	4676
9431	5245
9431	5249
9431	6347
9431	6534
9431	7076
9431	7558
9431	7573
9431	7618
9431	7637
9431	8461
9431	8765
9431	8946
9431	9729
9432	3177
9433	200
9433	4504
9433	5018
9433	6259
9433	6879
9433	7141
9433	7348
9433	8278
9433	9804
9433	9991
9435	5550
9435	5594
9435	6580
9435	7269
9435	9487
9435	9931
9436	138
9436	3947
9436	5738
9436	8130
9436	8471
9436	8832
9436	9420
9446	3552
9446	7037
9446	7762
9446	9679
9446	9748
9448	7156
9448	8479
9448	9953
9448	9966
9461	159
9461	776
9461	2542
9461	2994
9461	7457
9461	9128
9461	9231
9461	9738
9461	9838
9463	107
9463	5629
9463	7093
9463	9175
9463	9307
9463	9619
9475	2224
9475	5702
9475	6399
9475	6921
9475	7711
9475	8461
9475	8522
9475	9374
9475	9392
9475	9410
9478	7457
9478	8803
9478	9386
9481	1399
9481	4331
9481	7154
9481	7341
9481	7762
9481	8124
9481	8716
9481	9962
9484	2044
9484	2265
9484	2574
9484	4346
9484	5219
9484	6151
9484	6787
9484	6866
9484	7077
9484	7175
9484	7369
9484	8021
9484	8777
9484	9386
9484	9414
9484	9657
9486	1798
9486	8553
9486	9875
9487	4543
9487	5551
9487	5700
9487	7141
9487	7989
9487	8163
9487	9435
9487	9526
9493	212
9493	3476
9493	5265
9493	5769
9493	8290
9493	9326
9493	9345
9493	9991
9495	860
9495	5870
9495	7127
9495	7264
9495	9050
9495	9137
9495	9186
9495	9620
9495	9669
9495	9769
9495	9952
9508	6897
9508	6940
9508	9175
9508	9572
9508	9821
9525	4120
9525	6290
9525	7076
9525	7977
9525	8341
9525	9542
9526	4678
9526	5720
9526	6587
9526	7448
9526	8136
9526	8835
9526	8997
9526	9342
9526	9487
9529	3834
9529	5352
9529	5720
9529	6919
9529	8274
9529	8748
9529	8881
9537	3949
9537	5161
9537	5181
9537	8141
9537	9550
9537	9728
9537	9961
9541	17
9541	7404
9541	9118
9541	9738
9542	4640
9542	5874
9542	8946
9542	9525
9542	9729
9543	4336
9543	6290
9543	8078
9543	8325
9543	9165
9544	2085
9544	4432
9544	4586
9544	5881
9544	5939
9544	6078
9544	7279
9544	7867
9550	2543
9550	8768
9550	8997
9550	9090
9550	9537
9550	9758
9551	5077
9551	8322
9551	8553
9556	4676
9556	7976
9556	9588
9556	9868
9556	9917
9560	1063
9560	1883
9560	8016
9560	9627
9562	6897
9562	6919
9562	7324
9562	7989
9562	8803
9562	8851
9565	3552
9565	8183
9570	869
9570	1213
9570	1723
9570	3012
9570	3068
9570	4386
9570	7253
9570	8244
9570	9616
9570	9944
9570	9952
9571	4080
9571	7448
9571	7999
9571	9316
9571	9325
9572	6652
9572	6897
9572	7262
9572	7999
9572	8420
9572	9175
9572	9508
9577	8612
9577	9077
9577	9860
9578	6371
9578	9345
9578	9620
9578	9785
9578	9801
9580	4127
9580	5736
9580	7916
9580	9186
9580	9323
9580	9596
9580	9726
9583	621
9583	2526
9583	4896
9583	6190
9583	7926
9583	8890
9583	9669
9584	6156
9584	7037
9584	7536
9584	9118
9584	9138
9584	9835
9584	9951
9584	9961
9587	2946
9587	4678
9587	4974
9587	5716
9587	6534
9587	7060
9587	7854
9587	8640
9587	8910
9587	9036
9587	9966
9588	6245
9588	6978
9588	7253
9588	7977
9588	8163
9588	8445
9588	8956
9588	8996
9588	9065
9588	9137
9588	9419
9588	9556
9588	9679
9588	9828
9589	5271
9589	8747
9589	9165
9593	5161
9593	7293
9593	9951
9595	3352
9595	7162
9595	7356
9595	8070
9595	8325
9595	8687
9595	9365
9595	9695
9596	4127
9596	5161
9596	9323
9596	9580
9596	9726
9596	9917
9598	2261
9598	5450
9598	6646
9598	7348
9615	1800
9615	4785
9615	4950
9615	6347
9615	7669
9615	8392
9615	9281
9616	63
9616	869
9616	1723
9616	3012
9616	3068
9616	3087
9616	4386
9616	4625
9616	5914
9616	7976
9616	8244
9616	8826
9616	9570
9616	9769
9619	434
9619	3997
9619	5971
9619	6266
9619	7464
9619	8204
9619	8810
9619	9463
9619	9724
9619	9875
9620	1880
9620	2234
9620	4538
9620	5356
9620	5870
9620	7127
9620	7674
9620	9050
9620	9495
9620	9578
9620	9709
9620	9728
9620	9980
9627	2044
9627	4067
9627	5118
9627	9560
9627	9798
9627	9888
9627	9918
9627	9984
9629	588
9629	5871
9629	5876
9629	7093
9629	7828
9630	388
9630	1410
9630	1839
9630	3390
9630	3476
9630	5627
9630	6166
9630	7076
9630	7077
9630	7797
9630	8825
9630	8894
9630	9137
9630	9247
9630	9659
9630	9868
9647	54
9647	9273
9647	9832
9657	2265
9657	5219
9657	6151
9657	7175
9657	7369
9657	7507
9657	7926
9657	8021
9657	8748
9657	8996
9657	9414
9657	9484
9659	3015
9659	3485
9659	6166
9659	7077
9659	7356
9659	7797
9659	8825
9659	8894
9659	9137
9659	9146
9659	9247
9659	9630
9660	9341
9664	1146
9664	4037
9664	6017
9664	6393
9664	6852
9664	7137
9664	8429
9664	9243
9664	9350
9664	9740
9664	9970
9669	621
9669	3656
9669	7342
9669	7509
9669	7664
9669	8272
9669	8465
9669	8747
9669	8890
9669	9495
9669	9583
9669	9838
9669	9984
9673	3995
9673	9215
9673	9249
9679	4354
9679	6098
9679	9065
9679	9419
9679	9446
9679	9588
9679	9828
9680	5743
9680	5856
9680	6024
9680	7492
9680	9716
9695	5607
9695	7288
9695	7370
9695	8677
9695	9595
9697	506
9697	3177
9697	7481
9697	7726
9697	8545
9709	2413
9709	2621
9709	7806
9709	8637
9709	9326
9709	9374
9709	9620
9711	1483
9711	3997
9711	5922
9711	6866
9711	9403
9711	9944
9712	5522
9712	7265
9712	7342
9712	8734
9712	8774
9712	9146
9712	9333
9712	9960
9716	6024
9716	6824
9716	7492
9716	8676
9716	8687
9716	8963
9716	9680
9716	9871
9716	9952
9716	9976
9723	5271
9723	7259
9723	7859
9724	6266
9724	6418
9724	7464
9724	8268
9724	9403
9724	9619
9726	4089
9726	4127
9726	5352
9726	5972
9726	7485
9726	7916
9726	9419
9726	9580
9726	9596
9728	159
9728	1483
9728	2188
9728	3949
9728	5181
9728	8141
9728	9537
9728	9620
9728	9888
9728	9961
9729	2761
9729	3554
9729	3555
9729	4776
9729	7502
9729	9294
9729	9431
9729	9542
9729	9762
9729	9951
9738	2994
9738	5828
9738	9128
9738	9231
9738	9461
9738	9541
9738	9798
9738	9944
9740	4037
9740	5347
9740	6393
9740	6852
9740	7137
9740	7342
9740	8245
9740	9664
9740	9769
9742	8259
9742	9804
9742	9932
9748	3493
9748	5350
9748	6895
9748	7376
9748	7509
9748	7867
9748	8243
9748	8420
9748	8455
9748	8484
9748	8832
9748	9446
9757	4971
9757	6140
9757	6433
9757	6537
9757	7293
9757	8413
9757	9918
9757	9963
9758	5235
9758	5429
9758	6879
9758	9102
9758	9550
9762	3476
9762	5333
9762	7538
9762	7542
9762	8245
9762	9345
9762	9375
9762	9729
9762	9833
9762	9888
9766	7582
9769	3555
9769	7800
9769	8620
9769	9220
9769	9495
9769	9616
9769	9740
9769	9987
9781	1410
9781	3082
9781	4625
9781	5429
9781	7212
9781	7895
9781	8786
9781	9157
9783	5900
9783	6662
9783	8765
9783	9860
9783	9912
9785	1157
9785	3708
9785	5396
9785	7293
9785	8002
9785	9303
9785	9578
9785	9801
9785	9979
9798	902
9798	6534
9798	8169
9798	9113
9798	9236
9798	9627
9798	9738
9801	1793
9801	1798
9801	6017
9801	7293
9801	7661
9801	9220
9801	9578
9801	9785
9804	8275
9804	8290
9804	8465
9804	8851
9804	9127
9804	9433
9804	9742
9819	1447
9819	2552
9819	3352
9819	8183
9819	9304
9819	9833
9819	9931
9821	2330
9821	7492
9821	9059
9821	9508
9821	9862
9828	8093
9828	8956
9828	9118
9828	9419
9828	9588
9828	9679
9831	8408
9831	9871
9832	5904
9832	5972
9832	6139
9832	6586
9832	7999
9832	9199
9832	9647
9833	1883
9833	2177
9833	4027
9833	4076
9833	4584
9833	6652
9833	7949
9833	8278
9833	8577
9833	9000
9833	9244
9833	9762
9833	9819
9833	9976
9834	936
9834	2277
9834	2366
9834	7509
9834	8290
9834	9126
9835	6019
9835	9247
9835	9584
9835	9850
9835	9853
9838	36
9838	4776
9838	6843
9838	8792
9838	9294
9838	9350
9838	9461
9838	9669
9850	1793
9850	2216
9850	3619
9850	4058
9850	8894
9850	9386
9850	9835
9853	4357
9853	6790
9853	8948
9853	9188
9853	9835
9853	9980
9853	9998
9860	3201
9860	5900
9860	6662
9860	9059
9860	9577
9860	9783
9862	7170
9862	8777
9862	9821
9862	9956
9868	1913
9868	2462
9868	3997
9868	5871
9868	8096
9868	9556
9868	9630
9868	9919
9871	2436
9871	2679
9871	5317
9871	6580
9871	6796
9871	7587
9871	7835
9871	7863
9871	7910
9871	8018
9871	8445
9871	9262
9871	9716
9871	9831
9875	4034
9875	8907
9875	8955
9875	9065
9875	9486
9875	9619
9875	9991
9878	3031
9878	5546
9878	7711
9878	9419
9878	9917
9881	515
9881	1249
9881	1865
9881	2330
9881	5280
9881	5436
9881	6150
9881	7253
9881	8608
9881	9345
9882	3457
9882	5148
9882	5438
9882	5738
9882	5965
9882	6700
9882	7832
9882	7949
9882	8991
9882	9125
9882	9126
9882	9935
9888	1054
9888	1809
9888	3762
9888	5333
9888	6418
9888	7300
9888	7688
9888	8963
9888	9303
9888	9627
9888	9728
9888	9762
9892	291
9892	6794
9892	8495
9892	8856
9892	9419
9905	240
9905	1055
9905	5856
9905	6435
9905	6712
9905	7259
9905	7348
9905	8274
9905	8774
9905	9365
9905	9949
9908	3191
9908	6274
9908	7262
9908	7288
9908	8810
9908	9016
9908	9244
9912	901
9912	4553
9912	9783
9917	291
9917	9285
9917	9556
9917	9596
9917	9878
9917	9987
9918	7441
9918	8765
9918	9627
9918	9757
9919	5158
9919	8826
9919	9199
9919	9868
9919	9956
9931	6227
9931	6580
9931	9435
9931	9819
9932	1273
9932	5450
9932	6662
9932	8699
9932	9742
9935	5881
9935	6375
9935	7175
9935	9882
9935	9956
9941	8895
9941	9355
9941	9963
9944	3524
9944	5546
9944	7610
9944	7882
9944	8556
9944	9570
9944	9711
9944	9738
9949	1273
9949	4235
9949	4870
9949	9905
9951	596
9951	726
9951	2905
9951	5851
9951	7747
9951	8343
9951	9083
9951	9584
9951	9593
9951	9729
9952	54
9952	4870
9952	7828
9952	9079
9952	9495
9952	9570
9952	9716
9953	3021
9953	4814
9953	6489
9953	6978
9953	8498
9953	9067
9953	9448
9955	860
9955	3708
9955	5299
9955	8890
9956	6866
9956	7524
9956	7733
9956	8093
9956	8460
9956	8856
9956	9044
9956	9862
9956	9919
9956	9935
9956	9976
9960	3892
9960	4037
9960	4745
9960	6068
9960	6265
9960	6418
9960	7265
9960	7342
9960	8445
9960	9333
9960	9712
9961	5181
9961	9537
9961	9584
9961	9728
9962	5738
9962	7253
9962	7341
9962	8408
9962	9323
9962	9481
9963	6017
9963	7981
9963	8498
9963	9757
9963	9941
9966	2794
9966	7156
9966	7332
9966	8018
9966	8093
9966	8479
9966	9448
9966	9587
9970	4391
9970	8734
9970	9664
9970	9979
9972	1054
9972	9305
9976	6771
9976	8070
9976	8268
9976	8322
9976	8687
9976	9716
9976	9833
9976	9956
9979	4391
9979	5780
9979	7212
9979	8996
9979	9188
9979	9785
9979	9970
9980	6897
9980	8032
9980	8470
9980	9620
9980	9853
9984	1063
9984	2526
9984	3656
9984	4896
9984	6190
9984	8272
9984	8890
9984	9050
9984	9627
9984	9669
9987	590
9987	1043
9987	6489
9987	7481
9987	7800
9987	8620
9987	9769
9987	9917
9991	200
9991	1965
9991	3254
9991	4504
9991	5018
9991	5344
9991	6259
9991	7141
9991	7348
9991	8429
9991	8640
9991	8681
9991	8910
9991	8991
9991	9227
9991	9433
9991	9493
9991	9875
9996	633
9996	5710
9996	6970
9996	8699
9996	9410
9998	4640
9998	6978
9998	7835
9998	8431
9998	8542
9998	8945
9998	9853
