0 1129.88794562
0.0009765625 2671.06559011
0.0014918602626 3112.41600114
0.00149388131538 3140.13469008
0.00195709524982 3138.16605107
0.00199589286847 3324.75442363
0.00206180698899 3375.87277326
0.00208425859507 3298.6978648
0.00212989791536 3252.20169325
0.00321219109509 3738.21310076
0.00321436616827 3700.4577179
0.00444839310452 3832.57999342
0.00686500536178 4066.7452584
0.00686965386762 4009.97033557
0.00689761107786 4035.15784612
0.00798357147386 4076.19759411
0.0115377042652 4286.64531828
0.01204036917 4317.06014025
0.0120485220735 4280.59815535
0.0131390064883 4373.94627635
0.0158701649947 4435.61935335
0.0158809111705 4417.95637871
0.019247051324 4552.33326221
0.023805221698 4568.90064416
0.0238213409443 4591.77210241
0.0281183597647 4633.46798517
0.028175517864 4683.96651435
0.028194596372 4644.11355918
0.0333481375212 4675.90376615
0.0416667118143 4769.58926623
0.0416949256237 4783.21719005
0.0500221520806 4785.47177529
0.0502937674198 4763.91794167
0.0503278228734 4779.56576692
0.0555932944026 4824.77667801
0.0556309383286 4796.75605529
0.0625 4841.74359944
0.0743254446877 4869.83124636
0.081162275562 4865.55628967
0.0812172330299 4841.95284585
0.0812722277112 4841.47169794
0.0818242268126 4874.7825481
0.0833334236286 4863.6316817
0.0835028211378 4875.47128551
0.10017983617 4859.09621145
0.100247671012 4857.88137564
0.111111351899 4875.00266454
0.111261876657 4891.88788907
0.112169317188 4879.05504959
0.125 4840.20986882
0.136313466583 4856.58777512
0.139298342824 4874.04853106
0.13948705306 4840.85496697
0.139581504025 4877.64243889
0.139676018946 4834.90780055
0.139865240827 4843.89197745
0.140054719051 4852.52216974
0.166666847257 4803.71174988
0.166779702495 4818.09995824
0.218345923275 4760.04829483
0.25 4614.55641695
0.300946329273 4598.95673788
0.310254370262 4622.04461191
0.333333694514 4357.14549562
0.335143663513 4426.33657089
0.335824932797 4345.7185066
0.336735446558 4383.83573333
0.338563886734 4357.56553628
0.499661663751 4330.81654074
0.5 3447.2409046
0.978572062088 3492.9722271
0.997971355855 3306.68037498
0.998647112891 3423.11278255
1 0.0
