1	9256
1	9412
1	9694
3	1665
12	8228
12	9719
15	4061
15	8805
15	9334
15	9389
26	8028
33	9138
33	9668
52	9895
59	1959
59	9159
61	9320
76	4528
76	7532
76	7751
76	8302
76	8582
77	2271
77	6243
77	6865
77	8348
86	6422
93	4426
93	7742
93	8991
93	9446
116	8067
118	8361
118	9818
124	220
131	9798
143	5978
143	8293
169	9930
176	7318
176	8325
176	8513
176	9840
179	5809
179	8115
183	7103
188	4387
188	7505
195	2754
200	9433
201	8989
201	8992
203	250
218	6746
218	8933
219	4479
220	124
220	7742
220	8026
220	8916
233	7160
236	6767
246	8893
250	203
263	5341
281	8707
290	6604
290	8818
290	9477
290	9950
292	8160
300	8922
323	2715
323	5277
333	2742
335	2943
336	4602
336	9083
340	5065
340	9053
341	7685
341	8279
341	9431
342	7341
342	8857
368	5321
370	6726
370	9389
376	8592
376	9650
396	6839
396	8115
404	7683
415	7461
415	8115
415	9622
425	2052
425	9426
431	6196
431	8596
431	8992
431	9513
435	3912
435	4315
435	9402
445	7672
445	9107
464	3810
464	6028
464	9182
480	2354
480	5468
480	9065
484	7751
484	8392
487	8182
487	9761
501	6290
501	8033
501	9693
502	9154
510	8949
513	5362
513	9648
529	1732
536	4962
536	8719
548	9165
549	7646
554	9324
564	2454
564	8047
564	8171
564	9520
572	912
572	2642
574	9190
574	9864
583	6790
583	9788
583	9879
587	6243
587	7240
593	8778
593	9320
593	9567
609	3617
609	4936
609	6839
612	9505
628	1669
628	4841
628	7077
629	9689
636	8367
636	9967
638	7742
638	9318
638	9466
639	8409
639	8699
659	4108
659	7929
659	7931
666	8323
666	9920
669	5326
669	6154
669	7929
671	8478
671	8539
674	7389
674	7948
677	3709
677	4116
677	9507
679	7267
679	8261
679	8863
709	7889
709	8798
709	9599
710	2838
710	8609
710	9120
710	9276
710	9412
722	9879
732	3200
732	7510
740	9458
745	6243
745	8387
763	8662
764	7931
764	8194
764	9440
764	9632
764	9639
770	4539
770	6496
770	8175
770	8881
770	9620
777	3033
777	9455
786	1406
787	1166
787	2925
787	7539
792	5125
792	7833
792	8580
792	9146
797	7788
797	8933
797	9069
805	8430
805	9547
813	4305
813	7180
813	7421
821	7039
821	7742
821	8206
821	9372
828	6743
831	9696
835	3954
835	5804
838	6872
840	8277
840	9159
841	5115
841	6906
846	7541
846	8903
846	9507
846	9584
851	2105
851	9916
857	2347
857	4736
857	7073
857	8707
866	6014
866	9960
872	8854
872	9530
875	3454
875	8976
879	8780
894	5720
900	3912
900	5086
900	7805
901	6824
901	7434
901	8230
901	9912
904	9789
904	9996
912	572
912	9388
916	8854
923	4943
925	7802
930	7923
930	9675
947	3174
947	6821
947	9026
956	4310
956	9977
962	2401
962	5090
962	9487
962	9968
969	2138
969	7279
969	8243
969	8651
971	5321
971	9026
973	6946
977	8479
983	9705
984	6543
984	9867
1003	2965
1003	9307
1015	4387
1015	9584
1020	7109
1020	8027
1020	9120
1020	9412
1024	7541
1029	8805
1029	9197
1037	8258
1037	9455
1037	9677
1042	7999
1042	9788
1083	6883
1083	7324
1083	8823
1108	4819
1108	8805
1109	9433
1111	9235
1113	9930
1120	9437
1131	7309
1131	9152
1133	6271
1133	8349
1145	5551
1160	5865
1160	8929
1160	9279
1160	9761
1164	4558
1164	9617
1166	787
1172	7587
1172	9296
1174	5952
1175	8284
1175	9557
1185	5104
1185	8532
1186	5312
1186	9220
1186	9653
1188	6046
1196	7247
1212	9561
1227	6203
1227	9079
1227	9603
1230	4433
1230	8349
1230	9763
1230	9792
1231	8178
1239	8790
1239	9883
1251	9154
1253	7193
1253	8329
1253	9833
1254	9154
1264	2502
1264	7114
1264	8689
1264	9668
1265	9579
1272	3532
1272	7325
1272	9124
1273	6236
1273	7999
1279	9447
1284	8270
1284	9109
1295	7814
1295	9154
1295	9487
1297	9747
1312	9152
1312	9338
1312	9895
1317	9372
1317	9877
1321	9076
1321	9866
1324	7850
1334	2622
1334	9385
1335	4781
1335	9616
1347	4305
1347	8479
1359	3654
1359	3709
1359	5263
1359	9487
1361	3823
1361	9565
1366	1782
1366	8182
1366	9083
1367	2588
1367	8823
1367	8881
1369	5567
1369	8258
1369	8876
1369	9035
1369	9155
1369	9274
1386	9928
1389	3715
1389	7431
1391	9413
1393	6913
1399	7558
1406	786
1406	9184
1416	8839
1420	6407
1420	7782
1420	9909
1420	9920
1430	4312
1430	8171
1430	8940
1430	9526
1430	9861
1445	1851
1453	3230
1453	6760
1453	7818
1453	9594
1453	9786
1463	9655
1463	9817
1463	9861
1465	8572
1465	9517
1465	9743
1471	6467
1471	6647
1471	9504
1472	3545
1472	9154
1473	3614
1490	8047
1490	8392
1495	7782
1496	9993
1502	3474
1502	4213
1505	9719
1510	5623
1510	7814
1510	9817
1514	2627
1514	8992
1516	9997
1538	2654
1551	7314
1551	9381
1562	6839
1562	8159
1572	9517
1572	9952
1576	6552
1593	8270
1593	9833
1593	9839
1595	4676
1613	6355
1613	6728
1613	8873
1613	9315
1613	9650
1617	6203
1620	4895
1620	7318
1623	9648
1623	9933
1627	3751
1627	8006
1636	8662
1636	9152
1636	9234
1644	9866
1650	8585
1650	9960
1651	8433
1654	3694
1654	5491
1654	8409
1665	3
1666	2796
1666	9295
1666	9357
1669	628
1669	7444
1694	9696
1700	8252
1700	9557
1710	8270
1710	9547
1716	8445
1716	9146
1717	8567
1717	9505
1732	529
1732	9693
1740	5603
1740	8352
1742	8857
1742	9296
1742	9886
1761	9716
1775	9120
1779	7793
1779	7862
1780	9347
1780	9533
1780	9729
1782	1366
1795	6552
1795	9464
1795	9488
1795	9550
1798	5626
1798	8596
1798	9513
1800	7228
1800	9505
1822	3031
1822	9453
1823	9127
1825	7326
1827	9197
1827	9878
1827	9933
1833	3274
1833	6063
1833	6760
1833	9605
1837	9996
1842	4094
1842	4330
1851	1445
1853	4931
1853	8942
1855	4280
1855	6068
1855	7791
1855	7917
1855	7982
1860	9594
1861	3995
1861	6936
1861	9617
1867	6223
1867	6490
1867	6714
1869	8602
1872	8272
1876	7142
1876	8258
1878	3291
1878	7718
1878	8604
1878	9684
1878	9970
1880	3963
1880	5649
1880	9620
1881	6623
1881	7549
1886	2925
1886	4163
1886	9440
1890	9650
1891	7263
1894	9684
1899	8719
1899	8805
1904	2527
1904	5172
1914	6073
1914	8445
1920	6913
1923	9912
1924	6282
1924	8570
1932	8046
1932	9478
1936	4419
1936	5865
1936	8569
1936	8941
1937	5942
1937	9719
1947	8718
1947	9798
1959	59
1959	9154
1963	2889
1963	7183
1963	9328
1970	7069
1970	9439
1975	2654
1976	5119
1976	8103
1976	9892
1981	5646
1981	9650
1992	7587
1993	4419
1995	9138
1995	9381
2002	5473
2002	7196
2002	9950
2010	7476
2010	7654
2010	8350
2052	425
2052	7482
2066	6324
2066	8034
2068	5468
2068	8323
2070	5695
2070	6177
2070	7484
2071	9237
2089	9747
2089	9786
2092	8293
2092	8474
2092	8764
2092	9214
2092	9388
2096	2567
2096	5921
2096	8483
2096	9007
2104	8194
2104	9639
2105	851
2105	5901
2107	3686
2107	5468
2107	7263
2114	7389
2114	7680
2114	7805
2118	5271
2118	8138
2131	6036
2131	6755
2131	8348
2133	8297
2133	8873
2138	969
2138	4564
2138	8243
2138	8567
2156	5790
2156	5990
2156	9464
2156	9550
2156	9743
2175	6647
2175	8356
2175	8383
2182	5973
2182	8633
2182	9716
2194	8919
2194	9747
2203	9640
2207	3773
2207	6771
2207	8197
2207	8868
2207	9866
2210	8327
2217	4821
2217	9356
2218	6439
2223	6665
2223	9214
2225	4744
2225	7484
2225	7693
2225	9451
2225	9625
2228	4795
2228	8126
2228	9402
2228	9812
2245	9357
2255	3050
2255	6243
2255	7549
2258	7791
2258	9912
2260	9274
2267	3222
2267	9716
2271	77
2271	9061
2271	9639
2282	4768
2282	8350
2282	9321
2292	6110
2292	9700
2292	9974
2297	7370
2297	7444
2306	4426
2306	4899
2306	7663
2306	8230
2306	8778
2323	3904
2323	8356
2330	9821
2336	7441
2336	8392
2343	3084
2343	7435
2347	857
2347	6050
2348	9866
2354	480
2354	3413
2354	6063
2354	9605
2357	2580
2357	5809
2364	9269
2364	9866
2372	8385
2372	10000
2382	2842
2382	9435
2383	8765
2383	9431
2383	9625
2392	9281
2392	9839
2393	4251
2393	6883
2401	962
2401	9643
2401	9968
2406	4221
2406	8999
2408	2867
2408	8190
2408	9786
2408	9970
2410	2527
2411	6913
2411	8469
2411	8729
2423	8840
2423	9770
2424	7571
2424	8433
2427	8175
2427	8469
2427	9708
2427	9717
2439	9301
2439	9786
2441	8046
2441	8884
2441	9127
2441	9785
2446	2589
2446	6946
2446	8574
2446	9437
2454	564
2454	4398
2454	8305
2454	9429
2460	2715
2460	9878
2462	4148
2462	7711
2465	3130
2465	9611
2465	9861
2486	5854
2486	8842
2486	9272
2486	9877
2489	5385
2489	6796
2502	1264
2502	9916
2507	9385
2509	9879
2512	7476
2512	9120
2512	9412
2526	3514
2527	1904
2527	2410
2527	7964
2527	8858
2535	4381
2535	6257
2535	9592
2543	2713
2543	8385
2543	9550
2551	8212
2551	9453
2556	8976
2564	8380
2564	8820
2567	2096
2574	5086
2574	8027
2580	2357
2580	7488
2588	1367
2589	2446
2589	6355
2589	8785
2593	3192
2593	8521
2622	1334
2622	8284
2622	9640
2627	1514
2627	4036
2627	6714
2627	9667
2634	6490
2634	9419
2638	2889
2642	572
2642	8764
2654	1538
2654	1975
2654	5791
2654	8949
2656	6620
2664	9040
2672	7324
2672	8998
2683	4395
2698	4545
2698	8862
2698	9684
2698	9997
2702	5304
2702	9602
2702	9711
2705	6407
2705	9812
2713	2543
2713	7177
2713	9909
2715	323
2715	2460
2715	9952
2716	3356
2716	9478
2716	9798
2722	4484
2728	9809
2742	333
2742	8876
2750	9439
2754	195
2754	9107
2764	7285
2780	8026
2780	8293
2780	8916
2781	2938
2781	7908
2781	9534
2785	8536
2785	8585
2785	9892
2789	7948
2796	1666
2801	7818
2801	9095
2801	9540
2810	4574
2810	6243
2815	7693
2817	4137
2817	7625
2817	8206
2822	4882
2822	5723
2822	7587
2838	710
2838	6900
2838	8908
2838	9907
2840	8088
2840	8252
2840	8403
2840	9027
2840	9510
2840	9883
2842	2382
2842	9223
2850	9818
2867	2408
2867	2927
2867	9010
2867	9786
2874	4234
2874	7015
2874	7912
2874	8348
2874	9510
2889	1963
2889	2638
2889	7827
2889	7857
2891	4161
2891	5519
2891	5990
2891	6138
2891	8274
2897	6627
2897	9270
2901	7843
2901	8980
2901	9866
2903	6127
2903	8647
2908	9696
2919	4682
2919	8933
2919	9069
2919	9124
2921	9579
2923	7562
2923	8922
2923	9272
2925	787
2925	1886
2925	3352
2925	6543
2925	7437
2927	2867
2927	7654
2927	7927
2927	9637
2929	7862
2933	8240
2933	8689
2933	8699
2936	7547
2936	7724
2936	9053
2936	9321
2936	9494
2938	2781
2938	8479
2938	9966
2943	335
2943	7549
2943	9713
2943	9719
2944	8980
2960	4165
2960	8584
2960	9341
2965	1003
2965	9474
2965	9950
2967	9766
2967	9778
2975	7827
2975	8812
2989	6679
2989	7444
2989	9747
2990	7386
2990	9534
3006	7560
3006	9372
3017	3280
3017	5124
3020	5955
3020	8367
3025	5124
3025	6762
3025	7827
3031	1822
3031	5271
3031	9878
3033	777
3033	5152
3033	8411
3033	9455
3050	2255
3053	4755
3053	5567
3053	8609
3053	9120
3054	7685
3054	9152
3061	9466
3064	6255
3064	9272
3064	9464
3066	3585
3066	8585
3068	6068
3068	6629
3068	9616
3068	9763
3070	8842
3070	8929
3070	9232
3070	9877
3078	6905
3084	2343
3084	5655
3084	9165
3086	3706
3086	5019
3102	4024
3102	7698
3102	8367
3107	8261
3115	5915
3115	8305
3115	9198
3115	9916
3125	5277
3125	6202
3125	6604
3125	9279
3125	9603
3127	7927
3127	8585
3130	2465
3134	8858
3134	9567
3135	3925
3135	9533
3162	6664
3162	9689
3162	9798
3164	3373
3164	4558
3164	6273
3170	7298
3174	947
3174	7968
3174	8840
3174	9323
3174	9511
3174	9898
3186	6452
3189	9347
3189	9785
3191	3375
3191	9199
3192	2593
3196	6082
3200	732
3200	8385
3200	10000
3207	9390
3207	9505
3212	9087
3212	9603
3218	8572
3218	9488
3218	9743
3222	2267
3222	4691
3222	4844
3225	9453
3225	9763
3225	9792
3230	1453
3230	8375
3230	8596
3230	8651
3230	9513
3237	5649
3237	5973
3237	9138
3238	6928
3238	7153
3238	7324
3238	9809
3249	8572
3255	6082
3255	6179
3255	8962
3255	9700
3256	9977
3260	9235
3260	9592
3268	8889
3268	9446
3274	1833
3274	8644
3279	5649
3279	8363
3280	3017
3280	8962
3280	9464
3288	8028
3288	9602
3288	9711
3291	1878
3291	4197
3291	5976
3296	4419
3296	4517
3296	9684
3296	9909
3304	7663
3304	9453
3304	9883
3305	8440
3309	8999
3316	4235
3323	5555
3323	6422
3335	7751
3337	4807
3337	9095
3347	9754
3350	6355
3350	7247
3350	8785
3350	9315
3352	2925
3352	4673
3353	7196
3353	9120
3356	2716
3363	4762
3363	6157
3363	6848
3363	7908
3367	6449
3367	9270
3367	9853
3367	9968
3368	8479
3373	3164
3373	7927
3375	3191
3375	9354
3381	8563
3381	9640
3386	4165
3386	9455
3386	9754
3391	9076
3391	9912
3397	9533
3400	9977
3413	2354
3413	8300
3413	9833
3425	4504
3454	875
3454	5723
3454	7539
3454	9138
3462	6110
3462	9812
3462	9974
3463	3848
3463	5555
3474	1502
3474	4931
3474	9127
3479	4884
3479	5321
3479	6034
3482	8019
3482	9010
3482	9916
3484	4656
3484	6928
3484	9993
3489	5882
3494	7482
3494	8361
3497	8482
3497	9385
3499	4943
3499	9165
3505	4781
3505	9156
3505	9204
3514	2526
3514	8171
3522	3523
3522	7793
3523	3522
3523	8440
3527	3727
3527	7843
3527	9866
3531	8662
3531	9166
3531	9561
3532	1272
3532	4654
3532	7325
3532	8380
3532	9495
3545	1472
3545	8471
3545	9184
3545	9214
3546	6050
3546	9409
3547	4189
3547	9429
3557	9643
3557	9705
3560	8506
3560	9592
3567	9895
3585	3066
3591	7562
3591	9121
3593	5649
3593	8353
3605	9708
3605	9717
3609	7688
3609	9933
3614	1473
3614	8474
3615	9447
3617	609
3617	9429
3617	9693
3617	9993
3623	6560
3631	4221
3631	6560
3631	9632
3631	9763
3631	9792
3641	9616
3645	8454
3654	1359
3654	5551
3655	6836
3655	9026
3655	9716
3657	4271
3657	8277
3672	8894
3686	2107
3686	5385
3686	9494
3693	6767
3693	8698
3694	1654
3694	3747
3694	5603
3694	8033
3695	6315
3695	7625
3698	9511
3698	9761
3706	3086
3706	5695
3706	6290
3706	9895
3708	9785
3709	677
3709	1359
3709	7074
3709	9487
3715	1389
3715	3995
3715	7037
3715	9584
3727	3527
3727	9534
3727	9993
3734	5749
3734	5790
3734	8593
3747	3694
3747	4116
3749	5341
3749	8647
3751	1627
3751	9920
3757	9037
3759	7701
3759	9550
3773	2207
3773	3972
3777	6437
3783	4762
3783	7843
3783	7882
3787	9493
3810	464
3810	4669
3810	4744
3810	9197
3810	9256
3816	8011
3816	8933
3816	9069
3823	1361
3823	5302
3823	7007
3825	9413
3838	9446
3845	4500
3845	8562
3845	9933
3848	3463
3848	4221
3848	5555
3853	6799
3853	7833
3869	6809
3869	8325
3872	7454
3879	7039
3879	9694
3889	9409
3891	7968
3891	8666
3891	9474
3891	9864
3904	2323
3904	4499
3904	9504
3906	8818
3906	9121
3908	8103
3908	9007
3912	435
3912	900
3912	4326
3912	6439
3912	6496
3912	7604
3914	7892
3914	8764
3914	9439
3914	9788
3925	3135
3925	9960
3941	5245
3941	7827
3941	9930
3943	5095
3943	8593
3943	9511
3947	7461
3954	835
3954	7640
3954	7680
3959	8651
3959	8972
3963	1880
3963	5314
3963	7833
3972	3773
3972	6964
3972	9883
3977	6796
3977	9785
3984	4165
3984	9435
3985	5973
3985	8513
3994	5646
3994	9970
3995	1861
3995	3715
3995	8765
4000	7114
4000	7818
4000	9620
4000	9898
4002	8178
4002	9599
4005	4998
4005	5632
4005	7203
4005	9495
4005	9620
4021	5492
4021	6073
4022	5142
4022	9769
4023	4221
4023	9529
4023	9639
4024	3102
4024	6273
4033	7564
4033	7978
4033	9235
4036	2627
4036	8857
4046	5516
4046	8651
4046	8972
4046	9119
4052	7530
4052	8474
4052	8666
4060	9276
4060	9426
4061	15
4061	5304
4061	8310
4061	8719
4094	1842
4094	8053
4094	9180
4097	6779
4097	7007
4097	7361
4097	8288
4098	8300
4098	9390
4103	7686
4103	9809
4105	9381
4107	8327
4108	659
4108	9766
4115	9065
4115	9159
4115	9419
4116	677
4116	3747
4116	5791
4118	7198
4118	8126
4118	8805
4118	9561
4120	8033
4120	9693
4133	9165
4133	9270
4133	9639
4135	4470
4135	8206
4135	9716
4137	2817
4137	6452
4137	6679
4137	8456
4140	7986
4148	2462
4148	7833
4148	9146
4148	10000
4154	5481
4154	9431
4154	9864
4156	7343
4157	7046
4157	7820
4157	9648
4158	9534
4158	9892
4158	9977
4161	2891
4161	8385
4161	9831
4163	1886
4163	9565
4165	2960
4165	3386
4165	3984
4165	8584
4179	9798
4188	7982
4188	8698
4189	3547
4189	6233
4189	7923
4197	3291
4197	8151
4203	6765
4203	7265
4203	7892
4203	8445
4203	9533
4213	1502
4221	2406
4221	3631
4221	3848
4221	4023
4221	8574
4221	9826
4234	2874
4234	6589
4234	9184
4235	3316
4235	9982
4249	9079
4249	9155
4249	9952
4251	2393
4251	9180
4252	8006
4252	8942
4259	8980
4263	6929
4263	9166
4269	4459
4269	8011
4269	8693
4271	3657
4271	4836
4271	9159
4271	9451
4280	1855
4280	8922
4283	8126
4283	8916
4283	9561
4293	5381
4293	9354
4296	9892
4303	9223
4303	9272
4303	9433
4305	813
4305	1347
4305	9501
4310	956
4310	4326
4310	9840
4312	1430
4312	8940
4315	435
4315	6839
4315	8901
4316	7110
4316	7327
4318	4385
4318	7581
4318	9713
4318	9996
4326	3912
4326	4310
4326	9708
4326	9717
4330	1842
4330	4853
4330	6703
4341	6433
4341	8338
4341	9334
4346	9974
4347	7877
4347	7991
4347	9354
4347	9831
4351	4654
4351	5882
4351	10000
4356	4387
4356	5019
4356	8327
4356	8818
4356	8901
4357	7571
4357	8482
4357	9188
4357	9853
4366	7723
4373	4539
4373	6771
4373	9581
4377	6796
4377	9495
4381	2535
4381	7231
4381	9639
4385	4318
4387	188
4387	1015
4387	4356
4387	6546
4387	9866
4388	5481
4388	5999
4388	8277
4388	9950
4395	2683
4395	9878
4398	2454
4398	7644
4398	9617
4403	8210
4413	5497
4413	7586
4413	8407
4419	1936
4419	1993
4419	3296
4419	6431
4419	8941
4424	6043
4424	8919
4424	9713
4426	93
4426	2306
4426	9446
4433	1230
4433	7730
4433	8980
4433	9011
4436	9620
4436	9826
4446	5245
4446	7927
4446	8375
4446	8992
4446	9513
4446	9817
4456	8296
4459	4269
4459	9223
4464	4809
4464	9235
4470	4135
4470	6127
4470	6865
4470	9650
4479	219
4479	6432
4479	9447
4483	6490
4483	8261
4483	9478
4484	2722
4484	7515
4484	7646
4488	8859
4488	9599
4488	9632
4490	9301
4490	9495
4491	6897
4491	9839
4493	8720
4493	9526
4499	3904
4499	9974
4500	3845
4500	5962
4501	6187
4501	8296
4504	3425
4504	8429
4504	9223
4504	9433
4504	9763
4512	8959
4512	9435
4514	5265
4514	8088
4514	9198
4514	9284
4514	9493
4517	3296
4517	9684
4517	9909
4524	8785
4526	8521
4526	8633
4526	9393
4528	76
4528	6494
4528	7153
4528	7532
4531	7335
4531	9766
4531	9778
4539	770
4539	4373
4539	7897
4539	9579
4539	9878
4545	2698
4545	9997
4553	7911
4553	9912
4555	6647
4555	9821
4558	1164
4558	3164
4558	5007
4564	2138
4564	5921
4564	7141
4564	7915
4574	2810
4574	9592
4575	9864
4587	7327
4587	8099
4587	9220
4596	7160
4602	336
4602	8026
4602	9744
4602	9747
4620	6799
4623	7799
4623	9912
4629	9205
4629	9616
4630	6072
4630	8928
4636	4691
4636	7119
4636	8373
4638	7530
4638	7589
4638	9744
4638	9827
4639	8268
4639	9879
4650	7290
4654	3532
4654	4351
4654	9708
4654	10000
4656	3484
4656	5770
4656	8644
4656	9960
4658	6282
4658	8447
4658	9840
4662	7007
4662	7285
4669	3810
4669	8445
4669	9154
4671	5882
4673	3352
4673	6282
4673	8338
4676	1595
4676	8461
4676	8765
4676	8946
4676	9431
4676	9556
4682	2919
4682	6252
4682	7996
4684	5695
4684	7646
4684	8528
4691	3222
4691	4636
4691	7686
4691	9504
4691	9729
4691	9809
4694	7305
4694	7466
4694	8363
4694	9744
4702	5978
4702	6497
4718	8822
4718	9220
4718	9653
4719	9338
4719	9426
4719	9895
4719	9996
4722	7318
4722	7582
4722	8325
4722	9840
4736	857
4736	4888
4736	8651
4744	2225
4744	3810
4744	5074
4752	5497
4752	6988
4752	7991
4752	8959
4752	9831
4755	3053
4755	9120
4755	9412
4757	8258
4757	9035
4757	9274
4762	3363
4762	3783
4768	2282
4768	6767
4768	7425
4768	8913
4768	9474
4768	9581
4773	8019
4773	9517
4781	1335
4781	3505
4781	6695
4781	8933
4781	9204
4781	9997
4782	9119
4782	9643
4782	9950
4789	5723
4789	9357
4789	9878
4789	9974
4792	6046
4792	8334
4792	8877
4792	9744
4795	2228
4795	6607
4795	6627
4795	9520
4799	6836
4799	9789
4807	3337
4807	9402
4807	9530
4809	4464
4809	8585
4809	9344
4809	9818
4819	1108
4821	2217
4821	9785
4821	9977
4830	5021
4830	6936
4830	9087
4830	9556
4830	9603
4834	8942
4834	9684
4834	9895
4836	4271
4836	5647
4836	8764
4841	628
4841	6854
4841	8562
4841	9388
4842	9510
4844	3222
4844	8842
4853	4330
4853	5021
4853	9895
4869	7793
4869	9529
4869	9877
4870	5245
4870	7301
4870	9079
4870	9155
4870	9952
4873	6930
4873	6988
4873	8908
4873	9135
4881	5770
4881	7265
4881	9534
4882	2822
4882	9347
4882	9449
4884	3479
4884	5321
4888	4736
4894	6779
4895	1620
4895	8325
4895	9840
4899	2306
4899	4949
4899	5416
4899	5558
4899	8959
4899	9152
4901	9053
4901	9321
4907	5304
4931	1853
4931	3474
4931	9453
4936	609
4936	5516
4943	923
4943	3499
4943	6315
4943	9455
4949	4899
4949	7685
4949	8959
4949	9076
4955	8039
4955	8559
4960	7765
4960	8043
4962	536
4962	7507
4967	5437
4967	9284
4967	9326
4968	7723
4968	9861
4981	6166
4981	7326
4983	6100
4983	8151
4998	4005
4998	8356
4998	9495
5003	8521
5003	9435
5007	4558
5018	9223
5018	9433
5019	3086
5019	4356
5019	7548
5019	9429
5021	4830
5021	4853
5021	7586
5021	8929
5022	5521
5022	8297
5022	9363
5025	7114
5025	9668
5029	5503
5029	6431
5029	8941
5047	9156
5047	9982
5050	7386
5050	9389
5051	7539
5051	9135
5059	6110
5059	8966
5059	9700
5065	340
5065	9120
5071	8951
5071	9966
5074	4744
5076	9766
5076	9778
5086	900
5086	2574
5086	8559
5086	8998
5090	962
5090	7230
5090	7326
5093	5497
5093	6683
5093	8407
5095	3943
5095	5962
5095	9455
5103	7022
5103	8212
5103	8718
5103	9087
5103	9232
5104	1185
5104	8617
5111	9530
5115	841
5115	6936
5115	6964
5115	7693
5118	7230
5118	7558
5118	7711
5119	1976
5119	8785
5124	3017
5124	3025
5124	5824
5124	6250
5124	6467
5124	7274
5124	8310
5124	9279
5125	792
5132	6506
5132	6760
5132	6828
5132	7753
5132	8989
5142	4022
5142	7386
5142	9334
5142	9821
5143	7688
5143	9997
5147	5263
5147	6455
5147	7441
5147	9197
5149	9977
5152	3033
5152	6452
5152	7327
5152	9461
5153	9157
5153	9357
5172	1904
5196	6494
5206	6641
5229	7973
5229	8440
5229	9513
5229	9928
5230	8361
5231	9276
5231	9426
5232	7389
5232	8592
5232	9952
5240	8359
5240	9285
5240	9477
5240	9950
5245	3941
5245	4446
5245	4870
5245	7558
5245	7753
5245	8461
5245	8765
5245	9431
5247	5491
5247	7644
5251	6839
5251	8989
5263	1359
5263	5147
5263	5273
5263	6761
5263	9625
5265	4514
5265	7370
5265	8884
5265	8919
5265	9284
5265	9326
5265	9493
5271	2118
5271	3031
5271	8067
5271	9040
5273	5263
5273	7341
5273	9625
5276	6091
5276	8330
5276	9166
5276	9974
5277	323
5277	3125
5277	7986
5277	8160
5294	6627
5296	6196
5302	3823
5303	6252
5303	7996
5303	8272
5303	9127
5303	9792
5304	2702
5304	4061
5304	4907
5304	8719
5304	9011
5308	6627
5308	7254
5312	1186
5312	5978
5312	8903
5313	8778
5314	3963
5314	6086
5314	6638
5314	6824
5314	9065
5314	9083
5314	9146
5321	368
5321	971
5321	3479
5321	4884
5321	8798
5323	9533
5323	9960
5326	669
5326	8913
5326	9474
5337	5901
5337	7644
5337	9617
5341	263
5341	3749
5341	9639
5347	6767
5347	7680
5347	8369
5347	8380
5350	5497
5350	6290
5350	8469
5362	513
5362	5514
5362	9831
5367	6063
5367	8228
5367	9696
5367	9866
5370	5804
5370	6863
5370	8076
5370	8270
5379	8329
5381	4293
5385	2489
5385	3686
5385	5491
5385	7653
5385	7703
5385	8385
5385	9318
5395	8567
5395	8962
5395	8976
5416	4899
5416	8959
5416	9743
5423	7701
5423	8569
5423	9517
5424	5836
5424	9639
5435	7116
5435	8028
5437	4967
5437	7370
5437	9326
5437	9703
5437	9785
5440	5695
5440	6828
5440	7560
5468	480
5468	2068
5468	2107
5473	2002
5473	8027
5473	8609
5473	9120
5473	9412
5481	4154
5481	4388
5481	9864
5491	1654
5491	5247
5491	5385
5491	7556
5491	8536
5491	9234
5492	4021
5492	6179
5492	8126
5492	9643
5497	4413
5497	4752
5497	5093
5497	5350
5497	5907
5497	6059
5497	6092
5497	7352
5497	8407
5499	8407
5503	5029
5503	9622
5514	5362
5514	6827
5514	8478
5515	6074
5515	6475
5515	6930
5515	9385
5516	4046
5516	4936
5516	8644
5516	8651
5516	8972
5516	9617
5519	2891
5519	6616
5519	7007
5519	9529
5521	5022
5521	6196
5521	8297
5521	9363
5521	9451
5534	7788
5534	7862
5534	9069
5534	9155
5550	7246
5550	7843
5550	8284
5550	9435
5551	1145
5551	3654
5551	6033
5551	9487
5555	3323
5555	3463
5555	3848
5555	9296
5558	4899
5558	9107
5558	9324
5562	7996
5562	9152
5562	9970
5567	1369
5567	3053
5567	8521
5567	9426
5567	9798
5569	8857
5569	9603
5569	9878
5573	8046
5589	7657
5603	1740
5603	3694
5603	8785
5621	6236
5621	6633
5621	9505
5623	1510
5623	7294
5623	8913
5623	9655
5623	9700
5626	1798
5626	7493
5632	4005
5632	6065
5632	7604
5632	8919
5632	8976
5632	9996
5636	9069
5636	9488
5646	1981
5646	3994
5647	4836
5647	6637
5647	7123
5647	9599
5647	9694
5649	1880
5649	3237
5649	3279
5649	3593
5649	8894
5655	3084
5655	7183
5658	7751
5658	9344
5658	9458
5658	9637
5671	9180
5671	9687
5676	7571
5676	7782
5676	8881
5695	2070
5695	3706
5695	4684
5695	5440
5695	7484
5695	8765
5695	8839
5720	894
5720	9526
5720	9529
5720	9581
5720	9617
5723	2822
5723	3454
5723	4789
5723	8998
5725	7814
5725	9487
5727	6152
5727	9323
5727	9599
5743	8633
5743	9388
5749	3734
5749	7879
5749	8884
5749	9390
5753	7168
5753	8811
5753	9102
5753	9449
5753	9505
5753	9977
5763	7541
5763	9320
5764	7203
5764	9652
5770	4656
5770	4881
5770	7261
5770	9533
5790	2156
5790	3734
5790	5917
5790	7915
5790	8572
5790	9464
5790	9488
5790	9550
5790	9708
5790	9743
5791	2654
5791	4116
5791	8935
5804	835
5804	5370
5804	6863
5804	9429
5808	7168
5809	179
5809	2357
5809	8669
5816	8491
5816	9511
5819	8506
5819	8928
5824	5124
5824	7433
5824	9778
5828	9199
5828	9341
5836	5424
5836	6431
5836	7058
5836	9447
5838	6755
5838	7642
5838	9703
5838	9789
5844	7053
5844	9284
5854	2486
5854	8536
5854	9812
5859	6223
5859	6422
5859	8027
5859	8873
5865	1160
5865	1936
5865	7228
5865	9413
5869	9620
5869	9839
5882	3489
5882	4351
5882	4671
5882	7698
5882	8385
5901	2105
5901	5337
5901	6309
5901	6936
5901	7718
5901	8441
5901	9617
5906	7833
5906	7927
5906	9295
5906	9982
5907	5497
5907	6318
5907	9285
5907	9449
5907	9785
5907	9977
5908	7691
5915	3115
5915	9786
5917	5790
5917	7435
5917	8383
5917	8941
5917	9256
5917	9341
5921	2096
5921	4564
5921	5927
5921	6863
5921	8093
5927	5921
5927	6890
5927	7058
5927	8479
5927	8494
5927	9966
5942	1937
5942	8532
5942	8991
5945	6475
5945	7285
5945	8811
5945	8820
5945	9320
5945	9567
5952	1174
5952	9713
5952	9996
5955	3020
5955	8387
5955	8567
5955	9154
5955	9763
5955	9792
5960	7254
5960	8784
5960	8949
5960	9556
5962	4500
5962	5095
5962	9455
5963	8559
5963	9700
5963	9773
5965	7183
5965	8903
5968	6086
5972	7999
5972	8625
5972	9180
5972	9477
5973	2182
5973	3237
5973	3985
5973	7782
5973	8293
5973	8881
5973	9204
5976	3291
5976	9107
5976	9526
5978	143
5978	4702
5978	5312
5983	7274
5983	8310
5983	9293
5990	2156
5990	2891
5990	6385
5990	8274
5991	9833
5998	7820
5998	8858
5998	9389
5998	9930
5999	4388
5999	9427
5999	9447
5999	9622
5999	9809
6004	7805
6004	8157
6004	8769
6014	866
6014	9839
6028	464
6028	6494
6028	7515
6028	8034
6028	9954
6033	5551
6033	8822
6033	9220
6033	9653
6033	9960
6034	3479
6034	9605
6034	9694
6036	2131
6036	7305
6036	8877
6036	9678
6036	9744
6040	9154
6043	4424
6043	8919
6043	9356
6043	9996
6046	1188
6046	4792
6046	7278
6046	8334
6046	8363
6046	9744
6050	2347
6050	3546
6050	6665
6050	8929
6056	9713
6056	9879
6059	5497
6059	7827
6059	8561
6059	8940
6060	7044
6060	8411
6060	8785
6063	1833
6063	2354
6063	5367
6063	8562
6063	8596
6065	5632
6065	7183
6065	7581
6065	8919
6065	9265
6067	8765
6068	1855
6068	3068
6068	8980
6068	9412
6068	9960
6072	4630
6072	8138
6072	8567
6072	9684
6072	9966
6073	1914
6073	4021
6073	8100
6073	9508
6073	9599
6074	5515
6074	8992
6074	9385
6079	7444
6079	8928
6079	9883
6082	3196
6082	3255
6082	7247
6082	7301
6082	8338
6082	8933
6086	5314
6086	5968
6086	6799
6086	6824
6086	7711
6086	9146
6091	5276
6091	8602
6091	9974
6092	5497
6092	8407
6100	4983
6100	8617
6100	9354
6100	9468
6104	7182
6104	8380
6104	9214
6104	9446
6110	2292
6110	3462
6110	5059
6110	8966
6110	9447
6110	9974
6114	6805
6114	7915
6114	8395
6114	8859
6114	8894
6114	9464
6114	9488
6114	9743
6127	2903
6127	4470
6127	8482
6138	2891
6138	7246
6142	8160
6142	9625
6152	5727
6154	669
6154	7435
6154	8790
6154	9341
6154	9689
6157	3363
6157	8310
6157	8729
6157	8818
6157	9121
6157	9967
6166	4981
6166	7582
6166	7604
6166	8894
6177	2070
6177	8580
6177	9295
6179	3255
6179	5492
6179	7548
6179	7850
6187	4501
6187	9764
6187	9967
6196	431
6196	5296
6196	5521
6196	8375
6196	8596
6196	8992
6202	3125
6202	8559
6202	8822
6202	9220
6202	9653
6202	9675
6203	1227
6203	1617
6203	7730
6203	8633
6203	9494
6203	9716
6223	1867
6223	5859
6223	7109
6223	8854
6230	6755
6230	7644
6230	8261
6230	8509
6230	9997
6233	4189
6233	9581
6236	1273
6236	5621
6236	7680
6236	8240
6236	8699
6236	9381
6243	77
6243	587
6243	745
6243	2255
6243	2810
6243	7015
6243	7672
6247	7142
6250	5124
6250	7274
6250	7518
6250	8279
6252	4682
6252	5303
6252	7488
6252	9180
6255	3064
6255	6490
6255	9812
6257	2535
6257	7431
6257	8372
6271	1133
6271	8945
6271	9928
6273	3164
6273	4024
6273	8272
6278	7935
6281	8027
6281	9324
6282	1924
6282	4658
6282	4673
6282	8901
6283	6848
6283	7177
6290	501
6290	3706
6290	5350
6294	7476
6294	9798
6309	5901
6309	6936
6309	7281
6309	9617
6311	7254
6311	9556
6315	3695
6315	4943
6315	8284
6318	5907
6318	6604
6318	9950
6324	2066
6324	7982
6324	8876
6324	9307
6332	7688
6332	9223
6332	9433
6355	1613
6355	2589
6355	3350
6355	9311
6355	9315
6355	9650
6358	9711
6366	7571
6366	8720
6374	9144
6374	9696
6385	5990
6385	7662
6385	8634
6385	9529
6385	9877
6389	8268
6389	9026
6389	9755
6400	8604
6400	9684
6400	9909
6407	1420
6407	2705
6422	86
6422	3323
6422	5859
6422	7389
6422	9154
6429	9458
6429	9602
6429	9705
6431	4419
6431	5029
6431	5836
6431	6528
6431	8941
6431	9655
6432	4479
6432	6799
6432	7281
6432	9447
6433	4341
6433	7389
6433	8338
6433	9334
6437	3777
6439	2218
6439	3912
6439	7724
6439	8182
6439	9083
6439	9402
6448	8088
6448	8693
6448	8839
6448	9427
6448	9773
6449	3367
6449	7686
6452	3186
6452	4137
6452	5152
6452	9461
6452	9599
6452	9632
6455	5147
6455	8454
6467	1471
6467	5124
6467	7915
6467	9912
6475	5515
6475	5945
6475	8561
6475	8811
6475	8820
6475	9320
6475	9567
6490	1867
6490	2634
6490	4483
6490	6255
6490	8302
6492	8876
6492	9035
6492	9274
6492	9895
6494	4528
6494	5196
6494	6028
6494	8617
6496	770
6496	3912
6496	7897
6497	4702
6497	7068
6497	8369
6499	9204
6499	9580
6499	9705
6499	9994
6506	5132
6506	6828
6506	7691
6506	8989
6509	9769
6523	9235
6523	9381
6528	6431
6532	7476
6532	9507
6543	984
6543	2925
6543	8818
6546	4387
6546	9916
6551	8016
6551	8790
6551	8913
6552	1576
6552	1795
6552	9152
6552	9157
6558	9526
6560	3623
6560	3631
6560	7562
6560	8561
6560	9296
6560	9792
6582	7929
6582	8901
6582	9388
6582	9700
6589	4234
6589	9184
6600	7833
6600	9007
6600	9131
6600	9135
6600	9315
6604	290
6604	3125
6604	6318
6604	9477
6604	9643
6607	4795
6607	8305
6607	9429
6607	9520
6616	5519
6616	9477
6620	2656
6620	8279
6623	1881
6623	6836
6623	9789
6627	2897
6627	4795
6627	5294
6627	5308
6629	3068
6629	7144
6629	8765
6629	9982
6633	5621
6633	7217
6633	7324
6633	8562
6637	5647
6637	9413
6637	9694
6637	9886
6638	5314
6638	9655
6638	9708
6638	9817
6641	5206
6641	7434
6641	9743
6641	9933
6644	7343
6644	7753
6644	9864
6644	10000
6647	1471
6647	2175
6647	4555
6647	8580
6647	9427
6647	9954
6652	8521
6652	9617
6652	9833
6664	3162
6664	7090
6664	9356
6664	9798
6664	9895
6665	2223
6665	6050
6665	7129
6665	8552
6665	9293
6679	2989
6679	4137
6683	5093
6683	8705
6695	4781
6695	7454
6695	7765
6695	8840
6703	4330
6703	7762
6706	7434
6714	1867
6714	2627
6714	7074
6714	7505
6714	8857
6726	370
6726	7274
6726	8433
6726	9594
6728	1613
6728	7646
6728	9453
6728	9689
6741	9180
6743	828
6743	8274
6743	8854
6743	8889
6743	9296
6743	9530
6744	8019
6744	9131
6744	9135
6744	9594
6746	218
6746	8011
6746	8881
6746	8933
6746	9069
6746	9861
6748	7193
6748	9556
6748	9711
6755	2131
6755	5838
6755	6230
6755	7625
6755	8206
6755	8482
6755	8859
6755	9372
6755	9581
6755	9599
6757	7151
6757	7195
6757	9393
6760	1453
6760	1833
6760	5132
6760	8572
6760	9026
6760	9786
6761	5263
6761	7931
6761	8338
6762	3025
6762	7409
6762	9297
6765	4203
6765	7882
6767	236
6767	3693
6767	4768
6767	5347
6767	8698
6768	8230
6768	9232
6771	2207
6771	4373
6771	9198
6774	7765
6774	8277
6774	9440
6779	4097
6779	4894
6779	8075
6779	8228
6790	583
6790	7058
6790	8966
6790	9188
6790	9307
6790	9853
6796	2489
6796	3977
6796	4377
6796	8569
6796	9513
6799	3853
6799	4620
6799	6086
6799	6432
6799	6824
6799	7833
6799	9146
6805	6114
6805	9617
6809	3869
6809	6964
6809	7116
6809	8769
6809	9883
6821	947
6821	6890
6821	7703
6821	8617
6821	9026
6824	901
6824	5314
6824	6086
6824	6799
6824	7711
6824	8097
6824	8349
6824	8862
6824	9146
6824	9716
6827	5514
6827	9477
6828	5132
6828	5440
6828	6506
6828	8876
6828	8989
6836	3655
6836	4799
6836	6623
6839	396
6839	609
6839	1562
6839	4315
6839	5251
6839	8769
6839	9892
6848	3363
6848	6283
6848	7177
6848	9010
6848	9717
6854	4841
6854	7948
6854	8353
6854	8474
6854	9214
6854	9388
6863	5370
6863	5804
6863	5921
6863	8662
6863	9065
6865	77
6865	4470
6865	8348
6872	838
6872	7335
6883	1083
6883	2393
6888	9827
6890	5927
6890	6821
6890	9026
6890	9334
6897	4491
6897	8997
6897	9508
6900	2838
6900	8478
6900	9334
6905	3078
6905	9501
6905	9652
6905	9678
6906	841
6906	7294
6906	8933
6906	9655
6906	9747
6913	1393
6913	1920
6913	2411
6913	9451
6916	7833
6916	9182
6916	9334
6916	9421
6928	3238
6928	3484
6928	9356
6928	9579
6929	4263
6929	7560
6929	8976
6929	9561
6930	4873
6930	5515
6930	6988
6930	7663
6930	7917
6930	9131
6930	9135
6936	1861
6936	4830
6936	5115
6936	5901
6936	6309
6936	7843
6936	8441
6936	9617
6936	9831
6943	7973
6943	9451
6943	9655
6943	9817
6946	973
6946	2446
6946	9930
6964	3972
6964	5115
6964	6809
6964	7484
6964	8230
6964	8698
6964	9883
6977	9446
6977	9511
6977	9761
6988	4752
6988	4873
6988	6930
6988	8798
6988	8908
6988	9135
6988	9557
6988	9594
6988	9994
7004	7877
7004	9703
7007	3823
7007	4097
7007	4662
7007	5519
7014	8297
7014	8310
7014	8894
7014	8976
7014	9069
7014	9451
7015	2874
7015	6243
7015	7672
7015	8348
7015	8567
7015	9761
7022	5103
7022	7857
7022	8519
7022	9892
7037	3715
7037	8369
7037	8570
7037	9446
7037	9540
7037	9584
7039	821
7039	3879
7039	7335
7039	8858
7039	8940
7039	9047
7039	9729
7039	9809
7044	6060
7044	8115
7046	4157
7046	7240
7046	8356
7046	9754
7049	7279
7049	7751
7049	8252
7049	9504
7049	9510
7049	9567
7053	5844
7053	8593
7058	5836
7058	5927
7058	6790
7058	8270
7058	9188
7058	9853
7068	6497
7068	8151
7069	1970
7069	7325
7069	9276
7069	9426
7073	857
7073	9156
7073	9982
7074	3709
7074	6714
7074	8302
7074	9809
7074	9883
7074	9928
7077	628
7090	6664
7090	8469
7103	183
7103	9363
7103	9451
7109	1020
7109	6223
7109	8006
7110	4316
7110	7437
7110	7653
7110	8536
7110	8881
7110	9234
7110	9892
7114	1264
7114	4000
7114	5025
7114	8689
7114	8764
7114	8992
7114	9668
7116	5435
7116	6809
7116	9773
7119	4636
7119	9703
7119	9729
7119	9809
7123	5647
7123	8433
7123	8585
7129	6665
7129	8212
7129	8552
7129	9291
7129	9478
7140	8305
7140	8609
7140	8935
7140	9678
7140	9809
7141	4564
7141	8429
7141	9223
7141	9433
7141	9487
7141	9594
7141	9916
7142	1876
7142	6247
7142	7466
7142	7843
7142	8644
7144	6629
7144	7530
7144	9156
7144	9381
7144	9912
7144	9982
7151	6757
7151	9427
7151	9954
7153	3238
7153	4528
7160	233
7160	4596
7160	7386
7160	8946
7160	9892
7165	9575
7165	9743
7168	5753
7168	5808
7168	9449
7168	9785
7175	7507
7177	2713
7177	6283
7177	6848
7177	7695
7177	9040
7180	813
7180	8206
7180	9372
7182	6104
7183	1963
7183	5655
7183	5965
7183	6065
7183	9616
7193	1253
7193	6748
7193	7581
7193	8919
7193	9575
7193	9713
7193	9996
7195	6757
7195	7857
7195	8593
7195	9393
7195	9622
7195	9982
7196	2002
7196	3353
7196	9907
7198	4118
7198	7560
7198	9078
7198	9166
7203	4005
7203	5764
7203	8532
7203	8699
7203	9440
7203	9652
7217	6633
7217	7335
7217	8057
7217	8681
7217	9196
7217	9611
7217	9996
7220	8456
7220	8474
7220	8945
7228	1800
7228	5865
7228	8040
7228	9109
7228	9413
7228	9694
7230	5090
7230	5118
7231	4381
7240	587
7240	7046
7240	8367
7240	9653
7245	9708
7246	5550
7246	6138
7246	7657
7246	8441
7246	8563
7246	9402
7246	9640
7247	1196
7247	3350
7247	6082
7247	7539
7247	7556
7247	8380
7247	9235
7247	9315
7247	9650
7254	5308
7254	5960
7254	6311
7254	9556
7261	5770
7261	8139
7261	9078
7263	1891
7263	2107
7263	9764
7265	4203
7265	4881
7265	9501
7265	9960
7267	679
7267	8279
7267	9419
7274	5124
7274	5983
7274	6250
7274	6726
7274	8959
7278	6046
7278	7466
7278	7558
7278	8175
7278	8609
7279	969
7279	7049
7279	8028
7279	9205
7279	9879
7279	10000
7281	6309
7281	6432
7281	7802
7281	8387
7281	9338
7281	9413
7281	9895
7283	8033
7283	9069
7283	9687
7283	9693
7285	2764
7285	4662
7285	5945
7285	8820
7285	9320
7285	9446
7285	9567
7290	4650
7290	9501
7290	9769
7291	9095
7294	5623
7294	6906
7294	8011
7294	8212
7294	8349
7294	8494
7294	9655
7298	3170
7298	9864
7301	4870
7301	6082
7301	7654
7301	9719
7301	9974
7305	4694
7305	6036
7305	7466
7305	8877
7305	9487
7305	9744
7308	9700
7308	9974
7309	1131
7314	1551
7314	7879
7314	9433
7314	9455
7318	176
7318	1620
7318	4722
7318	7505
7318	9821
7318	9840
7324	1083
7324	2672
7324	3238
7324	6633
7324	9505
7325	1272
7325	3532
7325	7069
7325	7804
7326	1825
7326	4981
7326	5090
7326	8857
7327	4316
7327	4587
7327	5152
7327	9157
7335	4531
7335	6872
7335	7039
7335	7217
7335	7413
7335	9766
7335	9778
7340	9687
7341	342
7341	5273
7341	7784
7341	8561
7343	4156
7343	6644
7343	9032
7343	9487
7352	5497
7352	9083
7361	4097
7361	9065
7361	9431
7361	9565
7370	2297
7370	5265
7370	5437
7370	7604
7370	7923
7370	8569
7370	9284
7370	9326
7386	2990
7386	5050
7386	5142
7386	7160
7388	7530
7388	8240
7388	9827
7389	674
7389	2114
7389	5232
7389	6422
7389	6433
7389	9107
7389	9154
7389	9788
7409	6762
7409	8991
7409	9864
7413	7335
7413	7421
7413	8710
7413	9138
7413	9390
7416	9501
7416	9769
7421	813
7421	7413
7421	9682
7423	8536
7423	8988
7425	4768
7425	8913
7425	9474
7425	9700
7425	9867
7431	1389
7431	6257
7431	8765
7431	9182
7431	9421
7431	9694
7433	5824
7433	9867
7434	901
7434	6641
7434	6706
7434	9773
7435	2343
7435	5917
7435	6154
7435	9256
7437	2925
7437	7110
7437	7510
7437	7556
7437	8429
7437	9297
7437	9466
7437	9892
7441	2336
7441	5147
7441	8441
7444	1669
7444	2297
7444	2989
7444	6079
7444	9451
7444	9495
7444	9883
7445	8033
7445	9027
7445	9127
7445	9234
7454	3872
7454	6695
7454	7929
7454	8151
7454	9501
7454	9785
7461	415
7461	3947
7461	8115
7461	8562
7466	4694
7466	7142
7466	7278
7466	7305
7466	8363
7466	8941
7466	8998
7466	9744
7466	9879
7476	2010
7476	2512
7476	6294
7476	6532
7476	9232
7482	2052
7482	3494
7482	9812
7484	2070
7484	2225
7484	5695
7484	6964
7484	8840
7484	8857
7488	2580
7488	6252
7488	8047
7488	8190
7493	5626
7493	8901
7505	188
7505	6714
7505	7318
7505	8302
7505	8325
7505	9840
7507	4962
7507	7175
7507	7646
7507	7931
7507	9547
7510	732
7510	7437
7515	4484
7515	6028
7515	8034
7515	8093
7515	9530
7515	9966
7518	6250
7518	8356
7518	8383
7518	8582
7518	9177
7530	4052
7530	4638
7530	7144
7530	7388
7530	9328
7530	9388
7530	9530
7530	9818
7530	9827
7532	76
7532	4528
7532	9967
7532	9993
7539	787
7539	3454
7539	5051
7539	7247
7541	846
7541	1024
7541	5763
7541	8625
7547	2936
7547	7662
7547	8710
7547	9478
7548	5019
7548	6179
7548	7556
7548	8409
7548	8536
7548	8570
7548	9234
7548	9318
7549	1881
7549	2255
7549	2943
7549	7672
7549	7912
7549	8617
7549	9754
7556	5491
7556	7247
7556	7437
7556	7548
7556	9466
7556	9592
7558	1399
7558	5118
7558	5245
7558	7278
7558	8350
7558	8461
7558	8765
7558	8946
7558	9431
7560	3006
7560	5440
7560	6929
7560	7198
7560	8876
7560	9166
7560	9205
7562	2923
7562	3591
7562	6560
7562	9493
7563	8327
7563	8482
7563	9121
7563	9501
7564	4033
7564	8097
7564	8157
7566	9684
7571	2424
7571	4357
7571	5676
7571	6366
7581	4318
7581	6065
7581	7193
7581	8385
7581	8951
7581	9996
7582	4722
7582	6166
7582	8194
7582	8325
7582	8928
7582	9766
7582	9840
7582	9974
7586	4413
7586	5021
7586	9997
7587	1172
7587	1992
7587	2822
7587	7672
7587	8018
7587	9180
7587	9296
7589	4638
7589	8962
7589	9451
7589	9507
7589	9827
7604	3912
7604	5632
7604	6166
7604	7370
7604	9083
7604	9402
7605	7923
7605	8304
7605	8330
7605	8403
7605	9520
7605	9675
7625	2817
7625	3695
7625	6755
7625	7791
7625	9389
7625	9719
7640	3954
7640	9567
7640	9678
7640	9764
7640	9773
7640	9933
7642	5838
7642	8469
7642	8528
7642	8959
7644	4398
7644	5247
7644	5337
7644	6230
7644	8361
7644	9617
7646	549
7646	4484
7646	4684
7646	6728
7646	7507
7646	9453
7646	9495
7646	9689
7646	9867
7646	9968
7648	8638
7648	8976
7653	5385
7653	7110
7653	8536
7653	9234
7653	9291
7653	9892
7654	2010
7654	2927
7654	7301
7654	8646
7654	9994
7657	5589
7657	7246
7657	9451
7657	9540
7657	9708
7662	6385
7662	7547
7663	2306
7663	3304
7663	6930
7663	7814
7663	8230
7663	9716
7672	445
7672	6243
7672	7015
7672	7549
7672	7587
7680	2114
7680	3954
7680	5347
7680	6236
7680	7804
7680	8380
7680	9032
7683	404
7683	8593
7683	8933
7683	9769
7685	341
7685	3054
7685	4949
7685	9812
7686	4103
7686	4691
7686	6449
7686	8710
7686	9729
7688	3609
7688	5143
7688	6332
7688	8043
7688	9197
7688	9269
7688	9648
7688	9933
7691	5908
7691	6506
7693	2225
7693	2815
7693	5115
7693	8323
7693	9994
7695	7177
7695	8387
7695	8999
7695	9079
7695	9155
7695	9517
7695	9952
7698	3102
7698	5882
7698	9912
7701	3759
7701	5423
7701	8940
7701	8997
7701	9035
7701	9561
7703	5385
7703	6821
7703	9982
7711	2462
7711	5118
7711	6086
7711	6824
7711	7833
7711	8780
7711	9146
7711	9234
7711	9878
7718	1878
7718	5901
7718	8812
7718	9344
7718	9458
7718	9637
7721	8067
7721	8567
7721	9007
7721	9592
7723	4366
7723	4968
7723	9291
7723	9861
7724	2936
7724	6439
7724	7964
7724	8304
7724	8372
7724	8949
7724	9285
7724	9311
7724	9427
7730	4433
7730	6203
7730	8980
7730	9510
7742	93
7742	220
7742	638
7742	821
7742	8647
7742	8929
7742	9279
7751	76
7751	484
7751	3335
7751	5658
7751	7049
7751	8252
7751	8570
7751	9504
7751	9510
7751	9694
7753	5132
7753	5245
7753	6644
7753	9637
7762	6703
7762	7805
7762	9446
7765	4960
7765	6695
7765	6774
7765	8840
7765	8949
7765	9204
7765	9580
7767	9326
7767	9687
7767	9968
7782	1420
7782	1495
7782	5676
7782	5973
7782	8513
7782	8881
7784	7341
7784	9907
7788	797
7788	5534
7788	9069
7791	1855
7791	2258
7791	7625
7793	1779
7793	3522
7793	4869
7793	8097
7793	8327
7793	8638
7799	4623
7802	925
7802	7281
7802	9338
7802	9579
7802	9769
7804	7325
7804	7680
7804	9032
7804	9764
7805	900
7805	2114
7805	6004
7805	7762
7805	8182
7805	8765
7805	8989
7814	1295
7814	1510
7814	5725
7814	7663
7814	9487
7818	1453
7818	2801
7818	4000
7818	8395
7818	9010
7818	9898
7820	4157
7820	5998
7820	9095
7826	8521
7826	9817
7827	2889
7827	2975
7827	3025
7827	3941
7827	6059
7827	7976
7827	8873
7833	792
7833	3853
7833	3963
7833	4148
7833	5906
7833	6600
7833	6799
7833	6916
7833	7711
7833	8858
7833	8935
7843	2901
7843	3527
7843	3783
7843	5550
7843	6936
7843	7142
7843	8811
7843	9866
7850	1324
7850	6179
7857	2889
7857	7022
7857	7195
7857	8006
7857	9324
7857	9455
7858	8764
7858	9561
7862	1779
7862	2929
7862	5534
7862	8769
7877	4347
7877	7004
7877	8261
7877	8539
7877	8790
7879	5749
7879	7314
7879	9455
7882	3783
7882	6765
7885	8288
7885	9026
7889	709
7889	7964
7889	8373
7892	3914
7892	4203
7892	8720
7892	8764
7892	9439
7893	9950
7897	4539
7897	6496
7897	8175
7904	8325
7904	8769
7904	8928
7904	9315
7904	9449
7904	9488
7904	9743
7904	9840
7908	2781
7908	3363
7908	9237
7911	4553
7911	8862
7911	9393
7911	9622
7912	2874
7912	7549
7912	9237
7915	4564
7915	5790
7915	6114
7915	6467
7915	8302
7915	9464
7915	9488
7915	9550
7915	9743
7917	1855
7917	6930
7917	8633
7917	9198
7917	9827
7923	930
7923	4189
7923	7370
7923	7605
7923	8330
7923	8403
7923	9675
7927	2927
7927	3127
7927	3373
7927	4446
7927	5906
7927	8288
7927	9637
7929	659
7929	669
7929	6582
7929	7454
7929	8506
7931	659
7931	764
7931	6761
7931	7507
7931	9625
7931	9954
7935	6278
7935	8447
7935	8582
7935	9198
7948	674
7948	2789
7948	6854
7948	9933
7964	2527
7964	7724
7964	7889
7964	8304
7964	8372
7964	9311
7968	3174
7968	3891
7968	8840
7968	9705
7973	5229
7973	6943
7973	8243
7976	7827
7976	8243
7976	9556
7976	9616
7976	9920
7978	4033
7978	8138
7978	8478
7978	9235
7982	1855
7982	4188
7982	6324
7986	4140
7986	5277
7991	4347
7991	4752
7991	9354
7991	9567
7991	9831
7996	4682
7996	5303
7996	5562
7996	9675
7999	1042
7999	1273
7999	5972
7999	9199
8006	1627
8006	4252
8006	7109
8006	7857
8006	8942
8006	9682
8011	3816
8011	4269
8011	6746
8011	7294
8011	8933
8011	9069
8011	9356
8011	9440
8016	6551
8016	9789
8016	9933
8018	7587
8018	8036
8018	8699
8018	8966
8018	9296
8018	9703
8018	9966
8019	3482
8019	4773
8019	6744
8022	8669
8026	220
8026	2780
8026	4602
8026	8916
8026	9678
8026	9788
8027	1020
8027	2574
8027	5473
8027	5859
8027	6281
8027	8482
8027	8609
8027	9120
8027	9412
8028	26
8028	3288
8028	5435
8028	7279
8028	9119
8033	501
8033	3694
8033	4120
8033	7283
8033	7445
8033	8304
8033	9693
8033	9812
8034	2066
8034	6028
8034	7515
8034	8375
8034	8383
8034	8633
8034	9966
8036	8018
8036	9419
8036	9617
8039	4955
8039	8584
8040	7228
8040	9109
8040	9144
8040	9694
8043	4960
8043	7688
8043	9010
8043	9197
8043	9648
8046	1932
8046	2441
8046	5573
8046	8842
8047	564
8047	1490
8047	7488
8047	9821
8047	9967
8049	8099
8049	9124
8049	9157
8053	4094
8053	8088
8057	7217
8057	8256
8057	8681
8057	9196
8057	9321
8057	9611
8062	8478
8062	8901
8062	9087
8062	9157
8067	116
8067	5271
8067	7721
8067	8532
8075	6779
8075	8361
8075	8889
8076	5370
8076	8908
8088	2840
8088	4514
8088	6448
8088	8053
8088	8279
8088	8893
8088	9419
8093	5921
8093	7515
8093	9466
8093	9966
8097	6824
8097	7564
8097	7793
8099	4587
8099	8049
8099	9157
8099	9341
8099	9429
8100	6073
8100	8720
8100	9388
8100	9950
8103	1976
8103	3908
8115	179
8115	396
8115	415
8115	7044
8115	7461
8115	9307
8115	9447
8115	9557
8126	2228
8126	4118
8126	4283
8126	5492
8126	9166
8126	9561
8138	2118
8138	6072
8138	7978
8138	8483
8138	9007
8138	9778
8139	7261
8139	8592
8139	9078
8142	9223
8150	8858
8151	4197
8151	4983
8151	7068
8151	7454
8151	8240
8151	9717
8157	6004
8157	7564
8157	9540
8159	1562
8159	8592
8159	9667
8160	292
8160	5277
8160	6142
8160	9026
8160	9708
8171	564
8171	1430
8171	3514
8171	8349
8171	8666
8171	9184
8171	9703
8175	770
8175	2427
8175	7278
8175	7897
8175	9632
8178	1231
8178	4002
8178	8989
8178	9409
8182	487
8182	1366
8182	6439
8182	7805
8182	8256
8182	9402
8182	9632
8182	9689
8182	9788
8190	2408
8190	7488
8190	8602
8190	9970
8194	764
8194	2104
8194	7582
8194	9501
8197	2207
8197	8922
8197	8940
8197	9708
8197	9717
8206	821
8206	2817
8206	4135
8206	6755
8206	7180
8206	8859
8206	9155
8206	9461
8206	9599
8206	9632
8210	4403
8210	8698
8212	2551
8212	5103
8212	7129
8212	7294
8212	9321
8212	9839
8228	12
8228	5367
8228	6779
8230	901
8230	2306
8230	6768
8230	6964
8230	7663
8240	2933
8240	6236
8240	7388
8240	8151
8240	9526
8243	969
8243	2138
8243	7973
8243	7976
8243	9297
8252	1700
8252	2840
8252	7049
8252	7751
8252	8570
8252	8929
8252	9504
8252	9510
8252	9561
8256	8057
8256	8182
8256	8441
8256	8580
8256	8785
8258	1037
8258	1369
8258	1876
8258	4757
8258	8876
8258	9035
8258	9274
8261	679
8261	3107
8261	4483
8261	6230
8261	7877
8261	8790
8266	9388
8266	9507
8268	4639
8268	6389
8268	8894
8268	9159
8270	1284
8270	1593
8270	1710
8270	5370
8270	7058
8270	9833
8272	1872
8272	5303
8272	6273
8272	9010
8274	2891
8274	5990
8274	6743
8274	8500
8274	8842
8274	9529
8274	9877
8277	840
8277	3657
8277	4388
8277	6774
8277	9159
8279	341
8279	6250
8279	6620
8279	7267
8279	8088
8279	9419
8281	9909
8284	1175
8284	2622
8284	5550
8284	6315
8284	9640
8288	4097
8288	7885
8288	7927
8293	143
8293	2092
8293	2780
8293	5973
8293	8916
8293	9157
8296	4456
8296	4501
8296	9026
8297	2133
8297	5022
8297	5521
8297	7014
8297	9363
8297	9451
8297	9773
8297	9833
8300	3413
8300	4098
8300	8884
8300	9700
8302	76
8302	6490
8302	7074
8302	7505
8302	7915
8304	7605
8304	7724
8304	7964
8304	8033
8304	8372
8304	8949
8304	9155
8304	9311
8304	9788
8305	2454
8305	3115
8305	6607
8305	7140
8305	9429
8310	4061
8310	5124
8310	5983
8310	6157
8310	7014
8310	8805
8323	666
8323	2068
8323	7693
8323	9061
8323	9293
8323	9625
8323	9994
8325	176
8325	3869
8325	4722
8325	4895
8325	7505
8325	7582
8325	7904
8325	9488
8325	9840
8327	2210
8327	4107
8327	4356
8327	7563
8327	7793
8327	9488
8329	1253
8329	5379
8329	9579
8330	5276
8330	7605
8330	7923
8330	9675
8334	4792
8334	6046
8334	8877
8334	9744
8334	9792
8338	4341
8338	4673
8338	6082
8338	6433
8338	6761
8338	8478
8348	77
8348	2131
8348	2874
8348	6865
8348	7015
8348	9347
8348	9839
8349	1133
8349	1230
8349	6824
8349	7294
8349	8171
8349	9107
8349	9501
8350	2010
8350	2282
8350	7558
8350	8646
8350	9291
8350	9534
8352	1740
8353	3593
8353	6854
8353	8839
8353	8862
8353	9237
8353	9356
8356	2175
8356	2323
8356	4998
8356	7046
8356	7518
8356	8383
8356	8513
8356	9778
8356	9818
8359	5240
8359	8392
8359	9010
8359	9786
8359	9898
8361	118
8361	3494
8361	5230
8361	7644
8361	8075
8363	3279
8363	4694
8363	6046
8363	7466
8363	8877
8363	8991
8363	9744
8363	9769
8367	636
8367	3020
8367	3102
8367	7240
8367	8633
8367	9357
8367	9716
8369	5347
8369	6497
8369	7037
8369	8822
8369	8868
8369	9826
8372	6257
8372	7724
8372	7964
8372	8304
8372	8949
8372	9135
8372	9311
8373	4636
8373	7889
8373	8916
8373	9534
8375	3230
8375	4446
8375	6196
8375	8034
8375	8478
8375	8596
8375	8992
8375	9321
8375	9513
8375	9827
8379	9205
8380	2564
8380	3532
8380	5347
8380	6104
8380	7247
8380	7680
8380	8407
8380	8681
8380	8908
8380	9867
8383	2175
8383	5917
8383	7518
8383	8034
8383	8356
8383	9256
8383	9385
8383	9970
8385	2372
8385	2543
8385	3200
8385	4161
8385	5385
8385	5882
8385	7581
8385	9594
8385	9602
8385	9687
8385	10000
8387	745
8387	5955
8387	7281
8387	7695
8387	8908
8387	9579
8387	9763
8387	9792
8392	484
8392	1490
8392	2336
8392	8359
8392	9124
8392	9510
8395	6114
8395	7818
8403	2840
8403	7605
8403	7923
8403	9675
8407	4413
8407	5093
8407	5497
8407	5499
8407	6092
8407	8380
8407	9102
8407	9648
8407	9920
8409	639
8409	1654
8409	7548
8409	9580
8411	3033
8411	6060
8411	9540
8429	4504
8429	7141
8429	7437
8429	9223
8429	9232
8429	9639
8430	805
8430	9344
8430	9507
8430	9853
8433	1651
8433	2424
8433	6726
8433	7123
8433	9435
8440	3305
8440	3523
8440	5229
8440	9966
8441	5901
8441	6936
8441	7246
8441	7441
8441	8256
8441	8889
8441	8999
8441	9617
8445	1716
8445	1914
8445	4203
8445	4669
8445	9960
8447	4658
8447	7935
8447	8868
8447	8903
8447	9323
8447	9705
8454	3645
8454	6455
8454	9435
8456	4137
8456	7220
8456	8945
8456	9711
8461	4676
8461	5245
8461	7558
8461	8765
8461	8946
8461	9431
8469	2411
8469	2427
8469	5350
8469	7090
8469	7642
8469	8959
8469	9703
8471	3545
8471	9184
8471	9464
8474	2092
8474	3614
8474	4052
8474	6854
8474	7220
8474	9214
8474	9388
8478	671
8478	5514
8478	6900
8478	7978
8478	8062
8478	8338
8478	8375
8478	9334
8478	9433
8479	977
8479	1347
8479	2938
8479	3368
8479	5927
8479	9966
8482	3497
8482	4357
8482	6127
8482	6755
8482	7563
8482	8027
8482	8509
8482	9487
8483	2096
8483	8138
8483	9354
8491	5816
8491	9511
8491	9761
8494	5927
8494	7294
8494	9617
8494	9655
8494	9817
8500	8274
8506	3560
8506	5819
8506	7929
8506	8903
8506	9235
8506	9592
8509	6230
8509	8482
8509	8778
8509	9602
8509	9622
8513	176
8513	3985
8513	7782
8513	8356
8513	8881
8519	7022
8519	8699
8519	9324
8521	2593
8521	4526
8521	5003
8521	5567
8521	6652
8521	7826
8521	9318
8521	9993
8528	4684
8528	7642
8528	9719
8528	9933
8532	1185
8532	5942
8532	7203
8532	8067
8532	8940
8532	9412
8536	2785
8536	5491
8536	5854
8536	7110
8536	7423
8536	7548
8536	7653
8536	8999
8536	9318
8536	9466
8536	9892
8539	671
8539	7877
8539	9344
8539	9637
8552	6665
8552	7129
8552	8894
8559	4955
8559	5086
8559	5963
8559	6202
8559	9190
8561	6059
8561	6475
8561	6560
8561	7341
8562	3845
8562	4841
8562	6063
8562	6633
8562	7461
8562	8644
8562	9605
8562	9786
8563	3381
8563	7246
8563	9640
8567	1717
8567	2138
8567	5395
8567	5955
8567	6072
8567	7015
8567	7721
8567	9744
8569	1936
8569	5423
8569	6796
8569	7370
8569	9284
8569	9326
8569	9493
8570	1924
8570	7037
8570	7548
8570	7751
8570	8252
8570	9504
8570	9510
8570	9530
8572	1465
8572	3218
8572	3249
8572	5790
8572	6760
8572	9426
8572	9464
8572	9488
8572	9550
8572	9743
8574	2446
8574	4221
8574	9437
8574	9474
8580	792
8580	6177
8580	6647
8580	8256
8580	8718
8580	9529
8580	9886
8582	76
8582	7518
8582	7935
8582	9256
8582	9341
8584	2960
8584	4165
8584	8039
8584	9157
8584	9301
8585	1650
8585	2785
8585	3066
8585	3127
8585	4809
8585	7123
8592	376
8592	5232
8592	8139
8592	8159
8592	9272
8592	9652
8593	3734
8593	3943
8593	7053
8593	7195
8593	7683
8593	9357
8596	431
8596	1798
8596	3230
8596	6063
8596	6196
8596	8375
8596	8992
8596	9513
8602	1869
8602	6091
8602	8190
8602	9678
8602	9970
8604	1878
8604	6400
8604	8999
8604	9684
8604	9821
8604	9909
8609	710
8609	3053
8609	5473
8609	7140
8609	7278
8609	8027
8609	9120
8609	9412
8617	5104
8617	6100
8617	6494
8617	6821
8617	7549
8617	9622
8625	5972
8625	7541
8625	8903
8625	9037
8625	9648
8633	2182
8633	4526
8633	5743
8633	6203
8633	7917
8633	8034
8633	8367
8633	8689
8633	9426
8634	6385
8634	8889
8634	8966
8634	9700
8634	9812
8638	7648
8638	7793
8638	9550
8642	9764
8644	3274
8644	4656
8644	5516
8644	7142
8644	8562
8644	9605
8644	9668
8646	7654
8646	8350
8647	2903
8647	3749
8647	7742
8647	8929
8647	9279
8651	969
8651	3230
8651	3959
8651	4046
8651	4736
8651	5516
8651	8972
8651	9474
8662	763
8662	1636
8662	3531
8662	6863
8662	9966
8666	3891
8666	4052
8666	8171
8666	9152
8666	9703
8669	5809
8669	8022
8669	9877
8681	7217
8681	8057
8681	8380
8681	8919
8681	9196
8681	9611
8681	9950
8689	1264
8689	2933
8689	7114
8689	8633
8689	9188
8689	9421
8689	9668
8689	9853
8689	9866
8693	4269
8693	6448
8693	8868
8693	9708
8698	3693
8698	4188
8698	6767
8698	6964
8698	8210
8699	639
8699	2933
8699	6236
8699	7203
8699	8018
8699	8519
8699	9996
8705	6683
8705	9053
8705	9321
8707	281
8707	857
8707	9883
8710	7413
8710	7547
8710	7686
8710	9390
8710	9617
8718	1947
8718	5103
8718	8580
8718	8840
8719	536
8719	1899
8719	4061
8719	5304
8719	9102
8720	4493
8720	6366
8720	7892
8720	8100
8720	9769
8729	2411
8729	6157
8729	8818
8729	9121
8729	9529
8764	2092
8764	2642
8764	3914
8764	4836
8764	7114
8764	7858
8764	7892
8764	9439
8764	9933
8764	9994
8765	2383
8765	3995
8765	4676
8765	5245
8765	5695
8765	6067
8765	6629
8765	7431
8765	7558
8765	7805
8765	8461
8765	8946
8765	9431
8769	6004
8769	6809
8769	6839
8769	7862
8769	7904
8769	9493
8769	9678
8778	593
8778	2306
8778	5313
8778	8509
8778	9693
8780	879
8780	7711
8780	8999
8780	9409
8780	9678
8780	9967
8784	5960
8784	9083
8784	9402
8784	9687
8785	2589
8785	3350
8785	4524
8785	5119
8785	5603
8785	6060
8785	8256
8785	9315
8790	1239
8790	6154
8790	6551
8790	7877
8790	8261
8790	9402
8790	9879
8798	709
8798	5321
8798	6988
8798	9318
8805	15
8805	1029
8805	1108
8805	1899
8805	4118
8805	8310
8805	8868
8811	5753
8811	5945
8811	6475
8811	7843
8811	8820
8811	8857
8811	8989
8811	9279
8811	9320
8811	9567
8812	2975
8812	7718
8812	9458
8812	9637
8818	290
8818	3906
8818	4356
8818	6157
8818	6543
8818	8729
8818	9121
8818	9237
8820	2564
8820	5945
8820	6475
8820	7285
8820	8811
8820	9320
8820	9567
8820	10000
8822	4718
8822	6033
8822	6202
8822	8369
8822	9220
8822	9653
8822	9689
8822	9826
8823	1083
8823	1367
8823	9599
8823	9788
8823	9907
8829	9867
8839	1416
8839	5695
8839	6448
8839	8353
8839	8862
8840	2423
8840	3174
8840	6695
8840	7484
8840	7765
8840	7968
8840	8718
8840	9204
8840	9599
8840	9705
8842	2486
8842	3070
8842	4844
8842	8046
8842	8274
8842	9127
8842	9529
8842	9877
8854	872
8854	916
8854	6223
8854	6743
8854	8889
8854	9530
8857	342
8857	1742
8857	4036
8857	5569
8857	6714
8857	7326
8857	7484
8857	8811
8857	8976
8857	9184
8857	9599
8858	2527
8858	3134
8858	5998
8858	7039
8858	7833
8858	8150
8859	4488
8859	6114
8859	6755
8859	8206
8859	9579
8859	9599
8859	9632
8859	9640
8862	2698
8862	6824
8862	7911
8862	8353
8862	8839
8862	9356
8863	679
8863	9297
8868	2207
8868	8369
8868	8447
8868	8693
8868	8805
8873	1613
8873	2133
8873	5859
8873	7827
8873	9234
8873	9916
8876	1369
8876	2742
8876	6324
8876	6492
8876	6828
8876	7560
8876	8258
8876	9035
8876	9274
8877	4792
8877	6036
8877	7305
8877	8334
8877	8363
8877	9196
8877	9744
8881	770
8881	1367
8881	5676
8881	5973
8881	6746
8881	7110
8881	7782
8881	8513
8881	8989
8881	9529
8881	9648
8884	2441
8884	5265
8884	5749
8884	8300
8889	3268
8889	6743
8889	8075
8889	8441
8889	8634
8889	8854
8889	9861
8893	246
8893	8088
8893	8935
8893	9144
8894	3672
8894	5649
8894	6114
8894	6166
8894	7014
8894	8268
8894	8552
8894	8997
8894	9152
8901	4315
8901	4356
8901	6282
8901	6582
8901	7493
8901	8062
8903	846
8903	5312
8903	5965
8903	8447
8903	8506
8903	8625
8903	9037
8903	9682
8908	2838
8908	4873
8908	6988
8908	8076
8908	8380
8908	8387
8908	9131
8913	4768
8913	5326
8913	5623
8913	6551
8913	7425
8913	9320
8913	9474
8916	220
8916	2780
8916	4283
8916	8026
8916	8293
8916	8373
8916	9078
8919	2194
8919	4424
8919	5265
8919	5632
8919	6043
8919	6065
8919	7193
8919	8681
8919	9079
8919	9184
8919	9643
8919	9996
8922	300
8922	2923
8922	4280
8922	8197
8922	8991
8922	9708
8922	9717
8928	4630
8928	5819
8928	6079
8928	7582
8928	7904
8928	9120
8928	9840
8929	1160
8929	3070
8929	5021
8929	6050
8929	7742
8929	8252
8929	8647
8929	9279
8933	218
8933	797
8933	2919
8933	3816
8933	4781
8933	6082
8933	6746
8933	6906
8933	7683
8933	8011
8933	9069
8933	9199
8933	9994
8935	5791
8935	7140
8935	7833
8935	8893
8935	9293
8940	1430
8940	4312
8940	6059
8940	7039
8940	7701
8940	8197
8940	8532
8940	8997
8940	9124
8940	9323
8940	9526
8940	9898
8941	1936
8941	4419
8941	5029
8941	5917
8941	6431
8941	7466
8941	9449
8941	9617
8941	9632
8941	9766
8942	1853
8942	4252
8942	4834
8942	8006
8942	9952
8945	6271
8945	7220
8945	8456
8946	4676
8946	7160
8946	7558
8946	8461
8946	8765
8946	9341
8946	9431
8949	510
8949	2654
8949	5960
8949	7724
8949	7765
8949	8304
8949	8372
8949	9311
8949	9821
8951	5071
8951	7581
8951	9190
8951	9281
8951	9464
8951	9833
8959	4512
8959	4752
8959	4899
8959	4949
8959	5416
8959	7274
8959	7642
8959	8469
8959	9818
8962	3255
8962	3280
8962	5395
8962	7589
8962	9307
8962	9561
8962	9895
8966	5059
8966	6110
8966	6790
8966	8018
8966	8634
8966	9095
8966	9453
8966	9511
8966	9700
8966	9812
8972	3959
8972	4046
8972	5516
8972	8651
8972	9279
8976	875
8976	2556
8976	5395
8976	5632
8976	6929
8976	7014
8976	7648
8976	8857
8980	2901
8980	2944
8980	4259
8980	4433
8980	6068
8980	7730
8980	9557
8988	7423
8988	9412
8988	9580
8988	9788
8989	201
8989	5132
8989	5251
8989	6506
8989	6828
8989	7805
8989	8178
8989	8811
8989	8881
8989	9729
8991	93
8991	5942
8991	7409
8991	8363
8991	8922
8991	9234
8991	9281
8992	201
8992	431
8992	1514
8992	4446
8992	6074
8992	6196
8992	7114
8992	8375
8992	8596
8992	9223
8992	9513
8992	9605
8997	6897
8997	7701
8997	8894
8997	8940
8997	9526
8997	9550
8997	9933
8998	2672
8998	5086
8998	5723
8998	7466
8998	9190
8998	9826
8999	2406
8999	3309
8999	7695
8999	8441
8999	8536
8999	8604
8999	8780
9007	2096
9007	3908
9007	6600
9007	7721
9007	8138
9007	9297
9010	2867
9010	3482
9010	6848
9010	7818
9010	8043
9010	8272
9010	8359
9010	9637
9010	9786
9010	9898
9011	4433
9011	5304
9011	9393
9026	947
9026	971
9026	3655
9026	6389
9026	6760
9026	6821
9026	6890
9026	7885
9026	8160
9026	8296
9027	2840
9027	7445
9027	9127
9032	7343
9032	7680
9032	7804
9032	9037
9035	1369
9035	4757
9035	6492
9035	7701
9035	8258
9035	8876
9035	9274
9037	3757
9037	8625
9037	8903
9037	9032
9037	9675
9040	2664
9040	5271
9040	7177
9047	7039
9047	9584
9047	9747
9053	340
9053	2936
9053	4901
9053	8705
9053	9321
9053	9677
9053	9886
9053	9954
9061	2271
9061	8323
9061	9156
9061	9602
9061	9711
9065	480
9065	4115
9065	5314
9065	6863
9065	7361
9069	797
9069	2919
9069	3816
9069	5534
9069	5636
9069	6746
9069	7014
9069	7283
9069	7788
9069	8011
9069	8933
9069	9279
9069	9705
9076	1321
9076	3391
9076	4949
9076	9719
9078	7198
9078	7261
9078	8139
9078	8916
9079	1227
9079	4249
9079	4870
9079	7695
9079	8919
9079	9155
9079	9272
9079	9517
9079	9952
9083	336
9083	1366
9083	5314
9083	6439
9083	7352
9083	7604
9083	8784
9087	3212
9087	4830
9087	5103
9087	8062
9087	9603
9087	9684
9095	2801
9095	3337
9095	7291
9095	7820
9095	8966
9095	9390
9102	5753
9102	8407
9102	8719
9102	9437
9102	9968
9102	9994
9107	445
9107	2754
9107	5558
9107	5976
9107	7389
9107	8349
9109	1284
9109	7228
9109	8040
9109	9413
9109	9744
9109	9886
9109	9928
9119	4046
9119	4782
9119	8028
9119	9214
9119	9301
9119	9912
9120	710
9120	1020
9120	1775
9120	2512
9120	3053
9120	3353
9120	4755
9120	5065
9120	5473
9120	8027
9120	8609
9120	8928
9120	9412
9121	3591
9121	3906
9121	6157
9121	7563
9121	8729
9121	8818
9124	1272
9124	2919
9124	8049
9124	8392
9124	8940
9124	9157
9124	9464
9124	9684
9124	9747
9127	1823
9127	2441
9127	3474
9127	5303
9127	7445
9127	8842
9127	9027
9127	9285
9131	6600
9131	6744
9131	6930
9131	8908
9131	9135
9131	9295
9131	9594
9131	9909
9135	4873
9135	5051
9135	6600
9135	6744
9135	6930
9135	6988
9135	8372
9135	9131
9135	9556
9135	9594
9135	9878
9138	33
9138	1995
9138	3237
9138	3454
9138	7413
9138	9285
9138	9381
9138	9584
9144	6374
9144	8040
9144	8893
9144	9511
9144	9696
9146	792
9146	1716
9146	4148
9146	5314
9146	6086
9146	6799
9146	6824
9146	7711
9152	1131
9152	1312
9152	1636
9152	3054
9152	4899
9152	5562
9152	6552
9152	8666
9152	8894
9152	9550
9154	502
9154	1251
9154	1254
9154	1295
9154	1472
9154	1959
9154	4669
9154	5955
9154	6040
9154	6422
9154	7389
9154	9511
9155	1369
9155	4249
9155	4870
9155	5534
9155	7695
9155	8206
9155	8304
9155	9079
9155	9220
9155	9517
9155	9952
9156	3505
9156	5047
9156	7073
9156	7144
9156	9061
9156	9821
9156	9982
9157	5153
9157	6552
9157	7327
9157	8049
9157	8062
9157	8099
9157	8293
9157	8584
9157	9124
9157	9540
9159	59
9159	840
9159	4115
9159	4271
9159	8268
9159	8277
9159	9184
9159	9223
9165	548
9165	3084
9165	3499
9165	4133
9166	3531
9166	4263
9166	5276
9166	7198
9166	7560
9166	8126
9166	9321
9166	9561
9177	7518
9177	9326
9177	9557
9177	9678
9177	9754
9177	9764
9177	9967
9180	4094
9180	4251
9180	5671
9180	5972
9180	6252
9180	6741
9180	7587
9180	9687
9182	464
9182	6916
9182	7431
9182	9421
9182	9763
9184	1406
9184	3545
9184	4234
9184	6589
9184	8171
9184	8471
9184	8857
9184	8919
9184	9159
9188	4357
9188	6790
9188	7058
9188	8689
9188	9557
9188	9668
9188	9853
9190	574
9190	8559
9190	8951
9190	8998
9190	9840
9190	9950
9196	7217
9196	8057
9196	8681
9196	8877
9196	9440
9196	9611
9196	9817
9196	9867
9197	1029
9197	1827
9197	3810
9197	5147
9197	7688
9197	8043
9197	9269
9197	9648
9197	9933
9198	3115
9198	4514
9198	6771
9198	7917
9198	7935
9198	9747
9199	3191
9199	5828
9199	7999
9199	8933
9199	9402
9204	3505
9204	4781
9204	5973
9204	6499
9204	7765
9204	8840
9204	9323
9204	9678
9204	9705
9205	4629
9205	7279
9205	7560
9205	8379
9205	9603
9205	9766
9214	2092
9214	2223
9214	3545
9214	6104
9214	6854
9214	8474
9214	9119
9214	9388
9214	9864
9220	1186
9220	4587
9220	4718
9220	6033
9220	6202
9220	8822
9220	9155
9220	9653
9220	9769
9223	2842
9223	4303
9223	4459
9223	4504
9223	5018
9223	6332
9223	7141
9223	8142
9223	8429
9223	8992
9223	9159
9232	3070
9232	5103
9232	6768
9232	7476
9232	8429
9232	9315
9232	9575
9232	9754
9234	1636
9234	5491
9234	7110
9234	7445
9234	7548
9234	7653
9234	7711
9234	8873
9234	8991
9234	9318
9234	9466
9234	9744
9234	9892
9234	9967
9235	1111
9235	3260
9235	4033
9235	4464
9235	6523
9235	7247
9235	7978
9235	8506
9235	9540
9237	2071
9237	7908
9237	7912
9237	8353
9237	8818
9256	1
9256	3810
9256	5917
9256	7435
9256	8383
9256	8582
9265	6065
9265	9388
9265	9426
9265	9954
9269	2364
9269	7688
9269	9197
9269	9861
9269	9933
9270	2897
9270	3367
9270	4133
9270	9920
9270	9968
9272	2486
9272	2923
9272	3064
9272	4303
9272	8592
9272	9079
9272	9667
9272	9743
9274	1369
9274	2260
9274	4757
9274	6492
9274	8258
9274	8876
9274	9035
9276	710
9276	4060
9276	5231
9276	7069
9276	9426
9276	9840
9279	1160
9279	3125
9279	5124
9279	7742
9279	8647
9279	8811
9279	8929
9279	8972
9279	9069
9279	9599
9279	9675
9279	9907
9281	2392
9281	8951
9281	8991
9281	9643
9281	9839
9284	4514
9284	4967
9284	5265
9284	5844
9284	7370
9284	8569
9284	9326
9284	9493
9285	5240
9285	5907
9285	7724
9285	9127
9285	9138
9285	9381
9291	7129
9291	7653
9291	7723
9291	8350
9291	9861
9293	5983
9293	6665
9293	8323
9293	8935
9293	9864
9295	1666
9295	5906
9295	6177
9295	9131
9295	9916
9296	1172
9296	1742
9296	5555
9296	6560
9296	6743
9296	7587
9296	8018
9296	9703
9297	6762
9297	7437
9297	8243
9297	8863
9297	9007
9297	9993
9301	2439
9301	4490
9301	8584
9301	9119
9301	9495
9301	9620
9301	9703
9307	1003
9307	6324
9307	6790
9307	8115
9307	8962
9311	6355
9311	7724
9311	7964
9311	8304
9311	8372
9311	8949
9311	9687
9311	9770
9315	1613
9315	3350
9315	6355
9315	6600
9315	7247
9315	7904
9315	8785
9315	9232
9315	9650
9315	9764
9318	638
9318	5385
9318	7548
9318	8521
9318	8536
9318	8798
9318	9234
9318	9466
9318	9526
9318	9892
9318	9952
9320	61
9320	593
9320	5763
9320	5945
9320	6475
9320	7285
9320	8811
9320	8820
9320	8913
9320	9455
9320	9567
9321	2282
9321	2936
9321	4901
9321	8057
9321	8212
9321	8375
9321	8705
9321	9053
9321	9166
9323	3174
9323	5727
9323	8447
9323	8940
9323	9204
9323	9580
9324	554
9324	5558
9324	6281
9324	7857
9324	8519
9324	9495
9326	4967
9326	5265
9326	5437
9326	7370
9326	7767
9326	8569
9326	9177
9326	9284
9326	9493
9328	1963
9328	7530
9328	9550
9328	9867
9328	9928
9334	15
9334	4341
9334	5142
9334	6433
9334	6890
9334	6900
9334	6916
9334	8478
9338	1312
9338	4719
9338	7281
9338	7802
9338	9895
9341	2960
9341	5828
9341	5917
9341	6154
9341	8099
9341	8582
9341	8946
9341	9440
9344	4809
9344	5658
9344	7718
9344	8430
9344	8539
9344	9458
9344	9530
9344	9864
9347	1780
9347	3189
9347	4882
9347	8348
9347	9449
9347	9785
9347	9977
9354	3375
9354	4293
9354	4347
9354	6100
9354	7991
9354	8483
9354	9831
9356	2217
9356	6043
9356	6664
9356	6928
9356	8011
9356	8353
9356	8862
9356	9622
9357	1666
9357	2245
9357	4789
9357	5153
9357	8367
9357	8593
9357	9402
9357	9878
9363	5022
9363	5521
9363	7103
9363	8297
9363	9451
9363	9575
9363	9967
9372	821
9372	1317
9372	3006
9372	6755
9372	7180
9372	9461
9372	9599
9372	9632
9372	9960
9381	1551
9381	1995
9381	4105
9381	6236
9381	6523
9381	7144
9381	9138
9381	9285
9385	1334
9385	2507
9385	3497
9385	5515
9385	6074
9385	8383
9385	9708
9385	10000
9388	912
9388	2092
9388	4841
9388	5743
9388	6582
9388	6854
9388	7530
9388	8100
9388	8266
9388	8474
9388	9214
9388	9265
9389	15
9389	370
9389	5050
9389	5998
9389	7625
9390	3207
9390	4098
9390	5749
9390	7413
9390	8710
9390	9095
9393	4526
9393	6757
9393	7195
9393	7911
9393	9011
9393	9622
9402	435
9402	2228
9402	4807
9402	6439
9402	7246
9402	7604
9402	8182
9402	8784
9402	8790
9402	9199
9402	9357
9409	3546
9409	3889
9409	8178
9409	8780
9409	9993
9412	1
9412	710
9412	1020
9412	2512
9412	4755
9412	5473
9412	6068
9412	8027
9412	8532
9412	8609
9412	8988
9412	9120
9413	1391
9413	3825
9413	5865
9413	6637
9413	7228
9413	7281
9413	9109
9413	9694
9413	9879
9413	9886
9419	2634
9419	4115
9419	7267
9419	8036
9419	8088
9419	8279
9419	9878
9419	9892
9421	6916
9421	7431
9421	8689
9421	9182
9421	9705
9421	9997
9426	425
9426	4060
9426	4719
9426	5231
9426	5567
9426	7069
9426	8572
9426	8633
9426	9265
9426	9276
9426	9920
9427	5999
9427	6448
9427	6647
9427	7151
9427	7724
9427	9677
9427	9954
9429	2454
9429	3547
9429	3617
9429	5019
9429	5804
9429	6607
9429	8099
9429	8305
9429	9520
9431	341
9431	2383
9431	4154
9431	4676
9431	5245
9431	7361
9431	7558
9431	8461
9431	8765
9431	8946
9431	9729
9433	200
9433	1109
9433	4303
9433	4504
9433	5018
9433	6332
9433	7141
9433	7314
9433	8478
9433	9754
9435	2382
9435	3984
9435	4512
9435	5003
9435	5550
9435	8433
9435	8454
9435	9487
9435	9705
9437	1120
9437	2446
9437	8574
9437	9102
9437	9952
9439	1970
9439	2750
9439	3914
9439	7892
9439	8764
9440	764
9440	1886
9440	6774
9440	7203
9440	8011
9440	9196
9440	9341
9440	9764
9440	9773
9440	9967
9446	93
9446	3268
9446	3838
9446	4426
9446	6104
9446	6977
9446	7037
9446	7285
9446	7762
9447	1279
9447	3615
9447	4479
9447	5836
9447	5999
9447	6110
9447	6432
9447	8115
9447	9831
9447	10000
9449	4882
9449	5753
9449	5907
9449	7168
9449	7904
9449	8941
9449	9347
9449	9580
9449	9713
9449	9785
9449	9966
9449	9977
9451	2225
9451	4271
9451	5521
9451	6913
9451	6943
9451	7014
9451	7103
9451	7444
9451	7589
9451	7657
9451	8297
9451	9363
9453	1822
9453	2551
9453	3225
9453	3304
9453	4931
9453	6728
9453	7646
9453	8966
9453	9689
9455	777
9455	1037
9455	3033
9455	3386
9455	4943
9455	5095
9455	5962
9455	7314
9455	7857
9455	7879
9455	9320
9455	9763
9455	9853
9458	740
9458	5658
9458	6429
9458	7718
9458	8812
9458	9344
9458	9909
9461	5152
9461	6452
9461	8206
9461	9372
9461	9632
9461	9719
9464	1795
9464	2156
9464	3064
9464	3280
9464	5790
9464	6114
9464	7915
9464	8471
9464	8572
9464	8951
9464	9124
9464	9488
9464	9550
9464	9677
9464	9743
9464	9968
9466	638
9466	3061
9466	7437
9466	7556
9466	8093
9466	8536
9466	9234
9466	9318
9466	9809
9466	9864
9468	6100
9468	9879
9474	2965
9474	3891
9474	4768
9474	5326
9474	7425
9474	8574
9474	8651
9474	8913
9474	9581
9474	9716
9477	290
9477	5240
9477	5972
9477	6604
9477	6616
9477	6827
9477	9643
9477	9950
9478	1932
9478	2716
9478	4483
9478	7129
9478	7547
9478	9547
9487	962
9487	1295
9487	1359
9487	3709
9487	5551
9487	5725
9487	7141
9487	7305
9487	7343
9487	7814
9487	8482
9487	9435
9487	9526
9488	1795
9488	3218
9488	5636
9488	5790
9488	6114
9488	7904
9488	7915
9488	8325
9488	8327
9488	8572
9488	9464
9488	9550
9488	9743
9493	3787
9493	4514
9493	5265
9493	7562
9493	8569
9493	8769
9493	9284
9493	9326
9493	9839
9494	2936
9494	3686
9494	6203
9494	9877
9494	9898
9495	3532
9495	4005
9495	4377
9495	4490
9495	4998
9495	7444
9495	7646
9495	9301
9495	9324
9495	9620
9495	9769
9495	9952
9501	4305
9501	6905
9501	7265
9501	7290
9501	7416
9501	7454
9501	7563
9501	8194
9501	8349
9504	1471
9504	3904
9504	4691
9504	7049
9504	7751
9504	8252
9504	8570
9504	9510
9504	9580
9505	612
9505	1717
9505	1800
9505	3207
9505	5621
9505	5753
9505	7324
9505	9954
9507	677
9507	846
9507	6532
9507	7589
9507	8266
9507	8430
9507	9533
9507	9580
9508	6073
9508	6897
9508	9755
9508	9821
9510	2840
9510	2874
9510	4842
9510	7049
9510	7730
9510	7751
9510	8252
9510	8392
9510	8570
9510	9504
9510	9928
9511	3174
9511	3698
9511	3943
9511	5816
9511	6977
9511	8491
9511	8966
9511	9144
9511	9154
9511	9513
9511	9761
9513	431
9513	1798
9513	3230
9513	4446
9513	5229
9513	6796
9513	8375
9513	8596
9513	8992
9513	9511
9513	9677
9513	9687
9517	1465
9517	1572
9517	4773
9517	5423
9517	7695
9517	9079
9517	9155
9517	9565
9517	9952
9520	564
9520	4795
9520	6607
9520	7605
9520	9429
9520	9967
9526	1430
9526	4493
9526	5720
9526	5976
9526	6558
9526	8240
9526	8940
9526	8997
9526	9318
9526	9487
9526	9617
9529	4023
9529	4869
9529	5519
9529	5720
9529	6385
9529	8274
9529	8580
9529	8729
9529	8842
9529	8881
9529	9877
9530	872
9530	4807
9530	5111
9530	6743
9530	7515
9530	7530
9530	8570
9530	8854
9530	9344
9533	1780
9533	3135
9533	3397
9533	4203
9533	5323
9533	5770
9533	9507
9533	9773
9533	9960
9534	2781
9534	2990
9534	3727
9534	4158
9534	4881
9534	8350
9534	8373
9534	9788
9540	2801
9540	7037
9540	7657
9540	8157
9540	8411
9540	9157
9540	9235
9547	805
9547	1710
9547	7507
9547	9478
9547	9798
9550	1795
9550	2156
9550	2543
9550	3759
9550	5790
9550	7915
9550	8572
9550	8638
9550	8997
9550	9152
9550	9328
9550	9464
9550	9488
9550	9743
9550	9920
9556	4676
9556	4830
9556	5960
9556	6311
9556	6748
9556	7254
9556	7976
9556	9135
9557	1175
9557	1700
9557	6988
9557	8115
9557	8980
9557	9177
9557	9188
9557	9694
9561	1212
9561	3531
9561	4118
9561	4283
9561	6929
9561	7701
9561	7858
9561	8126
9561	8252
9561	8962
9561	9166
9561	9700
9565	1361
9565	4163
9565	7361
9565	9517
9567	593
9567	3134
9567	5945
9567	6475
9567	7049
9567	7285
9567	7640
9567	7991
9567	8811
9567	8820
9567	9320
9575	7165
9575	7193
9575	9232
9575	9363
9575	9754
9575	9766
9579	1265
9579	2921
9579	4539
9579	6928
9579	7802
9579	8329
9579	8387
9579	8859
9579	9743
9579	9763
9579	9792
9580	6499
9580	7765
9580	8409
9580	8988
9580	9323
9580	9449
9580	9504
9580	9507
9580	9705
9581	4373
9581	4768
9581	5720
9581	6233
9581	6755
9581	9474
9581	9605
9584	846
9584	1015
9584	3715
9584	7037
9584	9047
9584	9138
9584	9839
9592	2535
9592	3260
9592	3560
9592	4574
9592	7556
9592	7721
9592	8506
9594	1453
9594	1860
9594	6726
9594	6744
9594	6988
9594	7141
9594	8385
9594	9131
9594	9135
9594	9898
9599	709
9599	4002
9599	4488
9599	5647
9599	5727
9599	6073
9599	6452
9599	6755
9599	8206
9599	8823
9599	8840
9599	8857
9599	8859
9599	9279
9599	9372
9599	9632
9602	2702
9602	3288
9602	6429
9602	8385
9602	8509
9602	9061
9602	9711
9602	9970
9603	1227
9603	3125
9603	3212
9603	4830
9603	5569
9603	9087
9603	9205
9603	9982
9605	1833
9605	2354
9605	6034
9605	8562
9605	8644
9605	8992
9605	9581
9611	2465
9611	7217
9611	8057
9611	8681
9611	9196
9616	1335
9616	3068
9616	3641
9616	4629
9616	7183
9616	7976
9616	9769
9617	1164
9617	1861
9617	4398
9617	5337
9617	5516
9617	5720
9617	5901
9617	6309
9617	6652
9617	6805
9617	6936
9617	7644
9617	8036
9617	8441
9617	8494
9617	8710
9617	8941
9617	9526
9620	770
9620	1880
9620	4000
9620	4005
9620	4436
9620	5869
9620	9301
9620	9495
9622	415
9622	5503
9622	5999
9622	7195
9622	7911
9622	8509
9622	8617
9622	9356
9622	9393
9625	2225
9625	2383
9625	5263
9625	5273
9625	6142
9625	7931
9625	8323
9632	764
9632	3631
9632	4488
9632	6452
9632	8175
9632	8182
9632	8206
9632	8859
9632	8941
9632	9372
9632	9461
9632	9599
9632	9892
9637	2927
9637	5658
9637	7718
9637	7753
9637	7927
9637	8539
9637	8812
9637	9010
9637	9952
9639	764
9639	2104
9639	2271
9639	4023
9639	4133
9639	4381
9639	5341
9639	5424
9639	8429
9640	2203
9640	2622
9640	3381
9640	7246
9640	8284
9640	8563
9640	8859
9640	9700
9640	9877
9640	9886
9643	2401
9643	3557
9643	4782
9643	5492
9643	6604
9643	8919
9643	9281
9643	9477
9643	9761
9643	9817
9643	9878
9643	9950
9648	513
9648	1623
9648	4157
9648	7688
9648	8043
9648	8407
9648	8625
9648	8881
9648	9197
9648	9833
9648	9933
9650	376
9650	1613
9650	1890
9650	1981
9650	4470
9650	6355
9650	7247
9650	9315
9652	5764
9652	6905
9652	7203
9652	8592
9652	9864
9653	1186
9653	4718
9653	6033
9653	6202
9653	7240
9653	8822
9653	9220
9653	9866
9655	1463
9655	5623
9655	6431
9655	6638
9655	6906
9655	6943
9655	7294
9655	8494
9655	9817
9655	9916
9655	9930
9667	2627
9667	8159
9667	9272
9668	33
9668	1264
9668	5025
9668	7114
9668	8644
9668	8689
9668	9188
9668	9853
9668	9994
9675	930
9675	6202
9675	7605
9675	7923
9675	7996
9675	8330
9675	8403
9675	9037
9675	9279
9677	1037
9677	9053
9677	9427
9677	9464
9677	9513
9678	6036
9678	6905
9678	7140
9678	7640
9678	8026
9678	8602
9678	8769
9678	8780
9678	9177
9678	9204
9678	9766
9678	9773
9678	9967
9678	9968
9682	7421
9682	8006
9682	8903
9682	9788
9684	1878
9684	1894
9684	2698
9684	3296
9684	4517
9684	4834
9684	6072
9684	6400
9684	7566
9684	8604
9684	9087
9684	9124
9684	9909
9687	5671
9687	7283
9687	7340
9687	7767
9687	8385
9687	8784
9687	9180
9687	9311
9687	9513
9687	9916
9689	629
9689	3162
9689	6154
9689	6728
9689	7646
9689	8182
9689	8822
9689	9453
9689	9821
9693	501
9693	1732
9693	3617
9693	4120
9693	7283
9693	8033
9693	8778
9693	9711
9694	1
9694	3879
9694	5647
9694	6034
9694	6637
9694	7228
9694	7431
9694	7751
9694	8040
9694	9413
9694	9557
9694	9886
9696	831
9696	1694
9696	2908
9696	5367
9696	6374
9696	9144
9700	2292
9700	3255
9700	5059
9700	5623
9700	5963
9700	6582
9700	7308
9700	7425
9700	8300
9700	8634
9700	8966
9700	9561
9700	9640
9700	9974
9703	5437
9703	5838
9703	7004
9703	7119
9703	8018
9703	8171
9703	8469
9703	8666
9703	9296
9703	9301
9703	9826
9705	983
9705	3557
9705	6429
9705	6499
9705	7968
9705	8447
9705	8840
9705	9069
9705	9204
9705	9421
9705	9435
9705	9580
9708	2427
9708	3605
9708	4326
9708	4654
9708	5790
9708	6638
9708	7245
9708	7657
9708	8160
9708	8197
9708	8693
9708	8922
9708	9385
9708	9717
9711	2702
9711	3288
9711	6358
9711	6748
9711	8456
9711	9061
9711	9602
9711	9693
9711	9864
9713	2943
9713	4318
9713	4424
9713	5952
9713	6056
9713	7193
9713	9449
9713	9996
9716	1761
9716	2182
9716	2267
9716	3655
9716	4135
9716	6203
9716	6824
9716	7663
9716	8367
9716	9474
9716	9952
9717	2427
9717	3605
9717	4326
9717	6848
9717	8151
9717	8197
9717	8922
9717	9708
9719	12
9719	1505
9719	1937
9719	2943
9719	7301
9719	7625
9719	8528
9719	9076
9719	9461
9719	9826
9729	1780
9729	4691
9729	7039
9729	7119
9729	7686
9729	8989
9729	9431
9743	1465
9743	2156
9743	3218
9743	5416
9743	5790
9743	6114
9743	6641
9743	7165
9743	7904
9743	7915
9743	8572
9743	9272
9743	9464
9743	9488
9743	9550
9743	9579
9743	9916
9744	4602
9744	4638
9744	4694
9744	4792
9744	6036
9744	6046
9744	7305
9744	7466
9744	8334
9744	8363
9744	8567
9744	8877
9744	9109
9744	9234
9744	9786
9747	1297
9747	2089
9747	2194
9747	2989
9747	4602
9747	6906
9747	9047
9747	9124
9747	9198
9754	3347
9754	3386
9754	7046
9754	7549
9754	9177
9754	9232
9754	9433
9754	9575
9755	6389
9755	9508
9761	487
9761	1160
9761	3698
9761	6977
9761	7015
9761	8491
9761	9511
9761	9643
9761	9950
9763	1230
9763	3068
9763	3225
9763	3631
9763	4504
9763	5955
9763	8387
9763	9182
9763	9455
9763	9579
9763	9792
9764	6187
9764	7263
9764	7640
9764	7804
9764	8642
9764	9177
9764	9315
9764	9440
9764	9967
9766	2967
9766	4108
9766	4531
9766	5076
9766	7335
9766	7582
9766	8941
9766	9205
9766	9575
9766	9678
9766	9778
9769	4022
9769	6509
9769	7290
9769	7416
9769	7683
9769	7802
9769	8363
9769	8720
9769	9220
9769	9495
9769	9616
9769	9968
9770	2423
9770	9311
9773	5963
9773	6448
9773	7116
9773	7434
9773	7640
9773	8297
9773	9440
9773	9533
9773	9678
9778	2967
9778	4531
9778	5076
9778	5824
9778	7335
9778	8138
9778	8356
9778	9766
9778	9788
9785	2441
9785	3189
9785	3708
9785	3977
9785	4821
9785	5437
9785	5907
9785	7168
9785	7454
9785	9347
9785	9449
9785	9977
9786	1453
9786	2089
9786	2408
9786	2439
9786	2867
9786	5915
9786	6760
9786	8359
9786	8562
9786	9010
9786	9744
9786	9798
9786	9898
9786	9974
9788	583
9788	1042
9788	3914
9788	7389
9788	8026
9788	8182
9788	8304
9788	8823
9788	8988
9788	9534
9788	9682
9788	9778
9789	904
9789	4799
9789	5838
9789	6623
9789	8016
9792	1230
9792	3225
9792	3631
9792	5303
9792	5955
9792	6560
9792	8334
9792	8387
9792	9579
9792	9763
9792	9839
9792	9930
9798	131
9798	1947
9798	2716
9798	3162
9798	4179
9798	5567
9798	6294
9798	6664
9798	9547
9798	9786
9809	2728
9809	3238
9809	4103
9809	4691
9809	5999
9809	7039
9809	7074
9809	7119
9809	7140
9809	9466
9809	9909
9812	2228
9812	2705
9812	3462
9812	5854
9812	6255
9812	7482
9812	7685
9812	8033
9812	8634
9812	8966
9812	9974
9817	1463
9817	1510
9817	4446
9817	6638
9817	6943
9817	7826
9817	8494
9817	9196
9817	9643
9817	9655
9818	118
9818	2850
9818	4809
9818	7530
9818	8356
9818	8959
9821	2330
9821	4555
9821	5142
9821	7318
9821	8047
9821	8604
9821	8949
9821	9156
9821	9508
9821	9689
9821	9827
9821	9994
9826	4221
9826	4436
9826	8369
9826	8822
9826	8998
9826	9703
9826	9719
9827	4638
9827	6888
9827	7388
9827	7530
9827	7589
9827	7917
9827	8375
9827	9821
9827	9970
9831	4161
9831	4347
9831	4752
9831	5362
9831	6936
9831	7991
9831	9354
9831	9447
9833	1253
9833	1593
9833	3413
9833	5991
9833	6652
9833	8270
9833	8297
9833	8951
9833	9648
9833	9968
9839	1593
9839	2392
9839	4491
9839	5869
9839	6014
9839	8212
9839	8348
9839	9281
9839	9493
9839	9584
9839	9792
9840	176
9840	4310
9840	4658
9840	4722
9840	4895
9840	7318
9840	7505
9840	7582
9840	7904
9840	8325
9840	8928
9840	9190
9840	9276
9853	3367
9853	4357
9853	6790
9853	7058
9853	8430
9853	8689
9853	9188
9853	9455
9853	9668
9861	1430
9861	1463
9861	2465
9861	4968
9861	6746
9861	7723
9861	8889
9861	9269
9861	9291
9864	574
9864	3891
9864	4154
9864	4575
9864	5481
9864	6644
9864	7298
9864	7409
9864	9214
9864	9293
9864	9344
9864	9466
9864	9652
9864	9711
9866	1321
9866	1644
9866	2207
9866	2348
9866	2364
9866	2901
9866	3527
9866	4387
9866	5367
9866	7843
9866	8689
9866	9653
9867	984
9867	7425
9867	7433
9867	7646
9867	8380
9867	8829
9867	9196
9867	9328
9867	10000
9877	1317
9877	2486
9877	3070
9877	4869
9877	6385
9877	8274
9877	8669
9877	8842
9877	9494
9877	9529
9877	9640
9877	9974
9878	1827
9878	2460
9878	3031
9878	4395
9878	4539
9878	4789
9878	5569
9878	7711
9878	9135
9878	9357
9878	9419
9878	9643
9879	583
9879	722
9879	2509
9879	4639
9879	6056
9879	7279
9879	7466
9879	8790
9879	9413
9879	9468
9883	1239
9883	2840
9883	3304
9883	3972
9883	6079
9883	6809
9883	6964
9883	7074
9883	7444
9883	8707
9886	1742
9886	6637
9886	8580
9886	9053
9886	9109
9886	9413
9886	9640
9886	9694
9892	1976
9892	2785
9892	4158
9892	4296
9892	6839
9892	7022
9892	7110
9892	7160
9892	7437
9892	7653
9892	8536
9892	9234
9892	9318
9892	9419
9892	9632
9895	52
9895	1312
9895	3567
9895	3706
9895	4719
9895	4834
9895	4853
9895	6492
9895	6664
9895	7281
9895	8962
9895	9338
9898	3174
9898	4000
9898	7818
9898	8359
9898	8940
9898	9010
9898	9494
9898	9594
9898	9786
9898	9912
9907	2838
9907	7196
9907	7784
9907	8823
9907	9279
9909	1420
9909	2713
9909	3296
9909	4517
9909	6400
9909	8281
9909	8604
9909	9131
9909	9458
9909	9684
9909	9809
9912	901
9912	1923
9912	2258
9912	3391
9912	4553
9912	4623
9912	6467
9912	7144
9912	7698
9912	9119
9912	9898
9916	851
9916	2502
9916	3115
9916	3482
9916	6546
9916	7141
9916	8873
9916	9295
9916	9655
9916	9687
9916	9743
9920	666
9920	1420
9920	3751
9920	7976
9920	8407
9920	9270
9920	9426
9920	9550
9928	1386
9928	5229
9928	6271
9928	7074
9928	9109
9928	9328
9928	9510
9930	169
9930	1113
9930	3941
9930	5998
9930	6946
9930	9655
9930	9792
9930	9997
9933	1623
9933	1827
9933	3609
9933	3845
9933	6641
9933	7640
9933	7688
9933	7948
9933	8016
9933	8528
9933	8764
9933	8997
9933	9197
9933	9269
9933	9648
9950	290
9950	2002
9950	2965
9950	4388
9950	4782
9950	5240
9950	6318
9950	7893
9950	8100
9950	8681
9950	9190
9950	9477
9950	9643
9950	9761
9952	1572
9952	2715
9952	4249
9952	4870
9952	5232
9952	7695
9952	8942
9952	9079
9952	9155
9952	9318
9952	9437
9952	9495
9952	9517
9952	9637
9952	9716
9952	9982
9954	6028
9954	6647
9954	7151
9954	7931
9954	9053
9954	9265
9954	9427
9954	9505
9960	866
9960	1650
9960	3925
9960	4656
9960	5323
9960	6033
9960	6068
9960	7265
9960	8445
9960	9372
9960	9533
9966	2938
9966	5071
9966	5927
9966	6072
9966	7515
9966	8018
9966	8034
9966	8093
9966	8440
9966	8479
9966	8662
9966	9449
9967	636
9967	6157
9967	6187
9967	7532
9967	8047
9967	8780
9967	9177
9967	9234
9967	9363
9967	9440
9967	9520
9967	9678
9967	9764
9968	962
9968	2401
9968	3367
9968	7646
9968	7767
9968	9102
9968	9270
9968	9464
9968	9678
9968	9769
9968	9833
9970	1878
9970	2408
9970	3994
9970	5562
9970	8190
9970	8383
9970	8602
9970	9602
9970	9827
9974	2292
9974	3462
9974	4346
9974	4499
9974	4789
9974	5276
9974	6091
9974	6110
9974	7301
9974	7308
9974	7582
9974	9700
9974	9786
9974	9812
9974	9877
9977	956
9977	3256
9977	3400
9977	4158
9977	4821
9977	5149
9977	5753
9977	5907
9977	9347
9977	9449
9977	9785
9982	4235
9982	5047
9982	5906
9982	6629
9982	7073
9982	7144
9982	7195
9982	7703
9982	9156
9982	9603
9982	9952
9993	1496
9993	3484
9993	3617
9993	3727
9993	7532
9993	8521
9993	9297
9993	9409
9994	6499
9994	6988
9994	7654
9994	7693
9994	8323
9994	8764
9994	8933
9994	9102
9994	9668
9994	9821
9996	904
9996	1837
9996	4318
9996	4719
9996	5632
9996	5952
9996	6043
9996	7193
9996	7217
9996	7581
9996	8699
9996	8919
9996	9713
9997	1516
9997	2698
9997	4545
9997	4781
9997	5143
9997	6230
9997	7586
9997	9421
9997	9930
10000	2372
10000	3200
10000	4148
10000	4351
10000	4654
10000	6644
10000	7279
10000	8385
10000	8820
10000	9385
10000	9447
10000	9867
