9	8883
14	2907
14	5589
14	6165
14	9182
25	445
25	7574
25	9338
25	9998
30	8879
31	550
35	9885
41	3993
41	5343
41	8270
46	9535
51	8001
51	8487
51	9875
55	6326
55	9102
55	9212
55	9800
58	3568
58	8871
58	9186
71	4297
71	4734
71	6380
73	9183
73	9936
84	5622
84	8969
86	3321
86	3538
86	8899
100	8561
100	9094
100	9943
110	7437
110	9345
125	7820
125	8593
125	8918
127	4964
127	9121
130	3038
130	9804
135	9954
143	5867
149	7336
149	9215
180	9129
184	2983
184	3270
184	8382
198	2986
198	4142
198	6991
198	7741
203	9926
216	3579
224	3647
224	8152
232	6588
232	9790
255	8435
260	5284
271	7808
273	6855
274	7088
277	7820
290	9477
290	9950
291	9479
291	9892
292	6421
292	8085
292	8416
300	2983
300	8418
304	5752
305	8090
305	8431
305	9869
305	9943
308	5941
308	7393
314	619
314	7245
314	8353
316	1803
316	7833
323	2715
323	3982
334	507
334	8025
351	9925
359	5456
359	7484
359	9882
360	5846
360	8241
360	9021
366	8240
381	1983
383	5664
383	9391
383	9800
387	8708
389	3417
389	5058
390	9125
393	8587
393	8767
393	9997
397	5101
397	5507
397	6472
397	8320
397	8871
401	7894
402	2777
402	9233
406	8984
406	9949
420	2259
420	6427
434	4379
437	8816
437	9396
445	25
445	7672
450	9207
450	9497
451	6969
451	7641
454	4364
454	8114
454	9982
467	7008
467	9212
467	9800
469	3257
469	9557
473	9451
473	9882
480	5468
480	9532
481	8720
481	9336
483	5860
485	1477
506	2379
506	7494
507	334
513	9450
525	7456
525	8330
533	6963
533	8364
533	8827
533	9672
535	2896
535	9125
538	9669
538	9752
543	4976
550	31
551	649
551	3003
561	8047
561	8066
561	9646
561	9821
564	5477
564	5842
564	8047
567	9129
567	9686
580	9052
580	9935
592	8924
595	2011
595	5622
605	9361
606	4379
606	7394
613	956
613	4002
618	8572
618	9597
619	314
619	1226
619	2896
622	6400
622	8520
622	9684
634	3672
634	8869
636	4306
636	8431
636	8897
649	551
649	2182
649	6091
649	8833
653	8295
683	4017
683	6532
683	9204
686	6400
686	8549
686	9423
693	5477
693	8984
693	9949
697	2429
697	6454
698	7533
703	5938
703	7852
704	5461
704	7266
709	5159
709	8899
709	9599
735	3143
735	7323
735	9450
740	7185
740	7347
743	9016
746	8478
756	5955
758	970
758	6835
760	7641
760	7991
760	9351
767	5383
767	8755
777	7707
777	9455
784	9694
785	9882
785	9926
785	9988
788	8408
790	1792
790	5700
790	7486
790	9646
794	8416
796	8748
833	9545
839	933
839	8431
840	8277
840	8530
840	8685
847	9797
848	7816
848	9251
860	3982
860	6313
860	9495
861	3606
870	4282
870	9760
873	5630
873	9611
875	6832
875	9787
881	4094
881	5532
881	7132
887	9532
890	2259
890	3289
890	7255
890	7721
890	8910
890	9798
894	9641
908	4069
908	7158
908	9982
924	1415
924	5391
924	9804
929	7714
929	7937
931	9442
933	839
933	1636
933	7494
952	3847
952	6398
956	613
970	758
970	4900
970	8975
986	6628
1018	8627
1018	9358
1018	9863
1030	9266
1039	5710
1039	9976
1042	7999
1042	8630
1057	4458
1057	8364
1059	7437
1059	9234
1059	9479
1065	7474
1065	8306
1065	8395
1066	4338
1066	7057
1086	5190
1088	4533
1088	9087
1088	9737
1090	4015
1090	8737
1090	8980
1091	1946
1091	7797
1091	9765
1099	5561
1101	6557
1101	9787
1106	9692
1109	3252
1109	9433
1109	9486
1109	9875
1125	8337
1128	5980
1128	7243
1132	1302
1133	1998
1133	6225
1136	9602
1136	9989
1140	4217
1140	8350
1141	9276
1146	8013
1146	9316
1147	7074
1154	3857
1154	9582
1158	8949
1166	5126
1166	7910
1166	8416
1166	9545
1167	9800
1170	7707
1170	8241
1170	9438
1170	9498
1176	7687
1176	9885
1176	9954
1180	7933
1180	9642
1204	6225
1222	7910
1222	9629
1224	2523
1224	8052
1224	8776
1226	619
1227	9079
1227	9680
1232	3876
1232	9943
1237	7872
1237	8612
1239	8295
1239	9691
1243	3463
1243	8337
1243	9052
1243	9216
1245	9381
1245	9787
1252	5097
1252	7800
1252	9863
1268	2184
1268	6708
1268	9018
1268	9534
1268	9992
1273	6066
1273	7102
1273	7999
1273	9949
1281	1666
1281	5121
1281	7927
1287	3148
1287	9900
1291	3515
1291	9772
1295	3940
1295	9154
1295	9487
1302	1132
1302	7691
1302	8016
1302	8198
1303	6725
1303	8277
1312	9338
1318	4045
1318	7370
1332	1923
1332	5420
1332	5532
1354	4717
1354	7226
1354	9999
1355	4084
1359	3654
1359	3709
1359	5263
1359	9487
1362	2732
1362	9534
1362	9992
1364	7597
1367	9118
1367	9563
1381	2743
1381	9182
1381	9421
1389	4984
1389	7431
1399	3595
1399	7025
1400	9202
1400	9361
1408	9628
1408	9824
1415	924
1415	9804
1424	8042
1424	9810
1424	9837
1428	7102
1428	7687
1428	8737
1428	9377
1428	9885
1430	9582
1451	6934
1453	9642
1453	9786
1455	5169
1455	5201
1455	7245
1455	9264
1459	4323
1459	7167
1459	9216
1464	9371
1477	485
1477	8797
1478	8306
1491	8816
1492	6784
1493	9129
1493	9635
1494	3402
1494	6787
1495	3798
1502	2732
1502	4213
1509	5301
1509	9893
1511	6004
1511	6571
1511	9816
1511	9837
1521	4645
1521	9495
1521	9544
1531	9383
1532	2380
1532	3851
1533	9761
1533	9878
1539	8980
1547	8767
1547	9028
1549	9477
1549	9950
1555	8097
1555	8237
1555	9150
1556	1572
1556	5235
1572	1556
1572	9699
1573	6407
1573	9351
1575	9624
1585	6909
1585	7999
1587	5204
1587	9950
1589	4446
1589	8797
1590	4908
1590	9195
1593	8270
1593	9833
1593	9904
1599	3078
1599	5418
1599	7715
1599	9277
1599	9477
1605	6211
1605	7113
1605	7716
1605	8053
1607	6048
1607	9524
1616	8978
1616	9469
1621	8861
1624	6259
1624	9976
1633	9848
1634	6971
1634	7820
1634	9336
1636	933
1636	7706
1636	7867
1636	8662
1636	9234
1642	3870
1642	8305
1642	9837
1650	9956
1653	9400
1656	8277
1656	9102
1666	1281
1667	4861
1667	6586
1668	8565
1681	7731
1681	9108
1682	7192
1682	9098
1684	7422
1684	9999
1693	2883
1693	7816
1693	8978
1698	9761
1698	9850
1703	9799
1708	8046
1708	8773
1708	9837
1712	7523
1712	9604
1716	7323
1721	4005
1721	4321
1721	5169
1721	9495
1727	9381
1727	9790
1730	9264
1734	9804
1736	3967
1736	7276
1744	8781
1751	6991
1751	7723
1765	9834
1780	5078
1780	9347
1780	9729
1780	9890
1780	9999
1789	3437
1789	6398
1789	6620
1790	6835
1790	8627
1792	790
1792	9821
1794	3813
1794	7393
1794	9234
1794	9532
1803	316
1803	8178
1808	8827
1808	9665
1810	8975
1810	9900
1814	7591
1831	5193
1831	6391
1831	9597
1836	7691
1843	5477
1843	8484
1846	5303
1846	9675
1847	7556
1847	9804
1849	8270
1849	8775
1849	8816
1849	9311
1851	3059
1856	5912
1856	8816
1856	8949
1860	8701
1860	9514
1889	9635
1889	9971
1894	9684
1894	9901
1895	7310
1895	7933
1905	4490
1908	8296
1908	9949
1916	7976
1920	7424
1920	8501
1922	7933
1923	1332
1923	6340
1923	9207
1923	9497
1923	9912
1926	5035
1926	7295
1926	9971
1934	5532
1934	9234
1934	9892
1943	6380
1943	8053
1943	8587
1943	9123
1946	1091
1947	9798
1971	8101
1971	9354
1971	9604
1974	2693
1983	381
1983	4759
1995	7616
1995	9148
1995	9381
1998	1133
1998	3792
1998	7535
1998	8099
2001	7881
2001	9191
2001	9355
2006	3870
2006	9821
2011	595
2016	6326
2016	7424
2016	7989
2032	8773
2041	5186
2041	9190
2046	3059
2046	3173
2046	8009
2046	8454
2046	8707
2048	6105
2048	9202
2048	9694
2048	9797
2075	5171
2075	7496
2075	7619
2075	8628
2075	9172
2081	5867
2081	9207
2081	9497
2094	6042
2105	5607
2105	7994
2106	6628
2106	9021
2106	9172
2106	9361
2106	9848
2121	6853
2121	6975
2121	7236
2121	9421
2136	3397
2136	7461
2136	8466
2136	9557
2136	9848
2146	7828
2146	8640
2146	9239
2158	6948
2158	7723
2159	3102
2159	8064
2159	9912
2162	9982
2166	3138
2182	649
2182	5973
2182	9129
2182	9680
2184	1268
2184	8549
2192	4895
2204	6152
2204	6588
2204	9123
2205	8436
2207	3027
2207	8868
2207	9866
2215	9441
2215	9532
2215	9849
2215	9998
2226	9687
2229	9692
2231	6107
2231	9441
2245	3834
2245	9207
2245	9497
2259	420
2259	890
2259	8395
2259	8910
2260	7924
2260	9730
2264	9545
2306	5601
2306	7607
2309	6381
2309	9316
2314	5980
2314	9002
2314	9730
2314	9982
2316	9804
2319	6991
2319	9531
2319	9737
2337	9207
2337	9497
2337	9849
2341	3920
2341	8871
2341	9602
2348	4382
2348	8224
2348	9866
2352	9891
2379	506
2379	4623
2379	9814
2380	1532
2380	4360
2380	5459
2384	3207
2384	8877
2384	9168
2384	9463
2395	7474
2395	8788
2395	9239
2396	5523
2397	8579
2427	8469
2429	697
2433	3527
2433	4533
2433	5530
2433	6230
2434	9137
2434	9912
2438	2732
2438	6569
2438	9534
2438	9992
2440	5441
2440	9680
2441	8046
2441	8884
2448	9722
2460	2715
2460	8960
2460	9215
2460	9514
2460	9878
2462	7323
2462	7821
2470	7690
2470	8288
2470	9989
2471	3193
2471	3446
2471	6916
2493	5374
2493	9182
2493	9421
2495	9121
2506	7976
2506	8237
2506	8784
2520	8081
2520	9271
2523	1224
2531	2617
2531	2732
2531	3059
2531	5017
2534	8931
2534	9530
2534	9914
2537	8454
2537	9765
2560	6522
2560	8640
2568	3469
2568	9021
2568	9401
2571	6331
2574	8748
2579	6152
2579	7716
2579	9707
2582	7113
2582	8296
2583	3354
2583	4259
2583	5630
2583	8396
2583	9718
2586	4321
2586	9729
2587	6196
2587	9765
2594	9670
2594	9740
2607	9640
2608	3164
2608	3307
2608	8306
2608	9472
2610	5009
2610	5800
2610	9686
2610	9935
2617	2531
2617	6301
2619	8737
2622	9640
2632	8323
2632	9799
2636	9816
2637	4175
2637	8295
2662	7461
2673	7185
2673	8058
2673	9428
2693	1974
2693	7578
2693	8306
2693	9761
2697	6250
2697	9252
2700	9371
2708	9164
2710	7353
2710	9701
2710	9850
2715	323
2715	2460
2715	9882
2717	7269
2717	9992
2720	4111
2720	9311
2726	9102
2726	9564
2728	7436
2728	8401
2732	1362
2732	1502
2732	2438
2732	2531
2732	7008
2732	9018
2732	9992
2738	4538
2743	1381
2743	9182
2743	9374
2743	9644
2744	7295
2744	9761
2750	4217
2750	9439
2750	9998
2753	5123
2753	9593
2764	5576
2764	6908
2764	8701
2767	9052
2767	9599
2767	9686
2769	8788
2769	9925
2777	402
2777	9641
2790	3148
2790	4306
2803	8277
2803	8685
2803	9514
2804	8748
2804	9285
2804	9914
2809	9740
2814	8294
2814	8295
2814	9401
2820	9059
2820	9423
2828	8565
2828	9202
2842	8052
2843	9217
2845	8294
2845	8627
2848	6579
2853	3859
2853	4734
2853	7255
2853	8395
2853	8910
2855	3859
2873	3960
2873	4822
2873	7302
2877	8748
2883	1693
2883	7954
2885	4355
2885	9662
2887	6139
2887	7716
2896	535
2896	619
2897	4908
2897	6181
2897	6627
2897	8565
2900	8534
2900	9787
2901	4503
2901	7843
2901	8980
2901	9722
2901	9866
2907	14
2907	3848
2907	8277
2907	9182
2907	9374
2907	9421
2933	3951
2933	8240
2939	8455
2939	9188
2939	9772
2945	5190
2953	8358
2953	9486
2953	9540
2961	5860
2961	9582
2967	9624
2972	7170
2972	8884
2978	9814
2981	8081
2981	9804
2983	184
2983	300
2983	9534
2986	198
2986	6232
2992	9439
2992	9936
2992	9998
3003	551
3003	7177
3003	8472
3003	9216
3003	9889
3007	8908
3007	9628
3007	9864
3027	2207
3027	4865
3038	130
3038	7690
3038	8871
3041	3820
3041	5504
3041	7232
3041	9378
3042	3759
3042	7597
3042	8833
3056	6787
3057	4630
3057	7256
3057	7310
3059	1851
3059	2046
3059	2531
3059	6571
3065	5169
3065	5964
3065	7714
3065	9954
3068	5787
3068	9570
3077	9699
3078	1599
3078	8472
3090	4080
3090	9442
3094	7994
3094	8353
3094	9184
3095	9761
3102	2159
3103	9935
3110	7820
3110	8565
3110	9524
3110	9904
3118	9866
3122	5418
3122	7857
3122	8883
3122	9988
3133	8662
3135	5004
3135	9790
3138	2166
3138	8090
3138	8341
3138	9168
3138	9869
3140	5353
3140	9835
3143	735
3143	7299
3143	9912
3145	7759
3147	9772
3148	1287
3148	2790
3148	8785
3148	9028
3148	9311
3154	8162
3154	9765
3157	6091
3157	7916
3164	2608
3164	8081
3171	6836
3171	8827
3171	9997
3173	2046
3173	7370
3173	7683
3173	8241
3176	9052
3176	9935
3180	7828
3180	8025
3187	3894
3193	2471
3193	9129
3193	9635
3194	9438
3194	9790
3199	5842
3199	9704
3200	8899
3200	9472
3200	9718
3204	9410
3207	2384
3207	6535
3207	7690
3207	9266
3207	9505
3218	3990
3218	5553
3218	8572
3227	7930
3227	9150
3227	9855
3227	9950
3229	7474
3229	8306
3229	9687
3236	4978
3236	5266
3236	8496
3252	1109
3252	6745
3257	469
3257	6294
3257	9495
3258	6508
3258	8601
3260	9662
3262	8313
3262	8431
3265	4444
3265	9121
3269	6561
3269	8707
3270	184
3270	8781
3270	9148
3270	9285
3281	4698
3281	8784
3281	9957
3289	890
3289	6975
3289	7494
3289	7850
3289	9582
3294	4384
3294	9834
3307	2608
3307	5327
3307	6567
3307	9540
3310	8653
3310	9701
3310	9850
3310	9897
3320	5956
3320	6102
3321	86
3321	4840
3321	7871
3321	9591
3332	6118
3332	9837
3336	7797
3336	8465
3336	9640
3336	9891
3342	6193
3342	8899
3342	9396
3342	9718
3352	4444
3352	5581
3352	9595
3352	9808
3352	9819
3353	7196
3353	8042
3353	9837
3354	2583
3354	8167
3354	9901
3362	6105
3362	8009
3362	8707
3364	7033
3376	4624
3376	5097
3376	9062
3376	9931
3378	9423
3382	8978
3382	9094
3384	4461
3384	6686
3392	8438
3392	9191
3392	9355
3392	9479
3392	9640
3397	2136
3402	1494
3402	6472
3402	9798
3404	6846
3413	5842
3413	8757
3413	9833
3416	8662
3417	389
3417	9544
3421	6532
3421	9545
3437	1789
3437	9505
3439	8038
3446	2471
3446	6522
3446	9374
3450	4734
3450	5504
3455	5980
3455	9704
3456	6626
3456	8398
3456	8751
3456	9439
3456	9786
3459	7925
3459	9891
3463	1243
3463	3848
3463	8326
3463	8337
3469	2568
3469	4887
3469	7522
3469	9675
3477	3936
3477	6398
3477	8236
3477	8735
3496	7220
3496	9824
3515	1291
3515	3895
3517	6522
3517	9216
3527	2433
3527	7843
3527	9866
3531	8662
3538	86
3538	6748
3538	7606
3538	7821
3538	9217
3549	3700
3557	8436
3557	8747
3568	58
3568	5752
3568	5912
3568	5938
3568	8301
3568	8320
3568	8871
3573	8129
3579	216
3579	4847
3589	7131
3589	7924
3591	7236
3591	9121
3592	8129
3595	1399
3595	9264
3601	8150
3602	7991
3606	861
3606	8852
3625	4697
3625	6638
3634	4647
3634	6565
3634	7091
3634	7215
3634	9563
3634	9875
3638	5061
3644	8452
3644	8569
3647	224
3647	5225
3647	7687
3647	9355
3654	1359
3654	4297
3654	7136
3663	4319
3663	8833
3663	9665
3663	9667
3672	634
3672	9137
3680	4796
3680	7087
3680	9421
3689	8260
3689	8783
3700	3549
3700	4750
3700	4785
3706	5695
3709	1359
3709	4816
3709	5784
3709	7074
3709	8163
3709	9487
3710	8628
3710	9215
3713	4141
3713	7185
3713	8921
3720	6186
3720	8398
3720	8861
3720	9188
3720	9336
3731	5009
3731	7185
3731	8921
3731	9094
3759	3042
3759	5016
3759	7253
3785	6557
3788	6627
3788	6901
3792	1998
3792	6782
3792	9108
3798	1495
3798	7431
3798	7714
3798	9706
3813	1794
3813	9884
3813	9926
3819	8306
3819	8496
3820	3041
3820	5205
3820	8051
3820	8893
3834	2245
3834	6911
3834	9028
3834	9529
3838	7535
3841	9524
3847	952
3847	6230
3848	2907
3848	3463
3848	7794
3848	8337
3851	1532
3851	8299
3851	8466
3857	1154
3857	4833
3859	2853
3859	2855
3859	7993
3859	8910
3865	8980
3865	9271
3865	9642
3866	7867
3868	8358
3868	9999
3869	8325
3870	1642
3870	2006
3870	9646
3870	9821
3876	1232
3876	5888
3876	7816
3876	7872
3876	9938
3882	6385
3882	8005
3894	3187
3894	7683
3894	8773
3895	3515
3895	6508
3895	6520
3895	6948
3895	9999
3907	4319
3907	8984
3907	9665
3907	9747
3907	9938
3908	7087
3908	8103
3908	8653
3912	6359
3912	6439
3920	2341
3920	6763
3926	4533
3926	5533
3926	8389
3936	3477
3936	4847
3936	7700
3936	8735
3939	6703
3939	9358
3940	1295
3940	5851
3940	9752
3945	4769
3945	9641
3951	2933
3951	7295
3951	9361
3960	2873
3960	9976
3964	7707
3965	7279
3965	9423
3967	1736
3967	4175
3967	9338
3967	9540
3973	9814
3982	323
3982	860
3982	9989
3990	3218
3990	7574
3990	9183
3990	9863
3990	9936
3990	9997
3991	5461
3991	9819
3993	41
3993	8066
3999	9557
4002	613
4002	6819
4002	8178
4002	9599
4003	5590
4003	9423
4005	1721
4005	7203
4005	9495
4005	9620
4007	5488
4007	7652
4007	7677
4007	9450
4007	9469
4010	9797
4011	7597
4011	9529
4015	1090
4015	5912
4015	9669
4015	9943
4017	683
4017	7236
4017	9322
4017	9421
4025	4725
4025	6861
4025	9421
4035	9351
4045	1318
4045	4908
4045	6427
4045	9495
4059	8382
4067	5758
4067	9197
4069	908
4069	9810
4075	7179
4080	3090
4080	8869
4082	8717
4082	9787
4084	1355
4084	8389
4084	9997
4086	9971
4094	881
4094	5731
4094	8053
4094	9707
4104	8052
4104	9129
4105	9381
4105	9709
4109	8278
4109	9833
4111	2720
4111	7976
4111	8938
4111	9150
4111	9855
4114	6398
4114	9652
4114	9805
4116	5791
4136	4274
4136	7693
4136	9052
4141	3713
4141	9554
4142	198
4142	6152
4143	9215
4143	9455
4143	9752
4170	6706
4170	7212
4170	9808
4175	2637
4175	3967
4181	8040
4181	9694
4182	4923
4202	6836
4211	8079
4211	9263
4213	1502
4213	8489
4214	6835
4217	1140
4217	2750
4217	8938
4217	9410
4220	9134
4220	9251
4220	9463
4224	8090
4233	5477
4233	6903
4233	9209
4233	9400
4234	5507
4234	9125
4234	9184
4234	9233
4250	7820
4250	8217
4250	9021
4250	9524
4252	4319
4252	8006
4252	9091
4259	2583
4259	5016
4259	7088
4259	8980
4259	9642
4263	4713
4272	8487
4272	9540
4272	9662
4273	9472
4273	9641
4274	4136
4274	9052
4274	9819
4282	870
4282	6924
4282	7098
4282	7211
4282	8260
4283	5246
4283	6835
4283	8630
4286	7019
4286	7741
4286	9018
4286	9534
4286	9992
4297	71
4297	3654
4297	4555
4297	6380
4297	6435
4297	8163
4297	8717
4301	7091
4302	8899
4303	5639
4303	9433
4306	636
4306	2790
4306	9797
4306	9901
4307	5539
4307	7348
4307	9277
4307	9591
4315	6839
4318	5590
4319	3663
4319	3907
4319	4252
4319	5017
4321	1721
4321	2586
4321	9142
4322	5262
4322	5481
4322	9530
4322	9914
4323	1459
4323	6648
4332	7578
4338	1066
4338	6971
4338	8794
4345	8396
4347	7991
4347	8101
4347	9354
4347	9760
4351	8708
4351	9904
4355	2885
4355	9457
4360	2380
4364	454
4364	4519
4364	8097
4365	9438
4370	8101
4370	9354
4371	4697
4371	5928
4371	9263
4379	434
4379	606
4379	4867
4379	7240
4379	7755
4380	4634
4380	6777
4380	9901
4382	2348
4382	5083
4383	9765
4383	9890
4384	3294
4384	4867
4386	9570
4392	4666
4392	7337
4392	8194
4392	9639
4394	7201
4407	8893
4407	9691
4423	7098
4428	7662
4429	7566
4429	8143
4429	9113
4429	9798
4430	8931
4430	9530
4430	9914
4435	8016
4444	3265
4444	3352
4444	5581
4444	9976
4446	1589
4446	7927
4446	9642
4457	6294
4457	7848
4458	1057
4458	4867
4458	5890
4460	4699
4460	9172
4461	3384
4461	6165
4461	8899
4463	6512
4473	5126
4473	7098
4473	9997
4474	5262
4474	8931
4474	9530
4474	9914
4481	7867
4481	9216
4484	8783
4485	4565
4485	4891
4485	7220
4485	8337
4485	8893
4486	6831
4486	8899
4490	1905
4490	9495
4503	2901
4503	5267
4511	8871
4511	9884
4513	7619
4513	7867
4513	9869
4517	9684
4519	4364
4519	5311
4519	7019
4519	9094
4519	9797
4523	7808
4523	9624
4533	1088
4533	2433
4533	3926
4533	5533
4533	5556
4533	9997
4538	2738
4538	9620
4543	9487
4544	9442
4544	9824
4551	8355
4551	9926
4555	4297
4555	5784
4555	6585
4555	6720
4555	7951
4555	8163
4555	9821
4562	4900
4562	6435
4562	8833
4565	4485
4565	8224
4565	8237
4586	6704
4586	9118
4586	9544
4596	7143
4618	8549
4623	2379
4623	6837
4623	9912
4624	3376
4624	5009
4624	7683
4624	8294
4630	3057
4634	4380
4634	5851
4638	9593
4638	9698
4645	1521
4645	9451
4645	9814
4647	3634
4648	9094
4648	9263
4648	9593
4651	5246
4651	5263
4651	5851
4666	4392
4666	9639
4667	5468
4667	8643
4667	9544
4668	5532
4668	8869
4670	8396
4672	6232
4672	7653
4672	8025
4674	5272
4674	8337
4675	5989
4675	8198
4675	9864
4676	7641
4676	9316
4687	5004
4687	8342
4687	8549
4688	4713
4688	9438
4689	8836
4689	9062
4689	9931
4697	3625
4697	4371
4697	9396
4698	3281
4698	6553
4698	6708
4698	9699
4699	4460
4699	6331
4713	4263
4713	4688
4713	7431
4713	8884
4713	9824
4716	5689
4716	8374
4716	9935
4717	1354
4717	5622
4725	4025
4725	9172
4731	9707
4731	9730
4733	6565
4733	7179
4733	7794
4733	9563
4734	71
4734	2853
4734	3450
4734	9264
4750	3700
4750	5800
4750	6648
4750	7522
4750	9514
4752	7991
4752	8295
4755	8271
4755	9028
4759	1983
4759	7991
4759	8521
4759	9476
4765	7933
4766	9008
4769	3945
4769	6423
4769	8924
4769	9391
4780	9354
4785	3700
4789	7492
4789	8677
4789	9878
4790	7218
4790	9023
4790	9737
4796	3680
4796	9377
4796	9935
4805	4911
4805	6382
4816	3709
4822	2873
4822	9108
4822	9131
4822	9557
4825	8013
4825	8877
4829	6112
4829	9094
4833	3857
4833	7731
4840	3321
4840	6858
4840	8301
4840	9276
4840	9670
4840	9740
4847	3579
4847	3936
4847	7299
4847	9790
4855	6520
4855	9150
4855	9706
4861	1667
4861	9957
4861	9982
4865	3027
4865	9476
4865	9890
4867	4379
4867	4384
4867	4458
4884	6819
4884	9396
4887	3469
4887	6078
4891	4485
4891	9797
4894	9377
4894	9885
4895	2192
4895	7578
4895	7898
4895	8325
4897	5311
4897	5488
4897	6381
4897	9401
4897	9781
4897	9797
4900	970
4900	4562
4900	8085
4900	8852
4900	9266
4900	9956
4908	1590
4908	2897
4908	4045
4908	9195
4911	4805
4911	8014
4911	9398
4912	8720
4917	9487
4920	8013
4922	7690
4922	8320
4922	8871
4922	9765
4923	4182
4923	5138
4923	5970
4923	9110
4946	7783
4953	9217
4953	9665
4953	9988
4954	6811
4962	8748
4962	9680
4964	127
4964	9207
4974	7910
4976	543
4978	3236
4978	5962
4978	8949
4982	5118
4982	6811
4982	8178
4984	1389
4984	8743
4984	9992
4986	6196
4992	8248
4992	9635
4992	9834
4993	8980
4993	9271
4993	9374
4993	9642
4993	9855
4994	7852
4994	9190
5004	3135
5004	4687
5004	5522
5004	7299
5004	8382
5004	9790
5007	8342
5007	8879
5007	9644
5009	2610
5009	3731
5009	4624
5009	8423
5009	9686
5016	3759
5016	4259
5016	7154
5016	8167
5016	8260
5017	2531
5017	4319
5017	5241
5017	8009
5017	8707
5017	9541
5024	8295
5035	1926
5035	9971
5041	6092
5041	8371
5041	8554
5041	9094
5042	9252
5042	9457
5044	8717
5044	9363
5044	9451
5044	9884
5053	8496
5055	8313
5055	9545
5058	389
5058	5219
5058	8178
5061	3638
5061	9413
5061	9745
5078	1780
5083	4382
5083	8569
5083	9441
5083	9849
5084	8318
5097	1252
5097	3376
5097	9931
5101	397
5101	5539
5101	8320
5101	8871
5101	9998
5102	6078
5102	9413
5102	9544
5118	4982
5118	6045
5118	7230
5118	9848
5120	6238
5121	1281
5121	6242
5121	6400
5121	9322
5123	2753
5126	1166
5126	4473
5126	5525
5126	6588
5126	8389
5126	8767
5126	8965
5135	6719
5135	7128
5135	9611
5138	4923
5138	6975
5138	9554
5147	5263
5147	9197
5159	709
5159	9642
5159	9729
5160	6421
5160	8013
5160	8435
5160	9957
5167	5343
5167	9604
5167	9675
5169	1455
5169	1721
5169	3065
5169	8701
5171	2075
5171	8628
5171	9172
5171	9347
5171	9591
5171	9837
5186	2041
5186	6962
5186	8797
5186	8969
5186	9816
5189	5315
5189	7393
5189	7672
5189	7794
5189	8836
5189	9781
5190	1086
5190	2945
5190	6258
5190	6627
5193	1831
5193	5459
5193	9383
5201	1455
5201	8910
5204	1587
5204	7211
5204	7387
5205	3820
5205	7337
5205	8194
5205	8717
5205	9477
5205	9765
5207	8005
5211	7456
5211	8277
5211	9687
5214	8025
5214	9383
5219	5058
5219	8748
5225	3647
5225	9532
5235	1556
5235	6259
5235	7592
5235	8579
5235	9102
5239	6903
5239	8663
5239	9383
5240	6075
5240	6663
5240	9070
5240	9285
5240	9477
5240	9950
5241	5017
5241	6520
5246	4283
5246	4651
5246	9675
5247	5496
5247	6336
5247	7380
5247	9624
5251	6839
5251	7529
5251	9002
5251	9008
5251	9497
5251	9730
5251	9834
5262	4322
5262	4474
5262	9338
5262	9597
5262	9914
5263	1359
5263	4651
5263	5147
5263	9358
5266	3236
5266	9413
5267	4503
5272	4674
5272	8337
5272	9469
5275	5315
5275	9554
5275	9971
5284	260
5284	6458
5301	1509
5301	9893
5303	1846
5303	9706
5308	6627
5311	4519
5311	4897
5311	6381
5315	5189
5315	5275
5315	7170
5315	8241
5316	7396
5316	9201
5316	9421
5316	9837
5316	9925
5327	3307
5327	7253
5336	7031
5336	7087
5336	9374
5336	9421
5336	9534
5339	8861
5339	9313
5339	9629
5339	9754
5340	6193
5340	6425
5340	6628
5340	9642
5343	41
5343	5167
5348	7387
5352	6385
5352	8046
5352	8101
5352	9371
5352	9529
5353	3140
5353	7269
5359	8931
5359	9914
5372	9686
5373	5858
5373	9745
5374	2493
5374	6336
5383	767
5383	6186
5383	9582
5383	9800
5388	7706
5388	9154
5389	8601
5391	924
5391	8085
5391	8956
5391	9892
5392	9635
5392	9954
5393	9378
5393	9400
5418	1599
5418	3122
5418	8849
5418	8921
5420	1332
5420	7201
5420	9938
5424	7276
5424	9639
5428	7525
5428	8562
5428	8643
5428	9498
5441	2440
5441	9680
5442	6635
5442	8423
5442	9028
5456	359
5456	8737
5456	8751
5459	2380
5459	5193
5459	9597
5461	704
5461	3991
5461	9900
5468	480
5468	4667
5468	6458
5468	8773
5477	564
5477	693
5477	1843
5477	4233
5477	7131
5479	8753
5481	4322
5481	7236
5481	9628
5481	9864
5484	8342
5484	8984
5484	9949
5488	4007
5488	4897
5488	8099
5488	9781
5489	5639
5489	8836
5496	5247
5496	8313
5504	3041
5504	3450
5507	397
5507	4234
5507	9184
5513	7424
5513	8662
5513	9016
5513	9271
5522	5004
5522	7265
5522	8734
5522	9790
5523	2396
5523	8520
5523	8975
5523	9541
5523	9900
5524	7242
5524	9540
5525	5126
5525	8493
5525	8653
5525	9701
5525	9897
5530	2433
5530	8271
5532	881
5532	1332
5532	1934
5532	4668
5533	3926
5533	4533
5533	7266
5533	8767
5539	4307
5539	5101
5539	5752
5539	5938
5539	7690
5539	9091
5539	9476
5553	3218
5553	8572
5553	8874
5556	4533
5556	8217
5556	8589
5561	1099
5561	8085
5566	7167
5566	7430
5566	7436
5566	9760
5576	2764
5576	7243
5576	9378
5581	3352
5581	4444
5581	7652
5581	7662
5581	9595
5581	9976
5589	14
5589	7087
5590	4003
5590	4318
5590	6427
5590	9935
5601	2306
5601	6991
5601	7119
5607	2105
5607	6509
5607	9665
5607	9747
5607	9938
5622	84
5622	595
5622	4717
5622	9183
5622	9912
5622	9997
5629	6287
5629	8734
5629	9463
5629	9672
5630	873
5630	2583
5630	6193
5630	7139
5630	8899
5635	7533
5639	4303
5639	5489
5639	8302
5642	8113
5642	8438
5642	8457
5642	9191
5642	9313
5655	5896
5655	5970
5655	8358
5655	9391
5664	383
5664	7301
5664	8528
5664	9971
5668	5956
5668	7794
5668	9563
5677	8522
5689	4716
5689	9190
5689	9534
5695	3706
5695	7484
5695	9976
5700	790
5700	5867
5700	6720
5700	7821
5700	9487
5704	5758
5704	5874
5704	8009
5704	8143
5704	9450
5704	9542
5709	9423
5709	9479
5709	9900
5710	1039
5710	8099
5719	8608
5719	9641
5725	8163
5725	8489
5725	9487
5730	5980
5730	7816
5730	7924
5730	9644
5730	9652
5731	4094
5731	7678
5731	8466
5752	304
5752	3568
5752	5539
5752	7690
5752	8320
5752	9890
5758	4067
5758	5704
5777	7765
5777	7916
5777	9943
5784	3709
5784	4555
5784	7299
5784	8163
5785	8678
5785	9694
5787	3068
5787	6063
5787	7201
5787	7336
5787	8157
5787	9186
5787	9786
5791	4116
5791	9216
5799	7995
5799	8918
5799	9962
5800	2610
5800	4750
5800	8452
5804	6186
5804	7795
5804	9118
5804	9436
5810	6579
5810	6665
5815	9003
5815	9476
5815	9692
5828	7299
5828	7795
5828	9199
5828	9428
5842	564
5842	3199
5842	3413
5846	360
5846	6439
5846	8301
5851	3940
5851	4634
5851	4651
5851	9816
5856	9680
5858	5373
5858	8350
5859	6223
5859	6466
5859	7226
5859	9377
5860	483
5860	2961
5864	9207
5864	9497
5864	9641
5867	143
5867	2081
5867	5700
5867	8198
5867	9672
5874	5704
5874	8323
5874	8707
5874	9108
5874	9497
5874	9542
5880	6102
5880	6532
5880	7102
5880	7232
5880	7816
5880	8389
5880	8879
5887	8549
5887	9790
5888	3876
5888	6331
5888	7677
5888	7872
5888	8918
5890	4458
5890	7436
5890	7556
5896	5655
5896	6256
5905	7246
5912	1856
5912	3568
5912	4015
5912	8079
5913	9486
5928	4371
5928	7894
5933	6427
5933	9079
5937	6481
5937	8103
5937	9765
5938	703
5938	3568
5938	5539
5938	7690
5938	8320
5938	9593
5940	8181
5940	8737
5941	308
5941	9530
5953	6380
5953	6720
5953	7759
5953	7951
5953	9487
5955	756
5955	9154
5955	9371
5956	3320
5956	5668
5956	9070
5960	8784
5960	8949
5960	9544
5962	4978
5962	7336
5962	8832
5962	9215
5962	9455
5962	9752
5964	3065
5964	6461
5964	9326
5964	9345
5964	9624
5970	4923
5970	5655
5970	6918
5970	9168
5970	9554
5970	9943
5973	2182
5973	6704
5973	7098
5973	9118
5973	9204
5980	1128
5980	2314
5980	3455
5980	5730
5980	9345
5980	9704
5980	9745
5989	4675
5989	8530
5989	9628
5992	6425
5992	6703
5992	7256
5992	8113
6004	1511
6004	8042
6004	8157
6004	9201
6004	9239
6004	9837
6018	8241
6018	9182
6018	9383
6027	8236
6027	9680
6035	6261
6035	9168
6035	9207
6035	9869
6042	2094
6042	8113
6042	8438
6042	8457
6042	9191
6042	9355
6045	5118
6045	7621
6045	8969
6045	9438
6048	1607
6048	7431
6048	7522
6048	9421
6063	5787
6063	8562
6063	9211
6065	7714
6065	9692
6066	1273
6066	8678
6074	9597
6075	5240
6075	7053
6075	8418
6075	8747
6075	9378
6078	4887
6078	5102
6078	7279
6078	8423
6078	9544
6091	649
6091	3157
6092	5041
6096	8052
6102	3320
6102	5880
6102	7296
6105	2048
6105	3362
6105	9121
6105	9745
6107	2231
6107	7780
6107	9819
6107	9904
6112	4829
6112	6361
6115	7691
6115	7964
6118	3332
6118	8753
6118	9786
6130	9016
6139	2887
6139	6725
6139	7999
6139	9199
6139	9849
6152	2204
6152	2579
6152	4142
6152	6211
6152	9123
6153	8595
6153	8861
6153	9629
6153	9754
6165	14
6165	4461
6165	9718
6181	2897
6181	7691
6181	8212
6181	9640
6181	9843
6186	3720
6186	5383
6186	5804
6186	9890
6187	9554
6193	3342
6193	5340
6193	5630
6193	7139
6193	8899
6193	9718
6196	2587
6196	4986
6202	9675
6211	1605
6211	6152
6211	7716
6211	8371
6211	9123
6219	8554
6219	9410
6223	5859
6223	9118
6225	1133
6225	1204
6230	2433
6230	3847
6230	6981
6230	7871
6230	8318
6230	9997
6232	2986
6232	4672
6232	9885
6233	7422
6233	8969
6233	8984
6233	9740
6233	9949
6238	5120
6238	8198
6242	5121
6242	8236
6242	9264
6242	9901
6250	2697
6250	8775
6256	5896
6256	7170
6256	8734
6256	9463
6258	5190
6258	6784
6259	1624
6259	5235
6259	9433
6261	6035
6261	6454
6261	8090
6261	9992
6269	8734
6269	8960
6269	9463
6287	5629
6287	7148
6287	7653
6287	7741
6287	8734
6287	9463
6294	3257
6294	4457
6294	7994
6294	9798
6301	2617
6301	6918
6301	7295
6301	7704
6301	9195
6307	6553
6307	8608
6307	8781
6307	9914
6313	860
6313	6461
6313	6857
6313	7370
6313	9326
6326	55
6326	2016
6326	9354
6326	9557
6326	9797
6328	7916
6328	9557
6331	2571
6331	4699
6331	5888
6331	8064
6336	5247
6336	5374
6336	6981
6336	7380
6336	7808
6336	9378
6340	1923
6340	7019
6340	8325
6340	8401
6340	8522
6340	9611
6340	9707
6359	3912
6359	9204
6361	6112
6361	7430
6361	8737
6361	9998
6380	71
6380	1943
6380	4297
6380	5953
6380	6720
6380	7199
6380	9487
6381	2309
6381	4897
6381	5311
6381	7212
6381	9157
6381	9954
6382	4805
6382	6837
6382	8534
6385	3882
6385	5352
6385	7662
6385	8005
6385	8013
6385	9168
6385	9529
6391	1831
6391	9497
6391	9597
6391	9754
6398	952
6398	1789
6398	3477
6398	4114
6398	8735
6400	622
6400	686
6400	5121
6400	7759
6400	7894
6400	9113
6400	9322
6400	9684
6405	8064
6405	9912
6406	8489
6406	8797
6406	9999
6407	1573
6407	8701
6414	7243
6414	8228
6414	8521
6414	9442
6414	9698
6414	9737
6417	9363
6417	9451
6417	9935
6421	292
6421	5160
6421	8435
6421	9137
6423	4769
6423	8051
6425	5340
6425	5992
6425	8921
6425	9554
6425	9639
6427	420
6427	4045
6427	5590
6427	5933
6433	6858
6433	8612
6435	4297
6435	4562
6435	8085
6439	3912
6439	5846
6439	7242
6439	7933
6441	7176
6441	8653
6441	8704
6441	9404
6454	697
6454	6261
6458	5284
6458	5468
6461	5964
6461	6313
6461	8569
6461	9207
6461	9326
6461	9345
6461	9541
6465	6719
6465	9477
6466	5859
6466	8594
6469	6704
6469	7687
6469	8313
6469	9377
6469	9450
6469	9885
6472	397
6472	3402
6472	7794
6472	9113
6472	9554
6472	9798
6481	5937
6481	7301
6481	8528
6481	9814
6481	9971
6494	8867
6494	9028
6508	3258
6508	3895
6508	6889
6508	9761
6509	5607
6509	7143
6509	8124
6509	9665
6509	9938
6512	4463
6512	7525
6512	8452
6512	9495
6512	9989
6520	3895
6520	4855
6520	5241
6520	7797
6520	8662
6522	2560
6522	3446
6522	3517
6522	8704
6522	9761
6526	7579
6526	7780
6526	9087
6526	9737
6532	683
6532	3421
6532	5880
6535	3207
6535	8097
6535	9008
6535	9821
6552	7910
6552	8079
6552	9157
6552	9570
6553	4698
6553	6307
6557	1101
6557	3785
6557	8833
6557	8836
6561	3269
6561	7795
6561	7930
6561	8353
6561	9311
6562	6969
6565	3634
6565	4733
6565	7794
6565	9563
6567	3307
6567	7253
6569	2438
6569	8884
6569	9018
6569	9164
6569	9992
6571	1511
6571	3059
6571	7053
6571	8593
6579	2848
6579	5810
6579	7925
6579	9891
6585	4555
6585	7380
6585	8163
6585	9091
6585	9487
6585	9904
6586	1667
6586	7158
6586	8773
6586	9532
6586	9957
6588	232
6588	2204
6588	5126
6588	8783
6602	9760
6620	1789
6620	7700
6620	9148
6626	3456
6626	8438
6626	8457
6626	9191
6627	2897
6627	3788
6627	5190
6627	5308
6627	9925
6628	986
6628	2106
6628	5340
6628	7266
6628	8374
6628	8685
6635	5442
6635	9188
6635	9799
6638	3625
6638	8013
6648	4323
6648	4750
6648	7964
6648	9557
6660	7848
6660	9032
6660	9216
6663	5240
6663	9271
6663	9950
6665	5810
6665	7106
6665	7129
6665	8595
6665	9949
6686	3384
6686	7641
6686	9819
6692	8493
6692	8549
6692	9808
6693	9694
6693	9850
6703	3939
6703	5992
6703	9358
6703	9962
6704	4586
6704	5973
6704	6469
6704	9118
6706	4170
6706	7568
6706	8734
6706	9134
6706	9672
6708	1268
6708	4698
6708	7730
6708	9642
6708	9957
6717	7142
6719	5135
6719	6465
6719	7337
6720	4555
6720	5700
6720	5953
6720	6380
6720	8893
6720	9487
6725	1303
6725	6139
6725	7132
6725	9999
6745	3252
6745	8849
6745	9882
6748	3538
6748	8788
6748	9686
6748	9935
6763	3920
6763	7211
6763	8040
6768	8627
6768	9641
6777	4380
6777	8435
6777	8662
6777	9849
6782	3792
6782	7251
6784	1492
6784	6258
6784	9950
6787	1494
6787	3056
6787	7534
6798	7784
6798	7880
6798	7924
6798	9900
6800	9890
6803	7139
6803	8579
6803	8743
6803	9102
6811	4954
6811	4982
6811	8178
6815	9266
6815	9808
6819	4002
6819	4884
6819	9441
6831	4486
6831	7616
6831	8784
6832	875
6832	8755
6832	8884
6832	9438
6832	9816
6832	9962
6835	758
6835	1790
6835	4214
6835	4283
6835	9544
6836	3171
6836	4202
6837	4623
6837	6382
6837	8079
6837	8157
6839	4315
6839	5251
6839	8271
6839	9892
6846	3404
6846	7299
6846	7531
6846	7916
6846	8921
6846	9457
6853	2121
6853	8188
6853	8608
6853	8832
6853	9641
6855	273
6855	7008
6855	7687
6855	8794
6857	6313
6857	8240
6857	8980
6858	4840
6858	6433
6858	7348
6858	8162
6858	8601
6861	4025
6861	9305
6881	8143
6881	8704
6881	9889
6881	9950
6886	7908
6886	9377
6886	9885
6889	6508
6889	7898
6889	9199
6889	9761
6901	3788
6901	7568
6901	8162
6901	9134
6901	9251
6901	9487
6903	4233
6903	5239
6903	8408
6908	2764
6908	8051
6909	1585
6909	8294
6909	8794
6909	9401
6911	3834
6911	8867
6916	2471
6916	7833
6916	8677
6916	9182
6916	9374
6916	9421
6918	5970
6918	6301
6918	9169
6918	9878
6921	7279
6921	7850
6921	8401
6921	8522
6921	9264
6924	4282
6924	8015
6924	8260
6924	8704
6924	9722
6926	8517
6926	9134
6926	9498
6934	1451
6948	2158
6948	3895
6948	7036
6962	5186
6962	9190
6962	9816
6963	533
6963	8975
6963	9597
6963	9900
6969	451
6969	6562
6969	8781
6969	8868
6969	9709
6971	1634
6971	4338
6971	8565
6971	8874
6971	9479
6971	9544
6975	2121
6975	3289
6975	5138
6975	8188
6976	8753
6981	6230
6981	6336
6981	7484
6981	9976
6991	198
6991	1751
6991	2319
6991	5601
6991	9110
6993	7964
6993	8014
6993	8229
6993	8304
6993	8372
6993	8707
6993	8816
6993	8949
6993	9311
7000	7578
7000	9131
7008	467
7008	2732
7008	6855
7008	7852
7008	8194
7014	7880
7014	8152
7014	8717
7014	8783
7014	9217
7014	9451
7019	4286
7019	4519
7019	6340
7019	7898
7025	1399
7025	7816
7025	8016
7031	5336
7031	9123
7031	9824
7031	9848
7033	3364
7033	9311
7034	8788
7034	9345
7034	9875
7034	9925
7036	6948
7036	7053
7036	9998
7051	8299
7053	6075
7053	6571
7053	7036
7053	8593
7053	8918
7053	9595
7053	9800
7057	1066
7057	8594
7057	9992
7069	9276
7069	9670
7069	9740
7074	1147
7074	3709
7074	8163
7074	8302
7087	3680
7087	3908
7087	5336
7087	5589
7087	8677
7087	9374
7087	9421
7088	274
7088	4259
7088	8224
7088	9316
7088	9322
7088	9640
7091	3634
7091	4301
7091	7794
7091	8124
7091	9563
7098	4282
7098	4423
7098	4473
7098	5973
7102	1273
7102	1428
7102	5880
7102	7626
7102	8099
7103	8152
7103	8743
7103	8874
7103	9266
7103	9363
7103	9451
7106	6665
7106	7129
7106	7662
7113	1605
7113	2582
7113	7716
7119	5601
7119	8364
7119	9729
7128	5135
7128	7960
7128	9216
7128	9707
7129	6665
7129	7106
7129	8212
7131	3589
7131	5477
7131	7924
7131	9234
7132	881
7132	6725
7132	9591
7132	9709
7132	9999
7136	3654
7136	9142
7139	5630
7139	6193
7139	6803
7139	9718
7142	6717
7142	7843
7143	4596
7143	6509
7143	8565
7143	8781
7143	8975
7143	9914
7143	9935
7148	6287
7148	7496
7148	8240
7148	9451
7148	9514
7148	9956
7154	5016
7154	8306
7154	8861
7158	908
7158	6586
7158	7422
7158	8773
7167	1459
7167	5566
7167	7302
7167	8534
7170	2972
7170	5315
7170	6256
7170	9646
7170	9684
7176	6441
7176	9184
7176	9233
7176	9639
7177	3003
7177	7930
7177	8938
7179	4075
7179	4733
7179	7794
7179	9563
7179	9912
7185	740
7185	2673
7185	3713
7185	3731
7185	9428
7185	9810
7186	7430
7186	8305
7186	8653
7186	9378
7192	1682
7192	8301
7192	8327
7192	8398
7192	8720
7192	9834
7196	3353
7196	7881
7196	9201
7196	9644
7196	9837
7199	6380
7199	7461
7199	8308
7199	9805
7201	4394
7201	5420
7201	5787
7201	9665
7201	9938
7203	4005
7203	8472
7203	8640
7203	8776
7203	8832
7203	9652
7203	9956
7211	4282
7211	5204
7211	6763
7211	8899
7211	9322
7211	9950
7212	4170
7212	6381
7212	8716
7212	9639
7212	9781
7212	9855
7215	3634
7215	9935
7218	4790
7218	8716
7218	9510
7218	9662
7220	3496
7220	4485
7220	9824
7226	1354
7226	5859
7226	9816
7230	5118
7230	8969
7230	9848
7232	3041
7232	5880
7232	7296
7232	8884
7232	9564
7236	2121
7236	3591
7236	4017
7236	5481
7236	7431
7236	8677
7236	9182
7236	9374
7236	9962
7240	4379
7240	7492
7242	5524
7242	6439
7242	8157
7242	9540
7242	9554
7243	1128
7243	5576
7243	6414
7243	8653
7243	8969
7245	314
7245	1455
7245	8575
7245	9264
7245	9901
7246	5905
7246	8364
7246	8465
7246	9640
7251	6782
7253	3759
7253	5327
7253	6567
7253	8157
7253	9540
7253	9570
7253	9962
7255	890
7255	2853
7255	8395
7255	8910
7255	9191
7255	9591
7256	3057
7256	5992
7256	8058
7256	8832
7256	8849
7265	5522
7265	8628
7265	9790
7266	704
7266	5533
7266	6628
7266	7662
7266	8747
7266	9477
7266	9950
7269	2717
7269	5353
7276	1736
7276	5424
7276	7999
7276	9199
7279	3965
7279	6078
7279	6921
7279	9544
7280	7952
7280	9439
7280	9998
7295	1926
7295	2744
7295	3951
7295	6301
7295	8969
7295	9361
7295	9544
7295	9891
7296	6102
7296	7232
7296	8374
7296	8884
7296	9709
7299	3143
7299	4847
7299	5004
7299	5784
7299	5828
7299	6846
7299	8921
7299	9843
7301	5664
7301	6481
7301	9971
7302	2873
7302	7167
7302	7496
7310	1895
7310	3057
7310	8113
7310	9154
7323	735
7323	1716
7323	2462
7323	7641
7323	8593
7323	9008
7336	149
7336	5787
7336	5962
7336	9215
7336	9455
7336	9752
7337	4392
7337	5205
7337	6719
7337	7566
7337	8194
7337	8240
7337	9639
7337	9814
7347	740
7348	4307
7348	6858
7348	9433
7352	7989
7352	8554
7352	9108
7352	9680
7353	2710
7353	8198
7353	9701
7353	9709
7358	7925
7358	9620
7358	9891
7370	1318
7370	3173
7370	6313
7370	8569
7370	9326
7370	9345
7380	5247
7380	6336
7380	6585
7380	7808
7380	8401
7380	9062
7380	9195
7387	5204
7387	5348
7387	9404
7393	308
7393	1794
7393	5189
7393	9754
7394	606
7394	8372
7394	8459
7394	9667
7396	5316
7396	9002
7422	1684
7422	6233
7422	7158
7422	8308
7422	8678
7422	9413
7422	9745
7424	1920
7424	2016
7424	5513
7424	8501
7424	8565
7424	9797
7430	5566
7430	6361
7430	7186
7430	9704
7431	1389
7431	3798
7431	4713
7431	6048
7431	7236
7431	8677
7431	9182
7431	9374
7431	9421
7431	9694
7436	2728
7436	5566
7436	5890
7436	8212
7437	110
7437	1059
7437	7556
7437	9479
7437	9892
7449	7919
7449	8114
7449	9087
7456	525
7456	5211
7456	8454
7456	8572
7456	8897
7461	2136
7461	2662
7461	7199
7461	8466
7461	8562
7461	9642
7461	9805
7461	9824
7474	1065
7474	2395
7474	3229
7474	9336
7474	9912
7480	7578
7480	8198
7480	8595
7484	359
7484	5695
7484	6981
7484	7716
7484	9976
7486	790
7486	8047
7486	8701
7486	8956
7486	9935
7492	4789
7492	7240
7492	9680
7492	9821
7494	506
7494	933
7494	3289
7494	7852
7494	8743
7494	9582
7496	2075
7496	7148
7496	7302
7496	8178
7496	9514
7496	9956
7522	3469
7522	4750
7522	6048
7522	8330
7522	9604
7522	9675
7523	1712
7523	7848
7523	8701
7523	9761
7523	9925
7525	5428
7525	6512
7525	8452
7525	9070
7525	9765
7527	7784
7529	5251
7531	6846
7531	9016
7533	698
7533	5635
7534	6787
7534	8589
7535	1998
7535	3838
7536	9988
7556	1847
7556	5890
7556	7437
7556	9277
7556	9400
7566	4429
7566	7337
7566	8418
7566	9684
7568	6706
7568	6901
7568	8124
7568	8980
7574	25
7574	3990
7574	8836
7574	9183
7574	9361
7574	9530
7574	9863
7578	2693
7578	4332
7578	4895
7578	7000
7578	7480
7578	8565
7578	9604
7579	6526
7579	8295
7591	1814
7591	7641
7591	7693
7591	8561
7591	8867
7591	9635
7592	5235
7592	8574
7592	8579
7592	9102
7593	8001
7593	9620
7597	1364
7597	3042
7597	4011
7597	7693
7606	3538
7607	2306
7607	9593
7607	9999
7616	1995
7616	6831
7619	2075
7619	4513
7619	7828
7619	8594
7619	9472
7621	6045
7621	7721
7621	8426
7621	8734
7621	8797
7621	9148
7626	7102
7626	7816
7626	9123
7626	9554
7641	451
7641	760
7641	4676
7641	6686
7641	7323
7641	7591
7641	7735
7641	9129
7649	8099
7649	8773
7649	9098
7649	9882
7652	4007
7652	5581
7652	9595
7652	9976
7653	4672
7653	6287
7653	8493
7653	9234
7653	9400
7653	9892
7662	4428
7662	5581
7662	6385
7662	7106
7662	7266
7662	7871
7662	8241
7662	8496
7672	445
7672	5189
7677	4007
7677	5888
7677	8459
7677	8931
7678	5731
7678	7715
7678	9882
7683	3173
7683	3894
7683	4624
7683	8241
7683	8593
7687	1176
7687	1428
7687	3647
7687	6469
7687	6855
7687	9885
7690	2470
7690	3038
7690	3207
7690	4922
7690	5539
7690	5752
7690	5938
7690	8320
7690	8871
7690	9798
7691	1302
7691	1836
7691	6115
7691	6181
7691	8101
7693	4136
7693	7591
7693	7597
7693	8323
7699	9837
7699	9843
7700	3936
7700	6620
7700	8735
7704	6301
7704	8685
7704	8797
7706	1636
7706	5388
7706	8879
7706	9154
7706	9591
7707	777
7707	1170
7707	3964
7707	8593
7714	929
7714	3065
7714	3798
7714	6065
7714	8353
7715	1599
7715	7678
7715	8304
7715	8910
7715	9834
7716	1605
7716	2579
7716	2887
7716	6211
7716	7113
7716	7484
7716	9123
7721	890
7721	7621
7721	8797
7723	1751
7723	2158
7730	6708
7730	7995
7730	8980
7730	9271
7730	9383
7730	9510
7731	1681
7731	4833
7731	8785
7731	9188
7735	7641
7735	9150
7735	9635
7735	9901
7741	198
7741	4286
7741	6287
7741	8701
7741	9772
7755	4379
7759	3145
7759	5953
7759	6400
7765	5777
7765	8949
7765	9204
7780	6107
7780	6526
7783	4946
7783	8751
7783	8776
7783	8794
7784	6798
7784	7527
7794	3848
7794	4733
7794	5189
7794	5668
7794	6472
7794	6565
7794	7091
7794	7179
7794	9563
7795	5804
7795	5828
7795	6561
7795	8677
7797	1091
7797	3336
7797	6520
7797	8228
7797	8353
7797	9137
7800	1252
7800	8720
7800	9023
7800	9266
7800	9401
7808	271
7808	4523
7808	6336
7808	7380
7816	848
7816	1693
7816	3876
7816	5730
7816	5880
7816	7025
7816	7626
7816	8849
7816	9358
7816	9396
7816	9976
7816	9997
7820	125
7820	277
7820	1634
7820	3110
7820	4250
7820	8396
7820	8565
7820	9524
7821	2462
7821	3538
7821	5700
7821	8833
7821	9740
7821	9885
7828	2146
7828	3180
7828	7619
7828	9629
7833	316
7833	6916
7833	9125
7833	9670
7843	2901
7843	3527
7843	7142
7843	8389
7843	9722
7843	9866
7848	4457
7848	6660
7848	7523
7848	9216
7850	3289
7850	6921
7850	7930
7850	8180
7850	8401
7850	8522
7852	703
7852	4994
7852	7008
7852	7494
7852	9201
7857	3122
7857	7924
7857	8006
7857	9209
7857	9455
7867	1636
7867	3866
7867	4481
7867	4513
7867	8965
7867	9544
7867	9748
7871	3321
7871	6230
7871	7662
7871	8318
7871	8389
7871	8767
7871	9997
7872	1237
7872	3876
7872	5888
7872	9718
7880	6798
7880	7014
7880	7952
7880	8459
7880	9217
7880	9363
7880	9451
7880	9824
7881	2001
7881	7196
7881	8277
7881	8426
7881	9201
7881	9361
7881	9837
7894	401
7894	5928
7894	6400
7894	8517
7894	8589
7894	8643
7898	4895
7898	6889
7898	7019
7908	6886
7908	9358
7908	9374
7908	9962
7910	1166
7910	1222
7910	4974
7910	6552
7910	8416
7910	9545
7910	9848
7915	8302
7915	9486
7916	3157
7916	5777
7916	6328
7916	6846
7919	7449
7919	8114
7919	8248
7919	9535
7924	2260
7924	3589
7924	5730
7924	6798
7924	7131
7924	7857
7924	9557
7925	3459
7925	6579
7925	7358
7925	9123
7925	9891
7927	1281
7927	4446
7927	8288
7930	3227
7930	6561
7930	7177
7930	7850
7930	8938
7933	1180
7933	1895
7933	1922
7933	4765
7933	6439
7933	9787
7937	929
7937	8188
7937	9954
7951	4555
7951	5953
7951	8231
7951	9091
7951	9487
7952	7280
7952	7880
7952	8521
7952	9439
7952	9998
7954	2883
7954	8306
7960	7128
7960	8534
7960	8640
7960	9202
7960	9687
7960	9707
7964	6115
7964	6648
7964	6993
7964	8304
7964	8372
7964	8816
7964	9311
7976	1916
7976	2506
7976	4111
7976	8534
7976	9855
7989	2016
7989	7352
7989	9028
7989	9487
7991	760
7991	3602
7991	4347
7991	4752
7991	4759
7991	8101
7991	8594
7991	8827
7991	9354
7993	3859
7993	9691
7993	9798
7994	2105
7994	3094
7994	6294
7994	8879
7994	9800
7994	9819
7995	5799
7995	7730
7995	8237
7995	8575
7995	8827
7999	1042
7999	1273
7999	1585
7999	6139
7999	7276
7999	9199
8001	51
8001	7593
8001	8487
8001	9486
8001	9875
8005	3882
8005	5207
8005	6385
8006	4252
8006	7857
8006	8549
8006	8849
8006	9604
8009	2046
8009	3362
8009	5017
8009	5704
8009	8707
8013	1146
8013	4825
8013	4920
8013	5160
8013	6385
8013	6638
8013	8046
8013	9285
8013	9529
8013	9884
8014	4911
8014	6993
8014	8025
8014	8816
8014	8949
8014	8980
8014	9311
8014	9563
8014	9665
8014	9925
8015	6924
8015	8589
8016	1302
8016	4435
8016	7025
8016	8874
8025	334
8025	3180
8025	4672
8025	5214
8025	8014
8029	8579
8029	9347
8029	9449
8029	9890
8038	3439
8038	8129
8038	8181
8038	8436
8038	8827
8040	4181
8040	6763
8040	8236
8040	9694
8042	1424
8042	3353
8042	6004
8042	9201
8042	9497
8042	9837
8046	1708
8046	2441
8046	5352
8046	8013
8047	561
8047	564
8047	7486
8047	9150
8047	9646
8047	9821
8051	3820
8051	6423
8051	6908
8051	8194
8051	9639
8052	1224
8052	2842
8052	4104
8052	6096
8053	1605
8053	1943
8053	4094
8053	8436
8053	8587
8053	8832
8053	9123
8053	9914
8058	2673
8058	7256
8058	8921
8058	9428
8064	2159
8064	6331
8064	6405
8064	9912
8066	561
8066	3993
8066	8418
8066	8436
8066	9003
8066	9530
8079	4211
8079	5912
8079	6552
8079	6837
8079	8157
8079	9215
8079	9540
8081	2520
8081	2981
8081	3164
8085	292
8085	4900
8085	5391
8085	5561
8085	6435
8090	305
8090	3138
8090	4224
8090	6261
8090	8640
8090	9524
8090	9869
8097	1555
8097	4364
8097	6535
8097	8701
8099	1998
8099	5488
8099	5710
8099	7102
8099	7649
8099	9157
8099	9781
8101	1971
8101	4347
8101	4370
8101	5352
8101	7691
8101	7991
8101	8685
8103	3908
8103	5937
8113	5642
8113	5992
8113	6042
8113	7310
8113	8288
8113	8438
8113	8457
8113	9191
8113	9355
8113	9391
8114	454
8114	7449
8114	7919
8114	9479
8124	6509
8124	7091
8124	7568
8124	9747
8124	9938
8129	3573
8129	3592
8129	8038
8129	8827
8143	4429
8143	5704
8143	6881
8143	9843
8143	9889
8150	3601
8152	224
8152	7014
8152	7103
8152	8408
8152	8717
8152	9217
8152	9363
8152	9451
8152	9684
8157	5787
8157	6004
8157	6837
8157	7242
8157	7253
8157	8079
8157	9540
8162	3154
8162	6858
8162	6901
8162	8747
8162	9563
8162	9620
8163	3709
8163	4297
8163	4555
8163	5725
8163	5784
8163	6585
8163	7074
8163	9345
8163	9487
8167	3354
8167	5016
8167	9680
8178	1803
8178	4002
8178	4982
8178	5058
8178	6811
8178	7496
8178	8318
8178	8608
8180	7850
8180	9486
8180	9814
8181	5940
8181	8038
8181	8271
8188	6853
8188	6975
8188	7937
8188	8877
8188	9641
8194	4392
8194	5205
8194	7008
8194	7337
8194	8051
8194	9215
8198	1302
8198	4675
8198	5867
8198	6238
8198	7353
8198	7480
8212	6181
8212	7129
8212	7436
8212	9706
8217	4250
8217	5556
8217	9172
8224	2348
8224	4565
8224	7088
8224	9322
8224	9354
8224	9684
8228	6414
8228	7797
8228	9698
8229	6993
8229	9442
8229	9816
8229	9904
8229	9988
8231	7951
8231	9197
8236	3477
8236	6027
8236	6242
8236	8040
8236	8628
8236	9264
8236	9582
8236	9901
8237	1555
8237	2506
8237	4565
8237	7995
8237	9855
8240	366
8240	2933
8240	6857
8240	7148
8240	7337
8241	360
8241	1170
8241	3173
8241	5315
8241	6018
8241	7662
8241	7683
8241	9383
8248	4992
8248	7919
8248	9931
8260	3689
8260	4282
8260	5016
8260	6924
8260	8794
8270	41
8270	1593
8270	1849
8270	8278
8270	9833
8270	9904
8271	4755
8271	5530
8271	6839
8271	8181
8277	840
8277	1303
8277	1656
8277	2803
8277	2907
8277	5211
8277	7881
8277	8530
8277	8685
8277	9059
8278	4109
8278	8270
8278	8520
8278	9093
8278	9118
8278	9433
8278	9833
8278	9863
8288	2470
8288	7927
8288	8113
8288	8757
8288	9438
8288	9457
8288	9989
8294	2814
8294	2845
8294	4624
8294	6909
8294	8295
8294	8594
8294	9709
8295	653
8295	1239
8295	2637
8295	2814
8295	4752
8295	5024
8295	7579
8295	8294
8295	8594
8295	9169
8295	9182
8295	9401
8296	1908
8296	2582
8299	3851
8299	7051
8299	8544
8301	3568
8301	4840
8301	5846
8301	7192
8301	9662
8302	5639
8302	7074
8302	7915
8302	8827
8302	9642
8304	6993
8304	7715
8304	7964
8304	8372
8304	8816
8304	8949
8304	9311
8304	9745
8304	9904
8305	1642
8305	7186
8306	1065
8306	1478
8306	2608
8306	2693
8306	3229
8306	3819
8306	7154
8306	7954
8308	7199
8308	7422
8308	8678
8308	8884
8308	9691
8308	9950
8313	3262
8313	5055
8313	5496
8313	6469
8313	9956
8318	5084
8318	6230
8318	7871
8318	8178
8318	8389
8318	8767
8318	9263
8318	9997
8320	397
8320	3568
8320	4922
8320	5101
8320	5752
8320	5938
8320	7690
8320	8871
8320	9023
8320	9195
8320	9686
8323	2632
8323	5874
8323	7693
8323	9008
8323	9059
8325	3869
8325	4895
8325	6340
8325	9595
8326	3463
8327	7192
8327	9277
8330	525
8330	7522
8330	8465
8330	9252
8330	9604
8330	9675
8330	9925
8337	1125
8337	1243
8337	3463
8337	3848
8337	4485
8337	4674
8337	5272
8337	9557
8341	3138
8341	9201
8342	4687
8342	5007
8342	5484
8342	9313
8342	9423
8342	9798
8350	1140
8350	5858
8350	9264
8350	9534
8350	9704
8350	9988
8353	314
8353	3094
8353	6561
8353	7714
8353	7797
8355	4551
8355	9450
8355	9498
8355	9599
8358	2953
8358	3868
8358	5655
8358	8678
8358	9752
8364	533
8364	1057
8364	7119
8364	7246
8364	9640
8371	5041
8371	6211
8371	8469
8371	9028
8372	6993
8372	7394
8372	7964
8372	8304
8372	8816
8372	8949
8372	9311
8372	9891
8374	4716
8374	6628
8374	7296
8374	9554
8380	8908
8382	184
8382	4059
8382	5004
8382	9336
8389	3926
8389	4084
8389	5126
8389	5880
8389	7843
8389	7871
8389	8318
8389	9997
8395	1065
8395	2259
8395	2853
8395	7255
8395	8910
8396	2583
8396	4345
8396	4670
8396	7820
8396	8459
8398	3456
8398	3720
8398	7192
8398	9188
8401	2728
8401	6340
8401	6921
8401	7380
8401	7850
8401	9524
8401	9532
8401	9866
8408	788
8408	6903
8408	8152
8408	9962
8416	292
8416	794
8416	1166
8416	7910
8416	8647
8418	300
8418	6075
8418	7566
8418	8066
8418	9003
8418	9680
8423	5009
8423	5442
8423	6078
8426	7621
8426	7881
8426	8587
8426	8797
8431	305
8431	636
8431	839
8431	3262
8431	8897
8431	9396
8431	9998
8435	255
8435	5160
8435	6421
8435	6777
8435	9740
8435	9904
8435	9949
8436	2205
8436	3557
8436	8038
8436	8053
8436	8066
8436	8704
8436	9477
8438	3392
8438	5642
8438	6042
8438	6626
8438	8113
8438	8788
8438	9018
8438	9355
8438	9971
8442	8931
8442	9463
8442	9701
8442	9984
8448	8784
8452	3644
8452	5800
8452	6512
8452	7525
8452	8751
8452	9209
8454	2046
8454	2537
8454	7456
8455	2939
8455	8469
8455	8484
8455	9137
8455	9748
8457	5642
8457	6042
8457	6626
8457	8113
8457	9191
8457	9351
8457	9355
8459	7394
8459	7677
8459	7880
8459	8396
8459	9441
8459	9667
8459	9869
8465	3336
8465	7246
8465	8330
8465	9669
8465	9804
8466	2136
8466	3851
8466	5731
8466	7461
8466	9557
8466	9698
8466	9805
8469	2427
8469	8371
8469	8455
8469	8484
8469	9748
8472	3003
8472	3078
8472	7203
8472	8478
8472	8776
8472	9125
8472	9305
8472	9652
8478	746
8478	8472
8478	8643
8478	9433
8484	1843
8484	8455
8484	8469
8484	8874
8484	9748
8487	51
8487	4272
8487	8001
8487	9148
8487	9486
8487	9541
8487	9875
8489	4213
8489	5725
8489	6406
8493	5525
8493	6692
8493	7653
8493	8528
8493	8653
8493	9694
8493	9701
8493	9850
8493	9890
8493	9897
8496	3236
8496	3819
8496	5053
8496	7662
8496	9971
8501	1920
8501	7424
8501	9354
8501	9797
8505	9311
8505	9984
8517	6926
8517	7894
8520	622
8520	5523
8520	8278
8520	9322
8520	9541
8520	9672
8520	9704
8520	9900
8521	4759
8521	6414
8521	7952
8521	8530
8522	5677
8522	6340
8522	6921
8522	7850
8522	9070
8528	5664
8528	6481
8528	8493
8528	8579
8528	9893
8528	9971
8530	840
8530	5989
8530	8277
8530	8521
8530	8685
8530	9524
8534	2900
8534	6382
8534	7167
8534	7960
8534	7976
8534	9150
8534	9855
8544	8299
8544	9904
8549	686
8549	2184
8549	4618
8549	4687
8549	5887
8549	6692
8549	8006
8553	9486
8554	5041
8554	6219
8554	7352
8554	9378
8561	100
8561	7591
8561	9358
8561	9672
8561	9962
8562	5428
8562	6063
8562	7461
8562	8643
8562	9786
8565	1668
8565	2828
8565	2897
8565	3110
8565	6971
8565	7143
8565	7424
8565	7578
8565	7820
8565	8874
8565	9188
8569	3644
8569	5083
8569	6461
8569	7370
8569	9217
8569	9326
8572	618
8572	3218
8572	5553
8572	7456
8574	7592
8574	9093
8574	9737
8575	7245
8575	7995
8575	9264
8575	9495
8575	9542
8575	9843
8575	9901
8579	2397
8579	5235
8579	6803
8579	7592
8579	8029
8579	8528
8579	9102
8579	9535
8579	9808
8587	393
8587	1943
8587	8053
8587	8426
8587	8949
8587	9123
8587	9672
8589	5556
8589	7534
8589	7894
8589	8015
8589	9704
8589	9730
8593	125
8593	6571
8593	7053
8593	7323
8593	7683
8593	7707
8593	8630
8594	6466
8594	7057
8594	7619
8594	7991
8594	8294
8594	8295
8594	9401
8595	6153
8595	6665
8595	7480
8595	9629
8595	9699
8601	3258
8601	5389
8601	6858
8601	8956
8601	9016
8601	9396
8601	9936
8608	5719
8608	6307
8608	6853
8608	8178
8608	9023
8608	9059
8608	9641
8612	1237
8612	6433
8612	9316
8612	9675
8627	1018
8627	1790
8627	2845
8627	6768
8627	8755
8627	9028
8627	9252
8628	2075
8628	3710
8628	5171
8628	7265
8628	8236
8628	9016
8628	9172
8628	9510
8628	9984
8630	1042
8630	4283
8630	8593
8630	8978
8630	9469
8640	2146
8640	2560
8640	7203
8640	7960
8640	8090
8640	8776
8640	9305
8640	9652
8643	4667
8643	5428
8643	7894
8643	8478
8643	8562
8643	8910
8643	9148
8643	9211
8647	8416
8647	9545
8653	3310
8653	3908
8653	5525
8653	6441
8653	7186
8653	7243
8653	8493
8653	9234
8653	9701
8653	9760
8653	9850
8653	9897
8662	1636
8662	3133
8662	3416
8662	3531
8662	5513
8662	6520
8662	6777
8663	5239
8663	8708
8663	9931
8673	8708
8673	8781
8673	9062
8673	9629
8673	9931
8677	4789
8677	6916
8677	7087
8677	7236
8677	7431
8677	7795
8677	9182
8677	9374
8677	9421
8678	5785
8678	6066
8678	7422
8678	8308
8678	8358
8678	9413
8678	9469
8678	9476
8678	9694
8678	9745
8685	840
8685	2803
8685	6628
8685	7704
8685	8101
8685	8277
8685	8530
8685	8734
8685	9707
8701	1860
8701	2764
8701	5169
8701	6407
8701	7486
8701	7523
8701	7741
8701	8097
8701	9532
8704	6441
8704	6522
8704	6881
8704	6924
8704	8436
8704	9401
8704	9404
8707	2046
8707	3269
8707	3362
8707	5017
8707	5874
8707	6993
8707	8009
8707	9134
8707	9542
8708	387
8708	4351
8708	8663
8708	8673
8708	9062
8708	9931
8716	7212
8716	7218
8716	9510
8717	4082
8717	4297
8717	5044
8717	5205
8717	7014
8717	8152
8717	9217
8717	9363
8717	9451
8720	481
8720	4912
8720	7192
8720	7800
8720	9023
8720	9209
8734	5522
8734	5629
8734	6256
8734	6269
8734	6287
8734	6706
8734	7621
8734	8685
8734	9134
8734	9191
8735	3477
8735	3936
8735	6398
8735	7700
8735	9182
8737	1090
8737	1428
8737	2619
8737	5456
8737	5940
8737	6361
8737	9010
8737	9186
8737	9786
8743	4984
8743	6803
8743	7103
8743	7494
8743	9582
8743	9884
8747	3557
8747	6075
8747	7266
8747	8162
8747	9669
8748	796
8748	2574
8748	2804
8748	2877
8748	4962
8748	5219
8748	9529
8751	3456
8751	5456
8751	7783
8751	8452
8751	9168
8751	9505
8751	9786
8753	5479
8753	6118
8753	6976
8755	767
8755	6832
8755	8627
8755	9819
8755	9999
8757	3413
8757	8288
8757	9391
8757	9457
8757	9505
8757	9989
8767	393
8767	1547
8767	5126
8767	5533
8767	7871
8767	8318
8767	9199
8767	9997
8773	1708
8773	2032
8773	3894
8773	5468
8773	6586
8773	7158
8773	7649
8773	9957
8775	1849
8775	6250
8776	1224
8776	7203
8776	7783
8776	8472
8776	8640
8776	9305
8776	9652
8781	1744
8781	3270
8781	6307
8781	6969
8781	7143
8781	8673
8781	8931
8781	9570
8781	9914
8783	3689
8783	4484
8783	6588
8783	7014
8783	9113
8784	2506
8784	3281
8784	5960
8784	6831
8784	8448
8784	8849
8784	9271
8784	9531
8784	9665
8784	9687
8784	9884
8785	3148
8785	7731
8785	8910
8785	9345
8788	2395
8788	2769
8788	6748
8788	7034
8788	8438
8788	9692
8788	9816
8788	9925
8794	4338
8794	6855
8794	6909
8794	7783
8794	8260
8794	9570
8794	9819
8797	1477
8797	1589
8797	5186
8797	6406
8797	7621
8797	7704
8797	7721
8797	8426
8797	9593
8816	437
8816	1491
8816	1849
8816	1856
8816	6993
8816	7964
8816	8014
8816	8304
8816	8372
8816	8949
8816	9311
8816	9669
8827	533
8827	1808
8827	3171
8827	7991
8827	7995
8827	8038
8827	8129
8827	8302
8827	9404
8827	9740
8832	5962
8832	6853
8832	7203
8832	7256
8832	8053
8832	9191
8832	9436
8832	9707
8832	9748
8833	649
8833	3042
8833	3663
8833	4562
8833	6557
8833	7821
8833	8921
8833	9988
8836	4689
8836	5189
8836	5489
8836	6557
8836	7574
8836	9451
8836	9628
8849	5418
8849	6745
8849	7256
8849	7816
8849	8006
8849	8784
8852	3606
8852	4900
8852	9094
8861	1621
8861	3720
8861	5339
8861	6153
8861	7154
8861	9629
8861	9692
8861	9754
8867	6494
8867	6911
8867	7591
8867	9028
8867	9442
8868	2207
8868	6969
8868	9251
8868	9709
8869	634
8869	4080
8869	4668
8869	9118
8871	58
8871	397
8871	2341
8871	3038
8871	3568
8871	4511
8871	4922
8871	5101
8871	7690
8871	8320
8871	9062
8874	5553
8874	6971
8874	7103
8874	8016
8874	8484
8874	8565
8874	9524
8877	2384
8877	4825
8877	8188
8879	30
8879	5007
8879	5880
8879	7706
8879	7994
8879	9276
8883	9
8883	3122
8883	9062
8883	9209
8884	2441
8884	2972
8884	4713
8884	6569
8884	6832
8884	7232
8884	7296
8884	8308
8884	9438
8893	3820
8893	4407
8893	4485
8893	6720
8893	9692
8893	9707
8897	636
8897	7456
8897	8431
8897	9554
8897	9564
8899	86
8899	709
8899	3200
8899	3342
8899	4302
8899	4461
8899	4486
8899	5630
8899	6193
8899	7211
8899	9718
8899	9892
8908	3007
8908	8380
8908	9131
8908	9313
8908	9669
8910	890
8910	2259
8910	2853
8910	3859
8910	5201
8910	7255
8910	7715
8910	8395
8910	8643
8910	8785
8910	9305
8918	125
8918	5799
8918	5888
8918	7053
8921	3713
8921	3731
8921	5418
8921	6425
8921	6846
8921	7299
8921	8058
8921	8833
8921	9428
8921	9834
8921	9901
8921	9957
8924	592
8924	4769
8924	9277
8924	9672
8924	9765
8931	2534
8931	4430
8931	4474
8931	5359
8931	7677
8931	8442
8931	8781
8931	9530
8931	9800
8938	4111
8938	4217
8938	7177
8938	7930
8938	9197
8938	9748
8949	1158
8949	1856
8949	4978
8949	5960
8949	6993
8949	7765
8949	8014
8949	8304
8949	8372
8949	8587
8949	8816
8949	9311
8949	9821
8956	5391
8956	7486
8956	8601
8956	9134
8960	2460
8960	6269
8960	9169
8960	9878
8965	5126
8965	7867
8965	8978
8965	9442
8965	9998
8969	84
8969	5186
8969	6045
8969	6233
8969	7230
8969	7243
8969	7295
8969	9169
8969	9361
8969	9421
8969	9642
8969	9684
8975	970
8975	1810
8975	5523
8975	6963
8975	7143
8975	9469
8975	9541
8975	9672
8978	1616
8978	1693
8978	3382
8978	8630
8978	8965
8978	9469
8978	9704
8978	9989
8980	1090
8980	1539
8980	2901
8980	3865
8980	4259
8980	4993
8980	6857
8980	7568
8980	7730
8980	8014
8980	9541
8980	9557
8980	9642
8984	406
8984	693
8984	3907
8984	5484
8984	6233
8984	9602
8984	9949
9002	2314
9002	5251
9002	7396
9002	9510
9002	9542
9003	5815
9003	8066
9003	8418
9003	9233
9008	4766
9008	5251
9008	6535
9008	7323
9008	8323
9008	9436
9008	9729
9008	9816
9008	9957
9010	8737
9010	9186
9010	9786
9016	743
9016	5513
9016	6130
9016	7531
9016	8601
9016	8628
9016	9131
9016	9423
9016	9884
9016	9982
9018	1268
9018	2732
9018	4286
9018	6569
9018	8438
9018	9164
9018	9992
9021	360
9021	2106
9021	2568
9021	4250
9021	9383
9021	9816
9023	4790
9023	7800
9023	8320
9023	8608
9023	8720
9023	9102
9023	9971
9028	1547
9028	3148
9028	3834
9028	4755
9028	5442
9028	6494
9028	7989
9028	8371
9028	8627
9028	8867
9028	9687
9032	6660
9033	9624
9033	9835
9052	580
9052	1243
9052	2767
9052	3176
9052	4136
9052	4274
9052	9686
9052	9935
9059	2820
9059	8277
9059	8323
9059	8608
9059	9821
9059	9914
9062	3376
9062	4689
9062	7380
9062	8673
9062	8708
9062	8871
9062	8883
9062	9217
9062	9799
9062	9931
9070	5240
9070	5956
9070	7525
9070	8522
9079	1227
9079	5933
9079	9457
9079	9699
9079	9760
9087	1088
9087	6526
9087	7449
9087	9570
9087	9684
9087	9737
9087	9819
9091	4252
9091	5539
9091	6585
9091	7951
9091	9391
9091	9486
9091	9740
9093	8278
9093	8574
9093	9904
9094	100
9094	3382
9094	3731
9094	4519
9094	4648
9094	4829
9094	5041
9094	8852
9094	9997
9098	1682
9098	7649
9102	55
9102	1656
9102	2726
9102	5235
9102	6803
9102	7592
9102	8579
9102	9023
9102	9531
9102	9545
9108	1681
9108	3792
9108	4822
9108	5874
9108	7352
9108	9904
9110	4923
9110	6991
9110	9554
9113	4429
9113	6400
9113	6472
9113	8783
9113	9798
9118	1367
9118	4586
9118	5804
9118	5973
9118	6223
9118	6704
9118	8278
9118	8869
9118	9541
9121	127
9121	2495
9121	3265
9121	3591
9121	6105
9121	9665
9121	9718
9123	1943
9123	2204
9123	6152
9123	6211
9123	7031
9123	7626
9123	7716
9123	7925
9123	8053
9123	8587
9125	390
9125	535
9125	4234
9125	7833
9125	8472
9125	9882
9129	180
9129	567
9129	1493
9129	2182
9129	3193
9129	4104
9129	7641
9129	9532
9131	4822
9131	7000
9131	8908
9131	9016
9131	9752
9134	4220
9134	6706
9134	6901
9134	6926
9134	8707
9134	8734
9134	8956
9134	9251
9134	9381
9134	9463
9134	9540
9134	9706
9137	2434
9137	3672
9137	6421
9137	7797
9137	8455
9137	9495
9137	9646
9142	4321
9142	7136
9142	9252
9142	9729
9148	1995
9148	3270
9148	6620
9148	7621
9148	8487
9148	8643
9148	9381
9148	9914
9150	1555
9150	3227
9150	4111
9150	4855
9150	7735
9150	8047
9150	8534
9154	1295
9154	5388
9154	5955
9154	7310
9154	7706
9154	9469
9154	9591
9157	6381
9157	6552
9157	8099
9157	9169
9157	9540
9157	9781
9164	2708
9164	6569
9164	9018
9164	9207
9164	9439
9164	9534
9164	9843
9164	9992
9168	2384
9168	3138
9168	5970
9168	6035
9168	6385
9168	8751
9168	9869
9168	9914
9169	6918
9169	8295
9169	8960
9169	8969
9169	9157
9169	9878
9172	2075
9172	2106
9172	4460
9172	4725
9172	5171
9172	8217
9172	8628
9176	9234
9176	9889
9182	14
9182	1381
9182	2493
9182	2743
9182	2907
9182	6018
9182	6916
9182	7236
9182	7431
9182	8295
9182	8677
9182	8735
9182	9374
9182	9421
9182	9737
9182	9943
9183	73
9183	3990
9183	5622
9183	7574
9183	9863
9183	9892
9183	9936
9184	3094
9184	4234
9184	5507
9184	7176
9184	9233
9184	9971
9186	58
9186	5787
9186	8737
9186	9010
9186	9495
9186	9704
9186	9754
9186	9786
9188	2939
9188	3720
9188	6635
9188	7731
9188	8398
9188	8565
9188	9479
9188	9557
9190	2041
9190	4994
9190	5689
9190	6962
9190	9816
9190	9950
9191	2001
9191	3392
9191	5642
9191	6042
9191	6626
9191	7255
9191	8113
9191	8457
9191	8734
9191	8832
9191	9355
9195	1590
9195	4908
9195	6301
9195	7380
9195	8320
9195	9931
9197	4067
9197	5147
9197	8231
9197	8938
9199	5828
9199	6139
9199	6889
9199	7276
9199	7999
9199	8767
9199	9699
9201	5316
9201	6004
9201	7196
9201	7852
9201	7881
9201	8042
9201	8341
9201	9691
9201	9837
9202	1400
9202	2048
9202	2828
9202	7960
9202	9718
9204	683
9204	5973
9204	6359
9204	7765
9204	9428
9207	450
9207	1923
9207	2081
9207	2245
9207	2337
9207	4964
9207	5864
9207	6035
9207	6461
9207	9164
9207	9497
9209	4233
9209	7857
9209	8452
9209	8720
9209	8883
9209	9988
9211	6063
9211	8643
9211	9687
9211	9849
9211	9890
9212	55
9212	467
9212	9540
9212	9800
9215	149
9215	2460
9215	3710
9215	4143
9215	5962
9215	7336
9215	8079
9215	8194
9215	9455
9216	1243
9216	1459
9216	3003
9216	3517
9216	4481
9216	5791
9216	6660
9216	7128
9216	7848
9216	9669
9217	2843
9217	3538
9217	4953
9217	7014
9217	7880
9217	8152
9217	8569
9217	8717
9217	9062
9217	9363
9217	9451
9233	402
9233	4234
9233	7176
9233	9003
9233	9184
9234	1059
9234	1636
9234	1794
9234	1934
9234	7131
9234	7653
9234	8653
9234	9176
9234	9345
9234	9400
9234	9479
9234	9892
9234	9976
9239	2146
9239	2395
9239	6004
9239	9305
9239	9644
9239	9992
9251	848
9251	4220
9251	6901
9251	8868
9251	9134
9251	9926
9252	2697
9252	5042
9252	8330
9252	8627
9252	9142
9252	9316
9252	9850
9263	4211
9263	4371
9263	4648
9263	8318
9264	1455
9264	1730
9264	3595
9264	4734
9264	6242
9264	6921
9264	7245
9264	8236
9264	8350
9264	8575
9264	9901
9266	1030
9266	3207
9266	4900
9266	6815
9266	7103
9266	7800
9266	9428
9266	9639
9266	9808
9271	2520
9271	3865
9271	4993
9271	5513
9271	6663
9271	7730
9271	8784
9271	9642
9276	1141
9276	4840
9276	7069
9276	8879
9276	9665
9276	9670
9276	9740
9276	9772
9277	1599
9277	4307
9277	7556
9277	8327
9277	8924
9277	9285
9277	9837
9285	2804
9285	3270
9285	5240
9285	8013
9285	9277
9285	9381
9285	9624
9285	9926
9305	6861
9305	8472
9305	8640
9305	8776
9305	8910
9305	9239
9305	9652
9305	9989
9311	1849
9311	2720
9311	3148
9311	6561
9311	6993
9311	7033
9311	7964
9311	8014
9311	8304
9311	8372
9311	8505
9311	8816
9311	8949
9311	9336
9311	9404
9311	9687
9313	5339
9313	5642
9313	8342
9313	8908
9316	1146
9316	2309
9316	4676
9316	7088
9316	8612
9316	9252
9322	4017
9322	5121
9322	6400
9322	7088
9322	7211
9322	8224
9322	8520
9322	9748
9326	5964
9326	6313
9326	6461
9326	7370
9326	8569
9326	9345
9326	9377
9326	9423
9326	9709
9326	9745
9336	481
9336	1634
9336	3720
9336	7474
9336	8382
9336	9311
9338	25
9338	1312
9338	3967
9338	5262
9338	9635
9345	110
9345	5964
9345	5980
9345	6461
9345	7034
9345	7370
9345	8163
9345	8785
9345	9234
9345	9326
9347	1780
9347	5171
9347	8029
9347	9449
9347	9476
9347	9535
9347	9541
9347	9890
9351	760
9351	1573
9351	4035
9351	8457
9351	9672
9351	9904
9354	1971
9354	4347
9354	4370
9354	4780
9354	6326
9354	7991
9354	8224
9354	8501
9354	9436
9355	2001
9355	3392
9355	3647
9355	6042
9355	8113
9355	8438
9355	8457
9355	9191
9358	1018
9358	3939
9358	5263
9358	6703
9358	7816
9358	7908
9358	8561
9358	9962
9361	605
9361	1400
9361	2106
9361	3951
9361	7295
9361	7574
9361	7881
9361	8969
9361	9848
9363	5044
9363	6417
9363	7103
9363	7880
9363	8152
9363	8717
9363	9217
9363	9451
9363	9737
9371	1464
9371	2700
9371	5352
9371	5955
9371	9620
9371	9760
9374	2743
9374	2907
9374	3446
9374	4993
9374	5336
9374	6916
9374	7087
9374	7236
9374	7431
9374	7908
9374	8677
9374	9182
9374	9709
9377	1428
9377	4796
9377	4894
9377	5859
9377	6469
9377	6886
9377	9326
9377	9843
9377	9885
9377	9938
9378	3041
9378	5393
9378	5576
9378	6075
9378	6336
9378	7186
9378	8554
9378	9885
9381	1245
9381	1727
9381	1995
9381	4105
9381	9134
9381	9148
9381	9285
9383	1531
9383	5193
9383	5214
9383	5239
9383	6018
9383	7730
9383	8241
9383	9021
9383	9680
9391	383
9391	4769
9391	5655
9391	8113
9391	8757
9391	9091
9391	9786
9396	437
9396	3342
9396	4697
9396	4884
9396	7816
9396	8431
9396	8601
9396	9540
9396	9675
9398	4911
9398	9602
9398	9669
9398	9943
9398	9984
9400	1653
9400	4233
9400	5393
9400	7556
9400	7653
9400	9234
9400	9479
9400	9892
9401	2568
9401	2814
9401	4897
9401	6909
9401	7800
9401	8295
9401	8594
9401	8704
9401	9486
9401	9591
9404	6441
9404	7387
9404	8704
9404	8827
9404	9311
9404	9897
9404	9925
9410	3204
9410	4217
9410	6219
9410	9893
9413	5061
9413	5102
9413	5266
9413	7422
9413	8678
9413	9694
9421	1381
9421	2121
9421	2493
9421	2907
9421	3680
9421	4017
9421	4025
9421	5316
9421	5336
9421	6048
9421	6916
9421	7087
9421	7431
9421	8677
9421	8969
9421	9182
9421	9997
9423	686
9423	2820
9423	3378
9423	3965
9423	4003
9423	5709
9423	8342
9423	9016
9423	9326
9428	2673
9428	5828
9428	7185
9428	8058
9428	8921
9428	9204
9428	9266
9433	1109
9433	4303
9433	6259
9433	7348
9433	8278
9433	8478
9433	9754
9433	9804
9436	5804
9436	8832
9436	9008
9436	9354
9438	1170
9438	3194
9438	4365
9438	4688
9438	6045
9438	6832
9438	8288
9438	8884
9439	2750
9439	2992
9439	3456
9439	7280
9439	7952
9439	9164
9439	9998
9441	2215
9441	2231
9441	5083
9441	6819
9441	8459
9441	9849
9442	931
9442	3090
9442	4544
9442	6414
9442	8229
9442	8867
9442	8965
9442	9698
9442	9884
9449	8029
9449	9347
9449	9535
9449	9890
9450	513
9450	735
9450	4007
9450	5704
9450	6469
9450	8355
9451	473
9451	4645
9451	5044
9451	6417
9451	7014
9451	7103
9451	7148
9451	7880
9451	8152
9451	8717
9451	8836
9451	9217
9451	9363
9451	9884
9455	777
9455	4143
9455	5962
9455	7336
9455	7857
9455	9215
9455	9752
9457	4355
9457	5042
9457	6846
9457	8288
9457	8757
9457	9079
9457	9989
9463	2384
9463	4220
9463	5629
9463	6256
9463	6269
9463	6287
9463	8442
9463	9134
9463	9884
9469	1616
9469	4007
9469	5272
9469	8630
9469	8678
9469	8975
9469	8978
9469	9154
9469	9954
9472	2608
9472	3200
9472	4273
9472	7619
9472	9786
9476	4759
9476	4865
9476	5539
9476	5815
9476	8678
9476	9347
9476	9531
9476	9692
9477	290
9477	1549
9477	1599
9477	5205
9477	5240
9477	6465
9477	7266
9477	8436
9477	9950
9479	291
9479	1059
9479	3392
9479	5709
9479	6971
9479	7437
9479	8114
9479	9188
9479	9234
9479	9400
9479	9709
9479	9781
9479	9892
9486	1109
9486	2953
9486	5913
9486	7915
9486	8001
9486	8180
9486	8487
9486	8553
9486	9091
9486	9401
9486	9814
9486	9875
9487	1295
9487	1359
9487	3709
9487	4543
9487	4917
9487	5700
9487	5725
9487	5953
9487	6380
9487	6585
9487	6720
9487	6901
9487	7951
9487	7989
9487	8163
9495	860
9495	1521
9495	1721
9495	3257
9495	4005
9495	4045
9495	4490
9495	6512
9495	8575
9495	9137
9495	9186
9495	9620
9495	9669
9497	450
9497	1923
9497	2081
9497	2245
9497	2337
9497	5251
9497	5864
9497	5874
9497	6391
9497	8042
9497	9207
9498	1170
9498	5428
9498	6926
9498	8355
9498	9936
9505	3207
9505	3437
9505	8751
9505	8757
9505	9644
9505	9954
9510	7218
9510	7730
9510	8628
9510	8716
9510	9002
9510	9824
9510	9837
9514	1860
9514	2460
9514	2803
9514	4750
9514	7148
9514	7496
9514	9956
9524	1607
9524	3110
9524	3841
9524	4250
9524	7820
9524	8090
9524	8401
9524	8530
9524	8874
9529	3834
9529	4011
9529	5352
9529	6385
9529	8013
9529	8748
9530	2534
9530	4322
9530	4430
9530	4474
9530	5941
9530	7574
9530	8066
9530	8931
9530	9804
9530	9893
9530	9897
9530	9914
9530	9938
9531	2319
9531	8784
9531	9102
9531	9476
9531	9692
9532	480
9532	887
9532	1794
9532	2215
9532	5225
9532	6586
9532	8401
9532	8701
9532	9129
9534	1268
9534	1362
9534	2438
9534	2983
9534	4286
9534	5336
9534	5689
9534	8350
9534	9164
9534	9893
9534	9992
9535	46
9535	7919
9535	8579
9535	9347
9535	9449
9535	9890
9540	2953
9540	3307
9540	3967
9540	4272
9540	5524
9540	7242
9540	7253
9540	8079
9540	8157
9540	9134
9540	9157
9540	9212
9540	9396
9540	9889
9541	5017
9541	5523
9541	6461
9541	8487
9541	8520
9541	8975
9541	8980
9541	9118
9541	9347
9541	9672
9541	9900
9542	5704
9542	5874
9542	8575
9542	8707
9542	9002
9542	9729
9542	9760
9544	1521
9544	3417
9544	4586
9544	4667
9544	5102
9544	5960
9544	6078
9544	6835
9544	6971
9544	7279
9544	7295
9544	7867
9544	9646
9545	833
9545	1166
9545	2264
9545	3421
9545	5055
9545	7910
9545	8647
9545	9102
9545	9882
9554	4141
9554	5138
9554	5275
9554	5970
9554	6187
9554	6425
9554	6472
9554	7242
9554	7626
9554	8374
9554	8897
9554	9110
9557	469
9557	2136
9557	3999
9557	4822
9557	6326
9557	6328
9557	6648
9557	7924
9557	8337
9557	8466
9557	8980
9557	9188
9557	9694
9557	9799
9557	9805
9563	1367
9563	3634
9563	4733
9563	5668
9563	6565
9563	7091
9563	7179
9563	7794
9563	8014
9563	8162
9564	2726
9564	7232
9564	8897
9564	9707
9570	3068
9570	4386
9570	6552
9570	7253
9570	8781
9570	8794
9570	9087
9570	9670
9582	1154
9582	1430
9582	2961
9582	3289
9582	5383
9582	7494
9582	8236
9582	8743
9582	9644
9591	3321
9591	4307
9591	5171
9591	7132
9591	7255
9591	7706
9591	9154
9591	9401
9593	2753
9593	4638
9593	4648
9593	5938
9593	7607
9593	8797
9593	9824
9595	3352
9595	5581
9595	7053
9595	7652
9595	8325
9597	618
9597	1831
9597	5262
9597	5459
9597	6074
9597	6391
9597	6963
9597	9869
9599	709
9599	2767
9599	4002
9599	8355
9599	9709
9602	1136
9602	2341
9602	8984
9602	9398
9602	9843
9604	1712
9604	1971
9604	5167
9604	7522
9604	7578
9604	8006
9604	8330
9604	9889
9611	873
9611	5135
9611	6340
9611	9925
9620	4005
9620	4538
9620	7358
9620	7593
9620	8162
9620	9371
9620	9495
9620	9709
9624	1575
9624	2967
9624	4523
9624	5247
9624	5964
9624	9033
9624	9285
9624	9926
9624	9982
9628	1408
9628	3007
9628	5481
9628	5989
9628	8836
9628	9864
9629	1222
9629	5339
9629	6153
9629	7828
9629	8595
9629	8673
9629	8861
9629	9754
9629	9954
9635	1493
9635	1889
9635	3193
9635	4992
9635	5392
9635	7591
9635	7735
9635	9338
9635	9988
9639	4392
9639	4666
9639	5424
9639	6425
9639	7176
9639	7212
9639	7337
9639	8051
9639	9266
9640	2607
9640	2622
9640	3336
9640	3392
9640	6181
9640	7088
9640	7246
9640	8364
9640	9805
9641	894
9641	2777
9641	3945
9641	4273
9641	5719
9641	5864
9641	6768
9641	6853
9641	8188
9641	8608
9641	9761
9642	1180
9642	1453
9642	3865
9642	4259
9642	4446
9642	4993
9642	5159
9642	5340
9642	6708
9642	7461
9642	8302
9642	8969
9642	8980
9642	9271
9644	2743
9644	5007
9644	5730
9644	7196
9644	9239
9644	9505
9644	9582
9646	561
9646	790
9646	3870
9646	7170
9646	8047
9646	9137
9646	9544
9646	9821
9652	4114
9652	5730
9652	7203
9652	8472
9652	8640
9652	8776
9652	9305
9652	9864
9662	2885
9662	3260
9662	4272
9662	7218
9662	8301
9662	9892
9662	9956
9665	1808
9665	3663
9665	3907
9665	4953
9665	5607
9665	6509
9665	7201
9665	8014
9665	8784
9665	9121
9665	9276
9665	9747
9665	9938
9667	3663
9667	7394
9667	8459
9669	538
9669	4015
9669	8465
9669	8747
9669	8816
9669	8908
9669	9216
9669	9398
9669	9495
9669	9675
9669	9760
9669	9943
9669	9984
9670	2594
9670	4840
9670	7069
9670	7833
9670	9276
9670	9570
9670	9701
9670	9740
9672	533
9672	5629
9672	5867
9672	6706
9672	8520
9672	8561
9672	8587
9672	8924
9672	8975
9672	9351
9672	9541
9672	9850
9672	9900
9675	1846
9675	3469
9675	5167
9675	5246
9675	6202
9675	7522
9675	8330
9675	8612
9675	9396
9675	9669
9680	1227
9680	2182
9680	2440
9680	4962
9680	5441
9680	5856
9680	6027
9680	7352
9680	7492
9680	8167
9680	8418
9680	9383
9684	622
9684	1894
9684	4517
9684	6400
9684	7170
9684	7566
9684	8152
9684	8224
9684	8969
9684	9087
9686	567
9686	2610
9686	2767
9686	5009
9686	5372
9686	6748
9686	8320
9686	9052
9686	9866
9686	9889
9686	9935
9687	2226
9687	3229
9687	5211
9687	7960
9687	8784
9687	9028
9687	9211
9687	9311
9687	9707
9691	1239
9691	4407
9691	7993
9691	8308
9691	9201
9692	1106
9692	2229
9692	5815
9692	6065
9692	8788
9692	8861
9692	8893
9692	9476
9692	9531
9692	9722
9692	9816
9694	784
9694	2048
9694	4181
9694	5785
9694	6693
9694	7431
9694	8040
9694	8493
9694	8678
9694	9413
9694	9557
9694	9745
9698	4638
9698	6414
9698	8228
9698	8466
9698	9442
9699	1572
9699	3077
9699	4698
9699	8595
9699	9079
9699	9199
9701	2710
9701	3310
9701	5525
9701	7353
9701	8442
9701	8493
9701	8653
9701	9670
9701	9850
9701	9897
9704	3199
9704	3455
9704	5980
9704	7430
9704	8350
9704	8520
9704	8589
9704	8978
9704	9186
9704	9882
9706	3798
9706	4855
9706	5303
9706	8212
9706	9134
9706	9722
9706	9730
9707	2579
9707	4094
9707	4731
9707	6340
9707	7128
9707	7960
9707	8685
9707	8832
9707	8893
9707	9564
9707	9687
9709	4105
9709	6969
9709	7132
9709	7296
9709	7353
9709	8294
9709	8868
9709	9326
9709	9374
9709	9479
9709	9599
9709	9620
9718	2583
9718	3200
9718	3342
9718	6165
9718	6193
9718	7139
9718	7872
9718	8899
9718	9121
9718	9202
9718	9740
9722	2448
9722	2901
9722	6924
9722	7843
9722	9692
9722	9706
9722	9866
9729	1780
9729	2586
9729	5159
9729	7119
9729	9008
9729	9142
9729	9542
9729	9938
9730	2260
9730	2314
9730	4731
9730	5251
9730	8589
9730	9706
9737	1088
9737	2319
9737	4790
9737	6414
9737	6526
9737	8574
9737	9087
9737	9182
9737	9363
9737	9890
9740	2594
9740	2809
9740	4840
9740	6233
9740	7069
9740	7821
9740	8435
9740	8827
9740	9091
9740	9276
9740	9670
9740	9718
9745	5061
9745	5373
9745	5980
9745	6105
9745	7422
9745	8304
9745	8678
9745	9326
9745	9694
9745	9799
9747	3907
9747	5607
9747	8124
9747	9665
9747	9938
9748	7867
9748	8455
9748	8469
9748	8484
9748	8832
9748	8938
9748	9322
9752	538
9752	3940
9752	4143
9752	5962
9752	7336
9752	8358
9752	9131
9752	9455
9754	5339
9754	6153
9754	6391
9754	7393
9754	8861
9754	9186
9754	9433
9754	9629
9754	9837
9760	870
9760	4347
9760	5566
9760	6602
9760	8653
9760	9079
9760	9371
9760	9542
9760	9669
9761	1533
9761	1698
9761	2693
9761	2744
9761	3095
9761	6508
9761	6522
9761	6889
9761	7523
9761	9641
9761	9950
9765	1091
9765	2537
9765	2587
9765	3154
9765	4383
9765	4922
9765	5205
9765	5937
9765	7525
9765	8924
9772	1291
9772	2939
9772	3147
9772	7741
9772	9276
9781	4897
9781	5189
9781	5488
9781	7212
9781	8099
9781	9157
9781	9479
9781	9805
9786	1453
9786	3456
9786	5787
9786	6118
9786	8562
9786	8737
9786	8751
9786	9010
9786	9186
9786	9391
9786	9472
9786	9798
9787	875
9787	1101
9787	1245
9787	2900
9787	4082
9787	7933
9787	9992
9790	232
9790	1727
9790	3135
9790	3194
9790	4847
9790	5004
9790	5522
9790	5887
9790	7265
9790	9997
9797	847
9797	2048
9797	4010
9797	4306
9797	4519
9797	4891
9797	4897
9797	6326
9797	7424
9797	8501
9798	890
9798	1947
9798	3402
9798	4429
9798	6294
9798	6472
9798	7690
9798	7993
9798	8342
9798	9113
9798	9786
9799	1703
9799	2632
9799	6635
9799	9062
9799	9557
9799	9745
9799	9804
9800	55
9800	383
9800	467
9800	1167
9800	5383
9800	7053
9800	7994
9800	8931
9800	9212
9804	130
9804	924
9804	1415
9804	1734
9804	1847
9804	2316
9804	2981
9804	8465
9804	9433
9804	9530
9804	9799
9805	4114
9805	7199
9805	7461
9805	8466
9805	9557
9805	9640
9805	9781
9808	3352
9808	4170
9808	6692
9808	6815
9808	8579
9808	9266
9810	1424
9810	4069
9810	7185
9814	2379
9814	2978
9814	3973
9814	4645
9814	6481
9814	7337
9814	8180
9814	9486
9814	9936
9816	1511
9816	2636
9816	5186
9816	5851
9816	6832
9816	6962
9816	7226
9816	8229
9816	8788
9816	9008
9816	9021
9816	9190
9816	9692
9819	3352
9819	3991
9819	4274
9819	6107
9819	6686
9819	7994
9819	8755
9819	8794
9819	9087
9819	9833
9819	9931
9819	9989
9821	561
9821	1792
9821	2006
9821	3870
9821	4555
9821	6535
9821	7492
9821	8047
9821	8949
9821	9059
9821	9646
9824	1408
9824	3496
9824	4544
9824	4713
9824	7031
9824	7220
9824	7461
9824	7880
9824	9510
9824	9593
9833	1593
9833	3413
9833	4109
9833	8270
9833	8278
9833	9819
9833	9897
9833	9904
9833	9976
9834	1765
9834	3294
9834	4992
9834	5251
9834	7192
9834	7715
9834	8921
9835	3140
9835	9033
9835	9850
9835	9938
9837	1424
9837	1511
9837	1642
9837	1708
9837	3332
9837	3353
9837	5171
9837	5316
9837	6004
9837	7196
9837	7699
9837	7881
9837	8042
9837	9201
9837	9277
9837	9510
9837	9754
9837	9962
9843	6181
9843	7299
9843	7699
9843	8143
9843	8575
9843	9164
9843	9377
9843	9602
9848	1633
9848	2106
9848	2136
9848	5118
9848	7031
9848	7230
9848	7910
9848	9361
9849	2215
9849	2337
9849	5083
9849	6139
9849	6777
9849	9211
9849	9441
9850	1698
9850	2710
9850	3310
9850	6693
9850	8493
9850	8653
9850	9252
9850	9672
9850	9701
9850	9835
9850	9897
9855	3227
9855	4111
9855	4993
9855	7212
9855	7976
9855	8237
9855	8534
9863	1018
9863	1252
9863	3990
9863	7574
9863	8278
9863	9183
9863	9936
9864	3007
9864	4675
9864	5481
9864	9628
9864	9652
9864	9925
9866	2207
9866	2348
9866	2901
9866	3118
9866	3527
9866	7843
9866	8401
9866	9686
9866	9722
9869	305
9869	3138
9869	4513
9869	6035
9869	8090
9869	8459
9869	9168
9869	9597
9869	9904
9875	51
9875	1109
9875	3634
9875	7034
9875	8001
9875	8487
9875	9486
9878	1533
9878	2460
9878	4789
9878	6918
9878	8960
9878	9169
9882	359
9882	473
9882	785
9882	2715
9882	6745
9882	7649
9882	7678
9882	9125
9882	9545
9882	9704
9882	9935
9884	3813
9884	4511
9884	5044
9884	8013
9884	8743
9884	8784
9884	9016
9884	9442
9884	9451
9884	9463
9884	9926
9885	35
9885	1176
9885	1428
9885	4894
9885	6232
9885	6469
9885	6886
9885	7687
9885	7821
9885	9377
9885	9378
9885	9891
9885	9998
9889	3003
9889	6881
9889	8143
9889	9176
9889	9540
9889	9604
9889	9686
9890	1780
9890	4383
9890	4865
9890	5752
9890	6186
9890	6800
9890	8029
9890	8493
9890	9211
9890	9347
9890	9449
9890	9535
9890	9737
9890	9988
9891	2352
9891	3336
9891	3459
9891	6579
9891	7295
9891	7358
9891	7925
9891	8372
9891	9885
9892	291
9892	1934
9892	5391
9892	6839
9892	7437
9892	7653
9892	8899
9892	9183
9892	9234
9892	9400
9892	9479
9892	9662
9893	1509
9893	5301
9893	8528
9893	9410
9893	9530
9893	9534
9897	3310
9897	5525
9897	8493
9897	8653
9897	9404
9897	9530
9897	9701
9897	9833
9897	9850
9900	1287
9900	1810
9900	5461
9900	5523
9900	5709
9900	6798
9900	6963
9900	8520
9900	9541
9900	9672
9900	9938
9901	1894
9901	3354
9901	4306
9901	4380
9901	6242
9901	7245
9901	7735
9901	8236
9901	8575
9901	8921
9901	9264
9904	1593
9904	3110
9904	4351
9904	6107
9904	6585
9904	8229
9904	8270
9904	8304
9904	8435
9904	8544
9904	9093
9904	9108
9904	9351
9904	9833
9904	9869
9912	1923
9912	2159
9912	2434
9912	3143
9912	4623
9912	5622
9912	6405
9912	7179
9912	7474
9912	8064
9914	2534
9914	2804
9914	4322
9914	4430
9914	4474
9914	5262
9914	5359
9914	6307
9914	7143
9914	8053
9914	8781
9914	9059
9914	9148
9914	9168
9914	9530
9925	351
9925	2769
9925	5316
9925	6627
9925	7034
9925	7523
9925	8014
9925	8330
9925	8788
9925	9404
9925	9611
9925	9864
9926	203
9926	785
9926	3813
9926	4551
9926	9251
9926	9285
9926	9624
9926	9884
9931	3376
9931	4689
9931	5097
9931	8248
9931	8663
9931	8673
9931	8708
9931	9062
9931	9195
9931	9819
9935	580
9935	2610
9935	3103
9935	3176
9935	4716
9935	4796
9935	5590
9935	6417
9935	6748
9935	7143
9935	7215
9935	7486
9935	9052
9935	9686
9935	9882
9935	9956
9936	73
9936	2992
9936	3990
9936	8601
9936	9183
9936	9498
9936	9814
9936	9863
9938	3876
9938	3907
9938	5420
9938	5607
9938	6509
9938	7201
9938	8124
9938	9377
9938	9530
9938	9665
9938	9729
9938	9747
9938	9835
9938	9900
9943	100
9943	305
9943	1232
9943	4015
9943	5777
9943	5970
9943	9182
9943	9398
9943	9669
9943	9984
9949	406
9949	693
9949	1273
9949	1908
9949	5484
9949	6233
9949	6665
9949	8435
9949	8984
9950	290
9950	1549
9950	1587
9950	3227
9950	5240
9950	6663
9950	6784
9950	6881
9950	7211
9950	7266
9950	8308
9950	9190
9950	9477
9950	9761
9954	135
9954	1176
9954	3065
9954	5392
9954	6381
9954	7937
9954	9469
9954	9505
9954	9629
9956	1650
9956	4900
9956	7148
9956	7203
9956	7496
9956	8313
9956	9514
9956	9662
9956	9935
9956	9976
9957	3281
9957	4861
9957	5160
9957	6586
9957	6708
9957	8773
9957	8921
9957	9008
9957	9982
9962	5799
9962	6703
9962	6832
9962	7236
9962	7253
9962	7908
9962	8408
9962	8561
9962	9358
9962	9837
9971	1889
9971	1926
9971	4086
9971	5035
9971	5275
9971	5664
9971	6481
9971	7301
9971	8438
9971	8496
9971	8528
9971	9023
9971	9184
9976	1039
9976	1624
9976	3960
9976	4444
9976	5581
9976	5695
9976	6981
9976	7484
9976	7652
9976	7816
9976	9234
9976	9833
9976	9956
9982	454
9982	908
9982	2162
9982	2314
9982	4861
9982	9016
9982	9624
9982	9957
9984	8442
9984	8505
9984	8628
9984	9398
9984	9669
9984	9943
9984	9997
9988	785
9988	3122
9988	4953
9988	7536
9988	8229
9988	8350
9988	8833
9988	9209
9988	9635
9988	9890
9989	1136
9989	2470
9989	3982
9989	6512
9989	8288
9989	8757
9989	8978
9989	9305
9989	9457
9989	9819
9992	1268
9992	1362
9992	2438
9992	2717
9992	2732
9992	4286
9992	4984
9992	6261
9992	6569
9992	7057
9992	9018
9992	9164
9992	9239
9992	9534
9992	9787
9997	393
9997	3171
9997	3990
9997	4084
9997	4473
9997	4533
9997	5622
9997	6230
9997	7816
9997	7871
9997	8318
9997	8389
9997	8767
9997	9094
9997	9421
9997	9790
9997	9984
9998	25
9998	2215
9998	2750
9998	2992
9998	5101
9998	6361
9998	7036
9998	7280
9998	7952
9998	8431
9998	8965
9998	9439
9998	9885
9999	1354
9999	1684
9999	1780
9999	3868
9999	3895
9999	6406
9999	6725
9999	7132
9999	7607
9999	8755
