0 0.0
0.0009765625 270.813919771
0.00098719656841 341.412975128
0.000995921956042 342.422576544
0.000997271151327 291.82727898
0.00102187162955 360.242046394
0.00103090349449 413.952398453
0.0013305966874 971.354585847
0.0013323992732 1199.72470671
0.00133330148164 910.041076128
0.00135055998848 631.574774057
0.00139705212252 1536.33155532
0.00139989200524 956.722380599
0.00141322131071 1469.48888344
0.00146484216278 1876.74221875
0.00147379338632 1538.61964504
0.0015463535662 1551.1290375
0.00164905973526 2362.1426987
0.00166250929845 2108.65399828
0.00166476153287 2569.41333099
0.00178618069473 3344.92002367
0.00208003037608 3739.40841873
0.00208143882849 4292.97362951
0.0020828482346 4236.26712138
0.00237835483557 4857.39609795
0.00239612996216 4853.33352466
0.0023977524553 4563.15481491
0.00269381630004 5231.88642339
0.00270294898821 5278.72088823
0.0031095002263 5788.8388477
0.00311160576434 5894.69047535
0.00358447255777 5905.01671944
0.00362350490479 5906.13848585
0.00363087064928 6248.66693867
0.0036828518092 6195.78150704
0.00437967357501 6782.30616846
0.00439749739223 7007.65035253
0.00440047507269 6924.89340881
0.00552801238196 7540.66080162
0.00555802894255 7270.95035488
0.00556932712541 7429.29720378
0.0061561751762 7839.77756358
0.00716409408754 8012.25144067
0.00857165240313 8388.16174399
0.00857745653206 8418.14678475
0.00900584975705 8589.99709513
0.0108191169517 8934.73024203
0.0108705029357 8861.25581568
0.0124801687337 9009.60802693
0.0124970758665 9080.7073572
0.0125140059038 9273.24785687
0.0137300107236 9266.61579057
0.0137393077352 9464.86834933
0.0139077345822 9403.56102325
0.0140211646485 9477.01312971
0.0154566877062 9810.91646546
0.0176615749859 9929.48522391
0.0176974768687 9947.75006416
0.0202494065467 10166.9869263
0.0222773085016 10251.1591223
0.0250449590425 10481.4802779
0.0276652495947 10479.8186553
0.0286369853684 10655.0183331
0.0313347273453 10704.2761321
0.0359016836457 10686.8405604
0.0365638678026 10863.6982717
0.0386246069573 10749.6276039
0.0388080566273 10818.285847
0.0441941738242 10862.7336202
0.0525560259534 10957.548587
0.0549200428942 11014.0051701
0.0550316825949 10940.6407268
0.0558573377759 10950.3895323
0.0560087823822 11053.7626556
0.0625 11062.4025311
0.0682028843076 11099.4382525
0.0682490665739 11144.118634
0.0696491714122 11145.1210941
0.079262014082 11151.5289163
0.0793156848245 11201.9884028
0.0810524721657 11068.4018311
0.100044304161 11240.8977595
0.110436506593 11193.1036116
0.110511286541 11239.3082234
0.111111351899 11259.9337976
0.111186588805 11285.5951466
0.111261876657 11235.8313491
0.124324927935 11244.576041
0.142541421797 11213.9663731
0.166666847257 11065.9474529
0.16689263415 11196.3538882
0.168139940757 11135.3517167
0.185731325014 11186.3806072
0.200088608322 10990.8402894
0.206416873361 11021.0855064
0.206556644562 11027.5352839
0.247977520606 10937.3836301
0.25 10729.9800243
0.285469050992 10563.4647635
0.285855781594 10347.0814251
0.28896854697 10524.233079
0.289164216442 10596.0826468
0.333333694514 10070.8394053
0.33355940499 9764.20115783
0.335824932797 9860.13031033
0.369206536485 9815.53422331
0.398825103176 9733.50319508
0.400177216645 9449.38109263
0.400990684048 9394.86928127
0.402350139359 9647.19821763
0.468859172635 9210.03172846
0.473323493532 9342.2397196
0.473643995397 9363.49953976
0.480099803291 9394.5810516
0.5 8007.84593314
0.554559460997 7634.78615016
0.556816333868 7758.66946819
0.557193371298 7718.33902124
0.665765463312 7509.46921475
0.666667389029 6634.95716427
0.66711880998 6930.62680773
0.754582213797 6634.23356294
0.997971355855 6536.15780164
1 0.0
