0.00029397460514	0.00151014861635	0.00151117118433
0.00029397460514	0.00389832560881	0.00390096528473
0.00029397460514	0.0167532631564	0.0167646073051
0.00029397460514	0.0312288539845	0.03125
0.000293974605141	0.099976606932	0.100044304161
0.000293974605141	0.100044304161	0.10011204723
0.000293974605141	0.111186588805	0.111261876657
0.000293974605141	0.14110144695	0.141196991071
0.000293974605141	0.25	0.250169282673
0.000293974605141	0.333333694514	0.33355940499
0.000293974605141	0.500338565347	0.500677359946
0.000293974605141	0.999323327503	1
0.000293974605141	0.5	0.500338565347
0.000293974605141	0.00124350912752	0.00124435114572
0.000293974605141	0.00150810555575	0.00150912674031
0.000293974605141	0.00150912674031	0.00151014861635
0.000293974605141	0.00203270586725	0.00203408227478
0.000293974605141	0.00390096528473	0.00390360674806
0.000293974605141	0.00390360674806	0.00390625
0.000293974605141	0.00498077493628	0.00498414757186
0.000293974605141	0.00504866332178	0.00505208192668
0.000293974605141	0.00763992101005	0.00764509423506
0.000293974605141	0.015300541926	0.0153109023926
0.000293974605141	0.0233424784678	0.0233582843764
0.000293974605141	0.0312077222778	0.0312288539845
0.000293974605141	0.0358531127207	0.0358773899638
0.000293974605141	0.0530205450912	0.0530564469296
0.000293974605141	0.0555556759493	0.0555932944026
0.000293974605141	0.0555932944026	0.0556309383286
0.000293974605141	0.0667414371372	0.0667866298128
0.000293974605141	0.0865529356138	0.0866115432631
0.000293974605141	0.111111351899	0.111186588805
0.000293974605141	0.124915415938	0.125
0.000293974605141	0.250169282673	0.250338679973
0.000587949210281	0.166441365828	0.166666847257
0.000587949210281	0.876344674856	0.877531876419
0.000587949210281	0.140910552622	0.14110144695
0.000587949210281	0.200088608322	0.20035967234
0.000587949210281	0.33355940499	0.334011284551
0.000881923815422	0.64973786424	0.651058630518
0.000881923815422	0.705672313155	0.707106781187
0.000881923815422	0.0667866298128	0.0669223915306
0.000881923815422	0.0793693919091	0.0795307314618
0.000881923815422	0.166666847257	0.167005642276
0.000881923815422	0.200902902521	0.201311291494
0.000881923815422	0.00151117118433	0.00151424304461
0.000881923815422	0.00632942019142	0.00634228643366
0.00117589842056	0.00202720954459	0.00203270586725
0.00117589842056	0.0654440684925	0.0656215053625
0.00117589842056	0.20035967234	0.200902902521
0.00117589842056	0.222222703797	0.22282521067
0.00117589842056	0.0121221470805	0.0121550135554
0.00117589842056	0.25203897453	0.252722321513
0.0014698730257	0.00132430682018	0.00132879654029
0.00176384763084	0.371714178789	0.373226932073
0.00176384763084	0.500677359946	0.502714950556
0.00205782223598	0.148751545455	0.149458049005
0.00235179684112	0.0405536776412	0.0407738801005
0.00235179684112	0.0656215053625	0.0659778236475
0.00235179684113	0.00124435114572	0.00125110784939
0.00264577144627	0.400177216645	0.402622582987
0.00293974605141	0.0198826828655	0.0200177255902
0.00293974605141	0.250338679973	0.25203897453
0.00411564447197	0.22282521067	0.224946878118
0.00411564447197	0.0167646073051	0.0169242343127
0.00440961907711	0.314057703467	0.317262739298
0.00499756828739	0.0659778236475	0.0667414371372
0.00558551749767	0.00498414757186	0.00504866332178
0.00587949210281	0.00151424304461	0.00153488230595
0.0094071873645	0.00276400619098	0.00282453004543
0.0102891111799	0.651058630518	0.666667389029
0.0135228318365	0.502714950556	0.518614473637
0.0141107810467	0.00464534029298	0.00479875209417
0.0141107810467	0.0407738801005	0.0421204325581
0.0161686032827	0.00479875209417	0.00498077493628
0.0164625778879	0.334011284551	0.346915510575
0.016756552493	0.00132879654029	0.001381067932
0.0199902731496	0.00153488230595	0.00160718308413
0.0199902731496	0.0530564469296	0.0555556759493
0.0205782223598	0.619669262247	0.64973786424
0.020872196965	0.00193208596327	0.00202720954459
0.0214601461753	0.317262739298	0.333333694514
0.0214601461753	0.589793263731	0.619669262247
0.0220480953855	0.0340783666458	0.0358531127207
0.0226360445958	0.141196991071	0.148751545455
0.0246938668318	0.00125110784939	0.00132430682018
0.0246938668318	0.0556309383286	0.0588857555948
0.0246938668318	0.666667389029	0.705672313155
0.0258697652524	0.00203408227478	0.00215892860489
0.0261637398575	0.0421204325581	0.0447359395006
0.0267516890678	0.00282453004543	0.00300398588639
0.0276336128832	0.0447359395006	0.0476749422108
0.0285155366986	0.167005642276	0.178339145208
0.0299854097243	0.346915510575	0.371714178789
0.0302793843295	0.373226932073	0.400177216645
0.0317492573552	0.0233582843764	0.0251298675053
0.0317492573552	0.00215892860489	0.00232267014649
0.0323372065655	0.0669223915306	0.0720955831547
0.0341010541963	0.0121550135554	0.0131479033129
0.0367468256426	0.0795307314618	0.0865529356138
0.037628749458	0.03125	0.0340783666458
0.0379227240631	0.00160718308413	0.00175383235117
0.0382166986683	0.001381067932	0.00150810555575
0.0390986224837	0.0153109023926	0.0167532631564
0.0408624701145	0.285855781594	0.314057703467
0.04174439393	0.0720955831547	0.0793693919091
0.0420383685351	0.00175383235117	0.00193208596327
0.0429202923505	0.201311291494	0.222222703797
0.0435082415608	0.0109665824349	0.0121221470805
0.0452720891917	0.10011204723	0.111111351899
0.0458600384019	0.224946878118	0.25
0.0458600384019	0.0588857555948	0.0654440684925
0.0461540130071	0.0476749422108	0.0530205450912
0.0467419622174	0.149458049005	0.166441365828
0.0499756828739	0.178339145208	0.200088608322
0.050269657479	0.111261876657	0.124915415938
0.0520335051099	0.125	0.140910552622
0.0532094035304	0.0358773899638	0.0405536776412
0.0535033781356	0.252722321513	0.285855781594
0.0558551749767	0.518614473637	0.589793263731
0.056443124187	0.877531876419	0.999323327503
0.0623226162898	0.0866115432631	0.099976606932
0.0649683877361	0.00764509423506	0.00887873779579
0.0658503115515	0.0131479033129	0.015300541926
0.0667322353669	0.0200177255902	0.0233424784678
0.0699659560235	0.0169242343127	0.0198826828655
0.075257498916	0.00390625	0.00464534029298
0.0755514735211	0.00232267014649	0.00276400619098
0.0808430164137	0.00634228643366	0.00763992101005
0.0917200768039	0.00887873779579	0.0109665824349
0.0931899498296	0.707106781187	0.876344674856
0.094071873645	0.402622582987	0.5
0.094071873645	0.0251298675053	0.0312077222778
0.0978935435118	0.00505208192668	0.00632942019142
0.104948934035	0.0009765625	0.00124350912752
0.113180222979	0.00300398588639	0.00389832560881
