0.00029397460514	0.00204236031424	0.0020437432591
0.00029397460514	0.00644180045732	0.00644616239813
0.00029397460514	0.0095392128388	0.0095456721326
0.00029397460514	0.0107025735667	0.0107098206077
0.00029397460514	0.0127966861169	0.0128053511458
0.00029397460514	0.037012095405	0.0370371574308
0.00029397460514	0.0494498301206	0.0494833141184
0.00029397460514	0.0718033672914	0.0718519875552
0.00029397460514	0.0793693919091	0.0794231353605
0.00029397460514	0.0796384733258	0.0796923989804
0.00029397460514	0.0952853637771	0.0953498844215
0.000293974605141	0.12576383857	0.125848997125
0.000293974605141	0.16599131771	0.166103715526
0.000293974605141	0.222222703797	0.222373177611
0.000293974605141	0.222373177611	0.222523753314
0.000293974605141	0.255647276645	0.255820383262
0.000293974605141	0.255820383262	0.255993607096
0.000293974605141	0.29750309091	0.297704539384
0.000293974605141	0.333333694514	0.33355940499
0.000293974605141	0.540476834043	0.540842807497
0.000293974605141	0.601485374337	0.601892658545
0.000293974605141	0.617157635591	0.617575531968
0.000293974605141	0.666667389029	0.66711880998
0.000293974605141	0.0010204891526	0.00102118015712
0.000293974605141	0.00135238961897	0.00135330536349
0.000293974605141	0.00136065367779	0.00136157501815
0.000293974605141	0.00136157501815	0.00136249698239
0.000293974605141	0.00204097830519	0.00204236031424
0.000293974605141	0.0020437432591	0.00204512714039
0.000293974605141	0.00234002910204	0.00234161360757
0.000293974605141	0.004592191235	0.00459530074863
0.000293974605141	0.00613537477323	0.0061395292238
0.000293974605141	0.00834267964216	0.0083483287266
0.000293974605141	0.0185939431819	0.0186065337115
0.000293974605141	0.0299453657272	0.0299656426535
0.000293974605141	0.0370371574308	0.0370622364269
0.000293974605141	0.0494833141184	0.0495168207891
0.000293974605141	0.0566570162797	0.0566953804844
0.000293974605141	0.0714155877122	0.0714639453986
0.000293974605141	0.0718519875552	0.0719006407414
0.000293974605141	0.0719006407414	0.0719493268721
0.000293974605141	0.0796923989804	0.0797463611498
0.000293974605141	0.124915415938	0.125
0.000293974605141	0.166666847257	0.166779702495
0.000293974605141	0.18397953317	0.184104111359
0.000293974605141	0.190055434995	0.190184127364
0.000293974605141	0.2802991088	0.28048890793
0.000587949210281	0.00233686330683	0.00234002910204
0.000587949210281	0.00563760015818	0.00564523752725
0.000587949210281	0.0299656426535	0.0300062377057
0.000587949210281	0.0713189704842	0.0714155877122
0.000587949210281	0.125	0.125169339987
0.000587949210281	0.183730629631	0.18397953317
0.000587949210281	0.200088608322	0.20035967234
0.000587949210281	0.0018117524524	0.00181420686948
0.000587949210281	0.00222570262401	0.00222871782763
0.000881923815422	0.00395413577295	0.00396217361326
0.000881923815422	0.153248548283	0.153560067013
0.000881923815422	0.753051435007	0.754582213797
0.000881923815422	0.249492838964	0.25
0.000881923815422	0.601892658545	0.603116166625
0.00117589842056	0.00142089496267	0.00142474739974
0.00117589842056	0.00306353715189	0.00307184324374
0.00117589842056	0.00843352546722	0.0084563910744
0.00117589842056	0.0193253804321	0.0193777768539
0.00117589842056	0.190184127364	0.190699768843
0.00117589842056	0.142927890797	0.143315407621
0.00117589842056	0.0794231353605	0.0796384733258
0.00117589842056	0.33355940499	0.334463776282
0.0014698730257	0.0492827496909	0.0494498301206
0.0014698730257	0.166103715526	0.166666847257
0.0014698730257	0.28048890793	0.281439833103
0.0014698730257	0.375253517407	0.376525717503
0.0014698730257	0.750507034813	0.753051435007
0.0014698730257	0.0155722064574	0.015625
0.00176384763084	0.100044304161	0.10045145126
0.00176384763084	0.00102118015712	0.00102533602129
0.00176384763084	0.00106639166522	0.00107073152521
0.00176384763084	0.00113184382883	0.0011364500574
0.00176384763084	0.0128053511458	0.0128574646731
0.00176384763084	0.111111351899	0.111563538207
0.00176384763084	0.244974438282	0.245971402904
0.00205782223598	0.0714639453986	0.0718033672914
0.00205782223598	0.336963460465	0.338563886734
0.00205782223598	0.125169339987	0.12576383857
0.00205782223598	0.285855781594	0.287213469165
0.00205782223598	0.400177216645	0.402077880085
0.00205782223598	0.155337339014	0.156075122149
0.00235179684112	0.00135330536349	0.00136065367779
0.00235179684112	0.00197573005901	0.00198645807786
0.00235179684112	0.224946878118	0.226168317421
0.00264577144627	0.0154776271885	0.0155722064574
0.00293974605141	0.0186065337115	0.0187329088605
0.00323372065655	0.0562367195294	0.0566570162797
0.00323372065655	0.334463776282	0.336963460465
0.00352769526169	0.00204512714039	0.00206180698899
0.00382166986683	0.00262185694766	0.00264503036511
0.00411564447197	0.00124182680005	0.00125365106127
0.00411564447197	0.166779702495	0.168367723279
0.00440961907711	0.00396217361326	0.004002608566
0.00440961907711	0.0083483287266	0.00843352546722
0.00470359368225	0.0495168207891	0.0500560236151
0.00470359368225	0.222523753314	0.224946878118
0.00499756828739	0.153560067013	0.155337339014
0.00529154289253	0.181505596471	0.183730629631
0.00587949210281	0.111563538207	0.113084158711
0.00617346670795	0.245971402904	0.249492838964
0.00617346670795	0.394528964427	0.400177216645
0.00646744131309	0.0095456721326	0.00968888842694
0.00646744131309	0.66711880998	0.677127773468
0.00676141591823	0.281439833103	0.285855781594
0.00764333973366	0.00162248614622	0.00165129374929
0.00764333973366	0.327518530032	0.333333694514
0.00823128894394	0.00732096732074	0.00746104668074
0.00852526354908	0.00181420686948	0.00185017185702
0.00852526354908	0.00121768726662	0.00124182680005
0.00970116196964	0.25	0.255647276645
0.00999513657478	0.603116166625	0.617157635591
0.0105830857851	0.10843646367	0.111111351899
0.0105830857851	0.015105019691	0.0154776271885
0.0117589842056	0.00198645807786	0.00204097830519
0.0120529588108	0.00153073207028	0.00157380941834
0.012640908021	0.00254664309608	0.00262185694766
0.0129348826262	0.0300062377057	0.0309133754123
0.0129348826262	0.255993607096	0.263732713075
0.0129348826262	0.148751545455	0.153248548283
0.0129348826262	0.00644616239813	0.00664104044421
0.0132288572313	0.00157380941834	0.00162248614622
0.0132288572313	0.0769882052959	0.0793693919091
0.0135228318365	0.0187329088605	0.0193253804321
0.0138168064416	0.184104111359	0.190055434995
0.0149927048622	0.0414136450987	0.0428682902239
0.0152866794673	0.00234161360757	0.00242550353921
0.0152866794673	0.287213469165	0.29750309091
0.0155806540725	0.00130473158028	0.00135238961897
0.0158746286776	0.00206180698899	0.00213856589267
0.0161686032827	0.143315407621	0.148751545455
0.0164625778879	0.00165129374929	0.00171509000036
0.0170505270982	0.00102533602129	0.00106639166522
0.0173445017033	0.00125365106127	0.00130473158028
0.0173445017033	0.00213856589267	0.00222570262401
0.0176384763084	0.004002608566	0.00416851719014
0.0182264255187	0.00136249698239	0.00142089496267
0.0182264255187	0.00540589797642	0.00563760015818
0.0191083493341	0.0009765625	0.0010204891526
0.0191083493341	0.0797463611498	0.0833334236286
0.0194023239393	0.125848997125	0.131598846626
0.0199902731496	0.0203180569278	0.0212751409475
0.0202842477547	0.376525717503	0.394528964427
0.0202842477547	0.0909372776112	0.0952853637771
0.0202842477547	0.0500560236151	0.052449408479
0.0205782223598	0.00222871782763	0.00233686330683
0.0205782223598	0.0193777768539	0.0203180569278
0.020872196965	0.190699768843	0.200088608322
0.020872196965	0.0953498844215	0.100044304161
0.020872196965	0.0061395292238	0.00644180045732
0.0211661715701	0.00242550353921	0.00254664309608
0.0220480953855	0.00906701728146	0.0095392128388
0.0238119430164	0.00171509000036	0.0018117524524
0.0241059176215	0.00107073152521	0.00113184382883
0.0241059176215	0.00789222847714	0.00834267964216
0.0243998922267	0.00746104668074	0.00789222847714
0.0246938668318	0.0618267508246	0.0654440684925
0.0264577144627	0.263732713075	0.2802991088
0.0267516890678	0.156075122149	0.16599131771
0.0279275874884	0.0347069208582	0.037012095405
0.0285155366986	0.00185017185702	0.00197573005901
0.0285155366986	0.00286884850261	0.00306353715189
0.0293974605141	0.0719493268721	0.0769882052959
0.0299854097243	0.0011364500574	0.00121768726662
0.0302793843295	0.052449408479	0.0562367195294
0.0302793843295	0.0084563910744	0.00906701728146
0.0311613081449	0.00142474739974	0.00153073207028
0.0317492573552	0.402077880085	0.432573030217
0.0326311811706	0.168367723279	0.181505596471
0.0329251557757	0.00501121100031	0.00540589797642
0.0332191303809	0.10045145126	0.10843646367
0.0332191303809	0.617575531968	0.666667389029
0.0338070795912	0.0107098206077	0.0115768198705
0.0338070795912	0.5	0.540476834043
0.0346890034066	0.226168317421	0.244974438282
0.0352769526169	0.00264503036511	0.00286884850261
0.0358649018272	0.131598846626	0.142927890797
0.0361588764323	0.00564523752725	0.00613537477323
0.0373347748529	0.0654440684925	0.0713189704842
0.037628749458	0.00459530074863	0.00501121100031
0.037628749458	0.0566953804844	0.0618267508246
0.0379227240631	0.0833334236286	0.0909372776112
0.0414504193248	0.297704539384	0.327518530032
0.0420383685351	0.00416851719014	0.004592191235
0.0423323431402	0.00664104044421	0.00732096732074
0.0432142669557	0.113084158711	0.124915415938
0.0432142669557	0.00968888842694	0.0107025735667
0.0435082415608	0.0115768198705	0.0127966861169
0.0446841399814	0.677127773468	0.750507034813
0.0446841399814	0.338563886734	0.375253517407
0.0449781145865	0.20035967234	0.222222703797
0.0461540130071	0.540842807497	0.601485374337
0.0473299114276	0.00354586066667	0.00395413577295
0.0482118352431	0.0370622364269	0.0414136450987
0.050269657479	0.0309133754123	0.0347069208582
0.060558768659	0.0428682902239	0.0492827496909
0.0623226162898	0.00307184324374	0.00354586066667
0.0629105655001	0.432573030217	0.5
0.0699659560235	0.0128574646731	0.015105019691
0.0755514735211	0.015625	0.0185939431819
0.122293435738	0.754582213797	1
0.148457175596	0.0212751409475	0.0299453657272
