0 37.9077110896
0.0009765625 11078.433492
0.0010204891526 11793.50067
0.00102118015712 12634.5844026
0.00103090349449 12599.5311974
0.00106783632722 14044.0426763
0.00107000699064 12874.4456755
0.00107073152521 12090.8760138
0.0010780039091 14243.8793319
0.00113184382883 14238.4249855
0.00121851180005 14898.7397412
0.00121933689179 15908.3228756
0.00127332154804 16588.4987015
0.00136249698239 16644.9008133
0.00136619108646 16761.8584743
0.00154112876729 18260.3037017
0.00156425073797 18656.8528159
0.00167833915832 19847.8078048
0.00183893466323 20551.5629252
0.00204097830519 21931.3403158
0.00204236031424 21355.6872499
0.00226828920929 22126.8506379
0.00243207974644 23276.5022622
0.00277150017201 24112.7235802
0.00284949479947 24140.9746186
0.00285335506676 23823.2564915
0.00303464229856 24851.8649303
0.0030780875881 24789.7641523
0.00333855031856 25385.2811668
0.00354346128027 25855.5005213
0.00386678847595 25969.7747536
0.00387727240307 26275.1546324
0.00388515399798 26504.3597951
0.00466108911903 27339.8683332
0.00466424528554 27762.7922384
0.00466740358918 27502.3237366
0.00467056403141 27442.556553
0.0048248088435 27900.4731614
0.00516970213902 28099.3134861
0.00517320270301 28101.357228
0.00567589060879 28757.0890726
0.00622321152868 29100.8945901
0.00716409408754 30294.5317996
0.00812532156437 30280.2065234
0.00814735154601 30816.5229719
0.00919060149727 31275.4310884
0.0098742755801 31366.1516381
0.00988096175517 31539.4232718
0.00988765245765 31213.1661234
0.0102835655341 31660.7838847
0.0105301081395 32159.8220625
0.0105443734865 31954.2324454
0.0105515134054 31865.474242
0.0110784990963 31885.7387231
0.0117903470906 32326.0493183
0.0128487643803 32621.1283903
0.0128574646731 32872.1448611
0.0137486110422 33172.2318537
0.0138701288479 33377.9514323
0.0141738451211 33294.0386309
0.0152488446581 33581.9363128
0.0161410137347 33564.205818
0.0173534604291 34102.6124843
0.0173652109898 34249.3550304
0.0174122928531 34352.2964939
0.0185687876758 34442.5951815
0.0185813611719 34249.6161403
0.0224134386414 34857.0891533
0.0224286154686 35069.44965
0.0232007057168 34729.8673569
0.0238374711054 35153.0684466
0.0262958066258 35469.9191303
0.0263492598976 35047.6050946
0.0267084025484 35163.0071511
0.0278908845519 35597.7947762
0.0293036982897 35597.1497228
0.0299251025218 35426.4004985
0.0337341018689 35850.2799891
0.0337798021277 35772.4420683
0.0338026754685 35848.2319968
0.0340783666458 35604.3511562
0.0415259288814 36168.688649
0.0421489535958 35955.7770487
0.0461508170606 35814.281918
0.0494833141184 36231.3634137
0.0500221520806 36257.5785638
0.0502597350106 36147.4119909
0.0555556759493 36315.3274778
0.0674682037377 36491.1764951
0.0675138885293 36226.3131177
0.0676053509371 36181.3674804
0.0681567332916 36394.3216061
0.0768840489454 36338.8911752
0.0833334236286 36291.8160368
0.0933067330182 35952.8978861
0.0943227767246 36111.6160722
0.100044304161 36378.4688211
0.10011204723 36002.785379
0.111111351899 35841.4229579
0.111866017645 35912.3826587
0.112093415296 35347.3100017
0.112169317188 36166.5933004
0.125 35556.0466036
0.133121944069 35631.5109495
0.133302287015 35659.7778872
0.133392550085 35545.5216562
0.142927890797 35270.858547
0.166666847257 34406.9014287
0.16689263415 34311.7048928
0.167005642276 34589.9728556
0.168026165083 34365.5176716
0.200088608322 33710.2970633
0.201311291494 33888.0867866
0.219531520047 33890.5356758
0.245140317993 33416.2534732
0.245638631364 33229.36079
0.25 32290.3766135
0.277655366865 31760.4366742
0.277843375836 31945.180372
0.332657479067 30974.1876817
0.333333694514 29823.0514264
0.33355940499 29738.5880953
0.334237453844 29548.3739422
0.334463776282 29823.363241
0.38633644552 29694.7330983
0.386598045785 29718.5501905
0.398285537836 29402.2945232
0.408939956645 29130.8216648
0.409216862442 28680.9905493
0.5 22756.2426613
0.548214540908 23271.5287226
0.551191291654 23293.8133435
0.666216273542 22574.9354977
0.666667389029 20756.6810647
0.669833762027 20424.1283916
0.740415113911 20849.7222617
0.749491683521 21347.3758779
0.751015226162 20504.6571579
0.751523761622 20516.6548581
0.770583626879 20560.3104812
1 0.0
