0.00029397460514	0.0202905688905	0.0203043082575
0.00029397460514	0.0250110760403	0.0250280118075
0.00029397460514	0.166554068385	0.166666847257
0.000293974605141	0.122404335408	0.122487219141
0.000293974605141	0.166328739533	0.166441365828
0.000293974605141	0.333333694514	0.33355940499
0.000293974605141	0.624300488595	0.624723221617
0.000293974605141	0.00232424289774	0.00232581671394
0.000293974605141	0.0129886782511	0.0129974732838
0.000293974605141	0.0203043082575	0.0203180569278
0.000293974605141	0.0336428867494	0.0336656673806
0.000293974605141	0.0676511285952	0.0676969372508
0.000293974605141	0.166441365828	0.166554068385
0.000587949210281	0.0129711060357	0.0129886782511
0.000587949210281	0.0333030212558	0.0333481375212
0.000587949210281	0.0336656673806	0.0337112749299
0.000881923815422	0.624723221617	0.625993138933
0.000881923815422	0.122487219141	0.122736207229
0.000881923815422	0.166666847257	0.167005642276
0.00117589842056	0.0278154691643	0.0278908845519
0.00117589842056	0.0833334236286	0.0835593634609
0.0014698730257	0.0204145586435	0.0204837689301
0.00205782223598	0.00137453948203	0.001381067932
0.00205782223598	0.00344880553893	0.00346518582828
0.00205782223598	0.0203180569278	0.0204145586435
0.00205782223598	0.0248928461147	0.0250110760403
0.00205782223598	0.00488065016888	0.00490383108213
0.00235179684112	0.0162286578431	0.0163167778504
0.00235179684112	0.0278908845519	0.0280423292969
0.00235179684112	0.331533500392	0.333333694514
0.00235179684113	0.00343018000073	0.00344880553893
0.00293974605141	0.33355940499	0.335824932797
0.00382166986683	0.0333481375212	0.0336428867494
0.00440961907711	0.0428102942667	0.0432471838114
0.00440961907711	0.0549944441688	0.0555556759493
0.00470359368225	0.0337112749299	0.0340783666458
0.00470359368225	0.0129974732838	0.0131390064883
0.00470359368225	0.167005642276	0.168824214487
0.00646744131309	0.0555556759493	0.056389192744
0.00705539052337	0.10299906349	0.104686014587
0.0079373143388	0.122736207229	0.125
0.00852526354908	0.0663360767056	0.0676511285952
0.0094071873645	0.0280423292969	0.0286563763501
0.012640908021	0.0389396253165	0.0400896880025
0.0138168064416	0.00890281049605	0.00919060149727
0.0141107810467	0.024097044147	0.0248928461147
0.0182264255187	0.00232581671394	0.00242550353921
0.0182264255187	0.479450282456	0.5
0.018814374729	0.0220970869121	0.0230754085303
0.018814374729	0.0230754085303	0.024097044147
0.0285155366986	0.0400896880025	0.0428102942667
0.0329251557757	0.0204837689301	0.0220970869121
0.0349829780117	0.0060283402488	0.00653402413922
0.035570927222	0.00126644487759	0.00137453948203
0.0364528510374	0.229872573347	0.25
0.0382166986683	0.0185813611719	0.0202905688905
0.0458600384019	0.0250280118075	0.0278154691643
0.056443124187	0.0163167778504	0.0185813611719
0.0579129972127	0.0340783666458	0.0389396253165
0.0652623623412	0.0286563763501	0.0333030212558
0.0679081337875	0.104686014587	0.122404335408
0.0705539052337	0.056389192744	0.0663360767056
0.0755514735211	0.001953125	0.00232424289774
0.0896622545679	0.00490383108213	0.0060283402488
0.0902502037782	0.0676969372508	0.0833334236286
0.0908381529884	0.0835593634609	0.10299906349
0.0917200768039	0.0131390064883	0.0162286578431
0.0964236704861	0.5	0.624300488595
0.104360984825	0.0432471838114	0.0549944441688
0.112886248374	0.0009765625	0.00126644487759
0.122587410344	0.25	0.331533500392
0.124057283369	0.125	0.166328739533
0.134052419944	0.168824214487	0.229872573347
0.134346394549	0.00653402413922	0.00890281049605
0.148751150201	0.00346518582828	0.00488065016888
0.149633074017	0.00919060149727	0.0129711060357
0.150514997832	0.001381067932	0.001953125
0.150514997832	0.00242550353921	0.00343018000073
0.154630642304	0.335824932797	0.479450282456
0.201372604521	0.625993138933	0.995272897281
