5359	5359
3152	3152
743	743
3450	3450
2565	2565
1680	1680
5549	5549
1449	1449
5478	5478
2276	2276
5420	5420
4056	4056
6692	6692
1466	1466
7325	7325
3725	3725
1714	1714
1287	1287
3007	3007
6528	6528
569	569
5085	5085
4200	4200
519	519
490	490
2270	2270
3105	3105
4469	4469
1602	1602
3301	3301
2903	2903
3251	3251
1502	1502
2337	2337
2308	2308
4494	4494
3151	3151
2614	2614
3093	3093
4923	4923
2187	2187
286	286
4794	4794
715	715
2058	2058
382	382
7982	7982
7118	7118
1667	1667
274	274
7018	7018
1973	1973
580	580
1567	1567
1336	1336
6150	6150
1076	1076
2398	2398
3762	3762
3691	3691
1840	1840
6398	6398
4397	4397
2546	2546
2059	2059
595	595
893	893
1859	1859
4414	4414
691	691
9744	9744
2434	2434
6850	6850
2632	2632
5218	5218
660	660
1516	1516
2838	2838
4050	4050
5851	5851
6707	6707
2578	2578
6607	6607
677	677
190	190
517	517
2347	2347
8227	8227
7263	7263
4446	4446
3561	3561
7132	7132
3582	3582
7619	7619
6226	6226
7	7
2214	2214
6243	6243
6701	6701
2512	2512
3855	3855
5148	5148
5069	5069
4184	4184
969	969
1956	1956
2479	2479
1565	1565
5602	5602
1036	1036
3693	3693
4080	4080
4936	4936
1663	1663
5671	5671
6527	6527
139	139
2427	2427
4345	4345
2692	2692
4493	4493
3608	3608
1270	1270
364	364
2440	2440
3733	3733
531	531
2688	2688
2261	2261
6588	6588
8847	8847
3425	3425
3265	3265
1183	1183
6207	6207
7063	7063
6555	6555
4814	4814
596	596
1541	1541
5489	5489
9855	9855
3946	3946
1231	1231
2524	2524
673	673
6553	6553
2872	2872
3228	3228
2162	2162
4848	4848
2133	2133
4421	4421
6141	6141
2520	2520
1542	1542
6029	6029
607	607
2785	2785
1900	1900
1015	1015
7599	7599
3470	3470
3462	3462
6635	6635
3899	3899
4205	4205
1969	1969
5998	5998
2144	2144
5796	5796
1536	1536
2879	2879
4172	4172
3177	3177
2292	2292
2750	2750
2671	2671
5734	5734
589	589
7660	7660
31	31
887	887
3175	3175
1999	1999
1622	1622
229	229
687	687
2407	2407
577	577
8287	8287
3750	3750
5022	5022
50	50
398	398
754	754
1110	1110
573	573
1408	1408
3188	3188
5518	5518
4502	4502
1766	1766
3088	3088
3915	3915
4881	4881
2014	2014
4323	4323
9237	9237
642	642
5158	5158
2930	2930
7009	7009
8679	8679
8171	8171
521	521
1683	1683
3026	3026
1654	1654
240	240
80	80
996	996
2716	2716
2797	2797
3174	3174
409	409
786	786
1244	1244
7299	7299
4186	4186
8084	8084
1769	1769
674	674
4661	4661
7347	7347
474	474
3160	3160
699	699
2042	2042
8736	8736
3314	3314
1434	1434
6756	6756
1763	1763
2111	2111
2090	2090
6090	6090
668	668
1016	1016
9590	9590
5532	5532
