0.00029397460514	0.00143539554399	0.00143636749437
0.00029397460514	0.00205206061556	0.00205345012879
0.00029397460514	0.00244032508444	0.00244197750346
0.00029397460514	0.00746609878445	0.0074711543091
0.00029397460514	0.00890281049605	0.00890883886229
0.00029397460514	0.0127966861169	0.0128053511458
0.00029397460514	0.0833334236286	0.0833898512475
0.00029397460514	0.0922391761439	0.0923016341212
0.000293974605141	0.754071608766	0.754582213797
0.000293974605141	0.100044304161	0.10011204723
0.000293974605141	0.16779884465	0.167912466398
0.000293974605141	0.200088608322	0.20022409446
0.000293974605141	0.25	0.250169282673
0.000293974605141	0.435805954192	0.43610105178
0.000293974605141	0.60639102777	0.606801633746
0.000293974605141	0.501695120815	0.50203483398
0.000293974605141	0.0010414241173	0.00104212929754
0.000293974605141	0.00118756859499	0.00118837273413
0.000293974605141	0.00204097830519	0.00204236031424
0.000293974605141	0.00262540882942	0.00262718657432
0.000293974605141	0.00262718657432	0.00262896552299
0.000293974605141	0.00262896552299	0.00263074567624
0.000293974605141	0.00374317071591	0.00374570533169
0.000293974605141	0.0178659863496	0.0178780839574
0.000293974605141	0.0185687876758	0.0185813611719
0.000293974605141	0.0435704005809	0.0435999034364
0.000293974605141	0.04790137694	0.0479338124325
0.000293974605141	0.0663809948992	0.0664259435083
0.000293974605141	0.0832770341927	0.0833334236286
0.000293974605141	0.247642035015	0.247809721038
0.000587949210281	0.199817911023	0.200088608322
0.000587949210281	0.250169282673	0.250508191977
0.000587949210281	0.665765463312	0.666667389029
0.000587949210281	0.00205345012879	0.00205623197852
0.000881923815422	0.00317329049523	0.00317974105832
0.000881923815422	0.0220522597861	0.0220970869121
0.000881923815422	0.053743219625	0.0538524671171
0.000881923815422	0.0662463314825	0.0663809948992
0.000881923815422	0.111941765559	0.112169317188
0.000881923815422	0.166666847257	0.167005642276
0.000881923815422	0.666667389029	0.668022569102
0.00117589842056	0.3324323789	0.333333694514
0.00117589842056	0.0219926317124	0.0220522597861
0.0014698730257	0.00118837273413	0.00119240160485
0.0014698730257	0.0178056209921	0.0178659863496
0.0014698730257	0.0263136123236	0.0264028218275
0.0014698730257	0.162214710565	0.16276465763
0.0014698730257	0.5	0.501695120815
0.00176384763084	0.00143636749437	0.00144221303314
0.00176384763084	0.0128053511458	0.0128574646731
0.00176384763084	0.0555556759493	0.0557817691037
0.00176384763084	0.133573259626	0.134116858441
0.00205782223598	0.333333694514	0.334916881013
0.00205782223598	0.750507034813	0.754071608766
0.00205782223598	0.00204236031424	0.00205206061556
0.00205782223598	0.167005642276	0.16779884465
0.00235179684112	0.0287146281123	0.0288705457035
0.00235179684112	0.43610105178	0.438469037366
0.00323372065655	0.00529364279271	0.00533320592658
0.00323372065655	0.668022569102	0.673015173885
0.00382166986683	0.247809721038	0.25
0.00382166986683	0.250508191977	0.252722321513
0.00411564447197	0.0664259435083	0.0670584292204
0.00440961907711	0.00464848579547	0.00469592473224
0.00470359368225	0.0264028218275	0.026690329707
0.00470359368225	0.134116858441	0.135577295277
0.00499756828739	0.280109438102	0.283351365976
0.00499756828739	0.599453083537	0.60639102777
0.00617346670795	0.0013038487043	0.00132251518256
0.00646744131309	0.00119240160485	0.00121029152783
0.00646744131309	0.0670584292204	0.0680645249257
0.00676141591823	0.00205623197852	0.00208849540906
0.00676141591823	0.00157380941834	0.00159850336891
0.00734936512852	0.0288705457035	0.0293632659071
0.00999513657478	0.130534222803	0.133573259626
0.0102891111799	0.16276465763	0.166666847257
0.0123469334159	0.00255181983044	0.00262540882942
0.012640908021	0.026690329707	0.0274786154705
0.0135228318365	0.0538524671171	0.0555556759493
0.0149927048622	0.00890883886229	0.00922175985708
0.0152866794673	0.10011204723	0.10369863076
0.0164625778879	0.0178780839574	0.0185687876758
0.016756552493	0.0211602429209	0.0219926317124
0.0179324509136	0.00374570533169	0.00390360674806
0.018814374729	0.125	0.130534222803
0.0191083493341	0.00244197750346	0.00255181983044
0.0191083493341	0.0274786154705	0.0287146281123
0.0211661715701	0.20022409446	0.210224103813
0.0220480953855	0.00922175985708	0.00970201415682
0.0241059176215	0.00159850336891	0.00168973839928
0.0279275874884	0.0009765625	0.0010414241173
0.0308673335398	0.0361944941198	0.0388606306736
0.0323372065655	0.00121029152783	0.0013038487043
0.0329251557757	0.308161345491	0.3324323789
0.0332191303809	0.10369863076	0.111941765559
0.0349829780117	0.0923016341212	0.100044304161
0.0352769526169	0.00263074567624	0.00285335506676
0.035570927222	0.00132251518256	0.00143539554399
0.0364528510374	0.283351365976	0.308161345491
0.0379227240631	0.00144221303314	0.00157380941834
0.0402745209043	0.0142218978809	0.0156038611389
0.0402745209043	0.606801633746	0.665765463312
0.0408624701145	0.0435999034364	0.04790137694
0.043802216166	0.0128574646731	0.0142218978809
0.043802216166	0.0833898512475	0.0922391761439
0.0446841399814	0.252722321513	0.280109438102
0.0461540130071	0.00285335506676	0.00317329049523
0.0470359368225	0.00970201415682	0.0108117959528
0.0470359368225	0.112169317188	0.125
0.0473299114276	0.673015173885	0.750507034813
0.0496817082688	0.0479338124325	0.053743219625
0.0496817082688	0.0388606306736	0.0435704005809
0.0514455558996	0.00533320592658	0.00600390634352
0.0520335051099	0.00469592473224	0.00529364279271
0.0558551749767	0.334916881013	0.380883547168
0.056443124187	0.0185813611719	0.0211602429209
0.0567370987921	0.00104212929754	0.00118756859499
0.0570310733973	0.438469037366	0.5
0.0573250480024	0.0156038611389	0.0178056209921
0.058500946423	0.380883547168	0.435805954192
0.0676141591823	0.00208849540906	0.00244032508444
0.0708478798389	0.00317974105832	0.00374317071591
0.071141854444	0.210224103813	0.247642035015
0.07319967668	0.0108117959528	0.0127966861169
0.0746695497057	0.0557817691037	0.0662463314825
0.0755514735211	0.167912466398	0.199817911023
0.0758454481263	0.0220970869121	0.0263136123236
0.0758454481263	0.00390360674806	0.00464848579547
0.0761394227314	0.0074711543091	0.00890281049605
0.0770213465468	0.50203483398	0.599453083537
0.0779032703623	0.135577295277	0.162214710565
0.0820189148342	0.00168973839928	0.00204097830519
0.0876044323319	0.0680645249257	0.0832770341927
0.0908381529884	0.0293632659071	0.0361944941198
0.0946598228553	0.00600390634352	0.00746609878445
0.122293435738	0.754582213797	1
