0 24.6232185949
0.0009765625 7237.49552411
0.00101497792284 8182.87775732
0.00101566519555 8663.37343018
0.00101979861565 10339.7127754
0.0010780039091 11810.2190318
0.00107873385864 11449.3467512
0.00107946430244 11277.1163465
0.00116212144887 12038.30073
0.00116448377205 13173.679616
0.00117398118306 12602.6446154
0.00118837273413 12497.6606501
0.00119320901657 14057.163841
0.00123344924117 15233.0193143
0.0012351202194 15604.4847982
0.00127159888773 15394.2170351
0.0013754702249 17253.5942968
0.0014074932804 16805.8437972
0.00147379338632 17829.4479586
0.00156425073797 18975.4553092
0.00156955392594 18734.0499496
0.00157061671908 20262.8397447
0.00169776390365 19519.4642992
0.0016989135117 19562.0226325
0.00171392944613 22170.0617225
0.00171509000036 21318.5057016
0.00187031890761 21940.3225931
0.00212989791536 24028.2330943
0.00228678914498 24021.6852548
0.0022883376001 24495.5764597
0.00228988710373 24787.995829
0.00229143765657 24497.475711
0.00232267014649 24916.610143
0.00259361433921 25730.6855077
0.00259537055509 26069.1400723
0.00260064634106 25955.418107
0.00260240731852 26301.72774
0.00284949479947 27360.308062
0.00299586327703 27540.9425982
0.00343250268089 28874.874421
0.00343482693381 28488.7450936
0.00390889504177 29587.6856202
0.00391419049964 30181.573153
0.00393810897703 30714.1400482
0.00421390936624 30459.0166393
0.00466740358918 31142.6732081
0.0048575788342 31714.3012312
0.0056835798507 32538.9534738
0.00583561961694 33236.8372737
0.00583957109409 32761.0116895
0.00586333620948 33072.5335259
0.00646801644625 34087.9540911
0.00673155838963 33986.5570143
0.00712058228443 34312.7807193
0.00712540384925 34386.4211729
0.00794583231144 35088.2070209
0.00796737564833 35381.1870428
0.00797816921061 35554.2588423
0.00820268817032 35690.636935
0.00838797956763 35807.6732406
0.00875934715001 35767.4882305
0.00877715286979 35769.4340818
0.00893299317482 36220.7911095
0.00910391703119 36102.560879
0.0102141909839 37078.2714237
0.0104661525317 37121.9822691
0.0113825590188 37931.5877603
0.011413420267 37805.5810346
0.0115377042652 37631.4897592
0.0121879691404 37919.3719569
0.0122458565622 37791.3404188
0.0127275766343 38471.0296398
0.013076897055 38861.2551239
0.0146617703616 39208.9664205
0.0146816329536 39132.5488343
0.0152901884701 39674.7520781
0.0164609945305 39651.9131758
0.0164721407751 39683.9746997
0.0170391833229 39817.5063708
0.0203731447686 40705.7428154
0.0219183233003 40844.1656476
0.0236606384322 41067.3257014
0.0236766597767 40977.4759111
0.0239669062163 41026.4049782
0.0261537941101 41268.8279034
0.0262424617917 41256.3642464
0.0333030212558 41620.847425
0.0333481375212 41876.8065034
0.0359016836457 41920.506708
0.0359503203707 41946.2097174
0.035974663436 41546.9925042
0.0366630025051 41792.1777971
0.0416667118143 42191.5748167
0.044313996385 41993.7915332
0.0497520036208 42198.2099038
0.0497856922294 42223.3582333
0.0539984759676 42187.5894244
0.0546974424651 42374.5751616
0.0597287902756 42372.2295112
0.0597692344728 42509.4957242
0.0598097060559 42196.3417008
0.0598502050437 42412.7003645
0.0666060425116 42440.6313237
0.0666962750423 42472.5141364
0.0712707108983 42352.4241699
0.0718519875552 42543.0696821
0.0719006407414 42561.0129655
0.0831643697667 42535.1231403
0.0833334236286 42680.1004948
0.0834463170752 42346.8992074
0.0908757428564 42375.6149054
0.0910604721501 42584.3388548
0.0911838335831 42423.3867984
0.099976606932 42481.1054765
0.100044304161 42465.3011576
0.10058753484 42582.3457148
0.100655645747 42143.223938
0.108070079986 42480.9349532
0.111111351899 42354.7530327
0.111186588805 42014.7908385
0.111261876657 42231.8744268
0.124746419482 42164.0107753
0.125 41804.6086824
0.137891130049 41820.4882343
0.139015756057 41758.460448
0.139109887892 41520.9463935
0.139204083467 41908.0508209
0.143121518054 41763.5134373
0.143801281483 41551.5035611
0.165766750196 41235.408728
0.166554068385 41521.21303
0.166666847257 40825.2090953
0.167231888141 40530.467955
0.168481730232 40788.1522043
0.185354542249 40350.3024336
0.185731325014 40641.5022177
0.186487189836 40304.5475703
0.186613466036 40659.1174257
0.200088608322 39479.6255927
0.20022409446 39511.797748
0.211365599909 39290.3962357
0.214391603893 39422.4136401
0.214827412265 39987.5690343
0.222523753314 39130.8802462
0.223278162607 39302.3633202
0.22373203529 39501.8707054
0.249492838964 39054.2680477
0.249830831876 38799.2150438
0.25 37691.0966202
0.250169282673 37985.1101692
0.250338679973 37744.1656176
0.272258099703 37523.258974
0.285855781594 37064.7331253
0.290537617604 37019.0079064
0.3317579919 36610.048893
0.333333694514 34794.3803987
0.33355940499 34886.5479718
0.34668076239 34704.9213645
0.346915510575 34886.9251093
0.352836156578 34681.3059488
0.353314150738 34703.9412651
0.387646219421 34413.6430696
0.400177216645 33440.8801946
0.400448188921 33543.895394
0.402622582987 33812.8278111
0.429945757 33617.3014291
0.430236886468 33243.3597449
0.431403377004 33555.4909646
0.431695493472 33550.3252604
0.43198780774 33425.4287685
0.5 26985.8419011
0.500338565347 26086.4002672
0.500677359946 26758.94268
0.50441927571 26357.5786274
0.567854707079 26537.6672488
0.648419777326 25831.8623889
0.666667389029 23471.1957626
0.66711880998 23967.8278394
0.669833762027 24019.1736519
0.746453864146 24031.7129376
0.756628093726 22873.2423882
0.758679520599 22708.8646971
0.76590341433 22623.4045652
0.767979989148 22829.0519913
0.770062194131 23154.8167806
1 0.0
