4991	4991
4073	4073
5246	5246
1448	1448
1663	1663
6423	6423
4269	4269
882	882
4971	4971
3697	3697
5987	5987
4713	4713
7867	7867
939	939
3046	3046
4896	4896
6029	6029
4178	4178
3060	3060
4193	4193
5944	5944
1208	1208
6043	6043
390	390
2110	2110
2125	2125
2958	2958
2271	2271
5380	5380
1808	1808
2254	2254
749	749
61	61
1681	1681
1937	1937
4589	4589
1951	1951
3084	3084
1620	1620
1032	1032
3585	3585
2080	2080
2436	2436
2997	2997
4270	4270
4170	4170
1632	1632
689	689
1275	1275
2564	2564
3481	3481
1545	1545
1429	1429
6179	6179
1187	1187
5045	5045
1112	1112
178	178
1929	1929
2144	2144
6102	6102
1700	1700
3474	3474
364	364
2455	2455
1296	1296
147	147
2915	2915
5237	5237
4750	4750
1062	1062
630	630
43	43
2496	2496
3513	3513
2826	2826
6297	6297
6452	6452
1345	1345
4460	4460
557	557
1490	1490
772	772
1489	1489
5877	5877
1256	1256
6147	6147
3377	3377
1170	1170
5905	5905
1871	1871
1068	1068
2703	2703
2603	2603
1529	1529
2948	2948
179	179
2345	2345
7923	7923
37	37
764	764
5167	5167
1109	1109
662	662
2758	2758
4277	4277
475	475
2541	2541
6012	6012
3574	3574
143	143
1175	1175
