3	7985
3	9741
59	3953
67	7945
81	9958
125	1781
126	10000
141	1434
141	9118
141	9562
150	7939
161	10000
169	5826
179	9518
186	8297
188	6887
188	9623
238	9623
238	9741
252	7508
283	3430
283	8546
295	5700
297	5820
297	9165
360	3552
372	1079
399	1650
399	4014
399	9176
433	5441
439	5420
439	9793
453	8813
484	6381
484	8392
531	2323
540	2839
540	9465
548	2154
548	7611
548	9165
561	1196
567	7001
569	10000
612	8724
612	9863
657	2426
657	9211
673	3295
673	9175
718	7497
732	8641
734	2058
746	6477
770	6496
791	7668
799	4965
816	5905
824	4934
824	8403
866	6189
908	7158
914	5544
990	8641
1067	1300
1075	3864
1075	9487
1079	372
1079	8981
1079	9861
1099	4232
1099	6101
1171	1205
1171	5579
1196	561
1205	1171
1205	6072
1217	6101
1217	7158
1238	3447
1282	9801
1289	8718
1300	1067
1305	6887
1316	9502
1316	9942
1365	5091
1365	5922
1366	4317
1374	5995
1376	7497
1376	9682
1405	7180
1428	7102
1434	141
1434	8965
1453	6760
1494	7562
1500	5062
1500	9353
1548	6669
1566	9558
1570	8184
1575	5298
1575	7005
1589	4446
1589	9520
1619	6738
1630	9562
1650	399
1670	6284
1670	8687
1670	9756
1672	5420
1687	3092
1711	2211
1711	3577
1711	9178
1741	8298
1754	6394
1764	2425
1764	9605
1772	7578
1775	5982
1776	3359
1781	125
1781	3217
1783	6939
1784	8103
1799	5026
1799	5721
1806	7528
1819	5544
1819	6786
1819	7768
1846	4934
1846	6563
1918	9922
1920	8687
1961	7590
1976	8103
1977	9963
1988	3867
2031	6468
2031	8310
2041	6121
2058	734
2060	5618
2060	9949
2101	8007
2139	8038
2154	548
2156	5475
2162	7035
2190	6394
2193	9562
2195	6780
2196	6012
2209	9863
2211	1711
2211	6218
2211	9562
2211	9933
2257	7704
2265	4292
2265	8641
2265	8964
2288	8657
2294	9741
2297	3956
2297	7370
2323	531
2323	9000
2346	6398
2346	9925
2407	4318
2407	7939
2425	1764
2426	657
2452	7222
2465	9861
2524	9520
2529	6812
2543	5333
2573	7291
2574	8027
2586	9847
2592	6610
2608	8531
2627	4036
2632	6812
2659	8674
2673	7063
2673	7185
2678	4087
2679	6953
2689	8183
2719	6224
2748	8982
2788	4963
2788	6699
2839	540
2851	6703
2986	9465
2986	9558
3006	9000
3015	5922
3020	8309
3022	5201
3023	5329
3067	5039
3067	8362
3079	9852
3090	5458
3090	6198
3092	1687
3092	9465
3092	9861
3100	8145
3119	7162
3119	7353
3125	9279
3146	8253
3146	8763
3149	8729
3155	9110
3160	3244
3176	9289
3187	8744
3190	4838
3190	9304
3205	9163
3217	1781
3226	8852
3244	3160
3244	9861
3257	4449
3262	8313
3262	8813
3295	673
3345	3776
3345	9933
3359	1776
3384	5458
3384	7354
3385	4965
3403	4995
3421	9279
3422	6563
3430	283
3430	8313
3447	1238
3447	9714
3504	5860
3524	9995
3525	8007
3525	8216
3525	8813
3531	8662
3544	9175
3552	360
3552	8041
3552	9852
3566	9290
3566	9755
3577	1711
3610	5420
3628	6946
3629	5150
3629	7417
3629	9279
3655	9716
3675	5570
3675	8134
3680	9958
3711	8310
3711	9623
3711	9793
3713	7185
3739	7068
3739	8362
3748	3804
3767	9649
3767	9958
3770	8108
3776	3345
3777	7531
3777	8113
3804	3748
3833	8297
3839	5045
3842	4774
3861	9562
3861	9861
3864	1075
3864	6471
3866	5820
3866	6564
3867	1988
3873	9925
3879	9847
3903	5014
3906	7975
3914	9998
3936	6496
3951	9942
3952	9995
3953	59
3956	2297
3971	9819
3971	9922
3991	9819
3991	9922
4004	4566
4004	5754
4014	399
4030	7497
4030	8220
4036	2627
4087	2678
4114	6398
4114	9652
4117	5136
4145	5025
4145	8184
4162	9194
4163	8309
4188	4808
4193	5972
4194	5930
4194	9710
4211	7459
4220	5183
4220	9463
4232	1099
4232	9502
4232	9942
4233	6903
4242	9499
4268	9713
4271	5762
4271	9515
4277	9867
4282	8657
4292	2265
4292	7291
4292	9819
4292	9922
4293	9354
4294	9714
4296	9685
4296	9710
4317	1366
4318	2407
4318	9713
4332	7578
4332	8856
4347	8614
4347	9354
4349	8729
4399	9097
4414	7393
4417	7755
4446	1589
4449	3257
4449	7804
4449	9649
4477	8313
4508	9502
4566	4004
4566	5760
4566	7886
4570	7667
4625	8145
4652	5683
4668	5483
4668	6765
4698	8140
4703	9755
4744	4944
4774	3842
4806	9970
4808	4188
4808	9354
4830	6526
4834	8981
4838	3190
4838	6833
4838	9791
4855	6520
4855	9706
4858	6506
4892	5201
4892	8473
4920	7668
4920	9238
4927	9583
4929	6072
4934	824
4934	1846
4934	4972
4934	7605
4944	4744
4954	9038
4963	2788
4965	799
4965	3385
4972	4934
4972	9713
4991	8531
4992	9933
4995	3403
4995	7759
5003	8813
5011	5674
5011	7755
5011	9793
5014	3903
5014	8473
5025	4145
5025	7975
5026	1799
5037	5995
5039	3067
5045	3839
5045	8027
5062	1500
5062	8428
5062	9279
5091	1365
5091	9218
5094	6533
5136	4117
5136	8103
5140	6819
5140	6900
5140	8806
5140	9942
5150	3629
5183	4220
5183	8312
5183	8937
5201	3022
5201	4892
5201	8596
5232	7389
5271	7939
5282	6819
5282	8844
5287	10000
5298	1575
5298	5752
5298	6034
5302	6055
5320	5978
5320	6587
5320	8297
5329	3023
5329	7291
5329	9819
5329	9922
5333	2543
5333	8744
5337	5901
5337	8531
5347	8220
5347	8369
5347	9353
5352	6862
5352	9714
5361	9238
5373	9522
5389	6587
5389	9714
5420	439
5420	1672
5420	3610
5420	9097
5422	9463
5430	9291
5430	9861
5441	433
5458	3090
5458	3384
5475	2156
5476	5909
5476	9304
5483	4668
5483	6394
5483	6796
5483	8729
5496	8313
5499	7035
5503	9622
5543	9998
5544	914
5544	1819
5565	7667
5570	3675
5570	5674
5579	1171
5615	9163
5616	7068
5616	8369
5616	9626
5618	2060
5618	7985
5674	5011
5674	5570
5674	6848
5674	8982
5675	8064
5681	9842
5683	4652
5683	6061
5683	8310
5683	9623
5700	295
5700	9487
5721	1799
5733	8662
5733	9622
5749	5982
5752	5298
5754	4004
5754	7705
5760	4566
5762	4271
5818	6446
5820	297
5820	3866
5826	169
5828	7299
5860	3504
5901	5337
5901	6309
5905	816
5905	7246
5905	8216
5909	5476
5922	1365
5922	3015
5930	4194
5930	8852
5949	9970
5957	6426
5957	7319
5957	8201
5957	8917
5972	4193
5972	7276
5975	6101
5975	9685
5978	5320
5982	1775
5982	5749
5982	6121
5992	6703
5992	6812
5992	8113
5992	9502
5995	1374
5995	5037
6010	6567
6010	6954
6012	2196
6012	8212
6012	8718
6034	5298
6034	9605
6053	8313
6055	5302
6055	9079
6061	5683
6061	8310
6061	9623
6072	1205
6072	4929
6078	6176
6101	1099
6101	1217
6101	5975
6121	2041
6121	5982
6130	8183
6130	8632
6130	8851
6131	8473
6131	9863
6144	9012
6176	6078
6189	866
6196	8596
6198	3090
6198	8147
6218	2211
6218	9225
6220	8538
6220	9925
6224	2719
6283	6848
6283	8475
6284	1670
6284	6477
6284	7124
6288	9713
6295	8369
6295	9626
6299	9576
6309	5901
6309	9576
6309	9852
6332	6446
6332	9623
6379	9114
6381	484
6381	8674
6387	8827
6394	1754
6394	2190
6394	5483
6397	6768
6398	2346
6398	4114
6405	8064
6405	9964
6426	5957
6446	5818
6446	6332
6446	9793
6468	2031
6468	9118
6471	3864
6471	7185
6471	8937
6477	746
6477	6284
6496	770
6496	3936
6506	4858
6508	8298
6520	4855
6520	8662
6520	9165
6526	4830
6526	8813
6533	5094
6533	9496
6540	9861
6560	7562
6560	8309
6560	9114
6563	1846
6563	3422
6563	7068
6563	9933
6563	9958
6563	10000
6564	3866
6564	8721
6567	6010
6587	5320
6587	5389
6587	8743
6601	9493
6601	9622
6602	7354
6610	2592
6614	6833
6653	9793
6669	1548
6671	7005
6671	8372
6680	9942
6699	2788
6699	9741
6703	2851
6703	5992
6703	7590
6719	7667
6719	8147
6719	9682
6738	1619
6752	9114
6752	9289
6760	1453
6760	8253
6765	4668
6768	6397
6777	8662
6777	8905
6780	2195
6780	6887
6780	8834
6782	7945
6786	1819
6796	5483
6812	2529
6812	2632
6812	5992
6819	5140
6819	5282
6822	8845
6822	9949
6833	4838
6833	6614
6848	5674
6848	6283
6848	8473
6854	9238
6854	9714
6862	5352
6880	8377
6880	8662
6887	188
6887	1305
6887	6780
6900	5140
6903	4233
6909	8729
6919	9562
6939	1783
6946	3628
6946	9000
6953	2679
6954	6010
7001	567
7005	1575
7005	6671
7005	10000
7035	2162
7035	5499
7063	2673
7068	3739
7068	5616
7068	6563
7068	9626
7084	7829
7084	9716
7102	1428
7102	8430
7124	6284
7152	9522
7158	908
7158	1217
7158	7355
7158	8596
7158	8773
7162	3119
7162	9964
7180	1405
7185	2673
7185	3713
7185	6471
7191	8038
7191	8827
7191	9576
7222	2452
7234	7425
7234	8538
7234	9599
7234	9793
7246	5905
7246	8563
7257	8773
7260	8657
7276	5972
7291	2573
7291	4292
7291	5329
7291	9819
7291	9922
7294	8212
7294	9756
7299	5828
7319	5957
7319	8540
7329	9499
7329	9793
7329	9887
7344	7417
7344	8852
7351	9828
7353	3119
7354	3384
7354	6602
7354	8145
7355	7158
7355	8674
7361	9828
7370	2297
7389	5232
7393	4414
7417	3629
7417	7344
7425	7234
7425	9793
7425	9867
7459	4211
7497	718
7497	1376
7497	4030
7497	8729
7508	252
7528	1806
7528	8937
7528	10000
7531	3777
7531	8721
7531	8851
7562	1494
7562	6560
7562	9493
7563	8721
7578	1772
7578	4332
7578	8856
7590	1961
7590	6703
7605	4934
7605	8403
7605	9178
7605	9520
7611	548
7622	8404
7667	4570
7667	5565
7667	6719
7668	791
7668	4920
7693	8540
7704	2257
7705	5754
7705	9163
7705	9271
7755	4417
7755	5011
7759	4995
7768	1819
7768	9562
7777	9793
7784	8964
7789	8540
7793	8097
7804	4449
7804	9518
7811	9097
7812	8064
7829	7084
7829	8845
7858	9998
7886	4566
7933	8527
7933	9908
7939	150
7939	2407
7939	5271
7945	67
7945	6782
7945	8108
7975	3906
7975	5025
7985	3
7985	5618
7985	9176
8007	2101
8007	3525
8007	8216
8007	8743
8007	9970
8020	9583
8020	9791
8020	9887
8026	8801
8027	2574
8027	5045
8027	9649
8038	2139
8038	7191
8038	8827
8041	3552
8041	8372
8064	5675
8064	6405
8064	7812
8064	8263
8088	9828
8097	7793
8097	8981
8103	1784
8103	1976
8103	5136
8103	9649
8108	3770
8108	7945
8108	9755
8113	3777
8113	5992
8133	8965
8134	3675
8134	9238
8140	4698
8140	9271
8145	3100
8145	4625
8145	7354
8147	6198
8147	6719
8177	9290
8177	9562
8183	2689
8183	6130
8183	8632
8183	8851
8183	9819
8184	1570
8184	4145
8184	8619
8201	5957
8212	6012
8212	7294
8212	9706
8216	3525
8216	5905
8216	8007
8220	4030
8220	5347
8253	3146
8253	6760
8263	8064
8297	186
8297	3833
8297	5320
8298	1741
8298	6508
8301	9522
8309	3020
8309	4163
8309	6560
8309	9114
8310	2031
8310	3711
8310	5683
8310	6061
8310	9623
8312	5183
8313	3262
8313	3430
8313	4477
8313	5496
8313	6053
8340	9354
8340	9562
8340	9599
8362	3067
8362	3739
8369	5347
8369	5616
8369	6295
8369	9626
8372	6671
8372	8041
8377	6880
8392	484
8392	8636
8403	824
8403	7605
8404	7622
8404	9496
8404	9741
8428	5062
8430	7102
8473	4892
8473	5014
8473	6131
8473	6848
8473	9218
8473	9463
8473	9576
8475	6283
8475	8763
8475	8773
8498	9118
8498	9963
8527	7933
8527	9908
8531	2608
8531	4991
8531	5337
8531	8540
8531	9947
8538	6220
8538	7234
8538	9741
8538	9925
8540	7319
8540	7693
8540	7789
8540	8531
8546	283
8559	9626
8563	7246
8563	8905
8596	5201
8596	6196
8596	7158
8596	9515
8614	4347
8614	9354
8614	9380
8619	8184
8619	9558
8632	6130
8632	8183
8632	8851
8636	8392
8636	8981
8636	9685
8641	732
8641	990
8641	2265
8657	2288
8657	4282
8657	7260
8657	9828
8662	3531
8662	5733
8662	6520
8662	6777
8662	6880
8674	2659
8674	6381
8674	7355
8674	9380
8687	1670
8687	1920
8687	9522
8687	9716
8687	9756
8718	1289
8718	6012
8718	9842
8721	6564
8721	7531
8721	7563
8724	612
8724	8834
8729	3149
8729	4349
8729	5483
8729	6909
8729	7497
8743	6587
8743	8007
8743	8940
8743	9178
8744	3187
8744	5333
8763	3146
8763	8475
8763	9793
8773	7158
8773	7257
8773	8475
8801	8026
8806	5140
8813	453
8813	3262
8813	3525
8813	5003
8813	6526
8827	6387
8827	7191
8827	8038
8834	6780
8834	8724
8834	9515
8844	5282
8845	6822
8845	7829
8851	6130
8851	7531
8851	8183
8851	8632
8851	9562
8852	3226
8852	5930
8852	7344
8856	4332
8856	7578
8905	6777
8905	8563
8917	5957
8937	5183
8937	6471
8937	7528
8940	8743
8940	9178
8940	9397
8964	2265
8964	7784
8964	9163
8964	9755
8965	1434
8965	8133
8965	9998
8981	1079
8981	4834
8981	8097
8981	8636
8981	9887
8982	2748
8982	5674
9000	2323
9000	3006
9000	6946
9012	6144
9012	9079
9038	4954
9079	6055
9079	9012
9097	4399
9097	5420
9097	7811
9110	3155
9110	9163
9110	9380
9114	6379
9114	6560
9114	6752
9114	8309
9118	141
9118	6468
9118	8498
9118	9828
9163	3205
9163	5615
9163	7705
9163	8964
9163	9110
9163	9354
9163	9499
9163	9755
9165	297
9165	548
9165	6520
9165	9756
9175	673
9175	3544
9175	9463
9176	399
9176	7985
9176	9225
9178	1711
9178	7605
9178	8743
9178	8940
9194	4162
9194	9710
9194	9887
9211	657
9211	9908
9218	5091
9218	8473
9225	6218
9225	9176
9238	4920
9238	5361
9238	6854
9238	8134
9271	7705
9271	8140
9279	3125
9279	3421
9279	3629
9279	5062
9279	9599
9289	3176
9289	6752
9289	9522
9290	3566
9290	8177
9290	9562
9291	5430
9291	9861
9304	3190
9304	5476
9304	9819
9353	1500
9353	5347
9354	4293
9354	4347
9354	4808
9354	8340
9354	8614
9354	9163
9380	8614
9380	8674
9380	9110
9397	8940
9425	9887
9427	9863
9427	9947
9463	4220
9463	5422
9463	8473
9463	9175
9465	540
9465	2986
9465	3092
9465	9558
9465	9756
9487	1075
9487	5700
9487	9964
9493	6601
9493	7562
9496	6533
9496	8404
9496	9583
9499	4242
9499	7329
9499	9163
9502	1316
9502	4232
9502	4508
9502	5992
9502	9942
9515	4271
9515	8596
9515	8834
9518	179
9518	7804
9518	9741
9520	1589
9520	2524
9520	7605
9522	5373
9522	7152
9522	8301
9522	8687
9522	9289
9558	1566
9558	2986
9558	8619
9558	9465
9562	141
9562	1630
9562	2193
9562	2211
9562	3861
9562	6919
9562	7768
9562	8177
9562	8340
9562	8851
9562	9290
9576	6299
9576	6309
9576	7191
9576	8473
9583	4927
9583	8020
9583	9496
9583	9791
9599	7234
9599	8340
9599	9279
9605	1764
9605	6034
9622	5503
9622	5733
9622	6601
9622	9908
9623	188
9623	238
9623	3711
9623	5683
9623	6061
9623	6332
9623	8310
9626	5616
9626	6295
9626	7068
9626	8369
9626	8559
9649	3767
9649	4449
9649	8027
9649	8103
9649	9947
9652	4114
9682	1376
9682	6719
9682	9922
9685	4296
9685	5975
9685	8636
9685	9925
9706	4855
9706	8212
9710	4194
9710	4296
9710	9194
9713	4268
9713	4318
9713	4972
9713	6288
9714	3447
9714	4294
9714	5352
9714	5389
9714	6854
9716	3655
9716	7084
9716	8687
9741	3
9741	238
9741	2294
9741	6699
9741	8404
9741	8538
9741	9518
9755	3566
9755	4703
9755	8108
9755	8964
9755	9163
9756	1670
9756	7294
9756	8687
9756	9165
9756	9465
9791	4838
9791	8020
9791	9583
9793	439
9793	3711
9793	5011
9793	6446
9793	6653
9793	7234
9793	7329
9793	7425
9793	7777
9793	8763
9801	1282
9819	3971
9819	3991
9819	4292
9819	5329
9819	7291
9819	8183
9819	9304
9819	9922
9828	7351
9828	7361
9828	8088
9828	8657
9828	9118
9842	5681
9842	8718
9847	2586
9847	3879
9852	3079
9852	3552
9852	6309
9861	1079
9861	2465
9861	3092
9861	3244
9861	3861
9861	5430
9861	6540
9861	9291
9863	612
9863	2209
9863	6131
9863	9427
9867	4277
9867	7425
9867	10000
9887	7329
9887	8020
9887	8981
9887	9194
9887	9425
9908	7933
9908	8527
9908	9211
9908	9622
9922	1918
9922	3971
9922	3991
9922	4292
9922	5329
9922	7291
9922	9682
9922	9819
9925	2346
9925	3873
9925	6220
9925	8538
9925	9685
9933	2211
9933	3345
9933	4992
9933	6563
9942	1316
9942	3951
9942	4232
9942	5140
9942	6680
9942	9502
9947	8531
9947	9427
9947	9649
9949	2060
9949	6822
9958	81
9958	3680
9958	3767
9958	6563
9963	1977
9963	8498
9964	6405
9964	7162
9964	9487
9970	4806
9970	5949
9970	8007
9995	3524
9995	3952
9998	3914
9998	5543
9998	7858
9998	8965
10000	126
10000	161
10000	569
10000	5287
10000	6563
10000	7005
10000	7528
10000	9867
