4008	4008
764	764
6115	6115
206	206
7052	7052
6057	6057
1957	1957
5020	5020
77	77
4614	4614
354	354
4006	4006
5747	5747
2155	2155
6205	6205
1291	1291
2301	2301
2599	2599
3565	3565
850	850
800	800
750	750
1006	1006
2370	2370
3663	3663
1631	1631
1254	1254
5152	5152
5233	5233
565	565
2416	2416
2874	2874
515	515
109	109
923	923
407	407
357	357
5250	5250
4823	4823
634	634
257	257
382	382
3874	3874
1646	1646
6997	6997
9683	9683
2910	2910
501	501
14	14
1467	1467
2810	2810
4509	4509
5365	5365
4857	4857
3595	3595
401	401
4430	4430
3943	3943
1694	1694
2369	2369
2725	2725
2348	2348
2675	2675
1790	1790
4497	4497
3481	3481
389	389
7112	7112
2088	2088
4674	4674
1938	1938
6315	6315
5917	5917
7739	7739
7456	7456
2034	2034
1657	1657
154	154
4104	4104
8599	8599
1347	1347
5805	5805
760	760
1595	1595
2938	2938
479	479
5343	5343
1743	1743
300	300
5672	5672
2347	2347
2805	2805
2247	2247
6805	6805
1333	1333
2676	2676
3053	3053
3003	3003
1987	1987
2285	2285
4065	4065
7	7
871	871
2562	2562
2920	2920
4213	4213
1448	1448
3626	3626
788	788
1796	1796
5702	5702
5652	5652
628	628
1167	1167
1921	1921
5552	5552
1952	1952
1465	1465
2300	2300
3970	3970
2221	2221
7572	7572
647	647
2448	2448
1563	1563
903	903
416	416
6783	6783
2544	2544
5340	5340
2036	2036
1151	1151
7031	7031
7010	7010
2067	2067
4622	4622
1509	1509
4166	4166
4464	4464
7637	7637
4918	4918
1703	1703
5732	5732
8439	8439
629	629
6111	6111
2409	2409
4608	4608
906	906
3440	3440
6236	6236
6634	6634
3898	3898
298	298
3471	3471
1510	1510
1112	1112
1104	1104
5520	5520
1818	1818
3161	3161
1310	1310
6732	6732
8025	8025
819	819
1277	1277
1735	1735
7484	7484
711	711
690	690
5991	5991
82	82
917	917
6818	6818
1396	1396
4540	4540
5354	5354
2660	2660
4003	4003
1542	1542
4338	4338
8040	8040
149	149
1492	1492
1413	1413
2756	2756
2714	2714
2248	2248
6743	6743
855	855
3541	3541
784	784
4326	4326
2119	2119
7122	7122
2912	2912
4255	4255
5598	5598
7449	7449
2883	2883
676	676
3341	3341
7747	7747
495	495
822	822
1259	1259
7008	7008
3387	3387
185	185
999	999
1965	1965
412	412
6750	6750
8022	8022
1168	1168
262	262
1605	1605
4291	4291
1424	1424
2636	2636
408	408
2717	2717
4916	4916
1193	1193
5222	5222
4358	4358
7908	7908
6646	6646
3423	3423
8266	8266
3700	3700
4833	4833
377	377
4283	4283
9168	9168
2861	2861
2374	2374
4531	4531
1389	1389
2245	2245
852	852
1158	1158
5716	5716
1150	1150
4192	4192
113	113
2930	2930
2443	2443
340	340
4390	4390
5125	5125
8756	8756
1504	1504
4567	4567
4059	4059
3174	3174
7174	7174
6776	6776
6108	6108
1848	1848
963	963
3649	3649
4971	4971
782	782
7149	7149
7099	7099
3905	3905
5248	5248
2533	2533
2025	2025
6075	6075
4711	4711
1946	1946
5009	5009
66	66
1338	1338
322	322
4270	4270
4657	4657
7843	7843
1863	1863
12	12
978	978
4418	4418
6727	6727
3614	3614
2925	2925
6548	6548
7760	7760
