0 49.1292665803
0.0009765625 6231.5578792
0.0010904805002 7588.83441892
0.00109121889802 6898.03099322
0.00111134574981 6543.45164731
0.00111209827613 7158.29803867
0.00124014674858 7851.48772691
0.00124519373407 8005.69094781
0.00126644487759 8147.06843196
0.00144123712725 8527.00166509
0.00144221303314 8706.69707678
0.00157807644855 9686.03070548
0.00159310236695 9159.05709449
0.00192555785686 10894.9658646
0.00192686171119 10364.3213512
0.0020927408355 10934.0146731
0.00210410421129 11095.6694338
0.00210552896483 10670.8045517
0.00210695468312 10884.200123
0.00212989791536 10911.317974
0.0023543283379 11643.2655072
0.00240425342171 11381.9173802
0.0024058814155 11769.2978077
0.00241403793483 11659.6469412
0.00281308173681 12373.8003027
0.00286884850261 12362.6306728
0.00357962317105 13510.0064747
0.00358204704377 13570.6036804
0.00420536084368 13999.2932653
0.00421390936624 13812.5586386
0.00442137536822 14258.7325286
0.00442436921718 13845.4679861
0.00572605725979 15078.1522658
0.00572993454891 14715.0286206
0.00657395165645 15374.9998084
0.0065784030809 15249.4270647
0.00677727897939 15076.8948584
0.00748127563046 15505.787062
0.0082416472836 15909.3234208
0.00872384400159 15932.8464738
0.0087830961494 16041.941332
0.00878904345338 16177.3618575
0.00907930055014 16116.4601112
0.0106591941856 16477.2642527
0.0115689861549 16817.214842
0.0120322217833 16846.1435259
0.0141834426667 17119.1808045
0.0142894455579 17349.9756854
0.0174122928531 17836.5532199
0.0179751601853 17889.3828803
0.017987331718 17988.386111
0.0183812029945 17886.3448169
0.0194040283136 18113.0717199
0.0214486588295 18127.2105806
0.0245082972151 18476.1809758
0.0245414990929 18378.5775133
0.0251639114367 18652.7888632
0.0289684238294 18758.258458
0.0309552543769 18679.0107659
0.031060200169 18816.2951245
0.0310812319839 18748.1665628
0.0332579660276 18820.9262835
0.0336656673806 18901.7811328
0.0380021950396 18981.7351745
0.0380794446821 18934.4346822
0.0383900167533 18962.6767446
0.041610341457 18868.557333
0.0417231585376 19108.3839138
0.0417514105689 19215.7978504
0.0481614766799 19051.0974251
0.048194088294 19147.4155932
0.0555556759493 19219.5362139
0.0556309383286 19355.2536379
0.0570804542046 19262.214262
0.0665609720345 19429.3204769
0.0666962750423 19348.1955118
0.0829394979751 19346.3375727
0.0833334236286 19301.3094365
0.0833898512475 19255.2817006
0.0837292202533 19350.8172601
0.0903849614537 19431.9880537
0.0913073621363 19326.8279964
0.0996388072995 19216.1742311
0.0998413498693 19254.1846154
0.10017983617 19522.1322632
0.111111351899 19385.5627986
0.111488046229 19195.3704084
0.125 19239.4854199
0.149154851809 19037.8807484
0.149356914854 19065.6269882
0.154393882992 18904.7265823
0.155232226509 18945.2770047
0.166666847257 18586.83513
0.168253793471 18694.1890167
0.199142768918 18652.1735033
0.216140159972 18283.1042302
0.216579522753 18426.6216115
0.25 17792.7072938
0.255647276645 17819.486089
0.258256219755 17690.7558708
0.280868891833 17715.9977615
0.333333694514 16671.4830006
0.33355940499 16685.1880659
0.334237453844 16697.6978734
0.334463776282 16680.9597429
0.354032356404 16613.1122584
0.362274772411 16833.9225239
0.385552706352 16330.0728123
0.49763644864 16338.449576
0.5 13188.3179266
0.59500618182 12887.0481147
0.60762367999 13081.5750984
0.665765463312 12784.9413502
0.666667389029 12163.6785786
0.676211696033 11832.6980635
1 0.0
