0 565.3991472
0.0009765625 2443.58738605
0.00139044811363 2918.40857594
0.00146385094438 3189.94123986
0.00147379338632 2928.30671783
0.00243372658228 3664.98410838
0.00243537453325 3742.17753075
0.00247693794006 3752.12829883
0.00247861515077 3799.7085251
0.00367289358447 4156.55898611
0.00367538061344 4196.35046427
0.0036828518092 4179.92581592
0.00415162146927 4229.32584091
0.00416287765697 4311.94043461
0.00425979583072 4335.81104022
0.00506920970515 4670.1751402
0.00507951423195 4450.24110258
0.00509328619216 4423.21059268
0.00540955847586 4551.93565575
0.00545737113662 4559.8170657
0.00815838892521 4772.33671643
0.0083766315782 4944.16091114
0.0101247032734 4993.27155484
0.0101315590207 4910.27126141
0.0127620845953 5193.07263428
0.0149423086182 5288.96129751
0.014952426514 5273.5276751
0.0149625512609 5320.26440441
0.0178780839574 5425.7497098
0.0178901897567 5396.66807531
0.0179144259527 5413.37814359
0.0179386949819 5377.81954696
0.017987331718 5472.61122896
0.0212751409475 5537.94364865
0.0213761883857 5540.36071143
0.021390662859 5477.64305016
0.0261892251752 5682.34821411
0.0312711603342 5742.53971186
0.0312923349966 5688.57466641
0.0313347273453 5682.75265694
0.0315902901891 5735.22450556
0.0356112419842 5806.12366802
0.0359016836457 5780.44851752
0.035974663436 5803.76631751
0.0383640392848 5815.53324961
0.047257256519 5876.83973133
0.0478365717846 5882.8147982
0.0478689633956 5803.30786368
0.0519898931352 5933.65399466
0.0523784503504 5918.78278774
0.0524139174068 5892.84171469
0.0585677385659 5949.65951222
0.0592054994246 5940.34936724
0.0598502050437 5885.80178416
0.0625 5935.51418379
0.0659778236475 5930.08705952
0.0666962750423 5954.05965758
0.0681567332916 5972.34338893
0.0833334236286 6027.52373622
0.0833898512475 6039.60421211
0.0841838616396 6027.79055383
0.0846409716836 6016.48100279
0.100044304161 6030.16186535
0.10011204723 6035.20686116
0.111111351899 6023.15030179
0.111488046229 6036.6256901
0.125 6014.19178364
0.148751545455 6036.7037016
0.148852269692 6024.6517353
0.149053922823 6011.43589664
0.162214710565 6045.97518976
0.166666847257 5938.05149902
0.167005642276 5949.50161639
0.167458440507 5957.09350222
0.174872459067 5950.2795222
0.222222703797 5903.11806497
0.25 5773.49248882
0.3324323789 5680.00068325
0.332882731656 5711.63937126
0.333333694514 5504.38298235
0.334011284551 5504.43612759
0.498985677928 5468.01436245
0.499661663751 5489.27688164
0.5 4411.47954707
0.659039800633 4450.32907973
0.65948605671 4392.54241965
0.659932614961 4490.06294359
0.666667389029 4299.32750999
0.66711880998 4373.7333699
0.669380503942 4264.65551394
1 0.0
