0 0.0
0.0009765625 2878.99682823
0.000983861041747 4062.30848505
0.000984527244256 3699.58592535
0.00106350820196 5023.77238726
0.00106422833601 7018.99853772
0.00108753190209 7126.39270501
0.00108826830332 7701.0324492
0.00113184382883 7559.78023782
0.0011356810529 9215.87486626
0.00117318678228 11144.7903198
0.00117398118306 9565.62088221
0.00121029152783 14304.9117869
0.00121193113383 14527.4397415
0.00127850354395 21328.6338078
0.00128805870451 20175.2934007
0.00137267988528 24837.0635579
0.00137360936896 25148.4143886
0.00144416682783 31465.2484121
0.00144514471751 30100.153931
0.00144612326936 32898.3426543
0.00149287044698 30402.8965422
0.00149793163852 31351.3485665
0.00152246523461 31880.5345228
0.00158664524762 35129.8285647
0.0016290891261 35472.7058815
0.00173611487341 37433.0944604
0.00182282354361 40508.6497612
0.00182405783338 41872.4913053
0.00191645554708 41920.8670884
0.00202172808368 44679.3800429
0.00205206061556 44672.5365343
0.0020744060906 45663.6467528
0.00207862287673 45133.4624715
0.00210125759583 45070.7042813
0.00219726086334 47199.6662696
0.00228369537743 48355.089524
0.00235911414099 50040.335684
0.00238641803315 48531.929899
0.00240100073825 49203.3711478
0.0024058814155 48764.874393
0.00246856889502 49649.9347355
0.00250052251823 50995.2619059
0.00251239888583 48839.5992954
0.00259888655521 51329.0493049
0.00264503036511 53541.4026641
0.00279410424504 53899.3550895
0.00279599621879 54267.7820937
0.00281880007909 53856.7322138
0.00293961666333 54661.0203736
0.00309689688427 56646.6812695
0.00310109231208 55840.7435269
0.00311160576434 57308.5487667
0.00332052022211 58063.1555244
0.00340243012726 58236.7432131
0.00343018000073 58903.7972455
0.00395413577295 61543.5661611
0.00398099217218 61643.0109435
0.00403525343368 62631.0257724
0.00435307321327 63489.6770043
0.00446045392176 64125.837422
0.0047728360663 64727.2215572
0.00481828142182 65959.0810809
0.0048248088435 66192.4475766
0.00521186570297 66922.6194636
0.00522953518705 66739.6861608
0.0052757567027 67272.3899038
0.00559199243758 68955.8978663
0.00559956802097 68145.2307329
0.00570671013352 68297.8661507
0.0061561751762 70455.7653021
0.00629097785918 70751.8923363
0.00643308542852 70948.4626216
0.00643744146812 69725.0831699
0.00645926595018 70529.3789429
0.00652960274479 70932.4115768
0.00697744258146 72061.7871019
0.00701058232423 72352.6141104
0.00716409408754 72967.8181917
0.00790292023605 73169.799633
0.00797816921061 73432.4729901
0.00798357147386 73412.5023988
0.00832575531395 74407.5118178
0.00890883886229 75609.6880151
0.00892694846402 75788.2549347
0.00893904197868 75713.7888449
0.00899366585901 75369.5385002
0.00914096695065 76467.0311893
0.00970858368839 76601.2013116
0.00990775176024 77636.0671247
0.00991446060306 76789.0366053
0.010339404278 77262.243212
0.0103604218872 77069.0088246
0.0103814822204 77312.4149226
0.0104378526422 77822.3459993
0.0108705029357 77653.2377153
0.0117346129088 78860.2298956
0.0117425587754 78849.0332854
0.0117903470906 79044.0730988
0.0123875875371 79583.5149815
0.0124043692483 79016.0850947
0.012866170857 80171.6040758
0.0128748829362 79922.4791263
0.013711435569 80765.2126877
0.0137207200029 80465.4115954
0.0143573140562 81303.1109239
0.0144842119147 81114.2225057
0.014952426514 81607.6762234
0.0152798420201 81482.1172486
0.0163057367356 82254.1363307
0.0163167778504 81885.1466081
0.0177214519927 82641.6776367
0.0177694997233 82616.8297313
0.0205810577039 83339.3995006
0.0206788085561 83362.9158569
0.0207068225494 83411.2266218
0.0222622340597 83671.3916803
0.0230754085303 83877.5589267
0.0246247007048 83943.8902705
0.0277590414756 84332.1052884
0.0278720115574 84392.695482
0.0278908845519 84312.7130583
0.0300265558502 84755.4208248
0.0365638678026 84889.8824509
0.0387293288904 84992.3011242
0.0387555537078 84955.453021
0.0418646101267 85230.8635815
0.0443440027521 85184.2967152
0.0443740294374 85195.1518949
0.0444040764547 85233.3573249
0.047610443396 85231.8905498
0.0498531378971 85207.1725736
0.0500221520806 85368.9373124
0.0510483383812 85338.8977144
0.0549200428942 85329.2316279
0.0553304991895 85369.7366572
0.0560846585938 85477.6177651
0.0573903954264 85474.6314478
0.0577020195984 85471.2430873
0.0578584656445 85417.0011588
0.0621624639677 85542.2297948
0.0682028843076 85486.0107132
0.0682490665739 85358.6047654
0.0689455650244 85589.3977756
0.0696491714122 85588.4496895
0.0714639453986 85482.9662403
0.071560759027 85485.0956807
0.0723400046021 85434.1625858
0.0772492139146 85256.2899974
0.0773015217283 85428.7397324
0.0832770341927 85433.1552017
0.0833334236286 85369.5214565
0.0833898512475 85254.7104231
0.0838994223252 85431.2738485
0.0908142497406 85207.5532932
0.090998854033 85211.9705472
0.092802822867 85226.509821
0.0982989837996 85002.8469945
0.0983655450587 85038.7558283
0.100996892707 84954.5517417
0.101065280803 84880.0680419
0.101270723063 84890.5346737
0.10168286128 84973.3911911
0.101751713866 84787.8920216
0.111036165903 84669.8584339
0.111111351899 84285.5581187
0.111186588805 84057.5740077
0.118410998849 84099.2211781
0.123737231231 84195.3601606
0.125 83807.5768105
0.126789555624 83896.7311434
0.126875408724 83662.2025768
0.133031864111 83366.6109882
0.133302287015 83507.7173989
0.133392550085 83216.8746448
0.133482874274 83162.8036751
0.134116858441 82985.0535583
0.142927890797 82751.3909557
0.143121518054 82516.9875788
0.147448315933 82617.77537
0.153872218989 82144.7907409
0.154498427829 82190.214581
0.155232226509 81876.5837565
0.16621618945 81563.9520406
0.166328739533 81710.4380469
0.166554068385 81499.7294649
0.166666847257 80304.6332546
0.166779702495 80776.1169151
0.167458440507 80470.3627241
0.178943758002 80384.1529879
0.179671999681 80253.2729805
0.181997708066 79723.1438571
0.187626758703 79574.4202637
0.18966988015 79303.4968473
0.200088608322 77465.1123573
0.20022409446 78019.8779485
0.20035967234 77902.6051427
0.200495342024 78136.5714481
0.200631103574 78057.1994302
0.200766957052 78145.4019892
0.203779117874 78087.9883476
0.214391603893 77465.0398629
0.222222703797 76664.8535132
0.222373177611 76756.2227182
0.24881822432 75485.0717272
0.248986706777 75698.6790755
0.25 73907.80008
0.251868426687 73169.7604552
0.25203897453 73029.4333505
0.255820383262 73519.2484256
0.25965852549 73417.8585585
0.26248602145 73188.0253129
0.272811537231 72684.2679597
0.272996266296 72428.3299409
0.285855781594 71544.2722608
0.286436860053 71452.5891456
0.286824901766 71727.3120261
0.29992949581 71135.5871162
0.300132587277 70060.1901707
0.302171080907 70263.9556306
0.333108136771 69999.4661141
0.333333694514 66704.7557501
0.33355940499 66795.5118757
0.334463776282 66575.5588314
0.360806410123 65949.4357887
0.362520079778 65808.4634068
0.362765553251 66301.929464
0.375253517407 64556.3194878
0.382433616737 64246.4547546
0.394261997527 64276.6680543
0.394796112098 64475.9166856
0.395063440663 64170.7238207
0.399635822047 63934.3329443
0.400177216645 62157.3736111
0.400448188921 62169.0520327
0.425890568838 61838.9702715
0.426178952415 62424.9571592
0.427913359243 61628.9921504
0.428783207787 60614.5574665
0.429073550057 61249.5714
0.429364088928 60640.5744685
0.442643993516 60819.6210855
0.446556325214 60210.2734911
0.446858702208 59830.2405448
0.458812487394 59563.2463165
0.459745146694 59839.02872
0.499661663751 59821.686031
0.5 51170.4325778
0.500338565347 50548.4154011
0.500677359946 49108.2172121
0.531407548066 48687.5467042
0.557193371298 49661.226689
0.598642091188 47944.4101619
0.600265174554 46521.799828
0.615905642367 47277.7069913
0.664864757799 45749.590562
0.665314958133 46642.4538096
0.666667389029 40633.6941224
0.667570536602 40422.5021781
0.668022569102 40741.8804446
0.673470893116 40650.1963427
0.750507034813 38677.2182231
0.751015226162 37945.0455111
0.752032641428 38652.0613863
0.769020386916 39108.5293692
0.918868099595 37570.7525265
0.921359403748 37367.860915
0.921983284479 37534.9481245
1 0.0
