0.00029397460514	0.00255527683152	0.00255700708789
0.00029397460514	0.00567973392853	0.0056835798507
0.00029397460514	0.0075422921523	0.00754739926981
0.00029397460514	0.0995040072415	0.0995713844589
0.00029397460514	0.166554068385	0.166666847257
0.000293974605141	0.142831175424	0.142927890797
0.000293974605141	0.242171595045	0.242335576865
0.000293974605141	0.285662350849	0.285855781594
0.000293974605141	0.303606258879	0.303811839995
0.000293974605141	0.600265174554	0.600671632528
0.000293974605141	0.667570536602	0.668022569102
0.000293974605141	0.770062194131	0.770583626879
0.000293974605141	0.556816333868	0.557193371298
0.000293974605141	0.600671632528	0.601078365726
0.000293974605141	0.00112116843637	0.00112192761393
0.000293974605141	0.00134690815002	0.00134782018287
0.000293974605141	0.00147578996354	0.00147678926622
0.000293974605141	0.00147678926622	0.00147778924556
0.000293974605141	0.00201626144433	0.00201762671684
0.000293974605141	0.00232109845948	0.00232267014649
0.000293974605141	0.003282528921	0.00328475162208
0.000293974605141	0.00889076599849	0.00889678620904
0.000293974605141	0.014632026847	0.0146419346415
0.000293974605141	0.142734525496	0.142831175424
0.000293974605141	0.202815833052	0.202953165877
0.000587949210281	0.00404072007177	0.00404619411563
0.000587949210281	0.00887873779579	0.00889076599849
0.000587949210281	0.104969847167	0.105112051907
0.000587949210281	0.142541421797	0.142734525496
0.000587949210281	0.489617341633	0.490280635985
0.000587949210281	0.143218430027	0.143412450883
0.000587949210281	0.333333694514	0.333785268301
0.000587949210281	0.425602380404	0.426178952415
0.000587949210281	0.666667389029	0.667570536602
0.000587949210281	0.00132789738022	0.00132969630922
0.000587949210281	0.0532002975505	0.0532723690518
0.000881923815422	0.0390716400553	0.0391510636313
0.000881923815422	0.142927890797	0.143218430027
0.000881923815422	0.285082843593	0.285662350849
0.00117589842056	0.0056835798507	0.00569898959894
0.00117589842056	0.00647239613871	0.00648994458487
0.00117589842056	0.0163278264415	0.01637209567
0.00117589842056	0.0288510097992	0.0289292328223
0.00117589842056	0.166666847257	0.167118726922
0.0014698730257	0.554934970229	0.556816333868
0.0014698730257	0.00132341069818	0.00132789738022
0.0014698730257	0.0129535575936	0.0129974732838
0.0014698730257	0.242335576865	0.243157153026
0.00176384763084	0.0575459965737	0.0577801896722
0.00176384763084	0.386859823188	0.388434214216
0.00176384763084	0.747465100044	0.750507034813
0.00176384763084	0.199277614599	0.200088608322
0.00264577144627	0.426178952415	0.428783207787
0.00264577144627	0.551564520195	0.554934970229
0.00352769526169	0.00404619411563	0.00407919446261
0.00411564447197	0.00325156856797	0.003282528921
0.00411564447197	0.458812487394	0.4631811471
0.00470359368225	0.285855781594	0.28896854697
0.00499756828739	0.00112192761393	0.00113491256877
0.00529154289253	0.0415259288814	0.0420349851892
0.00529154289253	0.202953165877	0.205441119598
0.00558551749767	0.00132969630922	0.00134690815002
0.00587949210281	0.00134782018287	0.00136619108646
0.00587949210281	0.200088608322	0.202815833052
0.00587949210281	0.668022569102	0.677127773468
0.00617346670795	0.388434214216	0.393995211277
0.00852526354908	0.490280635985	0.5
0.00881923815422	0.0289292328223	0.0295227055374
0.0111710349953	0.750507034813	0.770062194131
0.0120529588108	0.243157153026	0.25
0.0129348826262	0.00147778924556	0.00152246523461
0.0129348826262	0.0195622855917	0.020153685522
0.0129348826262	0.0532723690518	0.0548828800117
0.0141107810467	0.601078365726	0.620928906037
0.0149927048622	0.01637209567	0.0169471619096
0.0155806540725	0.0124970758665	0.0129535575936
0.0176384763084	0.214827412265	0.22373203529
0.0179324509136	0.00982759886515	0.010241884465
0.0194023239393	0.205441119598	0.214827412265
0.0205782223598	0.0548828800117	0.0575459965737
0.0211661715701	0.368457547806	0.386859823188
0.0211661715701	0.00291583540682	0.00306146414056
0.0214601461753	0.28896854697	0.303606258879
0.022930019201	0.0995713844589	0.104969847167
0.0241059176215	0.4631811471	0.489617341633
0.0255757906472	0.0391510636313	0.0415259288814
0.0261637398575	0.00306146414056	0.00325156856797
0.0276336128832	0.00444237493083	0.00473422421593
0.0291034859089	0.00188557303807	0.00201626144433
0.0293974605141	0.428783207787	0.458812487394
0.0308673335398	0.620928906037	0.666667389029
0.0323372065655	0.557193371298	0.600265174554
0.0329251557757	0.00152246523461	0.00164237581104
0.033513104986	0.393995211277	0.425602380404
0.033513104986	0.00136619108646	0.00147578996354
0.0343950288015	0.22373203529	0.242171595045
0.0367468256426	0.0114831643519	0.0124970758665
0.0370408002477	0.00407919446261	0.00444237493083
0.0370408002477	0.182985937624	0.199277614599
0.0373347748529	0.0913073621363	0.0995040072415
0.0393925970888	0.167118726922	0.182985937624
0.0399805462991	0.0832770341927	0.0913073621363
0.0402745209043	0.303811839995	0.333333694514
0.0405684955094	0.0262780129767	0.0288510097992
0.0414504193248	0.00232267014649	0.00255527683152
0.0426263177454	0.5	0.551564520195
0.0429202923505	0.677127773468	0.747465100044
0.0429202923505	0.333785268301	0.368457547806
0.0432142669557	0.00889678620904	0.00982759886515
0.0449781145865	0.0479662698882	0.0532002975505
0.0473299114276	0.0146419346415	0.0163278264415
0.0482118352431	0.020153685522	0.0225198924864
0.0496817082688	0.010241884465	0.0114831643519
0.0511515812945	0.0577801896722	0.065002572515
0.0514455558996	0.0129974732838	0.014632026847
0.0529154289253	0.0295227055374	0.0333481375212
0.0532094035304	0.0736742708563	0.0832770341927
0.054385301951	0.065002572515	0.0736742708563
0.0552672257664	0.00569898959894	0.00647239613871
0.0570310733973	0.125	0.142541421797
0.0570310733973	0.25	0.285082843593
0.0570310733973	0.00255700708789	0.00291583540682
0.0573250480024	0.0420349851892	0.0479662698882
0.0599708194487	0.0009765625	0.00112116843637
0.0599708194487	0.00164237581104	0.00188557303807
0.0608527432641	0.00201762671684	0.00232109845948
0.0623226162898	0.0169471619096	0.0195622855917
0.0649683877361	0.143412450883	0.166554068385
0.0652623623412	0.00648994458487	0.0075422921523
0.0667322353669	0.00113491256877	0.00132341069818
0.0670262099721	0.0225198924864	0.0262780129767
0.0687900576029	0.0333481375212	0.0390716400553
0.0705539052337	0.00754739926981	0.00887873779579
0.075257498916	0.105112051907	0.125
0.0790791687828	0.00473422421593	0.00567973392853
0.089956229173	0.00328475162208	0.00404072007177
