0 0.0
0.0009765625 225.62537646
0.00112116843637 381.171612551
0.00112192761393 467.551220842
0.00113491256877 408.564592541
0.00132341069818 724.759271119
0.00132789738022 702.610314796
0.00132969630922 1408.68233089
0.00134690815002 1580.61309019
0.00134782018287 1014.580486
0.00136619108646 1686.65470217
0.00147578996354 1883.03053796
0.00147678926622 1563.31507051
0.00147778924556 1470.38354051
0.00152246523461 1496.03284877
0.00164237581104 2265.99792216
0.00188557303807 3938.91325989
0.00201626144433 4405.74111797
0.00201762671684 4358.94385692
0.00232109845948 4761.1772982
0.00232267014649 4602.13768108
0.00255527683152 4780.38915893
0.00255700708789 5229.20054677
0.00291583540682 5769.73857971
0.00306146414056 6163.60594019
0.00325156856797 6681.1083872
0.003282528921 6004.99436675
0.00328475162208 6178.52579074
0.00404072007177 7269.58607796
0.00404619411563 7346.51028826
0.00407919446261 6846.06468097
0.00444237493083 7466.7928386
0.00473422421593 7538.416823
0.00567973392853 7750.80711632
0.0056835798507 7874.69725929
0.00569898959894 7983.50576006
0.00647239613871 8202.91703629
0.00648994458487 8186.26642031
0.0075422921523 8588.38820385
0.00754739926981 8515.36479977
0.00887873779579 9057.42814855
0.00889076599849 9172.85914114
0.00889678620904 9136.0978681
0.00982759886515 9447.23216232
0.010241884465 9234.74490812
0.0114831643519 9931.54227206
0.0124970758665 9951.01128269
0.0129535575936 9916.80871812
0.0129974732838 9918.05708848
0.014632026847 10134.0690875
0.0146419346415 10345.3889699
0.0163278264415 10260.2858414
0.01637209567 10191.085011
0.0169471619096 10346.2984154
0.0195622855917 10545.6180761
0.020153685522 10741.9619774
0.0225198924864 10757.3225266
0.0262780129767 11057.5713378
0.0288510097992 11152.6516447
0.0289292328223 11156.9915601
0.0295227055374 11112.2109421
0.0333481375212 11127.7802789
0.0390716400553 11313.2783191
0.0391510636313 11330.8133137
0.0415259288814 11376.3411098
0.0420349851892 11366.034705
0.0479662698882 11451.8791064
0.0532002975505 11504.4355867
0.0532723690518 11523.4089316
0.0548828800117 11500.8817882
0.0575459965737 11578.9783261
0.0577801896722 11503.7427619
0.065002572515 11639.2769683
0.0736742708563 11549.3256442
0.0832770341927 11695.3968257
0.0913073621363 11742.1491603
0.0995040072415 11765.7107373
0.0995713844589 11655.5100416
0.104969847167 11771.5229931
0.105112051907 11715.8624769
0.125 11726.3701359
0.142541421797 11759.7597344
0.142734525496 11678.682546
0.142831175424 11698.5840065
0.142927890797 11628.1520965
0.143218430027 11725.4842133
0.143412450883 11720.5588016
0.166554068385 11629.813633
0.166666847257 11440.7010377
0.167118726922 11535.7117007
0.182985937624 11428.8491025
0.199277614599 11337.4259401
0.200088608322 11252.1223387
0.202815833052 11191.5626471
0.202953165877 11276.7632839
0.205441119598 11323.550189
0.214827412265 11155.0273044
0.22373203529 11126.1729631
0.242171595045 11061.2298786
0.242335576865 11114.1050811
0.243157153026 11129.2894575
0.25 10827.4848122
0.285082843593 10747.4326477
0.285662350849 10818.0835627
0.285855781594 10501.6778689
0.28896854697 10669.8137111
0.303606258879 10650.5947801
0.303811839995 10628.595171
0.333333694514 10079.9771562
0.333785268301 10196.1388285
0.368457547806 10198.8224668
0.386859823188 10072.3232872
0.388434214216 9989.79204899
0.393995211277 9954.59306862
0.425602380404 9757.19452948
0.426178952415 9928.54670756
0.428783207787 9698.97278568
0.458812487394 9600.97335836
0.4631811471 9473.40664484
0.489617341633 9533.04880728
0.490280635985 9491.04927593
0.5 8233.53500653
0.551564520195 8287.14107399
0.554934970229 8044.50539453
0.556816333868 7942.64372184
0.557193371298 8172.43539601
0.600265174554 7846.9077993
0.600671632528 7749.9051016
0.601078365726 7615.85882546
0.620928906037 7815.68827489
0.666667389029 6905.57303785
0.667570536602 7033.10872155
0.668022569102 6890.18566684
0.677127773468 7114.03553
0.747465100044 7042.40130589
0.750507034813 6877.37641532
0.770062194131 6660.30946674
0.770583626879 6618.93067359
1 0.0
