0.00029397460514	0.00126901926609	0.00126987855799
0.00029397460514	0.0525916132516	0.0526272246472
0.000293974605141	0.264806017648	0.26498532593
0.000293974605141	0.333333694514	0.33355940499
0.000293974605141	0.666667389029	0.66711880998
0.000293974605141	0.00100949645691	0.00101018001794
0.000293974605141	0.00233212264277	0.00233370179459
0.000293974605141	0.0260125485438	0.0260301624388
0.000293974605141	0.0437477176442	0.0437773405665
0.000293974605141	0.071126127988	0.0711742896723
0.000293974605141	0.111111351899	0.111186588805
0.000587949210281	0.0260301624388	0.0260654260177
0.000587949210281	0.676211696033	0.677127773468
0.000587949210281	0.33355940499	0.334011284551
0.000587949210281	0.00126730242629	0.00126901926609
0.000587949210281	0.0026183098712	0.00262185694766
0.000881923815422	0.0437773405665	0.0438663297395
0.000881923815422	0.0556309383286	0.0557440231147
0.000881923815422	0.0179508418228	0.017987331718
0.000881923815422	0.0388343347536	0.038913275943
0.0014698730257	0.334011284551	0.335143663513
0.00176384763084	0.248986706777	0.25
0.00176384763084	0.995946827107	1
0.00176384763084	0.00397560633919	0.00399178573693
0.00176384763084	0.166666847257	0.167345125986
0.00205782223598	0.0829394979751	0.0833334236286
0.00382166986683	0.00262185694766	0.00264503036511
0.00382166986683	0.398555229198	0.402077880085
0.00411564447197	0.00623164223713	0.00629097785918
0.00470359368225	0.00421390936624	0.00425979583072
0.00558551749767	0.00416006075215	0.00421390936624
0.00587949210281	0.66711880998	0.676211696033
0.00646744131309	0.164203261425	0.166666847257
0.00705539052337	0.00233370179459	0.00237192389749
0.00705539052337	0.131243010725	0.133392550085
0.00911321275936	0.00350766470235	0.00358204704377
0.0123469334159	0.038913275943	0.0400354511804
0.0141107810467	0.385813775923	0.398555229198
0.0144047556519	0.0009765625	0.00100949645691
0.0179324509136	0.00399178573693	0.00416006075215
0.0196962985444	0.0094748598089	0.00991446060306
0.0241059176215	0.0526272246472	0.0556309383286
0.024987841437	0.25	0.264806017648
0.0317492573552	0.00579232944527	0.00623164223713
0.0326311811706	0.0166515106279	0.0179508418228
0.0379227240631	0.00530799531434	0.00579232944527
0.0382166986683	0.00150606525919	0.00164460077022
0.0385106732734	0.0400354511804	0.0437477176442
0.0402745209043	0.00115506319432	0.00126730242629
0.0411564447197	0.0117903470906	0.012962328845
0.0429202923505	0.00237192389749	0.0026183098712
0.0452720891917	0.00358204704377	0.00397560633919
0.0455660637968	0.100044304161	0.111111351899
0.0493877336636	0.222222703797	0.248986706777
0.0496817082688	0.0557440231147	0.0625
0.0511515812945	0.197531720332	0.222222703797
0.0561491495819	0.0625	0.071126127988
0.0582069718178	0.00101018001794	0.00115506319432
0.0582069718178	0.0020395972313	0.00233212264277
0.0611467178692	0.335143663513	0.385813775923
0.0664382607618	0.0711742896723	0.0829394979751
0.0720237782594	0.111186588805	0.131243010725
0.0720237782594	0.167345125986	0.197531720332
0.0740816004954	0.00126987855799	0.00150606525919
0.075257498916	0.00991446060306	0.0117903470906
0.0755514735211	0.0218590573834	0.0260125485438
0.0787851941777	0.0323914713429	0.0388343347536
0.0787851941777	0.0438663297395	0.0525916132516
0.079373143388	0.0833334236286	0.100044304161
0.0846646862805	0.017987331718	0.0218590573834
0.0902502037782	0.133392550085	0.164203261425
0.0934839244347	0.00164460077022	0.0020395972313
0.0943658482501	0.0260654260177	0.0323914713429
0.0946598228553	0.402077880085	0.5
0.0955417466707	0.00425979583072	0.00530799531434
0.0996573911427	0.26498532593	0.333333694514
0.108770603902	0.012962328845	0.0166515106279
0.122587410344	0.00264503036511	0.00350766470235
0.124939207185	0.5	0.666667389029
0.16756552493	0.677127773468	0.995946827107
0.17785463611	0.00629097785918	0.0094748598089
