0 12.5203240031
0.0009765625 12032.1062224
0.000997946434233 11392.9472308
0.0010904805002 12870.6223738
0.00109121889802 12438.9156959
0.00110684127334 14887.5145998
0.00110759074954 13883.4838436
0.00118756859499 13155.4209392
0.00130032317053 17672.8127574
0.00132251518256 16770.3705431
0.00144123712725 16646.485291
0.00152143502425 18411.7085757
0.00152246523461 19131.5909274
0.00156425073797 18859.659826
0.0016412644605 19285.6568767
0.00186778857727 21502.5849874
0.00186905331425 21241.4867216
0.00187031890761 20613.7385153
0.00212989791536 22903.2166754
0.00222570262401 22930.8050655
0.00222871782763 22461.9878938
0.00242550353921 24267.5852551
0.00259888655521 24239.4598353
0.00300398588639 25339.8363158
0.00300601997744 25576.1182954
0.00337490474797 26135.142913
0.00343018000073 27048.3911858
0.00393544416699 27514.7280316
0.00393810897703 27586.1396563
0.00409025428078 27878.0742586
0.00422247526596 28279.0623955
0.00422533443357 27839.9555132
0.00462025277728 28396.680913
0.00511055366304 29375.3297726
0.00511401417579 29183.8393346
0.00518371862345 29544.0669552
0.0052757567027 29405.2302085
0.0060283402488 30339.6942358
0.00603242222301 30416.6620953
0.00606107354023 30648.8521891
0.0064026755729 30263.3390277
0.00641134940486 30694.6716565
0.00664553729653 30707.2030079
0.00690228166203 30884.6119324
0.00708212703496 31300.6941634
0.00783898626274 31723.7588906
0.00785492110244 31742.9345204
0.00821936233159 31460.4993753
0.0082249279141 31859.6996208
0.00824722795594 31640.23327
0.00891487131052 32588.2206895
0.0101796794109 33039.459987
0.0103674372469 33203.9215446
0.0105229827049 33401.5955525
0.0118945566796 34126.6338496
0.0119187355527 34199.6911646
0.0138795207378 34151.9429119
0.0138889189873 34950.1958466
0.014279776283 34687.904268
0.0147713481337 34973.5765955
0.0147913591729 35000.096607
0.016338882514 35324.8320641
0.0166740687606 35445.8814138
0.0179995114924 36193.4273298
0.0181463136743 35844.7068991
0.0181586011003 35716.4541862
0.0208333559071 36291.5454127
0.0208474628119 36408.4561023
0.0208898408652 36350.4918086
0.0223377084124 36559.4908984
0.0245248925354 36770.5907245
0.0246247007048 36552.2345416
0.0277402576957 36982.5602021
0.0285788911157 37046.4846148
0.0332579660276 37161.7705222
0.0359990229848 37295.7704649
0.0360477915773 37429.0568334
0.0361944941198 37367.3905412
0.0411899875396 37624.1518037
0.0441045195722 37607.0737625
0.0441642688422 37430.4291592
0.0441941738242 37506.4501857
0.0555556759493 37683.5439986
0.057741091407 37658.0022474
0.0585677385659 37760.7143049
0.0621624639677 37858.860823
0.0633518803095 37841.8841798
0.0635666584915 37645.2645016
0.063609701427 37731.2487959
0.0636527735082 37790.893729
0.0636958747549 37751.3431318
0.0666962750423 37575.6308947
0.0723889882396 37993.7988664
0.0724380050453 37700.7470872
0.0727328036736 37664.2028788
0.0833334236286 37911.1227853
0.0833898512475 37828.2535881
0.0897144618745 37693.6127528
0.0923016341212 37903.6243261
0.0986322411068 37754.2283296
0.10017983617 37677.1574581
0.100383478526 37460.9968587
0.111111351899 37498.2215998
0.12440911216 37221.5197481
0.125 36878.4665268
0.127133316983 37063.0378539
0.12765070737 36888.1183564
0.142927890797 36727.8822554
0.143121518054 36871.7999839
0.166666847257 35664.4241913
0.166779702495 35817.3995489
0.167912466398 35554.643184
0.169281943367 35668.6792044
0.200088608322 35118.4734267
0.20022409446 35011.045455
0.222222703797 34528.4140391
0.222373177611 34508.6387158
0.222523753314 34277.1228494
0.224186830591 34460.0522885
0.248986706777 34559.428866
0.249830831876 34231.4578174
0.25 33383.4257332
0.252209637855 33255.1904926
0.26391129459 32615.9630509
0.284311995573 33024.139443
0.326191040804 32733.9917663
0.32641191477 32746.1724537
0.326632938296 32553.9697895
0.333333694514 30690.0747188
0.33355940499 30213.2497465
0.390015012492 30123.1652367
0.390279103628 29768.0314086
0.400448188921 29840.7868919
0.489617341633 29828.3103576
0.489948876563 29489.7360855
0.490612620052 29580.0457853
0.5 23361.2742594
0.58859678308 23364.6185957
0.593397318476 23467.4201511
0.651058630518 22818.2256643
0.652382081608 23409.1361034
0.653265876592 22949.550682
0.666667389029 21286.0773037
0.66711880998 21012.5350143
0.669833762027 21080.9051377
0.843176316724 20537.3142397
0.847181028468 20487.2842415
0.859309649061 21137.6742175
1 0.0
