0.00029397460514	0.00313061988032	0.00313273971912
0.00029397460514	0.00465163342788	0.00465478319165
0.00029397460514	0.0070153294047	0.00702007969956
0.00029397460514	0.00765027096302	0.0076554511963
0.00029397460514	0.073974100676	0.07402419081
0.00029397460514	0.0833334236286	0.0833898512475
0.00029397460514	0.232533070287	0.232690525566
0.000293974605141	0.133302287015	0.133392550085
0.000293974605141	0.142927890797	0.143024671659
0.000293974605141	0.143024671659	0.143121518054
0.000293974605141	0.150983305023	0.151085540453
0.000293974605141	0.222072331805	0.222222703797
0.000293974605141	0.222976092459	0.223127076415
0.000293974605141	0.232848087463	0.23300575605
0.000293974605141	0.25	0.250169282673
0.000293974605141	0.285662350849	0.285855781594
0.000293974605141	0.285855781594	0.286049343318
0.000293974605141	0.427623802041	0.427913359243
0.000293974605141	0.428493061982	0.428783207787
0.000293974605141	0.429073550057	0.429364088928
0.000293974605141	0.429364088928	0.429654824531
0.000293974605141	0.500338565347	0.500677359946
0.000293974605141	0.663965270839	0.664414862103
0.000293974605141	0.6192499491	0.619669262247
0.000293974605141	0.663515983801	0.663965270839
0.000293974605141	0.666667389029	0.66711880998
0.000293974605141	0.999323327503	1
0.000293974605141	0.428783207787	0.429073550057
0.000293974605141	0.5	0.500338565347
0.000293974605141	0.619669262247	0.620088859324
0.000293974605141	0.00136065367779	0.00136157501815
0.000293974605141	0.00144026188172	0.00144123712725
0.000293974605141	0.0020604118209	0.00206180698899
0.000293974605141	0.00219726086334	0.00219874869612
0.000293974605141	0.00364318017811	0.00364564708723
0.000293974605141	0.00525793104598	0.00526149135247
0.000293974605141	0.00659177544756	0.00659623894104
0.000293974605141	0.00659623894104	0.00660070545688
0.000293974605141	0.00660070545688	0.00660517499715
0.000293974605141	0.0071592463421	0.00716409408754
0.000293974605141	0.0100836661005	0.0100904940603
0.000293974605141	0.015053983051	0.0150641765649
0.000293974605141	0.0153836223557	0.0153940390785
0.000293974605141	0.0181586011003	0.0181708968464
0.000293974605141	0.0181708968464	0.0181832009184
0.000293974605141	0.0362926273486	0.0363172022006
0.000293974605141	0.0691324954147	0.0691793071492
0.000293974605141	0.124915415938	0.125
0.000293974605141	0.166666847257	0.166779702495
0.000293974605141	0.199277614599	0.199412551588
0.000293974605141	0.232690525566	0.232848087463
0.000293974605141	0.286049343318	0.286243036108
0.000587949210281	0.0226115409713	0.0226421732757
0.000587949210281	0.0271091159176	0.0271458411762
0.000587949210281	0.0448572309372	0.0449179999203
0.000587949210281	0.222222703797	0.222523753314
0.000587949210281	0.399635822047	0.400177216645
0.000587949210281	0.575984367757	0.576764665238
0.000587949210281	0.142734525496	0.142927890797
0.000587949210281	0.427913359243	0.428493061982
0.000587949210281	0.0047086566758	0.00471503558667
0.000587949210281	0.0194171673768	0.0194434721997
0.000881923815422	0.00219280340296	0.00219726086334
0.000881923815422	0.00558820849009	0.00559956802097
0.000881923815422	0.0165952487248	0.0166289830138
0.000881923815422	0.0249772388779	0.0250280118075
0.000881923815422	0.0399001799293	0.0399812877346
0.000881923815422	0.165766750196	0.166103715526
0.000881923815422	0.166779702495	0.167118726922
0.000881923815422	0.222523753314	0.222976092459
0.000881923815422	0.400177216645	0.400990684048
0.000881923815422	0.00126216583045	0.00126473152064
0.00117589842056	0.00136157501815	0.00136526662253
0.00117589842056	0.00364564708723	0.00365553143921
0.00117589842056	0.0110560247639	0.011086000688
0.00117589842056	0.0404166554134	0.0405262360828
0.00117589842056	0.750507034813	0.752541865812
0.00117589842056	0.0665159320553	0.0666962750423
0.0014698730257	0.00205345012879	0.0020604118209
0.0014698730257	0.00962352566198	0.00965615173932
0.0014698730257	0.07402419081	0.0742751507034
0.0014698730257	0.166103715526	0.166666847257
0.0014698730257	0.199412551588	0.200088608322
0.0014698730257	0.444445407594	0.445952184918
0.0014698730257	0.664414862103	0.666667389029
0.0014698730257	0.216140159972	0.21687292734
0.0014698730257	0.333333694514	0.334463776282
0.0014698730257	0.00334081095345	0.00335213710982
0.00176384763084	0.00153176857595	0.00153800236544
0.00176384763084	0.00593119723272	0.00595533523607
0.00176384763084	0.0287340716684	0.0288510097992
0.00176384763084	0.00158342650903	0.00158987052916
0.00176384763084	0.00180196794465	0.00180930135586
0.00176384763084	0.00204512714039	0.00205345012879
0.00176384763084	0.0153940390785	0.0154566877062
0.00176384763084	0.66711880998	0.669833762027
0.00205782223598	0.00244032508444	0.00245191554106
0.00205782223598	0.0033250185969	0.00334081095345
0.00205782223598	0.0137300107236	0.0137952221557
0.00205782223598	0.124324927935	0.124915415938
0.00205782223598	0.250169282673	0.251357475278
0.00205782223598	0.00232424289774	0.0023352820157
0.00205782223598	0.00274907896406	0.00276213586401
0.00205782223598	0.0829394979751	0.0833334236286
0.00235179684112	0.151085540453	0.151905919998
0.00235179684113	0.00118998264632	0.00119644413441
0.00264577144627	0.0691793071492	0.0696020417335
0.00264577144627	0.397208596079	0.399635822047
0.00264577144627	0.0833898512475	0.0838994223252
0.00264577144627	0.132492662965	0.133302287015
0.00293974605141	0.049988303466	0.0503278228734
0.00323372065655	0.684964708267	0.69008393363
0.00323372065655	0.011086000688	0.0111688542062
0.00323372065655	0.105397039591	0.106184746157
0.00352769526169	0.300132587277	0.302580438081
0.00352769526169	0.00301213051837	0.003036697148
0.00382166986683	0.0561606375965	0.0566570162797
0.00411564447197	0.00881287296761	0.00889678620904
0.00470359368225	0.00388515399798	0.00392746055122
0.00470359368225	0.0271458411762	0.0274414400058
0.00470359368225	0.0399812877346	0.0404166554134
0.00499756828739	0.143121518054	0.144777976479
0.00499756828739	0.00165353078978	0.00167266840825
0.00499756828739	0.00309480129932	0.00313061988032
0.00499756828739	0.00465478319165	0.0047086566758
0.00499756828739	0.00595533523607	0.00602426103675
0.00499756828739	0.00693506442393	0.0070153294047
0.00529154289253	0.00111662414685	0.00113031257191
0.00558551749767	0.0166289830138	0.0168442317187
0.00587949210281	0.318122925847	0.322458968352
0.00705539052337	0.00117080680378	0.00118998264632
0.00734936512852	0.576764665238	0.586608040082
0.0079373143388	0.0551435492332	0.0561606375965
0.00823128894394	0.109025262945	0.111111351899
0.00823128894394	0.003036697148	0.00309480129932
0.00852526354908	0.00988765245765	0.0100836661005
0.00852526354908	0.490280635985	0.5
0.00852526354908	0.00702007969956	0.0071592463421
0.00911321275936	0.0150641765649	0.0153836223557
0.0094071873645	0.0111688542062	0.011413420267
0.00970116196964	0.669833762027	0.684964708267
0.00970116196964	0.200088608322	0.204608431221
0.00999513657478	0.586608040082	0.600265174554
0.0102891111799	0.975926058115	0.999323327503
0.0102891111799	0.21687292734	0.222072331805
0.0102891111799	0.00965615173932	0.00988765245765
0.0114650096005	0.106184746157	0.109025262945
0.0117589842056	0.0226421732757	0.0232636092113
0.0123469334159	0.0566570162797	0.0582908828497
0.012640908021	0.00153800236544	0.00158342650903
0.0135228318365	0.600265174554	0.6192499491
0.0138168064416	0.00167266840825	0.0017267388522
0.0138168064416	0.0204976391187	0.0211602429209
0.0141107810467	0.0124464230574	0.0128574646731
0.0144047556519	0.322458968352	0.333333694514
0.014698730257	0.429654824531	0.444445407594
0.0152866794673	0.00113031257191	0.00117080680378
0.0155806540725	0.0666962750423	0.0691324954147
0.0164625778879	0.251357475278	0.261068445607
0.016756552493	0.00350529116212	0.00364318017811
0.0170505270982	0.00158987052916	0.00165353078978
0.0179324509136	0.223127076415	0.232533070287
0.0182264255187	0.144777976479	0.150983305023
0.0185204001239	0.0017267388522	0.00180196794465
0.0185204001239	0.034777471973	0.0362926273486
0.018814374729	0.0009765625	0.00101979861565
0.0191083493341	0.0023352820157	0.00244032508444
0.0194023239393	0.00335213710982	0.00350529116212
0.0199902731496	0.0274414400058	0.0287340716684
0.0205782223598	0.286243036108	0.300132587277
0.0211661715701	0.00660517499715	0.00693506442393
0.0211661715701	0.752541865812	0.790126881326
0.0217541207804	0.302580438081	0.318122925847
0.0226360445958	0.100044304161	0.105397039591
0.022930019201	0.0194434721997	0.0204976391187
0.0232239938061	0.00119644413441	0.00126216583045
0.0232239938061	0.0582908828497	0.061492850726
0.0232239938061	0.00136526662253	0.00144026188172
0.0232239938061	0.00180930135586	0.00190868782141
0.0238119430164	0.204608431221	0.216140159972
0.0241059176215	0.00219874869612	0.00232424289774
0.0246938668318	0.375253517407	0.397208596079
0.024987841437	0.00559956802097	0.00593119723272
0.0252818160421	0.125	0.132492662965
0.0258697652524	0.00313273971912	0.0033250185969
0.0261637398575	0.00526149135247	0.00558820849009
0.0264577144627	0.00144123712725	0.00153176857595
0.0264577144627	0.0696020417335	0.073974100676
0.0264577144627	0.00365553143921	0.00388515399798
0.0267516890678	0.00206180698899	0.00219280340296
0.0270456636729	0.0076554511963	0.00814735154601
0.0279275874884	0.400990684048	0.427623802041
0.0285155366986	0.0128574646731	0.0137300107236
0.0285155366986	0.0181832009184	0.0194171673768
0.0285155366986	0.00716409408754	0.00765027096302
0.0288095113038	0.0211602429209	0.0226115409713
0.0293974605141	0.133392550085	0.142734525496
0.0293974605141	0.620088859324	0.663515983801
0.0299854097243	0.00190868782141	0.00204512714039
0.0305733589346	0.23300575605	0.25
0.0308673335398	0.0154566877062	0.0165952487248
0.0308673335398	0.0232636092113	0.0249772388779
0.0317492573552	0.00126473152064	0.00136065367779
0.0326311811706	0.0168442317187	0.0181586011003
0.0338070795912	0.184353520861	0.199277614599
0.0341010541963	0.00392746055122	0.00424827758171
0.0341010541963	0.00889678620904	0.00962352566198
0.0341010541963	0.061492850726	0.0665159320553
0.0341010541963	0.00814735154601	0.00881287296761
0.0346890034066	0.0250280118075	0.0271091159176
0.0349829780117	0.0838994223252	0.0909372776112
0.0364528510374	0.69008393363	0.750507034813
0.037628749458	0.00276213586401	0.00301213051837
0.037628749458	0.011413420267	0.0124464230574
0.0379227240631	0.151905919998	0.165766750196
0.0379227240631	0.0137952221557	0.015053983051
0.0390986224837	0.00602426103675	0.00659177544756
0.0390986224837	0.261068445607	0.285662350849
0.0393925970888	0.00101979861565	0.00111662414685
0.0393925970888	0.00424827758171	0.00465163342788
0.039686571694	0.0100904940603	0.0110560247639
0.039686571694	0.0503278228734	0.0551435492332
0.0408624701145	0.0363172022006	0.0399001799293
0.0411564447197	0.445952184918	0.490280635985
0.0414504193248	0.0909372776112	0.100044304161
0.0426263177454	0.167118726922	0.184353520861
0.0440961907711	0.0405262360828	0.0448572309372
0.0464479876122	0.0449179999203	0.049988303466
0.0473299114276	0.00471503558667	0.00525793104598
0.0479178606379	0.0742751507034	0.0829394979751
0.0487997844533	0.111111351899	0.124324927935
0.0496817082688	0.00245191554106	0.00274907896406
0.0499756828739	0.334463776282	0.375253517407
0.0608527432641	0.500677359946	0.575984367757
0.0811369910188	0.0288510097992	0.034777471973
0.0917200768039	0.790126881326	0.975926058115
