0 0.0
0.0009765625 12010.1978982
0.000979873282843 12967.1214911
0.00100132971378 13981.7374196
0.00100268623506 15051.5970519
0.00101635293362 17234.4898318
0.00105205210564 17012.4779997
0.00112725627011 21329.465581
0.00113107794124 22027.9876122
0.00113184382883 21328.9909206
0.00113261023503 21989.8797217
0.00117398118306 22979.2111967
0.00119968802354 25866.9029486
0.00126730242629 27067.3094771
0.00126901926609 27582.1141595
0.00128023555813 26403.1717434
0.00130296642574 28519.6610486
0.0013064991261 28142.9868227
0.00135422172808 28896.6039446
0.00142571213993 30736.3660893
0.00142667753338 30767.2246569
0.00150402772291 30925.837961
0.00162358478139 34170.2454116
0.00162468416048 34137.7999161
0.00168859499978 35227.2091452
0.00170929507704 36374.8401876
0.0017104524932 36041.4267114
0.00183893466323 38082.2793598
0.00185017185702 37904.0362399
0.00199589286847 39405.6642143
0.00211982966913 41153.4003744
0.00234319918601 42678.1323625
0.0023447858381 42772.4076482
0.00235273522866 43392.7428344
0.0023543283379 42876.9886209
0.00244859837614 42859.4060138
0.00253117581834 44542.8780584
0.00253288975518 44267.3281854
0.00285528716105 46214.0343624
0.00285722056363 46431.1160856
0.00286690723173 45183.5595199
0.00286884850261 46808.6103855
0.00302234236866 46697.9633424
0.00322308119906 47331.5819861
0.00328475162208 48682.7348065
0.00350766470235 49022.6413229
0.0035243245465 48884.9336047
0.00362105297868 49664.3393137
0.00367040823839 49052.757222
0.00370034371404 50124.0934155
0.00388515399798 50579.3290234
0.00427134530888 51939.2030296
0.00428002796254 51798.0599668
0.00428292610085 51722.1741279
0.00447254743919 52600.936197
0.00461087992854 53298.6374873
0.00506920970515 54271.3167325
0.00507951423195 54623.1154767
0.00539493133314 54350.2718072
0.00539858440674 54726.7757209
0.00587127938768 55740.0562741
0.00589517354529 56423.0448638
0.00632942019142 57453.2185102
0.0063337060361 56797.4784119
0.00643308542852 57372.4976853
0.0064987366419 57398.6017664
0.0065784030809 58115.0741795
0.00658285751953 57333.0949583
0.00662308344332 58326.6510645
0.00670427421964 57955.2479119
0.00732592457242 58849.4398298
0.00734081647678 59590.773724
0.00739067513345 58772.1739061
0.00740068742807 59326.8589642
0.00782308374916 59817.9407532
0.00784960589336 59189.6988676
0.00797277060293 60177.4521626
0.00820268817032 60263.2104723
0.00854269061776 60671.8988225
0.00909775666092 61354.1426921
0.00911625028869 61167.7817639
0.00919060149727 61120.6447389
0.00980766216426 61297.9499324
0.0107752652002 62814.6359366
0.0111688542062 63167.7830064
0.0114521145196 63483.3887391
0.0117903470906 63175.0780177
0.0125904753467 63865.3017963
0.012616068861 64249.1969826
0.0128574646731 64637.9911623
0.013318092263 64576.2938603
0.0137858873083 64600.1970219
0.0137952221557 64960.9242824
0.0139737901234 65115.0233341
0.0141738451211 65153.2246862
0.0154148936895 65515.0794669
0.0163610171231 65916.0033554
0.0174005104334 66289.7001793
0.0174122928531 66450.7495449
0.0181586011003 66992.3512594
0.019549048331 67318.4887394
0.0195887870091 67106.5180406
0.0202083277067 67549.451626
0.0209890582998 67419.7110086
0.0228113942389 67598.5104628
0.0247919511056 67554.3123384
0.0250958696315 67994.2137228
0.0283668853333 68200.1740478
0.0286563763501 68301.744724
0.0333255717537 68615.4297804
0.0333481375212 68338.5993067
0.0432179196315 68994.878299
0.0432471838114 68914.5479081
0.0466217974591 68848.7989709
0.0475460318409 68813.3116265
0.0510137953746 68995.0747281
0.0567337706667 68935.1501711
0.056849097255 69083.4176212
0.0611607538805 69162.5082034
0.0653113057661 68985.8155271
0.0653997842912 69181.9029763
0.0654440684925 68983.0288505
0.0657994233128 69096.3966874
0.0658885631004 69055.1761663
0.0659331782688 68861.8089226
0.0659778236475 69139.6431437
0.0714639453986 69225.5551759
0.0761588893642 68967.9251189
0.0763137027104 69135.880704
0.0831080947249 68834.9166551
0.0833334236286 68970.7959501
0.0833898512475 68799.5910511
0.0835028211378 68909.9100188
0.0906300199446 68705.1981581
0.0908757428564 68965.1233471
0.0909372776112 68704.9072392
0.0910604721501 68574.8232201
0.0926772711243 68847.9957028
0.0933067330182 68672.5588981
0.0943866455718 68581.1324848
0.0948349400749 68674.1945275
0.100044304161 68550.0156503
0.105183226503 68342.8345688
0.107050778128 68358.0513479
0.111111351899 67923.4200544
0.111261876657 68103.1784491
0.111563538207 67934.3511759
0.112321275193 68135.5419865
0.113390760969 68104.4982256
0.124915415938 67693.8183826
0.125 67582.9346613
0.125084641337 67558.0975651
0.12843074364 67582.4971182
0.142734525496 67243.4363083
0.142927890797 66623.5961264
0.143121518054 66745.9509974
0.153248548283 66400.3192631
0.154289408898 66192.1313499
0.154393882992 66056.9537404
0.166666847257 64997.7100186
0.166779702495 64517.1968521
0.169511272983 65025.5660657
0.17955042058 64957.3346963
0.181874555222 64765.4901893
0.182491153911 64801.3043782
0.182614724273 64949.2040727
0.184728268781 64700.799528
0.184853353962 64632.7967914
0.185480051498 64716.7758956
0.199953213864 63850.2040979
0.200088608322 63080.3412318
0.207959572541 63295.2542156
0.219680171577 62505.8535773
0.222072331805 63159.7453837
0.222222703797 61935.8224032
0.223278162607 62036.820521
0.223580641975 62241.0147034
0.247474462461 62099.1195184
0.249830831876 62174.6406425
0.25 59488.3539326
0.250169282673 59741.2970404
0.250338679973 59269.1647105
0.252551311268 59869.1744938
0.276529981659 59645.7865024
0.276904602326 59162.3537556
0.285662350849 59351.2996283
0.285855781594 57967.9071639
0.286049343318 58857.4782324
0.286243036108 58274.390578
0.29992949581 58278.7102204
0.300335816264 57947.4712931
0.333333694514 54748.7830387
0.338563886734 54693.1739713
0.353792792446 54225.5513339
0.357403334598 54256.8339516
0.373732550022 54470.0922296
0.374999593672 54112.9830388
0.375253517407 53212.9276682
0.377291106898 54164.3542132
0.400177216645 52550.0891751
0.400448188921 52345.6350522
0.401262207148 52640.9428339
0.424451575437 52030.7146679
0.424738984627 52405.806007
0.432280319944 50768.1509283
0.432573030217 51413.3461159
0.434333458818 51674.7343168
0.495955041213 51043.2189875
0.498310606636 50923.3561524
0.499661663751 51258.2973659
0.5 42306.7714019
0.500338565347 41727.5881473
0.500677359946 41570.6464539
0.50203483398 42192.5419201
0.502374777175 41125.7242541
0.502714950556 42100.8493745
0.51581365649 41075.2290438
0.598642091188 40554.5825566
0.600265174554 39678.9102688
0.601078365726 39890.5826085
0.666667389029 35164.7682903
0.668022569102 35154.179132
0.693831021149 35241.5244993
0.700437449065 35211.7794245
0.750507034813 33892.8715355
0.980561271971 34165.7385642
0.982554525456 33210.1403551
1 0.0
