0 0.0
0.000986528559643 130.905044443
0.00098719656841 185.654970253
0.000999298372118 628.670462039
0.00100881335842 385.163146065
0.00107654549151 1013.39423884
0.0011287833866 1092.63571229
0.0011364500574 1179.61285294
0.00121029152783 1223.0840449
0.00129417640934 2116.21712371
0.00137082280436 4800.08463528
0.00137360936896 4108.29440077
0.00141322131071 5776.13566951
0.00141417824623 4881.58978232
0.00141513582973 5553.97110229
0.00149894593401 7823.11018129
0.00150097658588 7900.13627466
0.00153904379405 7534.8541749
0.00159418110546 6787.8491961
0.00167833915832 9022.09926315
0.00174909008686 9838.68141113
0.00191775323795 11640.7838276
0.00191905180753 12309.2740025
0.00192816644839 12234.6656135
0.00194126251056 11713.5668611
0.00194257699899 11854.0987072
0.00213134013461 13071.8273807
0.00214001398127 13017.725113
0.00215746771728 13511.9461883
0.00217359199832 13996.1401877
0.00229765037432 13170.0619585
0.00257611740902 15882.1242094
0.00258660135151 15149.3336475
0.00258835281867 15322.5914404
0.00274907896406 16340.6125282
0.00287468020578 16243.998764
0.00288442606629 16508.7713874
0.00317329049523 17076.5394813
0.00317543922763 17616.7192417
0.00317974105832 17500.2075588
0.00332052022211 18044.7914573
0.00343018000073 17927.9346296
0.00366296228621 18829.1754245
0.00367786932647 18344.6362214
0.00369783979322 18847.2822322
0.00370034371404 18758.3732051
0.0042339235578 19928.942188
0.0042367904774 20442.2662486
0.00452431176497 20635.7939402
0.0045458002296 20774.8305766
0.00517320270301 21282.4509247
0.00517670563734 21298.3310498
0.00567973392853 22070.6236661
0.00576885213258 22338.8351195
0.006565057842 22834.432942
0.00656950324417 22797.4455477
0.0078125 23225.260033
0.00789222847714 24266.6923652
0.00789757254728 23659.4792333
0.00842781873248 24166.5532475
0.0094620413932 25005.9821348
0.00946844843185 25147.5089854
0.00966923312016 24927.2187811
0.00967578045469 25250.0987378
0.0103534112747 25371.8781365
0.011033596024 25903.7236527
0.011048543456 25511.7286245
0.011726672419 26214.1370371
0.0124380009052 26639.6359581
0.0124464230574 26437.2760762
0.0136005111855 27118.6193396
0.0136189360685 27104.3432525
0.0137021574177 26971.9520362
0.0137207200029 27433.9334315
0.0147314072368 27280.5564947
0.0147413823248 27223.8528888
0.0163278264415 27630.8544486
0.0170391833229 28148.9925337
0.019247051324 28372.5640918
0.0193123034786 28466.1697483
0.0194040283136 28231.2496798
0.0218738588221 28763.8804949
0.0218886702833 28742.9798563
0.0220821344211 28832.393237
0.0220970869121 28639.0532196
0.0259949465676 29198.3477286
0.029904853028 29354.9900138
0.0299251025218 29256.905734
0.0312711603342 29438.7328921
0.0313347273453 29528.6100694
0.0343563063322 29657.2471017
0.039631007041 29836.886841
0.0396578424122 29666.6200803
0.0414136450987 29861.2500315
0.0437773405665 29990.6334776
0.0499206749346 30065.556823
0.0502937674198 30143.5739156
0.0575070567805 30138.5981759
0.0575849627342 29979.4214094
0.05762395528 30142.1694092
0.0585677385659 30067.0908056
0.0611607538805 30267.3042788
0.0712224839684 30189.5937973
0.0712707108983 30330.5660535
0.0713672627481 30394.0959591
0.0714155877122 30353.2503574
0.0714639453986 30328.6589995
0.071560759027 30407.1329946
0.0719006407414 30388.4831902
0.0719493268721 30403.8148475
0.0830518577629 30320.5969371
0.0833334236286 30460.8109257
0.0835028211378 30475.4647818
0.0846409716836 30502.8488914
0.0916169161566 30375.3089662
0.099976606932 30461.7502154
0.100044304161 30425.0183432
0.107413706133 30468.4270347
0.111111351899 30361.4784792
0.124493353388 30279.4301263
0.124746419482 30266.2782059
0.125423780204 30208.749941
0.125593694294 30259.5604435
0.12739174951 30279.9848657
0.134389486886 30156.1988399
0.143121518054 30006.9513028
0.145465607347 30098.7398125
0.154917315562 29974.1520082
0.155127185131 30143.1662667
0.166666847257 29623.3046277
0.166779702495 29685.7041401
0.167005642276 29629.4494968
0.169281943367 29735.4582432
0.184353520861 29642.0060098
0.199817911023 29610.5185974
0.200088608322 29220.0741162
0.200902902521 28960.5705405
0.201311291494 28967.474734
0.211365599909 29105.1040374
0.220723554492 29035.7383768
0.223278162607 28701.0454771
0.223429351104 28681.159156
0.224338634375 28768.3134481
0.244808670817 28533.6726557
0.244974438282 28424.6596986
0.249492838964 28574.895436
0.25 28108.5641508
0.261245223064 28023.0178278
0.261422120223 27857.1157338
0.262130907495 27625.3953525
0.266785100169 28118.9077495
0.274478609026 27746.4380256
0.292115208138 27188.7947825
0.292510942421 27147.1759603
0.3317579919 26898.9800252
0.331982635419 27031.4325258
0.333333694514 25663.0920528
0.33355940499 25551.0911074
0.351643998455 25631.2107551
0.371211291468 25465.8532809
0.377035804383 24960.846741
0.377291106898 25066.2150401
0.400177216645 24608.7136127
0.40071934468 24729.2635675
0.425314386978 24503.0978402
0.425602380404 24344.9127946
0.444445407594 23863.0972737
0.445047506629 23642.0822728
0.448677268751 23838.21469
0.5 20046.9196999
0.531767380427 20366.7518585
0.532127456442 19506.821394
0.557570664032 19671.0606021
0.600265174554 18844.7792341
0.601078365726 18735.2263213
0.663515983801 19095.1183739
0.666667389029 17013.61267
0.66711880998 17056.9064058
0.741920205993 16646.7438906
0.746959310968 16736.2452616
0.750507034813 16311.0639573
0.778974732418 15686.8255127
0.804700278717 16339.4252368
0.876344674856 15584.8700848
1 0.0
