0 0.0
0.0009765625 114909.120653
0.00098719656841 102354.958958
0.00101772980716 118229.278064
0.00101910854598 113369.26663
0.00101979861565 114872.474609
0.00105991483457 120851.8321
0.00106063253543 125486.295809
0.00109788701867 131356.387996
0.00110011876817 132156.975962
0.00114727095637 142198.705543
0.00114804780875 136937.067962
0.00114882518716 143247.558798
0.00116369579791 142457.709144
0.00116448377205 143480.602257
0.00119806498108 147550.410692
0.00122844985814 151221.931901
0.00129330067575 156977.496069
0.00129417640934 156876.786427
0.00131983226987 160118.740969
0.00132251518256 161960.699019
0.00139044811363 164770.187543
0.00139327457194 167856.463185
0.00139421800091 164261.086858
0.00140558910088 167838.4803
0.00150606525919 179132.342964
0.00156955392594 183552.823087
0.00157168023187 178682.671708
0.00157274446479 184144.04046
0.00163793491896 185902.371904
0.00171625134045 190740.631152
0.0017174134669 186369.494764
0.00171974008109 190154.500664
0.00172907809967 191116.591858
0.00178135096231 195618.87454
0.00183024183019 193190.382887
0.00189196558629 200020.160167
0.00189709522538 201452.49143
0.00190739626485 202265.766119
0.00190868782141 199002.54323
0.00190998025251 199868.258939
0.00191645554708 198513.545564
0.00192947206908 197230.990572
0.00204236031424 204938.12688
0.00205762431631 207311.07652
0.00205901759689 205845.383479
0.0020828482346 205655.788181
0.00213278333044 209927.159218
0.00213711878394 204430.991253
0.00214146305042 210361.286898
0.00217653660663 210203.416001
0.00226215588249 213399.144648
0.00226368765767 214634.191615
0.00231482233943 212829.134836
0.00243043402496 219422.921134
0.00243702360009 217265.030983
0.00243867378357 218758.928245
0.00247191311441 218699.858013
0.00250391002582 219551.410168
0.00250560550015 220378.373746
0.0026611933748 223058.68276
0.00266299535052 224146.920579
0.0026647985464 225629.859567
0.00267021546337 226286.599231
0.00267202354822 225179.399248
0.00267383285737 224726.311982
0.00277901447127 225808.615266
0.00284178992535 229835.737673
0.00285335506676 229444.696568
0.00290205195334 229860.084659
0.00290401702179 231966.741348
0.00294758677264 231611.276038
0.0030141701244 232875.675647
0.00302438888944 233296.344008
0.00304081102203 234545.195146
0.00304287004851 231749.22517
0.00304493046921 231608.401186
0.00309480129932 233992.041826
0.00324716956277 236396.036139
0.00324936832095 236680.984191
0.00335895122656 238635.105741
0.00336577919482 237984.39782
0.00343018000073 238399.034689
0.00364564708723 240958.859488
0.00365058591785 241521.456628
0.00367040823839 243620.119911
0.00375077971321 243159.724362
0.00376094910866 244632.205684
0.00379933051603 244785.866679
0.00382772559815 244161.893659
0.00403525343368 247458.570226
0.0041460047941 250237.29717
0.00421961803308 251479.029401
0.0042339235578 249454.757494
0.0042367904774 250910.333948
0.00431201563641 251624.780471
0.00447557593833 254054.418464
0.00448163909009 253296.476896
0.00448467374547 253985.941807
0.00460152609397 255543.411082
0.00462025277728 257571.834446
0.00467372661367 259829.660818
0.00468322721513 257517.334884
0.00472781934501 258239.330942
0.00474705999992 257978.701743
0.00477606790009 256857.576317
0.00478577653765 260872.324533
0.00489057139792 262293.428084
0.00503160496516 262606.272651
0.00519074111018 262220.366969
0.00520833897679 264040.292924
0.00540589797642 265714.067667
0.00566437624653 269082.091987
0.00571057432211 267727.164091
0.00572605725979 268085.086758
0.00578057887005 268850.222283
0.0059513054245 272217.779994
0.00595533523607 271231.739345
0.00595936777635 271354.664946
0.00632942019142 273859.85173
0.00635948211663 273329.506878
0.00648555301786 274137.7398
0.0064987366419 274327.935985
0.00686036000146 276683.702235
0.00701058232423 277740.173685
0.00708692256055 277561.864648
0.00712540384925 276827.695074
0.00716409408754 277812.952086
0.00735573865293 279424.895204
0.00736071944935 279228.237796
0.00760895508931 279292.812463
0.00761410734634 279469.633595
0.00763475128562 279970.899835
0.00789757254728 280225.775043
0.00811982338274 280658.646654
0.00815286836781 280368.19745
0.00872384400159 281631.64205
0.0087415775517 281530.013227
0.00881287296761 282290.443715
0.0104874277906 282402.111178
0.0104945291499 283052.78454
0.0122292893007 283103.739529
0.0122458565622 283262.134292
0.0356594852421 283239.55308
0.035683631374 283254.945796
0.0359503203707 283243.786305
0.0404166554134 283215.879815
0.0459948832925 283214.388256
0.0460260278397 283204.81515
0.0504984463537 283220.150895
0.0506010979748 283138.719321
0.054035039993 283100.374483
0.0540716287771 283091.585266
0.0541815438488 283089.724039
0.0542182318351 283121.40052
0.0555556759493 283023.917911
0.0555932944026 282986.393975
0.0556309383286 282923.961157
0.0560846585938 282994.94998
0.0586073965794 282899.025301
0.0586470814464 282924.288088
0.0588459092235 282726.165929
0.0588857555948 282900.928656
0.0595672869766 282692.081945
0.059607621815 282742.972374
0.0598502050437 282649.516054
0.061492850726 282641.169476
0.0642588540191 282358.347862
0.0643023656615 282419.342389
0.0644330774468 282396.663426
0.0644767070612 282357.498042
0.0645203662185 282411.381036
0.0645640549388 282051.235996
0.0666511435073 282175.680244
0.0666962750423 281684.437045
0.0689922501826 281468.434189
0.0696491714122 281368.760483
0.0712707108983 281549.800553
0.0714639453986 280972.511248
0.0719006407414 281031.136623
0.0719493268721 281146.318247
0.0740743148617 281035.246526
0.0741244728538 280118.667603
0.0752365823181 280385.066423
0.0753895208282 280158.356723
0.0755427702267 280519.141505
0.0769361094947 279905.256521
0.0769882052959 279780.058248
0.0775111074155 279851.111432
0.0781961933241 279680.059746
0.0794231353605 279516.420265
0.0800167205833 279044.806317
0.0806147420879 279014.937049
0.0814925790745 279072.093985
0.0833334236286 278510.254016
0.0835593634609 278090.348198
0.0867876044287 277819.560046
0.0868463709794 277798.735448
0.0874362295336 277443.555701
0.0893508336495 276985.803398
0.0909372776112 276374.358512
0.0913691891537 276355.330074
0.0934964039506 275889.086219
0.0938133793517 275681.4467
0.0953498844215 274857.218231
0.0964534439808 275023.124066
0.096714955797 274735.549179
0.096780444462 274182.418015
0.0972401084431 274085.5923
0.0986990280246 274804.751362
0.0987658601658 274095.30163
0.100044304161 272601.187549
0.103208436681 272438.23699
0.103348255203 272254.976663
0.10348826314 271976.271798
0.10369863076 272173.782875
0.104969847167 271939.011554
0.105682799954 272012.836672
0.107050778128 271004.27038
0.107195801947 270290.630375
0.107268387514 270352.973536
0.107413706133 270302.646237
0.109914461882 270186.23408
0.111036165903 270090.540803
0.111111351899 268004.095508
0.111186588805 267902.567772
0.111261876657 267787.526085
0.114780790853 268491.080395
0.115325948457 267697.301291
0.115404039197 268155.800217
0.115638628824 266850.675012
0.115716931289 267094.198957
0.11761217963 266885.083972
0.117691818447 265544.891915
0.118571412585 266722.784487
0.120024950823 264549.179132
0.120921982108 265495.212981
0.121003862093 264272.798466
0.125 263009.801973
0.125084641337 261713.900142
0.130357624736 261523.403216
0.131955647295 260538.928027
0.133121944069 260605.557225
0.133212085023 260614.299625
0.133392550085 259808.84358
0.136405768615 257377.736843
0.136498133148 257921.850185
0.136590560223 258135.271982
0.138639865249 257829.318592
0.139298342824 257043.2791
0.142927890797 254155.456003
0.143024671659 255265.626859
0.143121518054 253881.35509
0.149964747905 253572.86001
0.150066293638 252501.596529
0.15149517491 252473.699104
0.153664047248 251804.085935
0.154080672745 250126.094761
0.154289408898 250212.212707
0.157028851733 250609.695689
0.157348054944 250032.871548
0.157988409282 249617.688669
0.159708790263 247770.04249
0.160033441167 247421.978607
0.160141804721 247590.159254
0.166103715526 247035.535117
0.166666847257 242797.988456
0.16689263415 243202.282149
0.173105871228 243084.694888
0.173928046971 242209.675515
0.176537536384 240053.652065
0.178701667299 238789.238793
0.181874555222 238747.135909
0.182244263981 238374.984789
0.187499796836 238013.215404
0.187626758703 235477.15107
0.189541535758 236080.762245
0.18966988015 235705.356561
0.199817911023 234534.581891
0.199953213864 234626.72548
0.200088608322 228551.366918
0.20022409446 229649.325524
0.20336572256 229477.038374
0.203503427732 228911.60484
0.206137614634 227835.347457
0.211365599909 225854.584074
0.213956679621 225445.628297
0.214391603893 224847.579813
0.214536775029 223793.917977
0.214827412265 224378.788139
0.22012673038 222743.7196
0.222222703797 220629.804284
0.223429351104 221178.851849
0.230808078394 217865.463464
0.23395401211 217052.033469
0.234112429552 217396.851069
0.234270954264 217680.787901
0.238591935861 215881.222301
0.24881822432 215095.556093
0.248986706777 215347.165809
0.249492838964 215664.246652
0.25 208984.524121
0.250169282673 207194.900072
0.250338679973 208540.506009
0.25101741699 208850.536745
0.254438805708 209713.138243
0.255474287164 207106.368757
0.264806017648 206980.585195
0.26498532593 206127.688176
0.265344306822 206191.649234
0.269872814951 204584.210493
0.270055554117 205909.801347
0.271154590553 205058.362799
0.272996266296 202900.706629
0.275595645827 201975.099491
0.285855781594 197815.898502
0.287213469165 198330.023199
0.29429839154 196005.951598
0.300132587277 192205.158441
0.307328094496 193527.12058
0.307744437979 192569.260912
0.308787765984 190786.327303
0.311727940256 191954.331092
0.321151986402 190943.295173
0.321369448269 191030.588527
0.321587057387 189395.781834
0.330860936897 190342.080584
0.333333694514 179649.874534
0.33355940499 180339.532527
0.343178541272 179956.752654
0.354272082579 177687.564318
0.363749110445 174794.09892
0.363995416132 175710.444834
0.365971875247 174604.954837
0.375253517407 170204.02143
0.378314046863 171329.969627
0.384770557112 170771.186897
0.399906427728 169348.44244
0.400177216645 163976.311227
0.40071934468 164470.813488
0.400990684048 164470.074128
0.421873628644 162345.259694
0.422159292227 161598.634887
0.424451575437 162603.622268
0.428783207787 159200.294702
0.429073550057 160444.997933
0.431111458204 159826.844374
0.439955553351 159999.026876
0.444445407594 158763.119635
0.444746355221 156261.323526
0.456952841057 155589.432073
0.457262257851 156120.2809
0.499323556445 155568.670695
0.499661663751 155430.103031
0.5 132979.60157
0.500338565347 131636.901217
0.516512439511 129160.739135
0.545623074461 127005.24027
0.545992532592 126469.073439
0.571711563189 124218.8398
0.572873720107 125013.43308
0.57403823942 122091.925741
0.578720036817 122911.665934
0.600265174554 119117.831504
0.606801633746 118712.679096
0.60762367999 118818.655488
0.627265637696 117871.118579
0.634096112656 116371.936867
0.655037060064 117834.419382
0.666667389029 104195.921635
0.66711880998 104080.616487
0.667570536602 104061.907976
0.668022569102 104827.213833
0.70902394216 103207.423052
0.739914095367 102536.588013
0.74091647171 101445.102316
0.741920205993 101827.157347
0.750507034813 97734.6835009
0.751015226162 97197.2529382
0.751523761622 97114.3310158
0.799271644094 97381.9618033
0.800354433289 96424.8413074
0.800896377841 95012.0063438
0.979897753126 93033.5764438
1 0.0
