0 1281.58047055
0.0009765625 3271.41242167
0.00154008592784 3487.03390849
0.00155580288217 3483.13183083
0.00175264558106 3551.56952431
0.00248533535818 3808.41612349
0.00328475162208 4083.88912342
0.00372295543604 4046.09640805
0.00496394596003 4326.55884266
0.00497067071636 4192.82399436
0.00615200946177 4298.10933819
0.0061561751762 4309.76948346
0.00816944125698 4331.07611195
0.0081749730364 4423.0947641
0.00818050856156 4421.73354827
0.00841641684516 4471.82624725
0.00929068058596 4458.82760482
0.011048543456 4520.00467411
0.0115377042652 4602.78296076
0.0117903470906 4593.0789888
0.0120485220735 4623.85080481
0.0131568061618 4652.73261646
0.0131746299488 4630.5553279
0.0132820808884 4624.8588194
0.0154044628549 4711.94108865
0.0154148936895 4774.35927969
0.0154566877062 4756.43108478
0.0178780839574 4797.51970638
0.0178901897567 4830.5031651
0.0223679697503 4916.2892228
0.022580950109 4945.04814493
0.0268534265332 4986.83785896
0.0271458411762 4941.98237725
0.0272932404094 4957.30372725
0.0274414400058 4947.1389891
0.0296027497123 4995.9151337
0.029904853028 5042.8731054
0.0299251025218 5005.24046887
0.03125 5004.6829368
0.0396846959546 5089.02133311
0.0397922920806 5100.25513992
0.0398192366629 5097.85412795
0.0401168339607 5091.55883075
0.043925756329 5157.74058512
0.0525560259534 5167.07910014
0.053743219625 5190.72891103
0.0537796108085 5158.36732185
0.066022499257 5219.73305108
0.0660672051177 5200.36851691
0.0666511435073 5213.71017141
0.0833334236286 5241.0898901
0.0833898512475 5240.21844447
0.0834463170752 5256.81551254
0.0835028211378 5252.80417263
0.0997062757941 5247.56238243
0.100044304161 5261.12227139
0.108583364705 5263.97697971
0.114625505401 5250.83402378
0.125 5246.60534378
0.164759950158 5217.7551707
0.166666847257 5173.66998847
0.167005642276 5191.95334401
0.169281943367 5151.02306052
0.200088608322 5142.60639116
0.20022409446 5158.36100386
0.201311291494 5141.45739562
0.244808670817 5128.46775706
0.244974438282 5140.64862656
0.25 4933.35618356
0.333108136771 4995.13549788
0.333333694514 4818.30483841
0.33355940499 4784.95040662
0.334690251971 4821.8297206
0.334916881013 4722.86034359
0.342250605744 4821.34499325
0.5 3847.776757
1 0.0
