0 0.0
0.00097854762491 161.153035765
0.000979210229541 0.0
0.00101704113739 118.330494701
0.00101979861565 0.0
0.00114804780875 232.88420206
0.00114882518716 421.919711591
0.00141035438757 875.116592325
0.00141130938181 847.530857907
0.00148984194409 1293.09077937
0.00154008592784 1057.03039885
0.00154112876729 1248.56555842
0.00155369805651 1538.86959246
0.00187158535795 2598.04670073
0.00187285266584 2858.81474203
0.0022575667732 3783.18253909
0.00226215588249 4319.82140182
0.00226828920929 4739.46988454
0.00269746566657 5089.57568451
0.00270111997697 5328.92367647
0.00316042860022 6014.76470585
0.00317974105832 5745.20370123
0.00374570533169 6647.43790722
0.00386417192654 6489.47607569
0.00466108911903 7366.55966072
0.00468322721513 7146.83430719
0.00517320270301 7276.49703157
0.00517670563734 7249.10234223
0.0059876721175 8034.91583606
0.00683255377627 8295.73488167
0.00765027096302 8585.99380959
0.00838230365255 8846.18572519
0.00975469513429 9204.4388595
0.00988765245765 9318.16282824
0.0102766069281 9306.41083164
0.0108852294223 9552.49914977
0.0109221329802 9563.78420355
0.012488619439 9712.63966053
0.0125819557184 9874.97046258
0.0131390064883 9901.79255738
0.0158594260905 10203.0204727
0.0176974768687 10367.8692379
0.0191950083767 10444.7771095
0.0200448440012 10426.6007882
0.0226115409713 10763.2496841
0.0226728470782 10692.1746635
0.0227035624351 10890.7380604
0.0257497658725 10907.9442974
0.0258545588696 10952.2713998
0.0297634897159 11057.0373699
0.0332579660276 11096.2928622
0.0333481375212 11077.6186
0.041610341457 11317.4609684
0.0416385170963 11227.0573485
0.0418929579391 11313.846845
0.0419497111626 11330.058993
0.0419781165996 11302.4522695
0.0506010979748 11383.3277717
0.0549944441688 11518.3961718
0.0550316825949 11425.6601261
0.0555932944026 11511.4080955
0.0557440231147 11538.2238602
0.0634806599786 11576.1709308
0.0635236446819 11584.7844501
0.0743757727275 11629.0499637
0.0744261348461 11681.4921642
0.0798543951315 11724.9333889
0.0801793760049 11654.7840642
0.0871998068729 11717.9150688
0.0953498844215 11723.9115399
0.111036165903 11817.0517379
0.111111351899 11772.5844732
0.11921524363 11702.7755051
0.119700410087 11723.7969327
0.127737143582 11756.0199454
0.130799568582 11655.2533944
0.143898653744 11728.4738425
0.162214710565 11593.1398196
0.162985158149 11591.8156935
0.166666847257 11599.4819439
0.166779702495 11665.0762016
0.167458440507 11590.2752107
0.193954353287 11370.324082
0.194217107108 11424.1000212
0.200088608322 11255.7849936
0.2149728785 11278.9933872
0.222072331805 11246.2975853
0.223127076415 11308.1548715
0.23159057355 11286.6454553
0.25 10975.6530738
0.269143093995 10953.0093069
0.269690199439 10935.5435421
0.29429839154 10984.2078519
0.331533500392 10735.9686316
0.333108136771 10761.3061036
0.333333694514 10319.760752
0.333785268301 10292.1908763
0.334011284551 10101.0413724
0.337648428973 10319.7009213
0.375253517407 10213.4583976
0.385552706352 10036.0250952
0.405906331754 9799.33665101
0.40618118339 9822.20123828
0.406456221136 9944.89574316
0.406731445119 10048.9804475
0.5 8289.06562405
0.501695120815 8261.39899712
0.502714950556 8264.5936041
0.545253866333 8022.33427045
0.610923016486 7826.17432001
0.615488875958 7764.22657629
0.666667389029 6835.94800011
0.66711880998 7204.78420703
0.765385148554 6451.1452026
0.771105412704 6878.72736556
1 0.0
