0 0.0
0.0009765625 48894.2688955
0.0010204891526 50362.5215101
0.00102118015712 48608.5799318
0.00104778795657 50679.740457
0.00107508904699 52859.8124599
0.00111889398458 58054.4138719
0.00112116843637 55752.4340564
0.00115897913765 56275.053372
0.00128110244492 61967.639514
0.001379199503 66106.6742177
0.00151117118433 67638.0690456
0.00151526838506 67305.0548639
0.00154008592784 69750.0970152
0.00154740064966 68291.5047591
0.0016591366587 70201.7051359
0.00171509000036 72550.4498359
0.00179223627888 73570.5596065
0.00179587947927 74175.9612568
0.00182159008905 74209.4790164
0.00187031890761 73305.4174986
0.00199724434879 77332.276421
0.00200265942756 77864.8443179
0.00200537247012 77742.5383132
0.0020368378865 78777.7496841
0.00215600781821 79541.1409323
0.00216039048171 81371.741085
0.00227443916523 80223.3345184
0.00227906257217 81520.4894031
0.00246189402318 81932.0768004
0.00247861515077 83166.4296068
0.00257437422122 84190.3254471
0.00264682139636 85146.3986599
0.00264861364036 84062.0707974
0.00268289779684 85731.781922
0.00270294898821 84699.496849
0.00279032413743 85572.4432091
0.00279221355155 85827.7653128
0.00285528716105 86705.7725361
0.00285915527537 86674.4657293
0.00315615289711 89286.8924033
0.00321436616827 89075.3744092
0.00330258749857 89772.1322252
0.00333629121337 89364.2766207
0.00333855031856 90724.7910033
0.00346988018446 91871.2496658
0.00347693364554 91573.0505962
0.00358204704377 92523.5920964
0.00390889504177 94934.3827017
0.00403525343368 95073.1998634
0.00417133982108 96937.180564
0.0044064364838 98409.8955165
0.00442436921718 96755.3636426
0.00443936889789 97991.701578
0.00444237493083 97299.4100526
0.00471503558667 98710.2281402
0.00503501201932 99968.4443255
0.00528290387525 100403.837926
0.00590715706488 103071.496507
0.00592718375468 102963.770877
0.00596340304718 103336.520433
0.00597552526151 103051.799067
0.00599984366522 102580.140937
0.00636378831716 104642.086771
0.00641134940486 105007.860604
0.0066545401381 105031.49626
0.00714472277893 106919.415616
0.00767101295181 107682.986496
0.00768140502565 107124.98324
0.00768660634075 108223.365723
0.00783368183633 108848.243642
0.00815838892521 108424.721596
0.00886672586588 109316.258914
0.00889076599849 109811.419133
0.00957155307529 110933.365278
0.0103604218872 111643.904809
0.0103674372469 111252.377919
0.0104661525317 111441.84146
0.0112523269472 112868.769808
0.0112599462432 112325.993389
0.0124464230574 113662.964929
0.0130857518234 114005.94994
0.0131034793517 114163.656198
0.0236286282595 114878.264502
0.0237087350187 114733.691246
0.0267989504867 114736.955613
0.0268534265332 115113.264797
0.0285788911157 114956.7469
0.0331904974496 115064.728084
0.0332579660276 115186.861321
0.0332804860172 115095.370528
0.0333030212558 114700.392985
0.0372887129522 115031.248938
0.0378994392356 115341.328706
0.0379251021092 114976.0139
0.0397653657309 115167.980972
0.0400896880025 115264.849099
0.0417796817305 115163.119138
0.0418079720353 115410.262471
0.0451008012654 115367.551544
0.0474817074273 115557.277469
0.0476426818886 115185.564676
0.0479338124325 115218.325821
0.0513602798995 115371.698687
0.0549200428942 115437.79757
0.05510623511 115264.953903
0.0555556759493 114930.957336
0.0557817691037 115036.375647
0.0588459092235 114845.43936
0.0588857555948 115099.877919
0.0625 114799.189058
0.066022499257 114765.524031
0.0660672051177 114737.926045
0.0666962750423 114400.245791
0.0714155877122 114199.117615
0.0714639453986 114090.170854
0.0725361382517 114349.311852
0.0760043900792 114007.793193
0.0762620633266 114007.392568
0.0776161132546 113458.075833
0.0789407514351 113560.26518
0.0789942046408 113565.931352
0.0793156848245 113732.440086
0.0830518577629 113684.820976
0.0833334236286 113129.049858
0.0903849614537 113146.936532
0.0904461638852 113002.79011
0.0909372776112 112355.709026
0.0934331375055 112363.492949
0.0942589510957 112454.626506
0.0972401084431 111523.876211
0.0997737899737 112222.839157
0.100044304161 111564.174313
0.100655645747 111755.400682
0.105183226503 111759.224261
0.105468407161 111192.523233
0.107341022232 111143.191414
0.107413706133 111037.197083
0.111111351899 109757.681246
0.117532594703 109733.516782
0.118410998849 109577.035169
0.125 108337.46279
0.125084641337 108365.820367
0.127305547016 108177.068779
0.133392550085 107676.588323
0.136405768615 107203.049083
0.137797822913 106861.805641
0.142927890797 106108.120505
0.145367174771 106208.979523
0.145465607347 106405.981871
0.153872218989 105040.354352
0.153976410592 104791.366287
0.154707729923 105098.271931
0.155232226509 104737.141729
0.16243446606 105110.261598
0.166666847257 101815.827282
0.167005642276 101897.537171
0.181874555222 101421.923494
0.181997708066 101010.387926
0.182491153911 100472.489245
0.185103778478 100845.584479
0.188262858752 100598.100142
0.200088608322 97905.7055313
0.20022409446 98030.465492
0.208382306086 97138.5723478
0.208523408141 97808.547627
0.212513294215 97542.0569968
0.215409868468 97535.9788476
0.217313779667 97602.9017053
0.219680171577 96928.076419
0.222373177611 95844.1707064
0.222976092459 96494.3401909
0.22449054095 95115.9121271
0.228012923176 95355.371647
0.24881822432 94829.9242357
0.25 92036.0515266
0.250169282673 90513.6344205
0.250338679973 90394.4994232
0.250508191977 90730.7047148
0.250677818763 90729.2174198
0.277655366865 89938.9206816
0.277843375836 89589.9047736
0.285855781594 88479.9673241
0.287992183879 88073.5816628
0.288773009901 87977.8893538
0.289360018408 88262.9310324
0.300132587277 87649.2119126
0.30962497455 87186.7452424
0.333333694514 82290.041531
0.33355940499 81438.4999523
0.334916881013 81205.2355905
0.354272082579 80933.9681434
0.35451197108 80537.7963624
0.365476756615 80818.3397675
0.375253517407 79880.9289887
0.400177216645 77601.9038202
0.400448188921 76662.9540764
0.410326361911 76394.2168217
0.428493061982 76904.1502269
0.428783207787 75962.1632544
0.439063040093 75636.1343523
0.5 61003.3741244
0.500338565347 60862.9284196
0.500677359946 59921.6975344
0.511294553289 60477.9842333
0.570551763873 60431.9402366
0.572098686636 60347.7568479
0.600671632528 57933.4430684
0.602708054503 58082.2272215
0.619669262247 58315.0221866
0.620088859324 58829.6557189
0.620508740523 57310.5431925
0.620928906037 58283.4470789
0.666667389029 52197.526021
0.675296857946 51571.8772686
0.677127773468 52157.3574687
0.750507034813 50181.1843675
0.785327970973 50959.1279789
1 0.0
