0.00029397460514	0.00179466425702	0.00179587947927
0.00029397460514	0.00712058228443	0.00712540384925
0.00029397460514	0.0188729131279	0.0188856925567
0.00029397460514	0.0656659396979	0.0657104041212
0.00029397460514	0.0681106135047	0.0681567332916
0.00029397460514	0.166554068385	0.166666847257
0.000293974605141	0.219382969105	0.219531520047
0.000293974605141	0.272996266296	0.273181120447
0.000293974605141	0.278408166934	0.278596685649
0.000293974605141	0.333333694514	0.33355940499
0.000293974605141	0.500338565347	0.500677359946
0.000293974605141	0.5	0.500338565347
0.000293974605141	0.00111285131201	0.00111360485779
0.000293974605141	0.00143248363723	0.00143345361587
0.000293974605141	0.00143345361587	0.00143442425131
0.000293974605141	0.00179223627888	0.00179344985708
0.000293974605141	0.00179344985708	0.00179466425702
0.000293974605141	0.00268653237185	0.00268835150538
0.000293974605141	0.00619379376854	0.00619798777641
0.000293974605141	0.00996154987255	0.00996829514372
0.000293974605141	0.032832969849	0.0328552020606
0.000293974605141	0.0973718415523	0.0974377750149
0.000293974605141	0.166666847257	0.166779702495
0.000587949210281	0.00237031888182	0.00237352999996
0.000587949210281	0.0340322624629	0.0340783666458
0.000587949210281	0.0411064277125	0.0411621154078
0.000587949210281	0.601892658545	0.602708054503
0.000587949210281	0.0555556759493	0.0556309383286
0.000881923815422	0.00118756859499	0.00118998264632
0.000881923815422	0.0112981201817	0.0113210866378
0.000881923815422	0.012007812687	0.0120322217833
0.000881923815422	0.0251809506935	0.025232137722
0.000881923815422	0.104050194175	0.104261704071
0.000881923815422	0.200902902521	0.201311291494
0.000881923815422	0.00179587947927	0.00179953008544
0.00117589842056	0.135210701874	0.135577295277
0.0014698730257	0.00619798777641	0.00621900045259
0.00176384763084	0.0421489535958	0.0423204858418
0.00176384763084	0.00111360485779	0.0011181368598
0.00205782223598	0.00603650696125	0.00606517767915
0.00235179684112	0.276904602326	0.278408166934
0.00235179684112	0.663067000783	0.666667389029
0.00235179684112	0.165654580395	0.166554068385
0.00323372065655	0.0113210866378	0.0114056971194
0.00323372065655	0.025232137722	0.0254207153199
0.00529154289253	0.33355940499	0.337648428973
0.00587949210281	0.273181120447	0.276904602326
0.00617346670795	0.00308225753459	0.00312638450504
0.00646744131309	0.0138139108176	0.0140211646485
0.00646744131309	0.0185939431819	0.0188729131279
0.00646744131309	0.666667389029	0.676669579727
0.00705539052337	0.245971402904	0.25
0.00823128894394	0.00151014861635	0.00153904379405
0.00911321275936	0.00606517767915	0.00619379376854
0.00999513657478	0.00129242553475	0.00132251518256
0.0102891111799	0.0411621154078	0.0421489535958
0.0105830857851	0.131955647295	0.135210701874
0.0123469334159	0.278596685649	0.286630815243
0.0152866794673	0.0328552020606	0.0340322624629
0.0155806540725	0.0657104041212	0.0681106135047
0.0199902731496	0.716744706684	0.750507034813
0.0214601461753	0.00426845500698	0.00448467374547
0.0217541207804	0.00786023991061	0.00826399265626
0.0220480953855	0.0556309383286	0.058528107388
0.0223420699907	0.00143442425131	0.00151014861635
0.0223420699907	0.0114056971194	0.012007812687
0.0235179684112	0.11524791056	0.121660901099
0.0235179684112	0.0035243245465	0.00372043621449
0.024987841437	0.676669579727	0.716744706684
0.024987841437	0.0188856925567	0.0200041801458
0.0258697652524	0.00153904379405	0.00163350603481
0.0261637398575	0.0011181368598	0.00118756859499
0.0261637398575	0.363011192942	0.385552706352
0.0285155366986	0.0974377750149	0.104050194175
0.0293974605141	0.286630815243	0.306704635156
0.0296914351192	0.00826399265626	0.00884873843436
0.03145528275	0.337648428973	0.363011192942
0.0341010541963	0.750507034813	0.811812663509
0.0346890034066	0.00132251518256	0.00143248363723
0.0349829780117	0.00179953008544	0.00195048264237
0.0352769526169	0.121660901099	0.131955647295
0.0358649018272	0.00118998264632	0.00129242553475
0.0361588764323	0.306704635156	0.333333694514
0.0373347748529	0.201311291494	0.219382969105
0.037628749458	0.00506577951036	0.00552427172802
0.0379227240631	0.0230754085303	0.0251809506935
0.0382166986683	0.25	0.272996266296
0.0385106732734	0.00552427172802	0.00603650696125
0.0402745209043	0.00163350603481	0.00179223627888
0.0414504193248	0.602708054503	0.663067000783
0.0426263177454	0.0254207153199	0.0280423292969
0.0426263177454	0.00712540384925	0.00786023991061
0.0435082415608	0.104261704071	0.11524791056
0.0470359368225	0.0140211646485	0.015625
0.0476238860328	0.0497856922294	0.0555556759493
0.0493877336636	0.219531520047	0.245971402904
0.0499756828739	0.385552706352	0.432573030217
0.0499756828739	0.058528107388	0.0656659396979
0.0514455558996	0.00884873843436	0.00996154987255
0.0520335051099	0.00312638450504	0.0035243245465
0.0529154289253	0.00448467374547	0.00506577951036
0.0537973527407	0.00237352999996	0.00268653237185
0.054385301951	0.00996829514372	0.0112981201817
0.0567370987921	0.0009765625	0.00111285131201
0.0587949210281	0.00621900045259	0.00712058228443
0.0593828702384	0.00268835150538	0.00308225753459
0.0596768448435	0.00372043621449	0.00426845500698
0.0599708194487	0.0120322217833	0.0138139108176
0.0620286416847	0.0200041801458	0.0230754085303
0.0629105655001	0.432573030217	0.5
0.0676141591823	0.0833334236286	0.0973718415523
0.0684960829978	0.0280423292969	0.032832969849
0.0705539052337	0.0423204858418	0.0497856922294
0.0755514735211	0.015625	0.0185939431819
0.0799610925982	0.500677359946	0.601892658545
0.0808430164137	0.166779702495	0.200902902521
0.0814309656239	0.0340783666458	0.0411064277125
0.0846646862805	0.00195048264237	0.00237031888182
0.0870164831216	0.135577295277	0.165654580395
0.0873104577268	0.0681567332916	0.0833334236286
0.0905441783833	0.811812663509	1
