0 935.944133986
0.0009765625 2675.21594411
0.00117477612175 2924.18585045
0.00117557159872 2897.43896939
0.00138013340132 3040.32181639
0.001381067932 2972.10633408
0.001953125 3375.01417546
0.00276213586401 3514.07974678
0.00276962477406 3590.95364296
0.00277525477842 3554.35150098
0.00279221355155 3573.40258272
0.00299992183261 3712.63702415
0.00301213051837 3628.81521857
0.00378137069041 3690.59667075
0.00454272421161 3928.07613471
0.00663205586621 4099.68599062
0.00664104044421 4096.78024
0.0071592463421 4116.03343463
0.00929697159094 4229.56816846
0.00937279674405 4355.2505337
0.010936929411 4379.78159024
0.011048543456 4408.21524251
0.0131390064883 4434.82053948
0.0142701135512 4479.07655044
0.014279776283 4448.80780635
0.0142894455579 4517.76015255
0.0143281881751 4501.23373328
0.0166853592843 4590.08177846
0.0190010975198 4670.22256847
0.0190139637461 4673.75357089
0.0190913442652 4663.57569626
0.0236606384322 4712.04044469
0.0239669062163 4737.08225743
0.0240318870911 4768.60435905
0.024097044147 4721.75050965
0.0277590414756 4766.03487081
0.0277778379746 4811.2063276
0.0277966472013 4797.21392261
0.0278154691643 4755.48620362
0.028617607508 4806.46627679
0.0322820274694 4833.79926075
0.0346365128664 4819.58619261
0.0348245857061 4845.29888157
0.0371878863638 4877.77859577
0.0417231585376 4922.13525032
0.0417514105689 4945.67514149
0.0418646101267 4910.64361202
0.0441941738242 4941.0664392
0.0532002975505 4957.3434632
0.0532363211048 4940.11640329
0.0532723690518 4953.5453242
0.0598907314545 4994.07246326
0.0605019310466 4985.90068829
0.0666962750423 5012.97380702
0.0814925790745 5009.66718006
0.0819350757203 4993.28414859
0.0833334236286 5025.17613868
0.0834463170752 5035.68124311
0.0835028211378 5021.04908088
0.0846409716836 4998.70308684
0.100655645747 5063.92691822
0.111111351899 5020.90869227
0.111639081303 5048.86575728
0.125 5028.10225919
0.165654580395 5019.33328369
0.165766750196 4983.07104032
0.16587899595 5013.87541956
0.166666847257 4920.53160041
0.166779702495 4910.03581807
0.25 4782.24668048
0.333333694514 4494.96349169
0.5 3525.0132142
0.707106781187 3494.86449175
1 0.0
