2	1554
2	8870
5	8563
6	5086
16	5790
16	6478
16	6885
35	3578
35	9862
35	9885
44	5683
48	9219
48	9740
48	9864
51	1944
53	8634
61	1659
61	9796
63	1213
63	7986
63	8244
63	9616
66	7074
66	9888
69	9672
69	9856
72	8746
72	9181
72	9453
74	8700
74	9853
86	3321
86	6422
90	9373
96	5406
106	1474
106	8629
106	8897
108	3822
108	9469
109	4368
109	5093
109	6113
109	9679
109	9991
118	355
118	8361
118	9377
118	9885
119	9258
134	6244
140	7699
140	7995
140	8003
140	8426
144	7223
144	7636
144	8653
157	1213
157	5967
157	7841
157	9363
157	9527
159	5299
159	7180
159	9461
167	1216
167	3248
167	4491
167	9852
179	5809
179	6098
179	9518
179	9751
203	250
203	4434
203	5057
203	8275
203	9727
203	9924
203	9926
209	7917
209	8074
215	6066
215	9301
215	9649
217	6794
217	9418
217	9629
223	1642
242	3880
242	4186
242	7929
242	8244
242	8595
247	740
247	6190
247	7718
247	9377
250	203
250	7364
253	2748
253	2948
253	7465
272	517
272	4282
272	6159
272	9926
279	7334
279	8561
281	7237
281	7280
281	7959
281	8707
281	9112
287	2726
287	9986
289	9362
289	9898
300	1826
300	8418
300	8922
308	5941
308	9527
309	1193
309	7354
309	8344
312	1979
312	6425
312	9564
312	9755
317	9444
322	5356
322	7315
322	8663
331	912
331	9643
333	498
333	2742
333	7512
342	7341
342	8652
342	8857
354	3824
355	118
360	3552
362	664
369	4323
369	4666
393	3880
393	9959
393	9997
394	3290
394	5734
394	9000
401	1023
401	8000
401	8507
401	9616
416	4334
416	7277
433	5441
435	3912
435	7277
435	8286
435	8326
436	7400
440	9856
440	9933
450	9395
450	9418
450	9497
451	7641
457	4627
457	8795
459	6091
459	7473
469	9883
471	1956
471	6994
471	9745
498	333
498	9007
498	9168
498	9258
498	9364
508	9416
517	272
517	3006
517	6972
526	4072
526	5718
526	9055
526	9485
526	9696
528	8201
528	8513
528	9126
533	5485
533	8827
533	9126
533	9672
537	2950
537	8371
537	9028
537	9793
547	2224
547	8778
547	9849
555	9312
555	9570
555	9791
555	9985
560	980
560	9403
560	9564
561	8047
561	9646
561	9821
564	5842
564	8047
564	8171
564	9520
573	7581
573	9613
573	9928
577	8637
577	9980
586	4133
586	7603
586	9419
589	2752
589	6342
589	8564
600	3223
600	6032
600	9543
604	5296
604	7634
628	7077
628	9137
644	5351
645	942
645	7776
647	2555
647	6956
649	1417
649	6091
649	7473
649	8833
655	2259
655	5630
655	8957
655	9322
664	362
664	6768
664	6910
683	737
683	4017
683	6532
683	9204
699	6308
699	7714
699	9356
699	9863
700	6231
714	4666
714	8051
714	8485
714	8657
714	9990
718	7497
726	9424
728	5820
728	8028
734	7223
737	683
737	7471
737	8776
737	9520
737	9754
740	247
740	1706
740	7185
740	9319
740	9458
760	7641
760	9405
763	8354
779	5134
779	8047
779	9862
801	1570
801	4727
801	8794
801	9343
801	9690
810	6113
810	9258
810	9312
820	6266
820	9593
822	3915
822	4837
822	8327
822	9076
822	9631
856	4903
856	7532
856	7953
856	8696
856	9205
860	5356
860	9955
870	4282
870	5811
870	9416
872	9096
872	9530
873	5630
873	9953
894	1290
894	9246
894	9641
898	8897
912	331
912	7864
912	9894
922	1302
922	9424
922	9701
927	2061
927	3645
930	7222
930	9604
930	9675
930	9885
930	9921
931	9442
931	9568
931	9614
942	645
942	9205
944	5697
944	6861
944	7532
951	4454
951	7594
951	8887
952	3833
952	6398
952	6443
955	1353
955	4739
955	4939
973	7955
973	8696
973	9444
979	7560
980	560
982	5928
982	5941
982	8562
983	3327
984	8038
984	9444
984	9867
984	9955
990	6655
990	8641
994	7403
994	8208
994	9416
1005	1851
1005	8953
1023	401
1023	4847
1023	7222
1026	9055
1026	9990
1027	5781
1027	8961
1027	9442
1032	9181
1032	9204
1039	6322
1039	7866
1039	8857
1053	5284
1053	6138
1061	9838
1061	9894
1076	4800
1076	8870
1076	9986
1077	2411
1077	2543
1077	6397
1089	9455
1094	9537
1095	9513
1095	9560
1095	9921
1099	3949
1099	8652
1103	8468
1103	9579
1108	1191
1111	1639
1111	9797
1111	9955
1121	3223
1121	6707
1121	9419
1121	9464
1121	9488
1121	9550
1126	6251
1126	7014
1126	7448
1126	8829
1126	8869
1126	9715
1144	4145
1144	9318
1154	2555
1154	9566
1161	7862
1161	9110
1161	9894
1165	9393
1165	9901
1166	9536
1182	4869
1191	1108
1191	5304
1193	309
1193	9690
1197	6655
1197	7448
1197	8869
1213	63
1213	157
1213	4386
1213	6653
1213	7212
1213	8244
1213	9570
1216	167
1216	9852
1216	9906
1224	2523
1224	8052
1224	8776
1226	3971
1226	9073
1229	8110
1239	9691
1239	9733
1239	9883
1240	8040
1240	8681
1266	3949
1266	9961
1280	7970
1290	894
1290	2538
1290	4214
1290	6835
1290	7353
1301	4270
1301	8611
1301	8751
1301	9898
1302	922
1302	9424
1303	8277
1303	9817
1307	8893
1315	5967
1315	9527
1315	9797
1317	2360
1317	7159
1317	9519
1320	4756
1320	9527
1320	9864
1323	6733
1353	955
1353	6957
1360	5794
1377	2362
1377	8146
1385	7370
1385	9985
1392	3312
1392	6992
1410	1725
1410	6127
1410	8052
1414	7493
1414	8954
1417	649
1417	7032
1417	7473
1418	8080
1418	9089
1430	8171
1430	8940
1435	5296
1435	8917
1435	9126
1445	1851
1445	9373
1448	5866
1448	8000
1448	8239
1448	9959
1448	9997
1449	8003
1449	8967
1449	9740
1462	6696
1462	9537
1462	9588
1470	6823
1470	7726
1474	106
1474	8615
1474	9961
1480	9204
1487	9817
1503	2491
1503	2762
1503	8124
1503	9909
1505	8162
1505	9649
1509	9373
1510	9817
1513	6396
1513	7755
1515	4621
1515	6768
1515	8508
1519	1955
1519	5059
1519	7758
1519	8374
1529	2138
1529	8002
1529	8067
1539	8971
1539	8980
1539	9089
1539	9870
1540	5646
1540	9706
1552	9991
1554	2
1554	7663
1566	9961
1566	9966
1570	801
1570	6935
1570	9293
1572	9699
1575	9434
1584	5179
1584	7373
1598	9420
1598	9595
1608	7068
1608	7961
1608	9542
1612	4906
1612	7761
1612	9916
1613	6728
1613	9650
1623	3275
1623	9933
1625	7929
1625	9550
1639	1111
1639	8264
1639	9361
1639	9560
1642	223
1642	6135
1642	7083
1642	9429
1642	9520
1642	9837
1645	2095
1645	7389
1645	9204
1645	9693
1653	7058
1653	8670
1653	9343
1659	61
1659	1851
1659	9585
1665	9377
1665	9543
1665	9885
1680	4134
1680	6830
1680	7531
1680	8592
1680	8851
1691	2364
1691	9722
1691	9866
1693	2883
1693	3399
1693	8335
1694	4181
1694	5837
1694	9055
1694	9696
1702	9961
1706	740
1706	7196
1706	9424
1706	9921
1708	8046
1708	8773
1708	9837
1725	1410
1725	1809
1725	6096
1725	7732
1725	8052
1729	3757
1729	8625
1729	9754
1730	9870
1744	6412
1744	6728
1744	8940
1744	9829
1764	8499
1764	9605
1789	6398
1789	9468
1808	6951
1808	7851
1808	8795
1808	8827
1808	9665
1809	1725
1809	2905
1809	8612
1809	9127
1809	9316
1809	9418
1809	9888
1811	7531
1811	9037
1814	2557
1814	4133
1814	6907
1817	7362
1826	300
1826	5351
1826	6901
1838	9955
1842	4330
1842	5284
1842	9984
1842	9992
1843	7744
1843	9756
1851	1005
1851	1445
1851	1659
1851	2139
1854	7540
1854	7890
1863	7489
1863	7758
1865	6530
1865	7175
1865	9414
1878	3291
1878	7479
1878	7718
1878	9970
1888	5356
1888	9627
1888	9649
1889	3901
1889	9089
1889	9538
1894	7726
1894	8003
1894	9901
1904	5947
1907	7359
1910	3986
1910	4967
1910	8751
1928	7352
1928	9849
1931	6821
1931	7411
1931	8670
1931	9026
1931	9897
1940	8324
1940	8361
1940	9377
1940	9463
1940	9885
1940	9999
1942	3182
1942	7524
1944	51
1944	8195
1946	6644
1948	6540
1948	6979
1948	7211
1948	7723
1953	8085
1953	9409
1955	1519
1955	2224
1955	3608
1955	5606
1955	7758
1955	9921
1956	471
1956	9434
1957	8778
1960	3414
1960	7093
1960	7885
1960	8413
1965	4368
1965	9991
1966	9274
1967	7185
1967	7277
1976	9042
1979	312
1979	6624
1979	9650
1979	9961
1980	9436
1988	7932
1988	8265
1991	9135
1991	9205
1991	9414
1994	8507
1994	9349
1994	9957
2005	3900
2005	9922
2008	7883
2008	8181
2023	6134
2023	9150
2023	9715
2023	9803
2023	9855
2032	4491
2032	4799
2032	8773
2032	9056
2032	9852
2042	6108
2042	8087
2042	8134
2042	9104
2042	9916
2051	8622
2051	9056
2051	9852
2061	927
2061	4120
2061	6231
2066	6324
2066	8510
2077	5459
2077	5788
2077	6590
2095	1645
2095	9197
2095	9693
2098	9917
2100	3522
2100	5109
2103	5789
2103	6719
2103	9682
2104	4392
2104	8194
2104	9358
2120	3235
2120	7893
2120	8047
2120	9862
2138	1529
2138	8567
2138	9337
2139	1851
2139	5351
2139	7718
2139	8038
2139	8067
2139	9344
2139	9433
2144	3833
2144	9653
2147	3058
2147	7594
2147	9917
2156	3920
2156	4241
2156	5790
2156	9464
2156	9550
2172	5887
2175	8356
2175	8378
2177	9497
2185	9984
2190	6394
2190	9237
2205	3219
2205	6823
2205	8600
2205	9963
2206	8869
2210	8327
2210	9780
2221	7120
2221	9126
2224	547
2224	1955
2224	5198
2228	4704
2228	9672
2234	7593
2237	9286
2237	9701
2237	9897
2244	2774
2244	9528
2244	9848
2247	7019
2248	7864
2248	9538
2248	9733
2252	4840
2252	9210
2259	655
2268	3358
2277	8302
2280	7883
2280	9197
2280	9269
2280	9933
2287	5459
2287	5799
2287	9953
2303	9251
2303	9307
2303	9463
2307	7264
2307	7751
2309	9013
2309	9027
2309	9316
2309	9342
2309	9403
2313	9640
2313	9801
2323	8356
2323	9000
2323	9164
2323	9751
2328	9147
2328	9880
2329	5615
2329	8933
2336	6156
2337	4807
2337	9395
2337	9497
2337	9579
2337	9849
2338	9136
2338	9441
2338	9849
2352	6713
2352	7538
2352	7738
2357	5809
2357	7747
2357	9364
2359	8000
2360	1317
2360	4121
2360	8571
2360	9136
2360	9441
2360	9849
2362	1377
2362	4461
2362	9056
2364	1691
2364	3862
2364	4070
2364	9269
2364	9722
2364	9866
2382	3822
2382	7410
2382	9435
2385	3291
2385	3425
2400	5296
2400	7180
2400	9361
2411	1077
2411	9748
2423	8840
2423	9664
2423	9672
2423	9922
2428	3108
2428	5345
2428	7306
2428	9627
2450	9365
2450	9566
2456	3578
2456	8279
2456	9053
2457	8776
2481	6781
2481	8080
2481	8499
2487	6324
2487	8000
2487	8384
2487	9755
2490	7761
2490	9000
2491	1503
2491	9307
2494	5211
2494	8051
2494	8074
2494	9416
2494	9568
2494	9614
2500	6910
2500	9679
2504	3006
2509	8450
2516	3580
2516	7751
2516	9570
2516	9616
2519	5208
2519	9756
2520	8081
2520	9588
2523	1224
2523	9528
2524	7965
2524	8661
2524	9520
2524	9994
2538	1290
2543	1077
2543	2713
2543	4461
2543	5333
2543	8385
2543	9550
2553	5116
2553	9405
2555	647
2555	1154
2557	1814
2557	3043
2560	6956
2560	9523
2560	9584
2561	4642
2561	7670
2561	8911
2561	9713
2561	9731
2569	7493
2569	8764
2572	6807
2572	7588
2572	8264
2572	9096
2572	9848
2578	9808
2578	9906
2605	9727
2605	9884
2605	9924
2605	9926
2621	7588
2621	8689
2621	8817
2621	9080
2621	9855
2632	6812
2632	8323
2632	9073
2632	9994
2644	3950
2645	3275
2645	6134
2645	8080
2645	8378
2645	9920
2647	9424
2649	5941
2649	9530
2652	5712
2652	6838
2652	9581
2654	5678
2654	5791
2654	7354
2654	7878
2661	2901
2661	6160
2661	6830
2661	8567
2695	8897
2695	8967
2695	9680
2713	2543
2713	8846
2713	9322
2713	9397
2713	9909
2715	9012
2715	9379
2717	7932
2717	9992
2726	287
2726	9102
2726	9564
2726	9758
2734	8031
2734	9931
2737	7817
2737	8171
2737	9838
2740	8412
2740	9289
2740	9722
2742	333
2742	3010
2742	7458
2742	7512
2742	7617
2748	253
2748	9664
2748	9740
2748	9931
2752	589
2752	6145
2752	6933
2752	9852
2753	5123
2753	7965
2753	9593
2753	9858
2754	3227
2754	5405
2754	6134
2754	9107
2762	1503
2762	3511
2762	7650
2762	8046
2762	9665
2765	8673
2765	9434
2770	9337
2770	9742
2774	2244
2774	3163
2774	3254
2774	3375
2774	7281
2774	8641
2774	9855
2774	9906
2786	8593
2786	8744
2786	9762
2792	5356
2792	9164
2807	8676
2817	7625
2817	9519
2828	6396
2828	7194
2828	8565
2833	3344
2833	8335
2847	8378
2848	9609
2848	9659
2848	9825
2856	7493
2856	9111
2869	4836
2869	5075
2869	7889
2869	9425
2874	9112
2883	1693
2883	9643
2888	4622
2897	4908
2897	5866
2897	8565
2897	9270
2900	7263
2901	2661
2901	8980
2901	9289
2901	9722
2901	9866
2904	6821
2904	8856
2904	8971
2904	9916
2905	1809
2905	6979
2905	7637
2905	8067
2912	5743
2912	8378
2912	9037
2914	4359
2914	6254
2914	6372
2914	7839
2914	9569
2914	9585
2919	3678
2919	7013
2919	8933
2924	7321
2924	8344
2924	9793
2924	9985
2931	6918
2931	7839
2931	9498
2942	8670
2942	9595
2942	9953
2947	7879
2947	8106
2947	9136
2947	9441
2947	9641
2948	253
2948	5809
2948	7465
2950	537
2950	4412
2950	7064
2950	9592
2950	9662
2954	9980
2975	3493
2975	6026
2975	7827
2976	3672
2976	9356
2993	7131
2993	9650
2993	9856
3006	517
3006	2504
3006	5734
3006	7560
3006	9000
3010	2742
3010	7636
3016	3043
3016	8265
3016	9007
3016	9364
3020	5038
3020	8967
3043	2557
3043	3016
3043	8634
3043	9731
3043	9974
3058	2147
3058	8015
3058	8887
3064	7394
3064	8897
3064	9272
3064	9464
3082	4336
3082	4734
3085	3291
3099	6538
3099	8494
3101	8751
3101	9289
3101	9898
3108	2428
3108	8195
3108	9897
3110	7557
3110	8565
3163	2774
3163	8654
3163	9018
3163	9808
3165	6464
3165	6713
3165	7412
3165	9289
3165	9418
3167	5915
3167	8371
3167	9380
3167	9916
3172	9076
3172	9605
3182	1942
3182	7500
3182	8085
3194	8464
3194	9790
3201	6081
3201	7930
3201	9420
3217	5299
3217	5934
3217	7049
3217	8242
3219	2205
3219	9419
3219	9588
3219	9679
3221	6861
3221	7948
3221	9436
3223	600
3223	1121
3223	9161
3223	9434
3226	9270
3227	2754
3227	7930
3227	8106
3227	8714
3227	9107
3227	9150
3227	9855
3227	9920
3235	2120
3235	9548
3235	9862
3236	5266
3236	7341
3236	7841
3248	167
3248	6396
3248	6655
3249	5195
3249	8572
3254	2774
3254	7813
3254	9808
3254	9991
3258	9650
3261	5038
3261	8611
3261	9921
3262	8087
3268	3322
3268	6421
3275	1623
3275	2645
3275	8675
3275	9605
3285	5763
3290	394
3290	9691
3291	1878
3291	2385
3291	3085
3291	8208
3300	4805
3300	5302
3300	9018
3300	9164
3300	9992
3307	3608
3307	9471
3312	1392
3312	5956
3312	7110
3312	8789
3312	9731
3312	9929
3318	3833
3321	86
3321	4840
3322	3268
3322	7839
3327	983
3327	9700
3331	7102
3331	7506
3331	7890
3331	9011
3340	5794
3340	7776
3340	9519
3344	2833
3344	6532
3344	7755
3344	8430
3346	6823
3346	8411
3346	9570
3354	9820
3354	9901
3355	7755
3358	2268
3362	8707
3370	3788
3375	2774
3375	9706
3376	9435
3376	9931
3384	4461
3384	5259
3384	6156
3384	6686
3384	7354
3384	9584
3387	9901
3392	7851
3392	9640
3393	4228
3393	7917
3393	9663
3396	3520
3396	9916
3397	5338
3397	9941
3399	1693
3399	5033
3399	6888
3399	7593
3399	8866
3399	9518
3402	6244
3402	8468
3414	1960
3414	6794
3414	9418
3421	5660
3421	6532
3421	8510
3425	2385
3425	7540
3425	9434
3425	9889
3427	4336
3427	5712
3445	6564
3445	9780
3462	7032
3462	8081
3462	8381
3462	9631
3462	9974
3470	8583
3475	5218
3475	9745
3475	9894
3475	9926
3481	5187
3487	9955
3493	2975
3493	7509
3493	9133
3493	9425
3493	9748
3494	5237
3494	8361
3504	8080
3504	9604
3504	9675
3506	3788
3506	8595
3509	9581
3511	2762
3511	7511
3511	9665
3516	8713
3518	7703
3518	8507
3518	8773
3518	9957
3520	3396
3520	9579
3520	9687
3522	2100
3522	3523
3522	5896
3522	9337
3522	9588
3523	3522
3526	9665
3537	9963
3547	4189
3547	9429
3552	360
3552	6933
3552	8041
3552	9852
3553	5387
3553	8492
3553	9646
3553	9821
3561	9436
3565	6412
3565	8316
3567	6566
3567	9712
3567	9790
3567	9895
3578	35
3578	2456
3578	4956
3578	8510
3578	9053
3580	2516
3580	6184
3580	9715
3605	8637
3605	9587
3608	1955
3608	3307
3608	5809
3625	4122
3626	3773
3626	6126
3634	7215
3636	4220
3636	4876
3636	6794
3636	8326
3636	8629
3636	9418
3640	6983
3640	7489
3640	9564
3645	927
3645	5394
3645	5794
3645	9343
3645	9985
3651	6091
3651	8072
3651	9089
3651	9803
3658	8953
3667	7603
3672	2976
3672	7104
3672	7234
3672	8894
3672	9137
3672	9414
3672	9659
3678	2919
3678	9653
3683	6082
3683	9342
3695	7625
3695	9056
3695	9852
3696	6288
3696	6653
3696	7581
3696	9713
3709	4534
3709	7074
3709	8847
3717	9349
3746	6074
3746	6739
3757	1729
3757	8041
3757	9037
3757	9325
3773	3626
3773	8833
3779	7234
3779	7924
3779	8754
3779	9631
3779	9682
3788	3370
3788	3506
3788	3998
3788	4875
3788	5848
3788	6901
3793	7389
3799	9733
3799	9751
3816	8933
3817	7159
3822	108
3822	2382
3822	8988
3822	9104
3822	9307
3822	9435
3822	9931
3824	354
3824	9416
3824	9676
3827	4499
3827	9700
3827	9974
3833	952
3833	2144
3833	3318
3833	4510
3842	8327
3842	8954
3842	9136
3842	9613
3842	9849
3855	6552
3862	2364
3862	5485
3862	5754
3862	8478
3864	9466
3874	7935
3880	242
3880	393
3880	9363
3880	9570
3881	5438
3881	7699
3881	8675
3881	8875
3881	9663
3884	7410
3884	8663
3884	8673
3892	7342
3892	7530
3893	5656
3900	2005
3900	4276
3900	5187
3900	8675
3900	9234
3900	9605
3901	1889
3901	6933
3909	3922
3909	7175
3909	8893
3909	9031
3912	435
3912	8286
3913	5218
3913	6309
3915	822
3915	8634
3915	9643
3920	2156
3920	7041
3920	9256
3920	9592
3922	3909
3922	8893
3922	9031
3923	8106
3923	9136
3923	9441
3923	9849
3923	9994
3925	6326
3925	8600
3925	9790
3927	4003
3927	7885
3927	8041
3927	8625
3927	9037
3931	5128
3931	8954
3932	5842
3932	6379
3932	6556
3940	4799
3940	7747
3940	9112
3943	5035
3943	8593
3943	9358
3944	9756
3944	9955
3949	1099
3949	1266
3949	9102
3949	9537
3950	2644
3950	5086
3950	5982
3950	7813
3950	9254
3950	9676
3953	9548
3953	9821
3953	9862
3957	4510
3957	7751
3957	8980
3957	9301
3971	1226
3971	5831
3971	6992
3971	9922
3985	7774
3985	8508
3985	8513
3985	9118
3985	9585
3986	1910
3986	8213
3986	9186
3986	9898
3994	4672
3994	5646
3994	5684
3994	8464
3994	9970
3998	3788
3998	5182
3998	7774
3998	8833
4002	7244
4003	3927
4003	8967
4003	9037
4003	9325
4010	8696
4010	9440
4010	9797
4015	8272
4015	9659
4015	9791
4015	9943
4017	683
4017	9322
4017	9440
4021	9613
4029	9566
4057	9520
4057	9858
4057	9883
4058	6528
4058	9453
4058	9745
4062	7924
4062	7970
4070	2364
4070	7721
4070	8051
4070	8426
4070	8863
4072	526
4072	8201
4072	8917
4072	9126
4076	7045
4076	8894
4076	9063
4076	9244
4076	9281
4084	9997
4087	5646
4087	9429
4106	8499
4109	4251
4109	8278
4109	9089
4120	2061
4120	4397
4120	9693
4121	2360
4121	4875
4121	8385
4121	9920
4122	3625
4122	9626
4123	5664
4123	6288
4123	8181
4123	9274
4133	586
4133	1814
4133	5656
4133	5789
4133	8051
4133	8917
4133	9270
4133	9929
4134	1680
4134	4806
4134	8858
4134	9616
4136	4274
4136	9274
4145	1144
4145	7465
4145	9343
4145	9455
4166	8165
4166	8700
4180	8553
4180	8663
4180	8673
4181	1694
4181	5108
4181	5697
4181	6145
4181	8040
4185	5940
4185	7807
4185	8239
4185	9791
4186	242
4186	9293
4186	9690
4188	7400
4188	8698
4188	9888
4189	3547
4189	6233
4189	6766
4189	8239
4211	8830
4211	9193
4214	1290
4214	6835
4220	3636
4220	9251
4220	9463
4228	3393
4230	5848
4230	9527
4231	7416
4231	8509
4231	9045
4231	9244
4231	9921
4241	2156
4241	7359
4241	7995
4243	9343
4243	9955
4251	4109
4251	8869
4251	9180
4251	9244
4251	9923
4255	9237
4264	7630
4264	7670
4270	1301
4270	7360
4270	9629
4270	9959
4270	9997
4271	4836
4271	6066
4271	6986
4271	9924
4274	4136
4274	9537
4276	3900
4276	4734
4276	6266
4282	272
4282	870
4282	7098
4282	7211
4282	8260
4282	8657
4295	7839
4295	8052
4295	9585
4295	9953
4301	7367
4311	7277
4311	9616
4314	6972
4314	7625
4317	7699
4321	9696
4321	9838
4323	369
4323	6648
4323	7761
4323	9941
4327	8430
4327	9953
4330	1842
4330	9730
4334	416
4334	8897
4334	8962
4334	9429
4336	3082
4336	3427
4336	9543
4349	8804
4350	4728
4359	2914
4359	8275
4368	109
4368	1965
4368	9469
4368	9991
4373	7955
4373	9581
4386	1213
4386	7489
4386	7885
4386	9414
4386	9425
4386	9570
4386	9616
4387	9866
4387	9870
4392	2104
4392	4666
4392	7011
4392	7337
4392	7738
4392	8194
4392	9696
4397	4120
4397	6231
4397	6333
4397	9154
4411	6081
4412	2950
4412	9286
4415	5048
4415	8829
4415	9444
4415	9970
4416	8615
4416	8795
4416	8886
4416	9754
4416	9801
4424	4541
4424	9713
4424	9901
4434	203
4434	8957
4434	8988
4450	8748
4450	9389
4450	9484
4454	951
4454	7538
4454	8015
4454	8365
4454	8887
4461	2362
4461	2543
4461	3384
4461	4654
4461	9941
4469	4618
4469	9053
4469	9121
4481	9147
4481	9518
4486	9883
4491	167
4491	2032
4491	6145
4491	9056
4491	9343
4491	9852
4496	9966
4499	3827
4499	9974
4510	3833
4510	3957
4510	7364
4510	8499
4525	6456
4525	9785
4529	5993
4529	9111
4529	9286
4529	9435
4530	4800
4530	4954
4530	7353
4530	7952
4534	3709
4534	6532
4534	9274
4540	9436
4540	9830
4541	4424
4541	8851
4541	9016
4549	6464
4549	6713
4549	8146
4557	9379
4557	9604
4557	9675
4583	8637
4591	5791
4591	8794
4591	8886
4591	8971
4593	6556
4593	7556
4598	5176
4598	6134
4598	7945
4598	9513
4598	9992
4614	6326
4614	8262
4614	9269
4614	9797
4616	9133
4616	9687
4616	9777
4618	4469
4618	6379
4618	7650
4618	8286
4618	9464
4621	1515
4621	6768
4622	2888
4622	8564
4622	9033
4622	9059
4622	9830
4627	457
4627	6225
4627	9123
4627	9468
4636	9641
4636	9838
4641	7935
4641	8633
4641	8833
4641	9679
4642	2561
4642	6225
4642	9468
4649	9733
4654	4461
4654	7222
4654	9444
4663	6326
4663	8756
4663	9441
4663	9797
4665	8955
4665	9127
4665	9363
4666	369
4666	714
4666	4392
4666	5534
4666	9929
4671	6968
4671	8260
4672	3994
4672	6249
4672	8025
4677	6091
4677	8381
4677	9286
4677	9434
4684	7646
4688	7851
4701	9748
4701	9852
4704	2228
4704	9672
4709	8264
4709	8644
4709	8675
4709	9018
4710	7315
4710	9740
4719	9338
4719	9889
4719	9895
4720	7222
4720	8165
4720	9629
4720	9754
4722	4906
4722	5570
4722	7402
4722	9856
4727	801
4727	8858
4728	4350
4734	3082
4734	4276
4734	8875
4736	4888
4736	9542
4739	955
4739	6269
4739	6953
4739	6994
4739	8494
4739	8652
4739	9251
4742	7159
4742	7180
4742	7321
4756	1320
4756	6407
4756	7641
4763	9942
4769	6423
4769	7528
4769	9762
4799	2032
4799	3940
4799	6326
4800	1076
4800	4530
4800	8960
4800	9997
4805	3300
4805	8239
4805	9324
4805	9756
4806	4134
4806	9970
4807	2337
4807	9395
4807	9497
4807	9530
4818	8151
4836	2869
4836	4271
4836	7738
4836	8764
4836	9609
4837	822
4837	8856
4837	9242
4837	9324
4840	2252
4840	3321
4840	9664
4840	9740
4847	1023
4847	5754
4847	9790
4855	5218
4855	8354
4855	9150
4855	9362
4855	9706
4866	6380
4866	9477
4867	5805
4867	8829
4867	9867
4869	1182
4875	3788
4875	4121
4875	9150
4875	9855
4876	3636
4876	9293
4876	9566
4876	9821
4876	9953
4888	4736
4888	8589
4903	856
4903	7092
4903	8885
4903	9664
4903	9740
4906	1612
4906	4722
4906	5743
4908	2897
4908	6794
4908	9434
4918	5811
4918	9408
4918	9894
4926	6071
4926	7352
4926	9471
4926	9693
4932	8350
4932	9853
4939	955
4939	5064
4939	6220
4939	7237
4939	7403
4948	8171
4948	8940
4948	8943
4948	9269
4948	9999
4954	4530
4956	3578
4956	5237
4956	5631
4956	8370
4956	9121
4967	1910
4967	8290
4967	9662
4968	6500
4968	7211
4968	7723
4968	9801
4969	9701
4971	5345
4971	6992
4971	7442
4971	7489
4971	9167
4980	5991
4980	8748
4980	9181
4980	9414
4983	6100
4983	7851
4983	8151
4983	9258
4987	6652
4987	7419
4987	9111
4987	9870
4987	9923
5006	7497
5008	5819
5008	6830
5008	9867
5009	8423
5022	5521
5022	9363
5022	9690
5027	6782
5027	7945
5027	9318
5027	9527
5033	3399
5033	6888
5033	7796
5033	8374
5033	8670
5033	8866
5033	9425
5035	3943
5035	6885
5038	3020
5038	3261
5038	5198
5038	6236
5038	9045
5038	9921
5038	9928
5039	9420
5044	7893
5044	8717
5044	9363
5044	9825
5044	9884
5046	7566
5046	9389
5046	9970
5048	4415
5048	9373
5049	7786
5049	8513
5054	9350
5054	9569
5057	203
5057	5848
5057	9161
5059	1519
5059	9126
5059	9700
5061	9319
5061	9745
5064	4939
5064	5544
5064	5993
5071	6121
5071	6958
5071	9676
5071	9966
5072	9655
5075	2869
5075	5763
5075	5879
5075	7024
5075	8847
5075	9111
5077	6032
5077	7493
5086	6
5086	3950
5086	9676
5093	109
5108	4181
5109	2100
5109	9397
5109	9909
5116	2553
5116	6352
5116	8945
5116	9442
5123	2753
5123	6262
5123	9015
5123	9256
5123	9883
5128	3931
5128	6908
5128	8208
5128	9007
5128	9256
5134	779
5134	9548
5134	9566
5134	9646
5134	9821
5148	5886
5148	8629
5148	9453
5148	9663
5170	6528
5170	7118
5170	8002
5170	8067
5170	9702
5176	4598
5176	7557
5176	9055
5176	9485
5176	9696
5179	1584
5179	8615
5179	8707
5179	9542
5182	3998
5182	8661
5182	9059
5182	9073
5185	8961
5185	9442
5187	3481
5187	3900
5187	9990
5195	3249
5195	8302
5195	9077
5195	9126
5198	2224
5198	5038
5198	8629
5198	9921
5198	9990
5208	2519
5208	6662
5208	7033
5208	7506
5208	9044
5208	9711
5211	2494
5211	7703
5211	8277
5211	9133
5211	9687
5218	3475
5218	3913
5218	4855
5218	6438
5218	6972
5229	9513
5229	9928
5229	9999
5237	3494
5237	4956
5237	7234
5237	8052
5237	8859
5237	9128
5237	9655
5237	9738
5237	9998
5251	9497
5251	9730
5254	6918
5254	7205
5254	8040
5254	8510
5254	9602
5259	3384
5259	9112
5259	9193
5259	9727
5259	9884
5259	9926
5261	9570
5262	9338
5262	9914
5266	3236
5266	9210
5266	9344
5266	9458
5284	1053
5284	1842
5296	604
5296	1435
5296	2400
5296	6196
5299	159
5299	3217
5299	6807
5299	7264
5299	9955
5299	9959
5302	3300
5302	5866
5302	7958
5302	8635
5302	9986
5304	1191
5304	9011
5333	2543
5333	7725
5333	8593
5333	8744
5333	9469
5333	9762
5333	9888
5338	3397
5338	5941
5338	9885
5339	7945
5339	8615
5339	8861
5339	8933
5339	9387
5339	9629
5339	9754
5345	2428
5345	4971
5345	8746
5345	9167
5348	9568
5348	9585
5348	9614
5351	644
5351	1826
5351	2139
5351	7306
5353	9715
5356	322
5356	860
5356	1888
5356	2792
5356	7264
5358	5422
5358	5630
5358	8040
5358	9745
5374	6336
5374	7315
5374	8195
5374	8967
5384	7699
5384	8124
5387	3553
5387	6633
5387	7721
5387	9523
5394	3645
5394	7509
5394	8106
5394	9604
5395	8567
5395	8962
5405	2754
5405	9107
5405	9920
5406	96
5406	6005
5406	9664
5410	6787
5410	6888
5410	7400
5410	8866
5410	9307
5417	7540
5417	9112
5417	9418
5421	6655
5421	9986
5422	5358
5422	6269
5422	7064
5422	8734
5422	9307
5422	9319
5422	9463
5438	3881
5438	8629
5441	433
5441	5743
5441	9680
5441	9820
5441	9894
5459	2077
5459	2287
5459	8858
5459	9566
5462	9183
5462	9702
5462	9863
5467	7776
5467	8933
5467	9991
5470	6156
5470	8110
5470	8302
5470	9418
5483	6394
5483	8085
5483	8654
5483	9420
5485	533
5485	3862
5485	9011
5485	9830
5501	9013
5501	9027
5501	9127
5501	9316
5521	5022
5521	6196
5521	7714
5521	8717
5521	9244
5521	9363
5521	9981
5525	8653
5525	9550
5525	9701
5525	9897
5534	4666
5534	6317
5534	7222
5534	7862
5534	8324
5534	8426
5544	5064
5544	8733
5544	8894
5544	9659
5549	8687
5549	9014
5549	9293
5549	9690
5553	8572
5553	9464
5553	9488
5553	9550
5553	9663
5553	9966
5556	6192
5556	6323
5556	7732
5556	8217
5556	8589
5556	8723
5570	4722
5570	9307
5570	9580
5574	5763
5574	6935
5574	9469
5574	9838
5585	9011
5585	9830
5585	9984
5591	8120
5591	9665
5593	6100
5593	7893
5593	8278
5593	9244
5599	8352
5599	9985
5601	7411
5601	9888
5606	1955
5606	7723
5606	9289
5606	9866
5615	2329
5615	6019
5615	9857
5626	7493
5630	655
5630	873
5630	5358
5630	8670
5631	4956
5631	9018
5631	9164
5631	9992
5646	1540
5646	3994
5646	4087
5656	3893
5656	4133
5656	7337
5656	8074
5656	8194
5656	9929
5658	7191
5658	7751
5658	8129
5658	8265
5658	9344
5658	9458
5658	9706
5660	3421
5660	9409
5664	4123
5664	8262
5664	9324
5668	5956
5668	5991
5668	7473
5668	7794
5668	8316
5675	9777
5678	2654
5678	6602
5678	9416
5678	9711
5680	6019
5680	9711
5683	44
5683	7058
5683	9817
5684	3994
5684	7594
5684	8272
5697	944
5697	4181
5697	6541
5697	7021
5712	2652
5712	3427
5712	8452
5712	8789
5712	8911
5712	9870
5718	526
5718	8962
5718	9044
5718	9307
5727	8635
5727	9123
5730	5980
5730	7924
5730	9080
5730	9986
5734	394
5734	3006
5734	5811
5734	6745
5734	9000
5742	9338
5742	9602
5742	9866
5742	9923
5743	2912
5743	4906
5743	5441
5743	8633
5743	9680
5747	7077
5747	8733
5751	8464
5751	9957
5754	3862
5754	4847
5754	6096
5754	6423
5754	8478
5754	8670
5756	7306
5756	7342
5756	8564
5756	8567
5756	9471
5756	9537
5756	9923
5756	9998
5763	3285
5763	5075
5763	5574
5763	8615
5765	6244
5765	6652
5765	8419
5765	8572
5765	9111
5765	9848
5781	1027
5781	6425
5785	6951
5785	9000
5785	9080
5788	2077
5789	2103
5789	4133
5789	7191
5789	8827
5789	9237
5789	9344
5790	16
5790	2156
5790	7915
5790	8572
5790	9464
5790	9488
5790	9523
5790	9550
5791	2654
5791	4591
5791	6412
5791	7878
5794	1360
5794	3340
5794	3645
5794	7595
5799	2287
5799	7530
5799	7995
5799	8778
5799	9985
5805	4867
5805	9820
5809	179
5809	2357
5809	2948
5809	3608
5809	6784
5811	870
5811	4918
5811	5734
5811	8654
5811	9894
5816	6889
5816	9641
5819	5008
5819	6719
5819	9838
5820	728
5820	7120
5831	3971
5831	7223
5831	9471
5831	9922
5837	1694
5837	9350
5837	9569
5837	9631
5837	9649
5842	564
5842	3932
5842	7277
5848	3788
5848	4230
5848	5057
5857	6951
5857	7431
5857	9584
5866	1448
5866	2897
5866	5302
5866	6341
5866	7883
5866	9242
5873	8717
5873	8955
5873	9077
5873	9363
5873	9825
5875	8188
5875	8661
5875	8988
5875	9906
5879	5075
5879	6953
5879	9471
5879	9986
5886	5148
5887	2172
5887	6694
5887	8370
5887	9790
5887	9955
5896	3522
5896	9543
5915	3167
5915	6108
5915	6438
5915	8611
5915	9104
5928	982
5928	7762
5928	8120
5928	9281
5928	9867
5934	3217
5934	6262
5934	7083
5934	8945
5940	4185
5940	8181
5941	308
5941	982
5941	2649
5941	5338
5941	6743
5941	9530
5947	1904
5947	8610
5947	9251
5947	9592
5951	9234
5951	9362
5951	9466
5952	8181
5952	9713
5956	3312
5956	5668
5956	7670
5956	7958
5956	8911
5967	157
5967	1315
5967	7320
5967	7945
5967	9395
5980	5730
5980	9389
5980	9745
5982	3950
5982	6121
5982	6933
5982	9409
5991	4980
5991	5668
5991	6174
5991	7794
5991	9955
5993	4529
5993	5064
5993	6719
5993	8634
5993	9682
5999	9015
5999	9447
5999	9721
6005	5406
6016	8286
6016	8675
6016	8804
6016	9614
6019	5615
6019	5680
6019	6190
6019	6464
6021	8859
6026	2975
6026	7747
6026	7827
6026	9286
6029	8960
6032	600
6032	5077
6032	7215
6032	9838
6038	6082
6038	7331
6038	9342
6050	7321
6050	8827
6066	215
6066	4271
6066	6985
6066	8778
6066	9523
6071	4926
6074	3746
6074	8958
6074	9587
6074	9985
6075	8418
6075	8967
6080	8452
6080	9293
6080	9361
6080	9560
6080	9627
6081	3201
6081	4411
6081	7416
6081	9183
6082	3683
6082	6038
6082	8933
6082	9342
6091	459
6091	649
6091	3651
6091	4677
6091	7473
6091	8072
6091	9974
6094	7893
6094	8031
6094	8165
6094	8707
6096	1725
6096	5754
6096	8052
6096	8765
6096	9063
6096	9518
6098	179
6098	9419
6098	9679
6100	4983
6100	5593
6100	7093
6100	8795
6100	9468
6103	6324
6103	8734
6103	8962
6103	9706
6108	2042
6108	5915
6108	6249
6108	8087
6108	9104
6108	9883
6113	109
6113	810
6113	8138
6113	8217
6113	9168
6121	5071
6121	5982
6121	9528
6126	3626
6126	7948
6127	1410
6130	8567
6130	8851
6130	9016
6130	9690
6134	2023
6134	2645
6134	2754
6134	4598
6134	6826
6134	9251
6134	9373
6134	9855
6135	1642
6135	6807
6135	7190
6135	9361
6135	9712
6138	1053
6138	8050
6145	2752
6145	4181
6145	4491
6145	6886
6145	6933
6145	9791
6145	9852
6153	7650
6153	8067
6153	8595
6153	8861
6153	8886
6153	9629
6153	9754
6156	2336
6156	3384
6156	5470
6156	8040
6156	9584
6159	272
6159	6770
6159	9403
6160	2661
6160	7337
6160	8485
6160	9497
6160	9929
6163	8964
6167	9898
6173	7915
6173	7955
6173	8350
6174	5991
6174	8675
6174	9889
6178	7878
6184	3580
6184	7198
6184	7594
6184	8015
6184	8326
6184	8887
6190	247
6190	6019
6190	7155
6190	7223
6190	9581
6190	9791
6190	9943
6190	9984
6192	5556
6192	8764
6192	8988
6192	9362
6192	9825
6196	5296
6196	5521
6197	9246
6211	6862
6211	8371
6211	9123
6213	8673
6213	9269
6213	9933
6213	9981
6220	4939
6220	8672
6220	9650
6220	9928
6220	9990
6225	4627
6225	4642
6225	7851
6225	9181
6225	9258
6231	700
6231	2061
6231	4397
6231	9693
6233	4189
6233	8804
6233	9581
6233	9740
6236	5038
6236	6985
6244	134
6244	3402
6244	5765
6244	7068
6244	7101
6244	8369
6244	9435
6244	9462
6244	9527
6244	9626
6249	4672
6249	6108
6249	9537
6249	9916
6251	1126
6251	7448
6251	8869
6251	9358
6254	2914
6254	8413
6254	8615
6254	9461
6254	9754
6254	9981
6258	6784
6262	5123
6262	5934
6262	6766
6262	9858
6262	9883
6265	6566
6265	7342
6265	8081
6265	9790
6265	9922
6266	820
6266	4276
6266	6590
6266	8625
6266	9755
6269	4739
6269	5422
6269	8201
6269	8734
6269	8954
6269	8960
6269	8962
6269	9307
6269	9463
6269	9796
6283	6968
6283	7930
6284	7120
6284	9127
6288	3696
6288	4123
6288	7958
6288	8689
6288	9713
6297	8830
6297	9570
6297	9616
6308	699
6308	6696
6308	8893
6308	9027
6308	9031
6308	9197
6309	3913
6309	7281
6309	9852
6317	5534
6317	8324
6317	8933
6322	1039
6322	8052
6322	8508
6322	9365
6322	9444
6322	9609
6323	5556
6323	9063
6323	9442
6324	2066
6324	2487
6324	6103
6324	7064
6324	9307
6324	9463
6324	9931
6326	3925
6326	4614
6326	4663
6326	4799
6326	8513
6326	9797
6329	9465
6333	4397
6333	7281
6333	8817
6333	9895
6336	5374
6336	8967
6337	7817
6337	8513
6341	5866
6341	6443
6341	7883
6341	9270
6342	589
6342	7315
6342	8673
6342	9931
6352	5116
6352	8020
6352	8272
6352	9754
6352	9791
6352	9943
6372	2914
6372	8288
6372	9293
6372	9980
6379	3932
6379	4618
6379	9613
6380	4866
6380	9000
6380	9337
6385	8634
6385	8744
6385	9168
6385	9219
6385	9312
6390	9580
6390	9633
6393	7538
6393	9137
6393	9664
6393	9740
6394	2190
6394	5483
6394	8081
6394	8840
6394	9420
6396	1513
6396	2828
6396	3248
6396	9785
6396	9801
6396	9920
6397	1077
6397	6768
6397	8635
6397	9324
6397	9856
6398	952
6398	1789
6398	6951
6398	9614
6407	4756
6407	7223
6407	8701
6407	9946
6412	1744
6412	3565
6412	5791
6412	7190
6412	9829
6412	9924
6416	6782
6416	7732
6421	3268
6421	7159
6421	9137
6422	86
6422	7389
6422	9154
6423	4769
6423	5754
6423	8051
6423	8733
6423	8806
6423	8866
6425	312
6425	5781
6425	8676
6425	9921
6426	7557
6426	9365
6426	9595
6434	9186
6434	9727
6438	5218
6438	5915
6438	8087
6438	8352
6438	8507
6438	8827
6438	9104
6438	9916
6443	952
6443	6341
6443	7883
6443	9270
6443	9466
6451	6589
6451	7018
6451	7827
6453	8804
6453	9464
6453	9880
6453	9921
6453	9990
6456	4525
6456	7185
6456	9338
6456	9762
6456	9928
6464	3165
6464	4549
6464	6019
6464	6713
6464	9731
6478	16
6478	8015
6478	8201
6478	9889
6482	8277
6482	9569
6482	9733
6494	6653
6494	6907
6494	9028
6494	9471
6494	9793
6495	6540
6495	7211
6495	8595
6500	4968
6500	8412
6509	7511
6509	8124
6509	9408
6509	9663
6509	9665
6526	9087
6528	4058
6528	5170
6528	6747
6528	8031
6528	9922
6530	1865
6530	6953
6530	8553
6530	8734
6530	9089
6530	9393
6531	6935
6531	9219
6531	9864
6532	683
6532	3344
6532	3421
6532	4534
6532	7890
6532	9587
6538	3099
6538	7717
6538	8494
6538	9655
6538	9817
6540	1948
6540	6495
6540	9293
6541	5697
6541	8290
6541	9228
6541	9680
6545	6812
6545	9164
6545	9675
6547	7213
6547	7634
6547	9917
6548	8418
6548	9389
6548	9420
6552	3855
6552	8050
6552	9570
6556	3932
6556	4593
6556	9920
6557	8829
6557	8833
6557	9488
6559	9777
6563	7068
6563	8208
6563	8957
6563	9933
6564	3445
6564	7827
6564	9780
6566	3567
6566	6265
6566	7499
6566	8762
6566	9825
6566	9884
6566	9953
6589	6451
6589	8694
6590	2077
6590	6266
6590	9403
6590	9564
6590	9755
6590	9862
6602	5678
6602	7354
6602	9416
6602	9894
6603	8643
6603	8644
6603	9605
6604	9477
6604	9643
6608	6880
6608	7237
6608	9087
6624	1979
6624	8285
6624	9898
6633	5387
6633	7217
6633	8562
6633	8616
6633	9128
6633	9319
6644	1946
6644	7101
6644	9864
6648	4323
6648	8512
6648	9941
6648	9963
6652	4987
6652	5765
6652	7205
6652	7531
6652	7714
6652	8278
6652	8419
6652	9033
6652	9244
6652	9923
6653	1213
6653	3696
6653	6494
6653	7479
6653	8371
6653	9793
6653	9895
6655	990
6655	1197
6655	3248
6655	5421
6655	6770
6655	6935
6655	8793
6662	5208
6662	7033
6686	3384
6686	6956
6686	7641
6686	9584
6694	5887
6694	8344
6696	1462
6696	6308
6696	9031
6696	9696
6707	1121
6707	8572
6707	9464
6707	9488
6707	9550
6713	2352
6713	3165
6713	4549
6713	6464
6713	7098
6713	9037
6714	7074
6714	7950
6714	8857
6719	2103
6719	5819
6719	5993
6719	6888
6719	7337
6719	7667
6719	8754
6719	9682
6726	7018
6726	7274
6728	1613
6728	1744
6728	7646
6728	7831
6728	8746
6728	9453
6733	1323
6733	8316
6739	3746
6739	6795
6739	6826
6739	6935
6739	8619
6739	9014
6739	9293
6739	9343
6739	9690
6743	5941
6743	8274
6743	9296
6743	9530
6743	9914
6745	5734
6745	8629
6745	8713
6745	8851
6745	9663
6747	6528
6747	9373
6747	9755
6749	8412
6749	9289
6749	9722
6749	9866
6761	9059
6761	9073
6766	4189
6766	6262
6766	8663
6766	9593
6766	9883
6767	8637
6767	8698
6767	8701
6768	664
6768	1515
6768	4621
6768	6397
6768	8600
6768	8702
6768	9254
6768	9641
6770	6159
6770	6655
6781	2481
6781	8499
6782	5027
6782	6416
6782	7320
6782	7878
6782	7945
6782	8378
6782	9527
6784	5809
6784	6258
6787	5410
6787	9484
6787	9643
6787	9829
6788	7073
6788	8681
6788	9015
6788	9614
6788	9664
6794	217
6794	3414
6794	3636
6794	4908
6794	7382
6794	8002
6794	8485
6794	9418
6795	6739
6795	6957
6795	9121
6795	9605
6795	9742
6799	7337
6800	9042
6800	9543
6800	9742
6800	9820
6807	2572
6807	5299
6807	6135
6807	8857
6807	9519
6812	2632
6812	6545
6812	9059
6812	9073
6812	9447
6812	9994
6821	1931
6821	2904
6821	7703
6821	8381
6821	8670
6821	8744
6821	9026
6821	9531
6823	1470
6823	2205
6823	3346
6823	8957
6826	6134
6826	6739
6826	8980
6826	9393
6826	9855
6826	9920
6826	9966
6830	1680
6830	2661
6830	5008
6830	7531
6830	8851
6830	9016
6830	9745
6835	1290
6835	4214
6835	7560
6835	8875
6835	9966
6838	2652
6838	8885
6851	7851
6851	9322
6851	9397
6855	8195
6855	8794
6855	9014
6855	9293
6861	944
6861	3221
6861	8369
6861	8943
6861	9007
6861	9803
6861	9946
6861	9974
6862	6211
6862	9602
6865	7442
6865	8553
6865	8754
6865	9322
6880	6608
6880	8615
6880	9076
6880	9197
6884	9531
6884	9613
6885	16
6885	5035
6885	7955
6885	9581
6885	9676
6886	6145
6886	8361
6886	8413
6886	9377
6886	9397
6886	9885
6886	9923
6888	3399
6888	5033
6888	5410
6888	6719
6888	7839
6888	8866
6889	5816
6889	9343
6892	7930
6892	8508
6892	9785
6892	9801
6895	7509
6895	9748
6896	9167
6901	1826
6901	3788
6901	8162
6901	8962
6901	9251
6907	1814
6907	6494
6907	9929
6908	5128
6908	8051
6908	9715
6910	664
6910	2500
6910	8418
6910	8698
6910	8701
6918	2931
6918	5254
6918	9012
6925	7721
6925	8378
6925	9256
6925	9453
6925	9710
6929	7560
6929	9564
6933	2752
6933	3552
6933	3901
6933	5982
6933	6145
6933	9042
6933	9056
6933	9852
6935	1570
6935	5574
6935	6531
6935	6655
6935	6739
6935	7634
6935	8619
6935	8794
6935	9000
6935	9014
6935	9343
6935	9690
6951	1808
6951	5785
6951	5857
6951	6398
6951	9921
6951	9999
6953	4739
6953	5879
6953	6530
6953	8870
6953	9680
6956	647
6956	2560
6956	6686
6957	1353
6957	6795
6957	8945
6958	5071
6958	8764
6958	9037
6958	9168
6968	4671
6968	6283
6968	7412
6968	7930
6968	8031
6972	517
6972	4314
6972	5218
6972	7970
6972	8893
6978	7952
6978	8764
6978	8955
6978	9439
6978	9588
6978	9953
6978	9998
6979	1948
6979	2905
6979	8370
6979	9286
6979	9867
6983	3640
6983	7690
6984	7215
6984	8858
6985	6066
6985	6236
6985	7263
6986	4271
6986	7403
6986	8277
6986	8698
6986	9579
6992	1392
6992	3971
6992	4971
6992	7458
6992	7670
6992	8452
6992	9731
6994	471
6994	4739
6994	8513
6994	9395
7011	4392
7011	7077
7011	9793
7011	9924
7013	2919
7013	8499
7014	1126
7014	8717
7014	8894
7014	8955
7014	9825
7017	7646
7017	7831
7017	7955
7017	9077
7017	9453
7017	9584
7018	6451
7018	6726
7018	9485
7018	9646
7019	2247
7019	7868
7019	8756
7021	5697
7021	7955
7021	9395
7024	5075
7024	7198
7024	7889
7024	7952
7024	9548
7032	1417
7032	3462
7032	7350
7032	8040
7032	8261
7032	8275
7032	8778
7032	9193
7032	9409
7032	9727
7032	9884
7032	9924
7032	9926
7033	5208
7033	6662
7033	8119
7041	3920
7041	8378
7041	9256
7045	4076
7045	8419
7045	9111
7045	9281
7045	9344
7049	3217
7049	7751
7049	8967
7058	1653
7058	5683
7058	7610
7058	9853
7064	2950
7064	5422
7064	6324
7068	1608
7068	6244
7068	6563
7068	7101
7068	7741
7068	8151
7068	9626
7068	9829
7073	6788
7073	7118
7073	8507
7074	66
7074	3709
7074	6714
7074	8201
7074	8302
7074	9126
7074	9883
7074	9928
7077	628
7077	5747
7077	7011
7077	9137
7077	9484
7077	9659
7082	9440
7082	9466
7083	1642
7083	5934
7083	9007
7083	9079
7083	9543
7083	9699
7083	9856
7089	8242
7089	8945
7092	4903
7092	7471
7092	7557
7092	9592
7092	9664
7092	9740
7093	1960
7093	6100
7093	7610
7093	8861
7093	9463
7093	9629
7093	9706
7093	9754
7098	4282
7098	6713
7098	8146
7101	6244
7101	6644
7101	7068
7101	8589
7101	9462
7101	9626
7102	3331
7102	8430
7102	9548
7104	3672
7104	8020
7104	9042
7104	9147
7104	9358
7110	3312
7110	7670
7110	8612
7110	9234
7110	9593
7118	5170
7118	7073
7118	8561
7118	8773
7118	9957
7120	2221
7120	5820
7120	6284
7120	9416
7120	9894
7131	2993
7131	7924
7131	8096
7131	9234
7155	6190
7155	7400
7155	8744
7155	9762
7155	9888
7159	1317
7159	3817
7159	4742
7159	6421
7159	7180
7159	9519
7173	7213
7173	8652
7173	9653
7173	9897
7175	1865
7175	3909
7175	7519
7175	8851
7175	9414
7175	9484
7180	159
7180	2400
7180	4742
7180	7159
7180	8374
7180	9128
7185	740
7185	1967
7185	6456
7190	6135
7190	6412
7190	7506
7190	9363
7190	9855
7191	5658
7191	5789
7191	8038
7191	8129
7191	8827
7191	9458
7194	2828
7196	1706
7196	9837
7198	6184
7198	7024
7198	7560
7198	8418
7205	5254
7205	6652
7205	7935
7205	9254
7205	9352
7205	9699
7207	9676
7211	1948
7211	4282
7211	4968
7211	6495
7211	7364
7211	8863
7211	9322
7212	1213
7212	9663
7212	9855
7213	6547
7213	7173
7213	7223
7213	7603
7213	8051
7213	9440
7213	9929
7214	8046
7214	9210
7214	9990
7215	3634
7215	6032
7215	6984
7215	7885
7215	9387
7217	6633
7217	8378
7217	8681
7217	8793
7222	930
7222	1023
7222	4654
7222	4720
7222	5534
7222	8000
7222	9530
7223	144
7223	734
7223	5831
7223	6190
7223	6407
7223	7213
7223	7924
7223	9653
7226	7827
7234	3672
7234	3779
7234	5237
7234	9319
7234	9461
7234	9519
7234	9738
7234	9793
7234	9889
7237	281
7237	4939
7237	6608
7237	7952
7237	7959
7237	7961
7237	8764
7237	9998
7244	4002
7244	9161
7263	2900
7263	6985
7263	9852
7264	2307
7264	5299
7264	5356
7264	7593
7264	8583
7264	8894
7264	9301
7264	9649
7274	6726
7274	8971
7277	416
7277	435
7277	1967
7277	4311
7277	5842
7277	8492
7277	9560
7280	281
7280	7952
7280	7959
7280	8509
7280	8958
7280	9439
7280	9998
7281	2774
7281	6309
7281	6333
7281	9338
7281	9895
7306	2428
7306	5351
7306	5756
7306	9324
7315	322
7315	4710
7315	5374
7315	6342
7315	7473
7315	8370
7320	5967
7320	6782
7320	9527
7321	2924
7321	4742
7321	6050
7321	9053
7321	9312
7321	9985
7329	8653
7329	9701
7329	9793
7329	9897
7331	6038
7331	8165
7331	9338
7331	9463
7334	279
7334	7794
7334	8452
7334	9980
7337	4392
7337	5656
7337	6160
7337	6719
7337	6799
7337	7566
7337	8194
7337	9929
7340	9016
7340	9133
7340	9687
7340	9777
7341	342
7341	3236
7341	8561
7341	8652
7341	9312
7341	9358
7342	3892
7342	5756
7342	6265
7342	8961
7342	9712
7342	9740
7342	9790
7350	7032
7350	8275
7350	9112
7350	9409
7350	9727
7350	9884
7350	9924
7350	9926
7350	9928
7352	1928
7352	4926
7352	9587
7352	9680
7352	9858
7353	1290
7353	4530
7353	7817
7353	9701
7354	309
7354	2654
7354	3384
7354	6602
7354	7878
7354	9133
7354	9722
7359	1907
7359	4241
7359	8327
7359	9442
7359	9780
7360	4270
7360	9458
7362	1817
7362	8847
7364	250
7364	4510
7364	7211
7367	4301
7367	8478
7370	1385
7370	8629
7373	1584
7373	7448
7373	7723
7382	6794
7389	1645
7389	3793
7389	6422
7389	9107
7389	9154
7394	3064
7394	9272
7400	436
7400	4188
7400	5410
7400	7155
7400	9387
7400	9762
7400	9888
7402	4722
7402	9856
7403	994
7403	4939
7403	6986
7403	9663
7404	9672
7410	2382
7410	3884
7410	7817
7410	9161
7411	1931
7411	5601
7411	7663
7411	7864
7411	8275
7411	9167
7411	9863
7412	3165
7412	6968
7412	7885
7412	8670
7416	4231
7416	6081
7416	8492
7416	9286
7416	9985
7419	4987
7419	7631
7419	9579
7431	5857
7431	8765
7431	8885
7442	4971
7442	6865
7442	8003
7442	8612
7445	7497
7445	8443
7445	8612
7445	8701
7445	9013
7445	9027
7445	9127
7445	9234
7445	9316
7448	1126
7448	1197
7448	6251
7448	7373
7448	8869
7458	2742
7458	6992
7458	7512
7458	7617
7458	9808
7465	253
7465	2948
7465	4145
7465	9926
7465	9928
7471	737
7471	7092
7471	8087
7471	9193
7473	459
7473	649
7473	1417
7473	5668
7473	6091
7473	7315
7473	8072
7479	1878
7479	6653
7479	7617
7479	9281
7479	9350
7479	9793
7489	1863
7489	3640
7489	4386
7489	4971
7489	8764
7493	1414
7493	2569
7493	2856
7493	5077
7493	5626
7493	9999
7497	718
7497	5006
7497	7445
7497	9212
7499	6566
7499	9395
7499	9536
7500	3182
7500	8945
7500	9803
7500	9955
7506	3331
7506	5208
7506	7190
7506	7630
7506	9418
7506	9858
7508	8897
7508	9679
7508	9733
7509	3493
7509	5394
7509	6895
7509	9393
7509	9713
7509	9748
7511	3511
7511	6509
7511	8124
7511	8194
7511	9665
7512	333
7512	2742
7512	7458
7512	7617
7512	7636
7512	7950
7512	8960
7512	9013
7519	7175
7519	9197
7519	9307
7519	9933
7524	1942
7524	7593
7524	9363
7528	4769
7528	9186
7528	9363
7528	9680
7530	3892
7530	5799
7530	9530
7530	9985
7531	1680
7531	1811
7531	6652
7531	6830
7531	8567
7531	8851
7531	9016
7532	856
7532	944
7538	2352
7538	4454
7538	6393
7538	7594
7538	7959
7538	9762
7540	1854
7540	3425
7540	5417
7540	8128
7556	4593
7556	9362
7556	9466
7556	9592
7557	3110
7557	5176
7557	6426
7557	7092
7557	9012
7557	9055
7557	9485
7557	9531
7557	9696
7560	979
7560	3006
7560	6835
7560	6929
7560	7198
7560	9205
7566	5046
7566	7337
7566	8418
7566	8943
7574	9183
7574	9361
7574	9530
7574	9702
7574	9863
7581	573
7581	3696
7581	8181
7581	8385
7588	2572
7588	2621
7588	7817
7588	9655
7593	2234
7593	3399
7593	7264
7593	7524
7593	8583
7593	8817
7593	9649
7594	951
7594	2147
7594	5684
7594	6184
7594	7538
7594	8015
7594	8887
7595	5794
7595	7725
7595	8080
7603	586
7603	3667
7603	7213
7603	8051
7603	8884
7603	9461
7603	9543
7603	9862
7603	9929
7610	7058
7610	7093
7610	9691
7617	2742
7617	7458
7617	7479
7617	7512
7617	7636
7625	2817
7625	3695
7625	4314
7625	8418
7625	9389
7630	4264
7630	7506
7631	7419
7631	9629
7631	9646
7634	604
7634	6547
7634	6935
7634	8619
7634	9293
7634	9343
7634	9629
7634	9690
7636	144
7636	3010
7636	7512
7636	7617
7636	8765
7636	9605
7637	2905
7637	8765
7637	9808
7641	451
7641	760
7641	4756
7641	6686
7641	8817
7641	9089
7646	4684
7646	6728
7646	7017
7646	9077
7646	9453
7646	9867
7650	2762
7650	4618
7650	6153
7650	7986
7650	8595
7650	9469
7650	9536
7650	9883
7663	1554
7663	7411
7667	6719
7667	9237
7670	2561
7670	4264
7670	5956
7670	6992
7670	7110
7670	7958
7690	6983
7690	9955
7699	140
7699	3881
7699	4317
7699	5384
7699	7866
7699	8629
7699	8713
7699	9289
7699	9663
7699	9837
7703	3518
7703	5211
7703	6821
7703	8507
7703	8773
7703	9286
7703	9796
7703	9957
7714	699
7714	5521
7714	6652
7714	8508
7714	9356
7717	6538
7717	7948
7717	8494
7717	9633
7717	9655
7717	9817
7718	247
7718	1878
7718	2139
7718	8003
7718	8827
7718	9344
7718	9403
7718	9458
7718	9568
7721	4070
7721	5387
7721	6925
7721	8067
7721	8567
7721	9007
7721	9592
7723	1948
7723	4968
7723	5606
7723	7373
7725	5333
7725	7595
7725	9128
7725	9135
7726	1470
7726	1894
7732	1725
7732	5556
7732	6416
7732	8177
7732	8261
7738	2352
7738	4392
7738	4836
7741	7068
7741	8369
7741	8701
7741	9462
7741	9626
7741	9731
7741	9994
7744	1843
7744	8239
7744	9147
7744	9324
7744	9393
7744	9602
7744	9880
7747	2357
7747	3940
7747	6026
7747	8419
7747	8689
7747	9053
7747	9089
7747	9858
7751	2307
7751	2516
7751	3957
7751	5658
7751	7049
7751	9679
7755	1513
7755	3344
7755	3355
7755	7883
7758	1519
7758	1863
7758	1955
7758	8374
7758	8778
7758	9497
7758	9838
7758	9921
7761	1612
7761	2490
7761	4323
7761	7774
7761	8195
7761	9312
7761	9941
7762	5928
7762	9857
7774	3985
7774	3998
7774	7761
7774	8513
7774	9011
7774	9118
7776	645
7776	3340
7776	5467
7776	9380
7776	9713
7776	9722
7786	5049
7786	9324
7794	5668
7794	5991
7794	7334
7794	8208
7794	8316
7794	9613
7796	5033
7796	8177
7796	8670
7796	9523
7800	9465
7807	4185
7807	9059
7807	9258
7807	9906
7813	3254
7813	3950
7813	8641
7813	9808
7813	9906
7817	2737
7817	6337
7817	7353
7817	7410
7817	7588
7817	8074
7817	8561
7817	9797
7827	2975
7827	6026
7827	6451
7827	6564
7827	7226
7828	8002
7828	9629
7831	6728
7831	7017
7831	8746
7831	9077
7831	9286
7831	9933
7839	2914
7839	2931
7839	3322
7839	4295
7839	6888
7839	9585
7839	9663
7839	9755
7841	157
7841	3236
7841	8264
7841	8958
7841	9710
7851	1808
7851	3392
7851	4688
7851	4983
7851	6225
7851	6851
7851	9181
7851	9258
7851	9468
7862	1161
7862	5534
7862	9730
7864	912
7864	2248
7864	7411
7864	9894
7864	9923
7866	1039
7866	7699
7866	7948
7866	9436
7868	7019
7868	8553
7868	8756
7868	9649
7868	9797
7878	2654
7878	5791
7878	6178
7878	6782
7878	7354
7878	8129
7878	9469
7878	9897
7879	2947
7879	8611
7879	8714
7879	9455
7883	2008
7883	2280
7883	5866
7883	6341
7883	6443
7883	7755
7883	9270
7883	9663
7883	9883
7883	9909
7883	9914
7883	9955
7885	1960
7885	3927
7885	4386
7885	7215
7885	7412
7885	8288
7885	8381
7885	8846
7885	9026
7889	2869
7889	7024
7889	7953
7889	8847
7890	1854
7890	3331
7890	6532
7890	8335
7890	9442
7890	9672
7893	2120
7893	5044
7893	5593
7893	6094
7893	8290
7893	8589
7893	9855
7915	5790
7915	6173
7915	8302
7915	9464
7915	9488
7915	9550
7917	209
7917	3393
7917	7953
7917	8633
7917	9796
7924	3779
7924	4062
7924	5730
7924	7131
7924	7223
7924	8096
7929	242
7929	1625
7929	8285
7929	9733
7930	3201
7930	3227
7930	6283
7930	6892
7930	6968
7930	9228
7932	1988
7932	2717
7932	8110
7932	8619
7932	9584
7935	3874
7935	4641
7935	7205
7945	4598
7945	5027
7945	5339
7945	5967
7945	6782
7945	9513
7945	9527
7948	3221
7948	6126
7948	7717
7948	7866
7948	8195
7948	9436
7948	9933
7950	6714
7950	7512
7950	8384
7950	8430
7950	8687
7950	9365
7950	9468
7950	9595
7952	4530
7952	6978
7952	7024
7952	7237
7952	7280
7952	9439
7952	9998
7953	856
7953	7889
7953	7917
7953	8644
7953	8717
7953	8793
7955	973
7955	4373
7955	6173
7955	6885
7955	7017
7955	7021
7955	8657
7955	9581
7955	9721
7958	5302
7958	5956
7958	6288
7958	7670
7958	8452
7958	8789
7958	9961
7959	281
7959	7237
7959	7280
7959	7538
7959	8764
7959	8884
7959	9998
7961	1608
7961	7237
7961	9349
7965	2524
7965	2753
7965	9059
7965	9073
7970	1280
7970	4062
7970	6972
7970	8893
7970	9031
7970	9999
7977	9588
7986	63
7986	7650
7986	9469
7995	140
7995	4241
7995	5799
7995	8827
7995	9210
7995	9344
7995	9458
8000	401
8000	1448
8000	2359
8000	2487
8000	7222
8000	8657
8000	9727
8000	9906
8002	1529
8002	5170
8002	6794
8002	7828
8002	9164
8002	9197
8002	9785
8003	140
8003	1449
8003	1894
8003	7442
8003	7718
8003	8129
8014	8025
8014	8443
8014	8980
8014	9665
8015	3058
8015	4454
8015	6184
8015	6478
8015	7594
8015	8589
8015	8887
8015	9649
8018	9296
8018	9966
8020	6352
8020	7104
8020	9183
8020	9791
8020	9943
8020	9961
8020	9984
8025	4672
8025	8014
8028	728
8031	2734
8031	6094
8031	6528
8031	6968
8031	8663
8031	8673
8031	9435
8031	9931
8038	984
8038	2139
8038	7191
8038	8129
8038	8181
8038	8509
8038	8827
8038	9344
8040	1240
8040	4181
8040	5254
8040	5358
8040	6156
8040	7032
8040	9319
8040	9528
8041	3552
8041	3757
8041	3927
8041	8625
8041	8672
8041	9037
8041	9096
8041	9325
8046	1708
8046	2762
8046	7214
8047	561
8047	564
8047	779
8047	2120
8047	9150
8047	9548
8047	9646
8047	9758
8047	9821
8047	9862
8050	6138
8050	6552
8050	8464
8050	9350
8050	9569
8051	714
8051	2494
8051	4070
8051	4133
8051	6423
8051	6908
8051	7213
8051	7603
8051	8194
8051	8485
8051	9929
8052	1224
8052	1410
8052	1725
8052	4295
8052	5237
8052	6096
8052	6322
8052	9631
8067	1529
8067	2139
8067	2905
8067	5170
8067	6153
8067	7721
8067	9150
8072	3651
8072	6091
8072	7473
8074	209
8074	2494
8074	5656
8074	7817
8074	8945
8074	9127
8074	9471
8074	9523
8074	9548
8074	9568
8074	9614
8075	8361
8075	9377
8075	9885
8075	9889
8080	1418
8080	2481
8080	2645
8080	3504
8080	7595
8080	9150
8080	9855
8080	9920
8081	2520
8081	3462
8081	6265
8081	6394
8081	8694
8085	1953
8085	3182
8085	5483
8085	9852
8087	2042
8087	3262
8087	6108
8087	6438
8087	7471
8087	9104
8087	9409
8096	7131
8096	7924
8106	2947
8106	3227
8106	3923
8106	5394
8106	8450
8106	8564
8106	8571
8106	9136
8106	9849
8110	1229
8110	5470
8110	7932
8110	8635
8110	9389
8110	9584
8110	9700
8119	7033
8119	8171
8119	9706
8119	9820
8120	5591
8120	5928
8120	8564
8120	9468
8124	1503
8124	5384
8124	6509
8124	7511
8124	8361
8128	7540
8128	8419
8128	9963
8129	5658
8129	7191
8129	7878
8129	8003
8129	8038
8129	8827
8129	9210
8129	9458
8129	9484
8129	9588
8129	9991
8134	2042
8134	8943
8134	9633
8134	9664
8134	9825
8138	6113
8138	8265
8138	9007
8138	9168
8146	1377
8146	4549
8146	7098
8146	9687
8151	4818
8151	4983
8151	7068
8162	1505
8162	6901
8162	9301
8162	9649
8165	4166
8165	4720
8165	6094
8165	7331
8165	9980
8171	564
8171	1430
8171	2737
8171	4948
8171	8119
8171	9999
8177	7732
8177	7796
8177	8616
8177	8676
8177	9414
8177	9523
8181	2008
8181	4123
8181	5940
8181	5952
8181	7581
8181	8038
8181	8610
8181	9713
8188	5875
8188	8600
8188	8702
8188	9219
8188	9254
8188	9548
8188	9641
8194	2104
8194	4392
8194	5656
8194	7337
8194	7511
8194	8051
8194	9929
8194	9980
8195	1944
8195	3108
8195	5374
8195	6855
8195	7761
8195	7948
8195	8967
8201	528
8201	4072
8201	6269
8201	6478
8201	7074
8201	9126
8208	994
8208	3291
8208	5128
8208	6563
8208	7794
8208	8957
8213	3986
8213	8795
8213	9419
8213	9679
8213	9682
8213	9953
8217	5556
8217	6113
8217	8988
8217	9379
8239	1448
8239	4185
8239	4189
8239	4805
8239	7744
8239	9147
8239	9324
8239	9756
8239	9880
8242	3217
8242	7089
8242	8851
8242	8945
8242	9646
8244	63
8244	242
8244	1213
8244	8830
8244	9338
8244	9569
8244	9570
8244	9616
8244	9857
8256	8756
8256	9405
8256	9797
8256	9863
8260	4282
8260	4671
8260	8657
8260	8794
8260	9210
8261	7032
8261	7732
8261	9691
8261	9942
8262	4614
8262	5664
8262	8562
8262	8629
8262	9605
8264	1639
8264	2572
8264	4709
8264	7841
8264	9361
8264	9528
8264	9560
8264	9848
8264	9942
8265	1988
8265	3016
8265	5658
8265	8138
8265	9364
8265	9849
8272	4015
8272	5684
8272	6352
8272	8958
8272	9791
8272	9943
8272	9984
8274	6743
8274	9319
8275	203
8275	4359
8275	7032
8275	7350
8275	7411
8275	9112
8275	9193
8275	9441
8275	9727
8275	9797
8275	9924
8275	9926
8275	9942
8277	1303
8277	5211
8277	6482
8277	6986
8277	9059
8278	4109
8278	5593
8278	6652
8278	9118
8278	9433
8278	9863
8279	2456
8279	9419
8279	9588
8285	6624
8285	7929
8285	9102
8286	435
8286	3912
8286	4618
8286	6016
8286	8635
8286	9894
8288	6372
8288	7885
8288	9742
8288	9820
8288	9980
8290	4967
8290	6541
8290	7893
8290	8778
8290	9405
8290	9675
8302	2277
8302	5195
8302	5470
8302	7074
8302	7915
8302	8827
8302	8917
8302	9462
8316	3565
8316	5668
8316	6733
8316	7794
8323	2632
8323	8661
8323	9059
8323	9293
8323	9994
8324	1940
8324	5534
8324	6317
8324	8361
8324	9377
8324	9488
8324	9867
8324	9885
8326	435
8326	3636
8326	6184
8326	8672
8326	9721
8327	822
8327	2210
8327	3842
8327	7359
8327	8961
8327	9488
8327	9780
8335	1693
8335	2833
8335	7890
8335	8430
8335	8933
8344	309
8344	2924
8344	6694
8344	9212
8344	9463
8344	9955
8350	4932
8350	6173
8350	9080
8350	9631
8352	5599
8352	6438
8352	9246
8352	9463
8354	763
8354	4855
8354	8356
8354	8513
8354	8589
8354	9568
8356	2175
8356	2323
8356	8354
8356	8513
8361	118
8361	1940
8361	3494
8361	6886
8361	8075
8361	8124
8361	8324
8361	9377
8361	9885
8365	4454
8365	8870
8365	9393
8365	9901
8369	6244
8369	6861
8369	7741
8369	9183
8369	9462
8369	9626
8370	4956
8370	5887
8370	6979
8370	7315
8370	9096
8370	9121
8370	9362
8370	9595
8371	537
8371	3167
8371	6211
8371	6653
8371	9028
8371	9104
8371	9793
8374	1519
8374	5033
8374	7180
8374	7758
8374	8509
8374	9045
8378	2175
8378	2645
8378	2847
8378	2912
8378	6782
8378	6925
8378	7041
8378	7217
8378	9256
8378	9966
8381	3462
8381	4677
8381	6821
8381	7885
8381	8713
8381	8846
8381	9403
8384	2487
8384	7950
8384	8964
8384	9564
8384	9755
8385	2543
8385	4121
8385	7581
8385	8957
8385	9602
8385	9687
8385	9953
8411	3346
8411	9941
8411	9963
8412	2740
8412	6500
8412	6749
8412	9289
8412	9722
8412	9793
8412	9866
8413	1960
8413	6254
8413	6886
8413	8595
8413	8886
8413	9180
8413	9754
8413	9981
8418	300
8418	6075
8418	6548
8418	6910
8418	7198
8418	7566
8418	7625
8418	9076
8418	9614
8418	9680
8419	5765
8419	6652
8419	7045
8419	7747
8419	8128
8419	8452
8419	9281
8419	9700
8419	9923
8423	5009
8426	140
8426	4070
8426	5534
8430	3344
8430	4327
8430	7102
8430	7950
8430	8335
8430	8734
8430	9344
8430	9853
8430	9985
8443	7445
8443	8014
8443	9560
8443	9687
8450	2509
8450	8106
8450	9527
8452	5712
8452	6080
8452	6992
8452	7334
8452	7958
8452	8419
8452	8751
8452	8859
8452	9180
8452	9731
8464	3194
8464	3994
8464	5751
8464	8050
8464	9439
8464	9730
8464	9963
8468	1103
8468	3402
8468	9242
8468	9256
8468	9364
8468	9970
8478	3862
8478	5754
8478	7367
8478	8643
8478	8806
8478	9414
8478	9433
8485	714
8485	6160
8485	6794
8485	8051
8485	9012
8485	9439
8485	9579
8485	9929
8492	3553
8492	7277
8492	7416
8492	8696
8492	9205
8492	9258
8492	9992
8494	3099
8494	4739
8494	6538
8494	7717
8494	9655
8494	9817
8494	9946
8499	1764
8499	2481
8499	4106
8499	4510
8499	6781
8499	7013
8507	401
8507	1994
8507	3518
8507	6438
8507	7073
8507	7703
8507	9349
8507	9957
8508	1515
8508	3985
8508	6322
8508	6892
8508	7714
8508	9322
8508	9365
8508	9595
8508	9946
8509	4231
8509	7280
8509	8038
8509	8374
8509	8778
8509	9045
8509	9523
8509	9602
8509	9921
8510	2066
8510	3421
8510	3578
8510	5254
8510	9053
8510	9693
8512	6648
8512	8717
8512	9633
8512	9922
8513	528
8513	3985
8513	5049
8513	6326
8513	6337
8513	6994
8513	7774
8513	8354
8513	8356
8513	9118
8531	9817
8531	9870
8553	4180
8553	6530
8553	6865
8553	7868
8561	279
8561	7118
8561	7341
8561	7817
8561	8652
8561	9358
8561	9672
8561	9857
8562	982
8562	6633
8562	8262
8562	8643
8562	8644
8562	8675
8562	9111
8562	9605
8562	9633
8562	9929
8563	5
8563	8616
8563	9042
8563	9640
8563	9803
8564	589
8564	4622
8564	5756
8564	8106
8564	8120
8564	9471
8564	9880
8565	2828
8565	2897
8565	3110
8565	9167
8567	2138
8567	2661
8567	5395
8567	5756
8567	6130
8567	7531
8567	7721
8567	8851
8567	9016
8571	2360
8571	8106
8571	8840
8571	9136
8571	9441
8571	9531
8571	9849
8572	3249
8572	5553
8572	5765
8572	5790
8572	6707
8572	9464
8572	9488
8572	9550
8583	3470
8583	7264
8583	7593
8583	9027
8583	9301
8583	9649
8583	9916
8589	4888
8589	5556
8589	7101
8589	7893
8589	8015
8589	8354
8589	9080
8589	9631
8589	9730
8592	1680
8592	9272
8592	9721
8593	2786
8593	3943
8593	5333
8593	8744
8593	9462
8593	9762
8593	9888
8595	242
8595	3506
8595	6153
8595	6495
8595	7650
8595	8413
8595	8886
8595	9560
8595	9629
8595	9699
8595	9981
8595	9985
8600	2205
8600	3925
8600	6768
8600	8188
8600	8608
8608	8600
8608	9059
8608	9254
8608	9641
8610	5947
8610	8181
8610	9228
8610	9468
8610	9655
8611	1301
8611	3261
8611	5915
8611	7879
8611	8893
8611	9186
8611	9210
8611	9307
8611	9898
8612	1809
8612	7110
8612	7442
8612	7445
8612	9013
8612	9014
8612	9027
8612	9127
8612	9281
8612	9316
8612	9675
8615	1474
8615	4416
8615	5179
8615	5339
8615	5763
8615	6254
8615	6880
8615	8861
8615	9033
8615	9325
8615	9629
8615	9981
8616	6633
8616	8177
8616	8563
8616	9150
8616	9377
8616	9523
8616	9852
8616	9981
8619	6739
8619	6935
8619	7634
8619	7932
8619	9014
8619	9293
8619	9343
8619	9690
8622	2051
8622	9102
8622	9758
8625	1729
8625	3927
8625	6266
8625	8041
8625	9037
8625	9096
8625	9325
8629	106
8629	3636
8629	5148
8629	5198
8629	5438
8629	6745
8629	7370
8629	7699
8629	8262
8629	9663
8629	9848
8633	4641
8633	5743
8633	7917
8633	8676
8633	8689
8633	9013
8634	53
8634	3043
8634	3915
8634	5993
8634	6385
8634	9700
8635	5302
8635	5727
8635	6397
8635	8110
8635	8286
8635	9380
8635	9593
8635	9856
8635	9933
8637	577
8637	3605
8637	4583
8637	6767
8637	8922
8637	9183
8641	990
8641	2774
8641	7813
8641	9808
8641	9906
8643	6603
8643	8478
8643	8562
8643	8675
8643	9468
8643	9605
8643	9710
8644	4709
8644	6603
8644	7953
8644	8562
8644	8675
8644	9605
8652	342
8652	1099
8652	4739
8652	7173
8652	7341
8652	8561
8652	9063
8652	9602
8653	144
8653	5525
8653	7329
8653	9234
8653	9701
8653	9897
8654	3163
8654	5483
8654	5811
8654	9246
8657	714
8657	4282
8657	7955
8657	8000
8657	8260
8657	9389
8657	9924
8661	2524
8661	5182
8661	5875
8661	8323
8661	8756
8661	9536
8661	9790
8661	9994
8663	322
8663	3884
8663	4180
8663	6766
8663	8031
8663	9931
8670	1653
8670	1931
8670	2942
8670	5033
8670	5630
8670	5754
8670	6821
8670	7412
8670	7796
8670	8846
8670	9026
8672	6220
8672	8041
8672	8326
8672	9307
8672	9485
8672	9560
8672	9928
8672	9990
8673	2765
8673	3884
8673	4180
8673	6213
8673	6342
8673	8031
8673	9629
8673	9931
8675	3275
8675	3881
8675	3900
8675	4709
8675	6016
8675	6174
8675	8562
8675	8643
8675	8644
8675	9605
8676	2807
8676	6425
8676	8177
8676	8633
8676	8863
8676	9820
8676	9929
8681	1240
8681	6788
8681	7217
8681	8793
8681	9123
8681	9870
8681	9991
8687	5549
8687	7950
8687	9045
8687	9595
8687	9643
8687	9756
8689	2621
8689	6288
8689	7747
8689	8633
8689	9853
8689	9866
8694	6589
8694	8081
8694	9631
8694	9808
8696	856
8696	973
8696	4010
8696	8492
8696	9205
8696	9435
8698	4188
8698	6767
8698	6910
8698	6986
8698	8701
8698	9780
8700	74
8700	4166
8700	9536
8701	6407
8701	6767
8701	6910
8701	7445
8701	7741
8701	8698
8701	9397
8702	6768
8702	8188
8702	9136
8702	9254
8702	9641
8707	281
8707	3362
8707	5179
8707	6094
8707	8714
8707	9542
8707	9883
8713	3516
8713	6745
8713	7699
8713	8381
8713	9337
8713	9663
8713	9991
8714	3227
8714	7879
8714	8707
8714	9455
8714	9855
8717	5044
8717	5521
8717	5873
8717	7014
8717	7953
8717	8512
8717	9349
8717	9363
8723	5556
8723	9337
8733	5544
8733	5747
8733	6423
8733	8894
8733	9137
8733	9659
8733	9730
8733	9985
8734	5422
8734	6103
8734	6269
8734	6530
8734	8430
8734	8857
8734	8962
8734	9712
8734	9970
8744	2786
8744	5333
8744	6385
8744	6821
8744	7155
8744	8593
8744	9365
8744	9762
8744	9888
8744	9906
8746	72
8746	5345
8746	6728
8746	7831
8746	9453
8746	9646
8748	4450
8748	4980
8748	9319
8748	9414
8751	1301
8751	1910
8751	3101
8751	8452
8751	9168
8751	9898
8754	3779
8754	6719
8754	6865
8754	9126
8754	9682
8756	4663
8756	7019
8756	7868
8756	8256
8756	8661
8756	9829
8762	6566
8762	9712
8762	9790
8764	2569
8764	4836
8764	6192
8764	6958
8764	6978
8764	7237
8764	7489
8764	7959
8764	9439
8764	9933
8764	9994
8764	9998
8765	6096
8765	7431
8765	7636
8765	7637
8773	1708
8773	2032
8773	3518
8773	7118
8773	7703
8773	9349
8773	9957
8776	737
8776	1224
8776	2457
8778	547
8778	1957
8778	5799
8778	6066
8778	7032
8778	7758
8778	8290
8778	8509
8778	9045
8778	9693
8778	9921
8778	9946
8789	3312
8789	5712
8789	7958
8789	8911
8789	9104
8789	9731
8793	6655
8793	7217
8793	7953
8793	8681
8794	801
8794	4591
8794	6855
8794	6935
8794	8260
8794	9014
8794	9293
8794	9343
8794	9570
8794	9690
8795	457
8795	1808
8795	4416
8795	6100
8795	8213
8795	9181
8795	9258
8795	9468
8795	9933
8804	4349
8804	6016
8804	6233
8804	6453
8804	9096
8804	9379
8804	9513
8804	9754
8804	9758
8806	6423
8806	8478
8806	9322
8806	9961
8817	2621
8817	6333
8817	7593
8817	7641
8817	9089
8817	9405
8817	9649
8827	533
8827	1808
8827	5789
8827	6050
8827	6438
8827	7191
8827	7718
8827	7995
8827	8038
8827	8129
8827	8302
8827	9210
8827	9219
8827	9344
8827	9458
8827	9740
8829	1126
8829	4415
8829	4867
8829	6557
8829	9312
8829	9444
8829	9867
8830	4211
8830	6297
8830	8244
8830	9570
8830	9616
8833	649
8833	3773
8833	3998
8833	4641
8833	6557
8840	2423
8840	6394
8840	8571
8840	9204
8840	9633
8840	9702
8840	9917
8846	2713
8846	7885
8846	8381
8846	8670
8846	9026
8846	9803
8847	3709
8847	5075
8847	7362
8847	7889
8851	1680
8851	4541
8851	6130
8851	6745
8851	6830
8851	7175
8851	7531
8851	8242
8851	8567
8851	9016
8851	9702
8856	2904
8856	4837
8856	9242
8857	342
8857	1039
8857	6714
8857	6807
8857	8734
8857	9056
8857	9365
8857	9699
8858	4134
8858	4727
8858	5459
8858	6984
8859	5237
8859	6021
8859	8452
8859	9519
8859	9579
8859	9640
8861	5339
8861	6153
8861	7093
8861	8615
8861	9031
8861	9629
8861	9754
8861	9870
8861	9906
8863	4070
8863	7211
8863	8676
8863	9033
8863	9408
8863	9531
8866	3399
8866	5033
8866	5410
8866	6423
8866	6888
8866	9270
8866	9377
8869	1126
8869	1197
8869	2206
8869	4251
8869	6251
8869	7448
8869	9118
8870	2
8870	1076
8870	6953
8870	8365
8870	9167
8870	9710
8870	9986
8875	3881
8875	4734
8875	6835
8875	9579
8884	7603
8884	7959
8885	4903
8885	6838
8885	7431
8885	9605
8885	9931
8886	4416
8886	4591
8886	6153
8886	8413
8886	8595
8886	9498
8886	9754
8886	9981
8887	951
8887	3058
8887	4454
8887	6184
8887	7594
8887	8015
8887	9444
8887	9690
8887	9985
8893	1307
8893	3909
8893	3922
8893	6308
8893	6972
8893	7970
8893	8611
8893	9000
8894	3672
8894	4076
8894	5544
8894	7014
8894	7264
8894	8733
8894	9137
8894	9659
8897	106
8897	898
8897	2695
8897	3064
8897	4334
8897	7508
8897	8933
8897	9393
8897	9564
8911	2561
8911	5712
8911	5956
8911	8789
8911	9731
8917	1435
8917	4072
8917	4133
8917	8302
8917	9126
8917	9244
8917	9721
8917	9731
8922	300
8922	8637
8922	9219
8933	2329
8933	2919
8933	3816
8933	5339
8933	5467
8933	6082
8933	6317
8933	8335
8933	8897
8933	9955
8933	9994
8940	1430
8940	1744
8940	4948
8940	9178
8940	9397
8940	9898
8943	4948
8943	6861
8943	7566
8943	8134
8943	9803
8943	9946
8945	5116
8945	5934
8945	6957
8945	7089
8945	7500
8945	8074
8945	8242
8945	9998
8953	1005
8953	3658
8953	9862
8954	1414
8954	3842
8954	3931
8954	6269
8954	9112
8955	4665
8955	5873
8955	6978
8955	7014
8955	9825
8957	655
8957	4434
8957	6563
8957	6823
8957	8208
8957	8385
8957	9458
8957	9963
8958	6074
8958	7280
8958	7841
8958	8272
8958	9286
8958	9710
8960	4800
8960	6029
8960	6269
8960	7512
8960	9012
8960	9585
8961	1027
8961	5185
8961	7342
8961	8327
8961	9442
8961	9990
8961	9997
8962	4334
8962	5395
8962	5718
8962	6103
8962	6269
8962	6901
8962	8734
8962	9251
8962	9307
8962	9895
8962	9942
8964	6163
8964	8384
8964	9403
8964	9564
8964	9755
8967	1449
8967	2695
8967	3020
8967	4003
8967	5374
8967	6075
8967	6336
8967	7049
8967	8195
8967	9592
8967	9627
8967	9696
8971	1539
8971	2904
8971	4591
8971	7274
8971	9870
8980	1539
8980	2901
8980	3957
8980	6826
8980	8014
8980	9161
8988	3822
8988	4434
8988	5875
8988	6192
8988	8217
8988	9580
8988	9820
9000	394
9000	2323
9000	2490
9000	3006
9000	5734
9000	5785
9000	6380
9000	6935
9000	8893
9007	498
9007	3016
9007	5128
9007	6861
9007	7083
9007	7721
9007	8138
9007	9055
9007	9168
9007	9364
9007	9436
9007	9570
9011	3331
9011	5304
9011	5485
9011	5585
9011	7774
9011	9393
9011	9830
9012	2715
9012	6918
9012	7557
9012	8485
9012	8960
9012	9079
9012	9112
9012	9440
9012	9585
9013	2309
9013	5501
9013	7445
9013	7512
9013	8612
9013	8633
9013	9027
9013	9127
9013	9316
9013	9880
9014	5549
9014	6739
9014	6855
9014	6935
9014	8612
9014	8619
9014	8794
9014	9293
9014	9343
9014	9690
9014	9837
9015	5123
9015	5999
9015	6788
9015	9063
9016	4541
9016	6130
9016	6830
9016	7340
9016	7531
9016	8567
9016	8851
9016	9884
9016	9994
9018	3163
9018	3300
9018	4709
9018	5631
9018	9164
9018	9992
9026	1931
9026	6821
9026	7885
9026	8670
9026	8846
9026	9342
9027	2309
9027	5501
9027	6308
9027	7445
9027	8583
9027	8612
9027	9013
9027	9127
9027	9316
9027	9922
9027	9955
9028	537
9028	6494
9028	8371
9028	9687
9028	9793
9031	3909
9031	3922
9031	6308
9031	6696
9031	7970
9031	8861
9033	4622
9033	6652
9033	8615
9033	8863
9033	9408
9033	9758
9037	1811
9037	2912
9037	3757
9037	3927
9037	4003
9037	6713
9037	6958
9037	8041
9037	8625
9037	9096
9037	9325
9037	9675
9042	1976
9042	6800
9042	6933
9042	7104
9042	8563
9042	9344
9042	9662
9044	5208
9044	5718
9044	9513
9044	9733
9045	4231
9045	5038
9045	8374
9045	8509
9045	8687
9045	8778
9045	9272
9045	9528
9045	9867
9045	9921
9045	9970
9053	2456
9053	3578
9053	4469
9053	7321
9053	7747
9053	8510
9055	526
9055	1026
9055	1694
9055	5176
9055	7557
9055	9007
9055	9485
9055	9696
9056	2032
9056	2051
9056	2362
9056	3695
9056	4491
9056	6933
9056	8857
9056	9852
9059	4622
9059	5182
9059	6761
9059	6812
9059	7807
9059	7965
9059	8277
9059	8323
9059	8608
9059	9682
9059	9821
9059	9914
9059	9994
9063	4076
9063	6096
9063	6323
9063	8652
9063	9015
9073	1226
9073	2632
9073	5182
9073	6761
9073	6812
9073	7965
9073	9458
9073	9894
9073	9994
9076	822
9076	3172
9076	6880
9076	8418
9076	9537
9076	9855
9077	5195
9077	5873
9077	7017
9077	7646
9077	7831
9077	9453
9079	7083
9079	9012
9079	9272
9079	9699
9080	2621
9080	5730
9080	5785
9080	8350
9080	8589
9080	9387
9080	9614
9080	9631
9087	6526
9087	6608
9087	9319
9087	9570
9089	1418
9089	1539
9089	1889
9089	3651
9089	4109
9089	6530
9089	7641
9089	7747
9089	8817
9089	9246
9089	9405
9096	872
9096	2572
9096	8041
9096	8370
9096	8625
9096	8804
9096	9037
9096	9325
9096	9803
9096	9914
9102	2726
9102	3949
9102	8285
9102	8622
9102	9531
9102	9758
9102	9994
9104	2042
9104	3822
9104	5915
9104	6108
9104	6438
9104	8087
9104	8371
9104	8789
9104	9916
9107	2754
9107	3227
9107	5405
9107	7389
9107	9150
9107	9397
9107	9855
9110	1161
9110	9380
9110	9440
9111	2856
9111	4529
9111	4987
9111	5075
9111	5765
9111	7045
9111	8562
9111	9244
9111	9538
9111	9923
9112	281
9112	2874
9112	3940
9112	5259
9112	5417
9112	7350
9112	8275
9112	8954
9112	9012
9112	9193
9112	9380
9112	9409
9112	9614
9112	9727
9112	9884
9112	9924
9112	9926
9118	3985
9118	7774
9118	8278
9118	8513
9118	8869
9118	9584
9121	4469
9121	4956
9121	6795
9121	8370
9121	9665
9123	4627
9123	5727
9123	6211
9123	8681
9126	528
9126	533
9126	1435
9126	2221
9126	4072
9126	5059
9126	5195
9126	7074
9126	8201
9126	8754
9126	8917
9126	9922
9127	1809
9127	4665
9127	5501
9127	6284
9127	7445
9127	8074
9127	8612
9127	9013
9127	9027
9127	9316
9128	5237
9128	6633
9128	7180
9128	7725
9128	9256
9128	9461
9128	9519
9128	9721
9128	9738
9128	9817
9133	3493
9133	4616
9133	5211
9133	7340
9133	7354
9133	9180
9133	9197
9133	9687
9135	1991
9135	7725
9135	9403
9135	9885
9136	2338
9136	2360
9136	2947
9136	3842
9136	3923
9136	8106
9136	8571
9136	8702
9136	9441
9136	9513
9136	9849
9137	628
9137	3672
9137	6393
9137	6421
9137	7077
9137	8733
9137	8894
9137	9588
9137	9646
9137	9659
9147	2328
9147	4481
9147	7104
9147	7744
9147	8239
9147	9324
9147	9756
9147	9880
9150	2023
9150	3227
9150	4855
9150	4875
9150	8047
9150	8067
9150	8080
9150	8616
9150	9107
9150	9588
9150	9920
9150	9985
9154	4397
9154	6422
9154	7389
9154	9469
9161	3223
9161	5057
9161	7244
9161	7410
9161	8980
9161	9395
9164	2323
9164	2792
9164	3300
9164	5631
9164	6545
9164	8002
9164	9018
9164	9439
9164	9992
9167	4971
9167	5345
9167	6896
9167	7411
9167	8565
9167	8870
9168	498
9168	6113
9168	6385
9168	6958
9168	8138
9168	8751
9168	9007
9168	9364
9168	9389
9168	9458
9168	9566
9168	9914
9178	8940
9180	4251
9180	8413
9180	8452
9180	9133
9180	9687
9180	9777
9181	72
9181	1032
9181	4980
9181	6225
9181	7851
9181	8795
9181	9258
9181	9316
9181	9468
9181	9646
9183	5462
9183	6081
9183	7574
9183	8020
9183	8369
9183	8637
9183	9605
9183	9702
9183	9863
9186	3986
9186	6434
9186	7528
9186	8611
9186	9580
9186	9754
9186	9898
9193	4211
9193	5259
9193	7032
9193	7471
9193	8275
9193	9112
9193	9409
9193	9662
9193	9727
9193	9884
9193	9924
9193	9926
9193	9990
9197	2095
9197	2280
9197	6308
9197	6880
9197	7519
9197	8002
9197	9133
9197	9269
9197	9933
9204	683
9204	1032
9204	1480
9204	1645
9204	8840
9205	856
9205	942
9205	1991
9205	7560
9205	8492
9205	8696
9205	9980
9210	2252
9210	5266
9210	7214
9210	7995
9210	8129
9210	8260
9210	8611
9210	8827
9210	9344
9210	9458
9210	9920
9212	7497
9212	8344
9212	9796
9219	48
9219	6385
9219	6531
9219	8188
9219	8827
9219	8922
9219	9974
9228	6541
9228	7930
9228	8610
9228	9520
9228	9696
9228	9981
9234	3900
9234	5951
9234	7110
9234	7131
9234	7445
9234	8653
9234	9318
9234	9362
9234	9466
9237	2190
9237	4255
9237	5789
9237	7667
9237	9984
9242	4837
9242	5866
9242	8468
9242	8856
9242	9536
9244	4076
9244	4231
9244	4251
9244	5521
9244	5593
9244	6652
9244	8917
9244	9111
9244	9641
9244	9923
9246	894
9246	6197
9246	8352
9246	8654
9246	9089
9246	9898
9251	2303
9251	4220
9251	4739
9251	5947
9251	6134
9251	6901
9251	8962
9251	9307
9251	9926
9254	3950
9254	6768
9254	7205
9254	8188
9254	8608
9254	8702
9254	9641
9256	3920
9256	5123
9256	5128
9256	6925
9256	7041
9256	8378
9256	8468
9256	9128
9256	9884
9258	119
9258	498
9258	810
9258	4983
9258	6225
9258	7807
9258	7851
9258	8492
9258	8795
9258	9181
9258	9468
9269	2280
9269	2364
9269	4614
9269	4948
9269	6213
9269	9197
9269	9933
9269	9959
9270	2897
9270	3226
9270	4133
9270	6341
9270	6443
9270	7883
9270	8866
9270	9920
9272	3064
9272	7394
9272	8592
9272	9045
9272	9079
9272	9659
9274	1966
9274	4123
9274	4136
9274	4534
9281	4076
9281	5928
9281	7045
9281	7479
9281	8419
9281	8612
9281	9604
9281	9643
9281	9923
9286	2237
9286	4412
9286	4529
9286	4677
9286	6026
9286	6979
9286	7416
9286	7703
9286	7831
9286	8958
9286	9613
9289	2740
9289	2901
9289	3101
9289	3165
9289	5606
9289	6749
9289	7699
9289	8412
9289	9337
9289	9343
9289	9361
9289	9433
9289	9722
9289	9866
9293	1570
9293	4186
9293	4876
9293	5549
9293	6080
9293	6372
9293	6540
9293	6739
9293	6855
9293	7634
9293	8323
9293	8619
9293	8794
9293	9014
9293	9690
9293	9864
9296	6743
9296	8018
9296	9585
9296	9894
9296	9923
9301	215
9301	3957
9301	7264
9301	8162
9301	8583
9301	9614
9301	9627
9307	2303
9307	2491
9307	3822
9307	5410
9307	5422
9307	5570
9307	5718
9307	6269
9307	6324
9307	7519
9307	8611
9307	8672
9307	8962
9307	9251
9307	9463
9312	555
9312	810
9312	6385
9312	7321
9312	7341
9312	7761
9312	8829
9312	9731
9312	9985
9316	1809
9316	2309
9316	5501
9316	7445
9316	8612
9316	9013
9316	9027
9316	9127
9316	9181
9318	1144
9318	5027
9318	9234
9318	9362
9318	9466
9319	740
9319	5061
9319	5422
9319	6633
9319	7234
9319	8040
9319	8274
9319	8748
9319	9087
9319	9745
9322	655
9322	2713
9322	4017
9322	6851
9322	6865
9322	7211
9322	8508
9322	8806
9322	9397
9322	9626
9322	9748
9322	9780
9322	9909
9324	4805
9324	4837
9324	5664
9324	6397
9324	7306
9324	7744
9324	7786
9324	8239
9324	9147
9324	9756
9324	9880
9325	3757
9325	4003
9325	8041
9325	8615
9325	8625
9325	9037
9325	9096
9325	9465
9325	9519
9325	9820
9337	2138
9337	2770
9337	3522
9337	6380
9337	8713
9337	8723
9337	9289
9338	4719
9338	5262
9338	5742
9338	6456
9338	7281
9338	7331
9338	8244
9338	9721
9338	9895
9342	2309
9342	3683
9342	6038
9342	6082
9342	9026
9342	9397
9343	801
9343	1653
9343	3645
9343	4145
9343	4243
9343	4491
9343	6739
9343	6889
9343	6935
9343	7634
9343	8619
9343	8794
9343	9014
9343	9289
9343	9690
9343	9897
9344	2139
9344	5266
9344	5658
9344	5789
9344	7045
9344	7718
9344	7995
9344	8038
9344	8430
9344	8827
9344	9042
9344	9210
9344	9458
9344	9530
9344	9864
9344	9906
9349	1994
9349	3717
9349	7961
9349	8507
9349	8717
9349	8773
9349	9653
9349	9755
9349	9849
9349	9898
9349	9957
9350	5054
9350	5837
9350	7479
9350	8050
9350	9569
9350	9664
9350	9838
9352	7205
9352	9405
9352	9564
9356	699
9356	2976
9356	7714
9356	9361
9358	2104
9358	3943
9358	6251
9358	7104
9358	7341
9358	8561
9358	9462
9358	9857
9358	9898
9361	1639
9361	2400
9361	6080
9361	6135
9361	7574
9361	8264
9361	9289
9361	9356
9361	9465
9361	9528
9361	9560
9361	9579
9361	9627
9361	9848
9361	9942
9362	289
9362	4855
9362	5951
9362	6192
9362	7556
9362	8370
9362	9234
9362	9318
9362	9466
9362	9898
9363	157
9363	3880
9363	4665
9363	5022
9363	5044
9363	5521
9363	5873
9363	7190
9363	7524
9363	7528
9363	8717
9363	9609
9363	9825
9364	498
9364	2357
9364	3016
9364	8265
9364	8468
9364	9007
9364	9168
9364	9498
9364	9830
9364	9889
9365	2450
9365	6322
9365	6426
9365	7950
9365	8508
9365	8744
9365	8857
9365	9595
9365	9777
9373	90
9373	1445
9373	1509
9373	5048
9373	6134
9373	6747
9373	9531
9377	118
9377	247
9377	1665
9377	1940
9377	6886
9377	8075
9377	8324
9377	8361
9377	8616
9377	8866
9377	9885
9379	2715
9379	4557
9379	8217
9379	8804
9380	3167
9380	7776
9380	8635
9380	9110
9380	9112
9380	9440
9380	9488
9387	5339
9387	7215
9387	7400
9387	9080
9387	9838
9389	4450
9389	5046
9389	5980
9389	6548
9389	7625
9389	8110
9389	8657
9389	9168
9393	1165
9393	6530
9393	6826
9393	7509
9393	7744
9393	8365
9393	8897
9393	9011
9393	9880
9393	9901
9395	450
9395	2337
9395	4807
9395	5967
9395	6994
9395	7021
9395	7499
9395	9161
9395	9497
9397	2713
9397	5109
9397	6851
9397	6886
9397	8701
9397	8940
9397	9107
9397	9322
9397	9342
9403	560
9403	2309
9403	6159
9403	6590
9403	7718
9403	8381
9403	8964
9403	9135
9403	9564
9403	9711
9403	9755
9405	760
9405	2553
9405	8256
9405	8290
9405	8817
9405	9089
9405	9352
9405	9416
9405	9468
9408	4918
9408	6509
9408	8863
9408	9033
9408	9420
9408	9564
9408	9715
9409	1953
9409	5660
9409	5982
9409	7032
9409	7350
9409	8087
9409	9112
9409	9193
9409	9727
9409	9884
9409	9924
9409	9926
9414	1865
9414	1991
9414	3672
9414	4386
9414	4980
9414	7175
9414	8177
9414	8478
9414	8748
9414	9484
9414	9520
9414	9897
9416	508
9416	870
9416	994
9416	2494
9416	3824
9416	5678
9416	6602
9416	7120
9416	9405
9416	9894
9418	217
9418	450
9418	1809
9418	3165
9418	3414
9418	3636
9418	5417
9418	5470
9418	6794
9418	7506
9419	586
9419	1121
9419	3219
9419	6098
9419	8213
9419	8279
9419	9588
9419	9679
9420	1598
9420	3201
9420	5039
9420	5483
9420	6394
9420	6548
9420	9408
9420	9436
9424	726
9424	922
9424	1302
9424	1706
9424	2647
9424	9520
9424	9791
9425	2869
9425	3493
9425	4386
9425	5033
9425	9440
9425	9602
9429	1642
9429	3547
9429	4087
9429	4334
9429	9520
9429	9613
9433	2139
9433	8278
9433	8478
9433	9289
9433	9754
9433	9880
9433	9991
9434	1575
9434	1956
9434	2765
9434	3223
9434	3425
9434	4677
9434	4908
9434	9528
9434	9756
9435	2382
9435	3376
9435	3822
9435	4529
9435	6244
9435	8031
9435	8696
9435	9931
9436	1980
9436	3221
9436	3561
9436	4540
9436	7866
9436	7948
9436	9007
9436	9420
9439	6978
9439	7280
9439	7952
9439	8464
9439	8485
9439	8764
9439	9164
9439	9923
9439	9998
9440	4010
9440	4017
9440	7082
9440	7213
9440	9012
9440	9110
9440	9380
9440	9425
9441	2338
9441	2360
9441	2947
9441	3923
9441	4663
9441	8275
9441	8571
9441	9136
9441	9693
9441	9825
9441	9849
9442	931
9442	1027
9442	5116
9442	5185
9442	6323
9442	7359
9442	7890
9442	8961
9442	9633
9442	9884
9444	317
9444	973
9444	984
9444	4415
9444	4654
9444	6322
9444	8829
9444	8887
9444	9469
9444	9867
9447	5999
9447	6812
9447	9738
9453	72
9453	4058
9453	5148
9453	6728
9453	6925
9453	7017
9453	7646
9453	8746
9453	9077
9455	1089
9455	4145
9455	7879
9455	8714
9455	9853
9458	740
9458	5266
9458	5658
9458	7191
9458	7360
9458	7718
9458	7995
9458	8129
9458	8827
9458	8957
9458	9073
9458	9168
9458	9210
9458	9344
9458	9497
9458	9722
9458	9909
9458	9961
9461	159
9461	6254
9461	7234
9461	7603
9461	9128
9461	9519
9461	9564
9461	9738
9461	9838
9462	6244
9462	7101
9462	7741
9462	8302
9462	8369
9462	8593
9462	9358
9462	9560
9462	9626
9462	9921
9462	9941
9463	1940
9463	2303
9463	4220
9463	5422
9463	6269
9463	6324
9463	7093
9463	7331
9463	8344
9463	8352
9463	9307
9463	9700
9463	9884
9464	1121
9464	2156
9464	3064
9464	4618
9464	5553
9464	5790
9464	6453
9464	6707
9464	7915
9464	8572
9464	9488
9464	9550
9464	9627
9465	6329
9465	7800
9465	9325
9465	9361
9465	9756
9466	3864
9466	5951
9466	6443
9466	7082
9466	7556
9466	9234
9466	9318
9466	9362
9466	9864
9468	1789
9468	4627
9468	4642
9468	6100
9468	7851
9468	7950
9468	8120
9468	8610
9468	8643
9468	8795
9468	9181
9468	9258
9468	9405
9469	108
9469	4368
9469	5333
9469	5574
9469	7650
9469	7878
9469	7986
9469	9154
9469	9444
9469	9712
9471	3307
9471	4926
9471	5756
9471	5831
9471	5879
9471	6494
9471	8074
9471	8564
9477	4866
9477	6604
9477	9643
9477	9929
9484	4450
9484	6787
9484	7077
9484	7175
9484	8129
9484	9414
9485	526
9485	5176
9485	7018
9485	7557
9485	8672
9485	9055
9485	9696
9488	1121
9488	5553
9488	5790
9488	6557
9488	6707
9488	7915
9488	8324
9488	8327
9488	8572
9488	9380
9488	9464
9488	9550
9497	450
9497	2177
9497	2337
9497	4807
9497	5251
9497	6160
9497	7758
9497	9395
9497	9458
9497	9538
9497	9702
9498	2931
9498	8886
9498	9364
9498	9966
9513	1095
9513	4598
9513	5229
9513	7945
9513	8804
9513	9044
9513	9136
9513	9687
9518	179
9518	3399
9518	4481
9518	6096
9518	9751
9518	9762
9519	1317
9519	2817
9519	3340
9519	6807
9519	7159
9519	7234
9519	8859
9519	9128
9519	9325
9519	9461
9519	9706
9519	9738
9519	9790
9519	9825
9519	9953
9520	564
9520	737
9520	1642
9520	2524
9520	4057
9520	9228
9520	9414
9520	9424
9520	9429
9520	9721
9523	2560
9523	5387
9523	5790
9523	6066
9523	7796
9523	8074
9523	8177
9523	8509
9523	8616
9523	9568
9523	9870
9527	157
9527	308
9527	1315
9527	1320
9527	4230
9527	5027
9527	6244
9527	6782
9527	7320
9527	7945
9527	8450
9527	9633
9527	9710
9528	2244
9528	2523
9528	6121
9528	8040
9528	8264
9528	9045
9528	9361
9528	9434
9528	9560
9528	9627
9528	9785
9528	9848
9528	9942
9530	872
9530	2649
9530	4807
9530	5941
9530	6743
9530	7222
9530	7530
9530	7574
9530	9344
9530	9897
9530	9914
9531	6821
9531	6884
9531	7557
9531	8571
9531	8863
9531	9102
9531	9373
9531	9700
9531	9974
9536	1166
9536	7499
9536	7650
9536	8661
9536	8700
9536	9242
9536	9855
9536	9943
9537	1094
9537	1462
9537	3949
9537	4274
9537	5756
9537	6249
9537	9076
9537	9550
9537	9581
9537	9961
9538	1889
9538	2248
9538	9111
9538	9497
9542	1608
9542	4736
9542	5179
9542	8707
9543	600
9543	1665
9543	4336
9543	5896
9543	6800
9543	7083
9543	7603
9543	9986
9548	3235
9548	3953
9548	5134
9548	7024
9548	7102
9548	8047
9548	8074
9548	8188
9548	9646
9548	9821
9550	1121
9550	1625
9550	2156
9550	2543
9550	5525
9550	5553
9550	5790
9550	6707
9550	7915
9550	8572
9550	9464
9550	9488
9550	9537
9550	9758
9550	9920
9560	1095
9560	1639
9560	6080
9560	7277
9560	8264
9560	8443
9560	8595
9560	8672
9560	9361
9560	9462
9560	9528
9560	9627
9560	9848
9560	9942
9564	312
9564	560
9564	2726
9564	3640
9564	6590
9564	6929
9564	8384
9564	8897
9564	8964
9564	9352
9564	9403
9564	9408
9564	9461
9564	9755
9564	9906
9566	1154
9566	2450
9566	4029
9566	4876
9566	5134
9566	5459
9566	9168
9566	9929
9566	9953
9566	9966
9568	931
9568	2494
9568	5348
9568	7718
9568	8074
9568	8354
9568	9523
9568	9614
9568	9730
9569	2914
9569	5054
9569	5837
9569	6482
9569	8050
9569	8244
9569	9350
9569	9785
9569	9803
9570	555
9570	1213
9570	2516
9570	3346
9570	3880
9570	4386
9570	5261
9570	6297
9570	6552
9570	8244
9570	8794
9570	8830
9570	9007
9570	9087
9570	9616
9570	9959
9579	1103
9579	2337
9579	3520
9579	6986
9579	7419
9579	8485
9579	8859
9579	8875
9579	9361
9579	9931
9580	5570
9580	6390
9580	8988
9580	9186
9580	9633
9580	9855
9581	2652
9581	3509
9581	4373
9581	6190
9581	6233
9581	6885
9581	7955
9581	9537
9581	9605
9581	9991
9584	2560
9584	3384
9584	5857
9584	6156
9584	6686
9584	7017
9584	7932
9584	8110
9584	9118
9584	9701
9584	9961
9585	1659
9585	2914
9585	3985
9585	4295
9585	5348
9585	7839
9585	8960
9585	9012
9585	9296
9587	3605
9587	6074
9587	6532
9587	7352
9587	9626
9587	9682
9587	9751
9587	9966
9588	1462
9588	2520
9588	3219
9588	3522
9588	6978
9588	7977
9588	8129
9588	8279
9588	9137
9588	9150
9588	9419
9588	9679
9588	9928
9592	2950
9592	3920
9592	5947
9592	7092
9592	7556
9592	7721
9592	8967
9592	9722
9592	9830
9593	820
9593	2753
9593	6766
9593	7110
9593	8635
9593	9858
9595	1598
9595	2942
9595	6426
9595	7950
9595	8370
9595	8508
9595	8687
9595	9365
9602	5254
9602	5742
9602	6862
9602	7744
9602	8385
9602	8509
9602	8652
9602	9425
9602	9711
9602	9858
9602	9946
9602	9970
9604	930
9604	3504
9604	4557
9604	5394
9604	9281
9604	9627
9604	9889
9604	9986
9605	1764
9605	3172
9605	3275
9605	3900
9605	6603
9605	6795
9605	7636
9605	8262
9605	8562
9605	8643
9605	8644
9605	8675
9605	8885
9605	9183
9605	9581
9605	9662
9605	9992
9609	2848
9609	4836
9609	6322
9609	9363
9609	9748
9613	573
9613	3842
9613	4021
9613	6379
9613	6884
9613	7794
9613	9286
9613	9429
9614	931
9614	2494
9614	5348
9614	6016
9614	6398
9614	6788
9614	8074
9614	8418
9614	9080
9614	9112
9614	9301
9614	9568
9616	63
9616	401
9616	2516
9616	4134
9616	4311
9616	4386
9616	6297
9616	8244
9616	8830
9616	9570
9626	4122
9626	6244
9626	7068
9626	7101
9626	7741
9626	8369
9626	9322
9626	9462
9626	9587
9627	1888
9627	2428
9627	6080
9627	8967
9627	9301
9627	9361
9627	9464
9627	9528
9627	9560
9627	9604
9627	9848
9627	9888
9627	9889
9627	9942
9627	9984
9629	217
9629	4270
9629	4720
9629	5339
9629	6153
9629	7093
9629	7631
9629	7634
9629	7828
9629	8595
9629	8615
9629	8673
9629	8861
9629	9710
9629	9754
9629	9981
9631	822
9631	3462
9631	3779
9631	5837
9631	8052
9631	8350
9631	8589
9631	8694
9631	9080
9631	9649
9633	6390
9633	7717
9633	8134
9633	8512
9633	8562
9633	8840
9633	9442
9633	9527
9633	9580
9633	9663
9640	2313
9640	3392
9640	8563
9640	8859
9640	9700
9641	894
9641	2947
9641	4636
9641	5816
9641	6768
9641	8188
9641	8608
9641	8702
9641	9244
9641	9254
9643	331
9643	2883
9643	3915
9643	6604
9643	6787
9643	8687
9643	9281
9643	9477
9643	9817
9646	561
9646	3553
9646	5134
9646	7018
9646	7631
9646	8047
9646	8242
9646	8746
9646	9137
9646	9181
9646	9548
9646	9821
9646	9862
9646	9942
9649	215
9649	1505
9649	1888
9649	5837
9649	7264
9649	7593
9649	7868
9649	8015
9649	8162
9649	8583
9649	8817
9649	9631
9649	9701
9649	9738
9650	1613
9650	1979
9650	2993
9650	3258
9650	6220
9653	2144
9653	3678
9653	7173
9653	7223
9653	9349
9653	9712
9653	9866
9655	5072
9655	5237
9655	6538
9655	7588
9655	7717
9655	8494
9655	8610
9655	9817
9655	9916
9659	2848
9659	3672
9659	4015
9659	5544
9659	7077
9659	8733
9659	8894
9659	9137
9659	9272
9659	9780
9659	9898
9659	9997
9662	2950
9662	4967
9662	9042
9662	9193
9662	9605
9663	3393
9663	3881
9663	5148
9663	5553
9663	6509
9663	6745
9663	7212
9663	7403
9663	7699
9663	7839
9663	7883
9663	8629
9663	8713
9663	9633
9663	9992
9664	2423
9664	2748
9664	4840
9664	4903
9664	5406
9664	6393
9664	6788
9664	7092
9664	8134
9664	9350
9664	9740
9664	9970
9665	1808
9665	2762
9665	3511
9665	3526
9665	5591
9665	6509
9665	7511
9665	8014
9665	9121
9665	9853
9665	9942
9672	69
9672	533
9672	2228
9672	2423
9672	4704
9672	7404
9672	7890
9672	8561
9672	9929
9675	930
9675	3504
9675	4557
9675	6545
9675	8290
9675	8612
9675	9037
9676	3824
9676	3950
9676	5071
9676	5086
9676	6885
9676	7207
9679	109
9679	2500
9679	3219
9679	4641
9679	6098
9679	7508
9679	7751
9679	8213
9679	9419
9679	9588
9679	9690
9679	9942
9680	2695
9680	5441
9680	5743
9680	6541
9680	6953
9680	7352
9680	7528
9680	8418
9680	9820
9682	2103
9682	3779
9682	5993
9682	6719
9682	8213
9682	8754
9682	9059
9682	9587
9682	9922
9687	3520
9687	4616
9687	5211
9687	7340
9687	8146
9687	8385
9687	8443
9687	9028
9687	9133
9687	9180
9687	9513
9687	9777
9687	9916
9690	801
9690	1193
9690	4186
9690	5022
9690	5549
9690	6130
9690	6739
9690	6935
9690	7634
9690	8619
9690	8794
9690	8887
9690	9014
9690	9293
9690	9343
9690	9679
9690	9858
9691	1239
9691	3290
9691	7610
9691	8261
9693	1645
9693	2095
9693	4120
9693	4926
9693	6231
9693	8510
9693	8778
9693	9441
9693	9711
9693	9837
9693	9857
9696	526
9696	1694
9696	4321
9696	4392
9696	5176
9696	6696
9696	7557
9696	8967
9696	9055
9696	9228
9696	9485
9699	1572
9699	7083
9699	7205
9699	8595
9699	8857
9699	9079
9699	9755
9700	3327
9700	3827
9700	5059
9700	8110
9700	8419
9700	8634
9700	9463
9700	9531
9700	9640
9700	9974
9701	922
9701	2237
9701	4969
9701	5525
9701	7329
9701	7353
9701	8653
9701	9584
9701	9649
9701	9897
9702	5170
9702	5462
9702	7574
9702	8840
9702	8851
9702	9183
9702	9497
9702	9863
9706	1540
9706	3375
9706	4855
9706	5658
9706	6103
9706	7093
9706	8119
9706	9519
9706	9722
9706	9730
9706	9991
9710	6925
9710	7841
9710	8643
9710	8870
9710	8958
9710	9527
9710	9629
9711	5208
9711	5678
9711	5680
9711	9403
9711	9602
9711	9693
9711	9864
9712	3567
9712	6135
9712	7342
9712	8734
9712	8762
9712	9469
9712	9653
9712	9730
9712	9790
9713	2561
9713	3696
9713	4424
9713	5952
9713	6288
9713	7509
9713	7776
9713	8181
9715	1126
9715	2023
9715	3580
9715	5353
9715	6908
9715	9408
9721	5999
9721	7955
9721	8326
9721	8592
9721	8917
9721	9128
9721	9338
9721	9520
9722	1691
9722	2364
9722	2740
9722	2901
9722	6749
9722	7354
9722	7776
9722	8412
9722	9289
9722	9458
9722	9592
9722	9706
9722	9866
9722	9929
9727	203
9727	2605
9727	5259
9727	6434
9727	7032
9727	7350
9727	8000
9727	8275
9727	9112
9727	9193
9727	9409
9727	9884
9727	9924
9727	9926
9730	4330
9730	5251
9730	7862
9730	8464
9730	8589
9730	8733
9730	9568
9730	9706
9730	9712
9731	2561
9731	3043
9731	3312
9731	6464
9731	6992
9731	7741
9731	8452
9731	8789
9731	8911
9731	8917
9731	9312
9733	1239
9733	2248
9733	3799
9733	4649
9733	6482
9733	7508
9733	7929
9733	9044
9738	5237
9738	7234
9738	9128
9738	9447
9738	9461
9738	9519
9738	9649
9738	9880
9738	9921
9740	48
9740	1449
9740	2748
9740	4710
9740	4840
9740	4903
9740	6233
9740	6393
9740	7092
9740	7342
9740	8827
9740	9664
9742	2770
9742	6795
9742	6800
9742	8288
9745	471
9745	3475
9745	4058
9745	5061
9745	5358
9745	5980
9745	6830
9745	9319
9748	2411
9748	3493
9748	4701
9748	6895
9748	7509
9748	9322
9748	9609
9751	179
9751	2323
9751	3799
9751	9518
9751	9587
9751	9803
9751	9830
9754	737
9754	1729
9754	4416
9754	4720
9754	5339
9754	6153
9754	6254
9754	6352
9754	7093
9754	8413
9754	8804
9754	8861
9754	8886
9754	9186
9754	9433
9754	9629
9754	9837
9754	9981
9755	312
9755	2487
9755	6266
9755	6590
9755	6747
9755	7839
9755	8384
9755	8964
9755	9349
9755	9403
9755	9564
9755	9699
9756	1843
9756	2519
9756	3944
9756	4805
9756	8239
9756	8687
9756	9147
9756	9324
9756	9434
9756	9465
9756	9817
9756	9880
9756	9914
9758	2726
9758	8047
9758	8622
9758	8804
9758	9033
9758	9102
9758	9550
9758	9863
9758	9906
9762	2786
9762	4769
9762	5333
9762	6456
9762	7155
9762	7400
9762	7538
9762	8593
9762	8744
9762	9518
9762	9780
9762	9888
9777	4616
9777	5675
9777	6559
9777	7340
9777	9180
9777	9365
9777	9687
9780	2210
9780	3445
9780	6564
9780	7359
9780	8327
9780	8698
9780	9322
9780	9659
9780	9762
9785	4525
9785	6396
9785	6892
9785	8002
9785	9528
9785	9569
9785	9801
9785	9894
9790	3194
9790	3567
9790	3925
9790	4847
9790	5887
9790	6265
9790	7342
9790	8661
9790	8762
9790	9519
9790	9712
9790	9997
9791	555
9791	4015
9791	4185
9791	6145
9791	6190
9791	6352
9791	8020
9791	8272
9791	9424
9791	9943
9791	9984
9793	537
9793	2924
9793	6494
9793	6653
9793	7011
9793	7234
9793	7329
9793	7479
9793	8371
9793	8412
9793	9028
9796	61
9796	6269
9796	7703
9796	7917
9796	9212
9797	1111
9797	1315
9797	4010
9797	4614
9797	4663
9797	6326
9797	7817
9797	7868
9797	8256
9797	8275
9797	9853
9797	9924
9801	2313
9801	4416
9801	4968
9801	6396
9801	6892
9801	9785
9803	2023
9803	3651
9803	6861
9803	7500
9803	8563
9803	8846
9803	8943
9803	9096
9803	9569
9803	9751
9803	9946
9808	2578
9808	3163
9808	3254
9808	7458
9808	7637
9808	7813
9808	8641
9808	8694
9817	1303
9817	1487
9817	1510
9817	5683
9817	6538
9817	7717
9817	8494
9817	8531
9817	9128
9817	9643
9817	9655
9817	9756
9820	3354
9820	5441
9820	5805
9820	6800
9820	8119
9820	8288
9820	8676
9820	8988
9820	9325
9820	9680
9820	9852
9820	9984
9821	561
9821	3553
9821	3953
9821	4876
9821	5134
9821	8047
9821	9059
9821	9548
9821	9646
9821	9862
9821	9994
9825	2848
9825	5044
9825	5873
9825	6192
9825	6566
9825	7014
9825	8134
9825	8955
9825	9363
9825	9441
9825	9519
9825	9953
9829	1744
9829	6412
9829	6787
9829	7068
9829	8756
9830	4540
9830	4622
9830	5485
9830	5585
9830	9011
9830	9364
9830	9592
9830	9751
9830	9966
9837	1642
9837	1708
9837	7196
9837	7699
9837	9014
9837	9693
9837	9754
9838	1061
9838	2737
9838	4321
9838	4636
9838	5574
9838	5819
9838	6032
9838	7758
9838	9350
9838	9387
9838	9461
9838	9894
9848	2244
9848	2572
9848	5765
9848	8264
9848	8629
9848	9361
9848	9528
9848	9560
9848	9627
9848	9942
9849	547
9849	1928
9849	2337
9849	2338
9849	2360
9849	3842
9849	3923
9849	8106
9849	8265
9849	8571
9849	9136
9849	9349
9849	9441
9852	167
9852	1216
9852	2032
9852	2051
9852	2752
9852	3552
9852	3695
9852	4491
9852	4701
9852	6145
9852	6309
9852	6933
9852	7263
9852	8085
9852	8616
9852	9056
9852	9820
9853	74
9853	4932
9853	7058
9853	8430
9853	8689
9853	9455
9853	9665
9853	9797
9853	9923
9853	9980
9853	9998
9855	2023
9855	2621
9855	2774
9855	3227
9855	4875
9855	6134
9855	6826
9855	7190
9855	7212
9855	7893
9855	8080
9855	8714
9855	9076
9855	9107
9855	9536
9855	9580
9855	9920
9856	69
9856	440
9856	2993
9856	4722
9856	6397
9856	7083
9856	7402
9856	8635
9857	5615
9857	7762
9857	8244
9857	8561
9857	9358
9857	9693
9858	2753
9858	4057
9858	6262
9858	7352
9858	7506
9858	7747
9858	9593
9858	9602
9858	9690
9862	35
9862	779
9862	2120
9862	3235
9862	3953
9862	6590
9862	7603
9862	8047
9862	8953
9862	9646
9862	9821
9862	9909
9863	699
9863	5462
9863	7411
9863	7574
9863	8256
9863	8278
9863	9183
9863	9702
9863	9758
9864	48
9864	1320
9864	6531
9864	6644
9864	9293
9864	9344
9864	9466
9864	9711
9864	9922
9866	1691
9866	2364
9866	2901
9866	4387
9866	5606
9866	5742
9866	6749
9866	8412
9866	8689
9866	9289
9866	9653
9866	9722
9866	9888
9867	984
9867	4867
9867	5008
9867	5928
9867	6979
9867	7646
9867	8324
9867	8829
9867	9045
9867	9444
9870	1539
9870	1730
9870	4387
9870	4987
9870	5712
9870	8531
9870	8681
9870	8861
9870	8971
9870	9523
9870	9970
9880	2328
9880	6453
9880	7744
9880	8239
9880	8564
9880	9013
9880	9147
9880	9324
9880	9393
9880	9433
9880	9738
9880	9756
9883	469
9883	1239
9883	4057
9883	4486
9883	5123
9883	6108
9883	6262
9883	6766
9883	7074
9883	7650
9883	7883
9883	8707
9884	2605
9884	5044
9884	5259
9884	6566
9884	7032
9884	7350
9884	9016
9884	9112
9884	9193
9884	9256
9884	9409
9884	9442
9884	9463
9884	9727
9884	9924
9884	9926
9885	35
9885	118
9885	930
9885	1665
9885	1940
9885	5338
9885	6886
9885	8075
9885	8324
9885	8361
9885	9135
9885	9377
9885	9998
9888	66
9888	1809
9888	4188
9888	5333
9888	5601
9888	7155
9888	7400
9888	8593
9888	8744
9888	9627
9888	9762
9888	9866
9889	3425
9889	4719
9889	6174
9889	6478
9889	7234
9889	8075
9889	9364
9889	9604
9889	9627
9894	912
9894	1061
9894	1161
9894	3475
9894	4918
9894	5441
9894	5811
9894	6602
9894	7120
9894	7864
9894	8286
9894	9073
9894	9296
9894	9416
9894	9785
9894	9838
9894	9986
9895	3567
9895	4719
9895	6333
9895	6653
9895	7281
9895	8962
9895	9338
9897	1931
9897	2237
9897	3108
9897	5525
9897	7173
9897	7329
9897	7878
9897	8653
9897	9343
9897	9414
9897	9530
9897	9701
9898	289
9898	1301
9898	3101
9898	3986
9898	6167
9898	6624
9898	8611
9898	8751
9898	8940
9898	9186
9898	9246
9898	9349
9898	9358
9898	9362
9898	9659
9901	1165
9901	1894
9901	3354
9901	3387
9901	4424
9901	8365
9901	9393
9906	1216
9906	2578
9906	2774
9906	5875
9906	7807
9906	7813
9906	8000
9906	8641
9906	8744
9906	8861
9906	9344
9906	9564
9906	9758
9909	1503
9909	2713
9909	5109
9909	7883
9909	9322
9909	9458
9909	9862
9914	5262
9914	6743
9914	7883
9914	9059
9914	9096
9914	9168
9914	9530
9914	9756
9916	1612
9916	2042
9916	2904
9916	3167
9916	3396
9916	6249
9916	6438
9916	8583
9916	9104
9916	9655
9916	9687
9917	2098
9917	2147
9917	6547
9917	8840
9920	2645
9920	3227
9920	4121
9920	5405
9920	6396
9920	6556
9920	6826
9920	8080
9920	9150
9920	9210
9920	9270
9920	9550
9920	9855
9920	9981
9920	9998
9921	930
9921	1095
9921	1706
9921	1955
9921	3261
9921	4231
9921	5038
9921	5198
9921	6425
9921	6453
9921	6951
9921	7758
9921	8509
9921	8778
9921	9045
9921	9462
9921	9738
9922	2005
9922	2423
9922	3971
9922	5831
9922	6265
9922	6528
9922	8512
9922	9027
9922	9126
9922	9682
9922	9864
9923	4251
9923	4987
9923	5742
9923	5756
9923	6652
9923	6886
9923	7864
9923	8419
9923	9111
9923	9244
9923	9281
9923	9296
9923	9439
9923	9853
9923	9981
9924	203
9924	2605
9924	4271
9924	6412
9924	7011
9924	7032
9924	7350
9924	8275
9924	8657
9924	9112
9924	9193
9924	9409
9924	9727
9924	9797
9924	9884
9924	9926
9926	203
9926	272
9926	2605
9926	3475
9926	5259
9926	7032
9926	7350
9926	7465
9926	8275
9926	9112
9926	9193
9926	9251
9926	9409
9926	9727
9926	9884
9926	9924
9928	573
9928	5038
9928	5229
9928	6220
9928	6456
9928	7074
9928	7350
9928	7465
9928	8672
9928	9588
9928	9990
9929	3312
9929	4133
9929	4666
9929	5656
9929	6160
9929	6907
9929	7213
9929	7337
9929	7603
9929	8051
9929	8194
9929	8485
9929	8562
9929	8676
9929	9477
9929	9566
9929	9672
9929	9722
9931	2734
9931	2748
9931	3376
9931	3822
9931	6324
9931	6342
9931	8031
9931	8663
9931	8673
9931	8885
9931	9435
9931	9579
9933	440
9933	1623
9933	2280
9933	6213
9933	6563
9933	7519
9933	7831
9933	7948
9933	8635
9933	8764
9933	8795
9933	9197
9933	9269
9941	3397
9941	4323
9941	4461
9941	6648
9941	7761
9941	8411
9941	9462
9941	9963
9942	4763
9942	8261
9942	8264
9942	8275
9942	8962
9942	9361
9942	9528
9942	9560
9942	9627
9942	9646
9942	9665
9942	9679
9942	9848
9943	4015
9943	6190
9943	6352
9943	8020
9943	8272
9943	9536
9943	9791
9943	9984
9946	6407
9946	6861
9946	8494
9946	8508
9946	8778
9946	8943
9946	9602
9946	9803
9953	873
9953	2287
9953	2942
9953	4295
9953	4327
9953	4876
9953	6566
9953	6978
9953	8213
9953	8385
9953	9519
9953	9566
9953	9825
9955	860
9955	984
9955	1111
9955	1838
9955	3487
9955	3944
9955	4243
9955	5299
9955	5887
9955	5991
9955	7500
9955	7690
9955	7883
9955	8344
9955	8933
9955	9027
9957	1994
9957	3518
9957	5751
9957	7118
9957	7703
9957	8507
9957	8773
9957	9349
9959	393
9959	1448
9959	4270
9959	5299
9959	9269
9959	9570
9959	9961
9959	9997
9961	1266
9961	1474
9961	1566
9961	1702
9961	1979
9961	7958
9961	8020
9961	8806
9961	9458
9961	9537
9961	9584
9961	9959
9963	2205
9963	3537
9963	6648
9963	8128
9963	8411
9963	8464
9963	8957
9963	9941
9966	1566
9966	4496
9966	5071
9966	5553
9966	6826
9966	6835
9966	8018
9966	8378
9966	9498
9966	9566
9966	9587
9966	9830
9970	1878
9970	3994
9970	4415
9970	4806
9970	5046
9970	8468
9970	8734
9970	9045
9970	9602
9970	9664
9970	9870
9974	3043
9974	3462
9974	3827
9974	4499
9974	6091
9974	6861
9974	9219
9974	9531
9974	9700
9980	577
9980	2954
9980	6372
9980	7334
9980	8165
9980	8194
9980	8288
9980	9205
9980	9853
9981	5521
9981	6213
9981	6254
9981	8413
9981	8595
9981	8615
9981	8616
9981	8886
9981	9228
9981	9629
9981	9754
9981	9920
9981	9923
9984	1842
9984	2185
9984	5585
9984	6190
9984	8020
9984	8272
9984	9237
9984	9627
9984	9791
9984	9820
9984	9943
9984	9997
9985	555
9985	1385
9985	2924
9985	3645
9985	5599
9985	5799
9985	6074
9985	7321
9985	7416
9985	7530
9985	8430
9985	8595
9985	8733
9985	8887
9985	9150
9985	9312
9986	287
9986	1076
9986	5302
9986	5421
9986	5730
9986	5879
9986	8870
9986	9543
9986	9604
9986	9894
9990	714
9990	1026
9990	5187
9990	5198
9990	6220
9990	6453
9990	7214
9990	8672
9990	8961
9990	9193
9990	9928
9991	109
9991	1552
9991	1965
9991	3254
9991	4368
9991	5467
9991	8129
9991	8681
9991	8713
9991	9433
9991	9581
9991	9706
9992	1842
9992	2717
9992	3300
9992	4598
9992	5631
9992	8492
9992	9018
9992	9164
9992	9605
9992	9663
9994	2524
9994	2632
9994	3923
9994	6812
9994	7741
9994	8323
9994	8661
9994	8764
9994	8933
9994	9016
9994	9059
9994	9073
9994	9102
9994	9821
9997	393
9997	1448
9997	4084
9997	4270
9997	4800
9997	8961
9997	9659
9997	9790
9997	9959
9997	9984
9998	5237
9998	5756
9998	6978
9998	7237
9998	7280
9998	7952
9998	7959
9998	8764
9998	8945
9998	9439
9998	9853
9998	9885
9998	9920
9999	1940
9999	4948
9999	5229
9999	6951
9999	7493
9999	7970
9999	8171
