11	7122
11	9593
16	6331
19	9403
19	9604
21	6075
21	7997
21	8532
26	8028
26	9055
26	9423
28	6684
28	7998
28	8410
39	9055
49	9674
57	1871
57	6331
57	6567
57	8383
57	9540
57	9881
63	2292
63	8244
69	3711
69	4930
71	4734
71	6319
71	6380
73	9443
76	7269
76	7751
76	9740
78	7469
78	9640
85	999
85	5207
85	5540
89	5297
89	5360
89	7178
89	8358
89	8434
95	8316
95	8934
95	9699
99	3569
99	7504
106	8629
106	9558
106	9987
118	355
118	3512
118	8361
118	9377
118	9885
128	8337
133	2526
133	8870
133	9584
143	8712
161	1577
161	3378
161	9311
166	3325
166	9726
167	4320
167	4491
168	682
189	4436
189	9873
202	9054
202	9891
220	726
220	8026
235	7134
238	9623
238	9741
245	8693
245	9512
246	7618
246	7832
246	9031
252	3486
254	8645
254	9592
258	3181
258	9829
259	9040
259	9332
259	9497
275	8435
275	8904
282	5777
282	8982
282	9728
282	9961
284	6460
290	7072
290	9950
295	2172
303	4468
303	7442
303	8256
303	8348
314	2751
314	9356
317	6381
317	6773
317	9444
317	9718
326	5574
326	9900
355	118
355	7772
357	9603
357	9726
370	3802
370	6726
370	9313
370	9389
375	4499
375	5282
375	9554
377	2600
377	7915
381	7042
384	9001
393	1750
393	8587
393	9959
393	9997
399	1650
399	4014
399	8001
399	9176
399	9547
399	9872
399	9889
409	8772
412	5110
412	5621
412	7247
416	4334
416	7277
416	8946
424	4224
424	8668
424	9356
424	9603
429	1546
429	6378
429	8106
429	9611
451	8926
453	8629
454	3233
454	5022
454	9982
459	4099
459	6786
459	7473
461	5792
462	5528
471	2662
471	7753
471	9745
480	9836
484	6381
484	7751
484	8392
484	9070
484	9731
484	9948
491	7141
531	8305
534	8052
534	9983
548	2154
548	4846
548	9165
553	6651
553	9160
554	9147
554	9153
554	9756
559	6620
559	8914
559	9420
559	9913
560	980
560	5894
560	9163
560	9403
564	5477
567	6171
567	7001
572	9397
576	8458
577	1398
577	8436
577	8637
577	9457
577	9767
577	9980
577	9989
582	6952
582	9714
586	3000
586	9934
587	6818
590	7324
590	7755
590	7800
590	8620
590	8766
590	9987
594	4233
594	9925
594	9928
594	9990
601	9540
608	7457
608	8256
608	8365
608	8620
612	9369
612	9505
612	9863
621	7891
621	8596
621	9992
622	3037
622	5961
622	8069
622	8520
622	9684
623	3378
623	5512
623	6546
623	7801
623	8067
626	6651
626	9618
665	2073
665	6558
665	8674
679	8588
682	168
682	7825
682	9381
682	9457
683	6532
683	6814
683	9204
695	3220
695	8389
697	6454
699	8839
699	9356
699	9863
705	2682
705	8632
714	8051
714	8657
714	9990
715	9695
715	9761
723	8104
723	8925
723	9915
726	220
726	7753
726	9347
726	9951
742	2013
742	2053
742	3117
756	5337
756	5955
756	6431
780	6378
780	9961
781	6344
781	7355
781	8177
781	9611
782	3302
788	6154
788	8408
788	9915
807	2355
814	6188
814	9095
814	9589
814	9698
814	9893
816	4437
816	6319
844	5908
849	5889
849	8208
849	9718
869	3677
869	8244
869	9570
870	9066
871	7089
871	9937
891	2697
894	5720
894	9610
894	9983
920	1450
920	1598
920	3825
920	4643
920	8449
920	9610
920	9983
929	7937
929	8568
929	9275
932	4835
932	7785
932	9615
932	9709
933	7494
942	6996
942	7279
942	9205
959	5161
959	6964
959	9593
959	9957
963	9082
963	9924
964	1420
964	6780
964	8424
968	7132
968	9999
980	560
980	8669
986	7425
986	9731
999	85
1006	6123
1006	9615
1014	9695
1028	9050
1028	9649
1028	9913
1030	9937
1034	8548
1034	9955
1050	5282
1050	6952
1050	8239
1058	6248
1060	2678
1064	9288
1064	9712
1070	4392
1070	7088
1070	8842
1070	9909
1076	8568
1076	8870
1078	6684
1078	7015
1078	7465
1078	9608
1081	5265
1081	7390
1083	7324
1088	4533
1088	7630
1088	9588
1091	7797
1091	9068
1091	9951
1096	7772
1096	8077
1099	4232
1099	9728
1108	8805
1108	8979
1115	4725
1115	9399
1126	8829
1126	9715
1128	8606
1134	9761
1136	8896
1136	9163
1136	9602
1136	9767
1136	9980
1136	9989
1139	6378
1139	8434
1142	9068
1145	8943
1145	9806
1145	9946
1160	9536
1160	9761
1161	9110
1164	4558
1164	5895
1164	9472
1164	9692
1179	6163
1179	9288
1179	9751
1194	2598
1194	7269
1194	7870
1194	9645
1201	4278
1201	8268
1201	9874
1203	7364
1203	7967
1203	8701
1206	9728
1206	9961
1208	3342
1225	5329
1225	9552
1226	3971
1231	6174
1231	8934
1231	9889
1236	8828
1239	8790
1239	9733
1242	6413
1242	9625
1264	7114
1264	8689
1264	9052
1264	9668
1264	9893
1269	8671
1269	8688
1269	8934
1282	8411
1282	9801
1287	9900
1295	9154
1300	4435
1300	5889
1322	6378
1322	7235
1322	9023
1322	9987
1337	7277
1337	7524
1337	9514
1337	9730
1337	9733
1362	6024
1362	8722
1362	9992
1372	6968
1379	9317
1389	3715
1389	8835
1398	577
1401	5657
1404	2348
1407	9925
1418	4796
1418	9912
1418	9915
1418	9964
1420	964
1420	1480
1420	9909
1420	9920
1426	5259
1426	5888
1426	6818
1426	9884
1426	9924
1438	4146
1438	8772
1441	1596
1441	9717
1448	8239
1448	9959
1448	9997
1450	920
1450	2339
1450	4253
1450	5015
1453	3230
1465	9517
1465	9606
1470	1476
1470	6646
1470	7726
1475	3499
1476	1470
1476	3642
1476	5689
1480	1420
1480	1916
1480	7122
1480	9204
1485	5668
1485	5981
1485	8386
1496	6464
1516	5689
1516	9997
1517	9742
1518	9595
1518	9747
1532	3851
1532	5321
1532	9953
1545	3665
1545	7785
1545	9677
1545	9842
1546	429
1546	7618
1546	8449
1546	9618
1549	9950
1555	8237
1555	9150
1555	9739
1568	4086
1568	9176
1568	9889
1569	5494
1571	3699
1571	5821
1571	8450
1572	9517
1572	9699
1577	161
1577	7893
1577	8920
1581	6680
1581	8667
1584	5403
1584	7480
1584	8989
1587	9588
1587	9679
1587	9950
1592	7493
1592	8256
1592	8501
1592	8842
1596	1441
1596	8772
1597	8758
1598	920
1598	4233
1598	9420
1598	9517
1598	9595
1598	9610
1598	9717
1604	2516
1604	9347
1604	9997
1612	4906
1612	8557
1612	8587
1612	9842
1616	4277
1616	7746
1616	9469
1634	6971
1634	8314
1650	399
1650	6866
1650	8422
1656	8277
1658	8606
1658	9957
1658	9982
1673	6973
1673	7866
1673	8429
1673	9602
1673	9843
1673	9995
1682	6952
1682	9735
1682	9961
1702	6264
1702	9961
1704	5966
1704	8743
1704	9864
1722	8514
1743	8639
1743	9999
1750	393
1750	8634
1750	8674
1751	4711
1751	8993
1751	9578
1755	6966
1756	4010
1765	8880
1765	9420
1765	9807
1771	6806
1771	6844
1771	7915
1771	8662
1771	9272
1791	4734
1796	7919
1798	8596
1798	9801
1801	7390
1801	9674
1801	9999
1805	5013
1805	8905
1805	9563
1805	9606
1811	5657
1811	8169
1811	9608
1812	4682
1812	5907
1815	9429
1836	7762
1838	5088
1838	6089
1838	7810
1838	9955
1843	5477
1843	8250
1843	9756
1846	3821
1846	4934
1846	6876
1860	8701
1860	9514
1862	9517
1862	9676
1863	7489
1863	9375
1863	9775
1863	9843
1868	2399
1868	8604
1868	9684
1871	57
1871	6474
1887	5535
1887	8078
1887	9221
1899	8805
1916	1480
1916	5558
1916	7122
1916	9625
1926	8314
1929	8435
1929	9446
1931	6821
1933	8685
1933	9298
1934	3657
1934	9234
1934	9892
1934	9915
1955	5606
1959	9154
1959	9457
1979	6624
1979	9961
1981	2678
1981	8909
1981	8910
1981	9117
2000	9220
2013	742
2013	3421
2013	5095
2013	6485
2013	9060
2013	9148
2023	6876
2023	9150
2023	9715
2026	9606
2029	8706
2053	742
2053	8458
2053	9304
2053	9381
2053	9891
2067	3642
2067	8346
2067	9390
2069	9872
2071	9050
2073	665
2073	8901
2073	9343
2078	8410
2078	9085
2078	9872
2079	8839
2079	9275
2079	9356
2079	9742
2080	9060
2080	9505
2080	9975
2085	8831
2085	9272
2085	9667
2085	9698
2093	7504
2093	8613
2093	8889
2093	9806
2100	5360
2100	5883
2102	8850
2102	9723
2105	3377
2105	5607
2105	6958
2105	8613
2116	9687
2133	6822
2144	4718
2144	9220
2154	548
2154	7545
2154	7866
2154	9219
2154	9307
2160	7072
2160	8449
2160	8892
2160	9618
2160	9913
2167	5908
2167	9054
2172	295
2172	5286
2172	7349
2172	9632
2173	3069
2173	5174
2173	8881
2173	9590
2173	9726
2173	9925
2178	9368
2178	9967
2179	9798
2187	7708
2187	8657
2194	9747
2204	7973
2204	9842
2216	5429
2216	9730
2216	9964
2231	8106
2231	8571
2231	9441
2231	9717
2236	2910
2236	6008
2248	8460
2248	9733
2249	4507
2249	5872
2249	9857
2250	6884
2250	8551
2253	3822
2253	6264
2253	9521
2254	9739
2265	8641
2274	7543
2274	8722
2274	9239
2274	9557
2279	9787
2281	9775
2285	9667
2286	9399
2286	9776
2292	63
2330	9467
2330	9881
2333	7265
2339	1450
2339	7618
2339	8158
2339	8892
2339	9893
2348	1404
2353	8405
2353	9151
2353	9342
2353	9717
2355	807
2355	5447
2355	9955
2363	7900
2363	9727
2363	9928
2363	9990
2373	8757
2373	8896
2373	9167
2373	9658
2373	9767
2373	9980
2391	6070
2391	7153
2391	9006
2394	3470
2394	6618
2394	9055
2394	9265
2394	9755
2399	1868
2399	2459
2399	8069
2399	9684
2399	9776
2399	9909
2400	8429
2405	3220
2405	8456
2418	7600
2418	8617
2418	9618
2418	9967
2431	6780
2431	9272
2431	9873
2433	4533
2433	5530
2433	9618
2435	9677
2440	7117
2440	8934
2440	9680
2447	4121
2447	8237
2447	9144
2456	3578
2459	2399
2459	5889
2459	9070
2459	9368
2464	3269
2472	7441
2472	7759
2472	8683
2472	9418
2473	3134
2485	4359
2485	5775
2485	6366
2485	9317
2486	8842
2486	9272
2487	6324
2487	8077
2487	9755
2491	7582
2491	9307
2493	6888
2493	7639
2510	3851
2510	8299
2510	9830
2515	6235
2515	9572
2516	1604
2516	6492
2516	7086
2516	7751
2516	9570
2522	5022
2526	133
2529	6126
2529	9884
2559	3775
2559	6822
2559	9076
2561	4642
2561	8911
2561	9731
2563	6912
2563	9589
2563	9891
2563	9893
2567	8838
2570	6525
2570	8256
2570	9826
2571	4871
2571	6331
2571	8516
2592	6610
2592	9446
2598	1194
2598	8587
2598	8831
2598	9036
2598	9706
2598	9842
2599	5567
2599	8850
2599	9811
2600	377
2600	2909
2600	6190
2600	7490
2600	8937
2601	6926
2601	7938
2601	8339
2601	9444
2601	9885
2601	9937
2603	3631
2603	9142
2603	9592
2604	6423
2604	6900
2615	6887
2615	7950
2615	8106
2615	9665
2618	6048
2618	8639
2618	9958
2631	3069
2631	5393
2643	8723
2643	9536
2643	9596
2643	9912
2649	4915
2649	7390
2649	8889
2649	9552
2655	3895
2660	5061
2660	5785
2660	9745
2662	471
2662	7461
2668	6083
2668	6660
2668	9751
2669	4435
2669	5022
2669	5403
2669	5889
2672	5609
2672	6002
2672	7324
2672	9676
2678	1060
2678	1981
2678	8910
2678	9829
2679	6920
2679	7863
2679	8557
2682	705
2682	4738
2692	7570
2692	8305
2692	9429
2697	891
2697	9151
2697	9252
2697	9342
2703	7134
2703	8758
2703	8830
2704	8040
2720	7086
2720	9311
2750	7832
2750	7835
2750	7944
2750	9420
2750	9439
2750	9998
2751	314
2751	8790
2758	6964
2758	9593
2760	3793
2760	8075
2768	7494
2769	6068
2769	7570
2769	9925
2769	9928
2771	3117
2771	6128
2775	2921
2775	7755
2775	9576
2775	9775
2781	7908
2781	9164
2781	9992
2805	5412
2805	5625
2805	9946
2817	9519
2820	3121
2820	9423
2820	9738
2820	9807
2829	3431
2829	9165
2829	9690
2829	9982
2837	3112
2837	3650
2837	6688
2837	9829
2844	5194
2844	9783
2849	3280
2849	9001
2849	9052
2861	5958
2861	7830
2861	9742
2864	3244
2864	9085
2864	9723
2864	9806
2865	9517
2868	9331
2875	4333
2875	8422
2875	9571
2878	8904
2878	9625
2878	9957
2884	9674
2884	9999
2890	7134
2890	7355
2890	8989
2890	9348
2890	9980
2891	5519
2891	5530
2891	8274
2892	7324
2892	9505
2897	4617
2897	6181
2900	9787
2903	6319
2903	7772
2903	7997
2903	8647
2903	9160
2905	8067
2905	9951
2906	5961
2906	8218
2906	8712
2909	2600
2910	2236
2910	8936
2910	9006
2910	9503
2913	3650
2913	6928
2913	8746
2913	9317
2913	9519
2921	2775
2921	3001
2921	9114
2934	4456
2934	8316
2934	8386
2934	9563
2934	9629
2934	9665
2934	9950
2935	7859
2935	7886
2935	7973
2935	9793
2935	9953
2941	8406
2941	9375
2943	4086
2943	7992
2943	8668
2946	5526
2946	9587
2954	9457
2954	9563
2954	9767
2954	9980
2954	9989
2957	8137
2957	9667
2962	7652
2962	9723
2971	5544
2971	9659
2972	3675
2977	8075
2977	9920
2979	3196
2979	8876
2982	7393
2982	9762
2984	8299
2984	9802
2986	4498
2986	9558
3000	586
3000	9961
3001	2921
3001	7999
3001	9199
3001	9590
3002	7863
3002	9160
3008	5100
3008	6171
3008	9801
3012	8693
3012	9570
3017	3280
3017	6866
3017	7524
3017	7937
3017	8460
3017	9514
3027	4959
3027	8075
3030	7486
3030	9747
3037	622
3037	9170
3038	7112
3040	6374
3040	9144
3040	9946
3046	7725
3046	9714
3046	9873
3050	5609
3050	9589
3050	9893
3052	5512
3052	6432
3052	7194
3052	8752
3056	4686
3056	7618
3062	6900
3062	9761
3069	2173
3069	2631
3069	6567
3069	8828
3072	6331
3072	9958
3077	9699
3082	4336
3082	4734
3082	8457
3083	9368
3086	6660
3086	7405
3086	7543
3086	9751
3090	3825
3090	9690
3095	3832
3095	9761
3097	3519
3097	4424
3100	8435
3100	8701
3100	9446
3112	2837
3112	6482
3112	9044
3117	742
3117	2771
3121	2820
3121	9597
3130	5792
3130	6565
3130	7545
3133	7595
3133	8662
3133	9076
3133	9116
3134	2473
3134	4835
3145	6413
3145	7759
3145	9559
3164	4558
3164	8081
3166	9467
3166	9698
3166	9980
3166	9989
3174	6109
3174	7968
3174	9633
3181	258
3181	5453
3181	9618
3193	9668
3196	2979
3196	6082
3197	9739
3197	9755
3197	9811
3205	9163
3205	9693
3206	6007
3210	3804
3210	8683
3210	9665
3210	9747
3210	9938
3213	9204
3213	9390
3220	695
3220	2405
3228	6982
3228	8215
3228	9997
3230	1453
3230	8249
3230	8596
3231	6492
3231	9741
3233	454
3233	6510
3233	9629
3233	9645
3237	5973
3237	6474
3237	7797
3237	8733
3237	8920
3237	9137
3238	6618
3238	6928
3238	7153
3238	7324
3238	8081
3243	6877
3243	9881
3244	2864
3244	7537
3244	8274
3244	9674
3246	6898
3246	7702
3246	9695
3246	9761
3260	3565
3260	5520
3260	8555
3260	9235
3260	9592
3260	9662
3260	9742
3267	8706
3269	2464
3269	7072
3269	7178
3269	8972
3269	9151
3269	9515
3280	2849
3280	3017
3280	8460
3280	9514
3280	9733
3283	6792
3284	8517
3284	9444
3284	9975
3285	9874
3297	9147
3302	782
3302	7457
3302	8067
3302	8532
3302	9040
3303	7500
3322	6171
3322	7042
3322	8435
3322	9446
3325	166
3325	4147
3325	9715
3333	9739
3339	9603
3342	1208
3342	8899
3342	9396
3342	9718
3351	7998
3351	8410
3356	7955
3377	2105
3377	6319
3377	7064
3378	161
3378	623
3378	9423
3395	7728
3395	8642
3395	9054
3395	9117
3395	9891
3397	9533
3402	9798
3415	5689
3415	9143
3415	9632
3421	2013
3421	6532
3421	8510
3431	2829
3431	8613
3438	5935
3438	8909
3438	8910
3447	9708
3447	9714
3456	9439
3459	4320
3459	9054
3459	9742
3459	9762
3459	9891
3462	8081
3470	2394
3470	9334
3478	6390
3478	6397
3480	6902
3480	9143
3480	9572
3480	9928
3481	7390
3481	9572
3481	9806
3483	4435
3483	7630
3483	7846
3483	8257
3486	252
3486	4101
3486	4494
3486	7543
3499	1475
3499	9165
3509	9117
3509	9611
3512	118
3512	6432
3512	9165
3512	9503
3519	3097
3519	8493
3519	9610
3521	8081
3521	9170
3521	9884
3524	7891
3524	8841
3524	8959
3524	9063
3524	9843
3524	9995
3552	9446
3552	9565
3557	8436
3557	8747
3557	9873
3565	3260
3565	4456
3565	7091
3565	8316
3565	9563
3565	9684
3569	99
3569	4963
3569	8965
3569	9684
3573	9044
3575	5040
3575	6160
3575	6871
3575	8001
3575	9093
3575	9839
3576	9563
3578	2456
3578	8510
3605	8637
3605	9587
3605	9708
3605	9717
3605	9815
3619	6909
3619	9048
3627	4793
3627	5713
3627	9723
3631	2603
3631	4221
3631	4262
3631	9632
3631	9763
3633	6568
3633	7195
3633	8001
3633	9467
3639	7345
3640	7489
3640	9874
3642	1476
3642	2067
3650	2837
3650	2913
3650	5831
3650	9738
3657	1934
3657	5800
3657	6986
3657	8277
3657	8530
3661	6596
3661	9307
3661	9420
3661	9901
3665	1545
3665	6358
3665	8687
3665	9727
3670	7810
3670	8460
3675	2972
3675	7916
3675	9571
3675	9726
3677	869
3682	9025
3682	9901
3690	7785
3690	9667
3690	9893
3694	8033
3699	1571
3699	6659
3699	8404
3699	8606
3710	6358
3710	9420
3711	69
3711	9623
3711	9793
3714	6806
3714	8169
3714	8416
3714	9116
3715	1389
3715	4275
3715	9584
3722	8671
3725	9740
3741	6820
3741	7285
3741	8645
3750	7564
3750	7665
3750	8249
3753	9396
3762	6359
3763	8358
3763	9063
3765	9741
3770	6677
3772	3964
3772	7015
3772	9298
3775	2559
3775	9714
3787	9441
3793	2760
3793	6040
3793	7265
3793	7516
3793	8860
3802	370
3802	6481
3802	8158
3802	8892
3804	3210
3804	7186
3810	4494
3821	1846
3821	4557
3821	9604
3822	2253
3822	9307
3822	9931
3824	9676
3824	9816
3825	920
3825	3090
3832	3095
3832	9085
3832	9160
3836	7999
3836	9683
3838	6680
3838	7863
3838	9446
3851	1532
3851	2510
3851	8299
3851	9802
3851	9830
3851	9975
3870	9626
3882	5453
3882	9615
3895	2655
3895	9999
3903	5014
3903	5530
3903	7997
3904	4499
3909	7195
3909	9031
3911	6818
3911	8578
3920	9153
3920	9460
3920	9592
3925	6326
3925	7658
3925	8169
3927	6976
3927	9252
3927	9423
3927	9718
3941	7239
3941	7462
3941	8063
3943	5095
3943	9481
3944	8824
3944	9756
3944	9955
3945	8872
3945	9235
3945	9618
3946	9799
3947	7461
3955	9188
3955	9304
3957	4510
3957	7094
3957	7751
3963	8620
3964	3772
3964	7100
3964	8790
3971	1226
3971	5831
3971	7418
3971	9173
3974	7173
3977	4435
3977	6796
3977	9369
3979	5353
3979	6860
3979	7870
3979	9645
4007	7652
4007	9469
4010	1756
4010	5076
4010	9678
4014	399
4014	9004
4021	6073
4021	6844
4028	4957
4033	6387
4033	7564
4033	8564
4033	9235
4041	9575
4041	9629
4041	9777
4042	6448
4042	9597
4042	9953
4052	9397
4058	6528
4058	9311
4058	9745
4071	4209
4071	7630
4071	8069
4077	4105
4077	9588
4077	9709
4081	5201
4081	7570
4081	9928
4086	1568
4086	2943
4086	6008
4098	5170
4098	5798
4098	8300
4098	8641
4098	9390
4098	9629
4099	459
4099	6792
4101	3486
4101	9626
4105	4077
4105	4146
4105	9381
4105	9709
4107	6864
4107	8936
4110	9368
4110	9606
4112	9205
4112	9722
4121	2447
4121	7834
4121	8424
4121	9066
4121	9920
4128	8841
4128	9723
4130	9872
4139	8642
4139	8979
4139	9640
4146	1438
4146	4105
4146	8346
4147	3325
4147	9519
4147	9715
4164	6765
4164	8460
4164	9220
4186	7783
4186	8555
4186	9690
4203	6765
4203	7265
4203	7892
4203	9533
4203	9712
4203	9900
4209	4071
4209	9980
4211	8830
4216	4325
4216	6973
4216	8063
4216	9143
4216	9857
4221	3631
4221	4363
4221	8249
4221	8337
4221	9826
4224	424
4224	9105
4224	9610
4229	6998
4229	8027
4232	1099
4232	7181
4232	8461
4233	594
4233	1598
4233	5477
4249	9176
4253	1450
4253	6600
4253	6726
4253	6904
4253	7297
4253	7778
4253	8052
4257	5353
4257	6001
4257	6974
4257	9645
4262	3631
4262	8481
4262	8493
4262	9698
4265	5201
4267	9346
4267	9471
4267	9540
4267	9881
4270	6982
4270	9629
4270	9959
4270	9997
4273	6296
4273	8948
4273	9472
4275	3715
4275	5403
4275	6662
4275	9399
4277	1616
4277	8829
4277	8902
4277	9460
4277	9975
4278	1201
4278	8386
4298	7153
4298	8111
4298	9742
4305	9114
4320	167
4320	3459
4320	6785
4320	8799
4323	6648
4323	6805
4323	9489
4325	4216
4325	6331
4325	6510
4325	9143
4329	6106
4329	8299
4329	9066
4330	4853
4330	9730
4333	2875
4333	8747
4333	9953
4334	416
4334	9429
4336	3082
4336	6078
4336	8078
4336	9165
4338	6971
4338	8057
4338	9088
4338	9690
4353	8416
4353	9272
4356	4387
4356	8571
4356	8901
4356	9441
4359	2485
4363	4221
4363	8463
4367	4783
4367	7708
4367	8979
4367	9640
4377	6048
4377	6796
4384	6076
4384	7468
4387	4356
4387	6546
4387	7992
4391	9366
4391	9368
4392	1070
4392	8194
4398	7644
4398	8905
4398	9348
4398	9472
4398	9775
4400	5382
4400	6372
4400	9740
4405	4747
4405	7900
4405	9602
4405	9826
4405	9873
4411	8899
4411	9288
4416	9575
4416	9761
4416	9801
4416	9934
4424	3097
4424	5452
4424	9901
4435	1300
4435	2669
4435	3483
4435	3977
4435	8860
4436	189
4436	9252
4436	9826
4436	9873
4437	816
4437	6342
4437	7355
4437	8989
4451	7894
4451	8063
4451	8902
4451	9975
4456	2934
4456	3565
4456	5981
4456	8316
4456	9403
4456	9563
4458	5890
4458	6073
4458	6646
4458	8461
4461	4654
4461	5687
4461	8215
4461	8899
4465	7335
4465	8450
4465	9472
4465	9957
4466	8892
4466	9313
4468	303
4468	5036
4468	8747
4481	9147
4481	9559
4481	9741
4491	167
4491	9343
4491	9839
4494	3486
4494	3810
4494	7418
4498	2986
4498	7122
4498	8517
4498	9558
4498	9575
4499	375
4499	3904
4499	8555
4499	9873
4505	5013
4505	9606
4507	2249
4507	8946
4510	3957
4510	6068
4510	7364
4510	8346
4512	8959
4512	9884
4512	9931
4533	1088
4533	2433
4533	9997
4535	4683
4535	8406
4535	9698
4538	9050
4553	6618
4553	8979
4553	9912
4557	3821
4557	5453
4557	9604
4558	1164
4558	3164
4564	5579
4564	7141
4564	7915
4564	8306
4567	5895
4573	8529
4585	8548
4595	8799
4595	9093
4595	9953
4596	7834
4596	7998
4596	8214
4596	8578
4601	9001
4601	9603
4603	9683
4615	8383
4615	9891
4617	2897
4617	6337
4617	9625
4617	9799
4621	8169
4621	8948
4628	6590
4628	6733
4628	8993
4632	9314
4632	9913
4642	2561
4642	6581
4642	9625
4643	920
4643	6765
4643	9983
4649	6154
4649	9728
4649	9733
4654	4461
4654	7516
4654	9444
4654	9708
4654	9718
4673	6586
4673	8687
4673	9366
4673	9595
4676	7618
4676	8461
4676	8946
4682	1812
4682	8587
4683	4535
4683	6902
4683	7063
4683	9117
4683	9755
4686	3056
4686	4829
4686	9558
4686	9934
4694	6338
4694	8911
4694	9698
4697	9396
4697	9828
4699	6331
4699	8982
4699	9961
4711	1751
4711	9445
4711	9521
4711	9946
4718	2144
4718	5540
4718	9220
4725	1115
4725	8336
4725	8907
4725	9399
4725	9445
4725	9592
4725	9946
4729	9587
4729	9925
4729	9990
4733	5499
4733	6565
4733	7179
4733	9563
4734	71
4734	1791
4734	3082
4738	2682
4738	7425
4738	8839
4738	8957
4738	9356
4741	9165
4741	9533
4741	9712
4747	4405
4747	9191
4747	9826
4783	4367
4783	6580
4783	6982
4783	8111
4783	9742
4784	5552
4784	6481
4793	3627
4793	6044
4793	7870
4793	9645
4796	1418
4796	9001
4796	9377
4799	6326
4799	9951
4807	9332
4807	9497
4829	4686
4829	6112
4829	8645
4829	9902
4832	6530
4832	7987
4835	932
4835	3134
4835	5800
4835	9445
4835	9811
4846	548
4846	8659
4846	9190
4853	4330
4853	9313
4853	9730
4862	6048
4862	9348
4862	9787
4868	9741
4868	9751
4871	2571
4871	6871
4871	8516
4876	9953
4895	9840
4906	1612
4906	7983
4906	8053
4906	9095
4906	9842
4915	2649
4915	8799
4915	9590
4920	5519
4920	6337
4920	8842
4930	69
4930	8463
4930	9088
4934	1846
4942	7892
4942	9998
4953	9606
4953	9665
4957	4028
4957	5782
4957	8739
4959	3027
4959	5403
4959	9363
4959	9783
4963	3569
4963	7088
4963	8604
4963	9684
4963	9975
5006	5874
5006	8927
5006	9288
5010	6785
5010	9239
5012	6923
5013	1805
5013	4505
5013	9368
5013	9606
5013	9815
5014	3903
5014	6688
5015	1450
5015	6567
5015	7564
5015	9540
5015	9881
5016	9055
5017	5499
5017	8009
5017	9515
5018	6083
5018	8880
5018	8973
5018	9223
5018	9433
5022	454
5022	2522
5022	2669
5022	9363
5022	9690
5027	8632
5036	4468
5036	8336
5036	9147
5040	3575
5040	7606
5040	7785
5040	9070
5061	2660
5061	7526
5061	9745
5071	6958
5071	9676
5071	9816
5072	7523
5076	4010
5077	7493
5077	8901
5077	9718
5081	5088
5081	7600
5081	8411
5081	9252
5081	9662
5081	9938
5088	1838
5088	5081
5088	6001
5088	9662
5095	2013
5095	3943
5095	7235
5100	3008
5100	5435
5100	5613
5100	8218
5105	5110
5105	7247
5105	9154
5105	9787
5110	412
5110	5105
5110	9441
5116	6659
5116	7042
5148	6123
5148	6966
5148	8629
5151	6680
5161	959
5161	6964
5161	7537
5161	9593
5161	9596
5170	4098
5170	6528
5170	8002
5170	8067
5170	9331
5174	2173
5174	7517
5174	7900
5174	9742
5174	9925
5174	9990
5175	7450
5188	8830
5188	9239
5188	9570
5194	2844
5194	5403
5194	5841
5194	6900
5194	9783
5201	4081
5201	4265
5201	8249
5201	8596
5201	8910
5207	85
5207	9030
5223	6683
5223	7247
5223	7726
5224	8252
5224	9576
5240	6075
5240	7390
5240	8571
5240	9070
5240	9950
5256	5965
5256	7100
5256	9105
5259	1426
5259	6571
5259	9727
5259	9884
5265	1081
5265	9992
5282	375
5282	1050
5282	5798
5282	8712
5282	8936
5284	6632
5284	9223
5284	9836
5286	2172
5286	7349
5286	8052
5288	6871
5288	8408
5288	9390
5288	9625
5297	89
5297	9892
5299	6214
5299	9955
5299	9959
5321	1532
5321	5494
5326	8077
5326	9346
5327	7253
5327	7564
5327	7643
5327	7944
5327	9235
5327	9471
5327	9881
5329	1225
5329	7919
5329	8755
5337	756
5337	7644
5337	9348
5337	9472
5346	9840
5353	3979
5353	4257
5353	7269
5353	8429
5353	9645
5353	9715
5355	8316
5355	8647
5355	9931
5359	7390
5359	9170
5360	89
5360	2100
5360	6515
5360	9698
5362	6369
5362	9497
5382	4400
5382	8237
5382	8872
5382	9114
5382	9763
5382	9924
5389	7116
5389	9714
5393	2631
5393	6007
5393	9429
5396	8214
5396	9117
5396	9891
5397	8314
5397	9547
5398	7089
5398	7347
5398	8218
5398	9272
5398	9389
5403	1584
5403	2669
5403	4275
5403	4959
5403	5194
5403	5579
5403	9679
5403	9783
5407	7186
5407	9467
5407	9715
5409	9298
5409	9557
5412	2805
5412	7701
5415	6324
5423	7701
5423	9517
5423	9775
5424	6163
5424	9590
5429	2216
5429	5710
5429	6431
5429	7225
5429	8062
5429	9342
5433	5607
5433	9068
5433	9706
5435	5100
5435	6724
5435	7116
5435	7967
5435	8028
5435	8632
5440	5695
5440	6075
5440	7725
5440	7772
5440	7997
5440	9160
5447	2355
5452	4424
5452	6460
5453	3181
5453	3882
5453	4557
5453	5961
5453	6919
5453	8457
5453	9747
5461	7541
5461	8028
5461	8831
5461	9900
5462	9369
5462	9443
5462	9481
5462	9863
5477	564
5477	1843
5477	4233
5477	9756
5491	7556
5491	9234
5491	9554
5494	1569
5494	5321
5494	9740
5494	9902
5499	4733
5499	5017
5499	5654
5499	5981
5499	7091
5499	8316
5499	8407
5499	9563
5499	9699
5499	9913
5503	9025
5509	8578
5509	8943
5509	9673
5509	9901
5512	623
5512	3052
5512	6106
5512	6684
5512	9423
5512	9629
5519	2891
5519	4920
5519	9313
5520	3260
5520	5979
5520	7157
5520	9735
5525	8493
5526	2946
5526	9587
5528	462
5528	7992
5528	8051
5528	9623
5528	9698
5530	2433
5530	2891
5530	3903
5530	7940
5530	9558
5534	6317
5534	7728
5534	8104
5534	8324
5534	8993
5535	1887
5535	8866
5535	9006
5535	9503
5535	9889
5540	85
5540	4718
5540	5633
5540	9148
5540	9381
5544	2971
5544	8733
5544	9659
5544	9735
5544	9950
5544	9951
5547	5567
5547	8300
5547	8521
5547	8870
5552	4784
5552	6154
5552	7418
5558	1916
5558	6270
5558	8424
5563	8420
5563	8959
5565	6825
5567	2599
5567	5547
5567	8521
5567	9798
5574	326
5574	9396
5574	9469
5574	9611
5579	4564
5579	5403
5579	6934
5579	8306
5587	9223
5587	9272
5587	9433
5587	9596
5587	9626
5591	9030
5591	9665
5600	6044
5600	6692
5600	9902
5604	6340
5604	6515
5604	7658
5604	9857
5606	1955
5606	6898
5606	9170
5607	2105
5607	5433
5607	9665
5607	9695
5607	9747
5607	9938
5609	2672
5609	3050
5609	9190
5609	9439
5609	9676
5609	9684
5613	5100
5613	6724
5615	9140
5615	9163
5615	9857
5615	9934
5621	412
5621	9505
5622	8516
5622	9151
5622	9342
5622	9912
5622	9997
5624	8517
5624	9444
5624	9975
5625	2805
5625	6688
5625	9829
5627	7541
5627	9900
5633	5540
5633	8926
5633	9148
5633	9381
5633	9900
5636	6680
5636	7728
5636	9576
5654	5499
5654	6358
5654	9031
5657	1401
5657	1811
5657	8268
5657	8743
5657	9608
5668	1485
5668	5981
5668	5991
5668	7473
5668	8059
5668	8316
5668	8386
5668	8588
5668	9563
5682	6317
5682	8094
5682	8104
5683	7992
5683	9623
5687	4461
5687	9363
5687	9739
5689	1476
5689	1516
5689	3415
5689	9039
5689	9190
5695	5440
5695	6322
5695	8508
5695	8839
5695	9365
5695	9751
5710	5429
5710	8062
5710	8925
5710	9030
5712	6002
5712	7525
5712	8911
5712	9948
5713	3627
5713	9604
5719	5895
5719	6270
5719	6684
5719	8596
5720	894
5720	8548
5720	9346
5760	9684
5769	7504
5775	2485
5775	7514
5775	8392
5775	9742
5777	282
5777	7916
5777	9726
5782	4957
5785	2660
5785	8169
5792	461
5792	3130
5792	7545
5792	7866
5798	4098
5798	5282
5798	9390
5798	9961
5800	3657
5800	4835
5800	9615
5809	6784
5809	8669
5809	9799
5813	6998
5813	7072
5813	7595
5813	7725
5813	7772
5813	9160
5821	1571
5821	7157
5821	7967
5821	8022
5821	8965
5824	8257
5824	8368
5824	9990
5830	6237
5830	9369
5830	9443
5830	9863
5830	9998
5831	3650
5831	3971
5831	8514
5831	9173
5831	9471
5834	8683
5834	9807
5834	9872
5841	5194
5841	9892
5843	6084
5843	7606
5843	9683
5843	9950
5851	8067
5851	9816
5851	9951
5872	2249
5872	6581
5872	9828
5872	9857
5874	5006
5874	7462
5874	9497
5875	6962
5875	8188
5875	9190
5881	7983
5881	9205
5883	2100
5883	6681
5883	8892
5883	9313
5884	9219
5884	9864
5888	1426
5888	6331
5888	7425
5888	9346
5889	849
5889	1300
5889	2459
5889	2669
5889	6485
5889	7564
5889	7846
5889	9054
5889	9709
5890	4458
5890	7436
5890	7556
5894	560
5894	8463
5894	8752
5894	9467
5894	9715
5895	1164
5895	4567
5895	5719
5895	6002
5895	7490
5895	9777
5907	1812
5907	9535
5907	9801
5907	9890
5908	844
5908	2167
5908	9924
5935	3438
5944	8510
5955	756
5955	6379
5955	6769
5955	9154
5955	9763
5958	2861
5958	7702
5959	7516
5959	9369
5959	9608
5959	9863
5961	622
5961	2906
5961	5453
5961	8069
5961	8111
5961	9397
5961	9708
5961	9909
5965	5256
5965	7248
5965	7949
5965	8629
5965	9946
5966	1704
5966	9571
5970	6183
5970	9554
5973	3237
5973	8881
5973	9204
5979	5520
5979	6887
5979	7810
5979	8588
5979	8645
5979	9331
5979	9662
5979	9735
5979	9829
5981	1485
5981	4456
5981	5499
5981	5668
5981	5991
5981	6725
5981	7652
5981	8386
5981	9563
5991	5668
5991	5981
5991	6174
5991	7091
5991	7179
5991	9563
5991	9955
5998	7468
5998	8063
5998	9143
5998	9389
6001	4257
6001	5088
6001	6860
6001	7269
6001	7870
6001	7892
6001	7980
6001	9645
6002	2672
6002	5712
6002	5895
6002	7525
6002	8253
6002	9070
6003	7064
6003	7526
6003	8314
6003	9745
6007	3206
6007	5393
6008	2236
6008	4086
6008	9987
6017	6306
6017	8752
6017	8907
6017	9044
6017	9188
6017	9801
6024	1362
6024	9680
6040	3793
6040	9154
6040	9191
6041	8634
6044	4793
6044	5600
6044	6974
6044	7269
6044	7870
6044	9313
6044	9554
6044	9645
6048	2618
6048	4377
6048	4862
6048	8092
6048	9958
6068	2769
6068	4510
6070	2391
6070	9787
6073	4021
6073	4458
6073	7746
6073	9572
6075	21
6075	5240
6075	5440
6075	8747
6075	8932
6075	8967
6075	9559
6076	4384
6076	6822
6076	7161
6076	8850
6078	4336
6078	7279
6082	3196
6082	7247
6082	8993
6082	9151
6082	9342
6083	2668
6083	5018
6083	6581
6084	5843
6084	7347
6084	9683
6089	1838
6089	8855
6089	9811
6095	7393
6100	8105
6100	8111
6100	8617
6100	9170
6100	9618
6104	9147
6104	9446
6106	4329
6106	5512
6106	7658
6106	8790
6109	3174
6109	6390
6109	7968
6109	8182
6109	9082
6109	9611
6112	4829
6112	6732
6112	8772
6123	1006
6123	5148
6123	6431
6123	7801
6123	8532
6123	9040
6123	9331
6126	2529
6126	6866
6126	7122
6126	7253
6126	9235
6126	9881
6126	9891
6128	2771
6128	8300
6128	8967
6142	6390
6142	7600
6142	8078
6142	8160
6142	8368
6142	8548
6142	8860
6142	9625
6150	7043
6150	7265
6150	8790
6150	9235
6150	9471
6150	9881
6154	788
6154	4649
6154	5552
6154	8408
6154	8790
6154	9689
6160	3575
6160	9497
6160	9684
6163	1179
6163	5424
6163	8268
6163	9163
6163	9874
6171	567
6171	3008
6171	3322
6171	9001
6171	9063
6171	9552
6174	1231
6174	5991
6174	6802
6174	8927
6174	9375
6174	9547
6174	9889
6181	2897
6181	8212
6181	8841
6181	9640
6181	9843
6181	9995
6182	9872
6183	5970
6183	7086
6183	7915
6183	7921
6188	814
6188	8896
6188	9039
6188	9148
6188	9457
6188	9767
6188	9980
6188	9989
6190	2600
6190	7155
6190	9158
6204	7784
6204	8688
6204	9868
6210	9931
6214	5299
6214	9054
6214	9738
6214	9776
6234	6482
6234	9110
6234	9625
6234	9764
6234	9802
6234	9967
6235	2515
6237	5830
6237	7248
6237	9369
6237	9443
6248	1058
6248	7349
6248	7441
6248	7759
6248	9418
6264	1702
6264	2253
6264	8982
6264	9578
6264	9699
6265	8081
6265	9533
6265	9603
6270	5558
6270	5719
6270	9810
6271	7900
6271	9928
6271	9990
6287	7064
6287	9964
6296	4273
6296	7526
6296	8105
6296	9890
6302	6372
6302	9584
6306	6017
6306	8907
6306	9110
6311	8746
6317	5534
6317	5682
6317	8011
6317	8104
6317	8111
6317	8324
6317	8712
6317	9982
6319	71
6319	816
6319	2903
6319	3377
6319	8613
6319	9868
6322	5695
6322	7525
6322	7801
6322	8052
6322	8508
6322	9365
6322	9444
6324	2487
6324	5415
6324	7064
6324	8876
6324	9140
6324	9307
6324	9931
6326	3925
6326	4799
6326	8693
6326	9088
6326	9557
6331	16
6331	57
6331	2571
6331	3072
6331	4325
6331	4699
6331	5888
6331	9346
6331	9467
6331	9714
6337	4617
6337	4920
6337	9190
6337	9314
6337	9913
6338	4694
6338	9036
6338	9346
6340	5604
6340	9220
6340	9611
6342	4437
6342	9931
6342	9934
6344	781
6344	7132
6344	9931
6344	9999
6358	3665
6358	3710
6358	5654
6358	8056
6358	8404
6358	8529
6359	3762
6359	8137
6359	8571
6359	9204
6359	9596
6359	9608
6366	2485
6366	9110
6366	9521
6369	5362
6369	7186
6372	4400
6372	6302
6372	9039
6372	9457
6372	9535
6372	9767
6372	9980
6372	9989
6373	7281
6373	7938
6374	3040
6374	6387
6374	8866
6374	9144
6374	9938
6378	429
6378	780
6378	1139
6378	1322
6378	9625
6378	9874
6379	5955
6379	9114
6379	9223
6380	71
6381	317
6381	484
6381	7015
6381	8674
6387	4033
6387	6374
6387	7347
6387	7436
6390	3478
6390	6109
6390	6142
6390	7387
6390	9052
6390	9633
6397	3478
6397	9840
6408	7755
6408	7963
6408	8521
6408	9889
6413	1242
6413	3145
6413	7266
6413	7622
6413	8316
6413	9715
6423	2604
6423	6900
6423	7405
6423	8051
6423	8733
6423	8866
6423	9165
6423	9334
6431	756
6431	5429
6431	6123
6431	6528
6432	3052
6432	3512
6432	7281
6432	7618
6432	9503
6432	9980
6448	4042
6448	7450
6448	8693
6448	8758
6448	8839
6454	697
6454	8215
6454	8440
6454	9793
6460	284
6460	5452
6460	7533
6460	9828
6460	9964
6464	1496
6464	6713
6464	8667
6464	8671
6464	9731
6469	8075
6469	8313
6469	8324
6469	9377
6469	9885
6469	9987
6473	7039
6473	7801
6474	1871
6474	3237
6474	6596
6474	8905
6481	3802
6481	4784
6481	7870
6481	9304
6482	3112
6482	6234
6482	8277
6482	8313
6482	8460
6482	9514
6482	9733
6485	2013
6485	5889
6485	9110
6489	8620
6489	9558
6489	9953
6489	9987
6492	2516
6492	3231
6492	8876
6510	3233
6510	4325
6510	6820
6510	6863
6510	9143
6510	9810
6515	5360
6515	5604
6515	8481
6515	9698
6525	2570
6525	7387
6525	8252
6525	9674
6525	9873
6528	4058
6528	5170
6528	6431
6528	8514
6528	8755
6528	9173
6530	4832
6530	7116
6530	8934
6532	683
6532	3421
6532	9587
6546	623
6546	4387
6546	6692
6546	9902
6558	665
6558	7494
6558	8743
6558	9110
6565	3130
6565	4733
6565	8316
6565	8386
6565	8925
6565	9563
6565	9995
6567	57
6567	3069
6567	5015
6567	7253
6567	9471
6568	3633
6568	8001
6568	8022
6571	5259
6571	8170
6571	9658
6580	4783
6580	6586
6580	7783
6580	7863
6580	9931
6581	4642
6581	5872
6581	6083
6581	8450
6581	8617
6586	4673
6586	6580
6586	7851
6586	9349
6586	9957
6590	4628
6590	8204
6590	9265
6590	9403
6590	9755
6590	9874
6596	3661
6596	6474
6596	9584
6599	7018
6600	4253
6600	7297
6600	8242
6600	8892
6610	2592
6610	7940
6610	8435
6610	9314
6610	9446
6618	2394
6618	3238
6618	4553
6618	7708
6618	7762
6620	559
6620	8914
6620	9148
6620	9317
6624	1979
6624	6641
6624	8253
6624	8722
6624	8965
6624	9239
6624	9565
6624	9763
6632	5284
6632	8687
6632	9816
6641	6624
6641	8722
6641	9239
6644	6818
6644	7248
6644	7753
6644	8516
6644	9864
6646	1470
6646	4458
6646	7436
6646	8407
6648	4323
6648	7284
6648	9160
6648	9557
6651	553
6651	626
6651	9959
6654	9665
6654	9747
6657	8831
6657	9842
6659	3699
6659	5116
6659	7697
6659	8481
6659	9698
6660	2668
6660	3086
6660	9751
6662	4275
6662	9783
6677	3770
6677	7835
6677	7944
6677	9439
6677	9830
6680	1581
6680	3838
6680	5151
6680	5636
6680	9467
6680	9864
6681	5883
6681	9776
6683	5223
6683	8554
6684	28
6684	1078
6684	5512
6684	5719
6684	7465
6684	9608
6688	2837
6688	5014
6688	5625
6692	5600
6692	6546
6692	8493
6692	9096
6692	9902
6713	6464
6713	8063
6718	7525
6718	9070
6718	9731
6718	9925
6724	5435
6724	5613
6724	6973
6725	5981
6725	7132
6725	8905
6725	9674
6725	9999
6726	370
6726	4253
6726	6871
6726	7018
6726	8892
6726	9313
6732	6112
6732	8772
6732	8901
6733	4628
6733	8316
6757	7195
6757	8365
6757	9025
6757	9901
6765	4164
6765	4203
6765	4643
6765	7702
6765	7882
6765	9418
6765	9610
6765	9676
6765	9983
6767	8346
6767	8637
6767	8701
6769	5955
6769	8094
6769	9762
6772	8411
6772	8957
6773	317
6773	8829
6773	9626
6780	964
6780	2431
6780	6887
6780	9826
6784	5809
6784	8712
6784	9950
6785	4320
6785	5010
6785	9597
6786	459
6786	7473
6786	8842
6786	9167
6786	9221
6792	3283
6792	4099
6792	8404
6792	8606
6792	9298
6792	9689
6796	3977
6796	4377
6796	9158
6802	6174
6802	7778
6802	8056
6802	9366
6802	9489
6802	9521
6804	8647
6804	9219
6805	4323
6805	7643
6805	9233
6805	9481
6805	9857
6806	1771
6806	3714
6806	6844
6806	7652
6806	8662
6806	9116
6806	9332
6814	683
6814	8204
6814	9153
6818	587
6818	1426
6818	3911
6818	6644
6818	7248
6818	7919
6820	3741
6820	6510
6820	9025
6820	9143
6820	9498
6821	1931
6821	8617
6822	2133
6822	2559
6822	6076
6825	5565
6825	8689
6825	9304
6825	9441
6825	9557
6825	9747
6839	9767
6839	9892
6841	7153
6841	7526
6841	8022
6844	1771
6844	4021
6844	6806
6844	8501
6844	8629
6844	8662
6844	9076
6844	9116
6845	7921
6845	9389
6845	9843
6851	7844
6851	7851
6851	7908
6851	8532
6851	8604
6851	9397
6851	9684
6860	3979
6860	6001
6860	6974
6860	7269
6860	7863
6860	8436
6860	9645
6860	9959
6860	9998
6863	6510
6863	8662
6863	9153
6863	9999
6864	4107
6864	9687
6864	9777
6866	1650
6866	3017
6866	6126
6866	9044
6866	9514
6871	3575
6871	4871
6871	5288
6871	6726
6871	9093
6871	9839
6871	9997
6876	1846
6876	2023
6876	9604
6876	9874
6877	3243
6877	7882
6877	8292
6877	8578
6877	9153
6877	9687
6877	9982
6884	2250
6884	7746
6884	8926
6884	9572
6887	2615
6887	5979
6887	6780
6887	7762
6887	8458
6887	9164
6887	9992
6888	2493
6888	6898
6888	7825
6888	8866
6898	3246
6898	5606
6898	6888
6898	8743
6898	9829
6900	2604
6900	3062
6900	5194
6900	6423
6900	9334
6900	9937
6902	3480
6902	4683
6902	8351
6902	9934
6904	4253
6904	7318
6904	9164
6904	9992
6909	3619
6909	9116
6909	9565
6912	2563
6912	7116
6912	9095
6912	9589
6912	9610
6912	9893
6919	5453
6919	7405
6919	8274
6919	8993
6920	2679
6920	6987
6920	7450
6920	7866
6920	8758
6923	5012
6923	7701
6923	8214
6923	8249
6923	8835
6925	7639
6925	7721
6926	2601
6926	8517
6926	8620
6926	8829
6926	9444
6926	9498
6926	9615
6926	9975
6928	2913
6928	3238
6928	8081
6928	9048
6928	9356
6934	5579
6934	7973
6934	9755
6934	9756
6945	9265
6952	582
6952	1050
6952	1682
6952	8056
6952	8501
6952	9471
6954	8215
6954	8671
6954	9698
6958	2105
6958	5071
6958	8300
6958	9068
6962	5875
6962	9190
6962	9676
6962	9816
6964	959
6964	2758
6964	5161
6964	8850
6964	9593
6966	1755
6966	5148
6966	9105
6966	9380
6966	9640
6966	9741
6966	9950
6968	1372
6968	8674
6971	1634
6971	4338
6971	7197
6971	7489
6971	8324
6971	9167
6973	1673
6973	4216
6973	6724
6973	8336
6973	8578
6974	4257
6974	6044
6974	6860
6974	7269
6974	9645
6974	9673
6976	3927
6976	9961
6977	7702
6977	8979
6977	9082
6977	9446
6977	9761
6977	9902
6982	3228
6982	4270
6982	4783
6982	8389
6982	9959
6982	9997
6986	3657
6986	7949
6986	8277
6986	8530
6986	8685
6986	9148
6987	6920
6987	9995
6996	942
6996	7644
6996	8637
6996	9708
6996	9717
6996	9815
6998	4229
6998	5813
6998	7545
6998	7725
6998	7997
6998	9160
7001	567
7001	9170
7001	9722
7001	9938
7010	7844
7010	9241
7015	1078
7015	3772
7015	6381
7015	7595
7015	8348
7015	9761
7018	6599
7018	6726
7018	9252
7018	9799
7039	6473
7039	7335
7042	381
7042	3322
7042	5116
7043	6150
7043	8169
7063	4683
7063	9060
7064	3377
7064	6003
7064	6287
7064	6324
7072	290
7072	2160
7072	3269
7072	5813
7072	7178
7072	8009
7074	9807
7074	9872
7074	9928
7086	2516
7086	2720
7086	6183
7086	7921
7086	8824
7088	1070
7088	4963
7088	8411
7088	9397
7088	9640
7089	871
7089	5398
7089	7257
7089	8242
7089	8456
7089	8937
7091	3565
7091	5499
7091	5991
7091	8386
7091	9389
7091	9563
7094	3957
7094	8078
7094	8262
7094	8562
7094	9605
7094	9811
7096	7987
7096	9143
7100	3964
7100	5256
7100	7281
7100	8637
7100	9708
7100	9717
7100	9815
7105	8358
7105	8361
7105	8410
7105	8965
7105	9111
7111	8520
7111	9241
7111	9900
7111	9955
7112	3038
7112	9093
7112	9997
7114	1264
7114	8689
7114	9304
7114	9403
7114	9668
7116	5389
7116	5435
7116	6530
7116	6912
7116	9593
7116	9714
7117	2440
7117	8568
7117	9275
7117	9356
7122	11
7122	1480
7122	1916
7122	4498
7122	6126
7122	9040
7122	9920
7132	968
7132	6344
7132	6725
7132	7973
7132	9659
7132	9674
7132	9709
7132	9999
7134	235
7134	2703
7134	2890
7134	7937
7134	8989
7141	491
7141	4564
7141	7983
7141	8414
7141	8429
7141	8557
7141	9223
7141	9433
7153	2391
7153	3238
7153	4298
7153	6841
7155	6190
7155	9762
7157	5520
7157	5821
7157	8001
7161	6076
7161	8965
7161	9346
7161	9615
7161	9775
7168	8860
7168	9535
7168	9801
7168	9890
7173	3974
7173	9158
7173	9220
7178	89
7178	3269
7178	7072
7178	9515
7178	9747
7179	4733
7179	5991
7179	8022
7179	8316
7179	8386
7179	9563
7179	9623
7179	9912
7181	4232
7185	7297
7185	9810
7186	3804
7186	5407
7186	6369
7186	8305
7186	8410
7186	9241
7194	3052
7194	8872
7194	9006
7194	9233
7194	9658
7195	3633
7195	3909
7195	6757
7195	8365
7195	8542
7195	8632
7195	9982
7197	6971
7197	7859
7197	8657
7197	8925
7225	5429
7225	8898
7225	8925
7225	9331
7225	9420
7234	7425
7234	7746
7234	9519
7234	9738
7234	9776
7234	9793
7234	9889
7235	1322
7235	5095
7235	8056
7235	8620
7235	9673
7239	3941
7239	8292
7239	9726
7247	412
7247	5105
7247	5223
7247	6082
7247	7556
7247	8722
7247	8914
7247	9235
7248	5965
7248	6237
7248	6644
7248	6818
7248	7753
7248	9031
7248	9693
7253	5327
7253	6126
7253	6567
7253	7405
7253	8564
7253	9235
7253	9540
7253	9570
7253	9588
7253	9741
7253	9881
7255	8909
7255	8910
7255	9048
7255	9191
7257	7089
7257	8242
7257	9063
7257	9798
7265	2333
7265	3793
7265	4203
7265	6150
7265	8723
7265	9712
7266	6413
7266	8747
7266	9950
7269	76
7269	1194
7269	5353
7269	6001
7269	6044
7269	6860
7269	6974
7269	9397
7269	9645
7269	9964
7275	7345
7275	8324
7277	416
7277	1337
7279	942
7279	6078
7279	7489
7279	8028
7279	9205
7281	6373
7281	6432
7281	7100
7284	6648
7284	8920
7285	3741
7285	9446
7285	9799
7290	8667
7290	9298
7290	9683
7297	4253
7297	6600
7297	7185
7297	9418
7297	9735
7297	9798
7318	6904
7318	9151
7318	9840
7323	9836
7324	590
7324	1083
7324	2672
7324	2892
7324	3238
7324	9505
7326	7652
7326	8214
7326	8687
7326	9365
7335	4465
7335	7039
7335	7413
7344	8160
7344	8839
7344	9690
7345	3639
7345	7275
7345	7721
7345	8365
7347	5398
7347	6084
7347	6387
7347	8669
7347	9902
7349	2172
7349	5286
7349	6248
7352	8414
7352	8554
7352	9587
7352	9680
7355	781
7355	2890
7355	4437
7355	8674
7355	8989
7364	1203
7364	4510
7387	6390
7387	6525
7387	7963
7390	1081
7390	1801
7390	2649
7390	3481
7390	5240
7390	5359
7390	9597
7390	9806
7393	2982
7393	6095
7393	7442
7393	9265
7405	3086
7405	6423
7405	6919
7405	7253
7405	8274
7405	8842
7405	8870
7405	9767
7413	7335
7413	8766
7413	9390
7415	7835
7415	9233
7418	3971
7418	4494
7418	5552
7425	986
7425	4738
7425	5888
7425	7234
7425	8587
7425	9346
7425	9793
7436	5890
7436	6387
7436	6646
7436	8212
7441	2472
7441	6248
7441	7759
7441	8441
7441	9418
7441	9658
7441	9706
7442	303
7442	7393
7442	8348
7442	9188
7450	5175
7450	6448
7450	6920
7457	608
7457	3302
7457	9381
7457	9826
7461	2662
7461	3947
7461	8170
7461	8562
7461	8641
7462	3941
7462	5874
7465	1078
7465	6684
7465	9608
7465	9928
7468	4384
7468	5998
7468	9863
7468	9934
7469	78
7469	7915
7469	8837
7469	8936
7469	9349
7469	9381
7469	9471
7473	459
7473	5668
7473	6786
7473	9625
7480	1584
7480	9677
7486	3030
7486	8701
7489	1863
7489	3640
7489	6971
7489	7279
7489	8406
7489	8842
7489	9677
7490	2600
7490	5895
7490	9893
7490	9990
7493	1592
7493	5077
7493	8901
7493	9608
7493	9999
7494	933
7494	2768
7494	6558
7494	8743
7494	9712
7500	3303
7500	8252
7500	9563
7500	9955
7504	99
7504	2093
7504	5769
7507	7931
7507	9221
7507	9547
7514	5775
7514	7606
7514	7785
7514	9153
7516	3793
7516	4654
7516	5959
7516	9204
7516	9369
7516	9443
7516	9863
7517	5174
7517	8683
7517	8712
7517	8855
7517	9913
7523	5072
7523	8062
7523	8701
7523	9761
7523	9925
7524	1337
7524	3017
7524	8460
7524	9363
7524	9366
7524	9514
7525	5712
7525	6002
7525	6322
7525	6718
7525	8911
7525	9070
7525	9731
7525	9920
7525	9948
7526	5061
7526	6003
7526	6296
7526	6841
7526	8639
7526	9745
7533	6460
7533	9399
7533	9946
7537	3244
7537	5161
7537	8113
7537	8448
7537	8457
7537	9191
7541	5461
7541	5627
7541	9900
7543	2274
7543	3086
7543	3486
7543	8208
7543	9718
7543	9937
7545	2154
7545	3130
7545	5792
7545	6998
7545	7866
7545	8236
7545	9068
7545	9377
7556	5491
7556	5890
7556	7247
7556	9060
7556	9592
7564	3750
7564	4033
7564	5015
7564	5327
7564	5889
7564	9471
7564	9881
7570	2692
7570	2769
7570	4081
7570	7900
7570	9807
7570	9828
7570	9925
7570	9928
7582	2491
7582	8104
7582	8194
7582	9840
7585	9893
7595	3133
7595	5813
7595	7015
7595	7725
7595	7772
7595	7997
7595	9006
7595	9160
7600	2418
7600	5081
7600	6142
7600	8932
7600	9148
7600	9381
7606	5040
7606	5843
7606	7514
7606	9811
7615	8358
7615	9469
7618	246
7618	1546
7618	2339
7618	3056
7618	4676
7618	6432
7618	8461
7618	8946
7618	9717
7622	6413
7622	8404
7622	8436
7622	8747
7622	9559
7622	9807
7622	9950
7622	9951
7630	1088
7630	3483
7630	4071
7639	2493
7639	6925
7639	8555
7639	9380
7639	9554
7639	9678
7639	9730
7639	9764
7639	9802
7643	5327
7643	6805
7643	9481
7643	9857
7643	9997
7644	4398
7644	5337
7644	6996
7644	8361
7644	9348
7644	9472
7652	2962
7652	4007
7652	5981
7652	6806
7652	7326
7652	7832
7652	8687
7652	9595
7658	3925
7658	5604
7658	6106
7658	8481
7658	9399
7658	9698
7665	3750
7665	8249
7665	9396
7697	6659
7697	8239
7697	9698
7701	5412
7701	5423
7701	6923
7701	9561
7702	3246
7702	5958
7702	6765
7702	6977
7702	9082
7702	9695
7702	9761
7702	9928
7708	2187
7708	4367
7708	6618
7708	8979
7708	9640
7721	6925
7721	7345
7721	8067
7721	9592
7725	3046
7725	5440
7725	5813
7725	6998
7725	7595
7725	7772
7725	7997
7725	9160
7726	1470
7726	5223
7726	7892
7726	8434
7726	9114
7728	3395
7728	5534
7728	5636
7728	7875
7728	8011
7728	8104
7728	9369
7728	9839
7736	8555
7736	8634
7736	9692
7746	1616
7746	6073
7746	6884
7746	7234
7746	7968
7746	8957
7746	9572
7746	9592
7748	7882
7748	8292
7748	8578
7748	8671
7748	8683
7748	8957
7748	8993
7751	76
7751	484
7751	2516
7751	3957
7751	8252
7751	9576
7751	9679
7753	471
7753	726
7753	6644
7753	7248
7753	7919
7753	9706
7755	590
7755	2775
7755	6408
7755	8831
7755	9521
7755	9775
7759	2472
7759	3145
7759	6248
7759	7441
7759	9418
7759	9731
7762	1836
7762	6618
7762	6887
7762	9446
7762	9481
7762	9857
7772	355
7772	1096
7772	2903
7772	5440
7772	5813
7772	7595
7772	7725
7772	9160
7772	9625
7778	4253
7778	6802
7778	8555
7778	9366
7778	9489
7778	9683
7783	4186
7783	6580
7783	8551
7783	9343
7784	6204
7784	8688
7784	9868
7785	932
7785	1545
7785	3690
7785	5040
7785	7514
7797	1091
7797	3237
7797	9137
7797	9659
7800	590
7800	8896
7800	9023
7800	9558
7800	9987
7801	623
7801	6123
7801	6322
7801	6473
7801	8532
7801	8562
7801	9040
7801	9331
7810	1838
7810	3670
7810	5979
7810	8040
7810	9346
7810	9533
7825	682
7825	6888
7825	8448
7825	8657
7825	8866
7825	9708
7830	2861
7830	8059
7830	8215
7830	8981
7830	9902
7830	9982
7832	246
7832	2750
7832	7652
7832	8629
7832	9048
7834	4121
7834	4596
7834	8214
7834	8410
7834	9959
7835	2750
7835	6677
7835	7415
7835	7944
7835	9439
7835	9998
7844	6851
7844	7010
7844	9912
7844	9915
7844	9964
7844	9995
7846	3483
7846	5889
7846	8712
7846	8926
7851	6586
7851	6851
7851	8909
7859	2935
7859	7197
7859	9723
7863	2679
7863	3002
7863	3838
7863	6580
7863	6860
7863	9667
7866	1673
7866	2154
7866	5792
7866	6920
7866	7545
7866	9775
7869	8904
7869	8911
7869	9070
7869	9588
7869	9731
7869	9864
7869	9948
7870	1194
7870	3979
7870	4793
7870	6001
7870	6044
7870	6481
7870	8517
7870	8905
7870	9645
7875	7728
7875	8993
7875	9747
7875	9938
7882	6765
7882	6877
7882	7748
7882	8292
7882	8578
7886	2935
7886	8306
7891	621
7891	3524
7891	8838
7891	9602
7891	9995
7892	4203
7892	4942
7892	6001
7892	7726
7892	8639
7892	8981
7892	9439
7892	9998
7893	1577
7893	8137
7893	8396
7893	8898
7893	9140
7893	9950
7894	4451
7894	8517
7894	8829
7894	8902
7894	9444
7894	9828
7894	9975
7900	2363
7900	4405
7900	5174
7900	6271
7900	7570
7900	9498
7900	9990
7908	2781
7908	6851
7908	9735
7908	9857
7915	377
7915	1771
7915	4564
7915	6183
7915	7469
7915	7921
7915	9160
7916	3675
7916	5777
7916	8901
7916	8914
7916	9633
7916	9726
7916	9751
7919	1796
7919	5329
7919	6818
7919	7753
7919	9031
7919	9535
7921	6183
7921	6845
7921	7086
7921	7915
7921	8510
7921	8722
7921	9239
7931	7507
7931	8649
7931	9068
7931	9096
7931	9625
7931	9629
7931	9799
7937	929
7937	3017
7937	7134
7937	8188
7937	8948
7937	9063
7937	9881
7938	2601
7938	6373
7938	9030
7938	9498
7940	5530
7940	6610
7940	9793
7944	2750
7944	5327
7944	6677
7944	7835
7944	9439
7944	9998
7949	5965
7949	6986
7949	8629
7949	9096
7949	9105
7950	2615
7950	8687
7950	9365
7950	9595
7955	3356
7955	8657
7955	9346
7963	6408
7963	7387
7967	1203
7967	5435
7967	5821
7968	3174
7968	6109
7968	7746
7968	8077
7968	8457
7968	8542
7968	9596
7968	9726
7973	2204
7973	2935
7973	6934
7973	7132
7973	8306
7973	8517
7980	6001
7980	9872
7983	4906
7983	5881
7983	7141
7987	4832
7987	7096
7987	8346
7992	2943
7992	4387
7992	5528
7992	5683
7992	8613
7992	9105
7997	21
7997	2903
7997	3903
7997	5440
7997	6998
7997	7595
7997	7725
7997	9160
7997	9519
7998	28
7998	3351
7998	4596
7998	8214
7998	8410
7998	8896
7998	9001
7998	9052
7999	3001
7999	3836
7999	9199
7999	9571
7999	9572
7999	9590
8001	399
8001	3575
8001	3633
8001	6568
8001	7157
8001	8022
8001	8722
8001	9775
8002	5170
8002	8889
8002	9164
8002	9331
8009	5017
8009	7072
8009	9205
8009	9515
8011	6317
8011	7728
8011	8104
8011	9356
8011	9460
8022	5821
8022	6568
8022	6841
8022	7179
8022	8001
8022	8669
8026	220
8026	8758
8026	9678
8026	9874
8027	4229
8027	8463
8027	9167
8027	9649
8027	9807
8028	26
8028	5435
8028	5461
8028	7279
8033	3694
8033	9194
8033	9693
8040	2704
8040	7810
8040	8236
8040	8639
8040	9144
8042	8182
8042	9497
8051	714
8051	5528
8051	6423
8051	8194
8052	534
8052	4253
8052	5286
8052	6322
8053	4906
8053	8436
8053	8587
8053	8831
8053	9842
8056	6358
8056	6802
8056	6952
8056	7235
8056	8077
8057	4338
8057	8256
8057	8514
8057	9050
8057	9399
8057	9611
8059	5668
8059	7830
8059	8411
8062	5429
8062	5710
8062	7523
8062	8901
8062	8925
8063	3941
8063	4216
8063	4451
8063	5998
8063	6713
8063	9143
8063	9873
8067	623
8067	2905
8067	3302
8067	5170
8067	5851
8067	7721
8067	8532
8067	9150
8069	622
8069	2399
8069	4071
8069	5961
8069	8604
8069	9397
8069	9684
8069	9909
8069	9987
8075	2760
8075	2977
8075	3027
8075	6469
8075	8361
8075	8889
8075	9377
8075	9806
8075	9885
8075	9889
8077	1096
8077	2487
8077	5326
8077	7968
8077	8056
8077	8204
8077	9060
8077	9163
8077	9403
8077	9755
8077	9874
8078	1887
8078	4336
8078	6142
8078	7094
8078	8257
8078	9165
8078	9683
8081	3164
8081	3238
8081	3462
8081	3521
8081	6265
8081	6928
8081	9143
8081	9317
8092	6048
8092	9912
8092	9958
8094	5682
8094	6769
8094	9874
8104	723
8104	5534
8104	5682
8104	6317
8104	7582
8104	7728
8104	8011
8104	8517
8105	6100
8105	6296
8105	8617
8105	9618
8105	9959
8106	429
8106	2231
8106	2615
8106	8450
8106	8564
8106	8571
8111	4298
8111	4783
8111	5961
8111	6100
8111	6317
8111	9311
8111	9356
8111	9445
8111	9742
8113	7537
8113	8457
8113	9191
8113	9857
8137	2957
8137	6359
8137	7893
8137	8926
8137	9140
8137	9272
8137	9667
8158	2339
8158	3802
8158	9142
8158	9165
8160	6142
8160	7344
8160	9708
8160	9893
8169	1811
8169	3714
8169	3925
8169	4621
8169	5785
8169	7043
8169	9076
8169	9116
8169	9798
8170	6571
8170	7461
8170	9658
8170	9755
8170	9762
8177	781
8177	8300
8177	9317
8177	9505
8182	6109
8182	8042
8182	8249
8182	8256
8182	9632
8182	9689
8188	5875
8188	7937
8188	8948
8188	9219
8194	4392
8194	7582
8194	8051
8194	9980
8204	6590
8204	6814
8204	8077
8204	9163
8204	9874
8208	849
8208	7543
8208	8899
8208	8957
8208	9692
8208	9718
8208	9925
8212	6181
8212	7436
8212	9559
8212	9706
8212	9839
8214	4596
8214	5396
8214	6923
8214	7326
8214	7834
8214	7998
8214	8514
8214	9111
8214	9793
8215	3228
8215	4461
8215	6454
8215	6954
8215	7830
8215	8981
8215	9578
8218	2906
8218	5100
8218	5398
8218	9389
8236	7545
8236	8040
8236	8365
8236	9025
8236	9565
8236	9764
8236	9901
8237	1555
8237	2447
8237	5382
8237	8424
8237	8596
8237	9920
8237	9934
8239	1050
8239	1448
8239	7697
8239	8842
8239	9147
8239	9756
8242	6600
8242	7089
8242	7257
8242	9199
8244	63
8244	869
8244	8830
8244	9570
8244	9857
8249	3230
8249	3750
8249	4221
8249	5201
8249	6923
8249	7665
8249	8182
8249	8596
8249	9874
8250	1843
8250	8336
8250	8842
8250	9147
8250	9756
8250	9836
8252	5224
8252	6525
8252	7500
8252	7751
8252	9561
8252	9576
8253	6002
8253	6624
8253	8911
8253	9070
8253	9731
8253	9948
8256	303
8256	608
8256	1592
8256	2570
8256	8057
8256	8182
8256	8441
8256	9088
8256	9863
8257	3483
8257	5824
8257	8078
8257	8358
8257	8368
8257	9165
8257	9983
8259	9742
8262	7094
8262	8562
8262	8629
8262	9605
8262	9811
8268	1201
8268	5657
8268	6163
8268	8896
8268	9163
8268	9403
8268	9874
8274	2891
8274	3244
8274	6919
8274	7405
8274	8842
8277	1656
8277	3657
8277	6482
8277	6986
8277	8530
8277	8685
8292	6877
8292	7239
8292	7748
8292	7882
8292	8578
8292	9317
8299	2510
8299	2984
8299	3851
8299	4329
8299	8336
8299	9830
8299	9955
8300	4098
8300	5547
8300	6128
8300	6958
8300	8177
8300	8613
8300	8685
8300	8943
8300	9137
8305	531
8305	2692
8305	7186
8305	9429
8306	4564
8306	5579
8306	7886
8306	7973
8306	8936
8313	6469
8313	6482
8313	8422
8313	8460
8313	9044
8313	9571
8314	1634
8314	1926
8314	5397
8314	6003
8314	8406
8314	9167
8314	9901
8316	95
8316	2934
8316	3565
8316	4456
8316	5355
8316	5499
8316	5668
8316	6413
8316	6565
8316	6733
8316	7179
8316	8521
8316	9563
8324	5534
8324	6317
8324	6469
8324	6971
8324	7275
8324	8361
8324	9377
8324	9885
8336	4725
8336	5036
8336	6973
8336	8250
8336	8299
8336	9147
8336	9881
8337	128
8337	4221
8337	9160
8337	9557
8339	2601
8339	9036
8339	9626
8339	9937
8346	2067
8346	4146
8346	4510
8346	6767
8346	7987
8346	9088
8346	9147
8348	303
8348	7015
8348	7442
8348	8404
8348	9105
8348	9347
8348	9839
8351	6902
8351	8649
8351	8805
8351	9787
8358	89
8358	3763
8358	7105
8358	7615
8358	8257
8361	118
8361	7105
8361	7644
8361	8075
8361	8324
8361	9346
8361	9377
8361	9885
8365	608
8365	6757
8365	7195
8365	7345
8365	8236
8365	8870
8365	9901
8368	5824
8368	6142
8368	8257
8368	8405
8383	57
8383	4615
8383	8841
8383	8896
8383	9153
8386	1485
8386	2934
8386	4278
8386	5668
8386	5981
8386	6565
8386	7091
8386	7179
8386	8649
8386	8747
8386	9563
8389	695
8389	6982
8389	9959
8389	9990
8389	9997
8392	484
8392	5775
8392	9615
8392	9813
8396	7893
8396	9140
8396	9272
8404	3699
8404	6358
8404	6792
8404	7622
8404	8348
8404	8606
8404	9572
8404	9741
8405	2353
8405	8368
8405	8440
8405	9332
8405	9709
8406	2941
8406	4535
8406	7489
8406	8314
8406	9167
8406	9375
8406	9787
8406	9980
8407	5499
8407	6646
8407	8414
8407	8554
8407	9920
8408	788
8408	5288
8408	6154
8408	8429
8410	28
8410	2078
8410	3351
8410	7105
8410	7186
8410	7834
8410	7998
8410	9317
8411	1282
8411	5081
8411	6772
8411	7088
8411	8059
8411	9540
8414	7141
8414	7352
8414	8407
8414	8554
8416	3714
8416	4353
8416	8647
8416	9536
8416	9995
8420	5563
8420	8959
8420	9572
8422	1650
8422	2875
8422	8313
8422	9514
8422	9733
8422	9912
8422	9958
8424	964
8424	4121
8424	5558
8424	8237
8424	8839
8424	9603
8424	9920
8429	1673
8429	2400
8429	5353
8429	7141
8429	8408
8429	9223
8434	89
8434	1139
8434	7726
8435	275
8435	1929
8435	3100
8435	3322
8435	6610
8435	9031
8435	9446
8435	9740
8436	577
8436	3557
8436	6860
8436	7622
8436	8053
8436	8932
8436	9559
8440	6454
8440	8405
8440	8936
8440	9233
8440	9999
8441	7441
8441	8256
8441	8889
8441	9348
8441	9472
8448	7537
8448	7825
8448	9390
8449	920
8449	1546
8449	2160
8449	8461
8449	8532
8449	8617
8449	9618
8450	1571
8450	4465
8450	6581
8450	8106
8450	9036
8456	2405
8456	7089
8456	8936
8456	9252
8457	3082
8457	5453
8457	7537
8457	7968
8457	8113
8457	9173
8457	9191
8458	576
8458	2053
8458	6887
8458	9307
8460	2248
8460	3017
8460	3280
8460	3670
8460	4164
8460	6482
8460	7524
8460	8313
8460	8520
8460	9044
8460	9514
8461	4232
8461	4458
8461	4676
8461	7618
8461	8449
8461	8946
8463	4363
8463	4930
8463	5894
8463	8027
8463	9667
8463	9715
8463	9776
8463	9829
8463	9909
8481	4262
8481	6515
8481	6659
8481	7658
8481	9698
8481	9999
8493	3519
8493	4262
8493	5525
8493	6692
8493	9890
8501	1592
8501	6844
8501	6952
8501	8907
8508	5695
8508	6322
8508	9365
8508	9595
8508	9946
8510	3421
8510	3578
8510	5944
8510	7921
8510	9693
8514	1722
8514	5831
8514	6528
8514	8057
8514	8214
8514	8755
8514	9173
8514	9727
8516	2571
8516	4871
8516	5622
8516	6644
8517	3284
8517	4498
8517	5624
8517	6926
8517	7870
8517	7894
8517	7973
8517	8104
8517	8829
8517	8902
8517	9975
8520	622
8520	7111
8520	8460
8520	9900
8521	5547
8521	5567
8521	6408
8521	8316
8521	8530
8521	9751
8529	4573
8529	6358
8529	8739
8529	9565
8530	3657
8530	6986
8530	8277
8530	8521
8530	8685
8530	9975
8532	21
8532	3302
8532	6123
8532	6851
8532	7801
8532	8067
8532	8449
8532	9331
8542	7195
8542	7968
8542	9190
8542	9830
8542	9998
8548	1034
8548	4585
8548	5720
8548	6142
8548	9618
8548	9673
8551	2250
8551	7783
8551	8967
8554	6683
8554	7352
8554	8407
8554	8414
8555	3260
8555	4186
8555	4499
8555	7639
8555	7736
8555	7778
8555	8876
8555	9519
8557	1612
8557	2679
8557	7141
8557	8973
8557	9223
8557	9343
8557	9433
8557	9839
8562	7094
8562	7461
8562	7801
8562	8262
8562	9111
8562	9605
8562	9633
8562	9811
8564	4033
8564	7253
8564	8106
8564	9235
8564	9471
8564	9540
8568	929
8568	1076
8568	7117
8568	8839
8568	9275
8568	9356
8571	2231
8571	4356
8571	5240
8571	6359
8571	8106
8571	9441
8571	9489
8578	3911
8578	4596
8578	5509
8578	6877
8578	6973
8578	7748
8578	7882
8578	8292
8578	8872
8578	8948
8578	9625
8587	393
8587	1612
8587	2598
8587	4682
8587	7425
8587	8053
8587	8831
8587	9677
8587	9842
8587	9980
8588	679
8588	5668
8588	5979
8588	8645
8588	9662
8588	9735
8596	621
8596	1798
8596	3230
8596	5201
8596	5719
8596	8237
8596	8249
8596	9515
8604	1868
8604	4963
8604	6851
8604	8069
8604	9397
8604	9684
8604	9909
8606	1128
8606	1658
8606	3699
8606	6792
8606	8404
8613	2093
8613	2105
8613	3431
8613	6319
8613	7992
8613	8300
8613	9219
8613	9584
8613	9605
8617	2418
8617	6100
8617	6581
8617	6821
8617	8105
8617	8449
8617	9304
8617	9618
8620	590
8620	608
8620	3963
8620	6489
8620	6926
8620	7235
8620	9023
8620	9987
8629	106
8629	453
8629	5148
8629	5965
8629	6844
8629	7832
8629	7949
8629	8262
8629	8739
8629	9764
8632	705
8632	5027
8632	5435
8632	7195
8634	1750
8634	6041
8634	7736
8634	8889
8634	9692
8637	577
8637	3605
8637	6767
8637	6996
8637	7100
8637	8837
8637	9708
8637	9709
8637	9717
8637	9815
8639	1743
8639	2618
8639	7526
8639	7892
8639	8040
8639	9063
8639	9745
8641	2265
8641	4098
8641	7461
8641	9390
8642	3395
8642	4139
8642	9629
8642	9764
8642	9961
8645	254
8645	3741
8645	4829
8645	5979
8645	8588
8645	9512
8645	9592
8645	9626
8647	2903
8647	5355
8647	6804
8647	8416
8647	9536
8649	7931
8649	8351
8649	8386
8649	9589
8649	9596
8649	9787
8649	9950
8657	714
8657	2187
8657	7197
8657	7825
8657	7955
8657	9389
8657	9828
8657	9924
8659	4846
8659	8838
8659	9233
8659	9842
8659	9934
8662	1771
8662	3133
8662	6806
8662	6844
8662	6863
8662	9116
8662	9776
8665	8772
8665	8972
8665	9142
8667	1581
8667	6464
8667	7290
8667	9163
8667	9741
8667	9955
8668	424
8668	2943
8668	9031
8668	9535
8668	9733
8669	980
8669	5809
8669	7347
8669	8022
8669	9799
8669	9915
8671	1269
8671	3722
8671	6464
8671	6954
8671	7748
8671	9925
8671	9999
8674	665
8674	1750
8674	6381
8674	6968
8674	7355
8674	9030
8674	9151
8674	9380
8683	2472
8683	3210
8683	5834
8683	7517
8683	7748
8685	1933
8685	6986
8685	8277
8685	8300
8685	8530
8687	3665
8687	4673
8687	6632
8687	7326
8687	7652
8687	7950
8687	9170
8687	9595
8687	9756
8687	9915
8688	1269
8688	6204
8688	7784
8688	9576
8688	9708
8688	9739
8688	9868
8689	1264
8689	6825
8689	7114
8689	8706
8689	9188
8689	9668
8693	245
8693	3012
8693	6326
8693	6448
8693	9708
8693	9709
8693	9777
8693	9863
8701	1203
8701	1860
8701	3100
8701	6767
8701	7486
8701	7523
8701	9348
8701	9397
8706	2029
8706	3267
8706	8689
8706	8948
8712	143
8712	2906
8712	5282
8712	6317
8712	6784
8712	7517
8712	7846
8712	9114
8722	1362
8722	2274
8722	6624
8722	6641
8722	7247
8722	7921
8722	8001
8722	9239
8722	9764
8723	2643
8723	7265
8723	8965
8723	9726
8723	9915
8723	9948
8723	9964
8733	3237
8733	5544
8733	6423
8733	9137
8733	9659
8733	9730
8739	4957
8739	8529
8739	8629
8739	8828
8739	9194
8739	9565
8739	9931
8743	1704
8743	5657
8743	6558
8743	6898
8743	7494
8743	9332
8743	9481
8743	9884
8746	2913
8746	6311
8746	9689
8746	9810
8746	9964
8747	3557
8747	4333
8747	4468
8747	6075
8747	7266
8747	7622
8747	8386
8747	8932
8747	9589
8747	9733
8752	3052
8752	5894
8752	6017
8752	8907
8752	9842
8752	9957
8755	5329
8755	6528
8755	8514
8755	9173
8755	9999
8757	2373
8757	8896
8757	9039
8757	9457
8757	9505
8757	9767
8757	9980
8757	9989
8758	1597
8758	2703
8758	6448
8758	6920
8758	8026
8758	9693
8766	590
8766	7413
8766	8920
8766	9733
8772	409
8772	1438
8772	1596
8772	6112
8772	6732
8772	8665
8772	9890
8790	1239
8790	2751
8790	3964
8790	6106
8790	6150
8790	6154
8799	4320
8799	4595
8799	4915
8805	1108
8805	1899
8805	8351
8805	8932
8805	9767
8824	3944
8824	7086
8824	8855
8824	9389
8824	9810
8828	1236
8828	3069
8828	8739
8828	8880
8828	9219
8828	9363
8829	1126
8829	4277
8829	6773
8829	6926
8829	7894
8829	8517
8829	8902
8829	9170
8829	9444
8829	9673
8829	9815
8829	9975
8830	2703
8830	4211
8830	5188
8830	8244
8830	9570
8830	9913
8831	2085
8831	2598
8831	5461
8831	6657
8831	7755
8831	8053
8831	8587
8831	9842
8831	9885
8835	1389
8835	6923
8835	9060
8837	7469
8837	8637
8837	8936
8837	9188
8837	9730
8837	9801
8838	2567
8838	7891
8838	8659
8838	9498
8838	9995
8839	699
8839	2079
8839	4738
8839	5695
8839	6448
8839	7344
8839	8424
8839	8568
8839	9275
8839	9343
8841	3524
8841	4128
8841	6181
8841	8383
8841	9602
8841	9807
8841	9828
8841	9843
8841	9931
8841	9995
8842	1070
8842	1592
8842	2486
8842	4920
8842	6786
8842	7405
8842	7489
8842	8239
8842	8250
8842	8274
8842	8973
8842	9787
8850	2102
8850	2599
8850	6076
8850	6964
8850	9366
8850	9489
8850	9595
8855	6089
8855	7517
8855	8824
8855	9764
8860	3793
8860	4435
8860	6142
8860	7168
8866	5535
8866	6374
8866	6423
8866	6888
8866	7825
8866	9377
8870	133
8870	1076
8870	5547
8870	7405
8870	8365
8870	8925
8870	8934
8870	9167
8872	3945
8872	5382
8872	7194
8872	8578
8872	9114
8872	9489
8872	9590
8872	9718
8872	9763
8876	2979
8876	6324
8876	6492
8876	8555
8876	9863
8880	1765
8880	5018
8880	8828
8880	9872
8881	2173
8881	5973
8881	8989
8889	2093
8889	2649
8889	8002
8889	8075
8889	8441
8889	8634
8889	9806
8892	2160
8892	2339
8892	3802
8892	4466
8892	5883
8892	6600
8892	6726
8892	9095
8896	1136
8896	2373
8896	6188
8896	7800
8896	7998
8896	8268
8896	8383
8896	8757
8896	9457
8896	9727
8896	9767
8896	9828
8896	9980
8896	9989
8898	7225
8898	7893
8898	9140
8898	9272
8898	9667
8898	9810
8898	9811
8899	3342
8899	4411
8899	4461
8899	8208
8899	8957
8899	9718
8899	9892
8901	2073
8901	4356
8901	5077
8901	6732
8901	7493
8901	7916
8901	8062
8902	4277
8902	4451
8902	7894
8902	8517
8902	8829
8902	8934
8902	9444
8902	9959
8902	9975
8904	275
8904	2878
8904	7869
8904	9761
8905	1805
8905	4398
8905	6474
8905	6725
8905	7870
8905	9989
8907	4725
8907	6017
8907	6306
8907	8501
8907	8752
8909	1981
8909	3438
8909	7255
8909	7851
8909	8910
8909	9048
8909	9167
8909	9722
8909	9840
8909	9958
8909	9967
8910	1981
8910	2678
8910	3438
8910	5201
8910	7255
8910	8909
8910	9031
8910	9048
8910	9587
8910	9764
8910	9813
8911	2561
8911	4694
8911	5712
8911	7525
8911	7869
8911	8253
8911	9070
8911	9731
8914	559
8914	6620
8914	7247
8914	7916
8920	1577
8920	3237
8920	7284
8920	8766
8920	9418
8920	9439
8925	723
8925	5710
8925	6565
8925	7197
8925	7225
8925	8062
8925	8870
8925	9030
8925	9223
8926	451
8926	5633
8926	6884
8926	7846
8926	8137
8926	9709
8926	9802
8927	5006
8927	6174
8927	9176
8927	9519
8927	9547
8927	9604
8927	9889
8932	6075
8932	7600
8932	8436
8932	8747
8932	8805
8932	9559
8932	9885
8932	9950
8934	95
8934	1231
8934	1269
8934	2440
8934	6530
8934	8870
8934	8902
8934	9802
8936	2910
8936	4107
8936	5282
8936	7469
8936	8306
8936	8440
8936	8456
8936	8837
8937	2600
8937	7089
8937	8943
8937	9068
8943	1145
8943	5509
8943	8300
8943	8937
8943	9445
8943	9946
8943	9975
8946	416
8946	4507
8946	4676
8946	7618
8946	8461
8946	9023
8946	9810
8948	4273
8948	4621
8948	7937
8948	8188
8948	8578
8948	8706
8948	9445
8948	9687
8957	4738
8957	6772
8957	7746
8957	7748
8957	8208
8957	8899
8957	9718
8959	3524
8959	4512
8959	5563
8959	8420
8959	9164
8959	9288
8959	9957
8965	3569
8965	5821
8965	6624
8965	7105
8965	7161
8965	8723
8965	9152
8965	9998
8967	6075
8967	6128
8967	8551
8967	9592
8967	9872
8972	3269
8972	8665
8972	9828
8973	5018
8973	8557
8973	8842
8973	9331
8973	9433
8979	1108
8979	4139
8979	4367
8979	4553
8979	6977
8979	7708
8979	9640
8981	7830
8981	7892
8981	8215
8982	282
8982	4699
8982	6264
8982	9505
8982	9728
8982	9961
8987	9575
8989	1584
8989	2890
8989	4437
8989	7134
8989	7355
8989	8881
8989	9423
8993	1751
8993	4628
8993	5534
8993	6082
8993	6919
8993	7748
8993	7875
8993	9347
8993	9535
8993	9578
8993	9890
9001	384
9001	2849
9001	4601
9001	4796
9001	6171
9001	7998
9001	9063
9001	9552
9004	4014
9006	2391
9006	2910
9006	5535
9006	7194
9006	7595
9006	9252
9006	9503
9023	1322
9023	7800
9023	8620
9023	8946
9023	9151
9023	9558
9023	9987
9025	3682
9025	5503
9025	6757
9025	6820
9025	8236
9025	9204
9025	9901
9030	5207
9030	5591
9030	5710
9030	7938
9030	8674
9030	8925
9030	9961
9030	9992
9031	246
9031	3909
9031	5654
9031	7248
9031	7919
9031	8435
9031	8668
9031	8910
9036	2598
9036	6338
9036	8339
9036	8450
9036	9396
9036	9587
9036	9810
9036	9900
9039	5689
9039	6188
9039	6372
9039	8757
9039	9044
9039	9397
9039	9457
9039	9571
9039	9763
9039	9767
9039	9980
9039	9989
9040	259
9040	3302
9040	6123
9040	7122
9040	7801
9040	9331
9040	9674
9044	3112
9044	3573
9044	6017
9044	6866
9044	8313
9044	8460
9044	9039
9044	9514
9044	9733
9048	3619
9048	6928
9048	7255
9048	7832
9048	8909
9048	8910
9048	9151
9050	1028
9050	2071
9050	4538
9050	8057
9050	9460
9050	9649
9050	9698
9050	9751
9052	1264
9052	2849
9052	6390
9052	7998
9052	9063
9052	9552
9054	202
9054	2167
9054	3395
9054	3459
9054	5889
9054	6214
9054	9117
9054	9816
9054	9891
9055	26
9055	39
9055	2394
9055	5016
9055	9144
9055	9868
9055	9890
9060	2013
9060	2080
9060	7063
9060	7556
9060	8077
9060	8835
9060	9629
9063	3524
9063	3763
9063	6171
9063	7257
9063	7937
9063	8639
9063	9001
9063	9052
9063	9552
9063	9937
9066	870
9066	4121
9066	4329
9066	9117
9066	9375
9066	9498
9068	1091
9068	1142
9068	5433
9068	6958
9068	7545
9068	7931
9068	8937
9068	9396
9068	9481
9070	484
9070	2459
9070	5040
9070	5240
9070	6002
9070	6718
9070	7525
9070	7869
9070	8253
9070	8911
9070	9873
9070	9948
9070	9987
9076	2559
9076	3133
9076	6844
9076	8169
9076	9116
9076	9597
9082	963
9082	6109
9082	6977
9082	7702
9082	9275
9082	9433
9082	9608
9082	9695
9082	9699
9082	9718
9082	9761
9085	2078
9085	2864
9085	3832
9085	9116
9088	4338
9088	4930
9088	6326
9088	8256
9088	8346
9088	9828
9088	9913
9093	3575
9093	4595
9093	6871
9093	7112
9093	9767
9093	9874
9095	814
9095	4906
9095	6912
9095	8892
9095	9390
9095	9589
9095	9893
9095	9901
9096	6692
9096	7931
9096	7949
9096	9423
9105	4224
9105	5256
9105	6966
9105	7949
9105	7992
9105	8348
9105	9505
9105	9540
9105	9606
9105	9733
9110	1161
9110	6234
9110	6306
9110	6366
9110	6485
9110	6558
9110	9163
9110	9380
9110	9503
9110	9554
9110	9678
9110	9764
9110	9802
9111	7105
9111	8214
9111	8562
9111	9144
9111	9839
9114	2921
9114	4305
9114	5382
9114	6379
9114	7726
9114	8712
9114	8872
9114	9763
9116	3133
9116	3714
9116	6806
9116	6844
9116	6909
9116	8169
9116	8662
9116	9076
9116	9085
9116	9314
9116	9521
9116	9626
9116	9938
9117	1981
9117	3395
9117	3509
9117	4683
9117	5396
9117	9054
9117	9066
9117	9152
9117	9891
9137	3237
9137	7797
9137	8300
9137	8733
9137	9588
9137	9659
9140	5615
9140	6324
9140	7893
9140	8137
9140	8396
9140	8898
9140	9380
9140	9469
9140	9667
9142	2603
9142	8158
9142	8665
9142	9252
9143	3415
9143	3480
9143	4216
9143	4325
9143	5998
9143	6510
9143	6820
9143	7096
9143	8063
9143	8081
9143	9515
9143	9576
9143	9995
9144	2447
9144	3040
9144	6374
9144	8040
9144	9055
9144	9111
9144	9472
9147	554
9147	3297
9147	4481
9147	5036
9147	6104
9147	8239
9147	8250
9147	8336
9147	8346
9147	9565
9147	9603
9147	9756
9148	2013
9148	5540
9148	5633
9148	6188
9148	6620
9148	6986
9148	7600
9148	9381
9150	1555
9150	2023
9150	8067
9150	9588
9150	9807
9150	9920
9151	2353
9151	2697
9151	3269
9151	5622
9151	6082
9151	7318
9151	8674
9151	9023
9151	9048
9151	9342
9152	8965
9152	9117
9152	9807
9153	554
9153	3920
9153	6814
9153	6863
9153	6877
9153	7514
9153	8383
9153	9983
9154	1295
9154	1959
9154	5105
9154	5955
9154	6040
9154	9469
9158	6190
9158	6796
9158	7173
9158	9221
9160	553
9160	2903
9160	3002
9160	3832
9160	5440
9160	5813
9160	6648
9160	6998
9160	7595
9160	7725
9160	7772
9160	7915
9160	7997
9160	8337
9160	9597
9160	9608
9163	560
9163	1136
9163	3205
9163	5615
9163	6163
9163	8077
9163	8204
9163	8268
9163	8667
9163	9110
9163	9265
9163	9755
9163	9816
9163	9874
9164	2781
9164	6887
9164	6904
9164	8002
9164	8959
9164	9439
9164	9521
9164	9843
9164	9992
9165	548
9165	2829
9165	3499
9165	3512
9165	4336
9165	4741
9165	6423
9165	8078
9165	8158
9165	8257
9165	9589
9165	9756
9165	9902
9167	2373
9167	6786
9167	6971
9167	8027
9167	8314
9167	8406
9167	8870
9167	8909
9167	9375
9167	9677
9170	3037
9170	3521
9170	5359
9170	5606
9170	6100
9170	7001
9170	8687
9170	8829
9170	9722
9173	3971
9173	5831
9173	6528
9173	8457
9173	8514
9173	8755
9173	9740
9176	399
9176	1568
9176	4249
9176	8927
9176	9234
9176	9547
9176	9889
9188	3955
9188	6017
9188	7442
9188	8689
9188	8837
9188	9304
9188	9471
9188	9557
9188	9668
9190	4846
9190	5609
9190	5689
9190	5875
9190	6337
9190	6962
9190	8542
9190	9676
9190	9816
9190	9840
9190	9950
9191	4747
9191	6040
9191	7255
9191	7537
9191	8113
9191	8457
9191	9975
9194	8033
9194	8739
9194	9565
9199	3001
9199	7999
9199	8242
9199	9590
9199	9699
9204	683
9204	1480
9204	3213
9204	5973
9204	6359
9204	7516
9204	9025
9204	9596
9204	9678
9205	942
9205	4112
9205	5881
9205	7279
9205	8009
9205	9603
9205	9980
9219	2154
9219	5884
9219	6804
9219	8188
9219	8613
9219	8828
9219	9460
9220	2000
9220	2144
9220	4164
9220	4718
9220	6340
9220	7173
9220	9801
9220	9999
9221	1887
9221	6786
9221	7507
9221	9158
9221	9730
9221	9946
9223	5018
9223	5284
9223	5587
9223	6379
9223	7141
9223	8429
9223	8557
9223	8925
9223	9751
9233	6805
9233	7194
9233	7415
9233	8440
9233	8659
9233	9590
9234	1934
9234	5491
9234	9176
9234	9892
9234	9967
9235	3260
9235	3945
9235	4033
9235	5327
9235	6126
9235	6150
9235	7247
9235	7253
9235	8564
9235	9313
9235	9471
9235	9540
9235	9659
9235	9881
9239	2274
9239	5010
9239	5188
9239	6624
9239	6641
9239	7921
9239	8722
9239	9902
9239	9992
9241	7010
9241	7111
9241	7186
9241	9429
9252	2697
9252	3927
9252	4436
9252	5081
9252	7018
9252	8456
9252	9006
9252	9142
9252	9368
9252	9397
9252	9826
9252	9873
9265	2394
9265	6590
9265	6945
9265	7393
9265	9163
9265	9304
9265	9403
9265	9874
9272	1771
9272	2085
9272	2431
9272	2486
9272	4353
9272	5398
9272	5587
9272	8137
9272	8396
9272	8898
9272	9659
9272	9667
9275	929
9275	2079
9275	7117
9275	8568
9275	8839
9275	9082
9275	9356
9275	9515
9275	9836
9275	9920
9275	9995
9288	1064
9288	1179
9288	4411
9288	5006
9288	8959
9288	9390
9288	9503
9288	9563
9298	1933
9298	3772
9298	5409
9298	6792
9298	7290
9298	9733
9304	2053
9304	3955
9304	6481
9304	6825
9304	7114
9304	8617
9304	9188
9304	9265
9304	9662
9304	9668
9307	2154
9307	2491
9307	3661
9307	3822
9307	6324
9307	8458
9311	161
9311	2720
9311	4058
9311	8111
9311	9687
9313	370
9313	4466
9313	4853
9313	5519
9313	5883
9313	6044
9313	6726
9313	9235
9313	9756
9314	4632
9314	6337
9314	6610
9314	9116
9314	9505
9314	9536
9314	9606
9314	9913
9317	1379
9317	2485
9317	2913
9317	6620
9317	8081
9317	8177
9317	8292
9317	8410
9317	9505
9317	9540
9317	9683
9317	9885
9331	2868
9331	5170
9331	5979
9331	6123
9331	7225
9331	7801
9331	8002
9331	8532
9331	8973
9331	9040
9331	9909
9332	259
9332	4807
9332	6806
9332	8405
9332	8743
9332	9497
9332	9891
9334	3470
9334	6423
9334	6900
9334	9777
9342	2353
9342	2697
9342	5429
9342	5622
9342	6082
9342	9151
9342	9397
9342	9807
9343	2073
9343	4491
9343	7783
9343	8557
9343	8839
9343	9690
9346	4267
9346	5326
9346	5720
9346	5888
9346	6331
9346	6338
9346	7161
9346	7425
9346	7810
9346	7955
9346	8361
9347	726
9347	1604
9347	8348
9347	8993
9347	9535
9347	9578
9347	9801
9347	9890
9348	2890
9348	4398
9348	4862
9348	5337
9348	7644
9348	8441
9348	8701
9348	9472
9348	9668
9349	6586
9349	7469
9349	9571
9349	9755
9349	9957
9356	314
9356	424
9356	699
9356	2079
9356	4738
9356	6928
9356	7117
9356	8011
9356	8111
9356	8568
9356	9275
9356	9460
9356	9514
9363	4959
9363	5022
9363	5687
9363	7524
9363	8828
9363	9575
9363	9967
9365	5695
9365	6322
9365	7326
9365	7950
9365	8508
9365	9595
9365	9777
9366	4391
9366	4673
9366	6802
9366	7524
9366	7778
9366	8850
9366	9467
9366	9489
9366	9891
9368	2178
9368	2459
9368	3083
9368	4110
9368	4391
9368	5013
9368	9252
9368	9606
9369	612
9369	3977
9369	5462
9369	5830
9369	5959
9369	6237
9369	7516
9369	7728
9369	9443
9369	9863
9375	1863
9375	2941
9375	6174
9375	8406
9375	9066
9375	9167
9375	9558
9375	9625
9375	9762
9375	9810
9377	118
9377	4796
9377	6469
9377	7545
9377	8075
9377	8324
9377	8361
9377	8866
9377	9843
9377	9885
9377	9938
9380	6966
9380	7639
9380	8674
9380	9110
9380	9140
9380	9764
9380	9802
9380	9948
9380	9967
9381	682
9381	2053
9381	4105
9381	5540
9381	5633
9381	7457
9381	7469
9381	7600
9381	9148
9381	9623
9381	9937
9389	370
9389	5398
9389	5998
9389	6845
9389	7091
9389	8218
9389	8657
9389	8824
9389	9578
9390	2067
9390	3213
9390	4098
9390	5288
9390	5798
9390	7413
9390	8448
9390	8641
9390	9095
9390	9288
9390	9396
9396	3342
9396	3753
9396	4697
9396	5574
9396	7665
9396	9036
9396	9068
9396	9390
9396	9540
9396	9679
9396	9828
9397	572
9397	4052
9397	5961
9397	6851
9397	7088
9397	7269
9397	8069
9397	8604
9397	8701
9397	9039
9397	9252
9397	9342
9397	9684
9399	1115
9399	2286
9399	4275
9399	4725
9399	7533
9399	7658
9399	8057
9399	9445
9399	9946
9403	19
9403	560
9403	4456
9403	6590
9403	7114
9403	8077
9403	8268
9403	9265
9403	9533
9403	9755
9403	9874
9418	2472
9418	6248
9418	6765
9418	7297
9418	7441
9418	7759
9418	8920
9420	559
9420	1598
9420	1765
9420	2750
9420	3661
9420	3710
9420	7225
9420	9610
9420	9983
9423	26
9423	2820
9423	3378
9423	3927
9423	5512
9423	8989
9423	9096
9423	9959
9429	1815
9429	2692
9429	4334
9429	5393
9429	8305
9429	9241
9429	9623
9433	5018
9433	5587
9433	7141
9433	8557
9433	8973
9433	9082
9439	2750
9439	3456
9439	5609
9439	6677
9439	7835
9439	7892
9439	7944
9439	8920
9439	9164
9439	9998
9441	2231
9441	3787
9441	4356
9441	5110
9441	6825
9441	8571
9441	9693
9443	73
9443	5462
9443	5830
9443	6237
9443	7516
9443	9369
9443	9471
9443	9673
9443	9674
9443	9863
9443	9990
9444	317
9444	2601
9444	3284
9444	4654
9444	5624
9444	6322
9444	6926
9444	7894
9444	8829
9444	8902
9444	9469
9444	9515
9444	9975
9445	4711
9445	4725
9445	4835
9445	8111
9445	8943
9445	8948
9445	9399
9445	9946
9446	1929
9446	2592
9446	3100
9446	3322
9446	3552
9446	3838
9446	6104
9446	6610
9446	6977
9446	7285
9446	7762
9446	8435
9446	9679
9446	9937
9457	577
9457	682
9457	1959
9457	2954
9457	6188
9457	6372
9457	8757
9457	8896
9457	9039
9457	9615
9457	9767
9457	9980
9457	9989
9460	3920
9460	4277
9460	8011
9460	9050
9460	9219
9460	9356
9460	9552
9460	9692
9460	9763
9460	9892
9467	2330
9467	3166
9467	3633
9467	5407
9467	5894
9467	6331
9467	6680
9467	9366
9467	9611
9467	9715
9469	1616
9469	4007
9469	5574
9469	7615
9469	9140
9469	9154
9469	9444
9469	9712
9471	4267
9471	5327
9471	5831
9471	6150
9471	6567
9471	6952
9471	7469
9471	7564
9471	8564
9471	9188
9471	9235
9471	9443
9471	9881
9471	9893
9472	1164
9472	4273
9472	4398
9472	4465
9472	5337
9472	7644
9472	8441
9472	9144
9472	9348
9481	3943
9481	5462
9481	6805
9481	7643
9481	7762
9481	8743
9481	9068
9481	9857
9489	4323
9489	6802
9489	7778
9489	8571
9489	8850
9489	8872
9489	9366
9497	259
9497	4807
9497	5362
9497	5874
9497	6160
9497	8042
9497	9332
9498	6820
9498	6926
9498	7900
9498	7938
9498	8838
9498	9066
9498	9802
9503	2910
9503	3512
9503	5535
9503	6432
9503	9006
9503	9110
9503	9288
9503	9909
9505	612
9505	2080
9505	2892
9505	5621
9505	7324
9505	8177
9505	8757
9505	8982
9505	9105
9505	9314
9505	9317
9505	9990
9512	245
9512	8645
9512	9576
9514	1337
9514	1860
9514	3017
9514	3280
9514	6482
9514	6866
9514	7524
9514	8422
9514	8460
9514	9044
9514	9356
9514	9733
9514	9813
9515	3269
9515	5017
9515	7178
9515	8009
9515	8596
9515	9143
9515	9275
9515	9444
9517	1465
9517	1572
9517	1598
9517	1862
9517	2865
9517	5423
9517	9565
9517	9699
9519	2817
9519	2913
9519	4147
9519	7234
9519	7997
9519	8555
9519	8927
9519	9632
9519	9706
9519	9738
9519	9776
9519	9953
9521	2253
9521	4711
9521	6366
9521	6802
9521	7755
9521	9116
9521	9164
9521	9931
9533	3397
9533	4203
9533	4741
9533	6265
9533	7810
9533	9403
9533	9712
9533	9756
9533	9955
9535	5907
9535	6372
9535	7168
9535	7919
9535	8668
9535	8993
9535	9347
9535	9578
9535	9801
9535	9890
9536	1160
9536	2643
9536	8416
9536	8647
9536	9314
9540	57
9540	601
9540	4267
9540	5015
9540	7253
9540	8411
9540	8564
9540	9105
9540	9235
9540	9317
9540	9396
9540	9881
9540	9889
9547	399
9547	5397
9547	6174
9547	7507
9547	8927
9547	9176
9547	9777
9547	9798
9547	9889
9552	1225
9552	2649
9552	6171
9552	9001
9552	9052
9552	9063
9552	9460
9552	9596
9552	9893
9554	375
9554	5491
9554	5970
9554	6044
9554	7639
9554	9110
9554	9678
9554	9764
9557	2274
9557	5409
9557	6326
9557	6648
9557	6825
9557	8337
9557	9188
9557	9799
9558	106
9558	2986
9558	4498
9558	4686
9558	5530
9558	6489
9558	7800
9558	9023
9558	9375
9558	9857
9558	9987
9558	9992
9559	3145
9559	4481
9559	6075
9559	7622
9559	8212
9559	8436
9559	8932
9559	9739
9559	9950
9561	7701
9561	8252
9561	9810
9561	9891
9563	1805
9563	2934
9563	2954
9563	3565
9563	3576
9563	4456
9563	4733
9563	5499
9563	5668
9563	5981
9563	5991
9563	6565
9563	7091
9563	7179
9563	7500
9563	8316
9563	8386
9563	9288
9563	9678
9563	9857
9565	3552
9565	6624
9565	6909
9565	8236
9565	8529
9565	8739
9565	9147
9565	9194
9565	9517
9570	869
9570	2516
9570	3012
9570	5188
9570	7253
9570	8244
9570	8830
9570	9959
9571	2875
9571	3675
9571	5966
9571	7999
9571	8313
9571	9039
9571	9349
9572	2515
9572	3480
9572	3481
9572	6073
9572	6884
9572	7746
9572	7999
9572	8404
9572	8420
9572	9902
9572	9999
9575	4041
9575	4416
9575	4498
9575	8987
9575	9363
9575	9597
9575	9629
9576	2775
9576	5224
9576	5636
9576	7751
9576	8252
9576	8688
9576	9143
9576	9512
9578	1751
9578	6264
9578	8215
9578	8993
9578	9347
9578	9389
9578	9535
9578	9623
9578	9801
9578	9890
9584	133
9584	3715
9584	6302
9584	6596
9584	8613
9584	9839
9584	9951
9584	9961
9587	2946
9587	3605
9587	4729
9587	5526
9587	6532
9587	7352
9587	8910
9587	9036
9587	9626
9587	9751
9587	9826
9588	1088
9588	1587
9588	4077
9588	7253
9588	7869
9588	9137
9588	9150
9588	9679
9588	9828
9588	9928
9589	814
9589	2563
9589	3050
9589	6912
9589	8649
9589	8747
9589	9095
9589	9165
9589	9610
9589	9893
9590	2173
9590	3001
9590	4915
9590	5424
9590	7999
9590	8872
9590	9199
9590	9233
9592	254
9592	2603
9592	3260
9592	3920
9592	4725
9592	7556
9592	7721
9592	7746
9592	8645
9592	8967
9592	9722
9592	9735
9592	9830
9593	11
9593	959
9593	2758
9593	5161
9593	6964
9593	7116
9593	9714
9593	9842
9593	9951
9595	1518
9595	1598
9595	4673
9595	7652
9595	7950
9595	8508
9595	8687
9595	8850
9595	9365
9595	9695
9596	2643
9596	5161
9596	5587
9596	6359
9596	7968
9596	8649
9596	9204
9596	9552
9596	9633
9596	9726
9596	9811
9597	3121
9597	4042
9597	6785
9597	7390
9597	9076
9597	9160
9597	9575
9597	9953
9602	1136
9602	1673
9602	4405
9602	7891
9602	8841
9602	9843
9602	9946
9602	9995
9603	357
9603	424
9603	3339
9603	4601
9603	6265
9603	8424
9603	9147
9603	9205
9603	9868
9603	9982
9604	19
9604	3821
9604	4557
9604	5713
9604	6876
9604	8927
9604	9889
9605	7094
9605	8262
9605	8562
9605	8613
9605	9662
9605	9811
9605	9992
9606	1465
9606	1805
9606	2026
9606	4110
9606	4505
9606	4953
9606	5013
9606	9105
9606	9314
9606	9368
9606	9946
9608	1078
9608	1811
9608	5657
9608	5959
9608	6359
9608	6684
9608	7465
9608	7493
9608	9082
9608	9160
9608	9726
9610	894
9610	920
9610	1598
9610	3519
9610	4224
9610	6765
9610	6912
9610	9420
9610	9589
9610	9801
9610	9983
9611	429
9611	781
9611	3509
9611	5574
9611	6109
9611	6340
9611	8057
9611	9467
9611	9925
9615	932
9615	1006
9615	3882
9615	5800
9615	6926
9615	7161
9615	8392
9615	9457
9615	9755
9615	9982
9618	626
9618	1546
9618	2160
9618	2418
9618	2433
9618	3181
9618	3945
9618	6100
9618	8105
9618	8449
9618	8548
9618	8617
9618	9983
9623	238
9623	3711
9623	5528
9623	5683
9623	7179
9623	9381
9623	9429
9623	9578
9623	9946
9623	9997
9625	1242
9625	1916
9625	2878
9625	4617
9625	4642
9625	5288
9625	6142
9625	6234
9625	6378
9625	7473
9625	7772
9625	7931
9625	8578
9625	9375
9626	3870
9626	4101
9626	5587
9626	6773
9626	8339
9626	8645
9626	9116
9626	9587
9629	2934
9629	3233
9629	4041
9629	4098
9629	4270
9629	5512
9629	7931
9629	8642
9629	9060
9629	9575
9632	2172
9632	3415
9632	3631
9632	8182
9632	9519
9632	9776
9632	9830
9632	9892
9632	9893
9633	3174
9633	6390
9633	7916
9633	8562
9633	9596
9633	9726
9633	9728
9640	78
9640	4139
9640	4367
9640	6181
9640	6966
9640	7088
9640	7708
9640	8979
9645	1194
9645	3233
9645	3979
9645	4257
9645	4793
9645	5353
9645	6001
9645	6044
9645	6860
9645	6974
9645	7269
9645	7870
9649	1028
9649	8027
9649	9050
9649	9738
9649	9761
9658	2373
9658	6571
9658	7194
9658	7441
9658	8170
9658	9762
9658	9829
9659	2971
9659	5544
9659	7132
9659	7797
9659	8733
9659	9137
9659	9235
9659	9272
9659	9739
9659	9764
9659	9997
9662	3260
9662	5081
9662	5088
9662	5979
9662	8588
9662	9304
9662	9605
9662	9735
9662	9892
9665	2615
9665	2934
9665	3210
9665	4953
9665	5591
9665	5607
9665	6654
9665	9747
9665	9938
9667	2085
9667	2285
9667	2957
9667	3690
9667	7863
9667	8137
9667	8463
9667	8898
9667	9140
9667	9272
9668	1264
9668	3193
9668	7114
9668	8689
9668	9188
9668	9304
9668	9348
9668	9989
9673	5509
9673	6974
9673	7235
9673	8548
9673	8829
9673	9443
9674	49
9674	1801
9674	2884
9674	3244
9674	6525
9674	6725
9674	7132
9674	9040
9674	9443
9676	1862
9676	2672
9676	3824
9676	5071
9676	5609
9676	6765
9676	6962
9676	9190
9676	9816
9677	1545
9677	2435
9677	7480
9677	7489
9677	8587
9677	9167
9678	4010
9678	7639
9678	8026
9678	9110
9678	9204
9678	9554
9678	9563
9678	9802
9678	9891
9678	9967
9679	1587
9679	5403
9679	7751
9679	9396
9679	9446
9679	9588
9679	9690
9679	9828
9680	2440
9680	6024
9680	7352
9680	9934
9683	3836
9683	4603
9683	5843
9683	6084
9683	7290
9683	7778
9683	8078
9683	9317
9684	622
9684	1868
9684	2399
9684	3565
9684	3569
9684	4963
9684	5609
9684	5760
9684	6160
9684	6851
9684	8069
9684	8604
9684	9397
9684	9873
9684	9909
9687	2116
9687	6864
9687	6877
9687	8948
9687	9311
9687	9777
9689	6154
9689	6792
9689	8182
9689	8746
9689	9810
9690	2829
9690	3090
9690	4186
9690	4338
9690	5022
9690	7344
9690	9343
9690	9679
9690	9842
9692	1164
9692	7736
9692	8208
9692	8634
9692	9460
9692	9722
9692	9739
9692	9816
9693	3205
9693	7248
9693	8033
9693	8510
9693	8758
9693	9441
9693	9857
9695	715
9695	1014
9695	3246
9695	5607
9695	7702
9695	9082
9695	9595
9695	9761
9695	9957
9698	814
9698	2085
9698	3166
9698	4262
9698	4535
9698	4694
9698	5360
9698	5528
9698	6515
9698	6659
9698	6954
9698	7658
9698	7697
9698	8481
9698	9050
9698	9811
9699	95
9699	1572
9699	3077
9699	5499
9699	6264
9699	9082
9699	9199
9699	9517
9699	9717
9699	9755
9706	2598
9706	5433
9706	7441
9706	7753
9706	8212
9706	9519
9706	9722
9706	9730
9708	3447
9708	3605
9708	4654
9708	5961
9708	6996
9708	7100
9708	7825
9708	8160
9708	8637
9708	8688
9708	8693
9708	9717
9708	9815
9708	9995
9709	932
9709	4077
9709	4105
9709	5889
9709	7132
9709	8405
9709	8637
9709	8693
9709	8926
9712	1064
9712	4203
9712	4741
9712	7265
9712	7494
9712	9469
9712	9533
9712	9730
9714	582
9714	3046
9714	3447
9714	3775
9714	5389
9714	6331
9714	7116
9714	9593
9714	9948
9715	1126
9715	2023
9715	3325
9715	4147
9715	5353
9715	5407
9715	5894
9715	6413
9715	8463
9715	9467
9717	1441
9717	1598
9717	2231
9717	2353
9717	3605
9717	6996
9717	7100
9717	7618
9717	8637
9717	9699
9717	9708
9717	9815
9718	317
9718	849
9718	3342
9718	3927
9718	4654
9718	5077
9718	7543
9718	8208
9718	8872
9718	8899
9718	8957
9718	9082
9718	9740
9722	4112
9722	7001
9722	8909
9722	9170
9722	9592
9722	9692
9722	9706
9723	2102
9723	2864
9723	2962
9723	3627
9723	4128
9723	7859
9723	9983
9726	166
9726	357
9726	2173
9726	3675
9726	5777
9726	7239
9726	7916
9726	7968
9726	8723
9726	9596
9726	9608
9726	9633
9727	2363
9727	3665
9727	5259
9727	8514
9727	8896
9727	9884
9727	9924
9728	282
9728	1099
9728	1206
9728	4649
9728	8982
9728	9633
9728	9764
9728	9961
9730	1337
9730	2216
9730	4330
9730	4853
9730	7639
9730	8733
9730	8837
9730	9221
9730	9706
9730	9712
9731	484
9731	986
9731	2561
9731	6464
9731	6718
9731	7525
9731	7759
9731	7869
9731	8253
9731	8911
9731	9787
9731	9948
9733	1239
9733	1337
9733	2248
9733	3280
9733	4649
9733	6482
9733	8422
9733	8668
9733	8747
9733	8766
9733	9044
9733	9105
9733	9298
9733	9514
9733	9764
9733	9902
9735	1682
9735	5520
9735	5544
9735	5979
9735	7297
9735	7908
9735	8588
9735	9592
9735	9662
9735	9874
9738	2820
9738	3650
9738	6214
9738	7234
9738	9519
9738	9649
9738	9741
9738	9776
9738	9798
9738	9950
9739	1555
9739	2254
9739	3197
9739	3333
9739	5687
9739	8688
9739	9559
9739	9659
9739	9692
9739	9982
9740	76
9740	3725
9740	4400
9740	5494
9740	8435
9740	9173
9740	9718
9741	238
9741	3231
9741	3765
9741	4481
9741	4868
9741	6966
9741	7253
9741	8404
9741	8667
9741	9738
9741	9751
9742	1517
9742	2079
9742	2861
9742	3260
9742	3459
9742	4298
9742	4783
9742	5174
9742	5775
9742	8111
9742	8259
9745	471
9745	2660
9745	4058
9745	5061
9745	6003
9745	7526
9745	8639
9745	9799
9745	9967
9747	1518
9747	2194
9747	3030
9747	3210
9747	5453
9747	5607
9747	6654
9747	6825
9747	7178
9747	7875
9747	9665
9747	9938
9751	1179
9751	2668
9751	3086
9751	4868
9751	5695
9751	6660
9751	7916
9751	8521
9751	9050
9751	9223
9751	9587
9751	9741
9751	9830
9751	9983
9755	2394
9755	2487
9755	3197
9755	4683
9755	6590
9755	6934
9755	8077
9755	8170
9755	9163
9755	9349
9755	9403
9755	9615
9755	9699
9755	9874
9756	554
9756	1843
9756	3944
9756	5477
9756	6934
9756	8239
9756	8250
9756	8687
9756	9147
9756	9165
9756	9313
9756	9533
9761	715
9761	1134
9761	1160
9761	3062
9761	3095
9761	3246
9761	4416
9761	6977
9761	7015
9761	7523
9761	7702
9761	8904
9761	9082
9761	9649
9761	9695
9761	9950
9762	2982
9762	3459
9762	6769
9762	7155
9762	8170
9762	9375
9762	9658
9763	3631
9763	5382
9763	5955
9763	6624
9763	8872
9763	9039
9763	9114
9763	9460
9764	6234
9764	7639
9764	8236
9764	8629
9764	8642
9764	8722
9764	8855
9764	8910
9764	9110
9764	9380
9764	9554
9764	9659
9764	9728
9764	9733
9764	9802
9764	9967
9767	577
9767	1136
9767	2373
9767	2954
9767	6188
9767	6372
9767	6839
9767	7405
9767	8757
9767	8805
9767	8896
9767	9039
9767	9093
9767	9457
9767	9826
9767	9980
9767	9989
9775	1863
9775	2281
9775	2775
9775	4398
9775	5423
9775	7161
9775	7755
9775	7866
9775	8001
9775	9920
9776	2286
9776	2399
9776	6214
9776	6681
9776	7234
9776	8463
9776	8662
9776	9519
9776	9632
9776	9738
9777	4041
9777	5895
9777	6864
9777	8693
9777	9334
9777	9365
9777	9547
9777	9687
9783	2844
9783	4959
9783	5194
9783	5403
9783	6662
9783	9843
9783	9912
9787	2279
9787	2900
9787	4862
9787	5105
9787	6070
9787	8351
9787	8406
9787	8649
9787	8842
9787	9731
9787	9840
9787	9992
9793	2935
9793	3711
9793	6454
9793	7234
9793	7425
9793	7940
9793	8214
9798	2179
9798	3402
9798	5567
9798	7257
9798	7297
9798	8169
9798	9547
9798	9738
9799	3946
9799	4617
9799	5809
9799	7018
9799	7285
9799	7931
9799	8669
9799	9557
9799	9745
9801	1282
9801	1798
9801	3008
9801	4416
9801	5907
9801	6017
9801	7168
9801	8837
9801	9220
9801	9347
9801	9535
9801	9578
9801	9610
9801	9890
9802	2984
9802	3851
9802	6234
9802	7639
9802	8926
9802	8934
9802	9110
9802	9380
9802	9498
9802	9678
9802	9764
9802	9967
9806	1145
9806	2093
9806	2864
9806	3481
9806	7390
9806	8075
9806	8889
9807	1765
9807	2820
9807	5834
9807	7074
9807	7570
9807	7622
9807	8027
9807	8841
9807	9150
9807	9152
9807	9342
9807	9872
9807	9900
9810	6270
9810	6510
9810	7185
9810	8746
9810	8824
9810	8898
9810	8946
9810	9036
9810	9375
9810	9561
9810	9689
9811	2599
9811	3197
9811	4835
9811	6089
9811	7094
9811	7606
9811	8262
9811	8562
9811	8898
9811	9596
9811	9605
9811	9698
9811	9912
9811	9931
9811	9990
9813	8392
9813	8910
9813	9514
9813	9915
9815	3605
9815	5013
9815	6996
9815	7100
9815	8637
9815	8829
9815	9708
9815	9717
9815	9950
9816	3824
9816	5071
9816	5851
9816	6632
9816	6962
9816	9054
9816	9163
9816	9190
9816	9676
9816	9692
9826	2570
9826	4221
9826	4405
9826	4436
9826	4747
9826	6780
9826	7457
9826	9252
9826	9587
9826	9767
9826	9873
9828	4697
9828	5872
9828	6460
9828	7570
9828	7894
9828	8657
9828	8841
9828	8896
9828	8972
9828	9088
9828	9396
9828	9588
9828	9679
9829	258
9829	2678
9829	2837
9829	5625
9829	5979
9829	6898
9829	8463
9829	9658
9830	2510
9830	3851
9830	6677
9830	8299
9830	8542
9830	9592
9830	9632
9830	9751
9830	9868
9836	480
9836	5284
9836	7323
9836	8250
9836	9275
9836	9964
9839	3575
9839	4491
9839	6871
9839	7728
9839	8212
9839	8348
9839	8557
9839	9111
9839	9584
9840	4895
9840	5346
9840	6397
9840	7318
9840	7582
9840	8909
9840	9190
9840	9787
9842	1545
9842	1612
9842	2204
9842	2598
9842	4906
9842	6657
9842	8053
9842	8587
9842	8659
9842	8752
9842	8831
9842	9593
9842	9690
9843	1673
9843	1863
9843	3524
9843	6181
9843	6845
9843	8841
9843	9164
9843	9377
9843	9602
9843	9783
9843	9995
9857	2249
9857	4216
9857	5604
9857	5615
9857	5872
9857	6805
9857	7643
9857	7762
9857	7908
9857	8113
9857	8244
9857	9481
9857	9558
9857	9563
9857	9693
9863	612
9863	699
9863	5462
9863	5830
9863	5959
9863	7468
9863	7516
9863	8256
9863	8693
9863	8876
9863	9369
9863	9443
9864	1704
9864	5884
9864	6644
9864	6680
9864	7869
9864	9925
9864	9995
9868	6204
9868	6319
9868	7784
9868	8688
9868	9055
9868	9603
9868	9830
9868	9902
9872	399
9872	2069
9872	2078
9872	4130
9872	5834
9872	6182
9872	7074
9872	7980
9872	8880
9872	8967
9872	9807
9872	9987
9873	189
9873	2431
9873	3046
9873	3557
9873	4405
9873	4436
9873	4499
9873	6525
9873	8063
9873	9070
9873	9252
9873	9684
9873	9826
9873	9983
9874	1201
9874	3285
9874	3640
9874	6163
9874	6378
9874	6590
9874	6876
9874	8026
9874	8077
9874	8094
9874	8204
9874	8249
9874	8268
9874	9093
9874	9163
9874	9265
9874	9403
9874	9735
9874	9755
9881	57
9881	2330
9881	3243
9881	4267
9881	5015
9881	5327
9881	6126
9881	6150
9881	7253
9881	7564
9881	7937
9881	8336
9881	9235
9881	9471
9881	9540
9884	1426
9884	2529
9884	3521
9884	4512
9884	5259
9884	8743
9884	9727
9884	9924
9885	118
9885	2601
9885	6469
9885	8075
9885	8324
9885	8361
9885	8831
9885	8932
9885	9317
9885	9377
9885	9891
9885	9998
9889	399
9889	1231
9889	1568
9889	5535
9889	6174
9889	6408
9889	7234
9889	8075
9889	8927
9889	9176
9889	9540
9889	9547
9889	9604
9889	9964
9890	5907
9890	6296
9890	7168
9890	8493
9890	8772
9890	8993
9890	9055
9890	9347
9890	9535
9890	9578
9890	9801
9891	202
9891	2053
9891	2563
9891	3395
9891	3459
9891	4615
9891	5396
9891	6126
9891	9054
9891	9117
9891	9332
9891	9366
9891	9561
9891	9678
9891	9885
9892	1934
9892	5297
9892	5841
9892	6839
9892	8899
9892	9234
9892	9460
9892	9632
9892	9662
9893	814
9893	1264
9893	2339
9893	2563
9893	3050
9893	3690
9893	6912
9893	7490
9893	7585
9893	8160
9893	9095
9893	9471
9893	9552
9893	9589
9893	9632
9893	9948
9900	326
9900	1287
9900	4203
9900	5461
9900	5627
9900	5633
9900	7111
9900	7541
9900	8520
9900	9036
9900	9807
9900	9938
9901	3661
9901	3682
9901	4424
9901	5509
9901	6757
9901	8236
9901	8314
9901	8365
9901	9025
9901	9095
9902	4829
9902	5494
9902	5600
9902	6546
9902	6692
9902	6977
9902	7347
9902	7830
9902	9165
9902	9239
9902	9572
9902	9733
9902	9868
9909	1070
9909	1420
9909	2399
9909	5961
9909	8069
9909	8463
9909	8604
9909	9331
9909	9503
9909	9684
9912	1418
9912	2643
9912	4553
9912	5622
9912	7179
9912	7844
9912	8092
9912	8422
9912	9783
9912	9811
9912	9915
9912	9964
9913	559
9913	1028
9913	2160
9913	4632
9913	5499
9913	6337
9913	7517
9913	8830
9913	9088
9913	9314
9913	9964
9915	723
9915	788
9915	1418
9915	1934
9915	7844
9915	8669
9915	8687
9915	8723
9915	9813
9915	9912
9915	9964
9920	1420
9920	2977
9920	4121
9920	7122
9920	7525
9920	8237
9920	8407
9920	8424
9920	9150
9920	9275
9920	9775
9920	9998
9924	963
9924	1426
9924	5382
9924	5908
9924	8657
9924	9727
9924	9884
9925	594
9925	1407
9925	2173
9925	2769
9925	4729
9925	5174
9925	6718
9925	7523
9925	7570
9925	8208
9925	8671
9925	9611
9925	9864
9925	9928
9925	9990
9928	594
9928	2363
9928	2769
9928	3480
9928	4081
9928	6271
9928	7074
9928	7465
9928	7570
9928	7702
9928	9588
9928	9925
9928	9990
9931	3822
9931	4512
9931	5355
9931	6210
9931	6324
9931	6342
9931	6344
9931	6580
9931	8739
9931	8841
9931	9521
9931	9811
9934	586
9934	4416
9934	4686
9934	5615
9934	6342
9934	6902
9934	7468
9934	8237
9934	8659
9934	9680
9937	871
9937	1030
9937	2601
9937	6900
9937	7543
9937	8339
9937	9063
9937	9381
9937	9446
9938	3210
9938	5081
9938	5607
9938	6374
9938	7001
9938	7875
9938	9116
9938	9377
9938	9665
9938	9747
9938	9900
9946	1145
9946	2805
9946	3040
9946	4711
9946	4725
9946	5965
9946	7533
9946	8508
9946	8943
9946	9221
9946	9399
9946	9445
9946	9602
9946	9606
9946	9623
9948	484
9948	5712
9948	7525
9948	7869
9948	8253
9948	8723
9948	9070
9948	9380
9948	9714
9948	9731
9948	9893
9950	290
9950	1549
9950	1587
9950	2934
9950	5240
9950	5544
9950	5843
9950	6784
9950	6966
9950	7266
9950	7622
9950	7893
9950	8649
9950	8932
9950	9190
9950	9559
9950	9738
9950	9761
9950	9815
9951	726
9951	1091
9951	2905
9951	4799
9951	5544
9951	5851
9951	7622
9951	9584
9951	9593
9953	1532
9953	2935
9953	4042
9953	4333
9953	4595
9953	4876
9953	6489
9953	9519
9953	9597
9955	1034
9955	1838
9955	2355
9955	3944
9955	5299
9955	5991
9955	7111
9955	7500
9955	8299
9955	8667
9955	9533
9957	959
9957	1658
9957	2878
9957	4465
9957	6586
9957	8752
9957	8959
9957	9349
9957	9695
9957	9982
9958	2618
9958	3072
9958	6048
9958	8092
9958	8422
9958	8909
9959	393
9959	1448
9959	4270
9959	5299
9959	6651
9959	6860
9959	6982
9959	7834
9959	8105
9959	8389
9959	8902
9959	9423
9959	9570
9959	9961
9959	9997
9961	282
9961	780
9961	1206
9961	1682
9961	1702
9961	1979
9961	3000
9961	4699
9961	5798
9961	6976
9961	8642
9961	8982
9961	9030
9961	9584
9961	9728
9961	9959
9964	1418
9964	2216
9964	6287
9964	6460
9964	7269
9964	7844
9964	8723
9964	8746
9964	9836
9964	9889
9964	9912
9964	9913
9964	9915
9967	2178
9967	2418
9967	6234
9967	8909
9967	9234
9967	9363
9967	9380
9967	9678
9967	9745
9967	9764
9967	9802
9975	2080
9975	3284
9975	3851
9975	4277
9975	4451
9975	4963
9975	5624
9975	6926
9975	7894
9975	8517
9975	8530
9975	8829
9975	8902
9975	8943
9975	9191
9975	9444
9980	577
9980	1136
9980	2373
9980	2890
9980	2954
9980	3166
9980	4209
9980	6188
9980	6372
9980	6432
9980	8194
9980	8406
9980	8587
9980	8757
9980	8896
9980	9039
9980	9205
9980	9457
9980	9767
9980	9989
9982	454
9982	1658
9982	2829
9982	6317
9982	6877
9982	7195
9982	7830
9982	9603
9982	9615
9982	9739
9982	9957
9983	534
9983	894
9983	920
9983	4643
9983	6765
9983	8257
9983	9153
9983	9420
9983	9610
9983	9618
9983	9723
9983	9751
9983	9873
9987	106
9987	590
9987	1322
9987	6008
9987	6469
9987	6489
9987	7800
9987	8069
9987	8620
9987	9023
9987	9070
9987	9558
9987	9872
9989	577
9989	1136
9989	2954
9989	3166
9989	6188
9989	6372
9989	8757
9989	8896
9989	8905
9989	9039
9989	9457
9989	9668
9989	9767
9989	9980
9990	594
9990	714
9990	2363
9990	4729
9990	5174
9990	5824
9990	6271
9990	7490
9990	7900
9990	8389
9990	9443
9990	9505
9990	9811
9990	9925
9990	9928
9992	621
9992	1362
9992	2781
9992	5265
9992	6887
9992	6904
9992	9030
9992	9164
9992	9239
9992	9558
9992	9605
9992	9787
9995	1673
9995	3524
9995	6181
9995	6565
9995	6987
9995	7844
9995	7891
9995	8416
9995	8838
9995	8841
9995	9143
9995	9275
9995	9602
9995	9708
9995	9843
9995	9864
9997	393
9997	1448
9997	1516
9997	1604
9997	3228
9997	4270
9997	4533
9997	5622
9997	6871
9997	6982
9997	7112
9997	7643
9997	8389
9997	9623
9997	9659
9997	9959
9998	2750
9998	4942
9998	5830
9998	6860
9998	7835
9998	7892
9998	7944
9998	8542
9998	8965
9998	9439
9998	9885
9998	9920
9999	968
9999	1743
9999	1801
9999	2884
9999	3895
9999	6344
9999	6725
9999	6863
9999	7132
9999	7493
9999	8440
9999	8481
9999	8671
9999	8755
9999	9220
9999	9572
