0.00029397460514	0.00849655516342	0.00850230844171
0.000293974605141	0.220574196933	0.220723554492
0.000293974605141	0.249830831876	0.25
0.000293974605141	0.996621213273	0.997296056085
0.000293974605141	0.459434049797	0.459745146694
0.000293974605141	0.00850230844171	0.00850806561571
0.000293974605141	0.0151870384542	0.0151973220641
0.000293974605141	0.0151973220641	0.0152076126373
0.000293974605141	0.0179751601853	0.017987331718
0.000293974605141	0.0358531127207	0.0358773899638
0.000293974605141	0.0476426818886	0.0476749422108
0.000293974605141	0.0653113057661	0.0653555300558
0.000293974605141	0.0759015647197	0.0759529599988
0.000293974605141	0.166666847257	0.166779702495
0.000587949210281	0.0356353554492	0.035683631374
0.000881923815422	0.321804813854	0.322458968352
0.000881923815422	0.997296056085	0.999323327503
0.00117589842056	0.00203408227478	0.0020395972313
0.00117589842056	0.00473422421593	0.00474705999992
0.0014698730257	0.00391419049964	0.00392746055122
0.00176384763084	0.114780790853	0.11524791056
0.00176384763084	0.464122686871	0.466011512099
0.00176384763084	0.219680171577	0.220574196933
0.00205782223598	0.035683631374	0.0358531127207
0.00205782223598	0.0833334236286	0.0837292202533
0.00205782223598	0.00202446695893	0.00203408227478
0.00235179684112	0.00392746055122	0.00394878627364
0.00235179684112	0.00599172655407	0.00602426103675
0.00235179684112	0.0118543675094	0.0119187355527
0.00235179684113	0.00595936777635	0.00599172655407
0.00293974605141	0.0551808886229	0.0555556759493
0.00293974605141	0.0207910924417	0.0209323050633
0.00323372065655	0.108951488548	0.109765760023
0.00411564447197	0.459745146694	0.464122686871
0.00470359368225	0.00589517354529	0.00595936777635
0.00470359368225	0.0119187355527	0.0120485220735
0.00470359368225	0.0280423292969	0.0283476902422
0.00470359368225	0.0283476902422	0.0286563763501
0.00470359368225	0.0497856922294	0.0503278228734
0.00587949210281	0.0653555300558	0.0662463314825
0.00646744131309	0.0149625512609	0.0151870384542
0.00734936512852	0.163870151441	0.166666847257
0.00852526354908	0.0024271459221	0.00247526186428
0.0111710349953	0.0115533346226	0.0118543675094
0.0135228318365	0.0358773899638	0.037012095405
0.0144047556519	0.322458968352	0.333333694514
0.018814374729	0.0143281881751	0.0149625512609
0.018814374729	0.0476749422108	0.0497856922294
0.0194023239393	0.109765760023	0.114780790853
0.0217541207804	0.00143248363723	0.00150606525919
0.0232239938061	0.0170391833229	0.0179751601853
0.0305733589346	0.466011512099	0.5
0.0343950288015	0.297301778751	0.321804813854
0.0352769526169	0.11524791056	0.125
0.0364528510374	0.0078125	0.00849655516342
0.037628749458	0.0009765625	0.00106494895768
0.037628749458	0.00106494895768	0.00116133507324
0.037628749458	0.00602426103675	0.00656950324417
0.0399805462991	0.0503278228734	0.0551808886229
0.0402745209043	0.0759529599988	0.0833334236286
0.0493877336636	0.0152076126373	0.0170391833229
0.0517395305047	0.0837292202533	0.0943227767246
0.0537973527407	0.220723554492	0.249830831876
0.0590888956333	0.0662463314825	0.0759015647197
0.0617346670795	0.0209323050633	0.024129688892
0.0626165908949	0.0943227767246	0.108951488548
0.0629105655001	0.017987331718	0.0207910924417
0.0652623623412	0.024129688892	0.0280423292969
0.0702599306286	0.0555556759493	0.0653113057661
0.075257498916	0.00656950324417	0.0078125
0.075257498916	0.0120485220735	0.0143281881751
0.075257498916	0.25	0.297301778751
0.0755514735211	0.0020395972313	0.0024271459221
0.0787851941777	0.00394878627364	0.00473422421593
0.0911321275936	0.00116133507324	0.00143248363723
0.094071873645	0.00474705999992	0.00589517354529
0.0946598228553	0.0286563763501	0.0356353554492
0.109652527717	0.037012095405	0.0476426818886
0.117589842056	0.125	0.163870151441
0.119647664292	0.166779702495	0.219680171577
0.128466902446	0.00150606525919	0.00202446695893
0.132876521524	0.00850806561571	0.0115533346226
0.139343962837	0.333333694514	0.459434049797
0.149045124806	0.707106781187	0.996621213273
0.150514997832	0.5	0.707106781187
0.19902080768	0.00247526186428	0.00391419049964
