0 11.9978918069
0.0009765625 4862.84227536
0.00104001518804 5450.58394569
0.00104071941424 4524.95560561
0.0010414241173 5239.81651467
0.00104212929754 4076.11882068
0.00113031257191 6737.95078396
0.00115819488834 6570.85642487
0.00135238961897 8519.24582361
0.00135330536349 8377.83686821
0.00135881286696 8281.23668135
0.00145890490423 9666.39837313
0.00147379338632 9195.42856731
0.00160718308413 9813.01060564
0.00179223627888 11140.5532319
0.00179344985708 10826.5607016
0.00180440910647 10529.3952024
0.00180563092726 10751.1992833
0.00187158535795 10954.9520129
0.00187412083187 10916.9377928
0.0018753898566 10814.0284782
0.00188047455433 10966.4807181
0.00224993893655 12233.7031406
0.00225146243926 12309.8879639
0.00225909544095 12445.4865875
0.0022713621058 12457.5703223
0.00264682139636 13259.8141439
0.00280357693358 13366.0610231
0.00280737499502 13232.9471508
0.0030780875881 13998.6228458
0.00315401721524 14025.9678695
0.00366296228621 14908.0013351
0.0036654425904 15059.4667044
0.00366792457408 14788.3959513
0.00367040823839 14860.6586328
0.00389568771908 15396.9775447
0.00482807586966 15918.9953858
0.00483134510802 16146.1081021
0.0052153948172 16635.720024
0.00587127938768 16753.5664346
0.00589517354529 16550.4362096
0.00602426103675 16887.2993221
0.00682331010234 17370.6966969
0.00820824246224 18065.6307331
0.0082920095882 17941.4527404
0.00904250057526 17977.1263146
0.00970858368839 18401.5372806
0.0102766069281 18468.7969596
0.0103534112747 18556.3791541
0.0115220950538 18836.9318351
0.011529897018 18669.4934928
0.0127707261945 19166.2900792
0.0127880269513 19153.870572
0.0128574646731 19158.9280703
0.0142218978809 19668.3817814
0.0164944559119 19892.1621171
0.0166740687606 20003.0439217
0.0179995114924 20205.5296293
0.0180116995141 20417.5238945
0.0181708968464 20300.5376038
0.0181832009184 20378.0520499
0.0208333559071 20893.2123397
0.0211602429209 20969.4368309
0.0247751750742 21228.5174716
0.0248591689041 20976.4342107
0.0291454414249 21552.4394339
0.0292046873428 21236.8279986
0.0333481375212 21535.0152076
0.0415540473624 21854.2158024
0.0415821848833 21688.8535543
0.0422918487329 21891.354225
0.0423204858418 21830.8101452
0.0464014114335 21842.6851659
0.0495503501483 21915.3811464
0.0496510745099 21955.1007966
0.050123835506 22055.9363419
0.0503278228734 21864.0361825
0.0555180829513 22014.9957689
0.0555556759493 22037.4995991
0.063609701427 22096.0776353
0.0637821648234 22193.834594
0.0638685717909 22243.2553015
0.0652671114017 22037.185561
0.0712707108983 22171.1528917
0.0716092150133 22142.9601709
0.0833334236286 22063.3744425
0.0833898512475 22183.1227834
0.0835028211378 22304.3874076
0.0881493505136 22269.9590732
0.100723802774 22387.8614543
0.100860255313 22307.6902264
0.100996892707 22183.0355937
0.101065280803 22293.6418383
0.112321275193 22237.9312177
0.112473439059 22267.995966
0.114703121848 22356.895057
0.124915415938 22316.4648219
0.125 22189.3346086
0.133031864111 21920.6424843
0.133392550085 22179.0982954
0.142444967937 22054.246991
0.142927890797 22041.3761004
0.166666847257 21587.2979743
0.166779702495 21502.2462719
0.16689263415 21457.1932226
0.168938530544 21634.702621
0.199682699739 21579.3899342
0.199817911023 21581.8489727
0.200088608322 21333.2377121
0.20022409446 21187.4034864
0.204608431221 21200.4382909
0.222072331805 21298.1754547
0.223127076415 21276.4789501
0.25 20521.9991147
0.283543231883 20336.1535339
0.283735227708 20319.349255
0.283927353539 20361.6010033
0.290931214694 20200.2442277
0.333333694514 19276.792963
0.340171914315 19111.7642945
0.34040225516 18973.3802956
0.398825103176 18870.6331225
0.400177216645 18713.7848948
0.420732906013 18804.8161842
0.421017797177 18639.4479041
0.438469037366 18549.0804229
0.496626921372 18626.7460674
0.5 15365.0992734
0.648858842259 14696.258606
0.649298204496 14535.3029175
0.666667389029 13383.6849777
0.66711880998 13555.5347002
0.672559763027 13686.0035863
0.999323327503 13179.9238548
1 0.0
