0 364.292786818
0.0009765625 2807.29208042
0.00116133507324 3096.06667121
0.00124772492393 2985.47275499
0.0016468287436 3400.00457543
0.00166927515928 3385.98404271
0.00174318028449 3464.53204349
0.00264861364036 3954.80288119
0.00267383285737 4140.79876856
0.00365800671175 4387.70483199
0.00366048366037 4148.73438608
0.00464848579547 4556.93779485
0.00517670563734 4682.82789618
0.00573769700522 4853.10463267
0.00678646029404 4967.67575451
0.00762442232903 5073.41892531
0.00849655516342 5041.07504743
0.00851959166145 5082.99598822
0.0108191169517 5270.00742577
0.0123123503524 5360.42713223
0.0123959755528 5347.32818329
0.0124043692483 5341.79047694
0.0124127686275 5346.15250144
0.014952426514 5447.34844112
0.0149625512609 5485.15946709
0.0159887739539 5530.79695607
0.0161300915546 5596.29508317
0.0170391833229 5596.71942315
0.0185813611719 5702.29407631
0.0202905688905 5711.10157831
0.0203180569278 5795.96887258
0.0204837689301 5713.0114952
0.0215797253326 5804.97084789
0.0216235919057 5760.64957526
0.0236446279289 5755.75091735
0.024097044147 5869.44646427
0.0274786154705 5937.6570654
0.0275158412975 5880.23551622
0.0275344731182 5887.67632205
0.0275717746166 5850.02445494
0.0275904443115 5902.16988946
0.0285788911157 6015.27390846
0.0322383535306 5985.68130043
0.0357077938561 6074.27775558
0.0357319726993 6091.31507886
0.0357561679147 6052.50627951
0.0370873324047 6072.17053386
0.0371627223438 6110.06953954
0.0472892558579 6102.44435354
0.048194088294 6171.69934298
0.0503278228734 6210.86854102
0.0523075882202 6164.90846802
0.0523430072936 6204.41124413
0.0525560259534 6184.41389381
0.0652671114017 6186.03521514
0.0707420058914 6252.18722959
0.0710779988933 6271.95968518
0.0833334236286 6259.53453628
0.111111351899 6331.53097407
0.125 6305.72471157
0.148650889375 6273.83011847
0.152008780158 6315.17001722
0.152111709969 6309.43953827
0.153560067013 6262.8013171
0.162985158149 6233.87261632
0.166666847257 6202.65871535
0.175584131911 6130.21231352
0.176418078289 6165.15908494
0.246972424842 6038.91340928
0.25 5842.68921958
0.332882731656 5915.44177639
0.333108136771 5926.32701644
0.333333694514 5553.45163603
0.334916881013 5614.72858892
0.5 4381.02502978
0.978572062088 4224.52491635
0.996621213273 4120.07237721
1 0.0
