0.00029397460514	0.00150504614625	0.00150606525919
0.00029397460514	0.00230232096426	0.00230387993645
0.00029397460514	0.00651194706519	0.00651635650442
0.00029397460514	0.0404988130935	0.0405262360828
0.00029397460514	0.0833334236286	0.0833898512475
0.000293974605141	0.154080672745	0.154185005498
0.000293974605141	0.223580641975	0.22373203529
0.000293974605141	0.272811537231	0.272996266296
0.000293974605141	0.273921789603	0.274107270454
0.000293974605141	0.333333694514	0.33355940499
0.000293974605141	0.999323327503	1
0.000293974605141	0.495619442076	0.495955041213
0.000293974605141	0.00110086369236	0.00110160912095
0.000293974605141	0.00118195483625	0.00118275517415
0.000293974605141	0.00118275517415	0.00118355605398
0.000293974605141	0.0013305966874	0.00133149767526
0.000293974605141	0.00144318959985	0.00144416682783
0.000293974605141	0.00500782005165	0.00501121100031
0.000293974605141	0.00606107354023	0.00606517767915
0.000293974605141	0.00835398163622	0.0083596383736
0.000293974605141	0.0963229533598	0.096388176588
0.000293974605141	0.112093415296	0.112169317188
0.000293974605141	0.139581504025	0.139676018946
0.000293974605141	0.168253793471	0.168367723279
0.000587949210281	0.00500104503645	0.00500782005165
0.000587949210281	0.0961926392779	0.0963229533598
0.000587949210281	0.399635822047	0.400177216645
0.000587949210281	0.154185005498	0.154393882992
0.000587949210281	0.286630815243	0.28701911971
0.000587949210281	0.00650313713595	0.00651194706519
0.000587949210281	0.00834267964216	0.00835398163622
0.000587949210281	0.030353523606	0.0303946441282
0.000587949210281	0.0404440227713	0.0404988130935
0.000587949210281	0.166666847257	0.16689263415
0.000881923815422	0.00390889504177	0.00391684091816
0.000881923815422	0.0101384194103	0.0101590284639
0.000881923815422	0.0224742076383	0.0225198924864
0.000881923815422	0.0663809948992	0.0665159320553
0.000881923815422	0.00201353367021	0.00201762671684
0.000881923815422	0.00457357828997	0.00458287531314
0.00117589842056	0.0477395284033	0.0478689633956
0.00117589842056	0.139676018946	0.140054719051
0.00117589842056	0.288187192226	0.28896854697
0.00117589842056	0.00498752249116	0.00500104503645
0.0014698730257	0.0014999609163	0.00150504614625
0.0014698730257	0.272996266296	0.273921789603
0.00176384763084	0.00133149767526	0.00133691642869
0.00176384763084	0.28701911971	0.288187192226
0.00176384763084	0.00110160912095	0.0011060923043
0.00176384763084	0.00651635650442	0.0065428759117
0.00176384763084	0.33355940499	0.334916881013
0.00205782223598	0.0045519585156	0.00457357828997
0.00235179684112	0.0060283402488	0.00606107354023
0.00352769526169	0.16689263415	0.168253793471
0.00352769526169	0.495955041213	0.5
0.00411564447197	0.0118063197083	0.0119187355527
0.00440961907711	0.0018352041192	0.00185393282699
0.00470359368225	0.5	0.505444643026
0.00529154289253	0.00148179593867	0.0014999609163
0.00587949210281	0.220574196933	0.223580641975
0.00617346670795	0.0299251025218	0.030353523606
0.00646744131309	0.0833898512475	0.0846409716836
0.00734936512852	0.0220970869121	0.0224742076383
0.0079373143388	0.0562747991383	0.0573127527003
0.00823128894394	0.00391684091816	0.00399178573693
0.0094071873645	0.00166927515928	0.00170582752559
0.0094071873645	0.0257149293462	0.0262780129767
0.0111710349953	0.00144416682783	0.00148179593867
0.0158746286776	0.192906887962	0.200088608322
0.0194023239393	0.274107270454	0.286630815243
0.020872196965	0.0065428759117	0.00686500536178
0.0232239938061	0.106256647107	0.112093415296
0.0235179684112	0.0171781531661	0.0181340345629
0.0276336128832	0.00427134530888	0.0045519585156
0.0282215620935	0.505444643026	0.539380398879
0.0288095113038	0.0011060923043	0.00118195483625
0.0293974605141	0.00399178573693	0.00427134530888
0.0302793843295	0.00606517767915	0.00650313713595
0.0317492573552	0.00170582752559	0.0018352041192
0.0320432319603	0.0443440027521	0.0477395284033
0.0332191303809	0.154393882992	0.166666847257
0.0332191303809	0.00133691642869	0.00144318959985
0.0358649018272	0.00185393282699	0.00201353367021
0.0361588764323	0.0158058404721	0.0171781531661
0.0367468256426	0.00458287531314	0.00498752249116
0.0379227240631	0.25	0.272811537231
0.0382166986683	0.0303946441282	0.0331904974496
0.0390986224837	0.00762442232903	0.00834267964216
0.0390986224837	0.0405262360828	0.0443440027521
0.0405684955094	0.607212517757	0.666667389029
0.0414504193248	0.140054719051	0.154080672745
0.0423323431402	0.096388176588	0.106256647107
0.0423323431402	0.200088608322	0.220574196933
0.0446841399814	0.00150606525919	0.00166927515928
0.0452720891917	0.112169317188	0.124493353388
0.0455660637968	0.00686500536178	0.00762442232903
0.0482118352431	0.22373203529	0.25
0.0496817082688	0.124493353388	0.139581504025
0.0508576066893	0.00118355605398	0.0013305966874
0.0514455558996	0.539380398879	0.607212517757
0.0520335051099	0.0009765625	0.00110086369236
0.0555612003716	0.0846409716836	0.0961926392779
0.056443124187	0.0262780129767	0.0299251025218
0.0573250480024	0.00201762671684	0.00230232096426
0.0576190226076	0.0225198924864	0.0257149293462
0.0590888956333	0.168367723279	0.192906887962
0.0620286416847	0.28896854697	0.333333694514
0.0637924893155	0.0573127527003	0.0663809948992
0.0652623623412	0.0101590284639	0.0118063197083
0.0682021083926	0.00274350206111	0.00321001749372
0.0702599306286	0.0478689633956	0.0562747991383
0.0758454481263	0.00230387993645	0.00274350206111
0.0767273719417	0.334916881013	0.399635822047
0.0802550672034	0.00501121100031	0.0060283402488
0.0837827624651	0.0083596383736	0.0101384194103
0.0855466100959	0.00321001749372	0.00390889504177
0.0858405847011	0.0331904974496	0.0404440227713
0.0858405847011	0.0181340345629	0.0220970869121
0.0928959752244	0.400177216645	0.495619442076
0.0978935435118	0.0665159320553	0.0833334236286
0.122587410344	0.0119187355527	0.0158058404721
0.175796813874	0.666667389029	0.999323327503
