0 0.0
0.0009765625 1837.09913906
0.00106855939197 3491.61699527
0.00106928294633 3284.70635499
0.00108679599916 2845.32030191
0.00108826830332 2244.40094363
0.00117159959301 4609.43684667
0.00117318678228 4815.55498851
0.00117398118306 4744.98915706
0.00122761859991 6562.87933973
0.00122844985814 7658.47570687
0.00123261459999 6616.46007485
0.00132341069818 8465.41832701
0.00132430682018 11011.1935411
0.0013305966874 8709.94396395
0.0013323992732 11837.0506934
0.00138013340132 12704.5868529
0.001381067932 12177.3788062
0.00154321656509 16250.4370636
0.00154426152439 16958.1678678
0.00154530719127 16407.8932143
0.00158128431171 17049.0967936
0.001751459614 23006.9589783
0.00175264558106 21465.4317108
0.00180196794465 22685.3124223
0.00188047455433 22088.4845532
0.00191127355877 22065.2356456
0.00199319265073 24928.0122407
0.00210695468312 26791.4677715
0.00221968444895 27110.7483634
0.00222419655226 27753.6108367
0.00233370179459 28997.52151
0.00248029349716 30374.8133005
0.00248197298001 30977.0543367
0.00250221569877 31719.1302595
0.00250391002582 31355.7462908
0.00250560550015 30307.6202724
0.00269381630004 31127.5434355
0.00271762573393 31756.4004575
0.00298170152359 33438.2436585
0.00298776263076 34476.9902993
0.00312850147594 34933.1862975
0.00343250268089 35492.9300406
0.00343948016218 36321.3326514
0.00348636056898 35910.8317469
0.00376859424531 37037.7885307
0.00384590558892 37510.2802926
0.0040764341839 38378.0466849
0.00407919446261 38572.5170331
0.00436487559206 39585.5443024
0.00442436921718 39515.7306631
0.00448163909009 40102.3863758
0.0045458002296 40231.2350988
0.00467056403141 40912.2995895
0.00473422421593 40705.4785192
0.00474705999992 40121.650522
0.00485100707841 40777.702573
0.00529364279271 42380.8899865
0.00529722728072 41553.6165726
0.00601203995487 43948.1406793
0.00602426103675 43285.7355652
0.00658285751953 44703.395132
0.00659623894104 44983.197741
0.00716409408754 45484.3309037
0.00815838892521 46694.6337292
0.00857165240313 47166.8028242
0.00858907658305 47108.6264917
0.00896934749094 47496.3548464
0.00926555910673 48020.8872688
0.0101384194103 48443.1591764
0.0102003723366 48780.9734519
0.0108117959528 48641.2717128
0.0122458565622 50151.8116545
0.0123457325207 50245.8957372
0.0123708285296 49893.6578385
0.0125140059038 50192.8434271
0.0131835508951 50931.5874483
0.0139077345822 51304.1836299
0.0143184926842 51413.3528598
0.0156355801671 51985.7435018
0.0156567619986 52375.5673535
0.0158594260905 51996.6647311
0.0177454595962 52530.4485666
0.0186065337115 53181.7064968
0.0198423479773 53175.6250353
0.0212463580835 53845.8136426
0.0212751409475 53764.4467384
0.0229507880209 53874.1846575
0.0249265689485 54005.9148319
0.0262958066258 54333.7794144
0.0263314300781 54362.5935244
0.0278343038722 54684.4386602
0.0278908845519 54745.6188679
0.028501615397 54607.2530094
0.0304770523685 54652.1702377
0.0332354612767 54852.7850033
0.0332579660276 54763.4536646
0.0340322624629 55048.3235634
0.0340553067523 55075.8460406
0.0340783666458 55063.6397262
0.0388343347536 55276.7114804
0.0388606306736 55096.7393339
0.039416976755 55197.5042303
0.0416667118143 55487.2178814
0.0416949256237 55565.6076456
0.0421489535958 55275.3535663
0.0475138587488 55487.4442063
0.050089918085 55603.166206
0.0569646582754 55667.0042226
0.057003230794 55697.4603341
0.0666962750423 55767.0677014
0.0677886476383 55773.671935
0.0681567332916 55688.643929
0.0743757727275 55868.9354718
0.0770925027491 55887.2350562
0.0829956588549 55899.2678424
0.0833334236286 55949.4898443
0.0889886792726 55867.4255685
0.0922391761439 55713.2293675
0.0923016341212 55740.9091566
0.0996388072995 55801.9292046
0.0997737899737 55691.5530304
0.100044304161 55755.230663
0.10120219595 55778.2128929
0.111036165903 55635.1231612
0.111111351899 55468.630491
0.112093415296 55575.0704132
0.120187551011 55453.8191252
0.120350371477 55355.3314032
0.124915415938 55325.3167087
0.125 55231.5130065
0.125084641337 55113.6648791
0.125678737639 55064.0920955
0.130534222803 55307.8290281
0.142927890797 54618.0140761
0.143898653744 54737.8111173
0.153560067013 54542.4068266
0.155653103772 53989.1332998
0.15788150287 54464.8068168
0.158524028164 54453.6587796
0.166666847257 53530.351876
0.167458440507 53939.2310379
0.177016178202 53717.7770252
0.181997708066 53104.7109712
0.188645553449 52977.8627206
0.200088608322 51911.1839161
0.203503427732 52036.0042753
0.219828923764 51991.8277959
0.222222703797 51603.7469093
0.222674430978 51298.2992074
0.22373203529 51276.8511328
0.231120758689 51195.1137734
0.245971402904 51122.3591845
0.249830831876 50995.1596688
0.25 49816.8732512
0.250169282673 49545.2126724
0.250338679973 49533.0268992
0.250508191977 49687.8505338
0.250677818763 49562.3361512
0.272811537231 49184.833825
0.275409157833 48837.5816425
0.281630404652 49127.5197214
0.285855781594 48632.9554625
0.297704539384 47991.1820439
0.300132587277 47638.4096503
0.306912314279 48050.9437403
0.331533500392 47802.9231351
0.333108136771 47631.3547919
0.333333694514 44929.5728405
0.33355940499 45280.0831731
0.333785268301 45418.1309389
0.353553390593 45195.3748674
0.369456537563 44652.7035763
0.375253517407 44130.6753519
0.394261997527 44080.6275572
0.400177216645 42754.989539
0.425602380404 42755.1233673
0.440253460759 42279.2110853
0.444746355221 41919.4758955
0.481075734763 41744.9814359
0.5 35759.3158473
0.500338565347 34971.6817132
0.501016383954 34566.1920597
0.570551763873 33734.6431326
0.570938101985 33850.9437743
0.571324701697 33825.5542667
0.572098686636 34725.4605028
0.600265174554 32400.0946465
0.601078365726 32517.7511858
0.666216273542 32613.4713605
0.666667389029 28202.3884892
0.66711880998 29081.4977716
0.750507034813 27596.7566134
0.947287990793 26317.2220732
1 0.0
