0.00029397460514	0.00097854762491	0.000979210229541
0.00029397460514	0.00119725428346	0.00119806498108
0.00029397460514	0.00123846897003	0.00123930757538
0.00029397460514	0.00264324054581	0.00264503036511
0.00029397460514	0.00473742990445	0.00474063776364
0.00029397460514	0.0103744573569	0.0103814822204
0.00029397460514	0.0126075319142	0.012616068861
0.00029397460514	0.01429912138	0.014308803754
0.00029397460514	0.0201400480773	0.020153685522
0.00029397460514	0.021347268816	0.0213617237069
0.00029397460514	0.0405536776412	0.040581137781
0.00029397460514	0.0502937674198	0.0503278228734
0.00029397460514	0.071560759027	0.0716092150133
0.00029397460514	0.0769361094947	0.0769882052959
0.000293974605141	0.099976606932	0.100044304161
0.000293974605141	0.100044304161	0.10011204723
0.000293974605141	0.10748643925	0.107559221617
0.000293974605141	0.126446723777	0.126532344735
0.000293974605141	0.180769922907	0.18089232777
0.000293974605141	0.189798311447	0.189926829709
0.000293974605141	0.199953213864	0.200088608322
0.000293974605141	0.244808670817	0.244974438282
0.000293974605141	0.333333694514	0.33355940499
0.000293974605141	0.447767062237	0.448070259058
0.000293974605141	0.557948212242	0.558326016101
0.000293974605141	0.666216273542	0.666667389029
0.000293974605141	0.666667389029	0.66711880998
0.000293974605141	0.376525717503	0.376780674623
0.000293974605141	0.400177216645	0.400448188921
0.000293974605141	0.428783207787	0.429073550057
0.000293974605141	0.557570664032	0.557948212242
0.000293974605141	0.558326016101	0.558704075784
0.000293974605141	0.0009765625	0.000977223760442
0.000293974605141	0.000977223760442	0.000977885468645
0.000293974605141	0.000977885468645	0.00097854762491
0.000293974605141	0.00119806498108	0.00119887622765
0.000293974605141	0.00119887622765	0.00119968802354
0.000293974605141	0.00123679346133	0.00123763093214
0.000293974605141	0.00123763093214	0.00123846897003
0.000293974605141	0.0013091549356	0.00131004140459
0.000293974605141	0.00142764358053	0.00142861028181
0.000293974605141	0.00142861028181	0.00142957763768
0.000293974605141	0.00142957763768	0.00143054564858
0.000293974605141	0.00152349614255	0.00152452774855
0.000293974605141	0.0020437432591	0.00204512714039
0.000293974605141	0.0028168926746	0.00281880007909
0.000293974605141	0.00391949313137	0.00392214714047
0.000293974605141	0.00474063776364	0.00474384779498
0.000293974605141	0.00514526442598	0.00514874844245
0.000293974605141	0.00623586187336	0.00624008436683
0.000293974605141	0.012599000744	0.0126075319142
0.000293974605141	0.0142894455579	0.01429912138
0.000293974605141	0.0213617237069	0.0213761883857
0.000293974605141	0.0213761883857	0.021390662859
0.000293974605141	0.0277590414756	0.0277778379746
0.000293974605141	0.032921989061	0.0329442815502
0.000293974605141	0.040581137781	0.040608616515
0.000293974605141	0.040608616515	0.0406361138556
0.000293974605141	0.0451924807268	0.0452230819426
0.000293974605141	0.0557440231147	0.0557817691037
0.000293974605141	0.0714155877122	0.0714639453986
0.000293974605141	0.0716092150133	0.0716577038107
0.000293974605141	0.126961319957	0.127047289364
0.000293974605141	0.144974110084	0.145072276503
0.000293974605141	0.166666847257	0.166779702495
0.000293974605141	0.181874555222	0.181997708066
0.000293974605141	0.313420592145	0.313632818848
0.000293974605141	0.33355940499	0.333785268301
0.000587949210281	0.00244859837614	0.00245191554106
0.000587949210281	0.00922175985708	0.00923425275859
0.000587949210281	0.0128748829362	0.0128923247963
0.000587949210281	0.0136651075525	0.0136836199456
0.000587949210281	0.0714639453986	0.071560759027
0.000587949210281	0.144777976479	0.144974110084
0.000587949210281	0.249661778223	0.25
0.000587949210281	0.258606084593	0.2589564234
0.000587949210281	0.411717467425	0.412275229268
0.000587949210281	0.448070259058	0.448677268751
0.000587949210281	0.160467335843	0.160684724135
0.000587949210281	0.244974438282	0.245306310026
0.000587949210281	0.295296134199	0.295696177746
0.000587949210281	0.0103604218872	0.0103744573569
0.000587949210281	0.076832023624	0.0769361094947
0.000881923815422	0.00159958576461	0.00160283735121
0.000881923815422	0.00391154187458	0.00391949313137
0.000881923815422	0.759707318837	0.761251627494
0.000881923815422	0.0113902664988	0.011413420267
0.000881923815422	0.0911221319907	0.0913073621363
0.000881923815422	0.0986322411068	0.0988327375611
0.000881923815422	0.111111351899	0.111337215489
0.000881923815422	0.22449054095	0.224946878118
0.000881923815422	0.00263787835135	0.00264324054581
0.000881923815422	0.0111160578851	0.0111386542508
0.00117589842056	0.0277778379746	0.0278531513337
0.00117589842056	0.373732550022	0.37474584176
0.00117589842056	0.142541421797	0.142927890797
0.00117589842056	0.66711880998	0.668927552565
0.00117589842056	0.0712224839684	0.0714155877122
0.0014698730257	0.00230076304698	0.00230856318965
0.0014698730257	0.00470228639488	0.00471822828198
0.0014698730257	0.012616068861	0.0126588403828
0.0014698730257	0.126532344735	0.126961319957
0.0014698730257	0.750507034813	0.753051435007
0.00176384763084	0.000979210229541	0.000983195290039
0.00176384763084	0.00471822828198	0.00473742990445
0.00176384763084	0.0716577038107	0.0719493268721
0.00205782223598	0.0833334236286	0.0837292202533
0.00205782223598	0.285855781594	0.287213469165
0.00205782223598	0.37474584176	0.376525717503
0.00205782223598	0.0126588403828	0.0127189642333
0.00235179684112	0.18089232777	0.181874555222
0.00235179684112	0.617575531968	0.620928906037
0.00264577144627	0.0452230819426	0.0454994270165
0.00264577144627	0.429073550057	0.431695493472
0.00264577144627	0.0180727635276	0.0181832009184
0.00293974605141	0.00193470339856	0.00194784385954
0.00293974605141	0.293304020041	0.295296134199
0.00323372065655	0.00329588772378	0.00332052022211
0.00323372065655	0.291128213149	0.293304020041
0.00352769526169	0.310885045389	0.313420592145
0.00352769526169	0.00168288959741	0.00169661507351
0.00352769526169	0.00204512714039	0.00206180698899
0.00382166986683	0.753051435007	0.759707318837
0.00382166986683	0.333785268301	0.336735446558
0.00411564447197	0.00358689971415	0.00362105297868
0.00411564447197	0.0166966574532	0.016855637465
0.00440961907711	0.0551808886229	0.0557440231147
0.00470359368225	0.00534766571474	0.00540589797642
0.00470359368225	0.558704075784	0.564787964283
0.00499756828739	0.125	0.126446723777
0.00499756828739	0.0988327375611	0.099976606932
0.00499756828739	0.187626758703	0.189798311447
0.00529154289253	0.0127189642333	0.0128748829362
0.00558551749767	0.142927890797	0.144777976479
0.00558551749767	0.761251627494	0.771105412704
0.00558551749767	0.0454994270165	0.0460883802151
0.00587949210281	0.287213469165	0.291128213149
0.00764333973366	0.245306310026	0.249661778223
0.00823128894394	0.10011204723	0.102027590749
0.00852526354908	0.0226115409713	0.023059794036
0.00852526354908	0.0493161205534	0.0502937674198
0.00881923815422	0.00295157992708	0.00301213051837
0.00881923815422	0.489948876563	0.5
0.00911321275936	0.0101452844453	0.0103604218872
0.0094071873645	0.00658731497441	0.00673155838963
0.00970116196964	0.0111386542508	0.0113902664988
0.0105830857851	0.00245191554106	0.00251239888583
0.0105830857851	0.213667220388	0.218937919129
0.0108770603902	0.218937919129	0.22449054095
0.0111710349953	0.000983195290039	0.00100881335842
0.0120529588108	0.400448188921	0.411717467425
0.0123469334159	0.600265174554	0.617575531968
0.012640908021	0.175584131911	0.180769922907
0.0129348826262	0.115638628824	0.119134573953
0.0132288572313	0.181997708066	0.187626758703
0.0132288572313	0.00119968802354	0.00123679346133
0.0138168064416	0.00362105297868	0.0037381066285
0.0141107810467	0.00169661507351	0.00175264558106
0.0141107810467	0.0611607538805	0.0631805803782
0.0141107810467	0.107559221617	0.111111351899
0.014698730257	0.25	0.258606084593
0.0158746286776	0.160684724135	0.166666847257
0.0158746286776	0.431695493472	0.447767062237
0.0161686032827	0.0160864766917	0.0166966574532
0.0164625778879	0.00514874844245	0.00534766571474
0.0164625778879	0.111337215489	0.115638628824
0.0170505270982	0.412275229268	0.428783207787
0.0170505270982	0.00392214714047	0.00407919446261
0.0173445017033	0.00185895934881	0.00193470339856
0.0176384763084	0.2589564234	0.269690199439
0.0182264255187	0.00131004140459	0.00136619108646
0.018814374729	0.0136836199456	0.0142894455579
0.018814374729	0.145072276503	0.15149517491
0.0191083493341	0.00136619108646	0.00142764358053
0.0196962985444	0.0037381066285	0.00391154187458
0.0199902731496	0.00281880007909	0.00295157992708
0.020872196965	0.00194784385954	0.0020437432591
0.020872196965	0.119134573953	0.125
0.020872196965	0.00152452774855	0.00159958576461
0.0211661715701	0.00160283735121	0.00168288959741
0.0211661715701	0.127047289364	0.133392550085
0.0211661715701	0.714806669196	0.750507034813
0.0211661715701	0.00100881335842	0.00105919761935
0.0211661715701	0.00251239888583	0.00263787835135
0.0217541207804	0.295696177746	0.310885045389
0.0223420699907	0.189926829709	0.199953213864
0.0223420699907	0.166779702495	0.175584131911
0.0226360445958	0.102027590749	0.10748643925
0.0235179684112	0.00624008436683	0.00658731497441
0.0238119430164	0.0631805803782	0.0667414371372
0.0238119430164	0.00123930757538	0.0013091549356
0.0241059176215	0.021390662859	0.0226115409713
0.024987841437	0.15149517491	0.160467335843
0.024987841437	0.020153685522	0.021347268816
0.0252818160421	0.269690199439	0.285855781594
0.0252818160421	0.0128923247963	0.0136651075525
0.0255757906472	0.00175264558106	0.00185895934881
0.0255757906472	0.00230856318965	0.00244859837614
0.0261637398575	0.376780674623	0.400177216645
0.0264577144627	0.313632818848	0.333333694514
0.0264577144627	0.564787964283	0.600265174554
0.0270456636729	0.00673155838963	0.00716409408754
0.0273396382781	0.00143054564858	0.00152349614255
0.0273396382781	0.00264503036511	0.0028168926746
0.0282215620935	0.0667414371372	0.0712224839684
0.0285155366986	0.0719493268721	0.076832023624
0.0285155366986	0.200088608322	0.213667220388
0.0288095113038	0.668927552565	0.714806669196
0.0288095113038	0.133392550085	0.142541421797
0.0291034859089	0.00583167081364	0.00623586187336
0.0293974605141	0.0460883802151	0.0493161205534
0.0296914351192	0.0103814822204	0.0111160578851
0.0299854097243	0.0307256201026	0.032921989061
0.0302793843295	0.016855637465	0.0180727635276
0.0305733589346	0.620928906037	0.666216273542
0.0329251557757	0.00540589797642	0.00583167081364
0.0332191303809	0.00788155118297	0.00850806561571
0.033513104986	0.0913073621363	0.0986322411068
0.033513104986	0.00332052022211	0.00358689971415
0.0343950288015	0.0769882052959	0.0833334236286
0.0349829780117	0.00850806561571	0.00922175985708
0.0352769526169	0.00474384779498	0.00514526442598
0.0367468256426	0.0837292202533	0.0911221319907
0.0367468256426	0.224946878118	0.244808670817
0.0382166986683	0.448677268751	0.489948876563
0.0390986224837	0.00301213051837	0.00329588772378
0.0390986224837	0.0370622364269	0.0405536776412
0.0399805462991	0.0503278228734	0.0551808886229
0.0399805462991	0.0557817691037	0.0611607538805
0.0408624701145	0.00923425275859	0.0101452844453
0.0414504193248	0.00716409408754	0.00788155118297
0.0426263177454	0.0278531513337	0.0307256201026
0.0429202923505	0.011413420267	0.012599000744
0.0443901653762	0.0181832009184	0.0201400480773
0.0452720891917	0.336735446558	0.373732550022
0.0461540130071	0.0406361138556	0.0451924807268
0.0473299114276	0.5	0.557570664032
0.0476238860328	0.00206180698899	0.00230076304698
0.0508576066893	0.014308803754	0.0160864766917
0.0511515812945	0.0329442815502	0.0370622364269
0.0532094035304	0.00105919761935	0.00119725428346
0.054385301951	0.771105412704	0.873975088005
0.058500946423	0.873975088005	1
0.0617346670795	0.00407919446261	0.00470228639488
0.0805490418085	0.023059794036	0.0277590414756
