0 0.0
0.0009765625 282.779736546
0.00121111105337 1165.64378556
0.00132251518256 1404.59359839
0.00133782169583 758.061998049
0.00133872757597 1443.51791458
0.00134599673432 1699.15487806
0.00135147449411 1451.89290838
0.001470803584 2501.58119934
0.00147379338632 2744.09214085
0.00153904379405 1952.03232067
0.00163793491896 3400.81350651
0.00179102352188 3191.80065913
0.0020744060906 4685.4977943
0.00207581073463 4306.8074303
0.00207721632979 4193.08123757
0.00207862287673 4116.26938921
0.0020828482346 4485.36903575
0.0023384456687 5097.07645637
0.0024271459221 5096.85495748
0.00243537453325 5674.39068916
0.00243702360009 5913.85049404
0.00243867378357 5056.60666603
0.0024585633585 4736.34956208
0.002668408602 5628.14768331
0.00267383285737 5510.02334214
0.0029435990205 5868.22251531
0.0033453368165 6734.05890007
0.00334760204674 6936.52594513
0.00357478034501 6752.93408956
0.00391154187458 7148.43160472
0.00392480294668 6918.97398041
0.00392746055122 6975.795574
0.00399178573693 7309.06705115
0.00529364279271 7878.4369921
0.00529722728072 7829.45540443
0.0066275681364 8336.47424234
0.00663654663479 8489.19721946
0.00664104044421 8334.91920891
0.00781779008354 8703.0383569
0.00784429428094 8743.78483757
0.00788688802319 8607.49814761
0.00850230844171 8573.19598954
0.00939184946447 8949.55907332
0.0108337738247 9351.15658885
0.0108411097055 9377.30199825
0.0127275766343 9589.24481376
0.0127534488437 9529.64812825
0.0128400699749 9790.84544929
0.0141355198388 9737.35198043
0.0156038611389 9966.98110295
0.0178176777246 10257.1284291
0.0179144259527 10100.1043744
0.0198289212061 10323.3325465
0.0242114943679 10628.9731349
0.0242278887138 10556.678882
0.0244751402558 10512.4169352
0.0259422120715 10467.4294575
0.0259597783395 10651.7704793
0.0274972220844 10572.7920392
0.0275158412975 10641.1838759
0.0277966472013 10661.2161615
0.0333481375212 10779.2709754
0.0374404656326 10847.5601932
0.0375165734096 10842.0615937
0.0394703757175 10789.2823656
0.0420919308198 10961.3473969
0.0498531378971 11002.6625146
0.0500221520806 11181.4293241
0.0544388820361 11125.879326
0.0566953804844 11178.6057731
0.0663360767056 11170.309008
0.0700747772001 11337.4337259
0.0701222269825 11318.0807796
0.070837841494 11196.2748553
0.0711742896723 11234.3320765
0.0828833750979 11350.5563569
0.0829956588549 11308.3317572
0.0833334236286 11214.4164858
0.0837292202533 11353.3525055
0.0923641343907 11354.3577477
0.100723802774 11386.3362191
0.103418235479 11283.5236351
0.111714675552 11427.325624
0.127133316983 11390.9937027
0.127219402854 11279.3184237
0.12765070737 11247.9857584
0.134207673082 11254.6393632
0.13484509972 11248.8862366
0.150371343584 11104.9371653
0.150473164636 11261.3462318
0.151905919998 11210.2122264
0.16498315374 11164.2674956
0.166666847257 11057.1916848
0.169740913277 11100.085796
0.18737292088 10932.7468865
0.187880940406 10913.7878838
0.19487555003 10679.2834619
0.200902902521 10762.7618067
0.201038940042 10814.2981223
0.212657193489 10904.8752049
0.213667220388 10710.8819432
0.249492838964 10659.3298818
0.25 10577.38509
0.256340406727 10344.4475125
0.256687676176 10561.7266053
0.25686148728 10331.1056787
0.285855781594 10192.1815156
0.286049343318 10400.456317
0.286243036108 10295.7360321
0.288577605148 10370.9570443
0.310464453018 10000.7506932
0.333333694514 9892.44005477
0.333785268301 9637.87016739
0.334916881013 9778.62667272
0.385813775923 9547.00993207
0.386075022273 9448.95117626
0.387646219421 9521.80980272
0.395063440663 9514.2708099
0.400448188921 9481.62217459
0.42502658843 9554.71395771
0.435511056289 9280.37173036
0.436396349187 9078.84729922
0.5 8128.62093541
0.545992532592 7967.40827295
0.546362240894 7839.11880845
0.579111905916 7568.71875264
0.579504040363 7697.36325916
0.600671632528 7291.30206748
0.620088859324 7406.21290102
0.666667389029 6724.12283732
0.667570536602 6679.28046752
0.727498220889 6599.43419997
0.792805602373 6548.0233614
0.79334243538 6433.60973055
0.798730798954 6358.75869225
0.801438689361 6279.14804301
0.801981368096 6490.21184277
1 0.0
