0.00029397460514	0.00130738379676	0.00130826906646
0.00029397460514	0.0120730139225	0.0120811889308
0.00029397460514	0.0166627858768	0.0166740687606
0.00029397460514	0.0277214866263	0.0277402576957
0.00029397460514	0.039204102356	0.039230648657
0.00029397460514	0.0416667118143	0.0416949256237
0.00029397460514	0.0492160756942	0.0492494014096
0.00029397460514	0.0618686156153	0.0619105087538
0.00029397460514	0.29390023904	0.294099247913
0.000293974605141	0.10058753484	0.100655645747
0.000293974605141	0.200088608322	0.20022409446
0.000293974605141	0.293502625195	0.293701364831
0.000293974605141	0.333333694514	0.33355940499
0.000293974605141	0.00121029152783	0.00121111105337
0.000293974605141	0.0013064991261	0.00130738379676
0.000293974605141	0.00248029349716	0.00248197298001
0.000293974605141	0.00843352546722	0.00843923606616
0.000293974605141	0.0133994752433	0.0134085484393
0.000293974605141	0.0207910924417	0.0208051707285
0.000293974605141	0.0208051707285	0.0208192585482
0.000293974605141	0.0211459243665	0.0211602429209
0.000293974605141	0.0279475802469	0.0279665044113
0.000293974605141	0.0357561679147	0.0357803795135
0.000293974605141	0.046119588072	0.0461508170606
0.000293974605141	0.293701364831	0.29390023904
0.000587949210281	0.00102603030778	0.00102742029145
0.000587949210281	0.00195577093729	0.00195842045908
0.000587949210281	0.0716577038107	0.0717547799275
0.000587949210281	0.166441365828	0.166666847257
0.000587949210281	0.33355940499	0.334011284551
0.000587949210281	0.0103254162313	0.010339404278
0.000587949210281	0.0120566804976	0.0120730139225
0.000587949210281	0.0619105087538	0.0619943801516
0.000881923815422	0.0278908845519	0.0279475802469
0.000881923815422	0.0919275196398	0.0921143869516
0.000881923815422	0.167118726922	0.167458440507
0.000881923815422	0.0166289830138	0.0166627858768
0.000881923815422	0.0416949256237	0.0417796817305
0.00117589842056	0.00843923606616	0.00846211715635
0.00117589842056	0.100044304161	0.100315551787
0.00117589842056	0.100315551787	0.10058753484
0.00117589842056	0.14714919577	0.147548157713
0.00117589842056	0.166666847257	0.167118726922
0.00176384763084	0.0286951977132	0.02881197764
0.00176384763084	0.00168973839928	0.00169661507351
0.00176384763084	0.00195842045908	0.00196639058008
0.00176384763084	0.00248197298001	0.00249207378593
0.00176384763084	0.00683255377627	0.00686036000146
0.00205782223598	0.59500618182	0.59783219602
0.00205782223598	0.995272897281	1
0.00235179684112	0.00178135096231	0.00179102352188
0.00235179684112	0.0277402576957	0.0278908845519
0.00235179684112	0.0712707108983	0.0716577038107
0.00293974605141	0.0138889189873	0.0139832522056
0.00323372065655	0.00120131326477	0.00121029152783
0.00352769526169	0.0357803795135	0.0360722006434
0.00382166986683	0.400177216645	0.403714203551
0.00411564447197	0.00285528716105	0.0028824742545
0.00411564447197	0.00301621111151	0.00304493046921
0.00411564447197	0.247642035015	0.25
0.00499756828739	0.22012673038	0.222674430978
0.00587949210281	0.0014500441073	0.00146980833166
0.00587949210281	0.334011284551	0.338563886734
0.00587949210281	0.0120811889308	0.0122458565622
0.00617346670795	0.00102742029145	0.00104212929754
0.00676141591823	0.0208192585482	0.0211459243665
0.00705539052337	0.59783219602	0.60762367999
0.0094071873645	0.00376094910866	0.00384330317038
0.00970116196964	0.00748127563046	0.00765027096302
0.0111710349953	0.0279665044113	0.0286951977132
0.0117589842056	0.0122458565622	0.0125819557184
0.0117589842056	0.0139832522056	0.0143670358342
0.0135228318365	0.0178901897567	0.0184560083874
0.0141107810467	0.00304493046921	0.00314548892959
0.0152866794673	0.0134085484393	0.0138889189873
0.0176384763084	0.0159671429477	0.0166289830138
0.0196962985444	0.0028824742545	0.00301621111151
0.0211661715701	0.00169661507351	0.00178135096231
0.0214601461753	0.0009765625	0.00102603030778
0.0226360445958	0.0492494014096	0.0518844241429
0.0246938668318	0.0225046538945	0.0238213409443
0.0261637398575	0.039230648657	0.0416667118143
0.0267516890678	0.0211602429209	0.0225046538945
0.0273396382781	0.00158664524762	0.00168973839928
0.0273396382781	0.0125819557184	0.0133994752433
0.0279275874884	0.0461508170606	0.0492160756942
0.0288095113038	0.0666962750423	0.0712707108983
0.0305733589346	0.0166740687606	0.0178901897567
0.0317492573552	0.0619943801516	0.0666962750423
0.0317492573552	0.02881197764	0.0309971900758
0.0329251557757	0.00121111105337	0.0013064991261
0.0332191303809	0.00146980833166	0.00158664524762
0.033513104986	0.00846211715635	0.00914096695065
0.0358649018272	0.0921143869516	0.100044304161
0.0361588764323	0.0360722006434	0.039204102356
0.037628749458	0.00686036000146	0.00748127563046
0.0382166986683	0.00179102352188	0.00195577093729
0.0402745209043	0.60762367999	0.666667389029
0.0411564447197	0.20022409446	0.22012673038
0.0423323431402	0.00765027096302	0.00843352546722
0.0429202923505	0.0417796817305	0.046119588072
0.0429202923505	0.100655645747	0.111111351899
0.0446841399814	0.00130826906646	0.0014500441073
0.0458600384019	0.0143670358342	0.0159671429477
0.0461540130071	0.222674430978	0.247642035015
0.0511515812945	0.111111351899	0.125
0.0517395305047	0.0184560083874	0.0207910924417
0.052327479715	0.147548157713	0.166441365828
0.0529154289253	0.00914096695065	0.0103254162313
0.0529154289253	0.0717547799275	0.0810524721657
0.054385301951	0.294099247913	0.333333694514
0.0546792765562	0.00602426103675	0.00683255377627
0.0546792765562	0.0810524721657	0.0919275196398
0.0561491495819	0.00529364279271	0.00602426103675
0.0590888956333	0.00249207378593	0.00285528716105
0.0611467178692	0.00384330317038	0.00442436921718
0.0617346670795	0.00104212929754	0.00120131326477
0.0620286416847	0.0309971900758	0.0357561679147
0.0658503115515	0.0238213409443	0.0277214866263
0.0667322353669	0.010339404278	0.0120566804976
0.0696719814183	0.25	0.293502625195
0.0708478798389	0.125	0.14714919577
0.0726117274697	0.338563886734	0.400177216645
0.0755514735211	0.5	0.59500618182
0.0764333973366	0.0518844241429	0.0618686156153
0.077315321152	0.167458440507	0.200088608322
0.0776092957571	0.00314548892959	0.00376094910866
0.0779032703623	0.00442436921718	0.00529364279271
0.0928959752244	0.403714203551	0.5
0.100833289563	0.00196639058008	0.00248029349716
0.174032966243	0.666667389029	0.995272897281
