0 24.2651127908
0.0009765625 5434.51195107
0.00102603030778 5082.48073646
0.00102742029145 5880.85687713
0.00104212929754 5899.13122563
0.00120131326477 7800.8586634
0.00121029152783 7771.2130174
0.00121111105337 7955.59558781
0.0013064991261 7709.15105998
0.00130738379676 8802.35831335
0.00130826906646 8730.53260532
0.0014500441073 8470.89186091
0.00146980833166 9809.88712095
0.00158664524762 9293.41935224
0.00168973839928 10440.9069671
0.00169661507351 10347.4817291
0.00178135096231 10622.0877984
0.00179102352188 10675.7459992
0.00195577093729 10783.2663383
0.00195842045908 10680.9073216
0.00196639058008 10968.6452485
0.00248029349716 12169.2630275
0.00248197298001 12232.2283102
0.00249207378593 12418.6587575
0.00285528716105 13186.3333528
0.0028824742545 13233.9484268
0.00301621111151 13239.435646
0.00304493046921 13404.955348
0.00314548892959 13493.6651124
0.00376094910866 14478.1081506
0.00384330317038 14096.7066109
0.00442436921718 14860.518023
0.00529364279271 15323.2374428
0.00602426103675 15983.3066305
0.00683255377627 16496.6729268
0.00686036000146 16411.8259808
0.00748127563046 16675.2455882
0.00765027096302 16860.0933007
0.00843352546722 16961.2698646
0.00843923606616 16979.7811402
0.00846211715635 17019.3969062
0.00914096695065 17504.9213043
0.0103254162313 17727.2599559
0.010339404278 17632.3831342
0.0120566804976 18235.7984008
0.0120730139225 18218.0622782
0.0120811889308 18293.6856376
0.0122458565622 18239.2255278
0.0125819557184 18260.4542512
0.0133994752433 18466.7715425
0.0134085484393 18527.7638842
0.0138889189873 18806.9865321
0.0139832522056 18482.0823359
0.0143670358342 18780.9718347
0.0159671429477 19063.1414063
0.0166289830138 19046.3898424
0.0166627858768 18969.9903925
0.0166740687606 19187.982407
0.0178901897567 19321.9069268
0.0184560083874 19476.7809225
0.0207910924417 19668.4496626
0.0208051707285 19496.9211494
0.0208192585482 19591.3043381
0.0211459243665 19665.1709541
0.0211602429209 19815.2637943
0.0225046538945 19855.4937359
0.0238213409443 19862.9795038
0.0277214866263 20123.5191536
0.0277402576957 19926.4929875
0.0278908845519 20234.876419
0.0279475802469 20143.1255289
0.0279665044113 20002.1356156
0.0286951977132 20241.8224461
0.02881197764 20052.3743526
0.0309971900758 20326.2447007
0.0357561679147 20602.0825873
0.0357803795135 20461.9228441
0.0360722006434 20411.6221895
0.039204102356 20632.8864096
0.039230648657 20570.0286241
0.0416667118143 20674.4856317
0.0416949256237 20693.667374
0.0417796817305 20589.5814005
0.046119588072 20791.2360382
0.0461508170606 20759.7029966
0.0492160756942 20786.4752486
0.0492494014096 20699.9148022
0.0518844241429 20912.932489
0.0618686156153 20871.3632796
0.0619105087538 20817.8183532
0.0619943801516 20914.6440803
0.0666962750423 21068.0152414
0.0712707108983 20953.9970302
0.0716577038107 20918.7325425
0.0717547799275 20941.7895081
0.0810524721657 20852.3772486
0.0919275196398 20994.8519618
0.0921143869516 21093.42853
0.100044304161 20909.4302571
0.100315551787 21126.2543406
0.10058753484 20960.3223866
0.100655645747 21096.9329531
0.111111351899 20867.442788
0.125 20779.9039063
0.14714919577 20861.049842
0.147548157713 20742.9847799
0.166441365828 20730.4796455
0.166666847257 20350.0255151
0.167118726922 20090.8157272
0.167458440507 20474.786317
0.200088608322 19970.0652218
0.20022409446 20234.2367053
0.22012673038 20034.1157916
0.222674430978 20080.176082
0.247642035015 19905.919
0.25 19430.2803344
0.293502625195 19312.088543
0.293701364831 19244.7568822
0.29390023904 19253.1045848
0.294099247913 19310.117042
0.333333694514 18080.6831232
0.33355940499 18307.7040927
0.334011284551 18242.6860403
0.338563886734 18274.3045338
0.400177216645 18046.1601675
0.403714203551 17956.443676
0.5 14356.2599267
0.59500618182 14260.63242
0.59783219602 13970.1522381
0.60762367999 14120.5675252
0.666667389029 13406.3202349
0.995272897281 12780.3342434
1 0.0
