0 12.9195796944
0.0009765625 23487.3755259
0.00106567006731 21673.0618476
0.00107000699064 22992.241301
0.00108532568686 24237.4993188
0.00111285131201 23212.2229584
0.001115868558 23906.529268
0.00113184382883 25465.5427434
0.00113491256877 24999.2759982
0.00121111105337 26447.3946423
0.00129242553475 27064.5617993
0.00137733360177 27995.3920996
0.00154008592784 31169.9520888
0.00154112876729 30596.2654828
0.00154217231288 30656.3396307
0.00154740064966 30745.3270531
0.00158449869572 31081.7877739
0.00175383235117 32753.898176
0.00175501992489 33367.4173132
0.00176693997985 32727.098608
0.00196639058008 33830.3165204
0.00197439313682 34164.99725
0.00201899291382 34532.4756029
0.00202309705782 34317.5543192
0.00210695468312 34655.9005095
0.00236711210796 35870.9267755
0.00249713959355 36740.6825913
0.00249883048341 37168.4330443
0.00282070877514 38556.4223889
0.00301621111151 38838.8246259
0.0030697646119 38380.2865026
0.0030989938882 39125.0771759
0.0031095002263 39595.3349761
0.00359662478586 41025.4623385
0.003601497205 40455.7506106
0.00370034371404 41179.7210886
0.00410690025758 42126.2343486
0.00410968116579 41816.0329508
0.00411246395705 42052.6251308
0.0042367904774 42300.4691284
0.00459530074863 43519.101012
0.00506920970515 43845.4685568
0.00507951423195 43927.5296631
0.0053223867496 44056.951218
0.00552801238196 44561.356841
0.00604059446539 45091.6720988
0.00619798777641 45265.6293746
0.00626123976063 45934.7197456
0.00626547943825 45833.2221624
0.00686500536178 46066.1334749
0.00689761107786 46241.4058038
0.00694445949366 46108.1064716
0.00697744258146 45753.1452302
0.00728636035621 46194.0709836
0.00729129417445 46526.6867569
0.00809238823127 47032.6576962
0.00889678620904 47713.6751963
0.00957803426766 49075.6852559
0.00959100982121 48244.1214829
0.00959750418833 48708.0052041
0.0109814390823 49363.9466379
0.0109888749517 49665.557707
0.0112067193207 50019.7791643
0.0112904750545 49954.6544712
0.0121962219884 50525.0563155
0.0126331601004 50761.5777482
0.0146221257569 51354.451802
0.014632026847 51882.4897037
0.0146419346415 51575.00971
0.0161519433105 52079.1430812
0.0161847764625 52106.8806156
0.01836876494 52588.356525
0.0194040283136 52958.7558272
0.0224742076383 53386.9445036
0.0242278887138 53454.2686249
0.0252150638283 53418.8212327
0.0257672018293 53370.965271
0.025872065785 53786.8854114
0.028909657206 53628.3886011
0.0289684238294 53705.2282701
0.0333707185686 53940.8802112
0.0333933149064 54442.0590825
0.0344494557284 54211.247425
0.0364403262914 53997.256376
0.0371627223438 54333.8057872
0.04829205569 54193.6159932
0.0483247557232 54600.0379044
0.0513602798995 54844.9220765
0.0555932944026 54285.4140191
0.0625 54526.6001595
0.0631805803782 54765.3209236
0.0683415249421 54439.7507857
0.070407601163 54895.9700814
0.0727328036736 54572.5166671
0.0831643697667 54411.7498832
0.0833334236286 54092.494165
0.0834463170752 54138.9969022
0.0837292202533 54199.1104599
0.0909372776112 53864.0315377
0.0912455769555 53973.5015383
0.0995040072415 54063.0899546
0.0995713844589 53809.3998235
0.10058753484 53842.6566736
0.100655645747 53433.0383249
0.109172961637 53715.3267401
0.111111351899 53272.8576027
0.111639081303 53398.2468066
0.112093415296 53470.7676927
0.112169317188 53135.0227731
0.124324927935 53142.740579
0.125084641337 52442.0295857
0.130534222803 52541.9732983
0.137797822913 52416.9339393
0.142541421797 52394.1666419
0.142927890797 51369.6934316
0.143121518054 51920.0217452
0.148953062133 51697.1165737
0.154812487275 51813.0882419
0.166666847257 50080.526178
0.168595814383 50199.1479357
0.168824214487 50004.6847318
0.174163670757 49929.3248677
0.200088608322 49159.5596989
0.201175069679 48356.7454763
0.201311291494 48819.9497719
0.212513294215 49140.6814145
0.222222703797 48476.3373535
0.222674430978 48499.0293899
0.222976092459 47596.9904867
0.223127076415 47634.286487
0.249492838964 47904.2832812
0.25 46134.4311743
0.250169282673 45988.1126905
0.250338679973 45851.8949957
0.251357475278 45653.7680279
0.258256219755 45890.4018272
0.267146519251 46398.6363959
0.286049343318 45793.4517483
0.286243036108 45770.8747139
0.294497670014 45391.1452889
0.294697083425 45185.7146043
0.327740302881 45004.2912495
0.333333694514 42653.5686921
0.33355940499 42605.9824677
0.346915510575 42110.0575378
0.386859823188 41990.8782074
0.400448188921 41354.3090919
0.5 32297.0583009
0.50441927571 32633.8123149
0.601078365726 31018.7261933
0.666667389029 29538.7219557
0.66711880998 29296.7209749
0.680804510319 29600.0311435
0.797650206353 28753.0084813
0.800896377841 28735.2281682
0.993926405408 29316.1290072
0.998647112891 28554.5034627
0.999323327503 28231.7807744
1 0.0
