2	1554
2	8870
5	9774
22	9545
29	39
39	29
39	8954
39	9055
41	1822
41	7873
52	9290
52	9364
70	2807
70	9425
82	5686
82	9696
89	5297
89	5360
89	7685
89	9202
90	9373
90	9893
92	9332
97	3623
97	8638
104	3829
104	5515
117	7433
118	355
125	5145
125	7820
132	9682
140	8003
152	7573
152	7647
153	3898
153	4727
154	3691
158	2195
160	8114
160	8830
163	2766
163	8385
167	4320
167	6858
167	8792
167	9852
172	1951
172	8986
173	6731
173	8226
178	8307
186	9217
187	5806
190	7498
190	9710
192	944
192	9028
197	2958
197	7175
197	8680
197	8733
203	250
203	5057
214	1257
214	7825
214	8471
214	9184
220	9922
222	1554
222	8332
222	9259
225	506
225	6562
232	534
235	4152
237	6137
237	7035
239	1876
239	9614
250	203
250	2286
262	5876
264	5032
267	2870
267	5602
277	7820
277	9375
282	8446
284	7503
299	7589
300	1404
304	5752
304	7675
304	9334
308	7393
308	8267
321	1207
321	8341
322	323
323	322
323	3982
323	5277
325	5216
325	9332
329	4268
333	926
333	7689
333	9905
344	9392
344	9817
345	991
345	5439
345	8782
345	9778
355	118
355	7023
355	9202
355	9532
356	5057
356	9373
356	9893
364	4208
364	8954
370	3802
370	9313
375	3327
376	9650
380	407
380	7807
385	8738
385	9479
386	5555
387	9690
400	1220
400	7253
407	380
407	1016
409	8050
409	8570
410	1927
410	3430
410	9143
413	1625
413	1661
417	7604
423	5757
423	9011
439	7086
443	5268
443	9120
452	9596
453	8813
454	3233
454	8114
462	5528
462	9541
462	9870
476	6963
476	6994
476	8933
480	1939
480	9532
486	2690
486	9682
489	2791
489	7718
503	6815
503	9296
506	225
506	7494
506	9697
513	8986
513	9648
514	3250
515	9881
519	5171
519	8471
531	8775
534	232
538	7001
538	9249
542	2220
551	3003
551	7062
560	980
560	9403
575	2733
575	9374
575	9958
581	7555
581	9084
581	9217
586	7603
586	9934
596	7636
604	4318
604	7634
604	8570
613	4002
613	9025
624	3844
624	5958
626	6651
627	5177
627	6359
627	7928
629	9689
629	9690
630	6963
630	9770
634	2059
634	2875
634	3672
637	7023
642	3542
652	3688
656	9920
671	8539
681	961
681	1625
681	7351
681	9438
691	6999
691	7787
691	7819
694	7001
698	3518
711	9795
728	5708
728	7708
728	8028
728	8453
734	7941
740	1706
747	6579
748	3161
755	7561
755	9889
758	970
758	9165
761	5245
761	6743
761	9431
788	8408
788	9064
790	1792
817	2117
817	9682
819	9795
819	9874
848	5020
848	5443
848	6572
848	6852
849	5466
849	5862
849	5882
852	5823
852	8571
852	9870
857	4736
857	8707
858	7433
858	9975
859	1336
859	8872
861	2870
862	3658
862	6116
862	8267
863	8970
865	3439
865	9225
868	9150
870	4282
870	9416
871	9937
874	4319
874	8209
877	4456
884	7520
884	7536
884	8106
884	9057
886	1797
886	7282
894	9641
905	3483
907	7351
907	9893
908	4069
911	9270
921	4054
921	5254
921	9937
926	333
926	8484
931	7513
931	9442
931	9614
932	4835
932	7785
932	8781
933	4859
933	7494
934	8638
937	1179
937	5706
943	7258
944	192
946	9120
946	9603
960	8169
960	9313
960	9795
960	9975
961	681
961	4643
970	758
977	6226
980	560
991	345
991	9778
1001	7949
1001	9655
1001	9817
1003	2965
1003	4267
1003	9307
1005	9057
1008	6654
1008	8277
1016	407
1016	8978
1016	9469
1021	6678
1021	9556
1027	7062
1027	9442
1046	9603
1048	2163
1055	2283
1055	9905
1056	7110
1056	8453
1056	9806
1058	5555
1058	5745
1058	9697
1077	2411
1083	3997
1085	7704
1085	8141
1085	8453
1087	8504
1106	3757
1106	6680
1110	7448
1117	4390
1132	7722
1140	4217
1140	9139
1142	5220
1142	8786
1142	9068
1146	9180
1146	9290
1155	1311
1155	2174
1163	5602
1164	9617
1179	937
1179	6163
1179	9751
1190	7812
1190	9044
1199	6318
1199	9806
1200	4119
1201	9874
1206	2188
1206	8446
1207	321
1207	5204
1208	5323
1220	400
1220	1818
1220	9869
1221	9509
1231	8934
1231	9889
1257	214
1257	7819
1267	9011
1275	7282
1275	7838
1275	8410
1278	9431
1283	9034
1289	7781
1297	9097
1306	9443
1308	5406
1308	6197
1311	1155
1314	4208
1320	4247
1331	8333
1331	9792
1332	5432
1332	5532
1336	859
1348	1910
1355	5064
1355	5571
1373	7637
1373	8222
1387	2804
1388	7647
1389	7555
1389	8117
1404	300
1404	7492
1411	8507
1418	8080
1419	2279
1425	4042
1447	7188
1447	9922
1451	4818
1468	2254
1468	3804
1471	9504
1473	9896
1476	6656
1478	3639
1478	8958
1481	7708
1483	5971
1485	5981
1485	7202
1491	9459
1492	6784
1496	4659
1496	6464
1504	8947
1504	9405
1505	6858
1505	9719
1512	6452
1515	4210
1515	8508
1522	4304
1522	4624
1529	6817
1529	9040
1538	9937
1542	1858
1542	6656
1542	9033
1544	1651
1544	2120
1544	8449
1546	8449
1554	2
1554	222
1554	2319
1556	9337
1564	3358
1569	7636
1571	8450
1571	9416
1584	5403
1584	7373
1596	7453
1607	6741
1607	9719
1624	6740
1625	413
1625	681
1625	4572
1627	5959
1627	9034
1628	2201
1628	5348
1628	9614
1629	5848
1629	7735
1629	9405
1629	9650
1638	5731
1651	1544
1651	5947
1655	5985
1655	9211
1655	9811
1656	3184
1656	5762
1656	8277
1656	8412
1658	8507
1661	413
1678	7566
1678	9866
1683	9054
1683	9131
1687	9388
1689	3555
1691	7130
1691	9866
1694	3741
1694	9055
1694	9696
1694	9814
1699	9039
1704	9628
1706	740
1706	7196
1709	5423
1709	9084
1719	7923
1723	8980
1725	7732
1725	9375
1726	3588
1726	9666
1733	9500
1733	9532
1740	9392
1749	8085
1749	9905
1765	5172
1773	9504
1773	9797
1782	9971
1783	6845
1783	7156
1792	790
1795	9403
1797	886
1798	5626
1798	6062
1800	9505
1801	4281
1803	9777
1811	7531
1811	8169
1813	4506
1813	9467
1818	1220
1818	7523
1818	9131
1818	9313
1822	41
1822	9469
1825	9870
1840	7378
1843	8484
1843	9308
1847	9742
1858	1542
1869	4208
1869	5710
1869	7573
1874	7538
1876	239
1876	9614
1877	2365
1877	7503
1880	8273
1880	9620
1884	6251
1884	6664
1889	7629
1889	9971
1894	8003
1901	8675
1902	3585
1902	5066
1902	9708
1910	1348
1910	9975
1915	4966
1915	7611
1915	8385
1915	9986
1916	9175
1927	410
1927	2547
1927	9227
1928	2022
1928	4348
1928	9849
1932	2163
1932	5602
1932	9150
1933	3537
1933	5784
1933	8685
1939	480
1948	6979
1948	7723
1951	172
1951	8870
1951	8934
1954	4127
1954	8981
1962	7943
1962	9253
1963	7183
1963	8996
1977	8446
1977	9963
1979	6624
1979	9650
1980	9084
1981	2684
1981	9650
1987	9814
1997	6976
1997	8891
1998	7535
1998	8099
2001	5485
2001	9650
2002	7196
2006	2174
2006	8366
2007	9392
2022	1928
2022	2784
2022	6326
2022	9797
2037	4281
2037	7306
2037	8786
2037	9061
2046	3059
2046	8707
2046	9064
2046	9515
2049	6979
2052	7482
2057	3415
2057	4436
2057	7432
2059	634
2059	4210
2064	5451
2064	9012
2067	5255
2067	8346
2070	6177
2082	5947
2082	8981
2090	5449
2090	7119
2097	2934
2110	5140
2110	6382
2110	9120
2111	6689
2111	7611
2111	9109
2117	817
2118	8042
2118	8138
2120	1544
2123	5555
2123	8254
2123	8332
2134	3067
2134	8976
2146	9292
2146	9723
2163	1048
2163	1932
2173	6689
2174	1155
2174	2006
2174	9557
2184	8549
2186	9131
2186	9313
2186	9795
2187	7708
2187	8657
2187	9483
2188	1206
2195	158
2195	6694
2201	1628
2201	3616
2201	8342
2215	8571
2215	9532
2215	9849
2215	9998
2219	7351
2220	542
2220	8333
2220	9904
2221	8594
2221	9126
2221	9689
2222	9411
2240	7490
2240	7831
2244	2774
2244	7187
2254	1468
2260	5052
2276	8625
2276	9504
2277	4343
2279	1419
2279	8970
2282	5213
2282	7810
2283	1055
2283	5706
2286	250
2307	7751
2307	9504
2319	1554
2319	4824
2319	8657
2320	8981
2331	6057
2331	9865
2333	3849
2333	6208
2338	8037
2338	9849
2338	9905
2343	7084
2343	8738
2346	7570
2346	8996
2351	8507
2351	9708
2356	9755
2365	1877
2365	6817
2365	8792
2373	6424
2373	9896
2373	9980
2400	7180
2400	9361
2400	9499
2405	6625
2410	9963
2411	1077
2411	3844
2411	8420
2411	9748
2420	5765
2422	8138
2422	8996
2422	9637
2428	7306
2428	9375
2429	9630
2432	3327
2432	5916
2442	4955
2442	6197
2446	2589
2446	8574
2448	9780
2467	9364
2467	9869
2475	2807
2475	7006
2475	9614
2479	3546
2479	7432
2483	9777
2493	6429
2497	3637
2497	4580
2497	9031
2514	3491
2514	6994
2516	7086
2516	7751
2536	9352
2537	7636
2547	1927
2550	7708
2550	8872
2550	9774
2556	8976
2562	9130
2562	9184
2562	9686
2569	9097
2569	9697
2582	7113
2582	9792
2584	3288
2585	5187
2585	6369
2586	9308
2589	2446
2589	9080
2589	9411
2618	9250
2618	9374
2618	9958
2620	5136
2620	8003
2626	6079
2626	9064
2626	9331
2637	4983
2637	9101
2645	3275
2645	5439
2645	8080
2645	9920
2658	4881
2658	7555
2666	7313
2684	1981
2684	7977
2684	9068
2690	486
2690	6516
2690	7613
2690	9682
2733	575
2733	3906
2733	9121
2740	6436
2740	8412
2741	6186
2741	6979
2743	9374
2745	3864
2745	8301
2754	6732
2756	5052
2756	8740
2764	6386
2764	7285
2766	163
2766	9655
2766	9817
2774	2244
2784	2022
2784	6088
2784	9797
2785	7573
2785	8585
2787	5626
2787	7992
2787	9932
2790	3148
2790	9650
2791	489
2791	9630
2792	7249
2792	9158
2795	5951
2795	7636
2804	1387
2804	8891
2807	70
2807	2475
2807	4518
2807	4526
2807	9716
2808	5528
2808	8353
2808	9870
2810	3726
2810	6243
2810	9884
2826	5953
2829	7059
2829	9165
2829	9690
2843	3804
2843	8567
2843	9217
2854	3099
2854	9817
2855	3859
2855	4185
2855	5328
2857	9689
2870	267
2870	861
2870	5132
2870	6828
2873	6653
2875	634
2875	8422
2884	3099
2891	9852
2904	6821
2906	4132
2906	5961
2909	7528
2912	8408
2934	2097
2934	4456
2934	9629
2938	7156
2938	9263
2941	6519
2941	9375
2954	9098
2954	9457
2954	9869
2954	9980
2955	5515
2955	6328
2955	8307
2958	197
2965	1003
2969	9097
2975	8453
2986	9465
2987	9054
2998	9259
2998	9667
3003	551
3003	9889
3005	6261
3010	7636
3011	5985
3011	6731
3023	6882
3040	3840
3040	9814
3042	8863
3042	9465
3042	9937
3052	5836
3052	7194
3059	2046
3059	9515
3060	3506
3060	8237
3067	2134
3067	7817
3082	8457
3091	4535
3091	9777
3099	2854
3099	2884
3099	8494
3116	7864
3116	8450
3116	8968
3126	3467
3126	7477
3126	7972
3126	8351
3127	7224
3127	8585
3127	9723
3131	8201
3131	8332
3131	9068
3132	6143
3132	9293
3132	9545
3148	2790
3148	8950
3148	9028
3161	748
3161	5165
3161	8290
3181	3674
3184	1656
3184	9922
3205	4044
3205	7385
3205	9382
3205	9905
3209	9416
3209	9637
3233	454
3233	9373
3233	9629
3238	3434
3238	3705
3238	8081
3249	5195
3250	514
3250	3282
3265	6157
3265	8818
3265	9121
3275	2645
3275	8675
3275	9811
3276	5663
3276	6197
3276	9034
3279	4649
3282	3250
3282	5213
3282	8273
3282	9131
3282	9795
3288	2584
3288	8028
3292	4202
3292	7536
3319	5427
3319	7625
3319	8576
3319	9748
3327	375
3327	2432
3327	5959
3328	7355
3328	7607
3334	7629
3337	9893
3349	4943
3349	5550
3349	9814
3353	7196
3353	8042
3353	9120
3358	1564
3358	7873
3358	7999
3358	9832
3362	8707
3362	9515
3365	8366
3386	5028
3386	9754
3405	7553
3405	9352
3406	5708
3406	7628
3415	2057
3415	9143
3427	5996
3427	9023
3430	410
3430	7188
3430	7194
3433	4649
3433	9044
3434	3238
3434	8941
3434	9562
3439	865
3439	7585
3439	8038
3440	9356
3447	4575
3447	9708
3461	4496
3467	3126
3474	3602
3474	4931
3474	9904
3479	6894
3479	8307
3479	9832
3483	905
3483	4435
3487	5752
3487	8549
3487	8813
3489	5882
3491	2514
3491	9778
3506	3060
3506	3788
3506	9489
3511	6654
3511	8947
3515	6206
3515	9499
3516	9467
3518	698
3518	8507
3530	6593
3530	7447
3530	7814
3530	9374
3537	1933
3537	9963
3542	642
3542	8028
3542	9628
3545	6170
3545	8471
3545	9184
3546	2479
3546	5731
3546	9884
3547	6136
3547	9005
3551	6694
3551	9005
3552	8895
3552	9852
3553	5926
3555	1689
3555	9465
3556	6170
3556	7570
3556	7734
3566	9290
3566	9755
3566	9986
3575	8001
3576	5454
3578	7351
3578	8705
3581	8428
3585	1902
3585	7006
3585	7091
3585	8740
3587	9007
3587	9937
3588	1726
3588	5958
3593	8353
3593	9500
3594	8065
3594	9352
3594	9556
3598	9205
3602	3474
3602	7379
3603	7516
3613	8237
3613	8579
3613	9920
3616	2201
3623	97
3637	2497
3637	7732
3637	9770
3639	1478
3640	5823
3640	9874
3658	862
3658	9057
3658	9596
3664	8254
3664	8333
3664	8649
3664	9263
3672	634
3672	9247
3672	9630
3672	9659
3674	3181
3674	9175
3681	9012
3681	9814
3685	5393
3686	9494
3688	652
3691	154
3691	7432
3705	3238
3713	4537
3721	5663
3723	9034
3723	9101
3723	9792
3726	2810
3726	9211
3726	9690
3727	7091
3727	8146
3729	9270
3732	7035
3736	7034
3736	9695
3736	9875
3741	1694
3741	6820
3741	7285
3746	6593
3746	8114
3750	5413
3756	9098
3756	9697
3757	1106
3761	9489
3761	9620
3762	6359
3762	7022
3762	8230
3763	8381
3769	6940
3769	9382
3772	7732
3788	3506
3788	5848
3789	6539
3798	4494
3799	7202
3799	8164
3799	9751
3802	370
3804	1468
3804	2843
3804	4311
3804	7807
3815	9641
3819	8958
3819	9710
3819	9806
3823	4125
3823	9008
3829	104
3830	6881
3830	9889
3835	7595
3835	8570
3840	3040
3840	4362
3840	7490
3840	9937
3841	6470
3842	4396
3842	5083
3842	8954
3842	9613
3842	9849
3844	624
3844	2411
3844	8986
3849	2333
3849	7482
3849	8446
3849	8503
3850	7561
3856	5862
3858	5620
3858	9217
3859	2855
3859	6291
3859	7490
3862	5249
3862	5485
3862	9334
3864	2745
3877	8632
3882	3905
3882	7647
3888	6534
3888	7573
3888	8768
3888	9431
3891	5171
3891	7968
3891	9628
3898	153
3898	6944
3900	4276
3900	5187
3900	7674
3900	8675
3902	6693
3902	7466
3905	3882
3905	7045
3905	9699
3905	9792
3906	2733
3906	8818
3906	9121
3909	6047
3909	7175
3909	7195
3909	9031
3921	9318
3921	9479
3945	4769
3945	8702
3945	8872
3945	9641
3948	9792
3955	9304
3962	9443
3967	8702
3978	7498
3978	9005
3982	323
3997	1083
3997	5032
3999	4207
3999	9253
3999	9557
4002	613
4026	6562
4026	7006
4030	6088
4036	8581
4036	8680
4042	1425
4042	6448
4042	9986
4044	3205
4044	5900
4048	6457
4048	7943
4048	9109
4054	921
4054	9337
4058	7964
4069	908
4070	5165
4070	8863
4070	9227
4074	6392
4074	8038
4076	7045
4077	4530
4077	4640
4077	8970
4077	9352
4091	5268
4098	9629
4103	9308
4110	8114
4119	1200
4119	5862
4119	9751
4122	7322
4122	8428
4122	9165
4125	3823
4125	8870
4125	8934
4127	1954
4127	9126
4127	9596
4132	2906
4132	8768
4132	9710
4151	9225
4152	235
4152	8410
4155	6389
4155	9874
4164	8341
4164	9382
4168	5626
4168	7188
4168	8050
4168	9792
4182	4682
4182	7516
4182	9425
4182	9509
4185	2855
4185	5531
4185	7807
4185	8239
4192	7626
4192	7890
4197	8151
4199	9143
4202	3292
4202	6348
4202	8201
4207	3999
4207	6186
4207	9253
4208	364
4208	1314
4208	1869
4208	4818
4208	5900
4208	7231
4210	1515
4210	2059
4210	6812
4210	7475
4217	1140
4217	4671
4224	9007
4230	5848
4237	8420
4237	9515
4242	8950
4242	9499
4247	1320
4247	5069
4255	8410
4255	8704
4267	1003
4267	7306
4267	9881
4268	329
4268	8137
4270	8900
4270	9250
4270	9629
4270	9997
4276	3900
4281	1801
4281	2037
4282	870
4282	5491
4282	8657
4282	9483
4298	9742
4301	7091
4301	7379
4304	1522
4304	9667
4308	6261
4311	3804
4311	7202
4311	7498
4311	8968
4318	604
4318	4385
4319	874
4319	5017
4319	6654
4320	167
4320	9012
4328	4643
4328	9139
4329	7723
4329	9225
4330	4543
4330	4772
4343	2277
4343	4727
4343	7932
4348	1928
4348	9337
4349	5802
4349	9388
4359	5569
4362	3840
4362	7490
4362	8504
4380	6994
4380	7130
4380	8187
4380	9007
4385	4318
4390	1117
4390	5364
4396	3842
4396	5083
4396	8106
4396	9849
4417	7306
4426	7137
4426	8576
4428	5753
4428	7504
4428	9702
4428	9710
4435	3483
4436	2057
4436	9620
4447	9084
4447	9541
4447	9770
4451	9963
4451	9975
4454	7538
4454	9113
4456	877
4456	2934
4456	5981
4456	9403
4464	5849
4464	9881
4466	4873
4466	8307
4466	9313
4466	9795
4473	9997
4477	5194
4477	7513
4479	5479
4484	8390
4484	9489
4494	3798
4496	3461
4496	5101
4496	6519
4506	1813
4506	5406
4518	2807
4518	5710
4518	9457
4518	9500
4526	2807
4530	4077
4530	6369
4530	7353
4530	8926
4535	3091
4537	3713
4537	8332
4537	9303
4537	9465
4538	7379
4538	7674
4538	8471
4538	9050
4538	9620
4543	4330
4547	9334
4557	7377
4557	8705
4570	8582
4572	1625
4572	8702
4575	3447
4575	6124
4575	9795
4580	2497
4601	8813
4601	9303
4601	9603
4603	8574
4615	5508
4615	8383
4615	8582
4616	7379
4616	8786
4616	9777
4624	1522
4624	7023
4624	7685
4624	8294
4629	7745
4629	8830
4629	9205
4629	9686
4636	7119
4636	9641
4640	4077
4640	9998
4643	961
4643	4328
4643	9322
4646	6932
4646	9806
4649	3279
4649	3433
4649	8740
4651	7513
4651	8065
4652	6066
4659	1496
4671	4217
4671	5882
4672	6513
4677	8381
4681	9005
4681	9648
4682	4182
4704	7407
4704	9541
4723	7873
4723	9832
4727	153
4727	4343
4736	857
4755	6915
4755	7187
4755	8394
4755	9028
4755	9120
4757	6894
4757	7629
4757	8095
4757	8200
4761	9797
4769	3945
4769	7528
4769	9068
4772	4330
4772	9504
4777	9011
4797	6976
4802	4873
4802	5555
4806	9366
4806	9489
4806	9932
4806	9970
4818	1451
4818	4208
4818	8151
4818	9109
4824	2319
4824	8900
4835	932
4835	8781
4835	9811
4846	7611
4846	9865
4846	9986
4850	6294
4850	7498
4850	8097
4854	5204
4854	7373
4854	7968
4854	8809
4859	933
4859	9582
4859	9748
4873	4466
4873	4802
4881	2658
4881	4897
4891	7046
4891	8702
4891	9031
4891	9797
4893	6564
4893	7561
4893	9832
4896	9158
4897	4881
4897	5311
4897	9797
4898	5868
4898	8151
4909	6828
4909	7216
4909	9061
4909	9259
4915	5406
4915	7466
4931	3474
4937	6457
4939	5064
4939	5216
4941	5386
4943	3349
4943	9515
4943	9774
4943	9889
4946	5923
4946	5985
4955	2442
4966	1915
4966	7611
4966	9011
4966	9986
4975	8095
4982	9259
4983	2637
4983	8151
4993	6197
4993	8980
4993	9374
4995	8267
4996	5947
4996	8950
5000	7285
5000	7723
5000	8156
5004	5323
5004	8187
5012	7258
5012	8603
5015	9881
5017	4319
5017	8707
5017	9515
5017	9541
5017	9970
5019	9849
5020	848
5020	7757
5020	8954
5025	6292
5025	7407
5028	3386
5028	8650
5028	9253
5030	5258
5030	5413
5030	7183
5030	8514
5030	8782
5030	8980
5032	264
5032	3997
5038	7432
5043	5145
5047	5136
5047	7432
5052	2260
5052	2756
5052	8366
5052	9113
5057	203
5057	356
5057	5848
5064	1355
5064	4939
5064	5103
5064	7781
5064	8273
5064	9303
5064	9331
5066	1902
5066	7820
5069	4247
5069	5623
5069	8494
5069	9650
5069	9817
5071	6121
5083	3842
5083	4396
5083	7595
5083	8569
5083	9849
5088	9098
5088	9120
5088	9780
5099	7475
5099	9442
5099	9555
5100	7704
5100	8446
5100	9373
5101	4496
5101	9998
5103	5064
5103	7022
5103	7536
5103	8273
5109	5961
5109	8281
5110	9650
5128	9007
5130	5818
5130	8507
5131	6429
5131	7964
5131	8447
5131	8567
5131	9596
5132	2870
5132	6760
5132	6828
5132	7753
5132	7890
5133	8947
5133	8976
5136	2620
5136	5047
5140	2110
5140	6932
5140	9334
5145	125
5145	5043
5145	7785
5145	9356
5151	6680
5151	8865
5151	9128
5160	8576
5160	9103
5160	9411
5165	3161
5165	4070
5171	519
5171	3891
5172	1765
5172	7531
5172	9442
5177	627
5177	5317
5177	7787
5177	8813
5177	9603
5186	7477
5187	2585
5187	3900
5187	7545
5187	8127
5187	8768
5194	4477
5194	5403
5195	3249
5195	9126
5195	9667
5204	1207
5204	4854
5204	7387
5204	9614
5211	8277
5213	2282
5213	3282
5213	7810
5214	8254
5214	8346
5214	9913
5216	325
5216	4939
5216	8770
5220	1142
5234	5266
5234	6079
5234	6714
5234	8576
5234	9557
5245	761
5245	5249
5245	7753
5245	9431
5249	3862
5249	5245
5249	7573
5249	9431
5254	921
5255	2067
5255	5443
5255	7812
5255	8409
5255	9438
5257	6457
5257	8813
5257	9603
5258	5030
5258	5413
5258	6932
5258	8050
5258	9120
5266	5234
5268	443
5268	4091
5268	5767
5268	9098
5268	9126
5268	9874
5277	323
5277	8160
5277	9905
5278	6291
5297	89
5297	7023
5297	7685
5303	8119
5303	9792
5303	9896
5311	4897
5311	7661
5311	8428
5314	6086
5317	5177
5317	7535
5317	8028
5317	9296
5323	1208
5323	5004
5327	7253
5327	9637
5327	9881
5328	2855
5328	8254
5337	7082
5337	9352
5337	9617
5348	1628
5348	7387
5348	8705
5348	9614
5350	6290
5350	7251
5350	7531
5350	8420
5350	8484
5350	9748
5351	7119
5351	7306
5352	8226
5360	89
5360	5877
5360	6515
5360	9442
5364	4390
5364	9754
5384	7832
5386	4941
5386	8366
5386	9211
5389	7116
5389	7689
5390	8986
5390	9225
5392	8570
5393	3685
5393	6940
5393	7419
5393	9249
5394	7785
5394	8106
5401	5806
5401	7351
5401	7977
5401	9655
5401	9828
5402	6732
5402	6954
5403	1584
5403	5194
5406	1308
5406	4506
5406	4915
5406	8941
5409	8476
5409	9557
5409	9963
5413	3750
5413	5030
5413	5258
5416	8484
5416	9748
5416	9869
5422	7064
5422	8734
5422	8947
5422	9307
5423	1709
5423	7538
5423	8569
5424	5836
5424	6163
5424	7873
5424	9352
5424	9832
5427	3319
5427	8065
5432	1332
5432	7282
5432	9270
5436	7037
5436	9881
5439	345
5439	2645
5439	5882
5439	8385
5443	848
5443	5255
5443	7890
5443	8740
5449	2090
5449	9904
5451	2064
5451	8151
5454	3576
5454	6897
5454	9175
5454	9308
5454	9613
5457	8733
5458	5549
5458	7897
5458	9293
5462	9443
5462	9702
5466	849
5466	7202
5466	8164
5479	4479
5481	9628
5482	9296
5484	8342
5485	2001
5485	3862
5485	7503
5485	9011
5487	5951
5487	9884
5491	4282
5491	9416
5491	9479
5496	5696
5496	6039
5496	9364
5502	9318
5508	4615
5508	9754
5514	5762
5514	9932
5515	104
5515	2955
5515	6475
5515	8498
5525	8986
5525	9630
5528	462
5528	2808
5528	7992
5528	8941
5528	9064
5528	9870
5531	4185
5531	7674
5531	8231
5531	9648
5531	9735
5532	1332
5532	7433
5541	6186
5541	7113
5545	7035
5546	7920
5546	9012
5549	5458
5549	5943
5549	9293
5549	9690
5550	3349
5550	7246
5550	7708
5550	9774
5555	386
5555	1058
5555	2123
5555	4802
5555	8254
5555	9296
5565	8704
5569	4359
5569	9603
5571	1355
5577	7538
5581	7130
5581	8705
5593	9008
5593	9904
5599	9115
5601	6036
5601	7119
5601	8230
5602	267
5602	1163
5602	1932
5602	7313
5620	3858
5620	7897
5620	9217
5623	5069
5623	7294
5623	9655
5626	1798
5626	2787
5626	4168
5626	5665
5626	7787
5633	6086
5633	8926
5647	5817
5647	7949
5653	6743
5653	7026
5653	7503
5663	3276
5663	3721
5665	5626
5665	7781
5665	7787
5681	7113
5686	82
5686	8222
5694	8366
5694	9121
5696	5496
5696	8507
5706	937
5706	2283
5706	6424
5708	728
5708	3406
5710	1869
5710	4518
5710	8099
5724	9097
5731	1638
5731	3546
5734	6745
5745	1058
5745	7017
5745	8003
5745	9697
5747	8733
5747	9247
5747	9630
5752	304
5752	3487
5753	4428
5753	9505
5753	9849
5757	423
5757	8037
5757	9225
5759	9054
5762	1656
5762	5514
5762	8685
5765	2420
5767	5268
5767	8288
5767	9098
5774	6270
5774	7269
5784	1933
5794	7595
5794	8164
5802	4349
5806	187
5806	5401
5806	7476
5806	9392
5810	6579
5810	6956
5810	7037
5810	8504
5817	5647
5817	9109
5818	5130
5818	9764
5823	852
5823	3640
5823	9265
5823	9403
5823	9755
5825	8980
5836	3052
5836	5424
5836	7194
5848	1629
5848	3788
5848	4230
5848	5057
5849	4464
5849	8449
5861	8201
5861	9150
5862	849
5862	3856
5862	4119
5862	9044
5862	9814
5868	4898
5868	6291
5868	8519
5868	9253
5876	262
5876	9304
5876	9629
5877	5360
5877	6886
5877	7477
5882	849
5882	3489
5882	4671
5882	5439
5882	6124
5882	8385
5883	7641
5883	9313
5890	7603
5890	7781
5890	9303
5896	7812
5900	4044
5900	4208
5900	8144
5916	2432
5923	4946
5923	7926
5923	9115
5926	3553
5926	9494
5943	5549
5943	9442
5943	9690
5943	9814
5947	1651
5947	2082
5947	4996
5947	9253
5948	7482
5948	8446
5951	2795
5951	5487
5951	7572
5953	2826
5953	7814
5953	9682
5958	624
5958	3588
5958	9131
5958	9292
5958	9666
5959	1627
5959	3327
5959	7516
5959	9702
5961	2906
5961	5109
5961	9322
5961	9708
5971	1483
5971	6116
5971	6163
5971	9403
5981	1485
5981	4456
5981	9932
5985	1655
5985	3011
5985	4946
5985	6731
5985	9934
5988	7448
5988	9708
5996	3427
5996	8332
5996	9403
5998	7820
5998	9143
6011	9057
6011	9326
6016	7503
6016	8286
6016	8675
6016	9614
6018	9115
6018	9695
6018	9913
6020	9296
6036	5601
6037	8990
6037	9443
6037	9702
6039	5496
6039	6104
6039	9388
6042	6609
6042	7537
6042	8137
6042	8457
6047	3909
6047	9795
6057	2331
6057	8237
6057	8680
6057	9778
6062	1798
6066	4652
6066	6985
6066	8678
6066	9932
6073	9175
6073	9613
6079	2626
6079	5234
6086	5314
6086	5633
6086	6799
6088	2784
6088	4030
6104	6039
6112	6206
6112	6732
6112	8050
6112	9180
6116	862
6116	5971
6116	9265
6116	9403
6116	9874
6121	5071
6124	4575
6124	5882
6124	7175
6124	7890
6124	9313
6124	9832
6135	7466
6135	9361
6136	3547
6136	7156
6137	237
6137	9205
6143	3132
6143	7604
6155	9308
6156	8768
6157	3265
6157	8818
6157	9121
6157	9499
6163	1179
6163	5424
6163	5971
6163	8095
6163	9874
6170	3545
6170	3556
6170	8471
6177	2070
6177	7634
6186	2741
6186	4207
6186	5541
6197	1308
6197	2442
6197	3276
6197	4993
6197	9034
6204	6592
6206	3515
6206	6112
6206	8050
6206	9969
6208	2333
6208	7224
6208	7734
6208	9723
6213	9648
6226	977
6226	7555
6226	7722
6226	8200
6226	8768
6243	2810
6247	7513
6247	8209
6247	9614
6247	9699
6251	1884
6251	7251
6251	7448
6257	9459
6260	8813
6260	9648
6261	3005
6261	4308
6261	7096
6265	8081
6265	9603
6265	9922
6270	5774
6270	7046
6270	8581
6270	9896
6278	6685
6278	7490
6278	9969
6286	9227
6287	7064
6287	8226
6287	8734
6290	5350
6290	8037
6291	3859
6291	5278
6291	5868
6291	9723
6292	5025
6292	8689
6294	4850
6294	7476
6294	9352
6294	9798
6301	7378
6301	7704
6317	7972
6317	8933
6318	1199
6318	8333
6318	9263
6320	8702
6326	2022
6326	9557
6326	9797
6328	2955
6328	7998
6328	9557
6331	9467
6333	8817
6348	4202
6348	6473
6348	7832
6350	8585
6350	8625
6350	9509
6359	627
6359	3762
6359	6613
6359	8137
6359	8571
6359	9596
6369	2585
6369	4530
6369	6461
6369	8809
6382	2110
6382	8080
6382	8534
6382	9920
6386	2764
6386	8574
6386	9532
6389	4155
6389	9403
6389	9755
6392	4074
6392	8003
6392	8863
6392	9028
6392	9637
6399	9352
6399	9557
6418	9403
6418	9755
6418	9874
6424	2373
6424	5706
6424	9494
6426	7407
6429	2493
6429	5131
6429	7890
6435	8085
6435	9905
6436	2740
6440	6915
6440	9120
6440	9489
6448	4042
6448	9697
6452	1512
6452	9128
6457	4048
6457	4937
6457	5257
6457	6651
6461	6369
6461	6941
6461	7589
6461	8569
6461	9326
6461	9345
6461	9541
6464	1496
6470	3841
6470	7046
6470	9375
6470	9742
6473	6348
6473	7801
6475	5515
6475	6676
6475	8561
6475	8990
6482	8277
6482	9562
6486	8567
6486	8632
6486	9016
6495	7964
6502	9778
6513	4672
6515	5360
6515	7024
6515	9326
6516	2690
6516	8307
6516	8498
6516	9227
6519	2941
6519	4496
6519	6699
6519	9545
6522	8704
6522	9695
6534	3888
6534	6741
6534	9431
6534	9650
6534	9798
6539	3789
6539	9332
6554	9438
6562	225
6562	4026
6562	6969
6562	7636
6562	7817
6562	9247
6562	9613
6562	9896
6564	4893
6564	9780
6572	848
6572	7516
6577	8625
6577	9875
6579	747
6579	5810
6579	9489
6581	8450
6592	6204
6593	3530
6593	3746
6593	9250
6607	9392
6607	9520
6609	6042
6609	9881
6613	6359
6613	8446
6613	9980
6624	1979
6624	9292
6625	2405
6625	6954
6625	7243
6625	7294
6630	8594
6630	8958
6630	9710
6651	626
6651	6457
6653	2873
6654	1008
6654	3511
6654	4319
6656	1476
6656	1542
6656	7470
6656	7674
6664	1884
6664	9113
6664	9356
6664	9798
6666	8037
6666	8341
6666	9382
6670	8161
6670	8895
6670	9852
6676	6475
6678	1021
6678	7854
6678	8137
6678	8150
6678	8450
6678	9411
6680	1106
6680	5151
6680	9296
6680	9467
6685	6278
6685	7020
6685	9515
6689	2111
6689	2173
6689	8504
6689	8986
6693	3902
6693	8409
6693	9318
6694	2195
6694	3551
6694	8895
6694	8947
6699	6519
6699	6969
6699	9751
6705	6895
6705	7050
6705	7625
6714	5234
6714	7074
6731	173
6731	3011
6731	5985
6731	9754
6731	9755
6732	2754
6732	5402
6732	6112
6732	8050
6732	9696
6740	1624
6740	8508
6741	1607
6741	6534
6741	9180
6741	9249
6741	9777
6743	761
6743	5653
6743	9296
6743	9806
6745	5734
6745	7832
6760	5132
6784	1492
6784	8570
6795	8127
6795	8307
6795	9121
6795	9742
6799	6086
6812	4210
6812	9555
6815	503
6815	8968
6815	9963
6817	1529
6817	2365
6817	7801
6817	9331
6817	9364
6817	9774
6820	3741
6820	9025
6820	9143
6821	2904
6821	8381
6821	8670
6828	2870
6828	4909
6828	5132
6828	7373
6828	7943
6828	9971
6845	1783
6852	848
6852	7069
6852	7137
6852	8213
6852	8503
6852	8678
6858	167
6858	1505
6858	7674
6858	9050
6877	7897
6877	8986
6877	9562
6881	3830
6881	8704
6881	9250
6881	9889
6882	3023
6882	9128
6882	9904
6886	5877
6886	7477
6886	7908
6886	8809
6894	3479
6894	4757
6894	9270
6894	9411
6895	6705
6895	8484
6895	9748
6895	9971
6897	5454
6897	9175
6897	9562
6897	9980
6915	4755
6915	6440
6915	7187
6915	7787
6915	9120
6915	9719
6932	4646
6932	5140
6932	5258
6932	8990
6936	9617
6940	3769
6940	5393
6941	6461
6941	8569
6941	9811
6944	3898
6944	7196
6954	5402
6954	6625
6954	9620
6956	5810
6956	7037
6956	7722
6956	8768
6963	476
6963	630
6963	9770
6969	6562
6969	6699
6969	8781
6969	8926
6976	1997
6976	4797
6976	7475
6976	7781
6976	8141
6979	1948
6979	2049
6979	2741
6985	6066
6985	7008
6985	9716
6985	9932
6994	476
6994	2514
6994	4380
6994	7401
6994	8164
6994	8187
6994	8332
6999	691
6999	7149
6999	7650
6999	8144
6999	9115
6999	9695
6999	9913
7001	538
7001	694
7001	8231
7001	8412
7001	9866
7006	2475
7006	3585
7006	4026
7006	9431
7006	9913
7008	6985
7008	9932
7014	7926
7014	8976
7014	9217
7017	5745
7017	7831
7017	9689
7020	6685
7020	9057
7022	3762
7022	5103
7022	8519
7022	9225
7023	355
7023	637
7023	4624
7023	5297
7023	8738
7023	9202
7024	6515
7024	8187
7024	9139
7024	9375
7024	9875
7026	5653
7026	9011
7030	9250
7034	3736
7034	7062
7034	9345
7034	9650
7034	9875
7035	237
7035	3732
7035	5545
7036	9342
7036	9998
7037	5436
7037	5810
7037	6956
7037	7722
7037	8570
7045	3905
7045	4076
7045	9896
7045	9904
7046	4891
7046	6270
7046	6470
7046	9754
7047	7490
7047	9937
7048	8222
7048	8476
7048	8707
7050	6705
7050	8740
7059	2829
7059	7477
7061	9031
7062	551
7062	1027
7062	7034
7062	8996
7064	5422
7064	6287
7064	9097
7069	6852
7069	7137
7074	6714
7074	8201
7074	9126
7078	8504
7082	5337
7084	2343
7084	9680
7084	9716
7086	439
7086	2516
7091	3585
7091	3727
7091	4301
7096	6261
7096	9143
7110	1056
7113	2582
7113	5541
7113	5681
7113	7716
7113	8830
7116	5389
7116	7972
7119	2090
7119	4636
7119	5351
7119	5601
7119	9795
7129	9250
7130	1691
7130	4380
7130	5581
7132	9659
7137	4426
7137	6852
7137	7069
7137	9292
7137	9682
7143	7757
7143	8781
7143	8981
7145	7595
7145	8038
7149	6999
7149	7926
7149	9913
7156	1783
7156	2938
7156	6136
7175	197
7175	3909
7175	6124
7175	7519
7175	8231
7175	8408
7180	2400
7180	9128
7183	1963
7183	5030
7183	8144
7187	2244
7187	4755
7187	6915
7187	9023
7187	9120
7187	9250
7187	9865
7188	1447
7188	3430
7188	4168
7188	8514
7188	9922
7188	9980
7189	8504
7189	9155
7189	9699
7189	9980
7194	3052
7194	3430
7194	5836
7194	7607
7194	8872
7195	3909
7195	8632
7195	9622
7196	1706
7196	2002
7196	3353
7196	6944
7196	8770
7196	9489
7202	1485
7202	3799
7202	4311
7202	5466
7202	8164
7216	4909
7224	3127
7224	6208
7224	7245
7224	7384
7224	7675
7224	8326
7224	9337
7224	9364
7224	9723
7226	8865
7231	4208
7231	9025
7231	9686
7243	6625
7243	8146
7245	7224
7245	8476
7245	9025
7245	9101
7245	9249
7245	9708
7246	5550
7246	7708
7246	7949
7246	8346
7246	9402
7249	2792
7251	5350
7251	6251
7251	7595
7253	400
7253	5327
7253	9881
7258	943
7258	5012
7258	8756
7261	7607
7261	9097
7261	9742
7261	9980
7269	5774
7282	886
7282	1275
7282	5432
7282	7838
7282	8213
7285	2764
7285	3741
7285	5000
7285	8286
7285	8534
7294	5623
7294	6625
7294	8494
7294	9655
7301	9719
7301	9971
7306	2037
7306	2428
7306	4267
7306	4417
7306	5351
7306	9375
7306	9881
7313	2666
7313	5602
7318	9814
7322	4122
7322	9044
7322	9225
7333	8494
7333	9008
7333	9655
7333	9817
7343	8114
7351	681
7351	907
7351	2219
7351	3578
7351	5401
7351	8576
7351	9253
7351	9828
7353	4530
7353	7817
7353	8453
7355	3328
7355	7373
7357	9425
7357	9708
7357	9866
7370	7604
7370	7923
7370	8569
7370	9326
7370	9345
7370	9695
7373	1584
7373	4854
7373	6828
7373	7355
7373	7448
7373	7723
7377	4557
7377	7528
7377	9555
7378	1840
7378	6301
7378	7998
7378	9250
7378	9774
7379	3602
7379	4301
7379	4538
7379	4616
7379	8080
7379	8237
7384	7224
7384	7627
7384	8164
7384	8326
7384	9061
7384	9723
7384	9751
7385	3205
7385	7802
7385	9465
7387	5204
7387	5348
7387	7513
7387	8209
7387	9614
7393	308
7393	9265
7393	9754
7396	9002
7396	9139
7396	9735
7401	6994
7401	8127
7407	4704
7407	5025
7407	6426
7407	8119
7407	9039
7407	9541
7407	9770
7410	7817
7410	7928
7419	5393
7419	7631
7419	7926
7419	9971
7432	2057
7432	2479
7432	3691
7432	5038
7432	5047
7432	8156
7432	8494
7433	117
7433	858
7433	5532
7433	9444
7433	9975
7447	3530
7447	7570
7447	8484
7448	1110
7448	5988
7448	6251
7448	7373
7448	9526
7448	9969
7453	1596
7453	9128
7453	9695
7465	7722
7466	3902
7466	4915
7466	6135
7466	8941
7470	6656
7470	9080
7475	4210
7475	5099
7475	6976
7475	9555
7476	5806
7476	6294
7477	3126
7477	5186
7477	5877
7477	6886
7477	7059
7482	2052
7482	3849
7482	5948
7482	8446
7490	2240
7490	3840
7490	3859
7490	4362
7490	6278
7490	7047
7490	9120
7490	9893
7492	1404
7492	9680
7492	9716
7494	506
7494	933
7494	9582
7495	8519
7498	190
7498	3978
7498	4311
7498	4850
7498	7553
7498	8097
7498	8968
7498	9352
7503	284
7503	1877
7503	5485
7503	5653
7503	6016
7503	9011
7503	9797
7503	9998
7504	4428
7504	9555
7504	9710
7513	931
7513	4477
7513	4651
7513	6247
7513	7387
7513	9614
7516	3603
7516	4182
7516	5959
7516	6572
7516	9443
7516	9702
7519	7175
7519	9307
7519	9648
7520	884
7520	7801
7520	9331
7520	9457
7523	1818
7523	7897
7523	8791
7523	9103
7525	9920
7528	2909
7528	4769
7528	7377
7528	9068
7528	9680
7531	1811
7531	5172
7531	5350
7531	8567
7531	9016
7535	1998
7535	5317
7535	8792
7535	9296
7536	884
7536	3292
7536	5103
7536	9040
7537	6042
7537	7590
7537	8457
7538	1874
7538	4454
7538	5423
7538	5577
7545	5187
7545	9068
7545	9084
7553	3405
7553	7498
7553	8097
7553	8968
7555	581
7555	1389
7555	2658
7555	6226
7555	8117
7555	8986
7555	9265
7555	9852
7561	755
7561	3850
7561	4893
7566	1678
7570	2346
7570	3556
7570	7447
7570	8150
7570	9828
7572	5951
7572	8003
7572	9637
7573	152
7573	1869
7573	2785
7573	3888
7573	5249
7573	9431
7585	3439
7585	8231
7585	9080
7585	9648
7585	9893
7589	299
7589	6461
7589	9699
7590	7537
7590	8561
7590	8818
7595	3835
7595	5083
7595	5794
7595	7145
7595	7251
7595	8080
7595	9532
7603	586
7603	5890
7604	417
7604	6143
7604	7370
7604	9402
7607	3328
7607	7194
7607	7261
7611	1915
7611	2111
7611	4846
7611	4966
7611	9008
7611	9025
7611	9411
7611	9695
7611	9870
7611	9986
7613	2690
7613	8675
7625	3319
7625	6705
7625	9719
7626	4192
7626	7890
7627	7384
7627	8326
7627	9723
7628	3406
7628	9875
7629	1889
7629	3334
7629	4757
7629	7735
7629	9101
7629	9405
7629	9852
7631	7419
7631	9629
7634	604
7634	6177
7634	7814
7634	9293
7634	9629
7634	9690
7636	596
7636	1569
7636	2537
7636	2795
7636	3010
7636	6562
7637	1373
7637	9431
7637	9603
7641	5883
7641	7735
7641	8817
7641	9040
7647	152
7647	1388
7647	3882
7647	9034
7647	9795
7650	6999
7650	8978
7650	9469
7661	5311
7661	9416
7661	9509
7661	9628
7674	3900
7674	4538
7674	5531
7674	6656
7674	6858
7674	9050
7674	9467
7674	9620
7675	304
7675	7224
7675	8254
7675	9249
7675	9334
7685	89
7685	4624
7685	5297
7685	9202
7689	333
7689	5389
7689	9444
7689	9520
7704	1085
7704	5100
7704	6301
7704	8028
7704	8351
7704	8453
7704	8685
7708	728
7708	1481
7708	2187
7708	2550
7708	5550
7708	7246
7708	9866
7716	7113
7718	489
7718	7943
7718	8003
7718	9403
7718	9637
7722	1132
7722	6226
7722	6956
7722	7037
7722	7465
7722	8277
7722	9641
7723	1948
7723	4329
7723	5000
7723	7373
7723	8156
7732	1725
7732	3637
7732	3772
7732	8809
7734	3556
7734	6208
7734	9253
7734	9963
7735	1629
7735	7629
7735	7641
7735	8817
7735	9150
7735	9735
7745	4629
7745	8830
7745	9023
7751	2307
7751	2516
7751	8333
7751	8570
7751	9504
7753	5132
7753	5245
7753	9637
7753	9896
7757	5020
7757	7143
7757	8702
7757	9253
7757	9641
7781	1289
7781	5064
7781	5665
7781	5890
7781	6976
7781	9139
7781	9303
7785	932
7785	5145
7785	5394
7787	691
7787	5177
7787	5626
7787	5665
7787	6915
7787	8239
7787	9562
7801	6473
7801	6817
7801	7520
7801	9040
7801	9331
7802	7385
7802	8146
7802	9023
7802	9150
7807	380
7807	3804
7807	4185
7807	8341
7810	2282
7810	5213
7810	9364
7812	1190
7812	5255
7812	5896
7814	3530
7814	5953
7814	7634
7815	8390
7815	9696
7815	9814
7817	3067
7817	6562
7817	7353
7817	7410
7817	8561
7817	9797
7819	691
7819	1257
7819	9250
7819	9532
7819	9913
7820	125
7820	277
7820	5066
7820	5998
7820	8333
7820	8498
7825	214
7825	8657
7825	9392
7825	9708
7831	2240
7831	7017
7831	7869
7831	9689
7832	5384
7832	6348
7832	6745
7838	1275
7838	7282
7854	6678
7854	7897
7854	8150
7864	3116
7869	7831
7869	8156
7873	41
7873	3358
7873	4723
7873	5424
7873	9050
7873	9832
7873	9934
7890	4192
7890	5132
7890	5443
7890	6124
7890	6429
7890	7626
7890	8895
7890	9115
7890	9442
7897	5458
7897	5620
7897	6877
7897	7523
7897	7854
7897	8187
7897	8791
7897	9103
7908	6886
7908	9374
7908	9735
7911	8476
7911	9025
7911	9622
7911	9889
7920	5546
7920	9364
7920	9770
7923	1719
7923	7370
7923	8267
7923	8685
7923	9479
7923	9628
7926	5923
7926	7014
7926	7149
7926	7419
7926	8081
7926	8187
7926	9115
7928	627
7928	7410
7932	4343
7932	8200
7932	8768
7941	734
7941	9742
7941	9997
7943	1962
7943	4048
7943	6828
7943	7718
7943	8065
7943	9084
7949	1001
7949	5647
7949	7246
7960	8534
7960	9202
7960	9331
7960	9777
7964	4058
7964	5131
7964	6495
7968	3891
7968	4854
7968	8267
7968	8457
7968	9596
7972	3126
7972	6317
7972	7116
7977	2684
7977	5401
7977	9382
7992	2787
7992	5528
7992	9555
7992	9870
7998	6328
7998	7378
7998	8410
7999	3358
7999	9832
8001	3575
8001	9875
8003	140
8003	1894
8003	2620
8003	5745
8003	6392
8003	7572
8003	7718
8003	8539
8003	9637
8028	728
8028	3288
8028	3542
8028	5317
8028	7704
8037	2338
8037	5757
8037	6290
8037	6666
8037	8341
8037	9382
8038	3439
8038	4074
8038	7145
8038	8539
8042	2118
8042	3353
8042	8770
8050	409
8050	4168
8050	5258
8050	6112
8050	6206
8050	6732
8065	3594
8065	4651
8065	5427
8065	7943
8080	1418
8080	2645
8080	6382
8080	7379
8080	7595
8080	8237
8080	8534
8080	9150
8080	9920
8081	3238
8081	6265
8081	7926
8081	9143
8081	9290
8081	9562
8085	1749
8085	6435
8085	9852
8085	9905
8095	4757
8095	4975
8095	6163
8095	9205
8097	4850
8097	7498
8097	7553
8097	8968
8097	8981
8097	9352
8097	9795
8099	1998
8099	5710
8106	884
8106	4396
8106	5394
8106	8450
8106	8571
8106	9849
8114	160
8114	454
8114	3746
8114	4110
8114	7343
8114	8638
8114	8996
8114	9479
8117	1389
8117	7555
8117	8151
8117	8508
8117	9582
8117	9751
8119	5303
8119	7407
8119	8581
8119	9896
8127	5187
8127	6795
8127	7401
8127	8594
8127	9008
8127	9101
8127	9515
8127	9754
8137	4268
8137	6042
8137	6359
8137	6678
8137	8926
8137	9139
8137	9667
8138	2118
8138	2422
8138	9007
8138	9628
8138	9778
8138	9869
8138	9896
8141	1085
8141	6976
8141	9617
8141	9889
8144	5900
8144	6999
8144	7183
8146	3727
8146	7243
8146	7802
8150	6678
8150	7570
8150	7854
8150	9411
8151	4197
8151	4818
8151	4898
8151	4983
8151	5451
8151	8117
8156	5000
8156	7432
8156	7723
8156	7869
8156	9479
8160	5277
8160	9708
8160	9893
8161	6670
8161	9515
8164	3799
8164	5466
8164	5794
8164	6994
8164	7202
8164	7384
8169	960
8169	1811
8169	9798
8187	4380
8187	5004
8187	6994
8187	7024
8187	7897
8187	7926
8200	4757
8200	6226
8200	7932
8200	9556
8200	9716
8201	3131
8201	4202
8201	5861
8201	7074
8201	9126
8209	874
8209	6247
8209	7387
8209	8786
8209	9614
8213	6852
8213	7282
8213	9682
8222	1373
8222	5686
8222	7048
8226	173
8226	5352
8226	6287
8226	8895
8230	3762
8230	5601
8231	5531
8231	7001
8231	7175
8231	7585
8231	9253
8231	9648
8237	3060
8237	3613
8237	6057
8237	7379
8237	8080
8237	9920
8237	9934
8239	4185
8239	7787
8239	8519
8254	2123
8254	3664
8254	5214
8254	5328
8254	5555
8254	7675
8267	308
8267	862
8267	4995
8267	7923
8267	7968
8267	8941
8273	1880
8273	3282
8273	5064
8273	5103
8277	1008
8277	1656
8277	5211
8277	6482
8277	7722
8277	8685
8281	5109
8281	9322
8281	9702
8281	9751
8281	9832
8286	6016
8286	7285
8286	9304
8286	9402
8288	5767
8288	9039
8288	9438
8288	9457
8288	9742
8288	9980
8290	3161
8290	8332
8290	8569
8290	9326
8290	9345
8290	9405
8290	9913
8290	9934
8294	4624
8294	8594
8294	9101
8298	9695
8301	2745
8301	8508
8301	9735
8301	9795
8307	178
8307	2955
8307	3479
8307	4466
8307	6516
8307	6795
8307	9227
8307	9263
8307	9532
8326	7224
8326	7384
8326	7627
8326	9723
8332	222
8332	2123
8332	3131
8332	4537
8332	5996
8332	6994
8332	8290
8333	1331
8333	2220
8333	3664
8333	6318
8333	7751
8333	7820
8333	8570
8333	9184
8333	9504
8341	321
8341	4164
8341	6666
8341	7807
8341	8037
8341	9382
8342	2201
8342	5484
8342	9313
8342	9494
8342	9798
8346	2067
8346	5214
8346	7246
8351	3126
8351	7704
8351	8649
8351	8976
8351	8996
8353	2808
8353	3593
8353	8756
8353	9356
8366	2006
8366	3365
8366	5052
8366	5386
8366	5694
8381	3763
8381	4677
8381	6821
8381	9403
8383	4615
8383	9970
8384	9265
8384	9723
8384	9755
8384	9874
8385	163
8385	1915
8385	5439
8385	5882
8385	9064
8385	9084
8390	4484
8390	7815
8390	9366
8390	9388
8390	9489
8390	9963
8390	9970
8390	9998
8394	4755
8394	9541
8408	788
8408	2912
8408	7175
8409	5255
8409	6693
8409	9614
8410	1275
8410	4152
8410	4255
8410	7998
8410	8738
8410	9373
8412	1656
8412	2740
8412	7001
8412	8782
8412	9313
8412	9866
8412	9934
8420	2411
8420	4237
8420	5350
8420	9748
8422	2875
8422	8585
8422	9958
8428	3581
8428	4122
8428	5311
8428	8689
8428	9500
8446	282
8446	1206
8446	1977
8446	3849
8446	5100
8446	5948
8446	6613
8446	7482
8447	5131
8449	1544
8449	1546
8449	5849
8449	8786
8450	1571
8450	3116
8450	6581
8450	6678
8450	8106
8450	8970
8450	9411
8453	728
8453	1056
8453	1085
8453	2975
8453	7353
8453	7704
8457	3082
8457	6042
8457	7537
8457	7968
8457	8498
8457	8895
8471	214
8471	519
8471	3545
8471	4538
8471	6170
8471	9184
8476	5409
8476	7048
8476	7245
8476	7911
8476	8705
8476	9109
8476	9622
8484	926
8484	1843
8484	5350
8484	5416
8484	6895
8484	7447
8484	9342
8484	9690
8484	9748
8494	3099
8494	5069
8494	7294
8494	7333
8494	7432
8494	8650
8494	9303
8494	9617
8494	9655
8494	9817
8498	5515
8498	6516
8498	7820
8498	8457
8498	8570
8498	9963
8503	3849
8503	6852
8503	9205
8503	9518
8503	9751
8504	1087
8504	4362
8504	5810
8504	6689
8504	7078
8504	7189
8504	9155
8504	9699
8507	1411
8507	1658
8507	2351
8507	3518
8507	5130
8507	5696
8508	1515
8508	6740
8508	8117
8508	8301
8508	8638
8508	9322
8514	5030
8514	7188
8514	9922
8519	5868
8519	7022
8519	7495
8519	8239
8534	6382
8534	7285
8534	7960
8534	8080
8534	9150
8534	9920
8539	671
8539	8003
8539	8038
8539	8678
8539	9637
8549	2184
8549	3487
8549	8680
8561	6475
8561	7590
8561	7817
8567	2843
8567	5131
8567	6486
8567	7531
8567	9016
8569	5083
8569	5423
8569	6461
8569	6941
8569	7370
8569	8290
8569	9217
8569	9326
8570	409
8570	604
8570	3835
8570	5392
8570	6784
8570	7037
8570	7751
8570	8333
8570	8498
8570	9504
8571	852
8571	2215
8571	6359
8571	8106
8571	9489
8571	9849
8574	2446
8574	4603
8574	6386
8576	3319
8576	4426
8576	5160
8576	5234
8576	7351
8576	9023
8579	3613
8581	4036
8581	6270
8581	8119
8581	9896
8582	4570
8582	4615
8582	9115
8582	9666
8585	2785
8585	3127
8585	6350
8585	8422
8585	8740
8585	9044
8585	9469
8594	2221
8594	6630
8594	8127
8594	8294
8594	9101
8603	5012
8603	8681
8603	9296
8625	2276
8625	6350
8625	6577
8625	9648
8632	3877
8632	6486
8632	7195
8632	9016
8638	97
8638	934
8638	8114
8638	8508
8638	9345
8649	3664
8649	8351
8649	8976
8649	9596
8650	5028
8650	8494
8650	9629
8657	2187
8657	2319
8657	4282
8657	7825
8657	9247
8657	9828
8670	6821
8675	1901
8675	3275
8675	3900
8675	6016
8675	7613
8675	9211
8678	6066
8678	6852
8678	8539
8678	9469
8680	197
8680	4036
8680	6057
8680	8549
8680	9002
8681	8603
8681	8738
8681	8919
8681	9870
8685	1933
8685	5762
8685	7704
8685	7923
8685	8277
8685	8734
8689	6292
8689	8428
8689	9866
8691	9889
8702	3945
8702	3967
8702	4572
8702	4891
8702	6320
8702	7757
8702	8948
8702	9641
8704	4255
8704	5565
8704	6522
8704	6881
8704	9034
8705	3578
8705	4557
8705	5348
8705	5581
8705	8476
8707	857
8707	2046
8707	3362
8707	5017
8707	7048
8733	197
8733	5457
8733	5747
8733	9247
8733	9374
8733	9630
8733	9659
8734	5422
8734	6287
8734	8685
8734	8947
8734	8948
8734	9970
8738	385
8738	2343
8738	7023
8738	8410
8738	8681
8738	9109
8740	2756
8740	3585
8740	4649
8740	5443
8740	7050
8740	8585
8756	7258
8756	8353
8768	3888
8768	4132
8768	5187
8768	6156
8768	6226
8768	6956
8768	7932
8770	5216
8770	7196
8770	8042
8775	531
8775	9870
8781	932
8781	4835
8781	6969
8781	7143
8781	9806
8782	345
8782	5030
8782	8412
8782	9866
8786	1142
8786	2037
8786	4616
8786	8209
8786	8449
8791	7523
8791	7897
8791	9103
8792	167
8792	2365
8792	7535
8809	4854
8809	6369
8809	6886
8809	7732
8809	9562
8813	453
8813	3487
8813	4601
8813	5177
8813	5257
8813	6260
8813	9603
8817	6333
8817	7641
8817	7735
8817	9405
8818	3265
8818	3906
8818	6157
8818	7590
8818	9121
8830	160
8830	4629
8830	7113
8830	7745
8830	9913
8863	3042
8863	4070
8863	6392
8863	8891
8863	9033
8863	9308
8863	9541
8863	9969
8865	5151
8865	7226
8865	9103
8865	9158
8870	2
8870	1951
8870	4125
8870	8934
8870	9184
8870	9710
8870	9986
8872	859
8872	2550
8872	3945
8872	7194
8872	9489
8872	9792
8891	1997
8891	2804
8891	8863
8891	9033
8891	9969
8895	3552
8895	6670
8895	6694
8895	7890
8895	8226
8895	8457
8895	9852
8900	4270
8900	4824
8900	9997
8919	8681
8919	9184
8926	4530
8926	5633
8926	6969
8926	8137
8926	9620
8933	476
8933	6317
8934	1231
8934	1951
8934	4125
8934	8870
8934	9008
8934	9101
8934	9986
8941	3434
8941	5406
8941	5528
8941	7466
8941	8267
8941	9617
8947	1504
8947	3511
8947	5133
8947	5422
8947	6694
8947	8734
8947	9307
8948	8702
8948	8734
8948	9425
8948	9641
8950	3148
8950	4242
8950	4996
8950	9650
8950	9792
8954	39
8954	364
8954	3842
8954	5020
8954	9932
8958	1478
8958	3819
8958	6630
8958	9098
8958	9710
8968	3116
8968	4311
8968	6815
8968	7498
8968	7553
8968	8097
8968	9352
8968	9797
8970	863
8970	2279
8970	4077
8970	8450
8970	9080
8970	9411
8976	2134
8976	2556
8976	5133
8976	7014
8976	8351
8976	8649
8978	1016
8978	7650
8978	9469
8980	1723
8980	4993
8980	5030
8980	5825
8980	9541
8980	9557
8981	1954
8981	2082
8981	2320
8981	7143
8981	8097
8986	172
8986	513
8986	3844
8986	5390
8986	5525
8986	6689
8986	6877
8986	7555
8990	6037
8990	6475
8990	6932
8990	9080
8996	1963
8996	2346
8996	2422
8996	7062
8996	8114
8996	8351
9002	7396
9002	8680
9002	9459
9005	3547
9005	3551
9005	3978
9005	4681
9005	9388
9007	3587
9007	4224
9007	4380
9007	5128
9007	8138
9007	9055
9007	9364
9007	9869
9007	9958
9008	3823
9008	5593
9008	7333
9008	7611
9008	8127
9008	8934
9008	9986
9011	423
9011	1267
9011	4777
9011	4966
9011	5485
9011	7026
9011	7503
9012	2064
9012	3681
9012	4320
9012	5546
9016	6486
9016	7531
9016	8567
9016	8632
9016	9131
9016	9884
9023	3427
9023	7187
9023	7745
9023	7802
9023	8576
9023	9465
9023	9971
9025	613
9025	6820
9025	7231
9025	7245
9025	7611
9025	7911
9025	9541
9025	9622
9028	192
9028	3148
9028	4755
9028	6392
9028	9443
9031	2497
9031	3909
9031	4891
9031	7061
9031	9131
9033	1542
9033	8863
9033	8891
9033	9934
9033	9969
9034	1283
9034	1627
9034	3276
9034	3723
9034	6197
9034	7647
9034	8704
9039	1699
9039	7407
9039	8288
9039	9044
9039	9457
9039	9696
9039	9710
9039	9980
9040	1529
9040	7536
9040	7641
9040	7801
9040	9331
9040	9392
9044	1190
9044	3433
9044	5862
9044	7322
9044	8585
9044	9039
9050	4538
9050	6858
9050	7674
9050	7873
9050	9352
9050	9620
9050	9751
9054	1683
9054	2987
9054	5759
9055	39
9055	1694
9055	9007
9055	9696
9055	9814
9057	884
9057	1005
9057	3658
9057	6011
9057	7020
9061	2037
9061	4909
9061	7384
9064	788
9064	2046
9064	2626
9064	5528
9064	8385
9064	9986
9068	1142
9068	2684
9068	3131
9068	4769
9068	7528
9068	7545
9068	9225
9080	2589
9080	7470
9080	7585
9080	8970
9080	8990
9080	9614
9084	581
9084	1709
9084	1980
9084	4447
9084	7545
9084	7943
9084	8385
9097	1297
9097	2569
9097	2969
9097	5724
9097	7064
9097	7261
9098	2954
9098	3756
9098	5088
9098	5268
9098	5767
9098	8958
9098	9735
9101	2637
9101	3723
9101	7245
9101	7629
9101	8127
9101	8294
9101	8594
9101	8934
9103	5160
9103	7523
9103	7897
9103	8791
9103	8865
9103	9402
9109	2111
9109	4048
9109	4818
9109	5817
9109	8476
9109	8738
9109	9253
9109	9832
9110	9509
9110	9764
9113	4454
9113	5052
9113	6664
9113	9798
9115	5599
9115	5923
9115	6018
9115	6999
9115	7890
9115	7926
9115	8582
9115	9313
9115	9913
9120	443
9120	946
9120	2110
9120	3353
9120	4755
9120	5088
9120	5258
9120	6440
9120	6915
9120	7187
9120	7490
9121	2733
9121	3265
9121	3906
9121	5694
9121	6157
9121	6795
9121	8818
9126	2221
9126	4127
9126	5195
9126	5268
9126	7074
9126	8201
9126	9308
9126	9922
9128	5151
9128	6452
9128	6882
9128	7180
9128	7453
9128	9817
9130	2562
9130	9865
9131	1683
9131	1818
9131	2186
9131	3282
9131	5958
9131	9016
9131	9031
9139	1140
9139	4328
9139	7024
9139	7396
9139	7781
9139	8137
9139	9375
9139	9870
9143	410
9143	3415
9143	4199
9143	5998
9143	6820
9143	7096
9143	8081
9143	9515
9150	868
9150	1932
9150	5861
9150	7735
9150	7802
9150	8080
9150	8534
9150	9920
9155	7189
9155	8504
9155	9699
9158	2792
9158	4896
9158	8865
9165	758
9165	2829
9165	4122
9175	1916
9175	3674
9175	5454
9175	6073
9175	6897
9175	9613
9180	1146
9180	6112
9180	6741
9180	9777
9184	214
9184	2562
9184	3545
9184	8333
9184	8471
9184	8870
9184	8919
9184	9971
9202	89
9202	355
9202	7023
9202	7685
9202	7960
9205	3598
9205	4629
9205	6137
9205	8095
9205	8503
9205	9603
9205	9628
9205	9980
9211	1655
9211	3726
9211	5386
9211	8675
9211	9811
9211	9849
9217	186
9217	581
9217	2843
9217	3858
9217	5620
9217	7014
9217	8569
9225	865
9225	4151
9225	4329
9225	5390
9225	5757
9225	7022
9225	7322
9225	9068
9225	9697
9227	1927
9227	4070
9227	6286
9227	6516
9227	8307
9247	3672
9247	5747
9247	6562
9247	8657
9247	8733
9247	9342
9247	9630
9247	9659
9247	9971
9249	538
9249	5393
9249	6741
9249	7245
9249	7675
9249	9342
9249	9467
9249	9710
9250	2618
9250	4270
9250	6593
9250	6881
9250	7030
9250	7129
9250	7187
9250	7378
9250	7819
9250	9778
9250	9817
9253	1962
9253	3999
9253	4207
9253	5028
9253	5868
9253	5947
9253	7351
9253	7734
9253	7757
9253	8231
9253	9109
9253	9557
9253	9641
9253	9963
9259	222
9259	2998
9259	4909
9259	4982
9263	2938
9263	3664
9263	6318
9263	8307
9263	9334
9263	9622
9265	5823
9265	6116
9265	7393
9265	7555
9265	8384
9265	9304
9265	9388
9265	9403
9265	9666
9265	9874
9270	911
9270	3729
9270	5432
9270	6894
9270	9774
9270	9920
9290	52
9290	1146
9290	3566
9290	8081
9290	9505
9290	9562
9292	2146
9292	5958
9292	6624
9292	7137
9293	3132
9293	5458
9293	5549
9293	7634
9293	9690
9293	9874
9296	503
9296	5317
9296	5482
9296	5555
9296	6020
9296	6680
9296	6743
9296	7535
9296	8603
9303	4537
9303	4601
9303	5064
9303	5890
9303	7781
9303	8494
9304	3955
9304	5876
9304	8286
9304	9265
9307	1003
9307	5422
9307	7519
9307	8947
9308	1843
9308	2586
9308	4103
9308	5454
9308	6155
9308	8863
9308	9126
9313	370
9313	960
9313	1818
9313	2186
9313	4466
9313	5883
9313	6124
9313	8342
9313	8412
9313	9115
9313	9795
9318	3921
9318	5502
9318	6693
9318	9479
9318	9526
9322	4643
9322	5961
9322	8281
9322	8508
9322	9748
9322	9780
9326	6011
9326	6461
9326	6515
9326	7370
9326	8290
9326	8569
9326	9345
9331	2626
9331	5064
9331	6817
9331	7520
9331	7801
9331	7960
9331	9040
9332	92
9332	325
9332	6539
9334	304
9334	3862
9334	4547
9334	5140
9334	7675
9334	9263
9334	9777
9337	1556
9337	4054
9337	4348
9337	7224
9342	7036
9342	8484
9342	9247
9342	9249
9342	9526
9345	6461
9345	7034
9345	7370
9345	8290
9345	8638
9345	9326
9345	9865
9345	9881
9352	2536
9352	3405
9352	3594
9352	4077
9352	5337
9352	5424
9352	6294
9352	6399
9352	7498
9352	8097
9352	8968
9352	9050
9352	9405
9352	9479
9356	3440
9356	5145
9356	6664
9356	8353
9356	9361
9356	9622
9356	9896
9361	2400
9361	6135
9361	9356
9361	9411
9361	9465
9364	52
9364	2467
9364	5496
9364	6817
9364	7224
9364	7810
9364	7920
9364	9007
9364	9869
9364	9889
9366	4806
9366	8390
9366	9467
9366	9489
9366	9970
9373	90
9373	356
9373	3233
9373	5100
9373	8410
9373	9893
9373	9937
9374	575
9374	2618
9374	2743
9374	3530
9374	4993
9374	7908
9374	8733
9374	9958
9375	277
9375	1725
9375	2428
9375	2941
9375	6470
9375	7024
9375	7306
9375	9139
9382	3205
9382	3769
9382	4164
9382	6666
9382	7977
9382	8037
9382	8341
9382	9518
9388	1687
9388	4349
9388	6039
9388	8390
9388	9005
9388	9265
9392	344
9392	1740
9392	2007
9392	5806
9392	6607
9392	7825
9392	9040
9392	9884
9402	7246
9402	7604
9402	8286
9402	9103
9402	9515
9403	560
9403	1795
9403	4456
9403	5823
9403	5971
9403	5996
9403	6116
9403	6389
9403	6418
9403	7718
9403	8381
9403	9265
9403	9622
9403	9755
9403	9874
9405	1504
9405	1629
9405	7629
9405	8290
9405	8817
9405	9352
9405	9416
9411	2222
9411	2589
9411	5160
9411	6678
9411	6894
9411	7611
9411	8150
9411	8450
9411	8970
9411	9361
9416	870
9416	1571
9416	3209
9416	5491
9416	7661
9416	9405
9425	70
9425	4182
9425	7357
9425	8948
9425	9509
9431	761
9431	1278
9431	3888
9431	5245
9431	5249
9431	6534
9431	7006
9431	7573
9431	7637
9431	9479
9438	681
9438	5255
9438	6554
9438	8288
9438	9937
9442	931
9442	1027
9442	5099
9442	5172
9442	5360
9442	5943
9442	7890
9442	9884
9443	1306
9443	3962
9443	5462
9443	6037
9443	7516
9443	9028
9443	9702
9444	7433
9444	7689
9444	9469
9444	9515
9444	9975
9457	2954
9457	4518
9457	7520
9457	8288
9457	9039
9457	9980
9459	1491
9459	6257
9459	9002
9465	2986
9465	3042
9465	3555
9465	4537
9465	7385
9465	9023
9465	9361
9467	1813
9467	3516
9467	6331
9467	6680
9467	7674
9467	9249
9467	9366
9469	1016
9469	1822
9469	7650
9469	8585
9469	8678
9469	8978
9469	9444
9479	385
9479	3921
9479	5491
9479	7923
9479	8114
9479	8156
9479	9318
9479	9352
9479	9431
9479	9969
9483	2187
9483	4282
9483	9817
9489	3506
9489	3761
9489	4484
9489	4806
9489	6440
9489	6579
9489	7196
9489	8390
9489	8571
9489	8872
9489	9366
9489	9970
9494	3686
9494	5926
9494	6424
9494	8342
9499	2400
9499	3515
9499	4242
9499	6157
9500	1733
9500	3593
9500	4518
9500	8428
9504	1471
9504	1773
9504	2276
9504	2307
9504	4772
9504	7751
9504	8333
9504	8570
9504	9518
9505	1800
9505	5753
9505	9290
9505	9562
9509	1221
9509	4182
9509	6350
9509	7661
9509	9110
9509	9425
9509	9735
9509	9764
9515	2046
9515	3059
9515	3362
9515	4237
9515	4943
9515	5017
9515	6685
9515	8127
9515	8161
9515	9143
9515	9402
9515	9444
9518	8503
9518	9382
9518	9504
9518	9666
9518	9751
9520	6607
9520	7689
9526	7448
9526	9318
9526	9342
9526	9582
9526	9617
9532	355
9532	480
9532	1733
9532	2215
9532	6386
9532	7595
9532	7819
9532	8307
9541	462
9541	4447
9541	4704
9541	5017
9541	6461
9541	7407
9541	8394
9541	8863
9541	8980
9541	9025
9541	9637
9541	9719
9541	9958
9545	22
9545	3132
9545	6519
9555	5099
9555	6812
9555	7377
9555	7475
9555	7504
9555	7992
9555	9764
9556	1021
9556	3594
9556	8200
9557	2174
9557	3999
9557	5234
9557	5409
9557	6326
9557	6328
9557	6399
9557	8980
9557	9253
9557	9963
9562	3434
9562	6482
9562	6877
9562	6897
9562	7787
9562	8081
9562	8809
9562	9290
9562	9505
9562	9904
9582	4859
9582	7494
9582	8117
9582	9526
9596	452
9596	3658
9596	4127
9596	5131
9596	6359
9596	7968
9596	8649
9596	9811
9603	946
9603	1046
9603	4601
9603	5177
9603	5257
9603	5569
9603	6265
9603	7637
9603	8813
9603	9205
9613	3842
9613	5454
9613	6073
9613	6562
9613	9175
9613	9971
9614	239
9614	931
9614	1628
9614	1876
9614	2475
9614	5204
9614	5348
9614	6016
9614	6247
9614	7387
9614	7513
9614	8209
9614	8409
9614	9080
9614	9896
9614	9958
9617	1164
9617	5337
9617	6936
9617	8141
9617	8494
9617	8941
9617	9526
9620	1880
9620	3761
9620	4436
9620	4538
9620	6954
9620	7674
9620	8926
9620	9050
9620	9980
9622	7195
9622	7911
9622	8476
9622	9025
9622	9263
9622	9356
9622	9403
9622	9905
9628	1704
9628	3542
9628	3891
9628	5481
9628	7661
9628	7923
9628	8138
9628	9205
9629	2934
9629	3233
9629	4098
9629	4270
9629	5876
9629	7631
9629	7634
9629	8650
9629	9710
9629	9754
9630	2429
9630	2791
9630	3672
9630	5525
9630	5747
9630	8733
9630	9247
9630	9659
9637	2422
9637	3209
9637	5327
9637	6392
9637	7572
9637	7718
9637	7753
9637	8003
9637	8539
9637	9541
9641	894
9641	3815
9641	3945
9641	4636
9641	7722
9641	7757
9641	8702
9641	8948
9641	9253
9641	9832
9648	513
9648	4681
9648	5531
9648	6213
9648	6260
9648	7519
9648	7585
9648	8231
9648	8625
9648	9659
9650	376
9650	1629
9650	1979
9650	1981
9650	2001
9650	2790
9650	5069
9650	5110
9650	6534
9650	7034
9650	8950
9655	1001
9655	2766
9655	5401
9655	5623
9655	7294
9655	7333
9655	8494
9655	9817
9655	9937
9659	3672
9659	7132
9659	8733
9659	9247
9659	9630
9659	9648
9659	9764
9659	9780
9659	9997
9666	1726
9666	5958
9666	8582
9666	9265
9666	9518
9666	9870
9666	9922
9667	2998
9667	4304
9667	5195
9667	8137
9667	9865
9680	7084
9680	7492
9680	7528
9680	9716
9680	9934
9682	132
9682	486
9682	817
9682	2690
9682	5953
9682	7137
9682	8213
9682	9922
9686	2562
9686	4629
9686	7231
9686	9742
9686	9865
9686	9866
9686	9889
9689	629
9689	2221
9689	2857
9689	7017
9689	7831
9690	387
9690	629
9690	2829
9690	3726
9690	5549
9690	5943
9690	7634
9690	8484
9690	9293
9690	9865
9695	3736
9695	6018
9695	6522
9695	6999
9695	7370
9695	7453
9695	7611
9695	8298
9695	9719
9696	82
9696	1694
9696	6732
9696	7815
9696	9039
9696	9055
9696	9814
9697	506
9697	1058
9697	2569
9697	3756
9697	5745
9697	6448
9697	9225
9699	3905
9699	6247
9699	7189
9699	7589
9699	8504
9699	9155
9699	9755
9702	4428
9702	5462
9702	5959
9702	6037
9702	7516
9702	8281
9702	9443
9708	1902
9708	2351
9708	3447
9708	5961
9708	5988
9708	7245
9708	7357
9708	7825
9708	8160
9708	9780
9710	190
9710	3819
9710	4132
9710	4428
9710	6630
9710	7504
9710	8870
9710	8958
9710	9039
9710	9249
9710	9629
9716	2807
9716	6985
9716	7084
9716	7492
9716	8200
9716	9680
9716	9904
9719	1505
9719	1607
9719	6915
9719	7301
9719	7625
9719	9541
9719	9695
9719	9971
9723	2146
9723	3127
9723	6208
9723	6291
9723	7224
9723	7384
9723	7627
9723	8326
9723	8384
9723	9922
9735	5531
9735	7396
9735	7735
9735	7908
9735	8301
9735	9098
9735	9509
9735	9874
9742	1847
9742	4298
9742	6470
9742	6795
9742	7261
9742	7941
9742	8288
9742	9686
9742	9932
9748	2411
9748	3319
9748	4859
9748	5350
9748	5416
9748	6895
9748	8420
9748	8484
9748	9322
9751	1179
9751	3799
9751	4119
9751	6699
9751	7384
9751	8117
9751	8281
9751	8503
9751	9050
9751	9518
9754	3386
9754	5364
9754	5508
9754	6731
9754	7046
9754	7393
9754	8127
9754	9629
9755	2356
9755	3566
9755	5823
9755	6389
9755	6418
9755	6731
9755	8384
9755	9403
9755	9699
9755	9874
9764	5818
9764	9110
9764	9509
9764	9555
9764	9659
9770	630
9770	3637
9770	4447
9770	6963
9770	7407
9770	7920
9774	5
9774	2550
9774	4943
9774	5550
9774	6817
9774	7378
9774	9270
9774	9932
9777	1803
9777	2483
9777	3091
9777	4616
9777	6741
9777	7960
9777	9180
9777	9334
9778	345
9778	991
9778	3491
9778	6057
9778	6502
9778	8138
9778	9250
9780	2448
9780	5088
9780	6564
9780	9322
9780	9659
9780	9708
9792	1331
9792	2582
9792	3723
9792	3905
9792	3948
9792	4168
9792	5303
9792	8872
9792	8950
9795	711
9795	819
9795	960
9795	2186
9795	3282
9795	4466
9795	4575
9795	6047
9795	7119
9795	7647
9795	8097
9795	8301
9795	9313
9797	1773
9797	2022
9797	2784
9797	4761
9797	4891
9797	4897
9797	6326
9797	7503
9797	7817
9797	8968
9798	6294
9798	6534
9798	6664
9798	8169
9798	8342
9798	9113
9806	1056
9806	1199
9806	3819
9806	4646
9806	6743
9806	8781
9811	1655
9811	3275
9811	4835
9811	6941
9811	9211
9811	9596
9814	1694
9814	1987
9814	3040
9814	3349
9814	3681
9814	5862
9814	5943
9814	7318
9814	7815
9814	9055
9814	9696
9817	344
9817	1001
9817	2766
9817	2854
9817	5069
9817	7333
9817	8494
9817	9128
9817	9250
9817	9483
9817	9655
9828	5401
9828	7351
9828	7570
9828	8657
9832	3358
9832	3479
9832	4723
9832	4893
9832	5424
9832	6124
9832	7873
9832	7999
9832	8281
9832	9109
9832	9641
9832	9884
9849	1928
9849	2215
9849	2338
9849	3842
9849	4396
9849	5019
9849	5083
9849	5753
9849	8106
9849	8571
9849	9211
9849	9937
9852	167
9852	2891
9852	3552
9852	6670
9852	7555
9852	7629
9852	8085
9852	8895
9852	9893
9865	2331
9865	4846
9865	7187
9865	9130
9865	9345
9865	9667
9865	9686
9865	9690
9866	1678
9866	1691
9866	7001
9866	7357
9866	7708
9866	8412
9866	8689
9866	8782
9866	9686
9869	1220
9869	2467
9869	2954
9869	5416
9869	8138
9869	9007
9869	9364
9869	9904
9870	462
9870	852
9870	1825
9870	2808
9870	5528
9870	7611
9870	7992
9870	8681
9870	8775
9870	9139
9870	9666
9870	9970
9874	819
9874	1201
9874	3640
9874	4155
9874	5268
9874	6116
9874	6163
9874	6418
9874	8384
9874	9265
9874	9293
9874	9403
9874	9735
9874	9755
9875	3736
9875	6577
9875	7024
9875	7034
9875	7628
9875	8001
9881	515
9881	4267
9881	4464
9881	5015
9881	5327
9881	5436
9881	6609
9881	7253
9881	7306
9881	9345
9884	2810
9884	3546
9884	5487
9884	9016
9884	9392
9884	9442
9884	9832
9889	755
9889	1231
9889	3003
9889	3830
9889	4943
9889	6881
9889	7911
9889	8141
9889	8691
9889	9364
9889	9686
9893	90
9893	356
9893	907
9893	3337
9893	7490
9893	7585
9893	8160
9893	9373
9893	9852
9896	1473
9896	2373
9896	5303
9896	6270
9896	6562
9896	7045
9896	7753
9896	8119
9896	8138
9896	8581
9896	9356
9896	9614
9904	2220
9904	3474
9904	5449
9904	5593
9904	6882
9904	7045
9904	9562
9904	9716
9904	9869
9905	333
9905	1055
9905	1749
9905	2338
9905	3205
9905	5277
9905	6435
9905	8085
9905	9622
9913	5214
9913	6018
9913	6999
9913	7006
9913	7149
9913	7819
9913	8290
9913	8830
9913	9115
9920	656
9920	2645
9920	3613
9920	6382
9920	7525
9920	8080
9920	8237
9920	8534
9920	9150
9920	9270
9920	9998
9922	220
9922	1447
9922	3184
9922	6265
9922	7188
9922	8514
9922	9126
9922	9666
9922	9682
9922	9723
9932	2787
9932	4806
9932	5514
9932	5981
9932	6066
9932	6985
9932	7008
9932	8954
9932	9742
9932	9774
9934	586
9934	5985
9934	7873
9934	8237
9934	8290
9934	8412
9934	9033
9934	9680
9934	9969
9937	871
9937	921
9937	1538
9937	3042
9937	3587
9937	3840
9937	7047
9937	9373
9937	9438
9937	9655
9937	9849
9958	575
9958	2618
9958	8422
9958	9007
9958	9374
9958	9541
9958	9614
9963	1977
9963	2410
9963	3537
9963	4451
9963	5409
9963	6815
9963	7734
9963	8390
9963	8498
9963	9253
9963	9557
9969	6206
9969	6278
9969	7448
9969	8863
9969	8891
9969	9033
9969	9479
9969	9934
9970	4806
9970	5017
9970	8383
9970	8390
9970	8734
9970	9366
9970	9489
9970	9870
9971	1782
9971	1889
9971	6828
9971	6895
9971	7301
9971	7419
9971	9023
9971	9184
9971	9247
9971	9613
9971	9719
9975	858
9975	960
9975	1910
9975	4451
9975	7433
9975	9444
9980	2373
9980	2954
9980	6613
9980	6897
9980	7188
9980	7189
9980	7261
9980	8288
9980	9039
9980	9205
9980	9457
9980	9620
9986	1915
9986	3566
9986	4042
9986	4846
9986	4966
9986	7611
9986	8870
9986	8934
9986	9008
9986	9064
9997	4270
9997	4473
9997	7941
9997	8900
9997	9659
9998	2215
9998	4640
9998	5101
9998	7036
9998	7503
9998	8390
9998	9920
