47	7662
47	9655
48	9219
48	9864
54	7999
54	9699
54	9952
77	8939
91	4975
91	7941
101	9978
163	794
163	8385
183	6985
232	6588
232	8462
240	8779
240	9905
242	8244
250	2286
250	4467
259	8400
262	5876
262	9643
266	9753
278	9513
330	3796
350	2145
350	9153
384	4294
384	9686
393	9141
403	5377
403	6178
407	1016
421	8370
428	516
430	8453
430	9708
431	8992
431	9513
437	8566
437	9396
439	9651
440	8928
440	9933
472	9963
482	9368
500	7182
500	7882
509	7215
509	9551
516	428
525	9243
528	5708
533	9770
540	6611
540	9350
541	5852
541	9680
550	6146
550	9464
580	9350
584	7773
584	8452
585	9973
588	9273
595	2011
595	5622
599	2247
599	5871
624	7758
665	9551
709	5159
709	7889
727	9529
757	9141
765	5298
765	9615
794	163
822	8245
823	3486
823	9513
833	7001
833	9420
844	9933
848	8745
848	9251
868	8982
868	9116
892	7250
892	9655
899	5665
899	9551
899	9801
921	4472
928	5158
928	6879
928	9042
937	2555
937	9000
937	9616
941	6364
941	8887
941	9753
1001	9655
1007	5984
1008	8277
1015	6302
1016	407
1016	8978
1016	9406
1016	9469
1049	9595
1060	7226
1068	8138
1075	2011
1075	5595
1115	9494
1132	8624
1154	2555
1161	8939
1161	9110
1162	7800
1231	9889
1257	8041
1307	1662
1337	9733
1339	4195
1339	8967
1354	4717
1354	7226
1388	9273
1402	1602
1413	7535
1413	9019
1450	9795
1465	6146
1465	8572
1465	9104
1535	7540
1602	1402
1602	9251
1608	9542
1636	9152
1662	1307
1662	4923
1662	7871
1724	6443
1765	2889
1765	9420
1793	9701
1793	9801
1827	9933
1841	9927
1882	8879
1886	3269
1886	6426
1911	7733
1912	4644
1912	6850
1918	9348
1918	9472
1976	9042
1980	8832
2004	7424
2004	9080
2011	595
2011	1075
2029	9583
2046	8707
2064	4810
2064	7609
2064	7733
2128	2614
2128	4198
2145	350
2153	9453
2154	9219
2158	7723
2170	7890
2170	8879
2216	9701
2222	4055
2222	9420
2222	9610
2228	6605
2228	8520
2230	3989
2232	7043
2232	7971
2237	9701
2247	599
2260	4219
2260	5052
2275	9141
2275	9559
2277	6617
2286	250
2286	9776
2288	5069
2288	9738
2307	7264
2308	3729
2311	9615
2321	4709
2327	7733
2336	7759
2407	4318
2407	7939
2407	9468
2424	8402
2442	9420
2442	9610
2470	9980
2483	8624
2487	8000
2541	4211
2545	9350
2546	5754
2546	7367
2552	8224
2552	9841
2555	937
2555	1154
2579	7931
2612	8991
2612	9753
2613	3698
2614	2128
2619	9066
2633	7380
2653	8683
2685	5984
2709	4787
2737	2886
2737	7817
2755	8940
2770	9337
2770	9427
2770	9947
2775	2921
2775	3355
2784	7424
2802	9830
2831	8527
2833	6814
2844	3853
2844	9783
2854	9024
2872	3579
2878	6222
2879	5379
2880	5135
2880	9884
2886	2737
2889	1765
2889	5650
2907	8277
2912	9153
2921	2775
2921	3001
2921	6938
2951	7889
2951	9139
2953	3116
2972	3675
2984	9927
2996	7890
3001	2921
3001	7999
3057	8000
3063	7055
3063	8260
3093	4934
3111	9539
3116	2953
3184	9841
3187	8744
3190	7526
3249	6814
3249	8572
3249	9973
3261	4917
3269	1886
3269	8707
3270	9148
3304	5667
3304	9453
3315	6401
3315	7759
3323	9000
3331	7890
3355	2775
3359	8151
3359	9824
3378	7575
3409	4482
3409	4717
3409	9148
3414	7759
3446	6522
3446	9539
3454	5298
3486	823
3517	6522
3553	5760
3553	9646
3579	2872
3579	4847
3579	8000
3579	8519
3623	4277
3623	5456
3650	9738
3663	4319
3663	7189
3674	7436
3675	2972
3675	7971
3686	9494
3688	7051
3692	9616
3698	2613
3698	5532
3702	9643
3702	9909
3715	4275
3729	2308
3752	9337
3752	9783
3796	330
3804	4311
3834	9529
3850	7561
3853	2844
3877	7136
3882	9615
3899	8571
3899	9770
3906	7003
3907	4319
3912	5780
3923	6292
3989	2230
3989	7250
3989	8681
4012	7006
4036	9595
4052	9273
4055	2222
4151	7173
4168	9350
4174	5807
4195	1339
4195	7398
4198	2128
4198	9686
4211	2541
4211	7459
4216	6973
4219	2260
4228	5828
4229	5037
4236	9243
4241	7995
4266	6455
4275	3715
4276	6266
4277	3623
4294	384
4294	7116
4304	9909
4311	3804
4311	7202
4311	9616
4318	2407
4319	3663
4319	3907
4341	6433
4341	7367
4341	8338
4342	8289
4342	9330
4342	9753
4350	6816
4376	9206
4391	8783
4391	9368
4406	5126
4406	7941
4406	8238
4432	7584
4467	250
4472	921
4482	3409
4482	9494
4489	8992
4489	9513
4512	5097
4512	9884
4513	7939
4548	4671
4551	9776
4577	8783
4611	6258
4611	9559
4616	9133
4625	9616
4629	9616
4629	9686
4644	1912
4644	5811
4644	8638
4656	7398
4657	5379
4671	4548
4671	8260
4671	8709
4684	8528
4709	2321
4717	1354
4717	3409
4717	5622
4731	8903
4747	4826
4747	8309
4747	9826
4751	5057
4751	9113
4752	5037
4752	8614
4776	9729
4777	9830
4787	2709
4787	9464
4806	8783
4810	2064
4826	4747
4847	3579
4847	5754
4856	9841
4882	9801
4917	3261
4918	5811
4923	1662
4923	9110
4929	8000
4934	3093
4936	8464
4936	8624
4973	9674
4975	91
4977	7182
4983	8151
5007	8879
5007	9978
5019	7548
5024	6218
5024	7643
5024	7771
5037	4229
5037	4752
5052	2260
5052	9113
5057	4751
5069	2288
5069	9024
5077	9551
5094	7416
5094	7710
5097	4512
5097	9828
5126	4406
5126	6588
5135	2880
5158	928
5159	709
5159	9729
5201	8992
5201	9513
5240	8571
5274	6761
5298	765
5298	3454
5298	5752
5298	5852
5298	9795
5313	8453
5317	7535
5346	9339
5377	403
5377	7993
5379	2879
5379	4657
5398	8287
5415	9139
5423	8887
5423	9753
5447	7430
5447	9350
5448	6256
5454	6897
5456	3623
5456	5910
5460	9368
5487	9884
5492	9559
5492	9643
5494	9104
5498	9148
5499	9699
5532	3698
5540	6523
5540	9148
5546	7920
5551	6720
5552	7476
5573	8260
5573	9947
5589	5610
5589	7367
5595	1075
5610	5589
5610	9539
5612	8309
5612	9472
5622	595
5622	4717
5643	6522
5650	2889
5650	9623
5665	899
5665	7215
5665	9551
5667	3304
5669	6607
5674	8982
5708	528
5719	5895
5730	8573
5730	9080
5752	5298
5754	2546
5754	4847
5754	7705
5754	8338
5760	3553
5760	9071
5768	9472
5778	9113
5778	9798
5780	3912
5780	6776
5785	9000
5785	9080
5807	4174
5807	7215
5807	9551
5811	4644
5811	4918
5811	8638
5819	8402
5819	8928
5828	4228
5828	7733
5828	9738
5852	541
5852	5298
5852	7483
5852	9973
5871	599
5871	5876
5876	262
5876	5871
5895	5719
5895	6768
5910	5456
5949	7971
5968	6080
5968	6153
5968	9927
5984	1007
5984	2685
5984	6570
5984	9494
6024	9680
6053	7971
6053	8289
6066	6985
6080	5968
6080	8452
6094	6693
6094	8707
6133	8614
6133	9669
6146	550
6146	1465
6146	8572
6146	9464
6146	9885
6153	5968
6171	8572
6178	403
6216	9251
6218	5024
6222	2878
6222	7540
6222	8836
6222	9634
6234	9110
6235	6435
6235	6897
6235	8573
6256	5448
6256	8614
6256	9770
6258	4611
6266	4276
6292	3923
6292	7616
6292	8727
6292	9610
6295	9462
6302	1015
6351	8289
6364	941
6399	8287
6401	3315
6401	9427
6426	1886
6426	9229
6426	9595
6433	4341
6433	6856
6433	7367
6433	8338
6433	8806
6435	6235
6435	9905
6443	1724
6448	9427
6448	9947
6455	4266
6471	8151
6480	9674
6488	8546
6497	9462
6497	9776
6522	3446
6522	3517
6522	5643
6523	5540
6548	9420
6551	8289
6562	7817
6565	9622
6565	9905
6570	5984
6570	9494
6588	232
6588	5126
6588	8783
6596	6686
6596	8624
6596	8964
6605	2228
6607	5669
6611	540
6617	2277
6617	8982
6628	9337
6686	6596
6686	8624
6693	6094
6699	9350
6702	9595
6720	5551
6761	5274
6761	7931
6761	8338
6761	9073
6761	9273
6763	8354
6763	9153
6768	5895
6776	5780
6787	9643
6796	9158
6796	9513
6805	7643
6805	9651
6806	9116
6814	2833
6814	3249
6814	7993
6814	8879
6814	9153
6816	4350
6850	1912
6850	7116
6850	8939
6850	9583
6856	6433
6867	9462
6879	928
6879	9219
6895	7043
6897	5454
6897	6235
6897	9980
6928	9290
6934	9710
6938	2921
6938	9622
6944	7196
6944	8461
6957	8879
6957	9824
6973	4216
6973	7548
6985	183
6985	6066
7001	833
7003	3906
7003	8992
7006	4012
7006	9042
7006	9543
7043	2232
7043	6895
7051	3688
7055	3063
7055	8546
7055	9464
7076	8461
7116	4294
7116	6850
7136	3877
7142	7963
7173	4151
7173	9158
7182	500
7182	4977
7182	9680
7189	3663
7189	8504
7189	9699
7189	9952
7189	9980
7196	6944
7196	8546
7202	4311
7215	509
7215	5665
7215	5807
7226	1060
7226	1354
7230	7354
7250	892
7250	3989
7250	9420
7258	7758
7258	8256
7258	8683
7264	2307
7278	9071
7278	9148
7278	9783
7305	9071
7346	9427
7346	9947
7354	7230
7354	9133
7367	2546
7367	4341
7367	5589
7367	6433
7380	2633
7380	7688
7398	4195
7398	4656
7416	5094
7416	9634
7424	2004
7424	2784
7430	5447
7430	9350
7436	3674
7436	8212
7447	8032
7447	9228
7459	4211
7459	9343
7459	9453
7476	5552
7476	8089
7476	9978
7483	5852
7483	8889
7492	9680
7526	3190
7535	1413
7535	5317
7540	1535
7540	6222
7541	7939
7548	5019
7548	6973
7561	3850
7575	3378
7584	4432
7584	9209
7609	2064
7609	9701
7616	6292
7616	8727
7618	8461
7643	5024
7643	6805
7643	9141
7662	47
7662	7871
7662	9710
7673	9299
7683	7926
7688	7380
7688	9686
7688	9933
7705	5754
7705	9148
7710	5094
7710	8289
7710	9634
7723	2158
7733	1911
7733	2064
7733	2327
7733	5828
7733	8151
7754	8032
7754	9980
7758	624
7758	7258
7759	2336
7759	3315
7759	3414
7771	5024
7771	8297
7773	584
7773	9251
7800	1162
7802	9209
7817	2737
7817	6562
7817	8448
7871	1662
7871	7662
7871	7941
7871	8245
7882	500
7882	9973
7889	709
7889	2951
7889	9139
7890	2170
7890	2996
7890	3331
7912	8566
7920	5546
7920	9770
7926	7683
7926	8683
7926	9583
7931	2579
7931	6761
7931	9073
7939	2407
7939	4513
7939	7541
7939	9348
7939	9701
7941	91
7941	4406
7941	7871
7941	8245
7963	7142
7971	2232
7971	3675
7971	5949
7971	6053
7971	8289
7971	9634
7976	9616
7993	5377
7993	6814
7993	9798
7995	4241
7999	54
7999	3001
7999	9228
8000	2487
8000	3057
8000	3579
8000	4929
8032	7447
8032	7754
8032	9000
8032	9980
8041	1257
8041	8903
8089	7476
8089	9243
8138	1068
8151	3359
8151	4983
8151	6471
8151	7733
8173	9133
8177	9290
8212	7436
8212	9559
8224	2552
8224	9909
8238	4406
8244	242
8244	9616
8245	822
8245	7871
8245	7941
8245	9116
8256	7258
8260	3063
8260	4671
8260	5573
8277	1008
8277	2907
8287	5398
8287	6399
8289	4342
8289	6053
8289	6351
8289	6551
8289	7710
8289	7971
8289	9634
8297	7771
8297	9343
8309	4747
8309	5612
8338	4341
8338	5754
8338	6433
8338	6761
8338	8806
8347	9539
8354	6763
8354	8383
8354	8731
8354	9153
8370	421
8370	8566
8370	9595
8383	8354
8383	9153
8385	163
8400	259
8402	2424
8402	5819
8447	8903
8447	8939
8447	9801
8448	7817
8448	8991
8449	8461
8449	8532
8449	9141
8452	584
8452	6080
8452	9180
8452	9209
8453	430
8453	5313
8461	6944
8461	7076
8461	7618
8461	8449
8462	232
8462	9152
8462	9795
8464	4936
8464	9229
8464	9963
8470	9710
8470	9980
8499	9927
8504	7189
8504	9699
8504	9952
8519	3579
8519	9209
8520	2228
8520	9770
8527	2831
8528	4684
8528	9933
8532	8449
8532	8940
8546	6488
8546	7055
8546	7196
8546	8991
8566	437
8566	7912
8566	8370
8566	9396
8566	9828
8571	3899
8571	5240
8571	8821
8572	1465
8572	3249
8572	6146
8572	6171
8572	9464
8573	5730
8573	6235
8573	9909
8614	4752
8614	6133
8614	6256
8624	1132
8624	2483
8624	4936
8624	6596
8624	6686
8624	8940
8638	4644
8638	5811
8681	3989
8683	2653
8683	7258
8683	7926
8707	2046
8707	3269
8707	6094
8707	9542
8709	4671
8709	9251
8727	6292
8727	7616
8731	8354
8731	9330
8731	9542
8744	3187
8745	848
8753	9006
8753	9733
8779	240
8779	9368
8783	4391
8783	4577
8783	4806
8783	6588
8783	9113
8806	6433
8806	8338
8821	8571
8832	1980
8836	6222
8879	1882
8879	2170
8879	5007
8879	6814
8879	6957
8887	941
8887	5423
8887	9753
8889	7483
8889	8931
8889	9299
8903	4731
8903	8041
8903	8447
8928	440
8928	5819
8931	8889
8939	77
8939	1161
8939	6850
8939	8447
8940	2755
8940	8532
8940	8624
8964	6596
8967	1339
8978	1016
8978	9406
8978	9469
8982	868
8982	5674
8982	6617
8991	2612
8991	8448
8991	8546
8992	431
8992	4489
8992	5201
8992	7003
8992	9513
9000	937
9000	3323
9000	5785
9000	8032
9006	8753
9019	1413
9024	2854
9024	5069
9042	928
9042	1976
9042	7006
9066	2619
9071	5760
9071	7278
9071	7305
9071	9830
9073	6761
9073	7931
9080	2004
9080	5730
9080	5785
9104	1465
9104	5494
9110	1161
9110	4923
9110	6234
9113	4751
9113	5052
9113	5778
9113	8783
9113	9610
9113	9798
9116	868
9116	6806
9116	8245
9133	4616
9133	7354
9133	8173
9133	9180
9133	9669
9139	2951
9139	5415
9139	7889
9139	9472
9141	393
9141	757
9141	2275
9141	7643
9141	8449
9148	3270
9148	3409
9148	5498
9148	5540
9148	7278
9148	7705
9152	1636
9152	8462
9153	350
9153	2912
9153	6763
9153	6814
9153	8354
9153	8383
9153	9464
9158	6796
9158	7173
9158	9583
9158	9669
9180	8452
9180	9133
9206	4376
9209	7584
9209	7802
9209	8452
9209	8519
9209	9634
9209	9801
9219	48
9219	2154
9219	6879
9228	7447
9228	7999
9229	6426
9229	8464
9243	525
9243	4236
9243	8089
9251	848
9251	1602
9251	6216
9251	7773
9251	8709
9261	9610
9273	588
9273	1388
9273	4052
9273	6761
9279	9795
9290	6928
9290	8177
9299	7673
9299	8889
9330	4342
9330	8731
9330	9708
9337	2770
9337	3752
9337	6628
9339	5346
9339	9623
9343	7459
9343	8297
9348	1918
9348	7939
9348	9472
9350	540
9350	580
9350	2545
9350	4168
9350	5447
9350	6699
9350	7430
9368	482
9368	4391
9368	5460
9368	8779
9396	437
9396	8566
9396	9828
9406	1016
9406	8978
9406	9469
9420	833
9420	1765
9420	2222
9420	2442
9420	6548
9420	7250
9420	9610
9427	2770
9427	6401
9427	6448
9427	7346
9427	9841
9427	9947
9453	2153
9453	3304
9453	7459
9462	6295
9462	6497
9462	6867
9464	550
9464	4787
9464	6146
9464	7055
9464	8572
9464	9153
9468	2407
9468	9551
9469	1016
9469	8978
9469	9406
9472	1918
9472	5612
9472	5768
9472	9139
9472	9348
9494	1115
9494	3686
9494	4482
9494	5984
9494	6570
9513	278
9513	431
9513	823
9513	4489
9513	5201
9513	6796
9513	8992
9529	727
9529	3834
9539	3111
9539	3446
9539	5610
9539	8347
9542	1608
9542	8707
9542	8731
9542	9729
9543	7006
9551	509
9551	665
9551	899
9551	5077
9551	5665
9551	5807
9551	9468
9559	2275
9559	4611
9559	5492
9559	8212
9559	9643
9583	2029
9583	6850
9583	7926
9583	9158
9583	9669
9595	1049
9595	4036
9595	6426
9595	6702
9595	8370
9610	2222
9610	2442
9610	6292
9610	9113
9610	9261
9610	9420
9610	9801
9615	765
9615	2311
9615	3882
9616	937
9616	3692
9616	4311
9616	4625
9616	4629
9616	7976
9616	8244
9622	6565
9622	6938
9622	9905
9623	5650
9623	9339
9634	6222
9634	7416
9634	7710
9634	7971
9634	8289
9634	9209
9643	262
9643	3702
9643	5492
9643	6787
9643	9559
9646	3553
9651	439
9651	6805
9655	47
9655	892
9655	1001
9669	6133
9669	9133
9669	9158
9669	9583
9674	4973
9674	6480
9680	541
9680	6024
9680	7182
9680	7492
9686	384
9686	4198
9686	4629
9686	7688
9686	9889
9699	54
9699	5499
9699	7189
9699	8504
9699	9952
9701	1793
9701	2216
9701	2237
9701	7609
9701	7939
9708	430
9708	9330
9710	6934
9710	7662
9710	8470
9729	4776
9729	5159
9729	9542
9733	1337
9733	8753
9738	2288
9738	3650
9738	5828
9738	9776
9738	9798
9753	266
9753	941
9753	2612
9753	4342
9753	5423
9753	8887
9770	533
9770	3899
9770	6256
9770	7920
9770	8520
9770	9824
9776	2286
9776	4551
9776	6497
9776	9738
9783	2844
9783	3752
9783	7278
9795	1450
9795	5298
9795	8462
9795	9279
9798	5778
9798	7993
9798	9113
9798	9738
9801	899
9801	1793
9801	4882
9801	8447
9801	9209
9801	9610
9824	3359
9824	6957
9824	9770
9826	4747
9828	5097
9828	8566
9828	9396
9830	2802
9830	4777
9830	9071
9830	9973
9841	2552
9841	3184
9841	4856
9841	9427
9864	48
9884	2880
9884	4512
9884	5487
9885	6146
9889	1231
9889	9686
9905	240
9905	6435
9905	6565
9905	9622
9909	3702
9909	4304
9909	8224
9909	8573
9927	1841
9927	2984
9927	5968
9927	8499
9933	440
9933	844
9933	1827
9933	7688
9933	8528
9947	2770
9947	5573
9947	6448
9947	7346
9947	9427
9952	54
9952	7189
9952	8504
9952	9699
9963	472
9963	8464
9973	585
9973	3249
9973	5852
9973	7882
9973	9830
9978	101
9978	5007
9978	7476
9980	2470
9980	6897
9980	7189
9980	7754
9980	8032
9980	8470
