0 0.0
0.0009765625 1993.86992933
0.00100949645691 2536.10665333
0.00101086404184 1900.38087279
0.00101154852891 2334.87990313
0.0010449547967 2668.74384277
0.00114960309195 3057.4629876
0.00115193996823 3851.90761351
0.00115897913765 3759.57898164
0.00116133507324 3442.76045649
0.00132341069818 5930.63898967
0.00132430682018 6182.86105307
0.00135147449411 6517.58348438
0.00141226502271 6877.68651335
0.00141322131071 6740.5612764
0.00144221303314 8183.64186719
0.00157380941834 8848.0303488
0.00158021430011 9387.0615732
0.00158128431171 8581.70690405
0.0018327212952 10543.5832391
0.001953125 11023.8410371
0.00238803395005 12969.6481157
0.00238965096113 12179.6765706
0.00239937604708 12153.6845
0.00253288975518 13157.6464625
0.00283027165946 13572.0096094
0.00290401702179 13295.9614747
0.00344413969438 14810.6845832
0.0037890573394 15553.1859593
0.00381221116451 15924.2864262
0.00440047507269 16404.3076881
0.00467056403141 17216.8988714
0.00483789022734 16694.3689697
0.00528290387525 17381.7260479
0.00528648109162 17355.4737504
0.00565288524283 17674.4129809
0.00621058684705 18280.2046513
0.00703434989228 18622.7236811
0.0070391130665 18734.429208
0.00710613715687 18752.241165
0.00757298677702 19292.4022881
0.00760380631867 19066.1493364
0.00820824246224 19274.3799735
0.00919060149727 19583.9595194
0.00949411999985 20080.2648222
0.0102696530309 20686.8398083
0.0102766069281 20573.4399389
0.010290528852 20507.134453
0.0105801214604 20463.8953452
0.0115689861549 20878.6851774
0.012599000744 21240.7126629
0.0141834426667 21706.5451199
0.0142315279645 21851.0785957
0.0163167778504 22105.5710199
0.0177694997233 22334.9696618
0.017781531997 22349.4769788
0.0196153243285 22846.9145726
0.0205254076782 23053.7458374
0.0207068225494 23044.1834329
0.0215943376269 23098.9625716
0.0216089598157 23236.1566742
0.0246080378471 23568.2132468
0.0249772388779 23695.7071357
0.0250110760403 23691.6894697
0.0251639114367 23605.9681665
0.028501615397 23665.4566032
0.033100752206 24231.1416046
0.0333707185686 24353.0754804
0.0333933149064 24107.6043962
0.0371627223438 24294.9591181
0.0475782267184 24477.8282314
0.047610443396 24589.3395855
0.0476426818886 24652.997662
0.0476749422108 24657.7510163
0.048194088294 24588.2439389
0.0555180829513 24671.2436015
0.0555556759493 24915.7764452
0.0666511435073 24905.2289751
0.0666962750423 24893.3331655
0.0701222269825 24951.7115193
0.070312347627 24809.8619075
0.0833334236286 24943.4740248
0.0833898512475 25005.3949366
0.0836159440706 25044.2452909
0.100044304161 25044.6000655
0.10011204723 24890.5135606
0.111111351899 24951.3199624
0.111186588805 24999.9692315
0.111261876657 25006.2673838
0.111714675552 24878.1132469
0.125 24917.7178717
0.133302287015 24974.7834865
0.133392550085 24854.2107218
0.142831175424 24969.7336338
0.142927890797 24681.3098171
0.166666847257 24289.8813954
0.167231888141 24594.2999994
0.167345125986 24485.621075
0.167458440507 24401.5602698
0.178218468013 24342.7154384
0.197264482214 24265.0037238
0.20022409446 24096.6298209
0.203641226149 24150.6069015
0.204193353525 24182.2158077
0.204331619112 23978.9061639
0.222222703797 23808.2033716
0.223127076415 23752.3328079
0.249661778223 23607.7833921
0.25 22972.8120974
0.251868426687 23111.8978421
0.25203897453 22788.6829538
0.252209637855 23060.6600804
0.258081464874 22926.3741217
0.258256219755 22881.1009525
0.299523725061 22366.363609
0.305461508243 22535.1176724
0.333333694514 21317.3861228
0.333785268301 21082.548583
0.334011284551 21620.5803865
0.368707041721 21242.3813502
0.395063440663 21199.6360227
0.402350139359 20642.8197633
0.402622582987 20809.3725356
0.5 16527.493447
0.500338565347 17114.9562935
0.501016383954 16495.1065216
0.502374777175 16542.4342853
0.502714950556 16790.3259051
0.582650689996 16799.6174567
0.665314958133 16270.5184451
0.666667389029 14616.4622078
0.66711880998 14718.4701242
0.668022569102 14787.6181908
0.752032641428 14706.7166542
0.752541865812 14641.374622
0.918246326823 14547.1503335
0.926989562542 14488.8217435
1 0.0
