0.00029397460514	0.0105872855854	0.0105944545614
0.00029397460514	0.0277214866263	0.0277402576957
0.000293974605141	0.998647112891	0.999323327503
0.000293974605141	0.997971355855	0.998647112891
0.000293974605141	0.999323327503	1
0.000293974605141	0.000979873282843	0.000980536785118
0.000293974605141	0.00462651192563	0.00462964467885
0.000293974605141	0.00462964467885	0.00463277955336
0.000293974605141	0.0120893694746	0.0120975555578
0.000293974605141	0.0144157435572	0.0144255048996
0.000293974605141	0.0811073552823	0.081162275562
0.000587949210281	0.00269929220337	0.00270294898821
0.000587949210281	0.00711576398223	0.00712540384925
0.000587949210281	0.0120975555578	0.0121139443569
0.000587949210281	0.0171085271413	0.0171317044034
0.000587949210281	0.0181340345629	0.0181586011003
0.000587949210281	0.0422060536216	0.042263231002
0.000587949210281	0.042263231002	0.0423204858418
0.000587949210281	0.333333694514	0.333785268301
0.000587949210281	0.0181586011003	0.0181832009184
0.000881923815422	0.041441687549	0.0415259288814
0.00117589842056	0.00463277955336	0.00464534029298
0.00117589842056	0.33130916079	0.332207431051
0.0014698730257	0.0009765625	0.000979873282843
0.0014698730257	0.0500221520806	0.050191739263
0.0014698730257	0.332207431051	0.333333694514
0.0014698730257	0.166666847257	0.167231888141
0.00176384763084	0.00328920154045	0.00330258749857
0.00176384763084	0.0105944545614	0.0106375704737
0.00205782223598	0.24881822432	0.25
0.00235179684112	0.0209323050633	0.0210459654099
0.00235179684112	0.0210459654099	0.0211602429209
0.00235179684112	0.031761822341	0.0319342858954
0.00235179684112	0.0357803795135	0.035974663436
0.00235179684112	0.111111351899	0.111714675552
0.00235179684113	0.00712540384925	0.00716409408754
0.00235179684113	0.0171317044034	0.0172247278642
0.00264577144627	0.0415259288814	0.0417796817305
0.00293974605141	0.000980536785118	0.00098719656841
0.00440961907711	0.0417796817305	0.0422060536216
0.00470359368225	0.00245191554106	0.00247861515077
0.00470359368225	0.035974663436	0.0363664018368
0.00529154289253	0.00688827938875	0.00697272113796
0.00617346670795	0.333785268301	0.338563886734
0.00646744131309	0.167231888141	0.169740913277
0.00705539052337	0.0833334236286	0.0846982846834
0.00881923815422	0.00697272113796	0.00711576398223
0.0114650096005	0.081162275562	0.0833334236286
0.0141107810467	0.0554805153915	0.0573127527003
0.0223420699907	0.0172247278642	0.0181340345629
0.0252818160421	0.00330258749857	0.00350054889889
0.0329251557757	0.00098719656841	0.00106494895768
0.033513104986	0.0121139443569	0.0130857518234
0.0370408002477	0.00247861515077	0.00269929220337
0.037628749458	0.00716409408754	0.0078125
0.0420383685351	0.0130857518234	0.0144157435572
0.0435082415608	0.050191739263	0.0554805153915
0.0487997844533	0.111714675552	0.125
0.0493877336636	0.0319342858954	0.0357803795135
0.0555612003716	0.0106375704737	0.0120893694746
0.0567370987921	0.0363664018368	0.041441687549
0.0587949210281	0.0277402576957	0.031761822341
0.0611467178692	0.0181832009184	0.0209323050633
0.0658503115515	0.0573127527003	0.0666962750423
0.0726117274697	0.0423204858418	0.0500221520806
0.0740816004954	0.0144255048996	0.0171085271413
0.0802550672034	0.00572605725979	0.00688827938875
0.0849586608856	0.0666962750423	0.0811073552823
0.0852526354908	0.00270294898821	0.00328920154045
0.0908381529884	0.00464534029298	0.00572605725979
0.117295867451	0.0211602429209	0.0277214866263
0.117883816661	0.0846982846834	0.111111351899
0.121117537318	0.00350054889889	0.00462651192563
0.122293435738	0.25	0.33130916079
0.124939207185	0.125	0.166666847257
0.131994597708	0.0078125	0.0105872855854
0.138756013626	0.00178135096231	0.00245191554106
0.166095651904	0.169740913277	0.24881822432
0.169329372561	0.338563886734	0.5
0.223420699907	0.00106494895768	0.00178135096231
0.300148071849	0.5	0.997971355855
