0.00029397460514	0.028175517864	0.028194596372
0.00029397460514	0.035974663436	0.0359990229848
0.00029397460514	0.0466217974591	0.0466533665091
0.00029397460514	0.16689263415	0.167005642276
0.000293974605141	0.111036165903	0.111111351899
0.000293974605141	0.111186588805	0.111261876657
0.000293974605141	0.333333694514	0.33355940499
0.000293974605141	0.998647112891	0.999323327503
0.000293974605141	0.997971355855	0.998647112891
0.000293974605141	0.0101384194103	0.0101452844453
0.000293974605141	0.0277590414756	0.0277778379746
0.000293974605141	0.0359990229848	0.0360233990282
0.000293974605141	0.111111351899	0.111186588805
0.000293974605141	0.164871514177	0.16498315374
0.000587949210281	0.0833334236286	0.0834463170752
0.000587949210281	0.00474063776364	0.00474705999992
0.000587949210281	0.166666847257	0.16689263415
0.000881923815422	0.0274600214471	0.0275158412975
0.000881923815422	0.0465272184226	0.0466217974591
0.000881923815422	0.0547715421785	0.0548828800117
0.000881923815422	0.16498315374	0.1653185262
0.000881923815422	0.0159347512967	0.0159671429477
0.00117589842056	0.0158916646229	0.0159347512967
0.00176384763084	0.0027509404498	0.00276213586401
0.00235179684112	0.0127880269513	0.0128574646731
0.00264577144627	0.163870151441	0.164871514177
0.00293974605141	0.124156730343	0.125
0.00352769526169	0.1653185262	0.166666847257
0.00382166986683	0.0275158412975	0.0277590414756
0.00617346670795	0.0277778379746	0.028175517864
0.00646744131309	0.0101452844453	0.0102974968849
0.0079373143388	0.311517002532	0.317262739298
0.0094071873645	0.0202631180414	0.0207068225494
0.0094071873645	0.0207068225494	0.0211602429209
0.0135228318365	0.0360233990282	0.0371627223438
0.0135228318365	0.167005642276	0.172287581993
0.016756552493	0.0834463170752	0.0867288776437
0.018814374729	0.0211602429209	0.0220970869121
0.0191083493341	0.0262780129767	0.0274600214471
0.0214601461753	0.317262739298	0.333333694514
0.0223420699907	0.0441941738242	0.0465272184226
0.0241059176215	0.0120975555578	0.0127880269513
0.0379227240631	0.00929068058596	0.0101384194103
0.0470359368225	0.0159671429477	0.0177935724181
0.0476238860328	0.111261876657	0.124156730343
0.056443124187	0.0177935724181	0.0202631180414
0.0696719814183	0.0466533665091	0.0547715421785
0.0699659560235	0.0102974968849	0.0120975555578
0.075257498916	0.0078125	0.00929068058596
0.075257498916	0.0220970869121	0.0262780129767
0.075257498916	0.0371627223438	0.0441941738242
0.0846646862805	0.0548828800117	0.0666962750423
0.092014051409	0.0128574646731	0.0158916646229
0.0955417466707	0.25	0.311517002532
0.0967176450913	0.0666962750423	0.0833334236286
0.0978935435118	0.00623586187336	0.0078125
0.105830857851	0.028194596372	0.035974663436
0.107300730876	0.0867288776437	0.111036165903
0.117589842056	0.125	0.163870151441
0.118471765872	0.00474705999992	0.00623586187336
0.161686032827	0.172287581993	0.25
0.175796813874	0.33355940499	0.5
0.200490680706	0.00173376610598	0.0027509404498
0.234591734902	0.00276213586401	0.00474063776364
0.249290465159	0.0009765625	0.00173376610598
0.300148071849	0.5	0.997971355855
