0.00029397460514	0.00283986696426	0.00284178992535
0.00029397460514	0.0055355012903	0.00553924954813
0.00029397460514	0.00771266579357	0.0077178882763
0.00029397460514	0.0122292893007	0.0122375701279
0.00029397460514	0.0221420051612	0.0221569981925
0.00029397460514	0.0713189704842	0.0713672627481
0.00029397460514	0.0833334236286	0.0833898512475
0.00029397460514	0.0909372776112	0.090998854033
0.000293974605141	0.100044304161	0.10011204723
0.000293974605141	0.111412605335	0.111488046229
0.000293974605141	0.133302287015	0.133392550085
0.000293974605141	0.142831175424	0.142927890797
0.000293974605141	0.162874870575	0.162985158149
0.000293974605141	0.200088608322	0.20022409446
0.000293974605141	0.25	0.250169282673
0.000293974605141	0.285662350849	0.285855781594
0.000293974605141	0.300742687168	0.300946329273
0.000293974605141	0.333333694514	0.33355940499
0.000293974605141	0.667570536602	0.668022569102
0.000293974605141	0.602300218538	0.602708054503
0.000293974605141	0.666667389029	0.66711880998
0.000293974605141	0.753051435007	0.753561349247
0.000293974605141	0.800354433289	0.800896377841
0.000293974605141	0.495619442076	0.495955041213
0.000293974605141	0.5	0.500338565347
0.000293974605141	0.501016383954	0.501355637525
0.000293974605141	0.752541865812	0.753051435007
0.000293974605141	0.66711880998	0.667570536602
0.000293974605141	0.0010904805002	0.00109121889802
0.000293974605141	0.00118435747611	0.00118515944091
0.000293974605141	0.00144318959985	0.00144416682783
0.000293974605141	0.00172323591354	0.00172440276947
0.000293974605141	0.00186905331425	0.00187031890761
0.000293974605141	0.00199454230265	0.00199589286847
0.000293974605141	0.00292968432556	0.00293166810474
0.000293974605141	0.00350766470235	0.00351003984978
0.000293974605141	0.00445140524802	0.00445441943114
0.000293974605141	0.00488726208275	0.00489057139792
0.000293974605141	0.0110410672105	0.011048543456
0.000293974605141	0.012221014077	0.0122292893007
0.000293974605141	0.0122375701279	0.0122458565622
0.000293974605141	0.0165168012794	0.0165279853125
0.000293974605141	0.0165279853125	0.0165391769187
0.000293974605141	0.0167079632724	0.0167192767472
0.000293974605141	0.0221270222753	0.0221420051612
0.000293974605141	0.0555556759493	0.0555932944026
0.000293974605141	0.0555932944026	0.0556309383286
0.000293974605141	0.0726835873857	0.0727328036736
0.000293974605141	0.090998854033	0.0910604721501
0.000293974605141	0.133212085023	0.133302287015
0.000293974605141	0.142734525496	0.142831175424
0.000293974605141	0.16276465763	0.162874870575
0.000293974605141	0.250169282673	0.250338679973
0.000587949210281	0.00108900520319	0.0010904805002
0.000587949210281	0.133031864111	0.133212085023
0.000587949210281	0.142927890797	0.143121518054
0.000587949210281	0.250338679973	0.250677818763
0.000587949210281	0.500338565347	0.501016383954
0.000587949210281	0.181874555222	0.1821209443
0.000587949210281	0.670287327026	0.671195378602
0.000587949210281	0.00552801238196	0.0055355012903
0.000587949210281	0.00675895359714	0.00676811008602
0.000587949210281	0.0716092150133	0.0717062254414
0.000881923815422	0.00684644277231	0.00686036000146
0.000881923815422	0.0320425508409	0.03210768591
0.000881923815422	0.374492261556	0.375253517407
0.000881923815422	0.0181463136743	0.0181832009184
0.000881923815422	0.0237891133592	0.0238374711054
0.000881923815422	0.166666847257	0.167005642276
0.000881923815422	0.599047450122	0.600265174554
0.000881923815422	0.00131270441471	0.00131537283812
0.00117589842056	0.00106567006731	0.00106855939197
0.00117589842056	0.00171857638028	0.00172323591354
0.00117589842056	0.0110112127841	0.0110410672105
0.00117589842056	0.0165391769187	0.0165840191764
0.00117589842056	0.111111351899	0.111412605335
0.00117589842056	0.750507034813	0.752541865812
0.00117589842056	0.0139548851629	0.0139927206949
0.0014698730257	0.00283027165946	0.00283986696426
0.0014698730257	0.00445441943114	0.00446952098934
0.0014698730257	0.0619524302595	0.0621624639677
0.0014698730257	0.0713672627481	0.0716092150133
0.0014698730257	0.600265174554	0.602300218538
0.0014698730257	0.668022569102	0.670287327026
0.0014698730257	0.400177216645	0.401533914104
0.00176384763084	0.0138983236007	0.0139548851629
0.00176384763084	0.797110458396	0.800354433289
0.00176384763084	0.015145973554	0.0152076126373
0.00176384763084	0.20022409446	0.201038940042
0.00205782223598	0.671195378602	0.674383257532
0.00205782223598	0.372721998168	0.374492261556
0.00264577144627	0.29891609801	0.300742687168
0.00264577144627	0.252893447554	0.254438805708
0.00293974605141	0.00154112876729	0.00155159607843
0.00293974605141	0.0221569981925	0.0223074880146
0.00293974605141	0.602708054503	0.606801633746
0.00323372065655	0.00351003984978	0.0035362728583
0.00323372065655	0.0165840191764	0.0167079632724
0.00323372065655	0.111488046229	0.112321275193
0.00352769526169	0.0122458565622	0.0123457325207
0.00352769526169	0.0287340716684	0.0289684238294
0.00352769526169	0.1821209443	0.183606304167
0.00352769526169	0.495955041213	0.5
0.00382166986683	0.250677818763	0.252893447554
0.00382166986683	0.00623586187336	0.00629097785918
0.00440961907711	0.00308017185568	0.00311160576434
0.00440961907711	0.123737231231	0.125
0.00470359368225	0.0181832009184	0.0183812029945
0.00470359368225	0.0009765625	0.00098719656841
0.00470359368225	0.00172440276947	0.00174318028449
0.00470359368225	0.0183812029945	0.0185813611719
0.00499756828739	0.00676811008602	0.00684644277231
0.00529154289253	0.0530923730783	0.053743219625
0.00529154289253	0.329296923263	0.333333694514
0.00529154289253	0.167005642276	0.169052924008
0.00558551749767	0.428783207787	0.434333458818
0.00587949210281	0.00116843165342	0.00118435747611
0.00587949210281	0.0717062254414	0.0726835873857
0.00587949210281	0.00213422750349	0.00216331720567
0.00617346670795	0.00260064634106	0.00263787835135
0.00676141591823	0.00553924954813	0.00562616347362
0.00705539052337	0.00131537283812	0.00133691642869
0.00705539052337	0.143121518054	0.145465607347
0.00734936512852	0.421588158362	0.428783207787
0.0079373143388	0.392929870323	0.400177216645
0.00823128894394	0.00121603987322	0.00123930757538
0.00823128894394	0.00106855939197	0.00108900520319
0.00823128894394	0.0123457325207	0.0125819557184
0.00852526354908	0.00255009308414	0.00260064634106
0.00852526354908	0.0223074880146	0.0227497135082
0.00881923815422	0.00151014861635	0.00154112876729
0.0094071873645	0.00098719656841	0.00100881335842
0.00970116196964	0.162985158149	0.166666847257
0.00999513657478	0.00237031888182	0.00242550353921
0.0111710349953	0.00118515944091	0.00121603987322
0.0117589842056	0.10011204723	0.102859717385
0.0123469334159	0.00123930757538	0.00127504654207
0.012640908021	0.00127504654207	0.00131270441471
0.0129348826262	0.222222703797	0.228940860064
0.0132288572313	0.00216331720567	0.00223022696088
0.0132288572313	0.194085685733	0.200088608322
0.0132288572313	0.00284178992535	0.00292968432556
0.0135228318365	0.00155159607843	0.00160066889322
0.0144047556519	0.053743219625	0.0555556759493
0.0152866794673	0.00976791001383	0.0101178521651
0.0164625778879	0.541209028762	0.562118153561
0.0182264255187	0.33355940499	0.347856093943
0.0194023239393	0.0227497135082	0.0237891133592
0.0194023239393	0.285855781594	0.29891609801
0.0194023239393	0.00144416682783	0.00151014861635
0.0196962985444	0.00528290387525	0.00552801238196
0.0199902731496	0.375253517407	0.392929870323
0.0199902731496	0.00562616347362	0.00589118444348
0.0211661715701	0.401533914104	0.421588158362
0.0214601461753	0.00293166810474	0.00308017185568
0.0217541207804	0.00242550353921	0.00255009308414
0.0217541207804	0.00841072168735	0.00884275073643
0.0238119430164	0.00100881335842	0.00106567006731
0.0241059176215	0.183606304167	0.194085685733
0.0243998922267	0.753561349247	0.797110458396
0.0246938668318	0.00589118444348	0.00623586187336
0.0264577144627	0.00223022696088	0.00237031888182
0.0270456636729	0.125	0.133031864111
0.0276336128832	0.562118153561	0.599047450122
0.0279275874884	0.00187031890761	0.00199454230265
0.0291034859089	0.00199589286847	0.00213422750349
0.0293974605141	0.133392550085	0.142734525496
0.0296914351192	0.00109121889802	0.00116843165342
0.0299854097243	0.347856093943	0.372721998168
0.0302793843295	0.00174318028449	0.00186905331425
0.0305733589346	0.00263787835135	0.00283027165946
0.0308673335398	0.00160066889322	0.00171857638028
0.0311613081449	0.00629097785918	0.00675895359714
0.0317492573552	0.169052924008	0.181874555222
0.0332191303809	0.501355637525	0.541209028762
0.0332191303809	0.00133691642869	0.00144318959985
0.033513104986	0.102859717385	0.111111351899
0.033513104986	0.00489057139792	0.00528290387525
0.0343950288015	0.0139927206949	0.015145973554
0.0346890034066	0.0238374711054	0.0258195805702
0.035570927222	0.0167192767472	0.0181463136743
0.0358649018272	0.0152076126373	0.0165168012794
0.0367468256426	0.0101178521651	0.0110112127841
0.0373347748529	0.0077178882763	0.00841072168735
0.0373347748529	0.917624974788	1
0.037628749458	0.0833898512475	0.0909372776112
0.0382166986683	0.228940860064	0.25
0.0388046478786	0.00446952098934	0.00488726208275
0.0390986224837	0.300946329273	0.329296923263
0.0408624701145	0.0910604721501	0.100044304161
0.0408624701145	0.606801633746	0.666667389029
0.0420383685351	0.112321275193	0.123737231231
0.0432142669557	0.00884275073643	0.00976791001383
0.0432142669557	0.0125819557184	0.0138983236007
0.0435082415608	0.201038940042	0.222222703797
0.043802216166	0.011048543456	0.012221014077
0.043802216166	0.0289684238294	0.0320425508409
0.0464479876122	0.674383257532	0.750507034813
0.0464479876122	0.0258195805702	0.0287340716684
0.0467419622174	0.0556309383286	0.0619524302595
0.0479178606379	0.0475460318409	0.0530923730783
0.0487997844533	0.145465607347	0.16276465763
0.0490937590585	0.0035362728583	0.00395949251934
0.050269657479	0.254438805708	0.285662350849
0.0508576066893	0.00395949251934	0.00445140524802
0.0508576066893	0.00686036000146	0.00771266579357
0.0520335051099	0.00311160576434	0.00350766470235
0.0573250480024	0.434333458818	0.495619442076
0.0590888956333	0.800896377841	0.917624974788
0.0590888956333	0.0727328036736	0.0833334236286
0.0596768448435	0.0621624639677	0.0713189704842
0.0693780068132	0.0405262360828	0.0475460318409
0.0758454481263	0.0185813611719	0.0221270222753
0.101127264168	0.03210768591	0.0405262360828
