0.00029397460514	0.00104001518804	0.00104071941424
0.00029397460514	0.0152591701188	0.0152695025712
0.000293974605141	0.111036165903	0.111111351899
0.000293974605141	0.148751545455	0.148852269692
0.000293974605141	0.200088608322	0.20022409446
0.000293974605141	0.333108136771	0.333333694514
0.000293974605141	0.334463776282	0.334690251971
0.000293974605141	0.334690251971	0.334916881013
0.000293974605141	0.424738984627	0.42502658843
0.000293974605141	0.5	0.500338565347
0.000293974605141	0.00104071941424	0.0010414241173
0.000293974605141	0.00119240160485	0.00119320901657
0.000293974605141	0.0015070850622	0.00150810555575
0.000293974605141	0.00158021430011	0.00158128431171
0.000293974605141	0.0176138190777	0.0176257459352
0.000293974605141	0.0333707185686	0.0333933149064
0.000293974605141	0.111111351899	0.111186588805
0.000587949210281	0.00581984042879	0.00582772468238
0.000587949210281	0.00909775666092	0.00911008157284
0.000587949210281	0.0840699703784	0.0841838616396
0.000587949210281	0.168139940757	0.168367723279
0.000587949210281	0.334011284551	0.334463776282
0.000587949210281	0.00290401702179	0.00290795115141
0.000587949210281	0.0152695025712	0.0152901884701
0.000587949210281	0.0555556759493	0.0556309383286
0.000881923815422	0.00601203995487	0.00602426103675
0.000881923815422	0.00748634143181	0.00750155942642
0.000881923815422	0.0333933149064	0.0334611957653
0.000881923815422	0.0479987493217	0.048096319639
0.000881923815422	0.333333694514	0.334011284551
0.000881923815422	0.666667389029	0.668022569102
0.00117589842056	0.0127793736452	0.0128140220421
0.0014698730257	0.0241133609952	0.0241951111155
0.00176384763084	0.148852269692	0.149458049005
0.00176384763084	0.00299992183261	0.00301213051837
0.00176384763084	0.0653113057661	0.0655771010946
0.00205782223598	0.0938769032702	0.0943227767246
0.00205782223598	0.00482807586966	0.00485100707841
0.00205782223598	0.00838797956763	0.00842781873248
0.00235179684112	0.0559330088225	0.0562367195294
0.00235179684112	0.0556309383286	0.0559330088225
0.00264577144627	0.00750155942642	0.00754739926981
0.00293974605141	0.0207629644407	0.0209039860177
0.00323372065655	0.149458049005	0.150575054635
0.00352769526169	0.220723554492	0.222523753314
0.00382166986683	0.0550689462363	0.0555556759493
0.00382166986683	0.0833334236286	0.0840699703784
0.00382166986683	0.111186588805	0.112169317188
0.00382166986683	0.186992807901	0.188645553449
0.00382166986683	0.166666847257	0.168139940757
0.00411564447197	0.420732906013	0.424738984627
0.00411564447197	0.0176257459352	0.0177935724181
0.00440961907711	0.989897849844	1
0.00440961907711	0.0334611957653	0.0338026754685
0.00558551749767	0.0190526147214	0.019299235374
0.00705539052337	0.00158128431171	0.00160718308413
0.00705539052337	0.00911008157284	0.00925928935771
0.0079373143388	0.0695078780285	0.0707899074749
0.0117589842056	0.0811073552823	0.0833334236286
0.0129348826262	0.0109591616502	0.0112904750545
0.0135228318365	0.00290795115141	0.00299992183261
0.0135228318365	0.00582772468238	0.00601203995487
0.0138168064416	0.00332276864827	0.00343018000073
0.0155806540725	0.150575054635	0.156075122149
0.016756552493	0.028501615397	0.0296227946427
0.0191083493341	0.00184641851671	0.00192947206908
0.0194023239393	0.00485100707841	0.00507264222263
0.0199902731496	0.210794079181	0.220723554492
0.0202842477547	0.00150810555575	0.00158021430011
0.0211661715701	0.00249207378593	0.00261653813292
0.0223420699907	0.20022409446	0.210794079181
0.022930019201	0.632381552331	0.666667389029
0.0252818160421	0.0655771010946	0.0695078780285
0.0255757906472	0.188645553449	0.200088608322
0.0267516890678	0.00160718308413	0.00170929507704
0.0267516890678	0.0400083602916	0.0425502818949
0.0273396382781	0.0009765625	0.00104001518804
0.0276336128832	0.0707899074749	0.0754405693866
0.0285155366986	0.156075122149	0.166666847257
0.0296914351192	0.0177935724181	0.0190526147214
0.03145528275	0.0754405693866	0.0811073552823
0.0317492573552	0.019299235374	0.0207629644407
0.0332191303809	0.00842781873248	0.00909775666092
0.033513104986	0.00170929507704	0.00184641851671
0.035570927222	0.00444839310452	0.00482807586966
0.0426263177454	0.00301213051837	0.00332276864827
0.0452720891917	0.00261653813292	0.00290401702179
0.0455660637968	0.168367723279	0.186992807901
0.0458600384019	0.00754739926981	0.00838797956763
0.0470359368225	0.112169317188	0.125
0.0473299114276	0.0841838616396	0.0938769032702
0.0476238860328	0.00119320901657	0.00133149767526
0.0493877336636	0.00222419655226	0.00249207378593
0.0505636320842	0.222523753314	0.25
0.0517395305047	0.0296227946427	0.0333707185686
0.052327479715	0.0425502818949	0.0479987493217
0.0537973527407	0.00133149767526	0.0015070850622
0.0537973527407	0.0112904750545	0.0127793736452
0.0587949210281	0.048096319639	0.0550689462363
0.0587949210281	0.0010414241173	0.00119240160485
0.0596768448435	0.00507264222263	0.00581984042879
0.0614406924744	0.0152901884701	0.0176138190777
0.0617346670795	0.00192947206908	0.00222419655226
0.0620286416847	0.0209039860177	0.0241133609952
0.0649683877361	0.0562367195294	0.0653113057661
0.0705539052337	0.42502658843	0.5
0.0708478798389	0.0943227767246	0.111036165903
0.071141854444	0.0241951111155	0.028501615397
0.07319967668	0.00925928935771	0.0109591616502
0.07319967668	0.0338026754685	0.0400083602916
0.0755514735211	0.125	0.148751545455
0.0758454481263	0.0128140220421	0.0152591701188
0.0943658482501	0.00602426103675	0.00748634143181
0.0990694419324	0.334916881013	0.420732906013
0.101715213379	0.500338565347	0.632381552331
0.112886248374	0.00343018000073	0.00444839310452
0.12464523258	0.25	0.333108136771
0.170799245587	0.668022569102	0.989897849844
