0 49.046044409
0.0009765625 6061.28333997
0.00104001518804 6586.20599705
0.00104071941424 6496.32666246
0.0010414241173 6865.62848752
0.00119240160485 8281.01160492
0.00119320901657 7928.30558873
0.00133149767526 8716.60070014
0.0015070850622 9566.33825539
0.00150810555575 9076.18684028
0.00158021430011 9640.85058943
0.00158128431171 9827.71914476
0.00160718308413 9664.92839374
0.00170929507704 10439.9130041
0.00184641851671 10754.9006886
0.00192947206908 10934.1144651
0.00222419655226 11683.669439
0.00249207378593 12141.5143862
0.00261653813292 12069.757807
0.00290401702179 12979.7333482
0.00290795115141 12709.9668606
0.00299992183261 12712.3491895
0.00301213051837 12992.2497059
0.00332276864827 13212.0341953
0.00343018000073 13444.6581871
0.00444839310452 14269.8602447
0.00482807586966 14654.2357611
0.00485100707841 14709.174967
0.00507264222263 14869.7790977
0.00581984042879 15162.3881253
0.00582772468238 15123.4762357
0.00601203995487 15179.7779913
0.00602426103675 15292.6414515
0.00748634143181 15837.4779651
0.00750155942642 16153.4163978
0.00754739926981 15984.3063609
0.00838797956763 16352.4442884
0.00842781873248 16172.0812674
0.00909775666092 16718.5097795
0.00911008157284 16668.4834299
0.00925928935771 16772.5443096
0.0109591616502 16951.7287087
0.0112904750545 17163.930809
0.0127793736452 17376.9275756
0.0128140220421 17442.4430547
0.0152591701188 17958.7597972
0.0152695025712 18121.3178919
0.0152901884701 17764.2599198
0.0176138190777 18221.6235753
0.0176257459352 18226.6153643
0.0177935724181 18109.5966974
0.0190526147214 18426.1796872
0.019299235374 18489.0096346
0.0207629644407 18390.8771803
0.0209039860177 18623.0771568
0.0241133609952 18799.5456236
0.0241951111155 18896.1687115
0.028501615397 19170.0046733
0.0296227946427 19099.6217517
0.0333707185686 19369.4181967
0.0333933149064 19220.8864383
0.0334611957653 19350.4807294
0.0338026754685 19358.5910023
0.0400083602916 19521.100535
0.0425502818949 19605.3052432
0.0479987493217 19473.106405
0.048096319639 19684.9761005
0.0550689462363 19641.4268425
0.0555556759493 19779.6694386
0.0556309383286 19737.8078619
0.0559330088225 19740.7177738
0.0562367195294 19757.4231371
0.0653113057661 19837.4896907
0.0655771010946 19744.1451638
0.0695078780285 19870.0505309
0.0707899074749 19752.5800403
0.0754405693866 19641.041073
0.0811073552823 19645.6779182
0.0833334236286 19779.7085427
0.0840699703784 19875.304124
0.0841838616396 19904.0725888
0.0938769032702 19865.895663
0.0943227767246 19812.7593294
0.111036165903 19582.0650019
0.111111351899 19715.3908686
0.111186588805 19910.9681095
0.112169317188 19687.1936711
0.125 19762.5991661
0.148751545455 19495.6597992
0.148852269692 19478.3713107
0.149458049005 19386.7591252
0.150575054635 19488.1982861
0.156075122149 19414.1508831
0.166666847257 19219.6149129
0.168139940757 19086.7248633
0.168367723279 19238.6842335
0.186992807901 19207.6046307
0.188645553449 18993.3182608
0.200088608322 18835.9634389
0.20022409446 18871.8636632
0.210794079181 18825.4818119
0.220723554492 18787.4911395
0.222523753314 18467.273464
0.25 18190.5164028
0.333108136771 18080.9252803
0.333333694514 17106.6090277
0.334011284551 16964.0979002
0.334463776282 17045.3602187
0.334690251971 17027.1252118
0.334916881013 17213.0240964
0.420732906013 16788.4183657
0.424738984627 16910.9097571
0.42502658843 16947.2465021
0.5 13859.0666219
0.500338565347 13205.4981983
0.632381552331 13454.8563112
0.666667389029 12772.7898739
0.668022569102 12707.46706
0.989897849844 12474.0946591
1 0.0
