0.00029397460514	0.0016817508323	0.00168288959741
0.00029397460514	0.0115925032186	0.0116003528584
0.00029397460514	0.015848694453	0.0158594260905
0.00029397460514	0.0227805329977	0.0227959583958
0.00029397460514	0.0277214866263	0.0277402576957
0.00029397460514	0.0286369853684	0.0286563763501
0.00029397460514	0.0340553067523	0.0340783666458
0.00029397460514	0.0415821848833	0.041610341457
0.00029397460514	0.0833334236286	0.0833898512475
0.000293974605141	0.111186588805	0.111261876657
0.000293974605141	0.284504511952	0.284697158689
0.000293974605141	0.562879666206	0.563260809304
0.000293974605141	0.000986528559643	0.00098719656841
0.000293974605141	0.00138200309549	0.0013829388922
0.000293974605141	0.00140178846679	0.00140273766078
0.000293974605141	0.0082976243624	0.00830324293853
0.000293974605141	0.0111010191137	0.0111085359544
0.000293974605141	0.0142604573578	0.0142701135512
0.000293974605141	0.0340322624629	0.0340553067523
0.000293974605141	0.041610341457	0.0416385170963
0.000293974605141	0.0716092150133	0.0716577038107
0.000293974605141	0.111111351899	0.111186588805
0.000293974605141	0.166666847257	0.166779702495
0.000293974605141	0.281821105243	0.282011934963
0.000587949210281	0.0980995701417	0.0982324675808
0.000587949210281	0.222674430978	0.222976092459
0.000587949210281	0.332882731656	0.333333694514
0.000587949210281	0.100044304161	0.10017983617
0.000587949210281	0.00552801238196	0.0055355012903
0.000587949210281	0.0206788085561	0.0207068225494
0.000881923815422	0.001385750086	0.00138856699431
0.000881923815422	0.0158165430918	0.015848694453
0.000881923815422	0.0285788911157	0.0286369853684
0.000881923815422	0.0831643697667	0.0833334236286
0.000881923815422	0.171705458998	0.172054496344
0.000881923815422	0.222222703797	0.222674430978
0.000881923815422	0.0013829388922	0.001385750086
0.000881923815422	0.00405991169137	0.00406816454956
0.00117589842056	0.0414697489876	0.0415821848833
0.0014698730257	0.10017983617	0.100519470021
0.0014698730257	0.3317579919	0.332882731656
0.0014698730257	0.0526272246472	0.0528056436551
0.00176384763084	0.670741199148	0.673470893116
0.00176384763084	0.00170813844407	0.00171509000036
0.00176384763084	0.00213278333044	0.00214146305042
0.00176384763084	0.0573903954264	0.05762395528
0.00176384763084	0.0833898512475	0.0837292202533
0.00205782223598	0.16587899595	0.166666847257
0.00205782223598	0.00914715657994	0.00919060149727
0.00235179684112	0.663067000783	0.666667389029
0.00264577144627	0.666667389029	0.670741199148
0.00293974605141	0.0178176777246	0.0179386949819
0.00323372065655	0.558704075784	0.562879666206
0.00352769526169	0.111261876657	0.112169317188
0.00352769526169	0.222976092459	0.224794662752
0.00352769526169	0.00304699228509	0.00307184324374
0.00352769526169	0.0416385170963	0.0419781165996
0.00382166986683	0.0111085359544	0.0112067193207
0.00382166986683	0.282011934963	0.284504511952
0.00411564447197	0.00138856699431	0.00140178846679
0.00440961907711	0.0009765625	0.000986528559643
0.00529154289253	0.0282327921525	0.0285788911157
0.00587949210281	0.00114571882828	0.00116133507324
0.00646744131309	0.00168288959741	0.00170813844407
0.00764333973366	0.0277402576957	0.0282327921525
0.0079373143388	0.0982324675808	0.100044304161
0.00881923815422	0.979897753126	1
0.0094071873645	0.00098719656841	0.00100881335842
0.012640908021	0.166779702495	0.171705458998
0.014698730257	0.0112067193207	0.0115925032186
0.014698730257	0.0227959583958	0.0235806941811
0.0170505270982	0.0158594260905	0.0164944559119
0.0170505270982	0.0551808886229	0.0573903954264
0.0182264255187	0.0326335557009	0.0340322624629
0.0191083493341	0.0528056436551	0.0551808886229
0.0194023239393	0.0151254827617	0.0158165430918
0.0205782223598	0.0123959755528	0.0129974732838
0.0211661715701	0.050123835506	0.0526272246472
0.024987841437	0.0055355012903	0.00586333620948
0.0252818160421	0.0142701135512	0.0151254827617
0.0285155366986	0.00140273766078	0.00149793163852
0.0288095113038	0.0116003528584	0.0123959755528
0.033513104986	0.0164944559119	0.0178176777246
0.0346890034066	0.00671335663329	0.00727157892394
0.0352769526169	0.05762395528	0.0625
0.0370408002477	0.00406816454956	0.00443036299817
0.037628749458	0.0459637598199	0.050123835506
0.0393925970888	0.0419781165996	0.0459637598199
0.0402745209043	0.0129974732838	0.0142604573578
0.0414504193248	0.0207068225494	0.0227805329977
0.0420383685351	0.0036853455812	0.00405991169137
0.0420383685351	0.00830324293853	0.00914715657994
0.0435082415608	0.100519470021	0.111111351899
0.0455660637968	0.200088608322	0.222222703797
0.0461540130071	0.224794662752	0.25
0.0470359368225	0.112169317188	0.125
0.0482118352431	0.5	0.558704075784
0.050269657479	0.00149793163852	0.0016817508323
0.0520335051099	0.25	0.281821105243
0.0526214543202	0.333333694514	0.376270932906
0.0552672257664	0.00100881335842	0.00114571882828
0.056443124187	0.0286563763501	0.0326335557009
0.0573250480024	0.00727157892394	0.0082976243624
0.0587949210281	0.00586333620948	0.00671335663329
0.0590888956333	0.0625	0.0716092150133
0.0617346670795	0.0179386949819	0.0206788085561
0.0620286416847	0.00264145193763	0.00304699228509
0.0646744131309	0.0716577038107	0.0831643697667
0.0655563369464	0.172054496344	0.200088608322
0.0664382607618	0.284697158689	0.3317579919
0.0687900576029	0.0837292202533	0.0980995701417
0.0702599306286	0.0235806941811	0.0277214866263
0.0708478798389	0.563260809304	0.663067000783
0.0755514735211	0.00116133507324	0.00138200309549
0.0790791687828	0.00307184324374	0.0036853455812
0.0820189148342	0.00919060149727	0.0111010191137
0.0852526354908	0.0340783666458	0.0414697489876
0.0911321275936	0.00214146305042	0.00264145193763
0.0946598228553	0.00171509000036	0.00213278333044
0.096129695881	0.00443036299817	0.00552801238196
0.122881384949	0.125	0.16587899595
0.123469334159	0.376270932906	0.5
0.162861931248	0.673470893116	0.979897753126
