0.00029397460514	0.0133090802762	0.013318092263
0.00029397460514	0.0235010200446	0.0235169333066
0.00029397460514	0.0359503203707	0.035974663436
0.00029397460514	0.0833334236286	0.0833898512475
0.00029397460514	0.086435839263	0.0864943676227
0.000293974605141	0.222222703797	0.222373177611
0.000293974605141	0.333333694514	0.33355940499
0.000293974605141	0.335370599574	0.335597689301
0.000293974605141	0.495284070031	0.495619442076
0.000293974605141	0.663965270839	0.664414862103
0.000293974605141	0.663515983801	0.663965270839
0.000293974605141	0.666667389029	0.66711880998
0.000293974605141	0.499661663751	0.5
0.000293974605141	0.00183893466323	0.00184017986234
0.000293974605141	0.00445140524802	0.00445441943114
0.000293974605141	0.013318092263	0.013327110352
0.000293974605141	0.0255587472903	0.0255760539026
0.000293974605141	0.166666847257	0.166779702495
0.000293974605141	0.191087417213	0.191216808368
0.000293974605141	0.335143663513	0.335370599574
0.000587949210281	0.0255241691906	0.0255587472903
0.000587949210281	0.166779702495	0.167005642276
0.000587949210281	0.00133782169583	0.0013396340695
0.000587949210281	0.00492045625441	0.00492712209438
0.000587949210281	0.0083483287266	0.0083596383736
0.000587949210281	0.0863189013303	0.086435839263
0.000881923815422	0.0373898129093	0.0374658177211
0.000881923815422	0.10045145126	0.100655645747
0.000881923815422	0.143606734583	0.143898653744
0.000881923815422	0.00288637919971	0.00289224653872
0.00117589842056	0.16621618945	0.166666847257
0.00117589842056	0.111111351899	0.111412605335
0.00117589842056	0.283351365976	0.284119609465
0.0014698730257	0.0018327212952	0.00183893466323
0.0014698730257	0.0498868949869	0.0500560236151
0.0014698730257	0.664414862103	0.666667389029
0.0014698730257	0.751015226162	0.753561349247
0.00176384763084	0.0178176777246	0.0178901897567
0.00205782223598	0.33355940499	0.335143663513
0.00235179684112	0.00445441943114	0.00447860648817
0.00235179684112	0.167005642276	0.167912466398
0.00264577144627	0.013327110352	0.0134085484393
0.00264577144627	0.0357319726993	0.0359503203707
0.00352769526169	0.00202309705782	0.0020395972313
0.00352769526169	0.00289224653872	0.00291583540682
0.00352769526169	0.167912466398	0.169281943367
0.00352769526169	0.191216808368	0.192776353176
0.00352769526169	0.22042494044	0.222222703797
0.00352769526169	0.495619442076	0.499661663751
0.00411564447197	0.00126730242629	0.00127936925794
0.00411564447197	0.0995040072415	0.10045145126
0.00440961907711	0.00259010547181	0.00261653813292
0.00587949210281	0.00184017986234	0.00186526167019
0.00705539052337	0.0178901897567	0.0181832009184
0.00764333973366	0.00617704609757	0.00628672092748
0.00852526354908	0.0118143141298	0.0120485220735
0.00911321275936	0.0202768388206	0.0207068225494
0.00999513657478	0.0083596383736	0.00855426357067
0.0117589842056	0.0864943676227	0.0888682876356
0.0141107810467	0.00291583540682	0.00301213051837
0.0141107810467	0.0148314626159	0.0153212698745
0.0149927048622	0.0833898512475	0.0863189013303
0.016756552493	0.035974663436	0.0373898129093
0.0176384763084	0.0647391058501	0.0674225498598
0.0185204001239	0.0442240990557	0.0461508170606
0.0194023239393	0.00127936925794	0.00133782169583
0.0211661715701	0.119053958864	0.125
0.0211661715701	0.00148984194409	0.00156425073797
0.0223420699907	0.0500560236151	0.0526985197953
0.024987841437	0.0374658177211	0.0396846959546
0.0288095113038	0.111412605335	0.119053958864
0.0329251557757	0.308996855658	0.333333694514
0.0338070795912	0.0461508170606	0.0498868949869
0.0352769526169	0.00186526167019	0.00202309705782
0.035570927222	0.0235169333066	0.0255241691906
0.0364528510374	0.284119609465	0.308996855658
0.037628749458	0.00116212144887	0.00126730242629
0.0388046478786	0.0592054994246	0.0647391058501
0.0390986224837	0.0761588893642	0.0833334236286
0.039686571694	0.0326114734712	0.0357319726993
0.0408624701145	0.00447860648817	0.00492045625441
0.0411564447197	0.335597689301	0.368956704576
0.0426263177454	0.00261653813292	0.00288637919971
0.0429202923505	0.100655645747	0.111111351899
0.0432142669557	0.0120485220735	0.0133090802762
0.043802216166	0.0134085484393	0.0148314626159
0.0452720891917	0.00628672092748	0.00697744258146
0.0461540130071	0.0013396340695	0.00148984194409
0.0470359368225	0.0396846959546	0.0442240990557
0.0473299114276	0.0181832009184	0.0202768388206
0.0482118352431	0.0255760539026	0.0285788911157
0.0485058098482	0.00492712209438	0.0055093344071
0.0490937590585	0.0888682876356	0.0995040072415
0.0496817082688	0.0055093344071	0.00617704609757
0.0505636320842	0.0526985197953	0.0592054994246
0.0508576066893	0.222373177611	0.25
0.0514455558996	0.66711880998	0.751015226162
0.0526214543202	0.169281943367	0.191087417213
0.0529154289253	0.0674225498598	0.0761588893642
0.054385301951	0.25	0.283351365976
0.0549732511613	0.0207068225494	0.0235010200446
0.0573250480024	0.0285788911157	0.0326114734712
0.0582069718178	0.192776353176	0.22042494044
0.0602647940538	0.125	0.143606734583
0.0626165908949	0.143898653744	0.16621618945
0.0655563369464	0.0153212698745	0.0178176777246
0.0661442861566	0.00301213051837	0.00350766470235
0.0687900576029	0.00156425073797	0.0018327212952
0.0696719814183	0.0100632099303	0.0118143141298
0.0705539052337	0.00855426357067	0.0100632099303
0.0779032703623	0.00697744258146	0.0083483287266
0.103479061009	0.00350766470235	0.00445140524802
0.103773035615	0.0020395972313	0.00259010547181
0.122881384949	0.753561349247	1
0.122881384949	0.5	0.663515983801
0.127878953236	0.368956704576	0.495284070031
