0.00029397460514	0.00128370662886	0.00128457586602
0.00029397460514	0.00343482693381	0.00343715276055
0.00029397460514	0.0427523767714	0.042781325718
0.00029397460514	0.0558195406517	0.0558573377759
0.00029397460514	0.0913691891537	0.0914310580361
0.00029397460514	0.184728268781	0.184853353962
0.000293974605141	0.100044304161	0.10011204723
0.000293974605141	0.125	0.125084641337
0.000293974605141	0.125084641337	0.125169339987
0.000293974605141	0.142252255976	0.142348579345
0.000293974605141	0.185480051498	0.185605645734
0.000293974605141	0.199953213864	0.200088608322
0.000293974605141	0.200088608322	0.20022409446
0.000293974605141	0.211795257117	0.211938670186
0.000293974605141	0.249830831876	0.25
0.000293974605141	0.285855781594	0.286049343318
0.000293974605141	0.333108136771	0.333333694514
0.000293974605141	0.429073550057	0.429364088928
0.000293974605141	0.376525717503	0.376780674623
0.000293974605141	0.5	0.500338565347
0.000293974605141	0.599858991619	0.600265174554
0.000293974605141	0.00120701896741	0.001207836277
0.000293974605141	0.00144318959985	0.00144416682783
0.000293974605141	0.00144808236132	0.00144906290233
0.000293974605141	0.00192295279446	0.00192425488482
0.000293974605141	0.00201899291382	0.00202036003589
0.000293974605141	0.00236231007984	0.00236390967251
0.000293974605141	0.0024287894171	0.00243043402496
0.000293974605141	0.00247693794006	0.00247861515077
0.000293974605141	0.00277525477842	0.00277713398861
0.000293974605141	0.00295357853244	0.00295557849112
0.000293974605141	0.00394077559149	0.00394344401159
0.000293974605141	0.00447557593833	0.00447860648817
0.000293974605141	0.00907315683716	0.00907930055014
0.000293974605141	0.00907930055014	0.00908544842321
0.000293974605141	0.0121632440881	0.012171480194
0.000293974605141	0.0185939431819	0.0186065337115
0.000293974605141	0.023059794036	0.0230754085303
0.000293974605141	0.0956731435692	0.0957379267912
0.000293974605141	0.155337339014	0.155442522694
0.000293974605141	0.252893447554	0.253064689469
0.000293974605141	0.302785324583	0.302990349819
0.000587949210281	0.0158809111705	0.0159024253568
0.000587949210281	0.0725852546973	0.0726835873857
0.000587949210281	0.285469050992	0.285855781594
0.000587949210281	0.500338565347	0.501016383954
0.000587949210281	0.402077880085	0.402622582987
0.000587949210281	0.199682699739	0.199953213864
0.000587949210281	0.000994574586066	0.000995921956042
0.000587949210281	0.00159094707929	0.00159310236695
0.000587949210281	0.00172090456988	0.00172323591354
0.000587949210281	0.00713505677558	0.00714472277893
0.000881923815422	0.000995921956042	0.000997946434233
0.000881923815422	0.0038147925297	0.00382254711753
0.000881923815422	0.00446649658741	0.00447557593833
0.000881923815422	0.00593119723272	0.00594325398011
0.000881923815422	0.178339145208	0.178701667299
0.000881923815422	0.0712224839684	0.0713672627481
0.000881923815422	0.119862570614	0.120106223401
0.000881923815422	0.166666847257	0.167005642276
0.000881923815422	0.177977358545	0.178339145208
0.000881923815422	0.357645343366	0.358372353342
0.000881923815422	0.666667389029	0.668022569102
0.000881923815422	0.00128110244492	0.00128370662886
0.00117589842056	0.00144416682783	0.00144808236132
0.00117589842056	0.00187158535795	0.00187665974064
0.00117589842056	0.344575163986	0.345509402031
0.00117589842056	0.0558573377759	0.0560087823822
0.00117589842056	0.0914310580361	0.0916789527825
0.0014698730257	0.0196551977303	0.0197218335999
0.0014698730257	0.268415346164	0.269325339045
0.0014698730257	0.569779871747	0.571711563189
0.0014698730257	0.184853353962	0.185480051498
0.0014698730257	0.359830809826	0.361050723218
0.0014698730257	0.001207836277	0.00121193113383
0.00176384763084	0.358372353342	0.359830809826
0.00176384763084	0.00236390967251	0.00237352999996
0.00176384763084	0.215118443234	0.21599390387
0.00176384763084	0.374999593672	0.376525717503
0.00205782223598	0.00748634143181	0.00752189821733
0.00205782223598	0.0146518491448	0.0147214388987
0.00205782223598	0.0909372776112	0.0913691891537
0.00205782223598	0.400177216645	0.402077880085
0.00205782223598	0.800354433289	0.80415576017
0.00205782223598	0.0555556759493	0.0558195406517
0.00235179684112	0.225556770976	0.226781521938
0.00235179684112	0.23049582112	0.231747390635
0.00235179684113	0.0147214388987	0.0148013748561
0.00264577144627	0.00159310236695	0.00160283735121
0.00293974605141	0.42130288125	0.42416436073
0.00323372065655	0.253064689469	0.254956020747
0.00323372065655	0.0195093902686	0.0196551977303
0.00323372065655	0.247977520606	0.249830831876
0.00323372065655	0.286049343318	0.288187192226
0.00352769526169	0.111111351899	0.112017564764
0.00352769526169	0.132313415349	0.133392550085
0.00352769526169	0.272811537231	0.275036560334
0.00352769526169	0.0769882052959	0.0776161132546
0.00382166986683	0.00982094879928	0.00990775176024
0.00382166986683	0.0948349400749	0.0956731435692
0.00382166986683	0.668022569102	0.673926920929
0.00382166986683	0.00623586187336	0.00629097785918
0.00440961907711	0.108877764072	0.109988888338
0.00440961907711	0.109988888338	0.111111351899
0.00440961907711	0.0168670509344	0.0170391833229
0.00470359368225	0.145465607347	0.147049623956
0.00470359368225	0.0197218335999	0.0199365902874
0.00470359368225	0.054957230941	0.0555556759493
0.00499756828739	0.231747390635	0.234429586317
0.00499756828739	0.25	0.252893447554
0.00499756828739	0.42416436073	0.429073550057
0.00499756828739	0.185605645734	0.18775380654
0.00558551749767	0.269325339045	0.272811537231
0.00646744131309	0.211938670186	0.215118443234
0.00646744131309	0.298309703618	0.302785324583
0.00676141591823	0.155442522694	0.15788150287
0.00705539052337	0.226781521938	0.23049582112
0.00734936512852	0.600265174554	0.610509621683
0.00734936512852	0.0713672627481	0.0725852546973
0.00764333973366	0.0186065337115	0.0189368968637
0.0079373143388	0.0009765625	0.000994574586066
0.00823128894394	0.00243043402496	0.00247693794006
0.00823128894394	0.00295557849112	0.00301213051837
0.00881923815422	0.0823799750791	0.0840699703784
0.0094071873645	0.142348579345	0.145465607347
0.00970116196964	0.0143281881751	0.0146518491448
0.00970116196964	0.00128457586602	0.00131359328716
0.00999513657478	0.00237352999996	0.0024287894171
0.0105830857851	0.00187665974064	0.00192295279446
0.0108770603902	0.00172323591354	0.00176693997985
0.0108770603902	0.167005642276	0.171241177067
0.0114650096005	0.00110011876817	0.00112954772048
0.0117589842056	0.00144906290233	0.00148883380902
0.0120529588108	0.554184205862	0.569779871747
0.0123469334159	0.00131359328716	0.00135147449411
0.0129348826262	0.0189368968637	0.0195093902686
0.0132288572313	0.00382254711753	0.00394077559149
0.0138168064416	0.0069116323203	0.00713505677558
0.0138168064416	0.00878904345338	0.00907315683716
0.0141107810467	0.0103534112747	0.0106953314295
0.0141107810467	0.484015448373	0.5
0.0144047556519	0.333333694514	0.344575163986
0.0144047556519	0.178701667299	0.184728268781
0.014698730257	0.0916789527825	0.0948349400749
0.0149927048622	0.345509402031	0.357645343366
0.0149927048622	0.288187192226	0.298309703618
0.0161686032827	0.429364088928	0.445650421339
0.0161686032827	0.275036560334	0.285469050992
0.0164625778879	0.361050723218	0.374999593672
0.016756552493	0.171241177067	0.177977358545
0.0173445017033	0.120106223401	0.125
0.018814374729	0.0265641617769	0.0277402576957
0.018814374729	0.21599390387	0.225556770976
0.0191083493341	0.0957379267912	0.100044304161
0.0191083493341	0.00990775176024	0.0103534112747
0.0196962985444	0.402622582987	0.42130288125
0.0202842477547	0.00714472277893	0.00748634143181
0.0205782223598	0.00202036003589	0.0021183952387
0.020872196965	0.00594325398011	0.00623586187336
0.020872196965	0.571711563189	0.599858991619
0.020872196965	0.00192425488482	0.00201899291382
0.0223420699907	0.254956020747	0.268415346164
0.022930019201	0.0115377042652	0.0121632440881
0.022930019201	0.00394344401159	0.00415724575345
0.0235179684112	0.00752189821733	0.00794045558524
0.0235179684112	0.15788150287	0.166666847257
0.0238119430164	0.147049623956	0.155337339014
0.0241059176215	0.00121193113383	0.00128110244492
0.0241059176215	0.125169339987	0.132313415349
0.0243998922267	0.20022409446	0.211795257117
0.0243998922267	0.234429586317	0.247977520606
0.024987841437	0.00176693997985	0.00187158535795
0.024987841437	0.00474705999992	0.00502820021646
0.024987841437	0.0726835873857	0.0769882052959
0.0252818160421	0.00447860648817	0.00474705999992
0.0255757906472	0.0159024253568	0.0168670509344
0.0258697652524	0.0199365902874	0.0211602429209
0.0258697652524	0.0776161132546	0.0823799750791
0.0261637398575	0.376780674623	0.400177216645
0.0267516890678	0.18775380654	0.199682699739
0.0267516890678	0.00277713398861	0.00295357853244
0.0279275874884	0.750507034813	0.800354433289
0.0279275874884	0.133392550085	0.142252255976
0.0285155366986	0.00135147449411	0.00144318959985
0.0288095113038	0.00112954772048	0.00120701896741
0.0288095113038	0.00148883380902	0.00159094707929
0.0288095113038	0.0666511435073	0.0712224839684
0.0293974605141	0.112017564764	0.119862570614
0.0305733589346	0.0148013748561	0.0158809111705
0.0305733589346	0.0333481375212	0.0357803795135
0.0308673335398	0.00160283735121	0.00172090456988
0.0308673335398	0.00552427172802	0.00593119723272
0.0311613081449	0.00415724575345	0.00446649658741
0.0329251557757	0.0106953314295	0.0115377042652
0.0332191303809	0.012171480194	0.0131390064883
0.0338070795912	0.0395506098306	0.0427523767714
0.0338070795912	0.00908544842321	0.00982094879928
0.0341010541963	0.0840699703784	0.0909372776112
0.0358649018272	0.445650421339	0.484015448373
0.0361588764323	0.0613265775065	0.0666511435073
0.0364528510374	0.10011204723	0.108877764072
0.0373347748529	0.0211602429209	0.023059794036
0.037628749458	0.0131390064883	0.0143281881751
0.0379227240631	0.0170391833229	0.0185939431819
0.0382166986683	0.610509621683	0.666667389029
0.0393925970888	0.0560087823822	0.0613265775065
0.0408624701145	0.00502820021646	0.00552427172802
0.0408624701145	0.00629097785918	0.0069116323203
0.0411564447197	0.302990349819	0.333108136771
0.0423323431402	0.000997946434233	0.00110011876817
0.0435082415608	0.0357803795135	0.0395506098306
0.043802216166	0.501016383954	0.554184205862
0.0440961907711	0.00794045558524	0.00878904345338
0.0452720891917	0.00343715276055	0.0038147925297
0.0467419622174	0.673926920929	0.750507034813
0.0473299114276	0.0021183952387	0.00236231007984
0.0476238860328	0.0492494014096	0.054957230941
0.0490937590585	0.00247861515077	0.00277525477842
0.0570310733973	0.00301213051837	0.00343482693381
0.0611467178692	0.0230754085303	0.0265641617769
0.0611467178692	0.042781325718	0.0492494014096
0.0799610925982	0.0277402576957	0.0333481375212
0.0946598228553	0.80415576017	1
