0 478.955001912
0.0009765625 2776.31979149
0.00106494895768 3184.6048657
0.00114882518716 2967.51940917
0.00147179951025 3312.69055975
0.00163350603481 3663.73087287
0.00164015386198 3622.26661208
0.00252091652513 3963.76017065
0.00253117581834 3908.29154657
0.00253288975518 4049.86696175
0.0036039358893 4459.24078985
0.0036063762249 4570.92603203
0.00386417192654 4405.1996136
0.00485100707841 4814.02658724
0.00486745316456 4825.61570877
0.0048707490665 4791.89573576
0.00552427172802 4970.90254715
0.00657395165645 5071.53623503
0.00670881388949 5082.5264601
0.00763475128562 5149.79621565
0.00909775666092 5179.20033015
0.00912242318157 5318.5673204
0.00916575062628 5277.4433694
0.0113210866378 5354.0673358
0.0115377042652 5448.39481382
0.011991567472 5492.7430387
0.0119996873304 5485.59046136
0.0137952221557 5536.67640002
0.0143184926842 5639.50294757
0.0143281881751 5682.97807071
0.0161738246694 5729.71400242
0.0217557273738 5921.40463314
0.0217704588446 5854.98099277
0.0218590573834 5842.02559094
0.0277027282587 5950.94381393
0.0283860934221 6068.67065649
0.0285788911157 6063.39394276
0.0333030212558 6085.19613846
0.0371375753517 6209.7559625
0.0371627223438 6198.7506441
0.0442540445506 6277.0445631
0.0449179999203 6239.31087549
0.049988303466 6289.79526089
0.0500221520806 6303.90016426
0.0555556759493 6345.20372781
0.066022499257 6305.3618551
0.0660672051177 6268.9278348
0.0666962750423 6357.41129346
0.0833334236286 6385.03617237
0.0833898512475 6417.28515676
0.0841838616396 6387.76835549
0.0846409716836 6430.01907537
0.0963229533598 6359.03279225
0.096388176588 6414.04465815
0.111036165903 6442.44198128
0.111111351899 6427.7402539
0.125 6414.42704954
0.125678737639 6448.17061366
0.126361160756 6457.72450441
0.135944882615 6439.90171026
0.136313466583 6402.86254362
0.16276465763 6447.14589687
0.166666847257 6303.24856231
0.221922061566 6286.40118529
0.224186830591 6230.44292427
0.224338634375 6198.68511884
0.25 6111.81700444
0.331533500392 6017.62889198
0.332207431051 5988.25492364
0.333333694514 5829.00895007
0.334011284551 5818.08801318
0.37474584176 5808.4612323
0.385552706352 5765.56046027
0.5 4590.93048083
0.66261832158 4769.86157476
0.687286904137 4406.64532432
0.689616972811 4418.21132255
1 0.0
