0.00029397460514	0.00118115503992	0.00118195483625
0.00029397460514	0.00465163342788	0.00465478319165
0.00029397460514	0.0371124453758	0.0371375753517
0.00029397460514	0.0458705157077	0.0459015760418
0.00029397460514	0.0500221520806	0.0500560236151
0.00029397460514	0.0618686156153	0.0619105087538
0.00029397460514	0.26089178777	0.261068445607
0.000293974605141	0.754071608766	0.754582213797
0.000293974605141	0.199953213864	0.200088608322
0.000293974605141	0.200088608322	0.20022409446
0.000293974605141	0.25	0.250169282673
0.000293974605141	0.333108136771	0.333333694514
0.000293974605141	0.333333694514	0.33355940499
0.000293974605141	0.600265174554	0.600671632528
0.000293974605141	0.400177216645	0.400448188921
0.000293974605141	0.5	0.500338565347
0.000293974605141	0.505102622537	0.505444643026
0.000293974605141	0.600671632528	0.601078365726
0.000293974605141	0.0009765625	0.000977223760442
0.000293974605141	0.00199454230265	0.00199589286847
0.000293974605141	0.00217801040637	0.00217948520407
0.000293974605141	0.00231482233943	0.00231638977668
0.000293974605141	0.00303053677011	0.00303258883958
0.000293974605141	0.00464848579547	0.00465163342788
0.000293974605141	0.00574158217597	0.00574546997749
0.000293974605141	0.0076295850594	0.00763475128562
0.000293974605141	0.00763475128562	0.00763992101005
0.000293974605141	0.00763992101005	0.00764509423506
0.000293974605141	0.0100088627951	0.0100156401033
0.000293974605141	0.0106159906287	0.0106231790418
0.000293974605141	0.01204036917	0.0120485220735
0.000293974605141	0.0139548851629	0.013964334444
0.000293974605141	0.0157844569543	0.0157951450946
0.000293974605141	0.0298643951378	0.0298846172364
0.000293974605141	0.0371375753517	0.0371627223438
0.000293974605141	0.0458394763913	0.0458705157077
0.000293974605141	0.111488046229	0.111563538207
0.000293974605141	0.130622611532	0.130711060112
0.000293974605141	0.144191166309	0.144288802574
0.000293974605141	0.184478352288	0.184603268242
0.000293974605141	0.33355940499	0.333785268301
0.000587949210281	0.00195444752088	0.00195709524982
0.000587949210281	0.143996091939	0.144191166309
0.000587949210281	0.184228773903	0.184478352288
0.000587949210281	0.292115208138	0.292510942421
0.000587949210281	0.50441927571	0.505102622537
0.000587949210281	0.0015070850622	0.00150912674031
0.000587949210281	0.00231169064612	0.00231482233943
0.000587949210281	0.0776686695072	0.0777738887987
0.000881923815422	0.009604002953	0.00962352566198
0.000881923815422	0.10045145126	0.100655645747
0.000881923815422	0.222222703797	0.222674430978
0.000881923815422	0.00156636985956	0.00156955392594
0.00117589842056	0.0105872855854	0.0106159906287
0.00117589842056	0.0687126126644	0.0688989114567
0.00117589842056	0.0757475874548	0.0759529599988
0.00117589842056	0.250169282673	0.250847560408
0.0014698730257	0.00132341069818	0.00132789738022
0.0014698730257	0.00341859015407	0.00343018000073
0.0014698730257	0.00475027437995	0.00476637895791
0.0014698730257	0.013964334444	0.014011676912
0.0014698730257	0.0833334236286	0.0836159440706
0.0014698730257	0.111111351899	0.111488046229
0.0014698730257	0.130711060112	0.131154202189
0.0014698730257	0.291128213149	0.292115208138
0.0014698730257	0.598237006549	0.600265174554
0.0014698730257	0.309415459845	0.310464453018
0.00176384763084	0.100044304161	0.10045145126
0.00176384763084	0.333785268301	0.335143663513
0.00176384763084	0.00574546997749	0.00576885213258
0.00176384763084	0.00962352566198	0.00966269021604
0.00176384763084	0.124493353388	0.125
0.00205782223598	0.750507034813	0.754071608766
0.00205782223598	0.00222570262401	0.00223627371959
0.00205782223598	0.00820824246224	0.00824722795594
0.00235179684112	0.0522721931138	0.0525560259534
0.00235179684113	0.00303258883958	0.00304905549709
0.00264577144627	0.0714639453986	0.0719006407414
0.00323372065655	0.142927890797	0.143996091939
0.00352769526169	0.500338565347	0.50441927571
0.00352769526169	0.00674980949594	0.00680486025451
0.00411564447197	0.00476637895791	0.00481176283099
0.00411564447197	0.0619105087538	0.0625
0.00440961907711	0.0241133609952	0.0243594437537
0.00440961907711	0.05174413157	0.0522721931138
0.00440961907711	0.666667389029	0.673470893116
0.00440961907711	0.166666847257	0.168367723279
0.00470359368225	0.0688989114567	0.0696491714122
0.00499756828739	0.014011676912	0.0141738451211
0.00617346670795	0.0821572242468	0.0833334236286
0.00646744131309	0.00132789738022	0.00134782018287
0.00734936512852	0.00680486025451	0.00692099564609
0.0079373143388	0.0186443564761	0.0189882399997
0.0079373143388	0.285855781594	0.291128213149
0.00823128894394	0.222674430978	0.226935082667
0.00823128894394	0.00195709524982	0.00199454230265
0.00881923815422	0.00465478319165	0.00475027437995
0.00911321275936	0.00179223627888	0.00183024183019
0.00911321275936	0.00217948520407	0.00222570262401
0.0094071873645	0.00824722795594	0.00842781873248
0.00970116196964	0.0759529599988	0.0776686695072
0.00999513657478	0.150269591432	0.153768097891
0.0111710349953	0.0696491714122	0.0714639453986
0.0114650096005	0.131154202189	0.134662669523
0.0117589842056	0.754582213797	0.775292438842
0.0117589842056	0.775292438842	0.796571075671
0.0120529588108	0.00294758677264	0.00303053677011
0.0141107810467	0.00140368749751	0.0014500441073
0.0144047556519	0.00223627371959	0.00231169064612
0.0144047556519	0.0500560236151	0.05174413157
0.014698730257	0.20022409446	0.207116676439
0.0152866794673	0.00263787835135	0.00273238217293
0.0152866794673	0.00966269021604	0.0100088627951
0.0158746286776	0.0441941738242	0.0458394763913
0.0161686032827	0.00150912674031	0.00156636985956
0.016756552493	0.0014500441073	0.0015070850622
0.016756552493	0.0106231790418	0.0110410672105
0.0170505270982	0.0836159440706	0.0869640234857
0.0170505270982	0.250847560408	0.26089178777
0.0176384763084	0.144288802574	0.150269591432
0.0176384763084	0.00134782018287	0.00140368749751
0.0176384763084	0.0869640234857	0.0905686931026
0.0182264255187	0.00304905549709	0.00317974105832
0.018814374729	0.0166740687606	0.0174122928531
0.0191083493341	0.00730117183571	0.0076295850594
0.0191083493341	0.125	0.130622611532
0.0205782223598	0.0353949537375	0.0371124453758
0.0214601461753	0.00125960534512	0.00132341069818
0.0217541207804	0.00481176283099	0.00505892608256
0.0220480953855	0.00231638977668	0.00243702360009
0.0226360445958	0.0719006407414	0.0757475874548
0.0232239938061	0.000977223760442	0.00103090349449
0.0232239938061	0.00692099564609	0.00730117183571
0.0235179684112	0.0157951450946	0.0166740687606
0.0238119430164	0.0777738887987	0.0821572242468
0.0241059176215	0.0100156401033	0.0105872855854
0.0243998922267	0.292510942421	0.309415459845
0.0258697652524	0.134662669523	0.142927890797
0.0261637398575	0.00168745237399	0.00179223627888
0.0276336128832	0.00118195483625	0.00125960534512
0.0279275874884	0.375253517407	0.400177216645
0.0282215620935	0.00103090349449	0.00110011876817
0.0285155366986	0.00183024183019	0.00195444752088
0.0296914351192	0.0174122928531	0.0186443564761
0.0305733589346	0.207116676439	0.222222703797
0.0305733589346	0.310464453018	0.333108136771
0.0308673335398	0.00764509423506	0.00820824246224
0.0308673335398	0.00110011876817	0.00118115503992
0.03145528275	0.505444643026	0.543411569806
0.03145528275	0.00156955392594	0.00168745237399
0.03145528275	0.00317974105832	0.00341859015407
0.0329251557757	0.00273238217293	0.00294758677264
0.0343950288015	0.00243702360009	0.00263787835135
0.0346890034066	0.184603268242	0.199953213864
0.0349829780117	0.153768097891	0.166666847257
0.0373347748529	0.0459015760418	0.0500221520806
0.037628749458	0.0110410672105	0.01204036917
0.0379227240631	0.00199589286847	0.00217801040637
0.0379227240631	0.00425979583072	0.00464848579547
0.0390986224837	0.168367723279	0.184228773903
0.0393925970888	0.261068445607	0.285855781594
0.0402745209043	0.0189882399997	0.0208333559071
0.0411564447197	0.0625	0.0687126126644
0.04174439393	0.543411569806	0.598237006549
0.0420383685351	0.226935082667	0.25
0.0423323431402	0.0243594437537	0.0268534265332
0.0429202923505	0.100655645747	0.111111351899
0.0432142669557	0.0905686931026	0.100044304161
0.0449781145865	0.601078365726	0.666667389029
0.0461540130071	0.0268534265332	0.0298643951378
0.0467419622174	0.0141738451211	0.0157844569543
0.0470359368225	0.673470893116	0.750507034813
0.0470359368225	0.00343018000073	0.00382254711753
0.0470359368225	0.00382254711753	0.00425979583072
0.0473299114276	0.400448188921	0.446556325214
0.0476238860328	0.111563538207	0.124493353388
0.0490937590585	0.446556325214	0.5
0.0490937590585	0.335143663513	0.375253517407
0.0549732511613	0.00505892608256	0.00574158217597
0.0567370987921	0.00842781873248	0.009604002953
0.0634985147104	0.0208333559071	0.0241133609952
0.0637924893155	0.0120485220735	0.0139548851629
0.0682021083926	0.00576885213258	0.00674980949594
0.0708478798389	0.0525560259534	0.0618686156153
0.0734936512852	0.0298846172364	0.0353949537375
0.075257498916	0.0371627223438	0.0441941738242
0.0987754673272	0.796571075671	1
