12	7743
12	8749
12	9719
39	9635
45	8399
45	9896
50	9258
50	9468
50	9636
52	9895
62	2778
62	7382
100	8561
100	9094
100	9902
100	9916
100	9943
115	9884
115	9924
115	9926
127	6121
143	922
143	2740
143	8293
147	3663
186	8297
186	9217
186	9581
220	8026
220	9919
226	4570
232	534
232	9790
243	3813
248	8928
248	9302
248	9856
288	1697
288	1725
288	5319
288	6096
288	7625
288	7675
288	8748
295	2172
342	7341
342	9636
352	3236
352	6643
352	7408
352	8631
352	8640
352	8808
352	9710
353	5470
360	3552
360	4632
360	9021
360	9115
390	6183
409	8050
409	8772
420	1228
420	8876
420	9035
420	9274
427	6316
427	7149
427	7309
427	9913
448	9336
457	4627
488	9626
488	9772
519	6316
519	8471
519	9955
534	232
534	3952
534	4668
534	8052
534	8255
534	9302
534	9983
598	1214
598	3988
598	3995
598	6281
598	9462
598	9626
598	9772
599	5436
599	9780
760	6272
760	7571
760	9351
760	9405
767	5383
827	5970
827	6012
827	6873
827	9558
891	2540
891	9542
901	7434
922	143
922	7946
922	9701
952	3833
963	5723
963	7009
963	8808
963	9100
963	9491
963	9924
987	8324
1009	7582
1009	9030
1009	9473
1031	8281
1034	4035
1034	8719
1034	9955
1104	1212
1104	8585
1139	5472
1139	8434
1154	8950
1154	9582
1155	1311
1155	2174
1155	4470
1155	6937
1155	6997
1155	7349
1173	2079
1173	7067
1173	8862
1176	8324
1176	9954
1197	1444
1197	8869
1197	9030
1200	4119
1212	1104
1212	4214
1212	9561
1212	9865
1214	598
1217	6101
1217	7158
1217	8886
1224	5319
1224	8052
1228	420
1228	1630
1228	4627
1228	9325
1228	9423
1232	1842
1232	3876
1232	5831
1232	6464
1232	7680
1232	9075
1232	9943
1288	4082
1288	4470
1288	6096
1288	9752
1293	5803
1293	7403
1301	9525
1307	7656
1310	6428
1310	8808
1310	9100
1310	9491
1311	1155
1311	8229
1321	9636
1321	9866
1354	4717
1354	4890
1354	4927
1354	7226
1354	7622
1354	9703
1364	8683
1364	8985
1364	9826
1369	5567
1369	6123
1369	8258
1369	8876
1369	9035
1369	9274
1396	6129
1396	7651
1396	8939
1396	9454
1396	9594
1396	9865
1396	9935
1435	7715
1440	7803
1440	9046
1443	9582
1444	1197
1444	3276
1444	5966
1444	8733
1444	8746
1444	9351
1456	4024
1456	8117
1456	9582
1511	7080
1511	9362
1511	9816
1531	7309
1531	7973
1531	9383
1531	9913
1550	8120
1550	9981
1574	6316
1599	3078
1599	5418
1599	7715
1599	8482
1599	8936
1599	9277
1599	9477
1599	9780
1612	8587
1612	9916
1630	1228
1630	8116
1630	9644
1656	8412
1660	6366
1660	8445
1660	9646
1660	9821
1669	8733
1669	9630
1669	9938
1697	288
1697	8906
1697	9638
1712	4570
1712	9153
1723	8826
1723	8878
1723	9570
1723	9616
1725	288
1725	6096
1725	8052
1730	7434
1730	8421
1730	9430
1730	9870
1759	2797
1759	6875
1759	9582
1761	3074
1761	4174
1838	2539
1838	5088
1838	6089
1838	6351
1838	7810
1838	9179
1838	9351
1838	9955
1842	1232
1842	9075
1848	8116
1848	9414
1920	6913
1920	7779
1920	7803
1920	8501
1920	8621
1920	8687
1972	5418
1972	6688
1972	8408
1974	8664
1974	9296
1974	9300
1975	7067
1975	9884
1975	9924
1975	9926
1976	9042
1976	9892
1984	8297
1984	8878
2002	3074
2002	4958
2002	7196
2002	9880
2006	2174
2006	3357
2006	3612
2006	8366
2006	9156
2006	9734
2006	9821
2017	6584
2017	6787
2017	7226
2017	9749
2037	8658
2037	9061
2040	7311
2040	7771
2040	7880
2040	9825
2041	6121
2041	8890
2041	9190
2079	1173
2079	8796
2106	9021
2106	9942
2148	4668
2148	9983
2171	5771
2171	9944
2172	295
2172	3968
2172	5887
2172	6327
2172	7349
2174	1155
2174	2006
2174	3968
2174	5065
2174	7349
2174	8052
2174	8132
2174	9557
2183	3445
2183	8796
2183	9277
2183	9439
2183	9746
2187	7602
2310	7580
2310	8459
2348	4382
2348	8224
2348	9866
2357	2580
2357	8347
2364	8259
2364	9269
2364	9722
2364	9866
2375	3357
2375	9734
2403	9100
2424	5472
2424	7571
2424	8817
2424	9635
2510	7402
2539	1838
2539	9134
2539	9179
2539	9240
2540	891
2540	7819
2540	9525
2540	9938
2580	2357
2580	3088
2580	3475
2580	7067
2580	7202
2580	7488
2580	9780
2580	9896
2597	4668
2597	5448
2597	8475
2605	9884
2605	9924
2605	9926
2615	8106
2668	9751
2691	6788
2691	6875
2691	9178
2691	9582
2701	4657
2740	143
2740	5614
2740	6436
2740	8412
2740	8873
2740	9289
2740	9722
2745	9362
2749	8224
2749	9061
2749	9911
2750	7832
2750	9439
2750	9998
2778	62
2778	2954
2778	4995
2778	5545
2778	6546
2778	9094
2778	9774
2778	9916
2797	1759
2797	5803
2797	9075
2797	9791
2797	9943
2812	6022
2812	9360
2822	5723
2822	9179
2829	7059
2829	8619
2829	9690
2884	9703
2912	8378
2912	8408
2912	9153
2940	9380
2940	9773
2940	9802
2940	9967
2943	8668
2943	8749
2943	9638
2943	9719
2954	2778
2954	9869
2973	8132
2973	9944
3015	8733
3015	9247
3034	8404
3034	9636
3045	5658
3051	8941
3051	9336
3066	3346
3066	8585
3066	9956
3074	1761
3074	2002
3074	5418
3074	7797
3074	7914
3074	8239
3074	8359
3074	9880
3074	9981
3078	1599
3088	2580
3088	8119
3088	9327
3088	9896
3103	9697
3103	9865
3103	9935
3115	9094
3115	9916
3142	5771
3142	9786
3147	7101
3147	9462
3147	9616
3147	9772
3168	5759
3168	8174
3169	7067
3169	9611
3190	4838
3190	6352
3209	4613
3209	8597
3235	9075
3236	352
3236	7341
3236	7841
3236	8496
3251	4136
3251	4668
3257	9081
3264	4028
3264	8218
3276	1444
3294	9325
3294	9834
3305	9869
3320	5956
3320	6102
3320	6845
3320	7713
3320	8218
3320	8905
3320	9081
3320	9309
3320	9389
3344	4360
3346	3066
3346	6823
3346	8411
3346	9557
3346	9570
3353	7196
3353	8042
3353	8906
3353	9120
3357	2006
3357	2375
3357	4777
3357	9646
3357	9734
3357	9918
3360	7762
3360	9636
3366	7226
3366	8873
3366	9496
3381	9981
3398	9258
3398	9468
3442	5157
3442	7009
3442	8808
3442	9100
3442	9491
3445	2183
3445	6564
3445	7434
3445	8936
3445	9277
3445	9780
3475	2580
3475	7510
3475	9745
3475	9896
3475	9926
3482	4995
3482	9916
3495	8331
3495	9101
3495	9636
3495	9857
3517	6522
3517	9216
3517	9741
3517	9751
3518	5366
3518	8507
3546	9409
3546	9884
3546	9924
3546	9926
3552	360
3552	8041
3552	9446
3576	4382
3576	9508
3611	8052
3612	2006
3612	5334
3612	8748
3620	6366
3620	7591
3620	9635
3620	9938
3632	9965
3646	4629
3646	4632
3646	6709
3646	7832
3646	9021
3646	9314
3646	9913
3655	6836
3655	9820
3663	147
3663	4319
3663	7399
3663	9667
3677	5923
3677	7309
3677	7773
3677	9021
3679	4035
3679	8656
3679	8675
3679	9949
3683	4570
3697	4214
3697	9856
3709	4534
3709	7074
3709	8163
3732	6167
3732	6925
3732	7035
3732	7655
3749	3833
3749	8981
3749	9019
3749	9608
3768	9516
3768	9816
3781	4360
3781	5839
3781	9695
3781	9865
3790	8599
3790	9685
3798	6316
3798	9608
3813	243
3813	9409
3813	9884
3813	9924
3813	9926
3833	952
3833	3749
3833	4215
3833	8297
3858	7771
3858	9217
3858	9325
3876	1232
3876	9274
3876	9938
3921	9362
3921	9466
3921	9479
3921	9685
3921	9892
3921	9981
3939	5994
3939	9549
3939	9636
3939	9857
3952	534
3952	9570
3952	9995
3961	9325
3965	8631
3965	9096
3965	9325
3965	9423
3967	9734
3967	9895
3968	2172
3968	2174
3968	5004
3968	8052
3975	6366
3981	7582
3981	8231
3981	8635
3981	9363
3981	9840
3981	9856
3988	598
3988	7439
3988	9477
3995	598
3995	9752
4001	4854
4024	1456
4024	5383
4024	8174
4024	8205
4024	9178
4028	3264
4028	5436
4028	7059
4028	7073
4028	8147
4028	8784
4028	9965
4029	8585
4029	9597
4035	1034
4035	3679
4035	7408
4035	8344
4035	8727
4035	9240
4035	9351
4035	9955
4044	7399
4044	9834
4044	9951
4082	1288
4119	1200
4119	9751
4136	3251
4136	7231
4136	7693
4136	9274
4174	1761
4176	6836
4176	7239
4176	7399
4176	9951
4214	1212
4214	3697
4214	8726
4215	3833
4215	9752
4312	6545
4312	8940
4312	9582
4318	7602
4319	3663
4360	3344
4360	3781
4360	8645
4361	5859
4361	7630
4361	8119
4361	8404
4361	8606
4361	9496
4382	2348
4382	3576
4382	5083
4382	8026
4386	8826
4386	9414
4386	9425
4386	9570
4386	9616
4414	5803
4414	7393
4414	7403
4414	7445
4414	7912
4414	8348
4414	9109
4414	9134
4414	9656
4427	5771
4427	9695
4427	9925
4438	5759
4438	8928
4438	9302
4438	9840
4438	9856
4470	1155
4470	1288
4470	7349
4470	8052
4481	7580
4481	9216
4481	9741
4502	6791
4502	7202
4502	8164
4507	5920
4507	9468
4507	9965
4516	8471
4516	9184
4516	9233
4519	7019
4519	8621
4519	9088
4519	9094
4534	3709
4534	5319
4534	5994
4534	7397
4534	8876
4534	9035
4534	9274
4540	7408
4540	9153
4540	9436
4542	8987
4542	9575
4542	9981
4555	8163
4555	9821
4570	226
4570	1712
4570	3683
4570	5239
4570	6925
4570	7418
4570	7667
4570	8582
4570	8772
4570	9141
4570	9153
4613	3209
4613	5417
4613	5771
4613	6349
4613	9785
4620	8050
4620	9816
4627	457
4627	1228
4627	9468
4629	3646
4629	8830
4629	9570
4629	9616
4629	9686
4632	360
4632	3646
4632	4940
4632	7559
4632	7868
4632	9021
4632	9314
4632	9414
4632	9491
4632	9913
4632	9943
4657	2701
4657	8695
4657	9314
4668	534
4668	2148
4668	2597
4668	3251
4668	5483
4668	6765
4668	8869
4668	9133
4692	8041
4692	8903
4692	9096
4692	9325
4717	1354
4755	7187
4755	8271
4755	9120
4755	9412
4757	7397
4757	8095
4757	8258
4757	9035
4757	9274
4777	3357
4782	6925
4782	8218
4793	6121
4793	9749
4809	6508
4809	8313
4809	8585
4809	9344
4809	9514
4809	9818
4809	9956
4817	9703
4838	3190
4838	7982
4838	8865
4838	9791
4854	4001
4858	6506
4858	9081
4858	9916
4859	7019
4859	7824
4859	8174
4859	8940
4859	9582
4868	7311
4868	7580
4868	9075
4868	9216
4868	9741
4868	9751
4890	1354
4890	9178
4890	9749
4895	6997
4895	8325
4895	9302
4895	9840
4895	9856
4909	6316
4909	9061
4923	5970
4923	9110
4923	9802
4927	1354
4940	4632
4940	5970
4940	9425
4940	9440
4940	9919
4946	5338
4946	5923
4946	9895
4958	2002
4958	8137
4958	8796
4958	9667
4995	2778
4995	3482
4995	5839
4995	6692
4995	7615
4995	7759
4995	8267
4995	9902
4995	9916
5004	3968
5004	9790
5029	5839
5029	6198
5029	8147
5029	8941
5029	9913
5065	2174
5065	5383
5065	5923
5065	8683
5065	9120
5065	9314
5065	9383
5065	9913
5071	6121
5071	7080
5071	7238
5071	9816
5083	4382
5086	8998
5086	9816
5087	5239
5087	6723
5087	9466
5087	9479
5087	9685
5087	9892
5087	9943
5088	1838
5088	9120
5088	9309
5088	9780
5109	8224
5109	8281
5123	7559
5123	8645
5123	9015
5123	9360
5151	6347
5151	7752
5151	7982
5151	8020
5151	8865
5151	9032
5151	9075
5157	3442
5157	9100
5157	9491
5158	9140
5158	9277
5158	9440
5158	9607
5158	9773
5158	9919
5211	6521
5211	9133
5224	5776
5224	7309
5224	7779
5224	8252
5224	9504
5237	8052
5237	9738
5237	9919
5237	9998
5239	4570
5239	5087
5239	6808
5239	6903
5239	6925
5239	8731
5239	9383
5239	9425
5275	6221
5275	6584
5279	5436
5279	7238
5279	7804
5279	9032
5279	9719
5289	8719
5289	9607
5302	8635
5319	288
5319	1224
5319	4534
5319	6096
5319	8052
5319	8371
5334	3612
5334	7019
5334	7868
5334	9360
5334	9866
5338	4946
5338	9681
5358	7349
5358	9745
5366	3518
5366	7158
5366	8292
5366	9156
5372	9686
5383	767
5383	4024
5383	5065
5383	6186
5383	7824
5383	8117
5383	8940
5383	9582
5417	4613
5417	9418
5418	1599
5418	1972
5418	3074
5418	9324
5436	599
5436	4028
5436	5279
5436	8936
5436	9277
5448	2597
5448	8619
5448	8947
5448	9134
5451	7733
5451	9187
5451	9383
5466	6221
5466	7202
5466	8164
5466	9911
5470	353
5470	7080
5470	7457
5470	7693
5470	8110
5470	8302
5470	8337
5470	9418
5472	1139
5472	2424
5472	6366
5472	7591
5472	8549
5472	8817
5472	9129
5472	9300
5472	9635
5472	9816
5483	4668
5487	5951
5487	9409
5487	9884
5487	9924
5487	9926
5518	6102
5518	7341
5518	7652
5518	7762
5518	9549
5518	9857
5521	8297
5521	9217
5521	9363
5521	9981
5531	7688
5531	8168
5531	8231
5531	9269
5545	2778
5545	5600
5545	6546
5545	7035
5545	7691
5545	8397
5545	8878
5557	6572
5557	7301
5557	7743
5557	8668
5557	8749
5557	9719
5567	1369
5573	5759
5600	5545
5600	6692
5600	8599
5600	9702
5600	9902
5600	9916
5614	2740
5614	8412
5614	9289
5614	9866
5650	8404
5650	8606
5650	8873
5650	9496
5655	5970
5655	8597
5655	9042
5658	3045
5658	6621
5658	9344
5660	8258
5660	8339
5660	9023
5660	9409
5678	6709
5695	6322
5695	9751
5723	963
5723	2822
5723	7238
5723	8998
5723	9019
5723	9516
5723	9816
5726	9179
5727	8635
5737	6440
5737	8271
5737	9120
5737	9412
5738	7699
5738	7832
5738	8095
5738	8713
5738	9094
5738	9436
5738	9663
5738	9882
5747	6154
5747	6834
5747	7399
5747	7797
5747	8537
5747	8733
5747	8825
5747	9247
5747	9630
5749	5982
5749	6962
5749	7238
5749	9816
5759	3168
5759	4438
5759	5573
5759	6397
5759	8325
5759	9274
5759	9302
5759	9840
5771	2171
5771	3142
5771	4427
5771	4613
5771	7080
5771	7238
5771	8998
5771	9019
5771	9190
5771	9446
5771	9516
5771	9741
5776	5224
5776	6699
5776	7983
5776	8950
5776	9216
5776	9250
5776	9741
5776	9751
5782	9075
5782	9791
5782	9943
5803	1293
5803	2797
5803	4414
5803	6709
5803	7912
5803	8348
5803	8553
5803	8727
5803	9656
5824	9360
5824	9911
5824	9990
5828	7733
5828	9199
5828	9738
5831	1232
5839	3781
5839	4995
5839	5029
5839	7226
5839	7803
5839	8147
5839	8267
5839	8325
5839	8941
5839	9035
5839	9336
5839	9344
5839	9891
5841	5951
5841	5996
5841	6699
5841	9187
5841	9362
5841	9466
5841	9685
5841	9892
5859	4361
5859	6422
5859	6792
5859	7226
5859	8873
5859	9496
5859	9681
5887	2172
5887	6440
5887	8370
5887	8549
5887	9179
5887	9790
5887	9955
5899	6366
5914	8116
5914	8826
5914	8830
5914	9616
5920	4507
5920	7803
5920	8147
5920	8267
5920	8941
5920	9336
5920	9347
5923	3677
5923	4946
5923	5065
5923	8297
5923	9115
5923	9383
5923	9468
5923	9512
5926	8878
5926	9734
5951	5487
5951	5841
5951	7572
5951	9362
5951	9466
5951	9685
5956	3320
5966	1444
5966	8869
5970	827
5970	4923
5970	4940
5970	5655
5970	6183
5970	6774
5970	8619
5970	9773
5970	9919
5970	9943
5982	5749
5982	6121
5982	7080
5982	9409
5982	9816
5994	3939
5994	4534
5994	7397
5994	8668
5994	8876
5994	9035
5994	9274
5994	9477
5996	5841
5996	6566
5996	9094
6012	827
6012	9309
6022	2812
6022	7104
6022	8302
6022	8553
6071	6101
6071	7680
6089	1838
6089	8749
6096	288
6096	1288
6096	1725
6096	5319
6096	7349
6096	8052
6096	9063
6101	1217
6101	6071
6101	6281
6101	7140
6101	9582
6102	3320
6102	5518
6102	7296
6102	9389
6121	127
6121	2041
6121	4793
6121	5071
6121	5982
6121	6232
6121	7238
6121	7791
6121	8259
6121	8658
6121	8998
6121	9190
6121	9516
6121	9528
6123	1369
6123	8599
6129	1396
6129	6989
6129	8501
6129	9015
6129	9542
6129	9686
6154	5747
6154	7408
6154	8408
6167	3732
6167	6440
6167	7691
6167	9697
6183	390
6183	5970
6183	7086
6183	7915
6183	9743
6186	5383
6190	9075
6190	9158
6190	9581
6190	9791
6190	9943
6198	5029
6198	8147
6198	8267
6198	8608
6198	9336
6221	5275
6221	5466
6221	8106
6221	8164
6221	8459
6221	8533
6221	8817
6221	9378
6232	6121
6243	6709
6243	8553
6260	7733
6260	9589
6260	9772
6272	760
6272	6366
6272	6377
6272	7571
6272	7591
6272	8817
6272	9635
6281	598
6281	6101
6281	9324
6281	9362
6304	8147
6304	8873
6316	427
6316	519
6316	1574
6316	3798
6316	4909
6316	9477
6316	9608
6317	8324
6322	5695
6322	8052
6322	9630
6323	6989
6323	7715
6323	9063
6323	9686
6323	9865
6323	9935
6324	7982
6324	8876
6324	9140
6327	2172
6327	6709
6327	7762
6327	7908
6327	8561
6327	9549
6336	6791
6336	6981
6336	8551
6336	9378
6337	7773
6337	7819
6337	8985
6337	9190
6337	9314
6337	9383
6337	9913
6347	5151
6347	8331
6349	4613
6349	6692
6349	9156
6349	9347
6349	9774
6349	9785
6350	7667
6350	8041
6350	8252
6350	8585
6350	8903
6350	9096
6350	9325
6351	1838
6351	7810
6351	9581
6352	3190
6352	8020
6352	8936
6352	9075
6352	9791
6352	9943
6366	1660
6366	3620
6366	3975
6366	5472
6366	5899
6366	6272
6366	7571
6366	7735
6366	9110
6366	9129
6366	9405
6366	9635
6377	6272
6377	7946
6377	8026
6377	8293
6377	8889
6377	9344
6397	5759
6397	7602
6397	8635
6397	8928
6397	9302
6397	9324
6397	9840
6397	9856
6409	9430
6409	9866
6412	9924
6422	5859
6428	1310
6428	6888
6428	7841
6428	7853
6428	8698
6428	8808
6428	9100
6428	9491
6436	2740
6436	6997
6440	5737
6440	5887
6440	6167
6440	8271
6440	9120
6440	9412
6440	9818
6450	7582
6450	8656
6450	9949
6464	1232
6468	6524
6468	6692
6468	9525
6496	8168
6496	9103
6496	9192
6496	9582
6497	6524
6497	8397
6497	9462
6497	9626
6497	9772
6497	9943
6501	9216
6501	9741
6501	9751
6506	4858
6506	7226
6506	7691
6506	9834
6506	9943
6507	8459
6507	8501
6507	8831
6508	4809
6508	9695
6521	5211
6521	6855
6521	8496
6521	8608
6521	8619
6521	8987
6521	9738
6522	3517
6522	8619
6522	9695
6522	9918
6524	6468
6524	6497
6524	7101
6524	9462
6524	9626
6524	9772
6545	4312
6545	6875
6545	8136
6545	8174
6546	2778
6546	5545
6546	6692
6546	9208
6546	9902
6546	9916
6552	8050
6552	9570
6558	7214
6558	8117
6558	9017
6558	9110
6558	9178
6558	9582
6564	3445
6564	8796
6564	8936
6564	9088
6564	9746
6564	9780
6566	5996
6566	9825
6566	9884
6572	5557
6572	8807
6579	9891
6579	9924
6584	2017
6584	5275
6584	8120
6587	8205
6587	8869
6587	9582
6596	8964
6596	9896
6617	8459
6617	9751
6621	5658
6621	8445
6623	6836
6623	8347
6623	8388
6623	9951
6623	9998
6624	8722
6624	9292
6643	352
6643	7214
6643	8827
6643	8941
6643	8964
6643	9924
6649	7272
6649	8137
6649	8459
6649	9272
6649	9667
6688	1972
6688	8371
6688	9855
6692	4995
6692	5600
6692	6349
6692	6468
6692	6546
6692	8397
6692	8549
6692	9096
6692	9902
6692	9916
6697	9719
6699	5776
6699	5841
6699	7630
6699	9741
6699	9751
6709	3646
6709	5678
6709	5803
6709	6243
6709	6327
6709	7912
6709	8412
6709	8553
6709	9656
6722	7655
6722	8630
6722	8862
6722	8978
6722	9453
6723	5087
6723	9362
6723	9473
6723	9681
6723	9892
6733	8258
6733	9686
6749	7604
6749	8330
6749	8412
6749	8878
6749	9289
6749	9722
6749	9866
6765	4668
6765	9418
6765	9983
6774	5970
6774	9110
6774	9440
6774	9607
6774	9919
6774	9981
6787	2017
6788	2691
6788	7073
6788	9015
6788	9686
6788	9935
6791	4502
6791	6336
6791	7202
6791	7604
6791	8052
6791	8164
6791	9178
6792	5859
6792	8404
6792	8606
6792	8873
6792	8978
6792	9582
6792	9681
6792	9697
6808	5239
6808	6925
6808	8378
6808	8408
6808	8731
6808	9153
6808	9638
6823	3346
6823	8475
6823	9557
6834	5747
6834	7797
6834	8733
6834	9247
6836	3655
6836	4176
6836	6623
6836	7239
6836	7399
6836	9681
6836	9951
6841	8110
6841	8826
6841	9075
6845	3320
6845	9081
6845	9389
6855	6521
6855	7656
6873	827
6873	8675
6875	1759
6875	2691
6875	6545
6875	8120
6875	8205
6875	8940
6875	9017
6875	9582
6888	6428
6892	7399
6892	9785
6903	5239
6903	8408
6913	1920
6913	8760
6913	9088
6913	9702
6921	7571
6921	8121
6925	3732
6925	4570
6925	4782
6925	5239
6925	6808
6925	7035
6925	8163
6925	8378
6925	9453
6925	9710
6929	9561
6929	9582
6937	1155
6937	9896
6937	9926
6937	9944
6937	9995
6962	5749
6962	7059
6962	7651
6962	8998
6962	9190
6962	9516
6962	9581
6962	9816
6970	7602
6970	9075
6970	9309
6981	6336
6981	7580
6981	7627
6981	7884
6989	6129
6989	6323
6989	9015
6989	9686
6989	9865
6997	1155
6997	4895
6997	6436
6997	7261
6997	7582
6997	8016
6997	8635
6997	9302
6997	9728
6997	9840
6997	9856
7009	963
7009	3442
7009	8808
7009	9100
7009	9491
7009	9528
7009	9780
7019	4519
7019	4859
7019	5334
7019	7868
7019	8026
7019	9088
7035	3732
7035	5545
7035	6925
7035	8378
7035	8731
7035	9919
7045	9344
7045	9896
7059	2829
7059	4028
7059	6962
7059	8324
7067	1173
7067	1975
7067	2580
7067	3169
7067	7217
7067	9611
7073	4028
7073	6788
7073	8507
7073	8695
7073	8826
7073	9156
7074	3709
7074	8163
7074	8302
7074	9046
7080	1511
7080	5071
7080	5470
7080	5771
7080	5982
7080	7779
7080	9019
7084	7602
7084	9820
7086	6183
7086	9743
7088	8224
7088	8281
7088	8411
7101	3147
7101	6524
7101	8651
7101	9462
7101	9626
7101	9734
7101	9772
7104	6022
7104	8020
7104	9042
7104	9360
7140	6101
7141	7983
7141	9594
7141	9916
7149	427
7149	7309
7149	8683
7149	8985
7149	9314
7149	9383
7149	9913
7158	1217
7158	5366
7187	4755
7187	8271
7187	9023
7187	9120
7187	9250
7187	9412
7187	9865
7195	9636
7196	2002
7196	3353
7196	9644
7202	2580
7202	4502
7202	5466
7202	6791
7202	8164
7202	8630
7214	6558
7214	6643
7214	9990
7217	7067
7217	8229
7217	8378
7217	9611
7226	1354
7226	2017
7226	3366
7226	5839
7226	5859
7226	6506
7226	7713
7226	8606
7226	8865
7226	8873
7226	9496
7226	9681
7226	9816
7231	4136
7231	9686
7231	9802
7231	9935
7238	5071
7238	5279
7238	5723
7238	5749
7238	5771
7238	6121
7238	8830
7238	8998
7238	9190
7238	9516
7238	9701
7238	9918
7238	9972
7239	4176
7239	6836
7239	7399
7239	8292
7239	8347
7239	9855
7258	8501
7258	8683
7258	9088
7258	9919
7261	6997
7261	7840
7261	8139
7261	9277
7272	6649
7272	8267
7272	9140
7272	9667
7272	9834
7296	6102
7296	8482
7301	5557
7301	9638
7301	9719
7309	427
7309	1531
7309	3677
7309	5224
7309	7149
7309	8985
7309	9115
7311	2040
7311	4868
7311	7771
7311	8297
7311	9217
7311	9825
7331	9120
7341	342
7341	3236
7341	5518
7341	8561
7341	9636
7349	1155
7349	2172
7349	2174
7349	4470
7349	5358
7349	6096
7349	7434
7349	8155
7382	62
7382	9250
7382	9607
7382	9773
7382	9802
7382	9919
7382	9967
7384	7627
7384	8164
7384	9061
7384	9751
7384	9802
7393	4414
7393	9656
7397	4534
7397	4757
7397	5994
7397	8258
7397	8876
7397	9035
7397	9274
7397	9916
7399	3663
7399	4044
7399	4176
7399	5747
7399	6836
7399	6892
7399	7239
7399	7842
7399	8347
7399	8808
7399	9866
7399	9951
7402	2510
7402	7582
7402	8325
7402	8928
7402	9597
7402	9840
7402	9856
7403	1293
7403	4414
7403	9663
7408	352
7408	4035
7408	4540
7408	6154
7408	7434
7408	8408
7408	8582
7418	4570
7418	9362
7420	8164
7420	9935
7430	8772
7434	901
7434	1730
7434	3445
7434	7349
7434	7408
7434	8722
7434	9292
7434	9773
7439	3988
7439	8906
7445	4414
7457	5470
7457	9826
7472	7627
7472	8239
7472	9190
7472	9570
7488	2580
7488	8581
7488	9896
7510	3475
7510	8215
7510	8581
7510	9327
7510	9896
7517	7773
7517	8683
7517	9021
7517	9383
7517	9913
7524	7733
7524	9363
7524	9514
7524	9956
7559	4632
7559	5123
7559	9017
7559	9439
7559	9719
7559	9788
7559	9998
7571	760
7571	2424
7571	6272
7571	6366
7571	6921
7571	8147
7571	9129
7571	9405
7571	9635
7572	5951
7572	8731
7572	9344
7572	9462
7575	9896
7580	2310
7580	4481
7580	4868
7580	6981
7580	9216
7580	9741
7580	9751
7582	1009
7582	3981
7582	6450
7582	6997
7582	7402
7582	7667
7582	8325
7582	8760
7582	8928
7582	9840
7582	9856
7591	3620
7591	5472
7591	6272
7591	7693
7591	8561
7591	8683
7591	8817
7591	8867
7591	9405
7591	9635
7602	2187
7602	4318
7602	6397
7602	6970
7602	7084
7602	9351
7602	9504
7604	6749
7604	6791
7604	9258
7604	9965
7615	4995
7615	7655
7615	8630
7615	8978
7615	9681
7622	1354
7622	8404
7622	9247
7622	9477
7622	9528
7622	9951
7625	288
7625	7791
7625	9389
7625	9719
7625	9911
7627	6981
7627	7384
7627	7472
7627	9179
7630	4361
7630	6699
7630	8016
7630	9647
7642	9924
7651	1396
7651	6962
7652	5518
7652	7832
7652	8687
7655	3732
7655	6722
7655	7615
7655	8330
7655	8630
7655	8928
7655	8978
7655	9636
7655	9990
7656	1307
7656	6855
7656	8317
7656	8330
7656	9607
7665	8155
7665	8928
7665	9396
7665	9638
7665	9865
7667	4570
7667	6350
7667	7582
7675	288
7680	1232
7680	6071
7680	7804
7680	9032
7688	5531
7688	8231
7688	9269
7688	9351
7688	9686
7691	5545
7691	6167
7691	6506
7691	9697
7693	4136
7693	5470
7693	7591
7693	8323
7699	5738
7699	8629
7699	8713
7699	9289
7699	9663
7713	3320
7713	7226
7713	8551
7715	1435
7715	1599
7715	6323
7715	9834
7733	5451
7733	5828
7733	6260
7733	7524
7733	7832
7733	9855
7733	9956
7735	6366
7735	8817
7735	9635
7743	12
7743	5557
7743	8551
7743	8668
7743	9133
7743	9719
7743	9751
7752	5151
7752	7982
7752	8865
7752	8890
7752	9044
7752	9158
7752	9791
7759	4995
7759	9418
7762	3360
7762	5518
7762	6327
7762	9446
7762	9549
7762	9636
7762	9857
7771	2040
7771	3858
7771	7311
7771	7880
7771	8297
7771	9217
7771	9363
7771	9752
7771	9825
7773	3677
7773	6337
7773	7517
7773	7819
7773	8760
7773	8985
7773	9021
7773	9115
7773	9383
7773	9913
7779	1920
7779	5224
7779	7080
7779	9504
7779	9525
7780	9360
7791	6121
7791	7625
7791	9081
7797	3074
7797	5747
7797	6834
7797	8825
7797	9630
7803	1440
7803	1920
7803	5839
7803	5920
7803	7864
7803	8147
7803	8267
7803	8636
7803	9336
7803	9919
7804	5279
7804	7680
7804	9032
7804	9825
7810	1838
7810	6351
7819	2540
7819	6337
7819	7773
7819	8026
7819	8683
7819	9021
7819	9100
7819	9250
7819	9314
7819	9913
7824	4859
7824	5383
7824	8016
7824	8940
7824	9017
7824	9178
7826	9924
7832	2750
7832	3646
7832	5738
7832	7652
7832	7733
7832	8035
7832	8629
7832	8713
7832	9882
7840	7261
7840	9896
7841	3236
7841	6428
7841	8631
7841	9710
7841	9772
7842	7399
7842	9594
7843	8412
7843	9722
7843	9866
7853	6428
7863	8664
7863	9296
7863	9667
7864	7803
7864	8597
7864	9075
7868	4632
7868	5334
7868	7019
7868	8553
7868	9088
7880	2040
7880	7771
7880	8459
7880	9217
7880	9363
7880	9825
7884	6981
7884	9075
7908	6327
7908	9549
7908	9636
7908	9857
7912	4414
7912	5803
7912	6709
7912	8553
7912	8853
7912	9656
7914	3074
7914	9630
7915	6183
7915	8302
7915	9743
7946	922
7946	6377
7946	8026
7946	8293
7967	8281
7967	9414
7967	9949
7973	1531
7982	4838
7982	5151
7982	6324
7982	7752
7982	9075
7982	9158
7982	9791
7983	5776
7983	7141
7983	8168
7983	9103
7983	9192
7983	9383
8016	6997
8016	7630
8016	7824
8020	5151
8020	6352
8020	7104
8020	8331
8020	8862
8020	8865
8020	9158
8020	9791
8020	9882
8020	9943
8026	220
8026	4382
8026	6377
8026	7019
8026	7819
8026	7946
8026	9788
8026	9869
8035	7832
8035	8561
8035	8664
8035	9882
8041	3552
8041	4692
8041	6350
8041	8903
8041	9096
8041	9325
8041	9423
8042	3353
8042	8331
8042	9454
8042	9703
8050	409
8050	4620
8050	6552
8050	8772
8052	534
8052	1224
8052	1725
8052	2174
8052	3611
8052	3968
8052	4470
8052	5237
8052	5319
8052	6096
8052	6322
8052	6791
8052	9492
8052	9504
8086	9582
8086	9608
8086	9667
8087	8397
8087	9081
8087	9409
8087	9902
8095	4757
8095	5738
8095	9081
8106	2615
8106	6221
8106	9972
8110	5470
8110	6841
8110	8635
8110	9389
8116	1630
8116	1848
8116	5914
8116	8350
8116	8826
8116	8850
8116	9570
8116	9616
8116	9635
8116	9816
8117	1456
8117	5383
8117	6558
8117	9582
8117	9751
8119	3088
8119	4361
8119	8581
8119	9327
8119	9820
8119	9896
8120	1550
8120	6584
8120	6875
8120	9030
8120	9468
8120	9902
8121	6921
8121	9549
8121	9681
8132	2174
8132	2973
8132	9046
8132	9438
8132	9607
8136	6545
8136	9017
8136	9582
8137	4958
8137	6649
8137	9140
8137	9272
8137	9516
8137	9667
8139	7261
8139	8619
8139	8985
8147	4028
8147	5029
8147	5839
8147	5920
8147	6198
8147	6304
8147	7571
8147	7803
8147	8267
8147	8582
8147	8941
8147	9336
8155	7349
8155	7665
8155	9913
8155	9916
8163	3709
8163	4555
8163	6925
8163	7074
8164	4502
8164	5466
8164	6221
8164	6791
8164	7202
8164	7384
8164	7420
8168	5531
8168	6496
8168	7983
8168	8905
8168	9103
8168	9192
8174	3168
8174	4024
8174	4859
8174	6545
8174	8205
8174	8940
8174	9582
8205	4024
8205	6587
8205	6875
8205	8174
8205	8940
8205	9017
8205	9178
8215	7510
8215	8796
8215	8981
8218	3264
8218	3320
8218	4782
8218	9289
8218	9389
8224	2348
8224	2749
8224	5109
8224	7088
8224	8281
8229	1311
8229	7217
8229	8347
8229	9802
8229	9816
8231	3981
8231	5531
8231	7688
8231	9360
8236	9582
8239	3074
8239	7472
8239	9324
8239	9880
8252	5224
8252	6350
8252	9504
8252	9561
8252	9635
8255	534
8255	9594
8258	1369
8258	4757
8258	5660
8258	6733
8258	7397
8258	8876
8258	8936
8258	9035
8258	9274
8258	9965
8259	2364
8259	6121
8267	4995
8267	5839
8267	5920
8267	6198
8267	7272
8267	7803
8267	8147
8267	8941
8267	9336
8271	4755
8271	5737
8271	6440
8271	7187
8271	9412
8281	1031
8281	5109
8281	7088
8281	7967
8281	8224
8281	8397
8281	9702
8281	9751
8292	5366
8292	7239
8292	8507
8293	143
8293	6377
8293	7946
8297	186
8297	1984
8297	3833
8297	5521
8297	5923
8297	7311
8297	7771
8297	9363
8297	9751
8297	9773
8297	9825
8302	5470
8302	6022
8302	7074
8302	7915
8302	8658
8302	8827
8302	9462
8313	4809
8313	8740
8313	9044
8313	9075
8313	9956
8317	7656
8317	8683
8317	9919
8323	7693
8323	9061
8324	987
8324	1176
8324	6317
8324	7059
8324	9865
8325	4895
8325	5759
8325	5839
8325	7402
8325	7582
8325	9302
8325	9840
8330	6749
8330	7655
8330	7656
8330	9925
8331	3495
8331	6347
8331	8020
8331	8042
8337	5470
8337	9557
8339	5660
8339	9626
8344	4035
8344	8549
8344	9179
8344	9240
8344	9351
8344	9611
8344	9955
8346	9088
8346	9636
8347	2357
8347	6623
8347	7239
8347	7399
8347	8229
8347	9951
8348	4414
8348	5803
8348	8404
8348	9347
8348	9656
8350	8116
8359	3074
8359	9786
8366	2006
8366	8956
8366	9289
8366	9730
8370	5887
8370	9096
8370	9362
8371	5319
8371	6688
8378	2912
8378	6808
8378	6925
8378	7035
8378	7217
8378	8582
8378	8731
8378	9103
8388	6623
8388	8599
8388	9061
8388	9944
8388	9995
8397	5545
8397	6497
8397	6692
8397	8087
8397	8281
8397	8561
8397	9094
8397	9636
8397	9902
8397	9916
8399	45
8399	8459
8399	9300
8404	3034
8404	4361
8404	5650
8404	6792
8404	7622
8404	8348
8404	8606
8404	9496
8404	9681
8404	9741
8408	1972
8408	2912
8408	6154
8408	6808
8408	6903
8408	7408
8411	3346
8411	7088
8412	1656
8412	2740
8412	5614
8412	6709
8412	6749
8412	7843
8412	8719
8412	9289
8412	9313
8412	9722
8412	9866
8421	1730
8421	9870
8434	1139
8434	8675
8445	1660
8445	6621
8445	8906
8445	9790
8459	2310
8459	6221
8459	6507
8459	6617
8459	6649
8459	7880
8459	8399
8459	9140
8459	9272
8459	9667
8459	9869
8471	519
8471	4516
8471	9184
8471	9436
8475	2597
8475	6823
8475	9042
8482	1599
8482	7296
8482	8936
8482	9277
8482	9746
8482	9780
8496	3236
8496	6521
8496	8631
8496	9710
8501	1920
8501	6129
8501	6507
8501	7258
8507	3518
8507	7073
8507	8292
8507	8695
8507	9021
8531	8585
8531	9870
8531	9938
8533	6221
8533	8664
8533	9826
8537	5747
8537	8873
8537	9466
8537	9512
8549	5472
8549	5887
8549	6692
8549	8344
8549	9179
8549	9955
8551	6336
8551	7713
8551	7743
8553	5803
8553	6022
8553	6243
8553	6709
8553	7868
8553	7912
8553	9656
8561	100
8561	6327
8561	7341
8561	7591
8561	8035
8561	8397
8561	9549
8561	9857
8581	7488
8581	7510
8581	8119
8581	9327
8581	9635
8581	9896
8582	4570
8582	7408
8582	8147
8582	8378
8582	9115
8582	9153
8585	1104
8585	3066
8585	4029
8585	4809
8585	6350
8585	8531
8585	8740
8585	9030
8585	9044
8585	9514
8585	9956
8587	1612
8587	8635
8587	8831
8597	3209
8597	5655
8597	7864
8597	9686
8598	8608
8598	8998
8599	3790
8599	5600
8599	6123
8599	8388
8599	9061
8599	9656
8599	9944
8606	4361
8606	5650
8606	6792
8606	7226
8606	8404
8606	8873
8606	9411
8606	9496
8606	9681
8608	6198
8608	6521
8608	8598
8608	8876
8608	9023
8608	9641
8619	2829
8619	5448
8619	5970
8619	6521
8619	6522
8619	8139
8619	9558
8619	9690
8621	1920
8621	4519
8629	7699
8629	7832
8629	9120
8629	9663
8629	9882
8629	9949
8630	6722
8630	7202
8630	7615
8630	7655
8630	8645
8630	8978
8631	352
8631	3965
8631	7841
8631	8496
8631	9710
8635	3981
8635	5302
8635	5727
8635	6397
8635	6997
8635	8110
8635	8587
8635	8928
8635	9380
8635	9840
8635	9856
8635	9965
8636	7803
8636	8981
8636	9685
8636	9816
8640	352
8645	4360
8645	5123
8645	8630
8645	9512
8645	9626
8651	7101
8651	9746
8651	9965
8656	3679
8656	6450
8656	9473
8656	9557
8656	9702
8656	9774
8656	9949
8658	2037
8658	6121
8658	8302
8664	1974
8664	7863
8664	8035
8664	8533
8664	9296
8664	9589
8668	2943
8668	5557
8668	5994
8668	7743
8668	8749
8668	9638
8668	9719
8675	3679
8675	6873
8675	8434
8683	1364
8683	5065
8683	7149
8683	7258
8683	7517
8683	7591
8683	7819
8683	8317
8683	8985
8683	9115
8683	9292
8683	9351
8683	9383
8683	9834
8687	1920
8687	7652
8695	4657
8695	7073
8695	8507
8695	8746
8695	9156
8695	9347
8695	9462
8695	9468
8698	6428
8698	9582
8698	9780
8713	5738
8713	7699
8713	7832
8713	9663
8713	9882
8719	1034
8719	5289
8719	8412
8719	9438
8719	9663
8722	6624
8722	7434
8722	9292
8726	4214
8726	9081
8726	9635
8726	9745
8726	9926
8727	4035
8727	5803
8731	5239
8731	6808
8731	7035
8731	7572
8731	8378
8731	9542
8731	9730
8733	1444
8733	1669
8733	3015
8733	5747
8733	6834
8733	8825
8733	9247
8733	9630
8733	9730
8740	8313
8740	8585
8740	9140
8740	9956
8746	1444
8746	8695
8746	9453
8746	9646
8748	288
8748	3612
8748	9221
8748	9414
8749	12
8749	2943
8749	5557
8749	6089
8749	8668
8749	9491
8749	9638
8749	9719
8760	6913
8760	7582
8760	7773
8760	9869
8772	409
8772	4570
8772	7430
8772	8050
8772	8817
8772	9240
8784	4028
8784	9884
8784	9955
8784	9965
8796	2079
8796	2183
8796	4958
8796	6564
8796	8215
8796	8936
8796	9277
8796	9746
8796	9780
8796	9884
8807	6572
8807	9363
8808	352
8808	963
8808	1310
8808	3442
8808	6428
8808	7009
8808	7399
8808	9100
8808	9491
8808	9581
8808	9943
8817	2424
8817	5472
8817	6221
8817	6272
8817	7591
8817	7735
8817	8772
8817	9405
8817	9635
8825	5747
8825	7797
8825	8733
8825	8905
8825	9247
8825	9630
8825	9870
8826	1723
8826	4386
8826	5914
8826	6841
8826	7073
8826	8116
8826	8830
8826	8973
8826	9616
8826	9919
8827	6643
8827	8302
8827	9344
8830	4629
8830	5914
8830	7238
8830	8826
8830	9570
8830	9616
8830	9638
8830	9913
8831	6507
8831	8587
8831	9187
8831	9895
8850	8116
8850	9409
8853	7912
8853	9208
8853	9528
8853	9702
8853	9942
8862	1173
8862	6722
8862	8020
8862	9685
8865	4838
8865	5151
8865	7226
8865	7752
8865	8020
8865	8890
8865	9103
8865	9158
8865	9791
8865	9943
8867	7591
8867	9916
8869	1197
8869	4668
8869	5966
8869	6587
8869	9594
8873	2740
8873	3366
8873	5650
8873	5859
8873	6304
8873	6792
8873	7226
8873	8537
8873	8606
8873	9496
8873	9681
8873	9916
8876	420
8876	1369
8876	4534
8876	5994
8876	6324
8876	7397
8876	8258
8876	8608
8876	9035
8876	9274
8878	1723
8878	1984
8878	5545
8878	5926
8878	6749
8878	9646
8878	9734
8878	9821
8886	1217
8886	9667
8886	9981
8889	6377
8890	2041
8890	7752
8890	8865
8890	8944
8890	9019
8890	9075
8890	9129
8890	9158
8890	9791
8890	9943
8890	9955
8903	4692
8903	6350
8903	8041
8903	9096
8903	9325
8903	9423
8905	3320
8905	8168
8905	8825
8906	1697
8906	3353
8906	7439
8906	8445
8928	248
8928	4438
8928	6397
8928	7402
8928	7582
8928	7655
8928	7665
8928	8635
8928	9120
8928	9840
8928	9856
8936	1599
8936	3445
8936	5436
8936	6352
8936	6564
8936	8258
8936	8482
8936	8796
8936	9780
8939	1396
8939	9895
8940	4312
8940	4859
8940	5383
8940	6875
8940	7824
8940	8174
8940	8205
8940	9178
8941	3051
8941	5029
8941	5839
8941	5920
8941	6643
8941	8147
8941	8267
8941	9021
8941	9336
8944	8890
8944	9380
8944	9425
8944	9607
8944	9695
8944	9773
8944	9802
8947	5448
8947	9074
8947	9134
8947	9454
8947	9549
8947	9802
8947	9924
8950	1154
8950	5776
8950	9418
8950	9663
8956	8366
8956	9042
8956	9134
8964	6596
8964	6643
8964	9023
8973	8826
8973	9773
8973	9866
8978	6722
8978	6792
8978	7615
8978	7655
8978	8630
8981	3749
8981	8215
8981	8636
8985	1364
8985	6337
8985	7149
8985	7309
8985	7773
8985	8139
8985	8683
8985	9115
8985	9129
8985	9314
8985	9383
8985	9582
8985	9913
8987	4542
8987	6521
8987	9575
8987	9820
8998	5086
8998	5723
8998	5771
8998	6121
8998	6962
8998	7238
8998	8598
8998	9019
8998	9190
8998	9516
8998	9826
9015	5123
9015	6129
9015	6788
9015	6989
9015	9063
9015	9638
9015	9647
9015	9686
9015	9865
9017	6558
9017	6875
9017	7559
9017	7824
9017	8136
9017	8205
9017	9178
9017	9582
9019	3749
9019	5723
9019	5771
9019	7080
9019	8890
9019	8998
9019	9190
9019	9516
9019	9816
9021	360
9021	2106
9021	3646
9021	3677
9021	4632
9021	7517
9021	7773
9021	7819
9021	8507
9021	8941
9021	9115
9021	9314
9021	9383
9021	9690
9021	9816
9021	9913
9023	5660
9023	7187
9023	8608
9023	8964
9023	9465
9023	9558
9030	1009
9030	1197
9030	8120
9030	8585
9032	5151
9032	5279
9032	7680
9032	7804
9035	420
9035	1369
9035	4534
9035	4757
9035	5839
9035	5994
9035	7397
9035	8258
9035	8876
9035	9081
9035	9274
9035	9589
9042	1976
9042	5655
9042	7104
9042	8475
9042	8956
9042	9344
9042	9360
9042	9412
9042	9911
9042	9956
9044	7752
9044	8313
9044	8585
9044	9514
9044	9956
9046	1440
9046	7074
9046	8132
9046	9790
9061	2037
9061	2749
9061	4909
9061	7384
9061	8323
9061	8388
9061	8599
9061	9156
9061	9944
9061	9995
9063	6096
9063	6323
9063	9015
9063	9686
9063	9818
9063	9865
9063	9935
9074	8947
9074	9967
9075	1232
9075	1842
9075	2797
9075	3235
9075	4868
9075	5151
9075	5782
9075	6190
9075	6352
9075	6841
9075	6970
9075	7864
9075	7884
9075	7982
9075	8313
9075	8890
9075	9791
9075	9943
9081	3257
9081	3320
9081	4858
9081	6845
9081	7791
9081	8087
9081	8095
9081	8726
9081	9035
9081	9389
9088	4519
9088	6564
9088	6913
9088	7019
9088	7258
9088	7868
9088	8346
9088	9913
9094	100
9094	2778
9094	3115
9094	4519
9094	5738
9094	5996
9094	8397
9094	9902
9096	3965
9096	4692
9096	6350
9096	6692
9096	8041
9096	8370
9096	8903
9096	9325
9096	9423
9096	9772
9100	963
9100	1310
9100	2403
9100	3442
9100	5157
9100	6428
9100	7009
9100	7819
9100	8808
9100	9491
9101	3495
9101	9325
9103	6496
9103	7983
9103	8168
9103	8378
9103	8865
9103	9192
9103	9363
9103	9840
9109	4414
9110	4923
9110	6366
9110	6558
9110	6774
9110	9380
9110	9440
9110	9508
9110	9607
9110	9773
9110	9802
9115	360
9115	5923
9115	7309
9115	7773
9115	8582
9115	8683
9115	8985
9115	9021
9115	9313
9115	9314
9115	9378
9115	9913
9120	3353
9120	4755
9120	5065
9120	5088
9120	5737
9120	6440
9120	7187
9120	7331
9120	8629
9120	8928
9120	9412
9129	5472
9129	6366
9129	7571
9129	8890
9129	8985
9129	9405
9133	4668
9133	5211
9133	7743
9134	2539
9134	4414
9134	5448
9134	8947
9134	8956
9140	5158
9140	6324
9140	7272
9140	8137
9140	8459
9140	8740
9140	9380
9140	9667
9141	4570
9141	9594
9141	9790
9153	1712
9153	2912
9153	4540
9153	4570
9153	6808
9153	8582
9153	9983
9156	2006
9156	5366
9156	6349
9156	7073
9156	8695
9156	9061
9156	9685
9156	9821
9158	6190
9158	7752
9158	7982
9158	8020
9158	8865
9158	8890
9158	9221
9158	9302
9158	9791
9178	2691
9178	4024
9178	4890
9178	6558
9178	6791
9178	7824
9178	8205
9178	8940
9178	9017
9178	9582
9178	9608
9178	9965
9179	1838
9179	2539
9179	2822
9179	5726
9179	5887
9179	7627
9179	8344
9179	8549
9179	9240
9179	9351
9179	9955
9184	4516
9184	8471
9184	9233
9184	9327
9187	5451
9187	5841
9187	8831
9187	9919
9190	2041
9190	5771
9190	6121
9190	6337
9190	6962
9190	7238
9190	7472
9190	8998
9190	9019
9190	9192
9190	9516
9190	9816
9190	9840
9192	6496
9192	7983
9192	8168
9192	9103
9192	9190
9192	9820
9199	5828
9199	9919
9208	6546
9208	8853
9208	9788
9216	3517
9216	4481
9216	4868
9216	5776
9216	6501
9216	7580
9216	9741
9216	9751
9216	9995
9217	186
9217	3858
9217	5521
9217	7311
9217	7771
9217	7880
9217	9363
9217	9825
9221	8748
9221	9158
9221	9414
9221	9636
9221	9730
9233	4516
9233	9184
9240	2539
9240	4035
9240	8344
9240	8772
9240	9179
9240	9347
9240	9351
9240	9955
9247	3015
9247	5747
9247	6834
9247	7622
9247	8733
9247	8825
9247	9409
9247	9630
9250	5776
9250	7187
9250	7382
9250	7819
9258	50
9258	3398
9258	7604
9258	9468
9269	2364
9269	5531
9269	7688
9269	9913
9272	6649
9272	8137
9272	8459
9272	9667
9272	9743
9272	9882
9274	420
9274	1369
9274	3876
9274	4136
9274	4534
9274	4757
9274	5759
9274	5994
9274	7397
9274	8258
9274	8876
9274	9035
9274	9491
9274	9607
9274	9869
9274	9965
9277	1599
9277	2183
9277	3445
9277	5158
9277	5436
9277	7261
9277	8482
9277	8796
9277	9746
9277	9780
9289	2740
9289	5614
9289	6749
9289	7699
9289	8218
9289	8366
9289	8412
9289	9722
9289	9866
9292	6624
9292	7434
9292	8683
9292	8722
9292	9935
9296	1974
9296	7863
9296	8664
9296	9703
9296	9951
9300	1974
9300	5472
9300	8399
9300	9378
9302	248
9302	534
9302	4438
9302	4895
9302	5759
9302	6397
9302	6997
9302	8325
9302	9158
9302	9856
9309	3320
9309	5088
9309	6012
9309	6970
9309	9466
9313	8412
9313	9115
9313	9594
9314	3646
9314	4632
9314	4657
9314	5065
9314	6337
9314	7149
9314	7819
9314	8985
9314	9021
9314	9115
9314	9409
9314	9641
9314	9913
9324	5418
9324	6281
9324	6397
9324	8239
9324	9880
9325	1228
9325	3294
9325	3858
9325	3961
9325	3965
9325	4692
9325	6350
9325	8041
9325	8903
9325	9096
9325	9101
9325	9423
9325	9465
9325	9786
9325	9820
9327	3088
9327	7510
9327	8119
9327	8581
9327	9184
9327	9575
9327	9896
9336	448
9336	3051
9336	5839
9336	5920
9336	6198
9336	7803
9336	8147
9336	8267
9336	8941
9344	4809
9344	5658
9344	5839
9344	6377
9344	7045
9344	7572
9344	8827
9344	9042
9347	5920
9347	6349
9347	8348
9347	8695
9347	9240
9347	9785
9351	760
9351	1444
9351	1838
9351	4035
9351	7602
9351	7688
9351	8344
9351	8683
9351	9179
9351	9240
9351	9955
9360	2812
9360	5123
9360	5334
9360	5824
9360	7104
9360	7780
9360	8231
9360	9042
9360	9911
9362	1511
9362	2745
9362	3921
9362	5841
9362	5951
9362	6281
9362	6723
9362	7418
9362	8370
9362	9466
9362	9685
9362	9892
9363	3981
9363	5521
9363	7524
9363	7771
9363	7880
9363	8297
9363	8807
9363	9103
9363	9217
9363	9575
9363	9825
9363	9967
9378	6221
9378	6336
9378	9115
9378	9300
9380	2940
9380	8635
9380	8944
9380	9110
9380	9140
9380	9440
9380	9607
9380	9802
9380	9919
9380	9967
9383	1531
9383	5065
9383	5239
9383	5451
9383	5923
9383	6337
9383	7149
9383	7517
9383	7773
9383	7983
9383	8683
9383	8985
9383	9021
9383	9913
9389	3320
9389	6102
9389	6845
9389	7625
9389	8110
9389	8218
9389	9081
9396	7665
9405	760
9405	6366
9405	7571
9405	7591
9405	8817
9405	9129
9405	9412
9405	9468
9405	9635
9409	3546
9409	3813
9409	5487
9409	5660
9409	5982
9409	8087
9409	8850
9409	9247
9409	9314
9409	9884
9409	9924
9409	9926
9411	8606
9411	9635
9412	4755
9412	5737
9412	6440
9412	7187
9412	8271
9412	9042
9412	9120
9412	9405
9414	1848
9414	4386
9414	4632
9414	7967
9414	8748
9414	9221
9418	5417
9418	5470
9418	6765
9418	7759
9418	8950
9423	1228
9423	3965
9423	8041
9423	8903
9423	9096
9423	9325
9425	4386
9425	4940
9425	5239
9425	8944
9425	9440
9425	9607
9425	9773
9425	9802
9425	9919
9425	9967
9430	1730
9430	6409
9430	9607
9430	9981
9430	9998
9436	4540
9436	5738
9436	8471
9436	9656
9438	8132
9438	8719
9439	2183
9439	2750
9439	7559
9439	9998
9440	4940
9440	5158
9440	6774
9440	9110
9440	9380
9440	9425
9440	9773
9440	9802
9440	9967
9446	3552
9446	5771
9446	7762
9446	9492
9453	6722
9453	6925
9453	8746
9453	9734
9454	1396
9454	8042
9454	8947
9454	9695
9462	598
9462	3147
9462	6497
9462	6524
9462	7101
9462	7572
9462	8302
9462	8695
9462	9626
9462	9772
9465	9023
9465	9325
9465	9558
9466	3921
9466	5087
9466	5841
9466	5951
9466	8537
9466	9309
9466	9362
9466	9479
9466	9685
9468	50
9468	3398
9468	4507
9468	4627
9468	5923
9468	8120
9468	8695
9468	9258
9468	9405
9473	1009
9473	6723
9473	8656
9473	9826
9477	1599
9477	3988
9477	5994
9477	6316
9477	7622
9477	9983
9479	3921
9479	5087
9479	9466
9479	9685
9479	9892
9491	963
9491	1310
9491	3442
9491	4632
9491	5157
9491	6428
9491	7009
9491	8749
9491	8808
9491	9100
9491	9274
9491	9492
9491	9607
9491	9865
9491	9938
9492	8052
9492	9446
9492	9491
9492	9913
9496	3366
9496	4361
9496	5650
9496	5859
9496	7226
9496	8404
9496	8606
9496	8873
9496	9681
9496	9965
9504	5224
9504	7602
9504	7779
9504	8052
9504	8252
9504	9926
9508	3576
9508	9110
9508	9821
9512	5923
9512	8537
9512	8645
9512	9685
9514	4809
9514	7524
9514	8585
9514	9044
9514	9956
9516	3768
9516	5723
9516	5771
9516	6121
9516	6962
9516	7238
9516	8137
9516	8998
9516	9019
9516	9190
9516	9703
9516	9745
9516	9816
9525	1301
9525	2540
9525	6468
9525	7779
9525	9542
9525	9954
9528	6121
9528	7009
9528	7622
9528	8853
9528	9785
9528	9942
9542	891
9542	6129
9542	8731
9542	9525
9542	9911
9549	3939
9549	5518
9549	6327
9549	7762
9549	7908
9549	8121
9549	8561
9549	8947
9549	9636
9549	9857
9557	2174
9557	3346
9557	6823
9557	8337
9557	8656
9558	827
9558	8619
9558	9023
9558	9465
9558	9857
9561	1212
9561	6929
9561	8252
9561	9891
9570	1723
9570	3346
9570	3952
9570	4386
9570	4629
9570	6552
9570	7472
9570	8116
9570	8830
9570	9616
9570	9944
9575	4542
9575	8987
9575	9327
9575	9363
9575	9597
9575	9656
9575	9981
9581	186
9581	6190
9581	6351
9581	6962
9581	8808
9582	1154
9582	1443
9582	1456
9582	1759
9582	2691
9582	4312
9582	4859
9582	5383
9582	6101
9582	6496
9582	6558
9582	6587
9582	6792
9582	6875
9582	6929
9582	8086
9582	8117
9582	8136
9582	8174
9582	8236
9582	8698
9582	8985
9582	9017
9582	9178
9582	9644
9582	9951
9589	6260
9589	8664
9589	9035
9594	1396
9594	7141
9594	7842
9594	8255
9594	8869
9594	9141
9594	9313
9594	9710
9597	4029
9597	7402
9597	9575
9597	9869
9607	5158
9607	5289
9607	6774
9607	7382
9607	7656
9607	8132
9607	8944
9607	9110
9607	9274
9607	9380
9607	9425
9607	9430
9607	9491
9607	9773
9607	9919
9607	9967
9608	3749
9608	3798
9608	6316
9608	8086
9608	9178
9611	3169
9611	7067
9611	7217
9611	8344
9611	9925
9616	1723
9616	3147
9616	4386
9616	4629
9616	5914
9616	8116
9616	8826
9616	8830
9616	9570
9626	488
9626	598
9626	6497
9626	6524
9626	7101
9626	8339
9626	8645
9626	9462
9626	9772
9630	1669
9630	5747
9630	6322
9630	7797
9630	7914
9630	8733
9630	8825
9630	9247
9635	39
9635	2424
9635	3620
9635	5472
9635	6272
9635	6366
9635	7571
9635	7591
9635	7735
9635	8116
9635	8252
9635	8581
9635	8726
9635	8817
9635	9405
9635	9411
9636	50
9636	342
9636	1321
9636	3034
9636	3360
9636	3495
9636	3939
9636	7195
9636	7341
9636	7655
9636	7762
9636	7908
9636	8346
9636	8397
9636	9221
9636	9549
9636	9857
9636	9943
9638	1697
9638	2943
9638	6808
9638	7301
9638	7665
9638	8668
9638	8749
9638	8830
9638	9015
9638	9690
9638	9719
9638	9981
9641	8608
9641	9314
9644	1630
9644	7196
9644	9582
9646	1660
9646	3357
9646	8746
9646	8878
9646	9734
9646	9821
9646	9942
9647	7630
9647	9015
9656	4414
9656	5803
9656	6709
9656	7393
9656	7912
9656	8348
9656	8553
9656	8599
9656	9436
9656	9575
9663	5738
9663	7403
9663	7699
9663	8629
9663	8713
9663	8719
9663	8950
9663	9882
9667	3663
9667	4958
9667	6649
9667	7272
9667	7863
9667	8086
9667	8137
9667	8459
9667	8886
9667	9140
9667	9272
9667	9865
9681	5338
9681	5859
9681	6723
9681	6792
9681	6836
9681	7226
9681	7615
9681	8121
9681	8404
9681	8606
9681	8873
9681	9496
9685	3790
9685	3921
9685	5087
9685	5841
9685	5951
9685	8636
9685	8862
9685	9156
9685	9362
9685	9466
9685	9479
9685	9512
9685	9865
9685	9892
9685	9925
9686	4629
9686	5372
9686	6129
9686	6323
9686	6733
9686	6788
9686	6989
9686	7231
9686	7688
9686	8597
9686	9015
9686	9063
9686	9865
9686	9866
9686	9902
9686	9935
9690	2829
9690	8619
9690	9021
9690	9638
9690	9865
9695	3781
9695	4427
9695	6508
9695	6522
9695	8944
9695	9454
9695	9719
9697	3103
9697	6167
9697	6792
9697	7691
9701	922
9701	7238
9702	5600
9702	6913
9702	8281
9702	8656
9702	8853
9703	1354
9703	2884
9703	4817
9703	8042
9703	9296
9703	9516
9703	9774
9703	9826
9703	9919
9710	352
9710	6925
9710	7841
9710	8496
9710	8631
9710	9594
9719	12
9719	2943
9719	5279
9719	5557
9719	6697
9719	7301
9719	7559
9719	7625
9719	7743
9719	8668
9719	8749
9719	9638
9719	9695
9719	9826
9722	2364
9722	2740
9722	6749
9722	7843
9722	8412
9722	9289
9722	9866
9728	6997
9728	9856
9730	8366
9730	8731
9730	8733
9730	9221
9730	9774
9734	2006
9734	2375
9734	3357
9734	3967
9734	5926
9734	7101
9734	8878
9734	9453
9734	9646
9734	9821
9734	9880
9734	9954
9738	5237
9738	5828
9738	6521
9738	9741
9738	9880
9738	9896
9738	9944
9741	3517
9741	4481
9741	4868
9741	5771
9741	5776
9741	6501
9741	6699
9741	7580
9741	8404
9741	9216
9741	9738
9741	9751
9741	9821
9743	6183
9743	7086
9743	7915
9743	9272
9743	9916
9745	3475
9745	5358
9745	8726
9745	9516
9745	9967
9746	2183
9746	6564
9746	8482
9746	8651
9746	8796
9746	9277
9746	9780
9746	9791
9749	2017
9749	4793
9749	4890
9749	9785
9751	2668
9751	3517
9751	4119
9751	4868
9751	5695
9751	5776
9751	6501
9751	6617
9751	6699
9751	7384
9751	7580
9751	7743
9751	8117
9751	8281
9751	8297
9751	9216
9751	9741
9751	9983
9752	1288
9752	3995
9752	4215
9752	7771
9772	488
9772	598
9772	3147
9772	6260
9772	6497
9772	6524
9772	7101
9772	7841
9772	9096
9772	9462
9772	9626
9773	2940
9773	5158
9773	5970
9773	7382
9773	7434
9773	8297
9773	8944
9773	8973
9773	9110
9773	9425
9773	9440
9773	9607
9773	9802
9773	9919
9774	2778
9774	6349
9774	8656
9774	9703
9774	9730
9780	599
9780	1599
9780	2580
9780	3445
9780	5088
9780	6564
9780	7009
9780	8482
9780	8698
9780	8796
9780	8936
9780	9277
9780	9746
9780	9972
9785	4613
9785	6349
9785	6892
9785	9347
9785	9528
9785	9749
9786	3142
9786	8359
9786	9325
9788	7559
9788	8026
9788	9208
9790	232
9790	5004
9790	5887
9790	8445
9790	9046
9790	9141
9791	2797
9791	4838
9791	5782
9791	6190
9791	6352
9791	7752
9791	7982
9791	8020
9791	8865
9791	8890
9791	9075
9791	9158
9791	9746
9791	9943
9802	2940
9802	4923
9802	7231
9802	7382
9802	7384
9802	8229
9802	8944
9802	8947
9802	9110
9802	9380
9802	9425
9802	9440
9802	9773
9802	9919
9802	9967
9816	1511
9816	3768
9816	4620
9816	5071
9816	5086
9816	5472
9816	5723
9816	5749
9816	5982
9816	6962
9816	7226
9816	8116
9816	8229
9816	8636
9816	9019
9816	9021
9816	9190
9816	9516
9818	4809
9818	6440
9818	9063
9818	9882
9818	9949
9820	3655
9820	7084
9820	8119
9820	8987
9820	9192
9820	9325
9820	9865
9821	1660
9821	2006
9821	4555
9821	8878
9821	9156
9821	9508
9821	9646
9821	9734
9821	9741
9825	2040
9825	6566
9825	7311
9825	7771
9825	7804
9825	7880
9825	8297
9825	9217
9825	9363
9826	1364
9826	7457
9826	8533
9826	8998
9826	9473
9826	9703
9826	9719
9834	3294
9834	4044
9834	6506
9834	7272
9834	7715
9834	8683
9840	3981
9840	4438
9840	4895
9840	5759
9840	6397
9840	6997
9840	7402
9840	7582
9840	8325
9840	8635
9840	8928
9840	9103
9840	9190
9840	9856
9855	6688
9855	7239
9855	7733
9856	248
9856	3697
9856	3981
9856	4438
9856	4895
9856	6397
9856	6997
9856	7402
9856	7582
9856	8635
9856	8928
9856	9302
9856	9728
9856	9840
9857	3495
9857	3939
9857	5518
9857	7762
9857	7908
9857	8561
9857	9549
9857	9558
9857	9636
9865	1212
9865	1396
9865	3103
9865	3781
9865	6323
9865	6989
9865	7187
9865	7665
9865	8324
9865	9015
9865	9063
9865	9491
9865	9667
9865	9685
9865	9686
9865	9690
9865	9820
9865	9935
9866	1321
9866	2348
9866	2364
9866	5334
9866	5614
9866	6409
9866	6749
9866	7399
9866	7843
9866	8412
9866	8973
9866	9289
9866	9686
9866	9722
9869	2954
9869	3305
9869	8026
9869	8459
9869	8760
9869	9274
9869	9597
9869	9919
9870	1730
9870	8421
9870	8531
9870	8825
9880	2002
9880	3074
9880	8239
9880	9324
9880	9734
9880	9738
9882	5738
9882	7832
9882	8020
9882	8035
9882	8629
9882	8713
9882	9272
9882	9663
9882	9818
9882	9935
9884	115
9884	1975
9884	2605
9884	3546
9884	3813
9884	5487
9884	6566
9884	8784
9884	8796
9884	9409
9884	9924
9884	9926
9891	5839
9891	6579
9891	9561
9892	1976
9892	3921
9892	5087
9892	5841
9892	6723
9892	9362
9892	9479
9892	9685
9895	52
9895	3967
9895	4946
9895	8831
9895	8939
9896	45
9896	2580
9896	3088
9896	3475
9896	6596
9896	6937
9896	7045
9896	7488
9896	7510
9896	7575
9896	7840
9896	8119
9896	8581
9896	9327
9896	9738
9902	100
9902	4995
9902	5600
9902	6546
9902	6692
9902	8087
9902	8120
9902	8397
9902	9094
9902	9686
9902	9916
9911	2749
9911	5466
9911	5824
9911	7625
9911	9042
9911	9360
9911	9542
9911	9924
9913	427
9913	1531
9913	3646
9913	4632
9913	5029
9913	5065
9913	6337
9913	7149
9913	7517
9913	7773
9913	7819
9913	8155
9913	8830
9913	8985
9913	9021
9913	9088
9913	9115
9913	9269
9913	9314
9913	9383
9913	9492
9916	100
9916	1612
9916	2778
9916	3115
9916	3482
9916	4858
9916	4995
9916	5600
9916	6546
9916	6692
9916	7141
9916	7397
9916	8155
9916	8397
9916	8867
9916	8873
9916	9743
9916	9902
9918	3357
9918	6522
9918	7238
9919	220
9919	4940
9919	5158
9919	5237
9919	5970
9919	6774
9919	7035
9919	7258
9919	7382
9919	7803
9919	8317
9919	8826
9919	9187
9919	9199
9919	9380
9919	9425
9919	9607
9919	9703
9919	9773
9919	9802
9919	9869
9919	9956
9919	9967
9924	115
9924	963
9924	1975
9924	2605
9924	3546
9924	3813
9924	5487
9924	6412
9924	6579
9924	6643
9924	7642
9924	7826
9924	8947
9924	9409
9924	9884
9924	9911
9924	9926
9925	4427
9925	8330
9925	9611
9925	9685
9925	9990
9926	115
9926	1975
9926	2605
9926	3475
9926	3546
9926	3813
9926	5487
9926	6937
9926	8726
9926	9409
9926	9504
9926	9884
9926	9924
9935	1396
9935	3103
9935	6323
9935	6788
9935	7231
9935	7420
9935	9063
9935	9292
9935	9686
9935	9865
9935	9882
9935	9956
9938	1669
9938	2540
9938	3620
9938	3876
9938	8531
9938	9491
9942	2106
9942	8853
9942	9528
9942	9646
9943	100
9943	1232
9943	2797
9943	4632
9943	5087
9943	5782
9943	5970
9943	6190
9943	6352
9943	6497
9943	6506
9943	8020
9943	8808
9943	8865
9943	8890
9943	9075
9943	9636
9943	9791
9944	2171
9944	2973
9944	6937
9944	8388
9944	8599
9944	9061
9944	9570
9944	9738
9944	9995
9949	3679
9949	6450
9949	7967
9949	8629
9949	8656
9949	9818
9951	4044
9951	4176
9951	6623
9951	6836
9951	7399
9951	7622
9951	8347
9951	9296
9951	9582
9954	1176
9954	9525
9954	9734
9955	519
9955	1034
9955	1838
9955	4035
9955	5887
9955	8344
9955	8549
9955	8784
9955	8890
9955	9179
9955	9240
9955	9351
9956	3066
9956	4809
9956	7524
9956	7733
9956	8313
9956	8585
9956	8740
9956	9042
9956	9044
9956	9514
9956	9919
9956	9935
9965	3632
9965	4028
9965	4507
9965	7604
9965	8258
9965	8635
9965	8651
9965	8784
9965	9178
9965	9274
9965	9496
9967	2940
9967	7382
9967	9074
9967	9363
9967	9380
9967	9425
9967	9440
9967	9607
9967	9745
9967	9802
9967	9919
9972	7238
9972	8106
9972	9780
9981	1550
9981	3074
9981	3381
9981	3921
9981	4542
9981	5521
9981	6774
9981	8886
9981	9430
9981	9575
9981	9638
9983	534
9983	2148
9983	6765
9983	9153
9983	9477
9983	9751
9990	5824
9990	7214
9990	7655
9990	9925
9995	3952
9995	6937
9995	8388
9995	9061
9995	9216
9995	9944
9998	2750
9998	5237
9998	6623
9998	7559
9998	9430
9998	9439
