14	5589
14	8092
14	9182
15	4061
15	6147
15	8805
34	7123
34	7388
34	8094
34	9013
34	9027
34	9127
34	9316
72	4706
72	9072
72	9453
72	9689
89	5297
89	7685
109	6113
109	8557
109	8973
109	9991
118	9377
118	9818
118	9885
136	7236
136	7452
141	4961
141	7774
141	8513
141	9118
141	9759
172	1951
172	7388
209	2723
209	5610
209	7917
225	5529
228	8391
228	9270
249	9013
249	9072
249	9810
250	5166
257	4049
257	6401
257	9553
272	517
272	6232
276	7782
282	1184
282	9728
296	3129
326	468
364	4208
364	6469
364	6487
364	8692
364	8954
364	9377
364	9885
423	9011
423	9830
435	8010
435	9402
444	5611
444	9281
444	9741
449	1951
458	4750
458	4785
458	8091
468	326
468	4606
468	8192
468	8588
468	8775
468	9662
468	9735
481	517
481	2080
481	7782
481	8513
481	8720
481	9336
485	4061
485	4819
517	272
517	481
517	1051
517	1600
517	1950
517	3006
550	7900
550	9550
569	3199
575	7431
575	9049
575	9182
575	9374
575	9958
588	1957
588	3862
588	9273
588	9629
607	8010
607	9123
607	9842
622	3037
622	7304
672	3292
672	8627
672	9873
674	7948
674	9436
686	6523
686	9585
714	8485
714	9990
722	2331
722	8965
743	8559
743	9016
743	9770
743	9933
748	3161
748	6185
748	7687
748	7721
748	8040
748	8797
748	9009
758	8796
758	9550
763	9658
783	2410
783	3700
783	4750
783	5703
791	2401
791	5719
791	7668
791	9968
801	4727
801	8794
801	9343
801	9833
885	9445
885	9621
885	9803
907	5301
907	6773
907	7351
907	8715
907	9095
916	3704
916	4440
927	3645
927	7275
936	1822
936	3552
936	6487
936	9834
936	9852
952	6443
952	9661
987	2280
987	5543
987	6984
987	8324
987	9377
987	9885
1006	4343
1006	5918
1006	7669
1006	9615
1015	4387
1015	5670
1015	9584
1018	6583
1018	8526
1018	8627
1051	517
1051	6136
1051	8881
1095	7665
1095	9513
1095	9560
1097	8200
1141	4327
1174	5952
1174	7512
1176	2238
1176	6933
1176	7687
1176	8324
1176	8626
1176	9885
1176	9954
1179	9751
1184	282
1184	4727
1184	7829
1184	8929
1184	9536
1198	2130
1198	7666
1198	9410
1223	1229
1223	7809
1223	8694
1223	9536
1229	1223
1229	7536
1229	7867
1229	8110
1237	8612
1237	9013
1237	9027
1237	9255
1259	6528
1259	7996
1262	7529
1265	8131
1265	9308
1267	4440
1267	9011
1267	9531
1267	9632
1279	1957
1350	9402
1397	1984
1402	7629
1402	7735
1402	9129
1429	9410
1438	8050
1438	8772
1438	9321
1446	6155
1484	1856
1484	8295
1504	8612
1504	9027
1504	9127
1504	9255
1504	9405
1506	8391
1506	9049
1506	9089
1512	5391
1512	5800
1512	8392
1512	8858
1512	9902
1541	1891
1541	2657
1541	5144
1541	5414
1541	6147
1541	9410
1541	9990
1576	6552
1600	517
1600	3411
1600	4327
1600	6136
1600	6704
1600	7984
1600	9431
1600	9658
1615	6564
1615	7586
1615	9016
1626	4637
1626	9629
1626	9977
1629	5848
1629	7735
1629	9089
1629	9405
1636	2331
1636	7867
1636	9152
1661	2672
1661	5391
1665	1901
1665	6469
1665	7687
1665	8555
1665	9377
1665	9543
1665	9885
1683	9054
1683	9609
1683	9891
1688	4440
1688	9920
1692	8133
1692	9494
1692	9621
1717	9016
1730	7434
1730	8421
1730	8934
1730	9870
1741	6821
1790	5376
1790	8627
1790	9929
1795	6552
1795	9550
1800	7669
1800	8636
1800	9615
1805	8960
1822	936
1822	9077
1822	9453
1822	9577
1827	7585
1827	8974
1827	9197
1827	9506
1827	9933
1843	2513
1843	7744
1843	8484
1843	9308
1844	7583
1844	9000
1856	1484
1856	8816
1856	9405
1891	1541
1891	6860
1891	7263
1891	8196
1891	8332
1901	1665
1901	3569
1901	8675
1901	9397
1950	517
1950	3998
1950	5832
1950	9118
1951	172
1951	449
1951	5048
1951	5371
1951	6446
1951	7452
1951	8870
1951	8934
1957	588
1957	1279
1957	5376
1957	6166
1957	7132
1957	8222
1957	8246
1957	8778
1984	1397
1984	8878
1984	9494
1992	8936
1992	9255
1992	9277
1992	9746
1992	9780
1992	9885
2018	5660
2018	8720
2018	9465
2077	5788
2077	9847
2080	481
2130	1198
2130	2657
2130	2676
2130	2703
2130	5289
2130	6158
2130	8615
2130	9834
2134	4986
2135	7917
2135	9146
2135	9621
2135	9803
2152	9847
2153	3129
2153	9453
2153	9577
2153	9810
2183	3445
2183	4049
2183	8796
2183	9277
2183	9439
2183	9746
2194	9072
2194	9387
2194	9747
2198	9621
2223	8697
2223	9214
2238	1176
2238	3645
2238	6886
2238	7376
2238	9885
2273	8526
2277	4343
2277	9834
2280	987
2280	7883
2280	8083
2280	9197
2280	9933
2283	9000
2283	9585
2311	4343
2311	4950
2311	9615
2320	5447
2320	8347
2320	8981
2320	9185
2322	7529
2331	722
2331	1636
2331	6057
2331	9152
2331	9865
2355	5447
2355	6080
2355	6694
2355	9351
2393	5447
2393	6883
2395	4622
2401	791
2401	9968
2410	783
2410	2527
2410	7669
2410	9615
2485	6366
2513	1843
2524	5918
2524	8661
2524	9278
2524	9625
2527	2410
2527	4813
2527	4950
2527	8091
2527	8858
2572	9502
2601	9885
2657	1541
2657	2130
2657	4819
2657	7244
2657	8719
2657	9273
2657	9954
2657	9974
2672	1661
2672	5609
2672	6002
2672	7258
2672	7324
2672	8998
2672	9585
2672	9676
2676	2130
2676	5192
2676	5600
2676	7806
2676	8008
2676	8843
2698	9997
2703	2130
2703	8719
2720	6671
2720	7724
2723	209
2723	9977
2741	4523
2741	5703
2741	8929
2753	2987
2773	4893
2773	6014
2773	8501
2773	8929
2773	9199
2773	9590
2789	7948
2789	9176
2789	9436
2808	8421
2808	9870
2812	3499
2812	5834
2812	6022
2812	9107
2812	9360
2812	9526
2812	9553
2828	3139
2828	6293
2828	9688
2830	4523
2830	8430
2830	8527
2830	9908
2842	5670
2842	9223
2888	4622
2897	9270
2900	6155
2900	7263
2900	9860
2905	7025
2905	7076
2905	9431
2936	3689
2936	5575
2936	7724
2936	9053
2936	9321
2936	9494
2983	9077
2987	2753
2987	7925
2987	9054
2987	9609
2987	9891
3002	4017
3006	517
3006	9000
3012	9410
3012	9570
3022	8055
3022	8200
3022	9047
3022	9991
3037	622
3037	6933
3037	8895
3037	9502
3037	9852
3072	4017
3072	5589
3072	5610
3072	9539
3072	9958
3129	296
3129	2153
3129	6185
3129	7877
3129	7907
3129	8644
3129	8794
3129	9917
3133	6873
3133	7595
3139	2828
3139	5434
3139	5974
3139	6293
3139	7860
3139	7972
3139	9688
3139	9912
3151	4819
3151	8805
3151	9077
3151	9410
3151	9803
3161	748
3161	8797
3161	9041
3161	9885
3178	6773
3178	9615
3199	569
3199	3235
3199	4845
3199	5842
3199	8694
3202	5952
3202	7903
3202	8523
3202	9012
3202	9169
3202	9357
3202	9543
3226	4343
3226	6289
3226	9270
3231	6501
3231	6699
3231	9459
3231	9741
3235	3199
3286	4735
3286	6443
3286	6795
3286	6840
3286	7031
3286	7880
3286	9029
3286	9281
3286	9660
3292	672
3292	7536
3292	9129
3292	9902
3333	5832
3343	3673
3382	8474
3382	9273
3411	1600
3411	7774
3411	8513
3411	8881
3433	9445
3445	2183
3445	6523
3445	6564
3445	7434
3445	8936
3445	9062
3445	9277
3445	9780
3467	9550
3499	2812
3500	8527
3500	9624
3500	9766
3500	9997
3506	3788
3506	8987
3513	5670
3513	5992
3520	9687
3547	6136
3547	6164
3552	936
3552	6933
3552	8895
3552	9852
3569	1901
3569	5414
3569	8965
3645	927
3645	2238
3645	5394
3645	7275
3645	7785
3645	8454
3645	9343
3645	9985
3647	6501
3647	6699
3647	7687
3668	9405
3673	3343
3673	9438
3675	5570
3675	8134
3689	2936
3689	8260
3689	8510
3689	9053
3689	9321
3700	783
3700	4750
3700	4785
3700	5918
3700	8091
3700	9780
3704	916
3704	4906
3704	7096
3704	8010
3704	8324
3704	8878
3715	8200
3715	9584
3750	5832
3750	7665
3750	9513
3766	5343
3766	6873
3766	8510
3766	8661
3766	9053
3766	9321
3771	9169
3771	9585
3771	9662
3771	9723
3771	9759
3788	3506
3788	3998
3788	5848
3793	5589
3800	6724
3800	9195
3800	9512
3814	6984
3814	8392
3814	8858
3814	9508
3814	9615
3827	9621
3827	9974
3839	4750
3839	5045
3839	7735
3839	9173
3839	9950
3851	8466
3851	9802
3851	9830
3855	6552
3855	8709
3855	8965
3855	9152
3862	588
3862	5249
3866	6564
3866	7867
3866	9321
3881	8675
3881	8719
3881	9663
3900	8276
3900	8675
3914	6325
3914	9439
3914	9998
3921	9550
3941	5245
3941	7827
3941	9089
3975	4639
3975	6366
3975	8794
3987	4637
3987	6657
3987	7529
3987	9991
3992	6051
3992	7610
3992	8276
3992	9815
3998	1950
3998	3788
3998	5676
3998	7774
3998	8881
4017	3002
4017	3072
4017	6941
4017	7236
4017	9322
4017	9421
4017	9440
4017	9539
4017	9958
4025	4725
4025	6861
4025	8091
4025	8512
4025	8726
4025	9421
4025	9445
4025	9494
4025	9621
4025	9986
4030	8421
4030	9077
4030	9812
4049	257
4049	2183
4049	8160
4049	9556
4061	15
4061	485
4061	7258
4061	8719
4061	9410
4131	6559
4131	6691
4131	9410
4134	4556
4134	5703
4134	7669
4134	8091
4134	8858
4136	9274
4140	9077
4140	9512
4140	9658
4142	4845
4142	9041
4160	7452
4160	8934
4161	7096
4161	8391
4162	6883
4162	9585
4208	364
4215	6480
4223	6480
4223	6487
4223	7304
4223	9169
4230	5670
4230	5848
4232	8461
4232	9502
4268	5952
4268	9902
4272	6257
4272	8487
4272	9459
4272	9662
4273	6984
4292	6528
4292	9270
4292	9922
4295	5569
4295	6325
4295	7839
4295	9585
4295	9815
4295	9953
4307	6564
4307	7348
4307	8796
4307	9277
4307	9746
4319	8010
4327	1141
4327	1600
4327	5996
4327	8430
4327	9953
4343	1006
4343	2277
4343	2311
4343	3226
4343	4556
4343	4727
4343	5793
4343	6804
4343	7932
4343	8392
4357	7078
4357	7571
4387	1015
4387	8421
4387	8775
4387	9870
4436	5166
4436	7304
4436	9873
4440	916
4440	1267
4440	1688
4441	9402
4470	5611
4478	5585
4478	9625
4481	7867
4481	9216
4481	9741
4491	6145
4491	9343
4491	9360
4491	9839
4491	9852
4495	6145
4495	6401
4495	8895
4495	9728
4495	9852
4523	2741
4523	2830
4523	5621
4523	7808
4523	9624
4523	9766
4556	4134
4556	4343
4556	5611
4556	7669
4556	8392
4556	8858
4556	9840
4570	8772
4570	9153
4573	7260
4573	7774
4573	9089
4573	9129
4573	9635
4606	468
4606	9658
4615	5289
4615	9891
4622	2395
4622	2888
4622	6289
4622	8160
4622	9033
4622	9830
4631	4637
4637	1626
4637	3987
4637	4631
4637	4662
4637	7875
4637	8053
4637	9747
4639	3975
4639	9662
4662	4637
4662	7641
4662	7735
4662	9405
4662	9780
4682	7996
4682	9261
4706	72
4706	9072
4706	9453
4706	9577
4706	9689
4706	9810
4725	4025
4725	8336
4725	8907
4725	9172
4725	9399
4725	9445
4725	9803
4727	801
4727	1184
4727	4343
4727	5918
4727	6267
4727	8602
4727	8636
4727	8858
4727	9506
4727	9615
4735	3286
4750	458
4750	783
4750	3700
4750	3839
4750	5800
4750	7669
4752	8295
4757	6478
4757	7397
4757	7629
4757	8200
4757	9274
4757	9595
4762	5434
4762	6293
4773	8627
4781	5703
4781	6695
4781	8134
4781	9997
4785	458
4785	3700
4785	4950
4785	7666
4785	7669
4785	8091
4785	8461
4785	9615
4813	2527
4813	8691
4819	485
4819	2657
4819	3151
4819	8974
4845	3199
4845	4142
4845	6464
4845	7996
4845	9261
4846	9865
4846	9986
4850	6006
4850	7966
4850	9502
4862	4986
4862	7262
4862	9973
4886	9621
4892	8869
4892	9308
4893	2773
4893	6564
4893	9199
4893	9590
4906	3704
4906	8053
4906	9095
4906	9842
4917	7262
4917	8778
4917	9803
4948	7785
4948	8091
4948	9049
4948	9703
4949	7376
4949	7685
4950	2311
4950	2527
4950	4785
4950	8392
4950	9615
4961	141
4961	5529
4961	5832
4961	7782
4986	2134
4986	4862
4986	6136
4986	6155
4986	8527
5015	8421
5045	3839
5045	8200
5045	9751
5045	9915
5048	1951
5048	8715
5048	9095
5066	5703
5066	5918
5066	8392
5066	8636
5066	8858
5066	9615
5083	5869
5083	7595
5090	6987
5090	9502
5131	6695
5131	9596
5144	1541
5144	8954
5166	250
5166	4436
5166	9343
5166	9873
5166	9977
5192	2676
5192	8981
5192	9093
5195	9077
5195	9126
5229	9513
5238	8189
5238	8697
5238	9273
5238	9776
5245	3941
5245	5249
5245	6970
5245	7376
5245	7558
5245	7753
5245	8461
5245	9431
5248	5611
5248	6458
5248	6795
5248	9699
5248	9833
5248	9904
5249	3862
5249	5245
5249	6232
5249	7025
5249	7076
5249	8485
5249	9176
5249	9431
5251	7529
5251	9834
5288	6871
5288	8408
5288	9625
5289	2130
5289	4615
5289	6820
5289	8719
5289	9410
5295	7124
5295	9047
5295	9502
5295	9840
5297	89
5297	5974
5297	6293
5297	7685
5297	7948
5297	8477
5297	9410
5297	9768
5301	907
5301	8998
5343	3766
5343	8510
5343	9321
5343	9512
5370	6863
5371	1951
5371	6530
5371	8870
5371	9399
5371	9986
5376	1790
5376	1957
5391	1512
5391	1661
5391	7126
5394	3645
5394	7388
5394	7785
5394	9818
5404	8260
5404	9357
5404	9402
5404	9436
5414	1541
5414	3569
5417	6449
5417	9977
5421	9152
5421	9718
5421	9986
5423	9410
5433	9041
5433	9261
5433	9688
5434	3139
5434	4762
5434	7860
5434	8973
5445	8332
5445	9834
5447	2320
5447	2355
5447	2393
5447	6691
5447	6883
5447	7430
5447	7867
5472	6366
5472	7591
5472	9129
5472	9236
5472	9300
5472	9635
5529	225
5529	4961
5529	5832
5529	6863
5529	7020
5529	7723
5529	7774
5529	7782
5529	8513
5529	9118
5529	9223
5543	987
5543	8075
5543	8324
5543	9377
5543	9973
5543	9998
5562	6608
5562	7867
5562	7961
5562	7996
5562	8965
5562	9152
5562	9917
5569	4295
5569	6031
5569	9585
5569	9759
5570	3675
5570	7186
5570	7695
5570	8211
5575	2936
5575	5676
5575	6293
5575	6873
5575	7153
5575	8510
5575	9321
5575	9323
5581	9595
5585	4478
5585	9011
5585	9830
5589	14
5589	3072
5589	3793
5589	5610
5589	7197
5589	7367
5589	8092
5589	8885
5589	9560
5589	9803
5589	9958
5594	6552
5594	9278
5594	9870
5600	2676
5600	9902
5600	9916
5609	2672
5609	8559
5609	9439
5609	9676
5610	209
5610	3072
5610	5589
5610	5641
5610	9539
5610	9958
5611	444
5611	4470
5611	4556
5611	5248
5611	6014
5611	7045
5611	8091
5611	8772
5611	9054
5611	9281
5611	9632
5611	9833
5611	9839
5621	4523
5621	8340
5623	7766
5635	7533
5635	8133
5635	9399
5635	9494
5635	9621
5635	9766
5635	9803
5641	5610
5641	6487
5641	8133
5648	6564
5660	2018
5660	9402
5670	1015
5670	2842
5670	3513
5670	4230
5670	7153
5670	8110
5670	8200
5670	8624
5670	9195
5670	9229
5670	9584
5670	9688
5671	9161
5671	9216
5671	9687
5676	3998
5676	5575
5676	5832
5676	6136
5676	6704
5676	7066
5676	7571
5676	7782
5676	8881
5676	9118
5676	9176
5703	783
5703	2741
5703	4134
5703	4781
5703	5066
5703	6480
5703	6984
5703	8487
5703	8636
5703	8858
5703	9278
5719	791
5719	9011
5735	9387
5746	8200
5779	7153
5788	2077
5788	5909
5788	7502
5788	8626
5788	8812
5788	9093
5788	9308
5788	9799
5788	9887
5793	4343
5793	6187
5793	8775
5800	1512
5800	4750
5800	8091
5800	8636
5800	9615
5832	1950
5832	3333
5832	3750
5832	4961
5832	5529
5832	5676
5832	6566
5832	7782
5832	8466
5832	9118
5832	9799
5834	2812
5839	7803
5839	8267
5839	9336
5839	9891
5842	3199
5848	1629
5848	3788
5848	4230
5848	7066
5848	7918
5848	9694
5869	5083
5869	6211
5869	6657
5869	7113
5869	8010
5869	8648
5869	9123
5869	9839
5869	9842
5877	6886
5877	7477
5877	7687
5877	8075
5877	9377
5877	9885
5883	7641
5883	9688
5909	5788
5918	1006
5918	2524
5918	3700
5918	4727
5918	5066
5918	6984
5918	7610
5918	8091
5918	8392
5918	9802
5952	1174
5952	3202
5952	4268
5952	7602
5952	9948
5974	3139
5974	5297
5974	7860
5992	3513
5992	9502
5996	4327
5996	6138
5996	6566
5996	8332
6002	2672
6002	7558
6005	7803
6005	8267
6005	8466
6005	9336
6006	4850
6006	8513
6014	2773
6014	5611
6014	6609
6014	7211
6014	9839
6019	6464
6019	7785
6022	2812
6022	7396
6022	9047
6022	9553
6031	5569
6031	6804
6031	7695
6031	8960
6031	9169
6031	9585
6051	3992
6051	8934
6055	7695
6055	8504
6055	9699
6057	2331
6070	6155
6070	7648
6070	8811
6080	2355
6080	9560
6095	9261
6113	109
6113	7096
6132	8512
6132	8878
6132	9511
6136	1051
6136	1600
6136	3547
6136	4986
6136	5676
6136	7782
6136	8136
6136	8513
6136	8881
6136	9118
6138	5996
6138	7246
6138	8050
6138	8332
6143	7604
6143	7877
6143	9658
6145	4491
6145	4495
6145	6886
6145	6933
6145	9703
6145	9852
6147	15
6147	1541
6147	7860
6147	8890
6147	9410
6155	1446
6155	2900
6155	4986
6155	6070
6155	6902
6155	9308
6155	9908
6158	2130
6162	7262
6162	8694
6164	3547
6164	9818
6164	9912
6164	9985
6166	1957
6166	7604
6185	748
6185	3129
6185	6523
6185	6892
6185	9917
6187	5793
6187	9509
6187	9967
6211	5869
6211	6657
6211	8010
6211	9123
6226	8055
6226	8200
6226	9513
6226	9584
6232	272
6232	5249
6232	9236
6232	9885
6257	4272
6257	7431
6257	8372
6257	9277
6257	9459
6257	9662
6265	6566
6265	9333
6265	9922
6265	9960
6267	4727
6285	8999
6285	9323
6289	3226
6289	4622
6289	8160
6289	9974
6293	2828
6293	3139
6293	4762
6293	5297
6293	5575
6293	7685
6293	9977
6325	3914
6325	4295
6325	9169
6325	9759
6334	7260
6334	7571
6334	7641
6334	9405
6334	9595
6347	7025
6347	7558
6347	8461
6347	9431
6347	9615
6347	9803
6366	2485
6366	3975
6366	5472
6366	7571
6366	7735
6366	8720
6366	9129
6366	9405
6366	9521
6366	9635
6401	257
6401	4495
6401	8189
6401	9314
6443	952
6443	3286
6443	7883
6443	9270
6443	9876
6446	1951
6446	8122
6446	9161
6446	9793
6449	5417
6449	9308
6449	9847
6458	5248
6458	7263
6458	8332
6464	4845
6464	6019
6464	6713
6469	364
6469	1665
6469	6704
6469	7687
6469	8075
6469	8324
6469	9377
6469	9506
6469	9885
6478	4757
6480	4215
6480	4223
6480	5703
6480	9703
6480	9850
6487	364
6487	936
6487	4223
6487	5641
6487	6933
6487	8895
6487	9852
6501	3231
6501	3647
6501	6660
6501	8122
6501	8575
6501	8954
6501	9216
6501	9539
6501	9741
6501	9751
6501	9766
6523	686
6523	3445
6523	6185
6523	9241
6523	9852
6523	9917
6528	1259
6528	4292
6528	9173
6528	9922
6530	5371
6530	8934
6530	9089
6552	1576
6552	1795
6552	3855
6552	5594
6552	7910
6552	8050
6552	8079
6552	8709
6552	9152
6552	9157
6552	9200
6552	9570
6559	4131
6559	8719
6559	8805
6559	9410
6564	1615
6564	3445
6564	3866
6564	4307
6564	4893
6564	5648
6564	7469
6564	7827
6564	8721
6564	8796
6564	8835
6564	8936
6564	9746
6564	9780
6566	5832
6566	5996
6566	6265
6566	8444
6566	9176
6566	9953
6583	1018
6586	7839
6586	9532
6586	9916
6588	8602
6596	8200
6596	8624
6596	9584
6596	9688
6603	7126
6603	7766
6603	8276
6603	8644
6603	9351
6608	5562
6608	8709
6608	8965
6608	9152
6609	6014
6609	7961
6609	8079
6611	6691
6611	6883
6611	8772
6650	8778
6650	9062
6650	9621
6652	9033
6652	9093
6652	9833
6657	3987
6657	5869
6657	6211
6657	8010
6657	9123
6657	9842
6660	6501
6660	9216
6660	9751
6671	2720
6671	7005
6671	7669
6671	8372
6671	8477
6671	8816
6678	6892
6691	4131
6691	5447
6691	6611
6691	6732
6691	6883
6691	8772
6691	9509
6694	2355
6694	8895
6694	9351
6695	4781
6695	5131
6695	6704
6695	7454
6695	8134
6695	9049
6695	9596
6695	9804
6699	3231
6699	3647
6699	9741
6699	9751
6701	7222
6701	7766
6701	8812
6701	9977
6704	1600
6704	5676
6704	6469
6704	6695
6704	7774
6704	7900
6704	8513
6704	8881
6704	9118
6713	6464
6713	7126
6724	3800
6724	7571
6725	7132
6725	9049
6732	6691
6732	7430
6732	8050
6732	8772
6740	7766
6740	7907
6740	9072
6740	9595
6740	9830
6754	9502
6754	9676
6773	907
6773	3178
6773	7260
6773	7571
6773	7629
6773	7735
6773	8332
6773	9089
6773	9129
6773	9405
6795	3286
6795	5248
6795	9029
6795	9660
6804	4343
6804	6031
6804	8523
6804	8960
6804	9169
6820	5289
6820	7529
6821	1741
6821	7241
6821	8744
6821	9531
6821	9973
6825	7078
6825	9747
6825	9887
6840	3286
6840	9660
6841	7153
6841	7536
6841	7774
6841	8055
6841	8110
6841	8200
6860	1891
6860	9998
6861	4025
6861	7005
6861	9445
6861	9494
6861	9803
6861	9974
6863	5370
6863	5529
6863	9153
6871	5288
6871	8951
6871	9093
6871	9281
6871	9812
6871	9833
6871	9839
6871	9997
6873	3133
6873	3766
6873	5575
6873	8675
6873	9053
6873	9321
6883	2393
6883	4162
6883	5447
6883	6611
6883	6691
6883	8772
6886	2238
6886	5877
6886	6145
6886	7477
6886	8809
6886	9377
6886	9397
6886	9885
6892	6185
6892	6678
6892	7157
6892	8029
6892	9977
6902	6155
6902	7727
6902	8527
6902	8970
6902	9908
6933	1176
6933	3037
6933	3552
6933	6145
6933	6487
6933	8484
6933	8895
6933	9852
6935	7634
6935	8794
6935	9000
6935	9343
6941	4017
6941	9812
6970	5245
6970	7602
6984	987
6984	3814
6984	4273
6984	5703
6984	5918
6984	8091
6984	8392
6984	8627
6984	8636
6984	8858
6987	5090
6987	7020
6987	8083
6987	8454
6987	9049
6987	9954
7005	6671
7005	6861
7005	9399
7005	9445
7005	9494
7005	9621
7005	9803
7006	8843
7006	9360
7006	9431
7006	9543
7009	9780
7010	9241
7010	9621
7017	7571
7017	8421
7017	9072
7017	9077
7017	9453
7017	9577
7017	9584
7017	9689
7017	9810
7020	5529
7020	6987
7020	9954
7025	2905
7025	5249
7025	6347
7031	3286
7031	9123
7031	9660
7045	5611
7045	7260
7045	7808
7045	8417
7045	8728
7045	9281
7045	9904
7055	9093
7055	9839
7059	7477
7059	8075
7059	8324
7059	9377
7059	9885
7066	5676
7066	5848
7066	8965
7076	2905
7076	5249
7076	7558
7076	8050
7076	8461
7076	9431
7078	4357
7078	6825
7078	8029
7078	8316
7078	8504
7078	9668
7078	9887
7083	7695
7083	8504
7083	9155
7083	9261
7083	9543
7083	9699
7085	7695
7085	9155
7085	9360
7085	9699
7085	9815
7096	3704
7096	4161
7096	6113
7113	5869
7123	34
7124	5295
7124	7782
7124	9532
7124	9840
7126	5391
7126	6603
7126	6713
7126	8010
7132	1957
7132	6725
7132	9049
7132	9703
7153	5575
7153	5670
7153	5779
7153	6841
7153	7932
7153	8110
7153	8200
7157	6892
7157	8487
7157	9585
7179	8316
7179	9402
7179	9912
7186	5570
7186	7430
7186	9241
7186	9300
7186	9378
7197	5589
7211	6014
7211	9322
7211	9950
7222	6701
7222	7766
7222	9840
7236	136
7236	4017
7236	7431
7236	7466
7236	7594
7236	8885
7236	9004
7236	9182
7236	9374
7236	9539
7236	9958
7241	6821
7241	9004
7241	9278
7241	9973
7244	2657
7244	9161
7246	6138
7246	8465
7246	8615
7246	9402
7258	2672
7258	4061
7258	8501
7260	4573
7260	6334
7260	6773
7260	7045
7260	7641
7260	9129
7260	9405
7260	9635
7262	4862
7262	4917
7262	6162
7262	7727
7262	8527
7262	8960
7262	9908
7263	1891
7263	2900
7263	6458
7263	7808
7263	8196
7263	8332
7263	9336
7263	9852
7275	927
7275	3645
7275	8324
7275	9818
7304	622
7304	4223
7304	4436
7304	9101
7311	8485
7311	9847
7324	2672
7328	7529
7328	8557
7328	8973
7328	9223
7328	9295
7328	9336
7328	9991
7343	7591
7348	4307
7348	8557
7348	8728
7348	9223
7348	9991
7351	907
7359	8484
7359	8721
7359	9277
7359	9746
7359	9780
7367	5589
7369	8332
7376	2238
7376	4949
7376	5245
7376	8484
7388	34
7388	172
7388	5394
7388	9776
7388	9985
7396	6022
7396	8527
7396	9360
7396	9735
7397	4757
7397	8122
7397	9274
7397	9916
7400	9387
7400	9658
7400	9908
7401	8295
7430	5447
7430	6732
7430	7186
7430	8772
7430	9922
7431	575
7431	6257
7431	7236
7431	8885
7431	9182
7431	9374
7431	9421
7431	9694
7434	1730
7434	3445
7441	9658
7452	136
7452	1951
7452	4160
7452	8934
7452	9340
7454	6695
7454	9501
7454	9506
7454	9621
7459	7687
7459	9072
7459	9077
7459	9223
7459	9343
7459	9453
7459	9577
7459	9689
7459	9810
7466	7236
7466	8998
7469	6564
7469	8721
7469	8936
7469	9277
7469	9746
7469	9780
7477	5877
7477	6886
7477	7059
7477	7687
7477	8324
7477	9377
7477	9885
7502	5788
7502	8812
7502	9242
7502	9308
7512	1174
7512	7950
7512	8960
7512	9013
7512	9802
7529	1262
7529	2322
7529	3987
7529	5251
7529	6820
7529	7328
7529	8160
7529	8519
7529	8728
7529	8973
7529	9223
7529	9360
7529	9991
7533	5635
7533	9399
7533	9621
7533	9803
7536	1229
7536	3292
7536	6841
7536	8055
7536	8624
7536	9584
7537	9421
7537	9508
7558	5245
7558	6002
7558	6347
7558	7076
7558	8461
7558	9041
7558	9400
7558	9431
7571	4357
7571	5676
7571	6334
7571	6366
7571	6724
7571	6773
7571	7017
7571	9129
7571	9405
7571	9635
7583	1844
7583	8960
7583	9663
7585	1827
7585	8974
7585	9197
7585	9933
7586	1615
7586	9596
7586	9997
7591	5472
7591	7343
7591	7629
7591	7641
7591	8867
7591	9089
7591	9405
7591	9635
7594	7236
7594	8222
7595	3133
7595	5083
7595	9532
7602	5952
7602	6970
7602	9351
7604	6143
7604	6166
7604	9402
7610	3992
7610	5918
7629	1402
7629	4757
7629	6773
7629	7591
7629	7735
7629	9089
7629	9101
7629	9129
7629	9199
7629	9256
7629	9405
7629	9635
7629	9852
7634	6935
7634	9343
7634	9629
7641	4662
7641	5883
7641	6334
7641	7260
7641	7591
7641	7735
7641	9089
7641	9129
7641	9360
7648	6070
7648	7900
7648	8527
7648	9908
7665	1095
7665	3750
7665	9513
7665	9865
7666	1198
7666	4785
7666	9973
7668	791
7668	8110
7669	1006
7669	1800
7669	2410
7669	4134
7669	4556
7669	4750
7669	4785
7669	6671
7669	8636
7669	8858
7669	9615
7685	89
7685	4949
7685	5297
7685	6293
7685	8869
7685	9812
7687	748
7687	1176
7687	1665
7687	3647
7687	5877
7687	6469
7687	7459
7687	7477
7687	8075
7687	8347
7687	9885
7695	5570
7695	6031
7695	6055
7695	7083
7695	7085
7695	8504
7695	8999
7695	9155
7695	9699
7695	9915
7698	9912
7698	9915
7721	748
7721	8136
7721	8797
7721	9009
7723	5529
7723	9741
7723	9915
7724	2720
7724	2936
7724	8372
7724	8816
7724	9285
7727	6902
7727	7262
7727	9908
7735	1402
7735	1629
7735	3839
7735	4662
7735	6366
7735	6773
7735	7629
7735	7641
7735	9089
7735	9150
7735	9635
7735	9735
7735	9759
7744	1843
7744	8336
7744	8519
7753	5245
7766	5623
7766	6603
7766	6701
7766	6740
7766	7222
7766	7980
7766	9632
7766	9793
7774	141
7774	3411
7774	3998
7774	4573
7774	5529
7774	6704
7774	6841
7774	8513
7774	8881
7774	9011
7774	9118
7774	9532
7782	276
7782	481
7782	4961
7782	5529
7782	5676
7782	5832
7782	6136
7782	7124
7782	8391
7782	8513
7782	8881
7782	9118
7785	3645
7785	4948
7785	5394
7785	6019
7785	8008
7785	9876
7785	9917
7785	9985
7803	5839
7803	6005
7803	8267
7803	8636
7803	9336
7803	9699
7806	2676
7808	4523
7808	7045
7808	7263
7809	1223
7809	8661
7809	9077
7809	9343
7809	9833
7809	9850
7827	3941
7827	6564
7829	1184
7839	4295
7839	6586
7839	9169
7839	9585
7839	9663
7839	9759
7860	3139
7860	5434
7860	5974
7860	6147
7867	1229
7867	1636
7867	3866
7867	4481
7867	5447
7867	5562
7867	8709
7867	8965
7867	9152
7867	9544
7867	9661
7875	4637
7875	9747
7877	3129
7877	6143
7880	3286
7883	2280
7883	6443
7883	9270
7883	9663
7900	550
7900	6704
7900	7648
7900	9328
7900	9990
7903	3202
7903	8260
7903	8523
7903	9169
7903	9357
7903	9387
7903	9585
7903	9688
7903	9759
7907	3129
7907	6740
7907	8083
7907	9285
7907	9668
7907	9917
7910	6552
7910	9536
7910	9676
7917	209
7917	2135
7918	5848
7925	2987
7925	8954
7925	9054
7925	9123
7925	9357
7925	9609
7925	9891
7932	4343
7932	7153
7932	8110
7932	8131
7932	8200
7932	8624
7932	9584
7948	674
7948	2789
7948	5297
7948	8010
7948	8246
7948	9436
7948	9933
7950	7512
7950	8430
7950	9229
7950	9595
7961	5562
7961	6609
7961	8692
7961	9954
7966	4850
7972	3139
7972	9624
7980	7766
7980	8131
7980	9865
7984	1600
7989	8602
7989	9870
7996	1259
7996	4682
7996	4845
7996	5562
7996	9255
7996	9261
8008	2676
8008	7785
8008	8843
8010	435
8010	607
8010	3704
8010	4319
8010	5869
8010	6211
8010	6657
8010	7126
8010	7948
8010	8400
8010	8811
8010	9123
8010	9281
8010	9842
8029	6892
8029	7078
8029	9766
8029	9977
8040	748
8040	9694
8050	1438
8050	6138
8050	6552
8050	6732
8050	7076
8050	8772
8053	4637
8053	4906
8053	8276
8053	9123
8053	9185
8053	9842
8055	3022
8055	6226
8055	6841
8055	7536
8075	5543
8075	5877
8075	6469
8075	7059
8075	7687
8075	8636
8075	9377
8075	9885
8079	6552
8079	6609
8079	9585
8083	2280
8083	6987
8083	7907
8091	458
8091	2527
8091	3700
8091	4025
8091	4134
8091	4785
8091	4948
8091	5611
8091	5800
8091	5918
8091	6984
8091	8636
8091	8777
8091	8815
8091	8858
8091	9615
8091	9891
8092	14
8092	5589
8092	8885
8092	8970
8092	9316
8092	9374
8092	9421
8092	9539
8092	9912
8092	9958
8094	34
8110	1229
8110	5670
8110	6841
8110	7153
8110	7668
8110	7932
8110	9047
8110	9584
8122	6446
8122	6501
8122	7397
8122	8336
8122	9741
8122	9751
8131	1265
8131	7932
8131	7980
8131	8421
8131	9308
8131	9387
8133	1692
8133	5635
8133	5641
8133	8825
8133	8965
8133	9399
8133	9445
8133	9494
8133	9621
8134	3675
8134	4781
8134	6695
8134	9323
8134	9968
8136	6136
8136	7721
8136	8200
8136	8835
8136	9526
8160	4049
8160	4622
8160	6289
8160	7529
8160	8636
8180	8602
8182	9402
8182	9632
8182	9689
8189	5238
8189	6401
8189	8474
8189	8697
8192	468
8192	9459
8192	9735
8192	9842
8196	1891
8196	7263
8196	8332
8196	9968
8200	1097
8200	3022
8200	3715
8200	4757
8200	5045
8200	5670
8200	5746
8200	6226
8200	6596
8200	6841
8200	7153
8200	7932
8200	8136
8200	9047
8200	9241
8200	9420
8200	9556
8200	9584
8200	9716
8200	9898
8211	5570
8222	1957
8222	7594
8222	8692
8222	9912
8222	9915
8223	9387
8246	1957
8246	7948
8260	3689
8260	5404
8260	7903
8260	8794
8267	5839
8267	6005
8267	7803
8267	9336
8276	3900
8276	3992
8276	6603
8276	8053
8276	8644
8276	9146
8291	9077
8295	1484
8295	4752
8295	7401
8295	9169
8295	9182
8295	9401
8316	7078
8316	7179
8324	987
8324	1176
8324	3704
8324	5543
8324	6469
8324	7059
8324	7275
8324	7477
8324	9377
8324	9865
8324	9885
8324	9887
8332	1891
8332	5445
8332	5996
8332	6138
8332	6458
8332	6773
8332	7263
8332	7369
8332	8196
8332	9585
8336	4725
8336	7744
8336	8122
8340	5621
8340	9354
8340	9815
8347	2320
8347	7687
8347	9539
8370	8547
8370	9595
8370	9977
8372	6257
8372	6671
8372	7724
8372	8816
8372	9891
8391	228
8391	1506
8391	4161
8391	7782
8392	1512
8392	3814
8392	4343
8392	4556
8392	4950
8392	5066
8392	5918
8392	6984
8392	8636
8392	9615
8400	8010
8400	9658
8408	5288
8408	9256
8408	9273
8417	7045
8417	8692
8417	8951
8417	9093
8417	9453
8417	9833
8417	9904
8421	1730
8421	2808
8421	4030
8421	4387
8421	5015
8421	7017
8421	8131
8421	8775
8421	8812
8421	9333
8421	9401
8421	9799
8421	9870
8430	2830
8430	4327
8430	7950
8430	9985
8444	6566
8444	9333
8444	9621
8444	9960
8454	3645
8454	6987
8461	4232
8461	4785
8461	5245
8461	6347
8461	7076
8461	7558
8461	9431
8461	9847
8465	7246
8465	9049
8465	9804
8466	3851
8466	5832
8466	6005
8466	8675
8466	9922
8466	9941
8474	3382
8474	8189
8474	8981
8474	9214
8477	5297
8477	6671
8477	9214
8484	1843
8484	6933
8484	7359
8484	7376
8485	714
8485	5249
8485	7311
8485	9012
8485	9439
8485	9929
8487	4272
8487	5703
8487	7157
8501	2773
8501	7258
8501	8907
8501	9354
8504	6055
8504	7078
8504	7083
8504	7695
8504	9155
8504	9699
8510	3689
8510	3766
8510	5343
8510	5575
8510	9053
8510	9321
8510	9421
8512	4025
8512	6132
8512	9064
8512	9511
8512	9922
8513	141
8513	481
8513	3411
8513	5529
8513	6006
8513	6136
8513	6704
8513	7774
8513	7782
8513	8881
8513	9118
8519	7529
8519	7744
8523	3202
8523	6804
8523	7903
8523	8960
8523	9004
8523	9012
8523	9357
8523	9585
8523	9759
8526	1018
8526	2273
8527	2830
8527	3500
8527	4986
8527	6902
8527	7262
8527	7396
8527	7648
8527	9328
8527	9378
8527	9445
8527	9908
8547	8370
8547	8934
8547	9718
8555	1665
8555	8966
8555	9531
8555	9812
8555	9974
8557	109
8557	7328
8557	7348
8557	8728
8557	8885
8557	8973
8557	9223
8557	9343
8557	9526
8557	9539
8557	9839
8559	743
8559	5609
8559	9676
8575	6501
8588	468
8588	9459
8588	9662
8588	9735
8602	4727
8602	6588
8602	7989
8602	8180
8612	1237
8612	1504
8612	8692
8612	9013
8612	9027
8612	9127
8612	9255
8612	9281
8612	9316
8612	9577
8615	2130
8615	7246
8615	8861
8615	8987
8615	9033
8615	9629
8615	9660
8615	9728
8615	9876
8621	9501
8621	9632
8624	5670
8624	6596
8624	7536
8624	7932
8626	1176
8626	5788
8627	672
8627	1018
8627	1790
8627	4773
8627	6984
8627	9873
8636	1800
8636	4727
8636	5066
8636	5703
8636	5800
8636	6984
8636	7669
8636	7803
8636	8075
8636	8091
8636	8160
8636	8392
8636	8858
8636	8981
8636	9615
8636	9839
8644	3129
8644	6603
8644	8276
8644	8675
8644	9668
8648	5869
8661	2524
8661	3766
8661	7809
8661	9536
8661	9625
8675	1901
8675	3881
8675	3900
8675	6873
8675	8466
8675	8644
8675	8811
8691	4813
8691	9176
8691	9223
8691	9273
8692	364
8692	7961
8692	8222
8692	8417
8692	8612
8692	9013
8692	9027
8692	9127
8692	9255
8692	9316
8692	9780
8694	1223
8694	3199
8694	6162
8697	2223
8697	5238
8697	8189
8697	9214
8697	9273
8697	9440
8698	9532
8698	9780
8709	3855
8709	6552
8709	6608
8709	7867
8709	8965
8709	9508
8709	9662
8709	9974
8715	907
8715	5048
8715	9095
8719	2657
8719	2703
8719	3881
8719	4061
8719	5289
8719	6559
8719	9185
8719	9410
8719	9438
8719	9663
8720	481
8720	2018
8720	6366
8720	9465
8721	6564
8721	7359
8721	7469
8721	8796
8721	8936
8721	8960
8721	9746
8721	9780
8726	4025
8726	9635
8726	9694
8728	7045
8728	7348
8728	7529
8728	8557
8728	9223
8728	9991
8744	6821
8744	9658
8772	1438
8772	4570
8772	5611
8772	6611
8772	6691
8772	6732
8772	6883
8772	7430
8772	8050
8772	9941
8775	468
8775	4387
8775	5793
8775	8421
8775	9870
8777	8091
8778	1957
8778	4917
8778	6650
8784	9402
8784	9531
8784	9687
8794	801
8794	3129
8794	3975
8794	6935
8794	8260
8794	9343
8794	9570
8796	758
8796	2183
8796	4307
8796	6564
8796	8721
8796	8936
8796	9277
8796	9746
8796	9780
8797	748
8797	3161
8797	7721
8797	8907
8797	9009
8805	15
8805	3151
8805	6559
8805	9410
8809	6886
8809	9195
8809	9354
8809	9985
8811	6070
8811	8010
8811	8675
8812	5788
8812	6701
8812	7502
8812	8421
8812	9009
8815	8091
8815	9847
8816	1856
8816	6671
8816	7724
8816	8372
8816	9274
8816	9746
8816	9766
8825	8133
8825	9399
8825	9870
8835	6564
8835	8136
8835	9077
8835	9526
8835	9694
8843	2676
8843	7006
8843	8008
8858	1512
8858	2527
8858	3814
8858	4134
8858	4556
8858	4727
8858	5066
8858	5703
8858	6984
8858	7669
8858	8091
8858	8636
8858	9615
8861	8615
8861	9236
8861	9629
8861	9870
8867	7591
8867	8999
8867	9793
8867	9887
8867	9916
8869	4892
8869	7685
8869	9118
8870	1951
8870	5371
8870	8934
8870	9986
8878	1984
8878	3704
8878	6132
8878	9917
8881	1051
8881	3411
8881	3998
8881	5676
8881	6136
8881	6704
8881	7774
8881	7782
8881	8513
8881	9118
8881	9126
8885	5589
8885	7236
8885	7431
8885	8092
8885	8557
8885	9155
8885	9421
8885	9459
8885	9539
8885	9958
8890	6147
8890	9129
8895	3037
8895	3552
8895	4495
8895	6487
8895	6694
8895	6933
8895	9852
8895	9941
8907	4725
8907	8501
8907	8797
8907	9539
8929	1184
8929	2741
8929	2773
8929	9536
8934	1730
8934	1951
8934	4160
8934	6051
8934	6530
8934	7452
8934	8547
8934	8870
8934	9101
8934	9802
8934	9986
8936	1992
8936	3445
8936	6564
8936	7469
8936	8721
8936	8796
8936	9780
8951	6871
8951	8417
8951	9281
8951	9833
8951	9904
8954	364
8954	5144
8954	6501
8954	7925
8954	9891
8960	1805
8960	6031
8960	6804
8960	7262
8960	7512
8960	7583
8960	8523
8960	8721
8960	9012
8960	9169
8960	9357
8960	9585
8960	9759
8965	722
8965	3569
8965	3855
8965	5562
8965	6608
8965	7066
8965	7867
8965	8133
8965	8709
8965	9152
8965	9281
8965	9998
8966	8555
8966	9095
8966	9453
8966	9511
8966	9531
8966	9688
8966	9812
8970	6902
8970	8092
8970	9539
8970	9916
8973	109
8973	5434
8973	7328
8973	7529
8973	8557
8973	9991
8974	1827
8974	4819
8974	7585
8974	9197
8974	9933
8981	2320
8981	5192
8981	8474
8981	8636
8981	9887
8987	3506
8987	8615
8987	9089
8987	9155
8987	9876
8998	2672
8998	5301
8998	7466
8999	6285
8999	7695
8999	8867
8999	9531
8999	9793
9000	1844
9000	2283
9000	3006
9000	6935
9000	9833
9004	7236
9004	7241
9004	8523
9004	9278
9004	9973
9009	748
9009	7721
9009	8797
9009	8812
9009	9323
9011	423
9011	1267
9011	5585
9011	5719
9011	7774
9011	9830
9012	3202
9012	8485
9012	8523
9012	8960
9012	9357
9012	9440
9012	9585
9012	9759
9013	34
9013	249
9013	1237
9013	7512
9013	8612
9013	8692
9013	9027
9013	9127
9013	9255
9013	9316
9013	9494
9016	743
9016	1615
9016	1717
9016	9321
9016	9908
9027	34
9027	1237
9027	1504
9027	8612
9027	8692
9027	9013
9027	9127
9027	9255
9027	9316
9027	9438
9027	9922
9029	3286
9029	6795
9029	9660
9033	4622
9033	6652
9033	8615
9033	9624
9041	3161
9041	4142
9041	5433
9041	7558
9041	9261
9041	9663
9047	3022
9047	5295
9047	6022
9047	8110
9047	8200
9047	9584
9047	9747
9049	575
9049	1506
9049	4948
9049	6695
9049	6725
9049	6987
9049	7132
9049	8465
9049	9531
9049	9703
9053	2936
9053	3689
9053	3766
9053	6873
9053	8510
9053	9321
9053	9954
9054	1683
9054	2987
9054	5611
9054	7925
9054	9609
9054	9891
9062	3445
9062	6650
9062	9521
9062	9799
9064	8512
9064	9718
9064	9986
9072	72
9072	249
9072	2194
9072	4706
9072	6740
9072	7017
9072	7459
9072	9077
9072	9285
9072	9453
9072	9689
9072	9810
9072	9916
9072	9973
9077	1822
9077	2983
9077	3151
9077	4030
9077	4140
9077	5195
9077	7017
9077	7459
9077	7809
9077	8291
9077	8835
9077	9072
9077	9453
9077	9577
9077	9689
9077	9810
9089	1506
9089	1629
9089	3941
9089	4573
9089	6530
9089	6773
9089	7591
9089	7629
9089	7641
9089	7735
9089	8987
9089	9129
9089	9405
9093	5192
9093	5788
9093	6652
9093	6871
9093	7055
9093	8417
9093	9904
9095	907
9095	4906
9095	5048
9095	8715
9095	8966
9101	7304
9101	7629
9101	8934
9101	9401
9107	2812
9107	9150
9107	9397
9118	141
9118	1950
9118	5529
9118	5676
9118	5832
9118	6136
9118	6704
9118	7774
9118	7782
9118	8513
9118	8869
9118	8881
9118	9229
9118	9584
9123	607
9123	5869
9123	6211
9123	6657
9123	7031
9123	7925
9123	8010
9123	8053
9123	9842
9126	5195
9126	8881
9126	9308
9126	9834
9126	9922
9127	34
9127	1504
9127	8612
9127	8692
9127	9013
9127	9027
9127	9255
9127	9285
9127	9316
9127	9804
9129	1402
9129	3292
9129	4573
9129	5472
9129	6366
9129	6773
9129	7260
9129	7571
9129	7629
9129	7641
9129	8890
9129	9089
9129	9405
9129	9532
9129	9920
9146	2135
9146	8276
9146	9539
9150	7735
9150	9107
9150	9920
9150	9985
9152	1636
9152	2331
9152	3855
9152	5421
9152	5562
9152	6552
9152	6608
9152	7867
9152	8965
9152	9550
9152	9860
9153	4570
9153	6863
9155	7083
9155	7085
9155	7695
9155	8504
9155	8885
9155	8987
9155	9436
9155	9699
9157	6552
9157	9169
9157	9261
9161	5671
9161	6446
9161	7244
9161	9278
9161	9400
9161	9661
9169	3202
9169	3771
9169	4223
9169	6031
9169	6325
9169	6804
9169	7839
9169	7903
9169	8295
9169	8960
9169	9157
9169	9357
9169	9431
9169	9585
9169	9759
9172	4725
9172	9615
9172	9776
9173	3839
9173	6528
9173	9387
9173	9922
9176	2789
9176	5249
9176	5676
9176	6566
9176	8691
9182	14
9182	575
9182	7236
9182	7431
9182	8295
9182	9374
9182	9421
9182	9539
9182	9958
9185	2320
9185	8053
9185	8719
9185	9438
9195	3800
9195	5670
9195	8809
9195	9459
9197	1827
9197	2280
9197	7585
9197	8974
9197	9933
9199	2773
9199	4893
9199	7629
9199	9402
9199	9590
9199	9699
9200	6552
9200	9438
9200	9676
9214	2223
9214	8474
9214	8477
9214	8697
9214	9216
9214	9273
9214	9314
9216	4481
9216	5671
9216	6501
9216	6660
9216	9214
9216	9741
9216	9751
9223	2842
9223	5529
9223	7328
9223	7348
9223	7459
9223	7529
9223	8557
9223	8691
9223	8728
9223	9751
9229	5670
9229	7950
9229	9118
9229	9333
9236	5472
9236	6232
9236	8861
9236	9741
9241	6523
9241	7010
9241	7186
9241	8200
9241	9300
9241	9378
9242	7502
9242	9536
9242	9658
9255	1237
9255	1504
9255	1992
9255	7996
9255	8612
9255	8692
9255	9013
9255	9027
9255	9127
9255	9316
9256	7629
9256	8408
9261	4682
9261	4845
9261	5433
9261	6095
9261	7083
9261	7996
9261	9041
9261	9157
9261	9803
9270	228
9270	2897
9270	3226
9270	4292
9270	6443
9270	7883
9270	9920
9270	9968
9273	588
9273	2657
9273	3382
9273	5238
9273	8408
9273	8691
9273	8697
9273	9214
9273	9847
9274	4136
9274	4757
9274	7397
9274	8816
9277	1992
9277	2183
9277	3445
9277	4307
9277	6257
9277	7359
9277	7469
9277	8796
9277	9285
9277	9596
9277	9746
9277	9780
9278	2524
9278	5594
9278	5703
9278	7241
9278	9004
9278	9161
9278	9973
9281	444
9281	3286
9281	5611
9281	6871
9281	7045
9281	8010
9281	8612
9281	8951
9281	8965
9281	9615
9281	9839
9281	9904
9285	7724
9285	7907
9285	9072
9285	9127
9285	9277
9285	9624
9285	9917
9295	7328
9295	9723
9295	9916
9300	5472
9300	7186
9300	9241
9300	9378
9308	1265
9308	1843
9308	4892
9308	5788
9308	6155
9308	6449
9308	7502
9308	8131
9308	9126
9308	9401
9308	9847
9314	6401
9314	9214
9314	9321
9314	9536
9316	34
9316	8092
9316	8612
9316	8692
9316	9013
9316	9027
9316	9127
9316	9255
9316	9770
9321	1438
9321	2936
9321	3689
9321	3766
9321	3866
9321	5343
9321	5575
9321	6873
9321	8510
9321	9016
9321	9053
9321	9314
9322	4017
9322	7211
9322	9397
9322	9780
9323	5575
9323	6285
9323	8134
9323	9009
9323	9553
9323	9596
9328	7900
9328	8527
9328	9550
9328	9780
9328	9990
9333	6265
9333	8421
9333	8444
9333	9229
9333	9735
9333	9960
9336	481
9336	5839
9336	6005
9336	7263
9336	7328
9336	7803
9336	8267
9340	7452
9340	9436
9340	9596
9340	9632
9340	9687
9340	9776
9340	9960
9343	801
9343	3645
9343	4491
9343	5166
9343	6935
9343	7459
9343	7634
9343	7809
9343	8557
9343	8794
9351	2355
9351	6603
9351	6694
9351	7602
9351	9904
9354	8340
9354	8501
9354	8809
9354	9436
9354	9929
9357	3202
9357	5404
9357	7903
9357	7925
9357	8523
9357	8960
9357	9012
9357	9169
9357	9402
9357	9512
9357	9585
9357	9759
9360	2812
9360	4491
9360	7006
9360	7085
9360	7396
9360	7529
9360	7641
9360	9553
9374	575
9374	7236
9374	7431
9374	8092
9374	9182
9374	9958
9377	118
9377	364
9377	987
9377	1665
9377	5543
9377	5877
9377	6469
9377	6886
9377	7059
9377	7477
9377	8075
9377	8324
9377	9556
9377	9885
9378	7186
9378	8527
9378	9241
9378	9300
9378	9621
9378	9885
9380	9440
9380	9509
9380	9802
9380	9948
9380	9967
9387	2194
9387	5735
9387	7400
9387	7903
9387	8131
9387	8223
9387	9173
9387	9768
9397	1901
9397	6886
9397	9107
9397	9322
9397	9501
9399	4725
9399	5371
9399	5635
9399	7005
9399	7533
9399	8133
9399	8825
9399	9445
9399	9494
9399	9621
9399	9803
9400	7558
9400	9161
9401	8295
9401	8421
9401	9101
9401	9308
9401	9847
9402	435
9402	1350
9402	4441
9402	5404
9402	5660
9402	7179
9402	7246
9402	7604
9402	8182
9402	8784
9402	9199
9402	9357
9402	9543
9402	9585
9405	1504
9405	1629
9405	1856
9405	3668
9405	4662
9405	6334
9405	6366
9405	6773
9405	7260
9405	7571
9405	7591
9405	7629
9405	9089
9405	9129
9405	9635
9410	1198
9410	1429
9410	1541
9410	3012
9410	3151
9410	4061
9410	4131
9410	5289
9410	5297
9410	5423
9410	6147
9410	6559
9410	8719
9410	8805
9410	9501
9420	8200
9420	9436
9420	9459
9421	4017
9421	4025
9421	7431
9421	7537
9421	8092
9421	8510
9421	8885
9421	9182
9421	9539
9421	9958
9421	9997
9431	1600
9431	2905
9431	5245
9431	5249
9431	6347
9431	7006
9431	7076
9431	7558
9431	8461
9431	9169
9431	9676
9431	9948
9436	674
9436	2789
9436	5404
9436	7948
9436	9155
9436	9340
9436	9354
9436	9420
9436	9511
9438	3673
9438	8719
9438	9027
9438	9185
9438	9200
9438	9839
9439	2183
9439	3914
9439	5609
9439	8485
9439	9998
9440	4017
9440	8697
9440	9012
9440	9380
9440	9509
9440	9776
9440	9802
9440	9967
9445	885
9445	3433
9445	4025
9445	4725
9445	6861
9445	7005
9445	8133
9445	8527
9445	9399
9445	9494
9445	9621
9445	9803
9445	9804
9453	72
9453	1822
9453	2153
9453	4706
9453	7017
9453	7459
9453	8417
9453	8966
9453	9072
9453	9077
9453	9577
9453	9689
9453	9810
9459	3231
9459	4272
9459	6257
9459	8192
9459	8588
9459	8885
9459	9195
9459	9420
9459	9662
9465	2018
9465	8720
9465	9590
9465	9850
9494	1692
9494	1984
9494	2936
9494	4025
9494	5635
9494	6861
9494	7005
9494	8133
9494	9013
9494	9399
9494	9445
9494	9621
9494	9803
9494	9898
9501	7454
9501	8621
9501	9397
9501	9410
9502	2572
9502	3037
9502	4232
9502	4850
9502	5090
9502	5295
9502	5992
9502	6754
9502	9560
9506	1827
9506	4727
9506	6469
9506	7454
9506	9687
9508	3814
9508	7537
9508	8709
9509	6187
9509	6691
9509	9380
9509	9440
9509	9735
9509	9802
9509	9891
9509	9967
9511	6132
9511	8512
9511	8966
9511	9436
9511	9513
9511	9830
9512	3800
9512	4140
9512	5343
9512	9357
9513	1095
9513	3750
9513	5229
9513	6226
9513	7665
9513	9511
9513	9687
9521	6366
9521	9062
9526	2812
9526	8136
9526	8557
9526	8835
9531	1267
9531	6821
9531	8555
9531	8784
9531	8966
9531	8999
9531	9049
9531	9688
9531	9812
9531	9865
9531	9974
9532	6586
9532	7124
9532	7595
9532	7774
9532	8698
9532	9129
9536	1184
9536	1223
9536	7910
9536	8661
9536	8929
9536	9242
9536	9314
9539	3072
9539	4017
9539	5610
9539	6501
9539	7236
9539	8092
9539	8347
9539	8557
9539	8885
9539	8907
9539	8970
9539	9146
9539	9182
9539	9421
9539	9860
9539	9958
9543	1665
9543	3202
9543	7006
9543	7083
9543	9402
9543	9553
9543	9986
9544	7867
9550	550
9550	758
9550	1795
9550	3467
9550	3921
9550	9152
9550	9328
9550	9920
9553	257
9553	2812
9553	6022
9553	9323
9553	9360
9553	9543
9556	4049
9556	8200
9556	9377
9556	9917
9560	1095
9560	5589
9560	6080
9560	9502
9560	9703
9570	3012
9570	6552
9570	8794
9577	1822
9577	2153
9577	4706
9577	7017
9577	7459
9577	8612
9577	9077
9577	9453
9577	9689
9577	9810
9577	9860
9584	1015
9584	3715
9584	5670
9584	6226
9584	6596
9584	7017
9584	7536
9584	7932
9584	8110
9584	8200
9584	9047
9584	9118
9584	9839
9585	686
9585	2283
9585	2672
9585	3771
9585	4162
9585	4295
9585	5569
9585	6031
9585	7157
9585	7839
9585	7903
9585	8079
9585	8332
9585	8523
9585	8960
9585	9012
9585	9169
9585	9357
9585	9402
9585	9759
9590	2773
9590	4893
9590	9199
9590	9465
9590	9780
9595	4757
9595	5581
9595	6334
9595	6740
9595	7950
9595	8370
9595	9812
9596	5131
9596	6695
9596	7586
9596	9277
9596	9323
9596	9340
9596	9917
9609	1683
9609	2987
9609	7925
9609	9054
9609	9891
9615	1006
9615	1800
9615	2311
9615	2410
9615	3178
9615	3814
9615	4727
9615	4785
9615	4950
9615	5066
9615	5800
9615	6347
9615	7669
9615	8091
9615	8392
9615	8636
9615	8858
9615	9172
9615	9281
9621	885
9621	1692
9621	2135
9621	2198
9621	3827
9621	4025
9621	4886
9621	5635
9621	6650
9621	7005
9621	7010
9621	7454
9621	7533
9621	8133
9621	8444
9621	9378
9621	9399
9621	9445
9621	9494
9621	9803
9624	3500
9624	4523
9624	7972
9624	9033
9624	9285
9624	9766
9625	2524
9625	4478
9625	5288
9625	8661
9629	588
9629	1626
9629	7634
9629	8615
9629	8861
9629	9954
9632	1267
9632	5611
9632	7766
9632	8182
9632	8621
9632	9340
9632	9776
9632	9830
9635	4573
9635	5472
9635	6366
9635	7260
9635	7571
9635	7591
9635	7629
9635	7735
9635	8726
9635	9405
9635	9770
9658	763
9658	1600
9658	4140
9658	4606
9658	6143
9658	7400
9658	7441
9658	8400
9658	8744
9658	9242
9660	3286
9660	6795
9660	6840
9660	7031
9660	8615
9660	9029
9661	952
9661	7867
9661	9161
9662	468
9662	3771
9662	4272
9662	4639
9662	6257
9662	8588
9662	8709
9662	9459
9662	9735
9663	3881
9663	7583
9663	7839
9663	7883
9663	8719
9663	9041
9668	7078
9668	7907
9668	8644
9668	9887
9676	2672
9676	5609
9676	6754
9676	7910
9676	8559
9676	9200
9676	9431
9687	3520
9687	5671
9687	8784
9687	9340
9687	9506
9687	9513
9687	9916
9688	2828
9688	3139
9688	5433
9688	5670
9688	5883
9688	6596
9688	7903
9688	8966
9688	9531
9688	9968
9688	9974
9689	72
9689	4706
9689	7017
9689	7459
9689	8182
9689	9072
9689	9077
9689	9453
9689	9577
9689	9810
9694	5848
9694	7431
9694	8040
9694	8726
9694	8835
9699	5248
9699	6055
9699	7083
9699	7085
9699	7695
9699	7803
9699	8504
9699	9155
9699	9199
9703	4948
9703	6145
9703	6480
9703	7132
9703	9049
9703	9560
9703	9850
9716	8200
9716	9904
9718	5421
9718	8547
9718	9064
9723	3771
9723	9295
9723	9922
9728	282
9728	4495
9728	8615
9728	9847
9728	9985
9735	468
9735	7396
9735	7735
9735	8192
9735	8588
9735	9333
9735	9509
9735	9662
9741	444
9741	3231
9741	4481
9741	6501
9741	6699
9741	7723
9741	8122
9741	9216
9741	9236
9741	9751
9746	1992
9746	2183
9746	4307
9746	6564
9746	7359
9746	7469
9746	8721
9746	8796
9746	8816
9746	9277
9746	9780
9747	2194
9747	4637
9747	6825
9747	7875
9747	9047
9751	1179
9751	5045
9751	6501
9751	6660
9751	6699
9751	8122
9751	9216
9751	9223
9751	9741
9751	9803
9751	9830
9759	141
9759	3771
9759	5569
9759	6325
9759	7735
9759	7839
9759	7903
9759	8523
9759	8960
9759	9012
9759	9169
9759	9357
9759	9585
9766	3500
9766	4523
9766	5635
9766	6501
9766	8029
9766	8816
9766	9624
9768	5297
9768	9387
9768	9986
9770	743
9770	9316
9770	9635
9776	5238
9776	7388
9776	9172
9776	9340
9776	9440
9776	9632
9780	1992
9780	3445
9780	3700
9780	4662
9780	6564
9780	7009
9780	7359
9780	7469
9780	8692
9780	8698
9780	8721
9780	8796
9780	8936
9780	9277
9780	9322
9780	9328
9780	9590
9780	9746
9793	6446
9793	7766
9793	8867
9793	8999
9799	5788
9799	5832
9799	8421
9799	9062
9799	9804
9802	3851
9802	5918
9802	7512
9802	8934
9802	9380
9802	9440
9802	9509
9802	9812
9802	9967
9803	885
9803	2135
9803	3151
9803	4725
9803	4917
9803	5589
9803	5635
9803	6347
9803	6861
9803	7005
9803	7533
9803	9261
9803	9399
9803	9445
9803	9494
9803	9621
9803	9751
9804	6695
9804	8465
9804	9127
9804	9445
9804	9799
9810	249
9810	2153
9810	4706
9810	7017
9810	7459
9810	9072
9810	9077
9810	9453
9810	9577
9810	9689
9810	9876
9812	4030
9812	6871
9812	6941
9812	7685
9812	8555
9812	8966
9812	9531
9812	9595
9812	9802
9812	9974
9815	3992
9815	4295
9815	7085
9815	8340
9815	9950
9818	118
9818	5394
9818	6164
9818	7275
9830	423
9830	3851
9830	4622
9830	5585
9830	6740
9830	9011
9830	9511
9830	9632
9830	9751
9830	9973
9833	801
9833	5248
9833	5611
9833	6652
9833	6871
9833	7809
9833	8417
9833	8951
9833	9000
9833	9904
9833	9968
9834	936
9834	2130
9834	2277
9834	5251
9834	5445
9834	9126
9839	4491
9839	5611
9839	5869
9839	6014
9839	6871
9839	7055
9839	8557
9839	8636
9839	9281
9839	9438
9839	9584
9839	9904
9840	4556
9840	5295
9840	7124
9840	7222
9840	9929
9842	607
9842	4906
9842	5869
9842	6657
9842	8010
9842	8053
9842	8192
9842	9123
9847	2077
9847	2152
9847	6449
9847	7311
9847	8461
9847	8815
9847	9273
9847	9308
9847	9401
9847	9728
9850	6480
9850	7809
9850	9465
9850	9703
9852	936
9852	3037
9852	3552
9852	4491
9852	4495
9852	6145
9852	6487
9852	6523
9852	6933
9852	7263
9852	7629
9852	8895
9860	2900
9860	9152
9860	9539
9860	9577
9865	2331
9865	4846
9865	7665
9865	7980
9865	8324
9865	9531
9870	1730
9870	2808
9870	4387
9870	5594
9870	7989
9870	8421
9870	8775
9870	8825
9870	8861
9873	672
9873	4436
9873	5166
9873	8627
9873	9954
9876	6443
9876	7785
9876	8615
9876	8987
9876	9810
9885	118
9885	364
9885	987
9885	1176
9885	1665
9885	1992
9885	2238
9885	2601
9885	3161
9885	5877
9885	6232
9885	6469
9885	6886
9885	7059
9885	7477
9885	7687
9885	8075
9885	8324
9885	9377
9885	9378
9885	9891
9885	9998
9887	5788
9887	6825
9887	7078
9887	8324
9887	8867
9887	8981
9887	9668
9891	1683
9891	2987
9891	4615
9891	5839
9891	7925
9891	8091
9891	8372
9891	8954
9891	9054
9891	9509
9891	9609
9891	9885
9891	9929
9898	8200
9898	9494
9898	9912
9898	9973
9902	1512
9902	3292
9902	4268
9902	5600
9902	9916
9904	5248
9904	7045
9904	8417
9904	8951
9904	9093
9904	9281
9904	9351
9904	9716
9904	9833
9904	9839
9908	2830
9908	6155
9908	6902
9908	7262
9908	7400
9908	7648
9908	7727
9908	8527
9908	9016
9912	3139
9912	6164
9912	7179
9912	7698
9912	8092
9912	8222
9912	9898
9912	9915
9915	5045
9915	7695
9915	7698
9915	7723
9915	8222
9915	9912
9916	5600
9916	6586
9916	7397
9916	8867
9916	8970
9916	9072
9916	9295
9916	9687
9916	9902
9917	3129
9917	5562
9917	6185
9917	6523
9917	7785
9917	7907
9917	8878
9917	9285
9917	9556
9917	9596
9920	1688
9920	9129
9920	9150
9920	9270
9920	9550
9920	9998
9922	4292
9922	6265
9922	6528
9922	7430
9922	8466
9922	8512
9922	9027
9922	9126
9922	9173
9922	9723
9929	1790
9929	8485
9929	9354
9929	9840
9929	9891
9933	743
9933	1827
9933	2280
9933	7585
9933	7948
9933	8974
9933	9197
9941	8466
9941	8772
9941	8895
9941	9977
9948	5952
9948	9380
9948	9431
9950	3839
9950	7211
9950	9815
9953	4295
9953	4327
9953	6566
9954	1176
9954	2657
9954	6987
9954	7020
9954	7961
9954	9053
9954	9629
9954	9873
9958	575
9958	3072
9958	4017
9958	5589
9958	5610
9958	7236
9958	8092
9958	8885
9958	9182
9958	9374
9958	9421
9958	9539
9960	6265
9960	8444
9960	9333
9960	9340
9967	6187
9967	9380
9967	9440
9967	9509
9967	9802
9968	791
9968	2401
9968	8134
9968	8196
9968	9270
9968	9688
9968	9833
9973	4862
9973	5543
9973	6821
9973	7241
9973	7666
9973	9004
9973	9072
9973	9278
9973	9830
9973	9898
9974	2657
9974	3827
9974	6289
9974	6861
9974	8555
9974	8709
9974	9531
9974	9688
9974	9812
9977	1626
9977	2723
9977	5166
9977	5417
9977	6293
9977	6701
9977	6892
9977	8029
9977	8370
9977	9941
9985	3645
9985	6164
9985	7388
9985	7785
9985	8430
9985	8809
9985	9150
9985	9728
9986	4025
9986	4846
9986	5371
9986	5421
9986	8870
9986	8934
9986	9064
9986	9543
9986	9768
9990	714
9990	1541
9990	7900
9990	9328
9991	109
9991	3022
9991	3987
9991	7328
9991	7348
9991	7529
9991	8728
9991	8973
9997	2698
9997	3500
9997	4781
9997	6871
9997	7586
9997	9421
9998	3914
9998	5543
9998	6860
9998	8965
9998	9439
9998	9885
9998	9920
