4	8294
4	9507
8	3935
8	5567
8	6054
8	8220
8	8979
8	9267
8	9370
48	4149
48	6672
48	8280
48	9219
48	9628
48	9740
48	9864
51	8001
51	8487
51	9280
51	9875
58	3568
58	7501
70	8899
70	9768
70	9788
70	9939
99	8366
116	6571
116	8067
116	9486
137	8510
137	8705
137	9321
204	7416
204	7897
204	8620
204	8625
204	8720
204	9558
204	9769
359	3216
359	7949
359	9882
380	407
380	6306
381	3935
381	7042
381	9823
399	8001
399	9872
407	380
407	8772
409	8050
409	8772
409	9350
409	9569
439	8999
439	9793
442	9288
442	9879
457	1486
457	8253
469	9768
469	9788
469	9939
505	9074
523	813
523	4659
523	5446
523	6306
523	7206
523	7301
523	8752
535	2896
535	3632
535	3735
535	9116
535	9125
535	9146
578	8409
578	9253
586	9419
586	9934
590	7755
590	7800
590	8620
590	8766
619	1254
619	2896
634	9571
639	8409
639	8995
652	3688
652	5869
652	6603
652	7247
652	7731
652	8785
652	9222
657	8276
657	9211
658	3685
661	9827
731	4714
731	6634
731	8217
731	8729
731	9583
731	9768
731	9939
748	3161
748	6185
748	7721
748	8040
748	8797
748	9009
782	5937
782	8977
801	1570
801	9343
801	9690
801	9833
813	523
813	9254
813	9268
831	7056
831	8267
865	2918
865	9225
936	1822
936	9056
936	9834
936	9852
954	1881
954	8135
954	9828
1042	7999
1042	9343
1042	9732
1042	9768
1042	9788
1042	9939
1080	3572
1080	5847
1080	7599
1080	7753
1080	7919
1080	8294
1080	9160
1107	3219
1107	9679
1121	4782
1121	6707
1121	9419
1121	9488
1121	9550
1150	3353
1150	5815
1150	8414
1150	9025
1159	8945
1159	8988
1159	9029
1159	9081
1159	9399
1159	9660
1159	9806
1176	8324
1176	9885
1179	4383
1179	9288
1227	7738
1252	5097
1252	6545
1252	7070
1252	7800
1252	9369
1252	9702
1254	619
1254	7623
1254	8102
1254	8797
1254	9009
1254	9154
1254	9829
1280	1525
1280	4650
1280	9634
1282	3924
1282	3935
1282	7130
1282	7271
1282	7820
1282	8411
1282	9801
1332	1923
1332	9488
1356	7339
1412	5261
1438	8050
1438	8772
1438	9321
1438	9569
1486	457
1486	2597
1497	1589
1497	9419
1498	7463
1498	7861
1498	9219
1498	9864
1511	6571
1511	9837
1525	1280
1525	1589
1525	4650
1525	7339
1525	7416
1525	9286
1525	9939
1542	7271
1542	9921
1563	6051
1563	8934
1570	801
1570	6935
1570	9293
1589	1497
1589	1525
1589	4446
1589	7419
1589	7631
1589	8797
1589	8819
1589	9520
1628	5348
1628	9981
1643	4059
1643	7677
1685	5937
1716	9146
1727	4748
1727	9769
1772	6769
1798	3785
1798	5626
1798	6062
1798	7406
1798	8596
1798	9486
1798	9513
1798	9801
1799	6051
1822	936
1822	3031
1822	7339
1822	9077
1822	9453
1822	9469
1822	9577
1846	3821
1881	954
1881	8553
1890	4714
1890	7731
1890	8170
1890	9222
1923	1332
1923	2056
1923	9395
1923	9497
1923	9912
1930	9569
2005	3900
2005	7623
2005	9211
2032	8773
2032	9056
2032	9852
2056	1923
2056	6553
2056	8267
2056	8999
2056	9383
2056	9771
2056	9793
2056	9912
2066	3028
2066	5575
2066	8133
2066	8510
2088	8276
2088	9564
2088	9823
2097	5517
2097	7623
2139	8067
2145	6641
2145	7599
2145	9292
2169	9232
2169	9349
2177	9497
2177	9833
2200	9503
2200	9917
2203	6912
2203	8915
2203	9640
2203	9963
2239	4808
2239	5932
2239	6745
2239	7419
2239	9520
2239	9993
2241	7623
2241	8102
2241	8797
2241	9009
2241	9551
2352	6713
2352	7428
2352	7538
2352	7738
2352	7980
2352	9117
2352	9467
2352	9891
2371	7290
2371	9634
2409	9399
2409	9803
2409	9858
2409	9946
2428	4827
2430	9733
2430	9917
2449	7296
2449	7956
2449	7962
2449	8409
2449	8569
2449	9282
2449	9421
2452	6086
2452	6641
2452	7222
2452	7647
2452	7980
2452	8366
2493	7639
2493	9421
2541	6700
2541	9315
2542	3201
2542	3935
2542	5314
2542	9125
2572	8264
2572	9848
2587	5261
2587	6196
2587	6209
2597	1486
2597	4668
2597	6591
2597	8265
2597	8475
2597	8654
2597	9610
2610	4748
2610	6568
2610	9686
2623	8426
2623	9769
2688	4902
2688	8898
2711	7876
2711	8519
2711	9074
2711	9247
2711	9921
2715	9379
2715	9882
2721	5313
2721	7873
2721	8493
2721	8739
2776	6753
2776	8791
2776	8797
2783	8643
2790	4306
2790	9222
2790	9315
2790	9768
2814	8294
2814	8739
2851	6095
2851	8149
2857	3158
2857	8746
2857	9453
2857	9689
2857	9793
2857	9810
2871	4446
2883	4353
2883	7272
2884	3093
2884	4159
2884	9674
2896	535
2896	619
2906	4132
2906	5961
2906	8218
2906	8712
2906	8988
2906	9208
2906	9768
2906	9788
2906	9939
2918	865
2918	4244
2918	6476
2918	7876
2918	9666
2921	9020
2921	9114
2921	9579
2936	3689
2936	5575
2936	9321
2936	9494
2952	9803
2952	9900
2979	8876
2979	9200
2979	9847
2993	9315
3020	8581
3028	2066
3028	4901
3028	8705
3028	9321
3031	1822
3033	8411
3049	8712
3049	9901
3052	5034
3052	8752
3052	8753
3052	8787
3059	6571
3060	9232
3060	9837
3060	9981
3081	4650
3081	9634
3089	3381
3089	4714
3089	9253
3089	9963
3093	2884
3093	6713
3093	7243
3093	8146
3093	9993
3095	9823
3109	8650
3109	8861
3109	9629
3109	9981
3110	6754
3110	7820
3145	8276
3158	2857
3158	7301
3161	748
3161	5850
3161	6383
3161	7390
3161	8290
3161	8797
3161	9041
3161	9885
3170	9574
3170	9576
3170	9848
3195	8276
3195	8584
3199	3235
3199	4845
3199	9282
3201	2542
3201	6081
3201	6848
3201	9420
3216	359
3216	8991
3216	9882
3219	1107
3219	8399
3219	9419
3219	9679
3235	3199
3235	4650
3235	6756
3235	7495
3235	9075
3235	9601
3290	4845
3353	1150
3353	9837
3375	8581
3375	9041
3375	9327
3381	3089
3381	5685
3381	6618
3381	7138
3381	8133
3381	8563
3381	9443
3381	9640
3381	9981
3386	4165
3386	4173
3386	5028
3386	7154
3386	8595
3386	9754
3386	9900
3441	8553
3441	9288
3445	7434
3445	9277
3449	6977
3449	7898
3449	8298
3449	8491
3462	7032
3462	9974
3490	6729
3490	8772
3505	8772
3505	9955
3520	8043
3520	8915
3520	9579
3555	8620
3555	9558
3555	9729
3555	9769
3562	8729
3562	8923
3568	58
3572	1080
3578	8510
3578	8705
3578	9321
3588	4808
3588	6650
3600	4159
3600	9925
3632	535
3633	6568
3633	8001
3633	9280
3633	9467
3633	9486
3633	9875
3648	8487
3648	8923
3648	9133
3651	8528
3651	9803
3654	7136
3661	3774
3661	7876
3661	9420
3661	9901
3685	658
3685	5393
3685	5576
3685	8553
3685	9262
3685	9300
3685	9731
3685	9743
3688	652
3688	8253
3688	9070
3688	9731
3689	2936
3689	8510
3689	8705
3689	9321
3708	5145
3708	6944
3708	8133
3708	8581
3708	8943
3708	9785
3708	9803
3708	9946
3708	9955
3735	535
3735	6824
3735	9125
3735	9146
3735	9385
3765	4714
3765	8785
3774	3661
3774	8195
3774	8849
3774	9175
3774	9610
3774	9975
3785	1798
3785	6557
3785	7206
3785	9254
3814	9930
3821	1846
3821	4285
3821	4557
3821	5001
3821	7996
3821	8708
3821	9146
3821	9284
3881	7699
3881	8675
3881	8875
3881	8991
3881	9116
3881	9385
3881	9663
3898	6944
3898	9076
3898	9462
3900	2005
3900	8276
3900	8675
3900	9605
3917	4427
3917	8491
3917	9695
3924	1282
3924	7130
3924	8217
3929	9733
3929	9848
3935	8
3935	381
3935	1282
3935	2542
3935	6983
3975	8725
3975	9610
3992	6051
3992	8276
3999	6158
3999	9253
3999	9768
4019	4714
4019	8724
4019	8875
4019	9222
4021	4749
4021	6844
4021	8267
4021	8655
4022	5863
4022	7385
4022	8620
4022	9769
4036	8581
4055	5148
4055	7623
4055	7721
4055	8426
4055	9009
4059	1643
4059	8382
4059	9792
4070	7721
4070	8426
4070	8797
4070	9009
4070	9226
4079	8923
4079	9506
4081	9769
4110	7206
4115	9419
4115	9663
4115	9828
4132	2906
4132	7232
4132	8584
4132	8768
4148	9125
4148	9146
4149	48
4149	6312
4149	8493
4149	9872
4159	2884
4159	3600
4159	7370
4159	9284
4159	9326
4165	3386
4165	8584
4165	9408
4165	9934
4168	5626
4168	8050
4168	8772
4168	9350
4168	9569
4168	9792
4173	3386
4173	4416
4173	7093
4173	8987
4173	9197
4173	9232
4173	9859
4244	2918
4244	5937
4244	6650
4244	8186
4244	8766
4244	9666
4244	9891
4246	7898
4246	8746
4246	8819
4246	8941
4246	9577
4246	9634
4246	9689
4246	9810
4250	7820
4250	8217
4250	8772
4252	8006
4252	8475
4258	9232
4258	9981
4285	3821
4285	7568
4285	8724
4285	9917
4294	9569
4294	9745
4294	9858
4304	4353
4304	7677
4304	8220
4306	2790
4306	9901
4310	8253
4310	8635
4312	6545
4312	6700
4328	7621
4328	8102
4328	8426
4328	8797
4328	9864
4338	7623
4338	9293
4338	9690
4353	2883
4353	4304
4353	7677
4383	1179
4383	4447
4383	9288
4383	9858
4383	9890
4411	6081
4411	6462
4411	7898
4411	8500
4411	8899
4411	8977
4411	9288
4411	9637
4413	5875
4413	8414
4416	4173
4416	7501
4416	8615
4416	8886
4416	9575
4416	9754
4416	9801
4416	9934
4427	3917
4427	6977
4427	7898
4427	8988
4427	9564
4427	9695
4427	9852
4427	9925
4428	6824
4428	9702
4446	1589
4446	2871
4446	5245
4446	8155
4446	8992
4446	9513
4446	9817
4447	4383
4447	9541
4447	9901
4482	7949
4482	8133
4482	9399
4482	9494
4482	9621
4482	9803
4482	9946
4505	7929
4505	8823
4507	5920
4522	6844
4522	9730
4550	9326
4550	9383
4550	9648
4557	3821
4557	8705
4557	8916
4557	9379
4560	9417
4560	9574
4560	9848
4592	4766
4592	6051
4592	8934
4592	9076
4619	7803
4619	8220
4619	8267
4619	8382
4619	8941
4650	1280
4650	1525
4650	3081
4650	3235
4650	5085
4650	6870
4650	7290
4650	8024
4650	8448
4650	8667
4650	9238
4659	523
4659	8752
4668	2597
4668	9133
4683	7972
4683	9117
4714	731
4714	1890
4714	3089
4714	3765
4714	4019
4714	8950
4714	9745
4720	7154
4720	7222
4720	9575
4720	9629
4720	9754
4729	8466
4729	9823
4729	9925
4732	5637
4732	6062
4732	8399
4732	9241
4732	9300
4744	8934
4748	1727
4748	2610
4748	7271
4749	4021
4759	7271
4759	9267
4766	4592
4766	6051
4766	9513
4782	1121
4782	8218
4795	5637
4795	6607
4795	7631
4795	8399
4795	9241
4795	9520
4795	9571
4803	8623
4803	9570
4808	2239
4808	3588
4808	6607
4808	8030
4808	8819
4808	9300
4811	6571
4811	8605
4827	2428
4827	8294
4827	9363
4827	9564
4845	3199
4845	3290
4845	6464
4845	7996
4845	8581
4845	9117
4845	9261
4882	8086
4882	9801
4882	9848
4882	9890
4892	9571
4901	3028
4901	5431
4901	6873
4901	9321
4902	2688
4902	7501
4902	9695
4904	9211
4904	9771
4904	9825
4917	5386
4917	7947
4917	8766
4917	8778
4917	9803
4917	9921
4927	7738
4927	9583
4936	8366
4936	9846
4936	9939
4949	9076
4949	9955
4960	8043
4960	9240
4964	8547
4964	9232
5001	3821
5001	9399
5028	3386
5028	5785
5028	8650
5028	8987
5028	9253
5028	9267
5028	9394
5028	9575
5034	3052
5034	6658
5034	9503
5034	9722
5037	5995
5037	6081
5037	7731
5037	9288
5067	7861
5067	8650
5067	9628
5067	9864
5076	9981
5085	4650
5085	9695
5085	9993
5090	7230
5090	8773
5090	9848
5097	1252
5097	9828
5097	9931
5101	6983
5101	9998
5103	9232
5145	3708
5145	9827
5148	4055
5148	5886
5148	6966
5148	8629
5148	9453
5148	9663
5148	9882
5199	9564
5199	9848
5199	9939
5202	6350
5202	8623
5202	8625
5202	9423
5206	6051
5206	6641
5206	8285
5206	8722
5206	9292
5217	6634
5217	8217
5217	8394
5217	9575
5217	9788
5217	9939
5245	4446
5245	7753
5245	8461
5259	6571
5259	9884
5261	1412
5261	2587
5261	6462
5261	7947
5261	8500
5261	8796
5261	8977
5261	9226
5261	9288
5261	9437
5261	9570
5261	9847
5313	2721
5313	7579
5313	8577
5313	8778
5313	9101
5314	2542
5314	6086
5314	6751
5314	6824
5314	9125
5314	9146
5322	6430
5322	7721
5322	9764
5326	8977
5326	9254
5343	6003
5343	8510
5343	8705
5343	9321
5348	1628
5348	8705
5359	7390
5367	6063
5367	8001
5375	9217
5375	9462
5386	4917
5386	7304
5386	7946
5386	8366
5386	8801
5386	8916
5386	9211
5386	9760
5393	3685
5393	7419
5393	8819
5393	9400
5393	9429
5402	6732
5402	8772
5402	9350
5402	9569
5409	8466
5409	8476
5409	9298
5409	9963
5431	4901
5431	8510
5431	8659
5431	8705
5431	9321
5431	9946
5446	523
5446	9326
5446	9422
5479	8753
5479	8787
5479	9035
5479	9846
5509	6353
5509	8476
5509	8943
5509	9901
5517	2097
5517	5684
5517	7972
5517	8294
5517	9858
5521	6196
5521	7714
5521	9217
5521	9363
5521	9451
5521	9981
5525	8493
5525	8653
5525	9550
5534	7222
5534	7862
5534	8324
5534	8426
5543	7385
5543	8324
5543	8361
5543	9253
5543	9998
5566	8050
5566	9350
5566	9760
5567	8
5567	7000
5567	7130
5567	8220
5575	2066
5575	2936
5575	6873
5575	8510
5575	8705
5575	9321
5576	3685
5576	6641
5576	7243
5576	7419
5576	9241
5576	9300
5576	9429
5576	9520
5600	6692
5600	9253
5600	9702
5600	9902
5617	8623
5617	9290
5621	8623
5626	1798
5626	4168
5626	9551
5637	4732
5637	4795
5637	7419
5637	9326
5637	9520
5663	8955
5663	9026
5663	9451
5663	9825
5684	5517
5684	9081
5685	3381
5685	8563
5685	9640
5696	7126
5696	8507
5696	8553
5696	9974
5738	7699
5738	8991
5738	9663
5738	9882
5746	8943
5765	9833
5765	9848
5785	5028
5785	8678
5796	8006
5796	8705
5796	8915
5815	1150
5815	8916
5839	7803
5839	8147
5839	8267
5839	8941
5839	9035
5839	9891
5847	1080
5850	3161
5850	7593
5850	7621
5850	7623
5850	7721
5850	8102
5850	8426
5863	4022
5863	8846
5863	9494
5869	652
5869	8414
5869	9123
5869	9842
5875	4413
5875	8988
5886	5148
5886	9494
5886	9601
5920	4507
5920	7803
5920	8147
5920	8267
5920	8941
5920	9280
5920	9385
5927	8923
5932	2239
5932	8067
5933	8705
5933	8876
5933	9274
5936	6719
5936	8754
5937	782
5937	1685
5937	4244
5937	6209
5937	6481
5937	8267
5937	8977
5941	7390
5941	9530
5961	2906
5961	7488
5968	6086
5968	8577
5968	8739
5968	9101
5968	9407
5994	8720
5994	8876
5994	9035
5994	9274
5994	9564
5995	5037
5995	6209
5995	8500
5995	8977
5995	8999
6003	5343
6003	6935
6003	9745
6017	6306
6017	8752
6017	9044
6017	9801
6017	9963
6039	9388
6039	9671
6049	9070
6049	9574
6049	9848
6051	1563
6051	1799
6051	3992
6051	4592
6051	4766
6051	5206
6051	6179
6051	6288
6051	6769
6051	7611
6051	7712
6051	8934
6051	9724
6054	8
6054	9404
6062	1798
6062	4732
6062	6196
6062	7406
6062	8992
6062	9513
6063	5367
6063	8135
6063	8596
6063	9025
6063	9211
6081	3201
6081	4411
6081	5037
6081	6209
6081	7416
6081	7428
6081	8977
6081	9288
6084	6708
6084	8102
6084	8888
6085	6185
6085	8823
6086	2452
6086	5314
6086	5968
6086	6824
6086	9125
6086	9146
6086	9350
6086	9902
6095	2851
6095	6943
6095	7209
6095	8819
6095	9261
6095	9817
6098	6481
6098	8088
6098	9394
6098	9419
6098	9679
6113	8217
6113	9729
6138	8050
6138	8601
6158	3999
6158	6708
6158	8135
6158	9963
6179	6051
6185	748
6185	6085
6185	9035
6185	9148
6185	9205
6185	9884
6185	9917
6190	7623
6190	9075
6190	9583
6196	2587
6196	5521
6196	6062
6196	8596
6196	8992
6201	8466
6201	8476
6201	9253
6201	9963
6209	2587
6209	5937
6209	5995
6209	6081
6209	8068
6209	9288
6270	7434
6270	7488
6270	8581
6270	9261
6270	9810
6288	6051
6300	6944
6306	380
6306	523
6306	6017
6306	9388
6306	9848
6309	9576
6309	9617
6309	9852
6312	4149
6312	8366
6312	9823
6312	9846
6350	5202
6350	7667
6350	8625
6350	8898
6353	5509
6353	8366
6353	9730
6353	9731
6364	8823
6364	8923
6368	9226
6368	9419
6368	9506
6383	3161
6383	7621
6383	7623
6383	7721
6383	8043
6383	8426
6383	8797
6383	9009
6417	8285
6417	8461
6417	8524
6417	8584
6417	9363
6417	9451
6417	9825
6417	9827
6417	9974
6430	5322
6430	8035
6430	8097
6451	8276
6451	9116
6451	9507
6461	8569
6461	9326
6461	9541
6461	9827
6462	4411
6462	5261
6462	7296
6462	8500
6464	4845
6464	6713
6464	8667
6464	9731
6464	9993
6469	8324
6469	9450
6469	9506
6469	9885
6476	2918
6476	6557
6476	8778
6479	6650
6479	7542
6479	8897
6481	5937
6481	6098
6481	7301
6481	8528
6529	8923
6529	9133
6545	1252
6545	4312
6545	7949
6545	8136
6545	9005
6547	9025
6547	9081
6547	9917
6553	2056
6553	9420
6553	9771
6553	9793
6557	3785
6557	6476
6557	9488
6568	2610
6568	3633
6568	6577
6568	8001
6568	8022
6568	9280
6568	9385
6568	9394
6568	9486
6568	9875
6571	116
6571	1511
6571	3059
6571	4811
6571	5259
6571	8170
6571	8605
6571	8791
6571	9879
6577	6568
6577	7157
6577	8331
6577	8623
6577	8625
6577	9486
6577	9875
6591	2597
6591	8875
6603	652
6603	7126
6603	8276
6603	8643
6603	8644
6603	9211
6603	9351
6603	9605
6607	4795
6607	4808
6607	8819
6607	9041
6607	9262
6607	9429
6607	9520
6614	7940
6614	8999
6614	9674
6614	9771
6618	3381
6618	8418
6624	6641
6624	8253
6624	8285
6624	8722
6624	9292
6624	9763
6634	731
6634	5217
6634	7800
6634	8217
6634	8394
6634	9282
6634	9399
6634	9768
6634	9788
6634	9939
6640	9564
6640	9848
6641	2145
6641	2452
6641	5206
6641	5576
6641	6624
6641	7434
6641	8285
6641	8476
6641	8722
6641	9133
6641	9292
6641	9743
6641	9933
6650	3588
6650	4244
6650	6479
6650	7256
6650	7947
6650	8766
6650	8778
6650	8845
6650	8915
6650	9010
6650	9621
6650	9666
6650	9837
6655	6935
6658	5034
6658	7304
6658	8787
6658	9503
6672	48
6672	7956
6672	9200
6692	5600
6692	8493
6692	8518
6692	9902
6700	2541
6700	4312
6700	7949
6700	8035
6700	8991
6700	9160
6700	9663
6700	9870
6700	9882
6707	1121
6707	9488
6707	9550
6707	9743
6708	6084
6708	6158
6708	7501
6713	2352
6713	3093
6713	6464
6713	7098
6713	7126
6719	5936
6719	7337
6719	7667
6719	8147
6719	8754
6722	7677
6722	8862
6722	9453
6722	9469
6722	9864
6729	3490
6729	6824
6732	5402
6732	8050
6732	8772
6732	9350
6739	6935
6739	9014
6739	9293
6739	9343
6739	9690
6745	2239
6745	8629
6745	8849
6745	8991
6745	9663
6745	9882
6751	5314
6751	8623
6753	2776
6753	7542
6753	8618
6753	8897
6753	8916
6753	9806
6754	3110
6754	6870
6754	7370
6754	9315
6754	9721
6756	3235
6763	8040
6763	9076
6768	9200
6768	9232
6768	9254
6769	1772
6769	6051
6769	7501
6769	8172
6769	8968
6769	9729
6789	8643
6789	9551
6806	6844
6806	9116
6806	9208
6806	9327
6824	3735
6824	4428
6824	5314
6824	6086
6824	6729
6824	8097
6824	8862
6824	9125
6824	9146
6844	4021
6844	4522
6844	6806
6844	6880
6844	8629
6844	9076
6844	9116
6848	3201
6848	9010
6870	4650
6870	6754
6870	8643
6870	8768
6870	9721
6871	8235
6871	9833
6873	4901
6873	5575
6873	8663
6873	8675
6873	8705
6873	9321
6880	6844
6880	8615
6880	9076
6880	9116
6880	9197
6880	9689
6893	8267
6893	8644
6912	2203
6912	9610
6935	1570
6935	6003
6935	6655
6935	6739
6935	9014
6935	9292
6935	9343
6935	9690
6943	6095
6943	7209
6943	7780
6943	9451
6943	9817
6944	3708
6944	3898
6944	6300
6944	8461
6944	9277
6944	9890
6946	9930
6966	5148
6966	8035
6966	8102
6966	8991
6966	9640
6966	9663
6966	9882
6977	3449
6977	4427
6977	7136
6977	7702
6977	8979
6977	9902
6983	3935
6983	5101
7000	5567
7000	7271
7000	9267
7003	8924
7003	8992
7003	9068
7003	9404
7032	3462
7032	8040
7032	8778
7032	9404
7032	9884
7032	9924
7042	381
7042	7271
7042	8086
7042	9267
7042	9400
7056	831
7056	9365
7070	1252
7070	8934
7070	9175
7070	9934
7076	8050
7076	8461
7077	8825
7077	9247
7077	9394
7093	4173
7093	8861
7093	8987
7093	9232
7093	9629
7093	9754
7098	6713
7098	8084
7098	8146
7098	9993
7114	8764
7114	8992
7114	9771
7126	5696
7126	6603
7126	6713
7126	8088
7126	8213
7126	8601
7126	9394
7126	9419
7126	9733
7130	1282
7130	3924
7130	5567
7130	8086
7130	9267
7136	3654
7136	6977
7136	8665
7136	9300
7138	3381
7138	8147
7138	9917
7154	3386
7154	4720
7154	8861
7154	8955
7154	8987
7154	9232
7154	9575
7157	6577
7157	8001
7157	8331
7157	8487
7157	9280
7157	9875
7183	9803
7205	8476
7205	9248
7205	9254
7206	523
7206	3785
7206	4110
7206	8625
7209	6095
7209	6943
7209	7717
7209	9009
7209	9817
7222	2452
7222	4720
7222	5534
7222	9486
7222	9530
7230	5090
7230	8923
7230	9574
7230	9848
7232	4132
7232	7296
7232	7956
7232	9200
7232	9564
7243	3093
7243	5576
7243	8084
7243	8146
7243	8653
7243	9993
7247	652
7247	8722
7247	8724
7247	9315
7256	6650
7256	8766
7256	8778
7256	8849
7256	9074
7256	9146
7259	8001
7267	7390
7267	8213
7267	8601
7267	9394
7267	9419
7271	1282
7271	1542
7271	4748
7271	4759
7271	7000
7271	7042
7271	8086
7271	8673
7272	2883
7272	7677
7272	8267
7272	8898
7272	9654
7272	9834
7290	2371
7290	4650
7290	8667
7290	9286
7290	9298
7290	9634
7290	9769
7296	2449
7296	6462
7296	7232
7301	523
7301	3158
7301	6481
7301	7654
7301	9974
7304	5386
7304	6658
7304	7667
7304	8766
7304	9101
7304	9404
7337	6719
7339	1356
7339	1525
7339	1822
7339	7646
7339	8746
7339	9077
7339	9301
7339	9577
7339	9689
7339	9754
7339	9810
7358	7738
7358	7925
7358	9117
7358	9200
7358	9891
7366	8644
7366	9722
7370	4159
7370	6754
7370	7923
7370	8569
7370	8629
7370	9284
7370	9326
7370	9695
7385	4022
7385	5543
7385	8720
7388	9827
7388	9931
7390	3161
7390	5359
7390	5941
7390	7267
7390	8519
7390	9530
7390	9583
7390	9806
7406	1798
7406	6062
7406	8596
7406	8992
7406	9513
7416	204
7416	1525
7416	6081
7416	8172
7416	8667
7416	9286
7416	9634
7416	9769
7419	1589
7419	2239
7419	5393
7419	5576
7419	5637
7419	7631
7419	8819
7419	9300
7419	9579
7422	8678
7422	9745
7428	2352
7428	6081
7428	9117
7428	9211
7428	9891
7434	3445
7434	6270
7434	6641
7434	8285
7434	8722
7434	9292
7435	8001
7435	8653
7463	1498
7463	8623
7463	9284
7481	7800
7481	8720
7481	9023
7481	9558
7481	9902
7488	5961
7488	6270
7488	8581
7488	8663
7495	3235
7495	8519
7495	9601
7501	58
7501	4416
7501	4902
7501	6708
7501	6769
7501	7624
7501	7925
7501	8054
7501	9117
7501	9171
7501	9891
7519	9197
7519	9503
7519	9610
7519	9648
7519	9933
7538	2352
7542	6479
7542	6753
7542	7753
7542	8897
7546	8475
7546	8654
7546	9282
7546	9370
7546	9610
7546	9760
7546	9955
7568	4285
7579	5313
7579	8577
7579	9101
7579	9407
7593	5850
7593	8001
7593	8054
7593	8888
7593	9571
7599	1080
7599	2145
7599	7753
7599	7919
7611	6051
7611	9025
7611	9695
7611	9870
7621	4328
7621	5850
7621	6383
7621	7721
7621	7932
7621	8102
7621	8426
7621	8797
7621	9009
7621	9148
7621	9315
7623	1254
7623	2005
7623	2097
7623	2241
7623	4055
7623	4338
7623	5850
7623	6190
7623	6383
7623	8102
7623	8426
7623	9009
7623	9628
7624	7501
7631	1589
7631	4795
7631	7419
7631	8399
7631	9262
7631	9300
7631	9629
7638	9539
7638	9579
7638	9792
7639	2493
7639	8213
7639	9248
7639	9370
7639	9730
7639	9764
7639	9768
7646	7339
7646	9077
7646	9453
7646	9577
7646	9689
7646	9810
7646	9900
7647	2452
7647	7980
7647	9795
7654	7301
7667	6350
7667	6719
7667	7304
7667	9404
7677	1643
7677	4304
7677	4353
7677	6722
7677	7272
7677	9654
7699	3881
7699	5738
7699	7949
7699	8629
7699	8991
7699	9663
7699	9837
7702	6977
7702	7898
7702	8298
7702	8491
7702	9695
7712	6051
7712	9400
7714	5521
7714	8766
7714	8862
7714	9218
7714	9275
7717	7209
7717	9117
7717	9817
7721	748
7721	4055
7721	4070
7721	5322
7721	5850
7721	6383
7721	7621
7721	8067
7721	8102
7721	8136
7721	8567
7721	8797
7721	9009
7731	652
7731	1890
7731	5037
7731	8785
7731	8950
7733	8426
7738	1227
7738	2352
7738	4927
7738	7358
7738	8054
7738	9117
7738	9891
7753	1080
7753	5245
7753	7542
7753	7599
7753	7919
7753	9637
7755	590
7755	9422
7755	9574
7755	9775
7780	6943
7780	9586
7780	9775
7800	590
7800	1252
7800	6634
7800	7481
7800	8720
7800	8724
7800	9023
7800	9558
7800	9769
7803	4619
7803	5839
7803	5920
7803	8147
7803	8267
7803	8382
7820	1282
7820	3110
7820	4250
7823	8302
7823	9076
7823	9116
7861	1498
7861	5067
7861	9219
7861	9775
7861	9810
7861	9864
7862	5534
7862	8366
7862	9551
7862	9730
7862	9846
7873	2721
7873	8172
7873	9419
7873	9569
7873	9574
7873	9934
7876	2711
7876	2918
7876	3661
7876	7947
7876	8766
7876	9074
7876	9284
7876	9666
7881	8426
7881	9837
7897	204
7897	8791
7898	3449
7898	4246
7898	4411
7898	4427
7898	7702
7898	9114
7898	9695
7919	1080
7919	7599
7919	7753
7923	7370
7923	8267
7923	9628
7923	9872
7925	7358
7925	7501
7925	9123
7925	9247
7925	9299
7925	9891
7929	4505
7929	8285
7929	9733
7932	7621
7932	8768
7940	6614
7940	8999
7940	9771
7940	9793
7944	8764
7944	9792
7944	9998
7946	5386
7946	8026
7946	8801
7947	4917
7947	5261
7947	6650
7947	7876
7947	9689
7947	9921
7949	359
7949	4482
7949	6545
7949	6700
7949	7699
7949	8035
7949	8629
7949	8991
7949	9451
7949	9663
7949	9833
7949	9882
7950	8923
7950	9365
7956	2449
7956	6672
7956	7232
7962	2449
7962	9829
7972	4683
7972	5517
7980	2352
7980	2452
7980	7647
7980	9872
7996	3821
7996	4845
7996	8581
7996	9261
7999	1042
7999	8172
7999	9571
8001	51
8001	399
8001	3633
8001	5367
8001	6568
8001	7157
8001	7259
8001	7435
8001	7593
8001	8022
8001	8060
8001	8331
8001	8487
8001	8722
8001	9232
8001	9280
8001	9486
8001	9775
8001	9875
8006	4252
8006	5796
8006	8475
8006	8654
8006	8849
8006	9610
8006	9724
8022	6568
8022	8001
8022	8331
8022	8487
8022	8768
8022	9280
8022	9875
8022	9941
8024	4650
8024	8667
8024	9286
8024	9634
8026	7946
8026	8801
8026	8916
8026	9788
8030	4808
8030	8298
8030	8399
8030	9217
8030	9241
8030	9262
8030	9300
8035	6430
8035	6700
8035	6966
8035	7949
8035	8991
8035	9365
8035	9882
8040	748
8040	6763
8040	7032
8040	8236
8043	3520
8043	4960
8043	6383
8043	8135
8043	9010
8043	9197
8043	9648
8050	409
8050	1438
8050	4168
8050	5566
8050	6138
8050	6732
8050	7076
8050	8772
8050	9350
8050	9569
8054	7501
8054	7593
8054	7738
8054	8217
8054	9117
8054	9205
8054	9754
8054	9891
8060	8001
8060	8678
8066	8418
8066	9081
8066	9530
8067	116
8067	2139
8067	5932
8067	7721
8067	8601
8067	9150
8067	9218
8068	6209
8068	8787
8068	9286
8084	7098
8084	7243
8084	8862
8084	9993
8086	4882
8086	7042
8086	7130
8086	7271
8088	6098
8088	7126
8088	9419
8088	9679
8088	9828
8097	6430
8097	6824
8097	8968
8097	9795
8100	8655
8100	8720
8100	9175
8100	9388
8102	1254
8102	2241
8102	4328
8102	5850
8102	6084
8102	6966
8102	7621
8102	7623
8102	7721
8102	8797
8102	9009
8133	2066
8133	3381
8133	3708
8133	4482
8133	8825
8133	9399
8133	9494
8133	9621
8133	9946
8135	954
8135	6063
8135	6158
8135	8043
8135	8262
8135	8518
8135	8643
8135	8644
8135	9005
8135	9101
8135	9211
8135	9241
8136	6545
8136	7721
8136	9020
8146	3093
8146	7098
8146	7243
8146	9486
8146	9993
8147	5839
8147	5920
8147	6719
8147	7138
8147	7803
8147	8267
8147	8941
8149	2851
8155	4446
8155	8596
8155	8992
8155	9486
8155	9513
8155	9689
8170	1890
8170	6571
8170	8605
8172	6769
8172	7416
8172	7873
8172	7999
8172	8280
8177	8623
8177	9290
8186	4244
8186	9070
8186	9370
8195	3774
8206	8217
8213	7126
8213	7267
8213	7639
8213	9419
8213	9679
8217	731
8217	3924
8217	4250
8217	5217
8217	6113
8217	6634
8217	8054
8217	8206
8217	8394
8217	8475
8217	8988
8217	9172
8217	9208
8217	9379
8217	9506
8217	9768
8217	9788
8217	9939
8218	2906
8218	4782
8218	8625
8220	8
8220	4304
8220	4619
8220	5567
8220	9419
8235	6871
8235	9833
8235	9923
8236	8040
8236	9025
8236	9617
8236	9764
8236	9901
8244	9020
8244	9569
8244	9570
8253	457
8253	3688
8253	4310
8253	6624
8253	9070
8253	9731
8262	8135
8262	8276
8262	8518
8262	8629
8262	9125
8262	9211
8262	9605
8264	2572
8264	9574
8264	9848
8264	9872
8265	2597
8267	831
8267	2056
8267	4021
8267	4619
8267	5839
8267	5920
8267	5937
8267	6893
8267	7272
8267	7803
8267	7923
8267	8147
8267	8941
8276	657
8276	2088
8276	3145
8276	3195
8276	3900
8276	3992
8276	6451
8276	6603
8276	8262
8276	8643
8276	8644
8276	9146
8276	9225
8276	9605
8280	48
8280	8172
8280	9219
8280	9628
8280	9864
8285	5206
8285	6417
8285	6624
8285	6641
8285	7434
8285	7929
8285	8722
8285	9292
8285	9925
8285	9975
8290	3161
8290	8569
8290	8778
8290	9284
8290	9326
8290	9834
8290	9934
8294	4
8294	1080
8294	2814
8294	4827
8294	5517
8294	8577
8294	8739
8294	9101
8294	9407
8294	9551
8294	9610
8298	3449
8298	7702
8298	8030
8298	8491
8298	9695
8298	9848
8302	7823
8302	9462
8302	9872
8324	1176
8324	5534
8324	5543
8324	6469
8324	8361
8324	9488
8324	9885
8324	9993
8331	6577
8331	7157
8331	8001
8331	8022
8331	8487
8331	9262
8331	9280
8331	9486
8331	9875
8361	5543
8361	8324
8361	9885
8366	99
8366	2452
8366	4936
8366	5386
8366	6312
8366	6353
8366	7862
8366	8550
8366	9268
8366	9730
8366	9823
8382	4059
8382	4619
8382	7803
8382	8941
8394	5217
8394	6634
8394	8217
8394	8988
8394	9208
8394	9541
8394	9768
8394	9788
8394	9823
8394	9939
8399	3219
8399	4732
8399	4795
8399	7631
8399	8030
8399	9300
8399	9408
8399	9429
8399	9520
8400	9232
8400	9395
8400	9417
8400	9497
8400	9671
8409	578
8409	639
8409	2449
8409	8797
8409	9133
8409	9200
8409	9407
8411	1282
8411	3033
8411	8466
8411	9941
8411	9963
8414	1150
8414	4413
8414	5869
8418	6618
8418	8066
8418	8618
8418	9020
8418	9076
8418	9081
8426	2623
8426	4055
8426	4070
8426	4328
8426	5534
8426	5850
8426	6383
8426	7621
8426	7623
8426	7733
8426	7881
8426	8587
8426	8797
8426	9009
8426	9558
8426	9872
8429	9232
8448	4650
8448	8991
8448	9056
8448	9379
8448	9859
8450	9879
8461	5245
8461	6417
8461	6944
8461	7076
8461	8577
8461	9847
8466	4729
8466	5409
8466	6201
8466	8411
8466	8675
8466	9941
8466	9963
8475	2597
8475	4252
8475	7546
8475	8006
8475	8217
8475	8654
8475	8773
8475	9005
8475	9420
8475	9872
8476	5409
8476	5509
8476	6201
8476	6641
8476	7205
8476	8705
8476	9722
8476	9872
8476	9901
8487	51
8487	3648
8487	7157
8487	8001
8487	8022
8487	8331
8487	9148
8487	9419
8487	9486
8487	9541
8487	9801
8487	9875
8491	3449
8491	3917
8491	7702
8491	8298
8491	9695
8493	2721
8493	4149
8493	5525
8493	6692
8493	8528
8493	8653
8493	9890
8500	4411
8500	5261
8500	5995
8500	6462
8507	5696
8507	9349
8507	9610
8510	137
8510	2066
8510	3578
8510	3689
8510	5343
8510	5431
8510	5575
8510	8705
8510	9321
8510	9421
8518	6692
8518	8135
8518	8262
8518	8644
8518	8675
8518	9133
8518	9605
8518	9970
8519	2711
8519	7390
8519	7495
8524	6417
8524	9217
8524	9363
8524	9451
8524	9690
8524	9825
8528	3651
8528	6481
8528	8493
8528	9823
8528	9933
8540	8623
8547	4964
8547	8729
8547	8934
8547	9875
8550	8366
8550	9823
8550	9846
8553	1881
8553	3441
8553	3685
8553	5696
8553	9486
8553	9551
8553	9634
8563	3381
8563	5685
8563	9640
8563	9803
8567	7721
8569	2449
8569	6461
8569	7370
8569	8290
8569	9217
8569	9261
8569	9284
8569	9326
8577	5313
8577	5968
8577	7579
8577	8294
8577	8461
8577	9101
8577	9301
8577	9388
8577	9833
8581	3020
8581	3375
8581	3708
8581	4036
8581	4845
8581	6270
8581	7488
8581	7996
8581	8955
8581	9261
8581	9327
8581	9605
8581	9635
8584	3195
8584	4132
8584	4165
8584	6417
8584	9238
8584	9301
8584	9408
8584	9612
8584	9934
8587	8426
8587	8635
8587	9123
8587	9648
8587	9842
8595	3386
8595	8886
8595	9232
8595	9575
8595	9629
8595	9981
8596	1798
8596	6063
8596	6196
8596	7406
8596	8155
8596	8992
8596	9513
8601	6138
8601	7126
8601	7267
8601	8067
8601	9419
8601	9679
8601	9828
8605	4811
8605	6571
8605	8170
8605	9453
8615	4416
8615	6880
8615	8861
8615	8987
8615	9232
8615	9575
8615	9629
8615	9660
8615	9981
8618	6753
8618	8418
8618	9575
8620	204
8620	590
8620	3555
8620	4022
8620	8720
8620	9023
8620	9769
8620	9879
8623	4803
8623	5202
8623	5617
8623	5621
8623	6577
8623	6751
8623	7463
8623	8177
8623	8540
8623	9290
8623	9450
8623	9729
8625	204
8625	5202
8625	6350
8625	6577
8625	7206
8625	8218
8625	9423
8625	9648
8629	5148
8629	6745
8629	6844
8629	7370
8629	7699
8629	7949
8629	8262
8629	8739
8629	8991
8629	9663
8629	9764
8629	9848
8629	9882
8635	4310
8635	8587
8635	8999
8635	9666
8635	9933
8643	2783
8643	6603
8643	6789
8643	6870
8643	8135
8643	8276
8643	8675
8643	8787
8643	9148
8643	9211
8643	9605
8644	6603
8644	6893
8644	7366
8644	8135
8644	8276
8644	8518
8644	8675
8644	9605
8650	3109
8650	5028
8650	5067
8650	8663
8650	8861
8650	8886
8650	8987
8650	9010
8650	9369
8650	9575
8650	9629
8650	9981
8653	5525
8653	7243
8653	7435
8653	8493
8653	9760
8654	2597
8654	7546
8654	8006
8654	8475
8654	8849
8654	9610
8655	4021
8655	8100
8655	8992
8655	9175
8655	9917
8659	5431
8659	9238
8659	9408
8659	9612
8659	9842
8659	9934
8663	6873
8663	7488
8663	8650
8663	8708
8663	9226
8663	9931
8665	7136
8665	8772
8665	9729
8665	9847
8667	4650
8667	6464
8667	7290
8667	7416
8667	8024
8667	8846
8667	8992
8667	9634
8667	9955
8673	7271
8673	8708
8673	9226
8673	9629
8673	9931
8675	3881
8675	3900
8675	6873
8675	8466
8675	8518
8675	8643
8675	8644
8675	9211
8675	9605
8678	5785
8678	7422
8678	8060
8678	9117
8678	9469
8678	9745
8705	137
8705	3028
8705	3578
8705	3689
8705	4557
8705	5343
8705	5348
8705	5431
8705	5575
8705	5796
8705	5933
8705	6873
8705	8476
8705	8510
8705	9300
8705	9321
8705	9674
8708	3821
8708	8663
8708	8673
8708	9226
8708	9674
8708	9817
8708	9931
8712	2906
8712	3049
8712	9114
8716	9116
8716	9576
8720	204
8720	5994
8720	7385
8720	7481
8720	7800
8720	8100
8720	8620
8720	8846
8720	9023
8720	9769
8722	5206
8722	6624
8722	6641
8722	7247
8722	7434
8722	8001
8722	8285
8722	9292
8722	9764
8724	4019
8724	4285
8724	7247
8724	7800
8724	8785
8724	8950
8724	9222
8724	9282
8724	9315
8724	9934
8725	3975
8725	9827
8725	9879
8729	731
8729	3562
8729	8547
8729	9399
8729	9469
8739	2721
8739	2814
8739	5968
8739	8294
8739	8629
8739	9101
8739	9125
8739	9931
8746	2857
8746	4246
8746	7339
8746	9453
8746	9577
8746	9689
8746	9810
8750	8988
8752	523
8752	3052
8752	4659
8752	6017
8752	8915
8752	9842
8753	3052
8753	5479
8753	8787
8753	8823
8753	9114
8753	9503
8753	9733
8753	9771
8754	5936
8754	6719
8754	9248
8754	9823
8764	7114
8764	7944
8764	9933
8764	9998
8766	590
8766	4244
8766	4917
8766	6650
8766	7256
8766	7304
8766	7714
8766	7876
8766	8778
8766	9074
8766	9666
8766	9733
8766	9921
8768	4132
8768	6870
8768	7932
8768	8022
8768	9254
8768	9550
8772	407
8772	409
8772	1438
8772	3490
8772	3505
8772	4168
8772	4250
8772	5402
8772	6732
8772	8050
8772	8665
8772	9240
8772	9284
8772	9569
8772	9890
8772	9941
8773	2032
8773	5090
8773	8475
8773	9349
8778	4917
8778	5313
8778	6476
8778	6650
8778	7032
8778	7256
8778	8290
8778	8766
8778	9081
8778	9666
8778	9921
8778	9946
8785	652
8785	3765
8785	7731
8785	8724
8785	9315
8785	9569
8787	3052
8787	5479
8787	6658
8787	8068
8787	8643
8787	8753
8787	9503
8791	2776
8791	6571
8791	7897
8791	9200
8791	9267
8791	9891
8796	5261
8796	9277
8796	9617
8796	9740
8796	9884
8797	748
8797	1254
8797	1589
8797	2241
8797	2776
8797	3161
8797	4070
8797	4328
8797	6383
8797	7621
8797	7721
8797	8102
8797	8409
8797	8426
8797	9009
8801	5386
8801	7946
8801	8026
8801	8916
8812	9009
8812	9637
8812	9829
8819	1589
8819	4246
8819	4808
8819	5393
8819	6095
8819	6607
8819	7419
8819	9241
8819	9262
8819	9300
8819	9429
8819	9520
8823	4505
8823	6085
8823	6364
8823	8753
8823	9788
8825	7077
8825	8133
8825	8894
8825	9247
8825	9399
8825	9870
8845	6650
8845	9240
8845	9351
8845	9387
8845	9955
8846	5863
8846	8667
8846	8720
8846	9026
8846	9803
8849	3774
8849	6745
8849	7256
8849	8006
8849	8654
8849	9262
8849	9420
8861	3109
8861	7093
8861	7154
8861	8615
8861	8650
8861	9232
8861	9575
8861	9629
8861	9754
8861	9764
8861	9870
8862	6722
8862	6824
8862	7714
8862	8084
8862	9041
8862	9218
8862	9275
8875	3881
8875	4019
8875	6591
8875	9579
8875	9930
8876	2979
8876	5933
8876	5994
8876	8977
8876	9035
8876	9274
8876	9939
8886	4416
8886	8595
8886	8650
8886	9232
8886	9754
8886	9763
8886	9981
8888	6084
8888	7593
8888	9437
8888	9575
8894	8825
8894	9247
8897	6479
8897	6753
8897	7542
8897	9564
8898	2688
8898	6350
8898	7272
8898	9654
8898	9810
8899	70
8899	4411
8899	9721
8915	2203
8915	3520
8915	5796
8915	6650
8915	8752
8915	9020
8915	9114
8915	9579
8915	9763
8915	9792
8916	4557
8916	5386
8916	5815
8916	6753
8916	8026
8916	8801
8916	9172
8923	3562
8923	3648
8923	4079
8923	5927
8923	6364
8923	6529
8923	7230
8923	7950
8923	9133
8923	9394
8923	9417
8923	9506
8924	7003
8924	9068
8924	9277
8934	1563
8934	4592
8934	4744
8934	6051
8934	7070
8934	8547
8934	9101
8941	4246
8941	4619
8941	5839
8941	5920
8941	8147
8941	8267
8941	8382
8941	9617
8943	3708
8943	5509
8943	5746
8943	9494
8943	9621
8943	9803
8943	9946
8943	9975
8945	1159
8945	9029
8945	9998
8950	4714
8950	7731
8950	8724
8950	9222
8950	9315
8950	9663
8950	9792
8955	5663
8955	7154
8955	8581
8955	9217
8955	9388
8955	9451
8955	9825
8955	9875
8968	6769
8968	8097
8968	9571
8968	9912
8977	782
8977	4411
8977	5261
8977	5326
8977	5937
8977	5995
8977	6081
8977	8876
8977	9116
8977	9288
8979	8
8979	6977
8979	9422
8979	9640
8987	4173
8987	5028
8987	7093
8987	7154
8987	8615
8987	8650
8987	9232
8987	9575
8987	9754
8988	1159
8988	2906
8988	4427
8988	5875
8988	8217
8988	8394
8988	8750
8988	9208
8988	9768
8988	9788
8988	9939
8991	3216
8991	3881
8991	5738
8991	6700
8991	6745
8991	6966
8991	7699
8991	7949
8991	8035
8991	8448
8991	8629
8991	9663
8991	9882
8992	4446
8992	6062
8992	6196
8992	7003
8992	7114
8992	7406
8992	8155
8992	8596
8992	8655
8992	8667
8992	9300
8992	9404
8992	9513
8992	9605
8995	639
8995	9277
8995	9282
8995	9852
8999	439
8999	2056
8999	5995
8999	6614
8999	7940
8999	8635
8999	9531
8999	9771
8999	9793
9005	6545
9005	8135
9005	8475
9005	9388
9009	748
9009	1254
9009	2241
9009	4055
9009	4070
9009	6383
9009	7209
9009	7621
9009	7623
9009	7721
9009	8102
9009	8426
9009	8797
9009	8812
9009	9026
9010	6650
9010	6848
9010	8043
9010	8650
9010	9066
9010	9637
9010	9934
9014	6739
9014	6935
9014	9293
9014	9343
9014	9690
9014	9837
9020	2921
9020	8136
9020	8244
9020	8418
9020	8915
9020	9114
9020	9443
9020	9579
9020	9763
9020	9792
9023	7481
9023	7800
9023	8620
9023	8720
9023	9558
9023	9769
9025	1150
9025	6063
9025	6547
9025	7611
9025	8236
9025	9541
9025	9660
9025	9901
9026	5663
9026	8846
9026	9009
9029	1159
9029	8945
9029	9660
9029	9823
9035	5479
9035	5839
9035	5994
9035	6185
9035	8876
9035	9081
9035	9274
9041	3161
9041	3375
9041	6607
9041	8862
9041	9261
9041	9327
9041	9663
9044	6017
9044	9513
9044	9733
9056	936
9056	2032
9056	8448
9056	9422
9056	9852
9066	9010
9066	9117
9066	9225
9068	7003
9068	8924
9068	9225
9070	3688
9070	6049
9070	8186
9070	8253
9074	505
9074	2711
9074	7256
9074	7876
9074	8766
9074	9349
9074	9666
9074	9921
9075	3235
9075	6190
9075	9205
9075	9740
9076	3898
9076	4592
9076	4949
9076	6763
9076	6844
9076	6880
9076	7823
9076	8418
9076	9116
9077	1822
9077	7339
9077	7646
9077	9453
9077	9577
9077	9689
9077	9810
9081	1159
9081	5684
9081	6547
9081	8066
9081	8418
9081	8778
9081	9035
9101	5313
9101	5968
9101	7304
9101	7579
9101	8135
9101	8294
9101	8577
9101	8739
9101	8934
9101	9731
9114	2921
9114	7898
9114	8712
9114	8753
9114	8915
9114	9020
9114	9579
9114	9617
9114	9763
9114	9792
9116	535
9116	3881
9116	6451
9116	6806
9116	6844
9116	6880
9116	7823
9116	8716
9116	8977
9116	9076
9117	2352
9117	4683
9117	4845
9117	7358
9117	7428
9117	7501
9117	7717
9117	7738
9117	8054
9117	8678
9117	9066
9117	9419
9117	9671
9117	9891
9123	5869
9123	7925
9123	8587
9123	9315
9123	9648
9123	9842
9125	535
9125	2542
9125	3735
9125	4148
9125	5314
9125	6086
9125	6824
9125	8262
9125	8739
9125	9146
9125	9882
9133	3648
9133	4668
9133	6529
9133	6641
9133	8409
9133	8518
9133	8923
9133	9197
9133	9506
9141	9689
9141	9941
9146	535
9146	1716
9146	3735
9146	3821
9146	4148
9146	5314
9146	6086
9146	6824
9146	7256
9146	8276
9146	9125
9146	9539
9148	6185
9148	7621
9148	8487
9148	8643
9148	9387
9148	9917
9150	8067
9150	9238
9154	1254
9154	9469
9160	1080
9160	6700
9171	7501
9172	8217
9172	8916
9172	9654
9175	3774
9175	7070
9175	8100
9175	8655
9197	4173
9197	6880
9197	7519
9197	8043
9197	9133
9197	9648
9197	9933
9200	2979
9200	6672
9200	6768
9200	7232
9200	7358
9200	8409
9200	8791
9200	9722
9200	9901
9205	6185
9205	8054
9205	9075
9205	9628
9208	2906
9208	6806
9208	8217
9208	8394
9208	8988
9208	9768
9208	9788
9208	9939
9211	657
9211	2005
9211	4904
9211	5386
9211	6063
9211	6603
9211	7428
9211	8135
9211	8262
9211	8643
9211	8675
9211	9577
9211	9890
9217	5375
9217	5521
9217	8030
9217	8524
9217	8569
9217	8955
9217	9363
9217	9451
9217	9539
9217	9825
9218	7714
9218	8067
9218	8862
9218	9275
9219	48
9219	1498
9219	7861
9219	8280
9219	9628
9219	9974
9222	652
9222	1890
9222	2790
9222	4019
9222	8724
9222	8950
9222	9241
9222	9315
9222	9350
9222	9586
9222	9912
9225	865
9225	8276
9225	9066
9225	9068
9226	4070
9226	5261
9226	6368
9226	8663
9226	8673
9226	8708
9226	9931
9232	2169
9232	3060
9232	4173
9232	4258
9232	4964
9232	5103
9232	6768
9232	7093
9232	7154
9232	8001
9232	8400
9232	8429
9232	8595
9232	8615
9232	8861
9232	8886
9232	8987
9232	9315
9232	9575
9232	9629
9232	9754
9232	9810
9232	9924
9232	9963
9232	9981
9238	4650
9238	8584
9238	8659
9238	9150
9238	9408
9238	9612
9238	9771
9238	9934
9240	4960
9240	8772
9240	8845
9240	9351
9240	9934
9240	9955
9241	4732
9241	4795
9241	5576
9241	8030
9241	8135
9241	8819
9241	9222
9241	9262
9241	9300
9241	9429
9241	9520
9247	2711
9247	7077
9247	7925
9247	8825
9247	8894
9247	9921
9248	7205
9248	7639
9248	8754
9248	9370
9253	578
9253	3089
9253	3999
9253	5028
9253	5543
9253	5600
9253	6201
9253	9267
9253	9941
9253	9963
9254	813
9254	3785
9254	5326
9254	6768
9254	7205
9254	8768
9261	4845
9261	6095
9261	6270
9261	7996
9261	8569
9261	8581
9261	9041
9261	9327
9261	9610
9261	9803
9261	9900
9262	3685
9262	6607
9262	7631
9262	8030
9262	8331
9262	8819
9262	8849
9262	9241
9262	9300
9262	9429
9262	9520
9267	8
9267	4759
9267	5028
9267	7000
9267	7042
9267	7130
9267	8791
9267	9253
9267	9763
9268	813
9268	8366
9268	9882
9274	5933
9274	5994
9274	8876
9274	9035
9274	9407
9275	7714
9275	8862
9275	9218
9277	3445
9277	6944
9277	8796
9277	8924
9277	8995
9277	9419
9277	9551
9277	9837
9280	51
9280	3633
9280	5920
9280	6568
9280	7157
9280	8001
9280	8022
9280	8331
9280	9486
9280	9875
9282	2449
9282	3199
9282	6634
9282	7546
9282	8724
9282	8995
9284	3821
9284	4159
9284	7370
9284	7463
9284	7876
9284	8290
9284	8569
9284	8772
9284	9326
9286	1525
9286	7290
9286	7416
9286	8024
9286	8068
9286	9634
9288	442
9288	1179
9288	3441
9288	4383
9288	4411
9288	5037
9288	5261
9288	6081
9288	6209
9288	8977
9288	9503
9290	5617
9290	8177
9290	8623
9292	2145
9292	5206
9292	6624
9292	6641
9292	6935
9292	7434
9292	8285
9292	8722
9293	1570
9293	4338
9293	6739
9293	9014
9293	9690
9293	9864
9298	5409
9298	7290
9298	9733
9299	7925
9299	9417
9299	9467
9299	9848
9299	9858
9300	3685
9300	4732
9300	4808
9300	5576
9300	7136
9300	7419
9300	7631
9300	8030
9300	8399
9300	8705
9300	8819
9300	8992
9300	9241
9300	9262
9300	9429
9300	9520
9301	7339
9301	8577
9301	8584
9301	9634
9315	2541
9315	2790
9315	2993
9315	6754
9315	7247
9315	7621
9315	8724
9315	8785
9315	8950
9315	9123
9315	9222
9315	9232
9315	9764
9321	137
9321	1438
9321	2936
9321	3028
9321	3578
9321	3689
9321	4901
9321	5343
9321	5431
9321	5575
9321	6873
9321	8510
9321	8705
9321	9829
9326	4159
9326	4550
9326	5446
9326	5637
9326	6461
9326	7370
9326	8290
9326	8569
9326	9284
9326	9423
9326	9745
9327	3375
9327	6806
9327	8581
9327	9041
9327	9261
9327	9575
9343	801
9343	1042
9343	6739
9343	6935
9343	9014
9343	9666
9343	9690
9349	2169
9349	8507
9349	8773
9349	9074
9349	9571
9350	409
9350	4168
9350	5402
9350	5566
9350	6086
9350	6732
9350	8050
9350	9222
9350	9569
9351	6603
9351	8845
9351	9240
9351	9955
9363	4827
9363	5521
9363	6417
9363	8524
9363	9217
9363	9451
9363	9575
9363	9825
9365	7056
9365	7950
9365	8035
9369	1252
9369	8650
9369	9443
9369	9702
9370	8
9370	7546
9370	7639
9370	8186
9370	9248
9370	9722
9370	9764
9379	2715
9379	4557
9379	8217
9379	8448
9383	2056
9383	4550
9385	3735
9385	3881
9385	5920
9385	6568
9385	9576
9385	9939
9387	8845
9387	9148
9387	9768
9388	6039
9388	6306
9388	8100
9388	8577
9388	8955
9388	9005
9394	5028
9394	6098
9394	6568
9394	7077
9394	7126
9394	7267
9394	8923
9394	9419
9394	9663
9394	9679
9394	9828
9394	9939
9395	1923
9395	8400
9395	9497
9399	1159
9399	2409
9399	4482
9399	5001
9399	6634
9399	8133
9399	8729
9399	8825
9399	9494
9399	9621
9399	9803
9399	9946
9400	5393
9400	7042
9400	7712
9400	9419
9404	6054
9404	7003
9404	7032
9404	7304
9404	7667
9404	8992
9404	9571
9404	9925
9407	5968
9407	7579
9407	8294
9407	8409
9407	9274
9407	9724
9408	4165
9408	8399
9408	8584
9408	8659
9408	9238
9408	9420
9408	9564
9408	9934
9417	4560
9417	8400
9417	8923
9417	9299
9417	9679
9419	586
9419	1121
9419	1497
9419	3219
9419	4115
9419	6098
9419	6368
9419	7126
9419	7267
9419	7873
9419	8088
9419	8213
9419	8220
9419	8487
9419	8601
9419	9117
9419	9277
9419	9394
9419	9400
9419	9679
9419	9828
9420	3201
9420	3661
9420	6553
9420	8475
9420	8849
9420	9408
9420	9610
9420	9732
9421	2449
9421	2493
9421	8510
9421	9539
9421	9612
9422	5446
9422	7755
9422	8979
9422	9056
9422	9775
9423	5202
9423	8625
9423	9326
9429	5393
9429	5576
9429	6607
9429	8399
9429	8819
9429	9241
9429	9262
9429	9300
9429	9520
9437	5261
9437	8888
9443	3381
9443	9020
9443	9369
9443	9674
9443	9702
9450	6469
9450	8623
9451	5521
9451	5663
9451	6417
9451	6943
9451	7949
9451	8524
9451	8955
9451	9217
9451	9363
9451	9825
9451	9884
9453	1822
9453	2857
9453	5148
9453	6722
9453	7646
9453	8605
9453	8746
9453	9077
9453	9577
9453	9689
9453	9810
9462	3898
9462	5375
9462	8302
9462	9617
9462	9764
9462	9921
9462	9941
9467	2352
9467	3633
9467	9299
9469	1822
9469	6722
9469	8678
9469	8729
9469	9154
9486	116
9486	1798
9486	3633
9486	6568
9486	6577
9486	7222
9486	8001
9486	8146
9486	8155
9486	8331
9486	8487
9486	8553
9486	9280
9486	9875
9488	1121
9488	1332
9488	6557
9488	6707
9488	8324
9488	9550
9488	9743
9494	2936
9494	4482
9494	5863
9494	5886
9494	8133
9494	8943
9494	9399
9494	9621
9494	9803
9494	9931
9494	9946
9497	1923
9497	2177
9497	8400
9497	9395
9497	9648
9497	9702
9503	2200
9503	5034
9503	6658
9503	7519
9503	8753
9503	8787
9503	9288
9506	4079
9506	6368
9506	6469
9506	8217
9506	8923
9506	9133
9506	9721
9506	9828
9507	4
9507	6451
9507	9601
9513	1798
9513	4446
9513	4766
9513	6062
9513	7406
9513	8155
9513	8596
9513	8992
9513	9044
9520	1589
9520	2239
9520	4795
9520	5576
9520	5637
9520	6607
9520	8399
9520	8819
9520	9241
9520	9262
9520	9300
9520	9429
9520	9721
9530	5941
9530	7222
9530	7390
9530	8066
9530	9806
9531	8999
9531	9974
9539	7638
9539	9146
9539	9217
9539	9421
9541	4447
9541	6461
9541	8394
9541	8487
9541	9025
9541	9637
9541	9900
9550	1121
9550	5525
9550	6707
9550	8768
9550	9488
9550	9743
9551	2241
9551	5626
9551	6789
9551	7862
9551	8294
9551	8553
9551	9277
9551	9792
9558	204
9558	3555
9558	7481
9558	7800
9558	8426
9558	9023
9558	9769
9564	2088
9564	4427
9564	4827
9564	5199
9564	5994
9564	6640
9564	7232
9564	8897
9564	9408
9564	9724
9569	409
9569	1438
9569	1930
9569	4168
9569	4294
9569	5402
9569	7873
9569	8050
9569	8244
9569	8772
9569	8785
9569	9350
9569	9612
9569	9785
9569	9803
9570	4803
9570	5261
9570	8244
9571	634
9571	4795
9571	4892
9571	7593
9571	7999
9571	8968
9571	9349
9571	9404
9574	3170
9574	4560
9574	6049
9574	7230
9574	7755
9574	7873
9574	8264
9575	4416
9575	4720
9575	5028
9575	5217
9575	7154
9575	8595
9575	8615
9575	8618
9575	8650
9575	8861
9575	8888
9575	8987
9575	9232
9575	9327
9575	9363
9575	9629
9575	9754
9575	9981
9576	3170
9576	6309
9576	8716
9576	9385
9577	1822
9577	4246
9577	7339
9577	7646
9577	8746
9577	9077
9577	9211
9577	9453
9577	9689
9577	9810
9579	2921
9579	3520
9579	7419
9579	7638
9579	8875
9579	8915
9579	9020
9579	9114
9579	9743
9579	9763
9579	9792
9579	9931
9583	731
9583	4927
9583	6190
9583	7390
9586	7780
9586	9222
9586	9803
9601	3235
9601	5886
9601	7495
9601	9507
9601	9610
9601	9870
9605	3900
9605	6603
9605	8262
9605	8276
9605	8518
9605	8581
9605	8643
9605	8644
9605	8675
9605	8992
9610	2597
9610	3774
9610	3975
9610	6912
9610	7519
9610	7546
9610	8006
9610	8294
9610	8507
9610	8654
9610	9261
9610	9420
9610	9601
9610	9801
9612	8584
9612	8659
9612	9238
9612	9421
9612	9569
9612	9689
9612	9934
9617	6309
9617	8236
9617	8796
9617	8941
9617	9114
9617	9462
9621	4482
9621	6650
9621	8133
9621	8943
9621	9399
9621	9494
9621	9771
9621	9803
9621	9946
9628	48
9628	5067
9628	7623
9628	7923
9628	8280
9628	9205
9628	9219
9628	9846
9628	9864
9629	3109
9629	4720
9629	7093
9629	7631
9629	8595
9629	8615
9629	8650
9629	8673
9629	8861
9629	9232
9629	9575
9629	9754
9629	9981
9634	1280
9634	2371
9634	3081
9634	4246
9634	7290
9634	7416
9634	8024
9634	8553
9634	8667
9634	9286
9634	9301
9635	8581
9637	4411
9637	7753
9637	8812
9637	9010
9637	9541
9637	9810
9640	2203
9640	3381
9640	5685
9640	6966
9640	8563
9640	8979
9648	4550
9648	7519
9648	8043
9648	8587
9648	8625
9648	9123
9648	9197
9648	9497
9648	9833
9648	9933
9654	7272
9654	7677
9654	8898
9654	9172
9660	1159
9660	8615
9660	9025
9660	9029
9660	9872
9663	3881
9663	4115
9663	5148
9663	5738
9663	6700
9663	6745
9663	6966
9663	7699
9663	7949
9663	8629
9663	8950
9663	8991
9663	9041
9663	9394
9663	9823
9663	9882
9666	2918
9666	4244
9666	6650
9666	7876
9666	8635
9666	8766
9666	8778
9666	9074
9666	9343
9666	9788
9666	9870
9666	9921
9671	6039
9671	8400
9671	9117
9674	2884
9674	6614
9674	8705
9674	8708
9674	9443
9679	1107
9679	3219
9679	6098
9679	8088
9679	8213
9679	8601
9679	9394
9679	9417
9679	9419
9679	9690
9679	9828
9686	2610
9686	9902
9689	2857
9689	4246
9689	6880
9689	7339
9689	7646
9689	7947
9689	8155
9689	8746
9689	9077
9689	9141
9689	9453
9689	9577
9689	9612
9689	9810
9690	801
9690	4338
9690	6739
9690	6935
9690	8524
9690	9014
9690	9293
9690	9343
9690	9679
9690	9842
9690	9858
9695	3917
9695	4427
9695	4902
9695	5085
9695	7370
9695	7611
9695	7702
9695	7898
9695	8298
9695	8491
9702	1252
9702	4428
9702	5600
9702	9369
9702	9443
9702	9497
9721	6754
9721	6870
9721	8899
9721	9506
9721	9520
9722	5034
9722	7366
9722	8476
9722	9200
9722	9370
9724	6051
9724	8006
9724	9407
9724	9564
9729	3555
9729	6113
9729	6769
9729	8623
9729	8665
9729	9847
9730	4522
9730	6353
9730	7639
9730	7862
9730	8366
9730	9846
9731	3685
9731	3688
9731	6353
9731	6464
9731	8253
9731	9101
9732	1042
9732	9420
9733	2430
9733	3929
9733	7126
9733	7929
9733	8753
9733	8766
9733	9044
9733	9298
9733	9764
9733	9902
9740	48
9740	8796
9740	9075
9740	9769
9743	3685
9743	6641
9743	6707
9743	9488
9743	9550
9743	9579
9745	4294
9745	4714
9745	6003
9745	7422
9745	8678
9745	9326
9754	3386
9754	4416
9754	4720
9754	7093
9754	7339
9754	8054
9754	8861
9754	8886
9754	8987
9754	9232
9754	9575
9754	9629
9754	9837
9754	9981
9760	5386
9760	5566
9760	7546
9760	8653
9763	6624
9763	8886
9763	8915
9763	9020
9763	9114
9763	9267
9763	9579
9763	9792
9764	5322
9764	7639
9764	8236
9764	8629
9764	8722
9764	8861
9764	9315
9764	9370
9764	9462
9764	9733
9768	70
9768	469
9768	731
9768	1042
9768	2790
9768	2906
9768	3999
9768	6634
9768	7639
9768	8217
9768	8394
9768	8988
9768	9208
9768	9387
9768	9775
9768	9788
9768	9939
9769	204
9769	1727
9769	2623
9769	3555
9769	4022
9769	4081
9769	7290
9769	7416
9769	7800
9769	8620
9769	8720
9769	9023
9769	9558
9769	9740
9771	2056
9771	4904
9771	6553
9771	6614
9771	7114
9771	7940
9771	8753
9771	8999
9771	9238
9771	9621
9771	9793
9771	9828
9775	7755
9775	7780
9775	7861
9775	8001
9775	9422
9775	9768
9785	3708
9785	9569
9785	9801
9785	9890
9788	70
9788	469
9788	1042
9788	2906
9788	5217
9788	6634
9788	8026
9788	8217
9788	8394
9788	8823
9788	8988
9788	9208
9788	9666
9788	9768
9788	9939
9792	4059
9792	4168
9792	7638
9792	7944
9792	8915
9792	8950
9792	9020
9792	9114
9792	9551
9792	9579
9792	9763
9792	9930
9793	439
9793	2056
9793	2857
9793	6553
9793	7940
9793	8999
9793	9771
9795	7647
9795	8097
9795	9993
9801	1282
9801	1798
9801	4416
9801	4882
9801	6017
9801	8487
9801	9610
9801	9785
9801	9890
9803	2409
9803	2952
9803	3651
9803	3708
9803	4482
9803	4917
9803	7183
9803	8563
9803	8846
9803	8943
9803	9261
9803	9399
9803	9494
9803	9569
9803	9586
9803	9621
9803	9946
9806	1159
9806	6753
9806	7390
9806	9530
9810	2857
9810	4246
9810	6270
9810	7339
9810	7646
9810	7861
9810	8746
9810	8898
9810	9077
9810	9232
9810	9453
9810	9577
9810	9637
9810	9689
9817	4446
9817	6095
9817	6943
9817	7209
9817	7717
9817	8708
9823	381
9823	2088
9823	3095
9823	4729
9823	6312
9823	8366
9823	8394
9823	8528
9823	8550
9823	8754
9823	9029
9823	9663
9823	9846
9825	4904
9825	5663
9825	6417
9825	8524
9825	8955
9825	9217
9825	9363
9825	9451
9827	661
9827	5145
9827	6417
9827	6461
9827	7388
9827	8725
9827	9970
9828	954
9828	4115
9828	5097
9828	8088
9828	8601
9828	9394
9828	9419
9828	9506
9828	9679
9828	9771
9829	1254
9829	7962
9829	8812
9829	9321
9833	801
9833	2177
9833	5765
9833	6871
9833	7949
9833	8235
9833	8577
9833	9648
9833	9923
9834	936
9834	7272
9834	8290
9834	9872
9837	1511
9837	3060
9837	3353
9837	6650
9837	7699
9837	7881
9837	9014
9837	9277
9837	9754
9842	5869
9842	8587
9842	8659
9842	8752
9842	9123
9842	9690
9846	4936
9846	5479
9846	6312
9846	7862
9846	8550
9846	9628
9846	9730
9846	9823
9846	9923
9847	2979
9847	5261
9847	8461
9847	8665
9847	9729
9848	2572
9848	3170
9848	3929
9848	4560
9848	4882
9848	5090
9848	5199
9848	5765
9848	6049
9848	6306
9848	6640
9848	7230
9848	8264
9848	8298
9848	8629
9848	9299
9852	936
9852	2032
9852	4427
9852	6309
9852	8995
9852	9056
9858	2409
9858	4294
9858	4383
9858	5517
9858	9299
9858	9690
9859	4173
9859	8448
9864	48
9864	1498
9864	4328
9864	5067
9864	6722
9864	7861
9864	8280
9864	9293
9864	9628
9864	9925
9870	6700
9870	7611
9870	8825
9870	8861
9870	9601
9870	9666
9870	9970
9872	399
9872	4149
9872	7923
9872	7980
9872	8264
9872	8302
9872	8426
9872	8475
9872	8476
9872	9660
9872	9834
9875	51
9875	3633
9875	6568
9875	6577
9875	7157
9875	8001
9875	8022
9875	8331
9875	8487
9875	8547
9875	8955
9875	9280
9875	9486
9879	442
9879	6571
9879	8450
9879	8620
9879	8725
9879	9902
9879	9923
9882	359
9882	2715
9882	3216
9882	5148
9882	5738
9882	6700
9882	6745
9882	6966
9882	7949
9882	8035
9882	8629
9882	8991
9882	9125
9882	9268
9882	9663
9882	9939
9884	5259
9884	6185
9884	7032
9884	8796
9884	9451
9884	9924
9885	1176
9885	3161
9885	6469
9885	8324
9885	8361
9885	9891
9885	9998
9890	4383
9890	4882
9890	6944
9890	8493
9890	8772
9890	9211
9890	9785
9890	9801
9890	9981
9891	2352
9891	4244
9891	5839
9891	7358
9891	7428
9891	7501
9891	7738
9891	7925
9891	8054
9891	8791
9891	9117
9891	9885
9900	2952
9900	3386
9900	7646
9900	9261
9900	9541
9900	9970
9901	3049
9901	3661
9901	4306
9901	4447
9901	5509
9901	8236
9901	8476
9901	9025
9901	9200
9902	5600
9902	6086
9902	6692
9902	6977
9902	7481
9902	9686
9902	9733
9902	9879
9912	1923
9912	2056
9912	8968
9912	9222
9917	2200
9917	2430
9917	4285
9917	6185
9917	6547
9917	7138
9917	8655
9917	9148
9921	1542
9921	2711
9921	4917
9921	7947
9921	8766
9921	8778
9921	9074
9921	9247
9921	9462
9921	9666
9923	8235
9923	9833
9923	9846
9923	9879
9923	9939
9923	9981
9924	7032
9924	9232
9924	9884
9925	3600
9925	4427
9925	4729
9925	8285
9925	9404
9925	9864
9930	3814
9930	6946
9930	8875
9930	9792
9931	5097
9931	7388
9931	8663
9931	8673
9931	8708
9931	8739
9931	9226
9931	9494
9931	9579
9931	9993
9933	6641
9933	7519
9933	8528
9933	8635
9933	8764
9933	9197
9933	9648
9934	586
9934	4165
9934	4416
9934	7070
9934	7873
9934	8290
9934	8584
9934	8659
9934	8724
9934	9010
9934	9238
9934	9240
9934	9408
9934	9612
9939	70
9939	469
9939	731
9939	1042
9939	1525
9939	2906
9939	4936
9939	5199
9939	5217
9939	6634
9939	8217
9939	8394
9939	8876
9939	8988
9939	9208
9939	9385
9939	9394
9939	9768
9939	9788
9939	9882
9939	9923
9941	8022
9941	8411
9941	8466
9941	8772
9941	9141
9941	9253
9941	9462
9941	9963
9946	2409
9946	3708
9946	4482
9946	5431
9946	8133
9946	8778
9946	8943
9946	9399
9946	9494
9946	9621
9946	9803
9955	3505
9955	3708
9955	4949
9955	7546
9955	8667
9955	8845
9955	9240
9955	9351
9963	2203
9963	3089
9963	5409
9963	6017
9963	6158
9963	6201
9963	8411
9963	8466
9963	9232
9963	9253
9963	9941
9970	8518
9970	9827
9970	9870
9970	9900
9974	3462
9974	5696
9974	6417
9974	7301
9974	9219
9974	9531
9975	3774
9975	8285
9975	8943
9981	1628
9981	3060
9981	3109
9981	3381
9981	4258
9981	5076
9981	5521
9981	8595
9981	8615
9981	8650
9981	8886
9981	9232
9981	9575
9981	9629
9981	9754
9981	9890
9981	9923
9993	2239
9993	3093
9993	5085
9993	6464
9993	7098
9993	7243
9993	8084
9993	8146
9993	8324
9993	9795
9993	9931
9998	5101
9998	5543
9998	7944
9998	8764
9998	8945
9998	9885
