11	9593
24	4178
36	9022
84	8969
139	9067
186	9217
186	9581
203	5057
203	8275
203	9924
203	9926
207	8076
228	4578
228	5478
228	6714
228	8005
228	8391
228	9270
228	9877
248	5096
255	3268
255	8435
255	9446
306	2486
306	6447
306	7214
306	8070
306	8274
306	8391
306	9054
307	6700
307	9826
443	9106
518	9923
524	2845
524	3004
524	3120
524	3322
524	8835
553	6651
553	9139
555	9985
621	5192
621	7891
624	7065
624	9996
626	6651
626	8719
633	6724
633	7464
633	8183
633	8632
633	9445
633	9996
675	9022
675	9755
676	7230
676	9358
699	2402
699	4043
757	6107
760	7571
760	9405
787	1166
787	5788
787	8792
790	4012
790	9646
792	5125
792	8782
792	9125
792	9146
817	2667
817	6180
817	6215
817	6587
817	8754
883	4826
883	9157
885	9445
885	9621
885	9803
893	4631
893	4698
893	8435
893	9446
898	6122
915	4352
915	7303
915	8567
959	3760
959	9593
1070	4392
1072	4982
1108	8805
1108	9106
1115	3735
1115	4659
1115	4725
1115	5638
1115	8773
1115	9399
1115	9494
1128	3735
1128	5848
1136	9163
1136	9602
1166	787
1166	5407
1166	9536
1180	5133
1180	5748
1180	6070
1180	7933
1180	9642
1180	9812
1182	4869
1218	4298
1218	8682
1238	3447
1238	4486
1238	4638
1238	6388
1238	7309
1238	9858
1245	6070
1245	9502
1245	9538
1245	9787
1290	9561
1294	6428
1294	8808
1294	9491
1296	1689
1308	5406
1308	9522
1310	6428
1310	8808
1310	9100
1310	9491
1367	8881
1367	9118
1385	9985
1412	4605
1412	7146
1412	8038
1412	8291
1413	5682
1413	9019
1565	4982
1565	9532
1573	4683
1573	6407
1573	7770
1573	8109
1576	6749
1576	7914
1576	8800
1576	9732
1581	9344
1613	6355
1613	6728
1613	7891
1613	8873
1613	9222
1613	9315
1613	9340
1613	9650
1634	5863
1634	7820
1634	9426
1639	3121
1639	5582
1639	7230
1639	8264
1639	9361
1639	9560
1678	9170
1678	9722
1678	9866
1689	1296
1689	2772
1689	3555
1689	4959
1689	8674
1689	8739
1689	9157
1689	9781
1691	9170
1691	9722
1691	9866
1715	4798
1715	6388
1715	6497
1715	7770
1715	9462
1715	9521
1715	9626
1715	9772
1723	4709
1723	8878
1723	9616
1794	6386
1794	6767
1794	7075
1794	9532
1804	3673
1804	3956
1804	4536
1929	8435
1929	9446
1950	3998
1950	5832
1950	9118
1960	7093
1960	9232
1960	9876
1981	9117
1981	9650
1992	9255
1992	9780
2019	5728
2019	6972
2019	9371
2019	9870
2036	6180
2036	8777
2036	8793
2036	9196
2036	9536
2056	6553
2066	5575
2066	8133
2066	8489
2138	8567
2241	8698
2241	8797
2243	7871
2243	8318
2243	8873
2243	9959
2256	9118
2256	9550
2282	4770
2282	5213
2282	7810
2301	6060
2301	6388
2301	9742
2301	9804
2304	9170
2304	9722
2304	9866
2334	3198
2334	8373
2334	9139
2352	7428
2352	7738
2352	9117
2356	3401
2356	3779
2356	6570
2356	6861
2356	9399
2356	9446
2356	9755
2356	9946
2373	6424
2373	9167
2402	699
2402	2689
2402	3877
2402	4342
2402	7303
2402	8632
2403	8109
2403	9100
2404	3902
2404	4825
2404	5406
2404	7565
2404	8306
2404	8833
2404	9589
2404	9744
2427	5476
2427	8469
2427	9717
2440	5441
2440	9680
2464	9542
2464	9825
2486	306
2486	5854
2486	7174
2486	9877
2497	7565
2497	9744
2531	5017
2531	7891
2563	9589
2613	8312
2613	9581
2644	5704
2644	8161
2667	817
2671	7217
2676	5192
2676	7891
2689	2402
2689	8183
2700	9371
2701	5388
2701	9985
2702	9602
2702	9711
2702	9843
2702	9944
2703	8719
2703	9106
2705	4683
2705	6407
2705	9812
2724	4298
2724	8139
2724	9044
2724	9742
2724	9804
2725	6155
2725	6512
2725	6945
2725	9948
2729	4891
2729	7519
2757	9908
2764	6386
2772	1689
2772	5638
2772	6699
2772	8062
2782	4085
2782	5370
2782	6726
2782	8892
2783	8904
2783	9490
2783	9725
2788	6699
2808	5528
2808	9870
2819	4826
2819	6643
2819	8005
2819	9877
2820	3121
2820	6761
2820	7367
2845	524
2845	4747
2845	8294
2845	9473
2845	9826
2868	9071
2895	7680
2895	8904
2898	5096
2898	6744
2898	8062
2898	8318
2898	8455
2898	8674
2898	9500
2898	9550
2900	6155
2900	9787
2902	4770
2902	5798
2902	5956
2902	6128
2902	8195
2902	8967
2902	9389
2902	9592
2902	9779
2927	9637
2936	3689
2936	5575
2936	6561
2936	9494
2941	6519
2941	8827
3004	524
3031	7839
3031	9878
3049	8712
3049	9106
3051	5406
3065	5169
3065	9203
3076	7707
3076	9528
3096	3561
3096	6726
3096	6989
3096	9782
3096	9865
3120	524
3120	7184
3120	8713
3121	1639
3121	2820
3121	4503
3121	5099
3121	5909
3121	6283
3121	6761
3121	9597
3121	9994
3137	6651
3137	9876
3170	7298
3170	9574
3170	9627
3170	9848
3198	2334
3198	5857
3198	7671
3198	8798
3198	9139
3198	9744
3219	9419
3219	9588
3252	6700
3252	9663
3268	255
3268	3319
3268	3322
3268	6335
3268	6388
3268	6421
3268	8668
3268	8889
3268	9446
3281	4698
3281	9859
3319	3268
3319	8435
3319	8576
3319	9446
3322	524
3322	3268
3322	4631
3322	6171
3322	7042
3322	7184
3322	7839
3322	8435
3322	9446
3376	9029
3401	2356
3428	9680
3428	9878
3428	9924
3428	9926
3429	8881
3433	4649
3433	6742
3433	7416
3433	8460
3433	9044
3433	9287
3433	9445
3433	9733
3433	9956
3447	1238
3447	9858
3458	8062
3458	9500
3458	9781
3471	6403
3471	6724
3471	8036
3471	8048
3490	5476
3490	7891
3490	9843
3490	9944
3490	9995
3500	3735
3524	7891
3524	8388
3524	9843
3524	9944
3524	9995
3527	7286
3527	9170
3527	9866
3532	4654
3532	5443
3532	7325
3532	8380
3532	8489
3532	9374
3532	9495
3532	9768
3555	1689
3561	3096
3561	8269
3581	7580
3581	9812
3597	9170
3597	9490
3597	9725
3598	4989
3598	8696
3616	9528
3647	5225
3647	6699
3673	1804
3689	2936
3689	4169
3700	9389
3700	9780
3708	8133
3708	9445
3708	9803
3708	9946
3735	1115
3735	1128
3735	3500
3735	6799
3735	6824
3735	9089
3735	9125
3735	9146
3735	9385
3760	959
3760	5219
3760	9484
3760	9657
3778	5528
3778	7274
3778	8792
3779	2356
3779	7719
3779	8754
3846	9573
3877	2402
3877	7146
3877	8632
3877	8892
3902	2404
3902	7466
3902	9574
3902	9744
3954	6023
3954	6484
3954	7439
3954	7640
3954	7680
3956	1804
3974	5395
3974	6666
3974	8140
3975	6726
3976	4905
3976	7065
3998	1950
3998	5182
3998	5676
3998	7774
3998	8833
3998	8881
4012	790
4012	7039
4012	8379
4012	8696
4012	8710
4025	4725
4025	6861
4025	9421
4025	9445
4025	9494
4025	9621
4032	5717
4032	5728
4032	9861
4043	699
4043	8430
4043	9744
4067	9197
4067	9627
4084	6403
4085	2782
4085	6023
4085	9464
4085	9926
4086	9058
4086	9971
4110	6180
4110	9106
4123	6320
4123	9945
4123	9996
4169	3689
4169	5395
4169	6130
4169	7303
4169	7531
4173	5300
4173	7093
4173	8303
4173	9197
4173	9232
4173	9659
4173	9859
4175	8274
4178	24
4178	7388
4178	7785
4178	8315
4178	9776
4178	9985
4200	8435
4200	8576
4200	9446
4236	7658
4236	9442
4236	9698
4238	5638
4238	9157
4262	8481
4262	9174
4262	9698
4269	8011
4283	5246
4283	9561
4291	6298
4291	8046
4298	1218
4298	2724
4298	4519
4298	4773
4298	7153
4298	8111
4298	8139
4298	9742
4298	9804
4312	6421
4312	6700
4312	8940
4317	9157
4342	2402
4342	9717
4352	915
4352	8567
4352	8851
4357	7571
4364	4519
4364	6742
4364	7891
4392	1070
4392	7011
4392	7337
4392	7738
4402	4654
4402	6045
4402	7273
4402	7480
4405	4747
4405	9473
4405	9602
4405	9826
4407	7061
4407	8765
4412	5370
4412	7769
4486	1238
4503	3121
4503	9616
4506	5406
4507	7573
4507	8765
4507	9431
4507	9580
4519	4298
4519	4364
4519	4658
4519	5311
4519	9088
4519	9797
4527	7658
4527	9194
4536	1804
4536	5407
4536	8820
4559	8274
4578	228
4578	7214
4578	8005
4578	8046
4578	9702
4605	1412
4605	8291
4605	8500
4605	8873
4605	9877
4631	893
4631	3322
4631	5776
4631	8576
4631	9446
4638	1238
4638	9593
4638	9698
4638	9744
4638	9985
4649	3433
4649	9733
4649	9956
4651	5246
4651	5263
4651	6023
4654	3532
4654	4402
4654	7516
4654	9444
4655	6990
4658	4519
4658	9088
4658	9573
4659	1115
4659	8752
4659	8815
4659	8907
4676	8461
4676	8765
4676	9431
4683	1573
4683	2705
4683	7383
4683	9117
4683	9755
4684	9958
4684	9971
4698	893
4698	3281
4698	5825
4698	6553
4698	7846
4698	8140
4703	5717
4703	6823
4703	7464
4703	9724
4703	9755
4709	1723
4709	8264
4709	9018
4709	9811
4711	6570
4711	7764
4711	9445
4711	9521
4711	9621
4711	9637
4711	9946
4725	1115
4725	4025
4725	8336
4725	8907
4725	9172
4725	9350
4725	9399
4725	9445
4725	9592
4725	9803
4725	9946
4728	7616
4747	2845
4747	4405
4747	4826
4747	7217
4747	9191
4747	9473
4747	9782
4747	9826
4747	9906
4765	7933
4770	2282
4770	2902
4770	9779
4773	4298
4773	9473
4773	9517
4773	9731
4783	8111
4783	8139
4783	9742
4783	9804
4788	7565
4798	1715
4809	6508
4809	9344
4809	9956
4825	2404
4825	5582
4825	7648
4825	9071
4825	9744
4826	883
4826	2819
4826	4747
4826	7432
4826	9032
4868	7580
4868	9741
4868	9751
4869	1182
4869	8005
4869	8391
4869	8402
4869	9255
4869	9529
4869	9877
4877	6146
4877	6699
4877	9646
4877	9741
4877	9751
4891	2729
4891	5832
4891	9085
4891	9797
4905	3976
4905	7648
4905	9389
4905	9755
4918	8062
4959	1689
4968	9861
4982	1072
4982	1565
4982	5118
4982	7596
4982	9038
4982	9259
4983	6100
4983	8071
4983	8105
4989	3598
4989	5096
4989	7464
4989	9061
4989	9768
4989	9874
5001	6071
5001	9399
5017	2531
5017	9541
5022	8318
5034	7027
5034	9722
5057	203
5057	5848
5057	8712
5057	9174
5084	8111
5084	8318
5084	9959
5087	6424
5087	9479
5087	9685
5090	7027
5090	7230
5090	8773
5090	9502
5090	9528
5090	9627
5090	9848
5096	248
5096	2898
5096	4989
5096	7028
5099	3121
5099	9442
5099	9994
5112	7565
5112	8668
5112	9170
5112	9971
5118	4982
5118	6045
5118	7027
5118	7230
5118	7479
5118	7558
5118	7711
5118	8071
5118	8264
5118	9627
5118	9736
5118	9848
5125	792
5125	7891
5125	9486
5125	9875
5130	6023
5131	8567
5131	9596
5133	1180
5133	7295
5133	7648
5139	8139
5139	9742
5139	9804
5153	9157
5169	3065
5169	6386
5169	6727
5169	8698
5182	3998
5182	8661
5191	6659
5191	8430
5191	8481
5191	9561
5192	621
5192	2676
5192	6280
5199	6045
5199	9502
5199	9528
5199	9560
5199	9848
5199	9939
5206	8318
5206	8502
5213	2282
5213	7810
5219	3760
5219	8502
5219	8748
5219	9484
5219	9657
5225	3647
5225	6727
5225	7075
5225	8698
5225	9532
5234	6079
5234	6714
5234	8576
5234	9924
5245	7558
5245	8461
5245	8765
5245	9431
5246	4283
5246	4651
5246	9445
5259	6712
5259	9112
5259	9926
5263	4651
5263	5288
5263	6761
5263	9358
5263	9625
5272	6155
5272	9780
5278	6323
5281	7565
5288	5263
5288	8323
5288	8810
5288	9390
5288	9625
5288	9994
5300	4173
5311	4519
5311	9030
5311	9399
5311	9490
5332	7042
5332	7480
5332	9085
5332	9315
5352	6060
5352	6385
5352	7214
5352	8046
5352	9371
5352	9529
5358	8040
5358	8342
5358	8812
5367	7658
5367	8228
5367	9174
5367	9442
5367	9866
5370	2782
5370	4412
5370	5804
5370	6284
5370	6979
5370	8076
5370	8270
5371	6956
5371	9399
5388	2701
5395	3974
5395	4169
5395	6512
5395	7146
5395	7303
5395	8567
5395	8632
5395	9661
5404	6317
5404	7788
5404	8104
5404	8933
5406	1308
5406	2404
5406	3051
5406	4506
5406	5582
5407	1166
5407	4536
5407	5676
5407	8489
5407	8798
5407	9032
5407	9299
5407	9715
5407	9782
5429	5710
5429	6793
5429	8062
5429	9781
5441	2440
5441	9680
5443	3532
5443	8879
5449	9904
5476	2427
5476	3490
5476	5909
5476	7325
5476	9625
5476	9994
5478	228
5478	5708
5478	8808
5478	9175
5478	9491
5487	9112
5487	9203
5487	9876
5487	9924
5487	9926
5515	6074
5515	9385
5515	9597
5515	9772
5528	2808
5528	3778
5528	6250
5528	8051
5528	9064
5528	9698
5528	9870
5528	9876
5532	7383
5532	7463
5532	8668
5553	8572
5553	9464
5553	9550
5553	9663
5553	9743
5556	6323
5556	9768
5560	7565
5560	8363
5560	9071
5560	9744
5560	9874
5575	2066
5575	2936
5575	5676
5575	6873
5575	7153
5582	1639
5582	4825
5582	5406
5582	7595
5607	6700
5614	7286
5614	8412
5614	9573
5614	9866
5635	8133
5635	9399
5635	9494
5635	9621
5635	9803
5638	1115
5638	2772
5638	4238
5638	8674
5638	8724
5638	9030
5638	9875
5658	9344
5658	9637
5660	6180
5660	9619
5676	3998
5676	5407
5676	5575
5676	5832
5676	6136
5676	6704
5676	7571
5676	7782
5676	8881
5676	9118
5676	9176
5682	1413
5682	6317
5682	7788
5682	8104
5682	8933
5682	9069
5697	6541
5697	7021
5697	7846
5697	8016
5704	2644
5704	9542
5708	5478
5708	6428
5708	7009
5708	9100
5708	9491
5710	5429
5710	8062
5710	8925
5710	9030
5710	9985
5710	9996
5717	4032
5717	4703
5717	6307
5717	7267
5717	9680
5717	9806
5720	9058
5720	9529
5720	9581
5720	9617
5728	2019
5728	4032
5728	9525
5742	7891
5742	8388
5742	9602
5742	9866
5742	9923
5742	9944
5742	9995
5748	1180
5756	8564
5756	8567
5756	8724
5756	9923
5776	4631
5776	6699
5776	9741
5776	9751
5781	6926
5781	8228
5781	9698
5788	787
5788	5909
5788	8812
5798	2902
5798	9390
5804	5370
5804	8502
5804	9118
5825	4698
5825	9642
5832	1950
5832	4891
5832	5676
5832	7782
5832	8466
5832	9118
5841	5996
5841	6262
5841	6699
5841	9157
5841	9362
5841	9400
5841	9685
5848	1128
5848	5057
5848	7464
5848	8712
5854	2486
5854	6849
5854	7764
5854	9812
5857	3198
5857	6177
5857	6419
5857	9810
5863	1634
5863	8139
5863	9494
5863	9876
5863	9973
5866	7673
5866	7883
5909	3121
5909	5476
5909	5788
5909	8323
5909	8892
5922	8489
5922	9299
5922	9711
5922	9782
5956	2902
5956	7869
5956	8109
5981	6122
5981	9574
5984	6570
5984	9445
5984	9494
5984	9517
5984	9946
5996	5841
6006	8140
6006	8513
6006	9924
6023	3954
6023	4085
6023	4651
6023	5130
6023	7684
6023	8833
6023	9937
6027	9680
6045	4402
6045	5118
6045	5199
6045	6160
6045	7027
6045	8969
6045	9560
6045	9574
6049	7295
6049	8853
6049	9528
6049	9574
6049	9627
6049	9848
6056	9574
6056	9593
6056	9713
6060	2301
6060	5352
6060	7464
6067	7841
6067	8765
6070	1180
6070	1245
6070	6155
6070	7648
6070	9538
6070	9713
6070	9787
6071	5001
6071	7680
6074	5515
6074	6785
6074	7463
6074	7769
6074	8591
6074	9067
6074	9385
6074	9597
6074	9985
6079	5234
6079	6388
6079	7444
6079	9593
6079	9858
6080	7027
6080	7181
6080	8452
6080	9361
6080	9560
6080	9574
6080	9627
6096	8765
6100	4983
6100	7093
6100	8105
6100	8111
6100	9170
6106	7658
6106	9232
6106	9574
6106	9754
6106	9858
6107	757
6107	6274
6107	6355
6107	9819
6107	9904
6116	7464
6116	9022
6116	9085
6116	9874
6122	898
6122	5981
6122	7571
6122	9061
6122	9508
6122	9613
6122	9616
6125	7096
6125	9071
6128	2902
6128	8767
6128	8967
6128	9779
6130	4169
6130	7146
6130	8183
6130	8502
6130	8567
6130	8632
6130	8851
6136	5676
6136	7782
6136	8513
6136	8881
6136	9118
6146	4877
6146	8572
6146	8773
6146	9464
6146	9550
6146	9743
6155	2725
6155	2900
6155	5272
6155	6070
6155	9018
6155	9528
6155	9538
6155	9722
6155	9908
6156	8040
6160	6045
6160	7337
6160	8800
6171	3322
6171	8572
6171	9001
6171	9865
6177	5857
6177	9085
6177	9542
6180	817
6180	2036
6180	4110
6180	5660
6180	7800
6180	9561
6180	9971
6215	817
6215	7719
6215	8754
6215	9911
6230	7871
6230	8318
6230	8509
6230	9959
6243	9698
6245	6335
6245	8427
6245	8566
6245	9419
6245	9494
6245	9588
6250	5528
6250	7274
6262	5841
6262	7444
6262	9858
6274	6107
6274	9270
6274	9538
6274	9787
6274	9814
6274	9908
6280	5192
6280	7841
6283	3121
6284	5370
6284	6447
6284	7124
6284	7439
6284	8502
6298	4291
6298	7804
6298	9032
6298	9299
6298	9782
6306	8815
6306	8907
6306	9491
6306	9848
6307	5717
6307	6553
6307	8889
6307	9720
6307	9806
6317	5404
6317	5682
6317	7298
6317	7788
6317	8011
6317	8104
6317	8111
6317	8541
6317	8712
6317	8933
6320	4123
6320	8822
6320	8878
6320	9945
6323	5278
6323	5556
6323	6989
6323	8161
6323	9442
6323	9865
6335	3268
6335	6245
6335	9596
6339	6793
6339	7384
6339	9596
6355	1613
6355	6107
6355	9315
6355	9650
6356	7717
6356	9736
6356	9780
6362	8040
6385	5352
6385	8005
6385	9529
6385	9877
6386	1794
6386	2764
6386	5169
6386	6767
6386	7075
6386	7888
6386	8698
6386	9532
6388	1238
6388	1715
6388	2301
6388	3268
6388	6079
6388	6956
6388	7444
6388	9442
6388	9593
6388	9858
6392	6945
6392	8003
6392	9637
6403	3471
6403	4084
6403	8318
6403	8375
6403	8851
6403	9959
6407	1573
6407	2705
6407	7383
6407	7463
6407	9259
6407	9946
6419	5857
6419	9085
6419	9876
6421	3268
6421	4312
6421	7159
6421	8435
6421	9446
6423	8051
6423	8139
6424	2373
6424	5087
6424	6570
6424	7005
6424	7439
6424	8805
6424	9399
6424	9445
6424	9494
6424	9621
6424	9946
6428	1294
6428	1310
6428	5708
6428	7701
6428	7841
6428	8698
6428	8808
6428	9100
6428	9491
6439	7933
6439	8696
6447	306
6447	6284
6447	9019
6479	6659
6479	7159
6479	8782
6484	3954
6484	6538
6484	8502
6484	9394
6486	6659
6486	7146
6486	8183
6486	8567
6486	8632
6486	8851
6497	1715
6497	9462
6497	9626
6497	9772
6497	9776
6508	4809
6508	9761
6512	2725
6512	5395
6512	7127
6512	7883
6512	8452
6512	9495
6512	9731
6512	9948
6519	2941
6519	6699
6519	8716
6519	9536
6519	9625
6538	6484
6538	7717
6538	9367
6538	9645
6541	5697
6541	9385
6541	9680
6553	2056
6553	4698
6553	6307
6553	7011
6553	7777
6553	9420
6561	2936
6561	8765
6570	2356
6570	4711
6570	5984
6570	6424
6570	7764
6570	9029
6570	9399
6570	9494
6570	9946
6579	7501
6579	7738
6579	7925
6579	8793
6579	9117
6579	9489
6579	9924
6586	7158
6586	7839
6586	8773
6586	9532
6587	817
6593	7680
6593	7804
6593	8380
6593	9299
6593	9539
6593	9715
6633	7217
6643	2819
6643	7214
6643	8827
6643	9022
6643	9163
6643	9619
6643	9724
6643	9755
6643	9924
6646	9848
6651	553
6651	626
6651	3137
6651	7782
6651	8373
6651	8798
6651	9959
6659	5191
6659	6479
6659	6486
6659	7571
6659	7583
6659	8481
6659	9698
6666	3974
6666	6767
6666	8109
6666	8682
6666	9525
6674	9371
6674	9754
6699	2772
6699	2788
6699	3647
6699	4877
6699	5776
6699	5841
6699	6519
6699	7630
6699	9275
6699	9350
6699	9741
6699	9751
6700	307
6700	3252
6700	4312
6700	5607
6700	7949
6700	8005
6700	8713
6700	8991
6700	9663
6700	9870
6704	5676
6704	6761
6704	7774
6704	8513
6704	8881
6704	9118
6706	9287
6706	9299
6706	9367
6712	5259
6712	9054
6712	9698
6714	228
6714	5234
6714	8070
6714	8360
6715	7184
6715	9814
6724	633
6724	3471
6724	7571
6724	8275
6724	8810
6726	2782
6726	3096
6726	3975
6726	7274
6726	7905
6726	8892
6726	9313
6727	5169
6727	5225
6727	6926
6727	8698
6727	9167
6727	9532
6728	1613
6728	9810
6731	8318
6731	9754
6731	9755
6740	8070
6740	8360
6740	9743
6742	3433
6742	4364
6742	8861
6744	2898
6744	7081
6744	7366
6744	9313
6749	1576
6749	7286
6749	7676
6749	7849
6749	8330
6749	8412
6749	8782
6749	8878
6749	9170
6749	9722
6749	9866
6761	2820
6761	3121
6761	5263
6761	6704
6767	1794
6767	6386
6767	6666
6767	7075
6767	8698
6767	9532
6775	7065
6775	8812
6775	9194
6785	6074
6785	7820
6785	9385
6785	9597
6785	9637
6793	5429
6793	6339
6793	7278
6793	7565
6793	8363
6793	9071
6793	9593
6793	9743
6793	9744
6799	3735
6799	6824
6799	7337
6799	9146
6823	4703
6824	3735
6824	6799
6824	7711
6824	9125
6824	9146
6849	5854
6849	9755
6861	2356
6861	4025
6861	7005
6861	9445
6861	9494
6861	9803
6861	9946
6873	5575
6885	7616
6885	7764
6885	7785
6885	8312
6885	8837
6885	9581
6911	7479
6911	7777
6911	8805
6911	8867
6911	9203
6919	8046
6919	8274
6919	9529
6919	9877
6921	7571
6926	5781
6926	6727
6926	9444
6926	9615
6945	2725
6945	6392
6945	7717
6945	8003
6945	8038
6945	9344
6945	9637
6945	9944
6956	5371
6956	6388
6972	2019
6972	7061
6979	5370
6979	7439
6989	3096
6989	6323
6989	9001
6989	9865
6990	4655
6990	8040
6990	8810
6990	9715
7005	6424
7005	6861
7005	9399
7005	9445
7005	9494
7005	9621
7005	9803
7009	5708
7009	8264
7009	8765
7009	8808
7009	9100
7009	9491
7009	9528
7009	9780
7011	4392
7011	6553
7011	8076
7011	8822
7011	8867
7011	9924
7017	7571
7017	8089
7017	9810
7021	5697
7021	7891
7021	7973
7021	8879
7027	5034
7027	5090
7027	5118
7027	6045
7027	6080
7027	7295
7027	7889
7027	8381
7027	8853
7027	8969
7027	9528
7027	9539
7027	9627
7027	9717
7028	5096
7028	9864
7039	4012
7039	7335
7039	8858
7039	8940
7039	9619
7042	3322
7042	5332
7042	7878
7042	8269
7042	9267
7042	9400
7042	9797
7050	8011
7050	9389
7061	4407
7061	6972
7061	8306
7061	9118
7065	624
7065	3976
7065	6775
7065	8294
7065	8770
7065	9194
7065	9405
7065	9445
7065	9702
7071	7891
7071	8303
7071	9602
7071	9711
7071	9843
7071	9944
7071	9995
7075	1794
7075	5225
7075	6386
7075	6767
7075	8698
7075	8820
7075	9532
7081	6744
7081	9217
7093	1960
7093	4173
7093	6100
7093	8861
7093	9232
7093	9754
7093	9876
7096	6125
7096	8303
7124	6284
7124	7782
7124	8051
7124	9532
7127	6512
7127	7444
7127	9495
7146	1412
7146	3877
7146	5395
7146	6130
7146	6486
7146	7269
7146	7303
7146	7432
7146	7531
7146	8632
7146	8851
7146	9419
7153	4298
7153	5575
7158	6586
7158	8773
7159	6421
7159	6479
7169	8430
7169	9486
7172	7558
7172	8481
7172	9589
7174	2486
7174	9371
7174	9416
7181	6080
7181	7298
7181	8853
7181	9361
7181	9528
7181	9574
7181	9627
7181	9926
7184	3120
7184	3322
7184	6715
7184	7701
7184	9580
7214	306
7214	4578
7214	5352
7214	6643
7214	8046
7217	2671
7217	4747
7217	6633
7217	7335
7217	8161
7217	8777
7217	8793
7217	9196
7217	9996
7230	676
7230	1639
7230	5090
7230	5118
7230	7354
7230	8541
7230	8853
7230	8969
7230	9490
7230	9574
7230	9848
7262	9787
7262	9908
7267	5717
7267	7786
7267	8161
7267	9394
7267	9419
7269	7146
7269	9645
7273	4402
7273	7480
7273	7516
7273	8712
7273	9945
7274	3778
7274	6250
7274	6726
7278	6793
7278	7466
7278	7558
7278	9071
7286	3527
7286	5614
7286	6749
7286	7676
7286	8782
7286	9170
7286	9232
7295	5133
7295	6049
7295	7027
7295	8853
7295	8969
7295	9361
7295	9528
7295	9560
7295	9731
7298	3170
7298	6317
7298	7181
7298	8264
7298	8541
7298	8853
7298	8969
7298	9361
7298	9560
7298	9657
7298	9848
7298	9864
7303	915
7303	2402
7303	4169
7303	5395
7303	7146
7303	8183
7309	1238
7325	3532
7325	5476
7325	7804
7325	9299
7325	9715
7325	9782
7327	9030
7327	9157
7327	9500
7327	9781
7335	7039
7335	7217
7337	4392
7337	6160
7337	6799
7337	9814
7354	7230
7354	7878
7354	9267
7354	9722
7366	6744
7366	7788
7366	9580
7366	9722
7366	9956
7367	2820
7367	8076
7372	7583
7372	7769
7372	8092
7372	8933
7372	9698
7372	9733
7383	4683
7383	5532
7383	6407
7384	6339
7384	9061
7384	9157
7384	9751
7384	9973
7388	4178
7388	9776
7388	9985
7414	8822
7414	9445
7416	3433
7416	8342
7416	9985
7428	2352
7428	7682
7428	9054
7428	9117
7428	9538
7432	4826
7432	7146
7439	3954
7439	6284
7439	6424
7439	6979
7439	8904
7439	9659
7444	6079
7444	6262
7444	6388
7444	7127
7444	9495
7444	9593
7444	9858
7455	7480
7463	5532
7463	6074
7463	6407
7463	7770
7464	633
7464	4703
7464	4989
7464	5848
7464	6060
7464	6116
7464	8384
7464	9100
7464	9532
7464	9619
7464	9724
7464	9755
7464	9874
7464	9923
7466	3902
7466	7278
7466	7565
7466	8363
7466	9071
7466	9744
7479	5118
7479	6911
7479	7777
7479	8867
7479	9350
7480	4402
7480	5332
7480	7273
7480	7455
7480	7770
7501	6579
7501	7682
7501	7925
7501	8054
7501	9054
7501	9117
7501	9626
7516	4654
7516	7273
7516	9146
7516	9702
7519	2729
7519	8303
7519	9197
7528	7871
7528	8139
7528	9680
7528	9736
7531	4169
7531	7146
7531	8567
7531	8851
7558	5118
7558	5245
7558	7172
7558	7278
7558	7637
7558	8461
7558	8765
7558	9400
7558	9431
7558	9479
7561	7933
7561	9722
7565	2404
7565	2497
7565	4788
7565	5112
7565	5281
7565	5560
7565	6793
7565	7466
7565	8363
7565	8818
7565	9034
7565	9071
7565	9744
7571	760
7571	4357
7571	5676
7571	6122
7571	6659
7571	6724
7571	6921
7571	7017
7571	9405
7571	9635
7573	4507
7573	8461
7573	8765
7573	9431
7580	3581
7580	4868
7580	8246
7580	9741
7580	9751
7583	6659
7583	7372
7583	8481
7583	9442
7583	9663
7583	9698
7595	5582
7595	9532
7596	4982
7596	8105
7596	9259
7596	9627
7596	9806
7616	4728
7616	6885
7616	7813
7616	7902
7616	9877
7630	6699
7630	8016
7637	7558
7637	8461
7637	8765
7637	9431
7640	3954
7640	8967
7640	9764
7648	4825
7648	4905
7648	5133
7648	6070
7648	7933
7648	9538
7648	9908
7648	9944
7658	4236
7658	4527
7658	5367
7658	6106
7658	7769
7658	8469
7658	8481
7658	9399
7658	9574
7658	9698
7671	3198
7671	7889
7671	8373
7671	9038
7671	9139
7671	9490
7671	9637
7673	5866
7673	7804
7673	8380
7673	9032
7673	9299
7673	9715
7673	9782
7673	9908
7676	6749
7676	7286
7676	8318
7676	8412
7676	8782
7676	9255
7676	9722
7676	9826
7676	9866
7680	2895
7680	3954
7680	6071
7680	6593
7680	7804
7680	8380
7680	9032
7680	9715
7680	9782
7682	7428
7682	7501
7682	7925
7682	8054
7682	9054
7682	9117
7684	6023
7684	9054
7701	6428
7701	7184
7701	8940
7701	9561
7707	3076
7707	8567
7707	9741
7711	5118
7711	6824
7711	8780
7711	9125
7711	9146
7711	9371
7711	9878
7717	6356
7717	6538
7717	6945
7717	9024
7717	9117
7717	9367
7719	3779
7719	6215
7719	8071
7719	8754
7719	9473
7721	8567
7721	8797
7721	9592
7738	2352
7738	4392
7738	6579
7738	8054
7738	9054
7738	9117
7764	4711
7764	5854
7764	6570
7764	6885
7764	7872
7764	8312
7764	9058
7764	9581
7764	9743
7769	4412
7769	6074
7769	7372
7769	7658
7769	9174
7769	9442
7770	1573
7770	1715
7770	7463
7770	7480
7774	3998
7774	6704
7774	8513
7774	8881
7774	9118
7774	9532
7777	6553
7777	6911
7777	7479
7777	8076
7782	5676
7782	5832
7782	6136
7782	6651
7782	7124
7782	8391
7782	8513
7782	8881
7782	9118
7785	4178
7785	6885
7785	9876
7785	9985
7786	7267
7786	8566
7788	5404
7788	5682
7788	6317
7788	7366
7788	8104
7788	9069
7800	6180
7800	8724
7800	9022
7804	6298
7804	6593
7804	7325
7804	7673
7804	7680
7804	8907
7804	9032
7804	9085
7804	9715
7804	9764
7804	9825
7810	2282
7810	5213
7810	7872
7810	8040
7810	9058
7813	7616
7813	8710
7813	9390
7813	9906
7820	1634
7820	6785
7837	9024
7837	9085
7837	9367
7839	3031
7839	3322
7839	6586
7839	8221
7839	8342
7839	8716
7839	9663
7839	9755
7839	9878
7841	6067
7841	6280
7841	6428
7841	8264
7841	9772
7846	4698
7846	5697
7846	8016
7846	8712
7846	9249
7849	6749
7849	9069
7849	9416
7869	5956
7869	8452
7869	8878
7869	8904
7869	9588
7869	9731
7869	9864
7869	9948
7871	2243
7871	6230
7871	7528
7871	8318
7871	8767
7871	9521
7871	9959
7872	7764
7872	7810
7872	8312
7872	9058
7878	7042
7878	7354
7878	8269
7878	9267
7878	9400
7883	5866
7883	6512
7883	8576
7883	9270
7883	9663
7888	6386
7888	9055
7888	9144
7888	9615
7888	9621
7888	9814
7889	7027
7889	7671
7889	8373
7889	9038
7889	9139
7891	621
7891	1613
7891	2531
7891	2676
7891	3490
7891	3524
7891	4364
7891	5125
7891	5742
7891	7021
7891	7071
7891	8303
7891	8599
7891	8858
7891	9061
7891	9358
7891	9602
7891	9944
7891	9995
7902	7616
7902	8719
7902	8805
7902	9106
7902	9939
7905	6726
7914	1576
7914	9732
7925	6579
7925	7501
7925	7682
7925	9054
7925	9247
7925	9299
7933	1180
7933	4765
7933	6439
7933	7561
7933	7648
7933	9174
7933	9538
7933	9787
7933	9908
7933	9985
7949	6700
7949	8991
7949	9663
7973	7021
7973	8306
7973	8851
8003	6392
8003	6945
8003	8812
8003	8867
8003	9637
8005	228
8005	2819
8005	4578
8005	4869
8005	6385
8005	6700
8005	8274
8005	8391
8005	9877
8011	4269
8011	6317
8011	7050
8011	8104
8011	8878
8011	8933
8011	9069
8016	5697
8016	7630
8016	7846
8016	9560
8016	9789
8036	3471
8036	8048
8036	8092
8036	8427
8036	8566
8036	9419
8036	9617
8038	1412
8038	6945
8038	8509
8038	8812
8038	8827
8038	9344
8040	5358
8040	6156
8040	6362
8040	6990
8040	7810
8040	9109
8040	9144
8040	9528
8046	4291
8046	4578
8046	5352
8046	6919
8046	7214
8046	8391
8048	3471
8048	8036
8048	8427
8048	9174
8048	9394
8048	9419
8051	5528
8051	6423
8051	7124
8051	9100
8054	7501
8054	7682
8054	7738
8054	9054
8054	9117
8054	9615
8054	9754
8062	2772
8062	2898
8062	3458
8062	4918
8062	5429
8062	5710
8062	8312
8062	8925
8062	9157
8062	9350
8062	9500
8070	306
8070	6714
8070	6740
8071	4983
8071	5118
8071	7719
8071	8105
8071	8221
8071	8449
8071	9500
8076	207
8076	5370
8076	7011
8076	7367
8076	7777
8076	8867
8076	9176
8089	7017
8089	9764
8089	9780
8089	9797
8092	7372
8092	8036
8092	8183
8092	9374
8092	9421
8092	9539
8092	9958
8104	5404
8104	5682
8104	6317
8104	7788
8104	8011
8104	9069
8105	4983
8105	6100
8105	7596
8105	8071
8105	9106
8105	9797
8105	9959
8109	1573
8109	2403
8109	5956
8109	6666
8109	9525
8111	4298
8111	4783
8111	5084
8111	6100
8111	6317
8111	8139
8111	9445
8111	9742
8111	9804
8133	2066
8133	3708
8133	5635
8133	9055
8133	9399
8133	9445
8133	9494
8133	9621
8133	9946
8139	2724
8139	4298
8139	4783
8139	5139
8139	5863
8139	6423
8139	7528
8139	8111
8139	8201
8139	9615
8139	9742
8139	9804
8140	3974
8140	4698
8140	6006
8140	9642
8140	9848
8140	9906
8161	2644
8161	6323
8161	7217
8161	7267
8161	9528
8161	9542
8183	633
8183	2689
8183	6130
8183	6486
8183	7303
8183	8092
8183	8567
8183	8632
8183	8851
8183	9367
8183	9819
8195	2902
8195	8967
8195	9779
8195	9948
8199	8713
8199	8907
8201	8139
8201	9126
8221	7839
8221	8071
8221	9878
8228	5367
8228	5781
8228	8303
8228	9174
8228	9698
8246	7580
8246	8264
8264	1639
8264	4709
8264	5118
8264	7009
8264	7298
8264	7841
8264	8246
8264	9361
8264	9502
8264	9528
8264	9560
8264	9574
8264	9848
8269	3561
8269	7042
8269	7878
8269	9267
8270	5370
8270	9244
8270	9904
8270	9923
8274	306
8274	4175
8274	4559
8274	6919
8274	8005
8274	8319
8274	8391
8274	8500
8274	9522
8274	9529
8274	9877
8275	203
8275	6724
8275	9112
8275	9797
8275	9804
8275	9924
8275	9926
8291	1412
8291	4605
8291	9824
8291	9861
8294	2845
8294	7065
8294	8739
8294	9194
8294	9522
8303	4173
8303	7071
8303	7096
8303	7519
8303	7891
8303	8228
8303	8599
8303	8940
8303	9061
8303	9390
8303	9444
8303	9711
8303	9944
8303	9995
8306	2404
8306	7061
8306	7973
8312	2613
8312	6885
8312	7764
8312	7872
8312	8062
8312	9581
8315	4178
8315	9267
8315	9287
8315	9385
8315	9405
8318	2243
8318	2898
8318	5022
8318	5084
8318	5206
8318	6230
8318	6403
8318	6731
8318	7676
8318	7871
8318	8767
8318	9959
8319	8274
8319	8336
8319	9361
8323	5288
8323	5909
8323	8661
8323	9061
8323	9625
8323	9776
8323	9994
8330	6749
8330	9029
8336	4725
8336	8319
8342	5358
8342	7416
8342	7839
8342	9313
8342	9494
8360	6714
8360	6740
8360	9525
8363	5560
8363	6793
8363	7466
8363	7565
8363	8991
8363	9071
8363	9744
8373	2334
8373	6651
8373	7671
8373	7889
8373	9139
8375	6403
8379	4012
8379	8696
8379	9249
8379	9958
8380	3532
8380	6593
8380	7673
8380	7680
8380	9299
8380	9715
8381	7027
8381	8713
8381	9973
8384	7464
8384	9163
8384	9619
8384	9724
8384	9755
8384	9874
8384	9908
8388	3524
8388	5742
8388	8599
8388	9061
8388	9602
8388	9711
8388	9843
8388	9864
8388	9944
8388	9995
8391	228
8391	306
8391	4869
8391	7782
8391	8005
8391	8046
8391	8274
8391	9529
8402	4869
8402	9522
8402	9592
8402	9946
8412	5614
8412	6749
8412	7676
8412	8719
8412	8782
8412	9313
8412	9399
8412	9722
8412	9866
8427	6245
8427	8036
8427	8048
8427	9249
8427	9419
8427	9588
8427	9878
8430	4043
8430	5191
8430	7169
8430	8879
8430	9344
8430	9985
8435	255
8435	893
8435	1929
8435	3319
8435	3322
8435	4200
8435	6421
8435	8576
8435	9446
8435	9904
8449	8071
8449	8461
8452	6080
8452	6512
8452	7869
8452	9731
8452	9995
8455	2898
8455	8469
8455	9720
8460	3433
8460	9044
8460	9956
8461	4676
8461	5245
8461	7558
8461	7573
8461	7637
8461	8449
8461	8765
8461	9431
8466	5832
8466	9034
8466	9698
8469	2427
8469	7658
8469	8455
8469	9596
8481	4262
8481	5191
8481	6659
8481	7172
8481	7583
8481	7658
8481	9038
8481	9442
8481	9580
8481	9698
8481	9724
8489	2066
8489	3532
8489	5407
8489	5922
8489	9782
8489	9806
8489	9877
8500	4605
8500	8274
8502	5206
8502	5219
8502	5804
8502	6130
8502	6284
8502	6484
8509	6230
8509	8038
8509	9602
8509	9772
8513	6006
8513	6136
8513	6704
8513	7774
8513	7782
8513	8881
8513	9118
8541	6317
8541	7230
8541	7298
8541	8853
8541	8969
8541	9502
8541	9528
8541	9560
8541	9574
8541	9627
8541	9848
8564	5756
8564	9724
8564	9971
8566	6245
8566	7786
8566	8036
8566	9394
8566	9588
8567	915
8567	2138
8567	4352
8567	5131
8567	5395
8567	5756
8567	6130
8567	6486
8567	7531
8567	7707
8567	7721
8567	8183
8567	8774
8567	8851
8567	9744
8572	5553
8572	6146
8572	6171
8572	9394
8572	9426
8572	9464
8572	9550
8572	9743
8576	3319
8576	4200
8576	4631
8576	5234
8576	7883
8576	8435
8576	9446
8576	9819
8591	6074
8591	9067
8591	9385
8591	9958
8599	7891
8599	8303
8599	8388
8599	9061
8599	9602
8599	9711
8599	9843
8599	9944
8632	633
8632	2402
8632	3877
8632	5395
8632	6130
8632	6486
8632	7146
8632	8183
8632	8851
8632	9203
8661	5182
8661	8323
8661	9536
8661	9625
8661	9994
8668	3268
8668	5112
8668	5532
8668	9733
8668	9971
8674	1689
8674	2898
8674	5638
8674	9030
8674	9109
8674	9500
8674	9781
8682	1218
8682	6666
8682	9157
8696	3598
8696	4012
8696	6439
8696	8379
8696	9877
8698	2241
8698	5169
8698	5225
8698	6386
8698	6428
8698	6727
8698	6767
8698	7075
8698	9532
8698	9780
8698	9782
8710	4012
8710	7813
8710	9390
8710	9502
8710	9617
8710	9906
8712	3049
8712	5057
8712	5848
8712	6317
8712	7273
8712	7846
8712	9244
8712	9358
8713	3120
8713	6700
8713	8199
8713	8381
8713	9663
8716	6519
8716	7839
8716	9030
8719	626
8719	2703
8719	7902
8719	8412
8719	9106
8719	9663
8724	5638
8724	5756
8724	7800
8724	9058
8724	9222
8724	9315
8724	9650
8739	1689
8739	8294
8739	9125
8739	9194
8739	9431
8748	5219
8748	9426
8748	9529
8748	9657
8752	4659
8752	8907
8754	817
8754	3779
8754	6215
8754	7719
8754	9126
8765	4407
8765	4507
8765	4676
8765	5245
8765	6067
8765	6096
8765	6561
8765	7009
8765	7558
8765	7573
8765	7637
8765	8461
8765	9431
8767	6128
8767	7871
8767	8318
8767	9959
8770	7065
8770	9661
8773	1115
8773	5090
8773	6146
8773	6586
8773	7158
8774	8567
8774	9713
8777	2036
8777	7217
8777	9196
8777	9484
8777	9743
8777	9864
8780	7711
8780	9405
8780	9959
8782	792
8782	6479
8782	6749
8782	7286
8782	7676
8782	8412
8782	9170
8782	9722
8782	9866
8792	787
8792	3778
8793	2036
8793	6579
8793	7217
8793	9196
8797	2241
8797	7721
8797	8907
8797	9593
8798	3198
8798	5407
8798	6651
8798	9139
8798	9313
8800	1576
8800	6160
8805	1108
8805	6424
8805	6911
8805	7902
8805	9106
8808	1294
8808	1310
8808	5478
8808	6428
8808	7009
8808	9100
8808	9491
8808	9581
8810	5288
8810	6724
8810	6990
8810	9619
8810	9908
8810	9959
8812	5358
8812	5788
8812	6775
8812	8003
8812	8038
8812	9637
8815	4659
8815	6306
8818	7565
8820	4536
8820	7075
8822	6320
8822	7011
8822	7414
8822	9826
8827	2941
8827	6643
8827	8038
8827	9344
8827	9367
8833	2404
8833	3998
8833	6023
8833	9426
8833	9937
8835	524
8835	8940
8837	6885
8837	9780
8851	4352
8851	6130
8851	6403
8851	6486
8851	7146
8851	7531
8851	7973
8851	8183
8851	8567
8851	8632
8851	9125
8851	9702
8851	9804
8853	6049
8853	7027
8853	7181
8853	7230
8853	7295
8853	7298
8853	8541
8853	8969
8853	9361
8853	9416
8853	9502
8853	9528
8853	9574
8853	9627
8853	9702
8858	7039
8858	7891
8858	9615
8861	6742
8861	7093
8861	9232
8861	9754
8861	9764
8861	9870
8861	9906
8867	6911
8867	7011
8867	7479
8867	8003
8867	8076
8867	9163
8867	9442
8873	1613
8873	2243
8873	4605
8873	9659
8873	9725
8878	1723
8878	6320
8878	6749
8878	7869
8878	8011
8878	9646
8879	5443
8879	7021
8879	8430
8879	9715
8881	1367
8881	3429
8881	3998
8881	5676
8881	6136
8881	6704
8881	7774
8881	7782
8881	8513
8881	9118
8881	9126
8881	9529
8889	3268
8889	6307
8889	9299
8889	9806
8889	9861
8892	2782
8892	3877
8892	5909
8892	6726
8892	9500
8904	2783
8904	2895
8904	7439
8904	7869
8904	9490
8904	9725
8904	9744
8904	9761
8907	4659
8907	4725
8907	6306
8907	7804
8907	8199
8907	8752
8907	8797
8907	9539
8907	9875
8925	5710
8925	8062
8925	9030
8925	9500
8925	9781
8933	5404
8933	5682
8933	6317
8933	7372
8933	8011
8933	9069
8933	9994
8940	4312
8940	7039
8940	7701
8940	8303
8940	8835
8967	2902
8967	6128
8967	7640
8967	8195
8967	9592
8967	9627
8967	9779
8969	84
8969	6045
8969	7027
8969	7230
8969	7295
8969	7298
8969	8541
8969	8853
8969	9361
8969	9421
8969	9462
8969	9528
8969	9560
8969	9574
8969	9627
8969	9642
8969	9811
8991	6700
8991	7949
8991	8363
8991	9491
8991	9663
9001	6171
9001	6989
9001	9542
9018	4709
9018	6155
9018	9019
9019	1413
9019	6447
9019	9018
9019	9724
9022	36
9022	675
9022	6116
9022	6643
9022	7800
9022	9299
9022	9399
9022	9592
9022	9724
9022	9755
9022	9874
9024	7717
9024	7837
9029	3376
9029	6570
9029	8330
9029	9484
9029	9581
9029	9824
9030	5311
9030	5638
9030	5710
9030	7327
9030	8674
9030	8716
9030	8925
9030	9157
9030	9290
9030	9781
9032	4826
9032	5407
9032	6298
9032	7673
9032	7680
9032	7804
9032	9299
9032	9715
9034	7565
9034	8466
9034	9420
9034	9589
9038	4982
9038	7671
9038	7889
9038	8481
9038	9259
9038	9811
9044	2724
9044	3433
9044	8460
9044	9733
9044	9956
9054	306
9054	6712
9054	7428
9054	7501
9054	7682
9054	7684
9054	7738
9054	7925
9054	8054
9054	9117
9055	7888
9055	8133
9055	9144
9055	9814
9058	4086
9058	5720
9058	7764
9058	7810
9058	7872
9058	8724
9058	9581
9061	4989
9061	6122
9061	7384
9061	7891
9061	8303
9061	8323
9061	8388
9061	8599
9061	9602
9061	9711
9061	9843
9061	9944
9061	9995
9064	5528
9064	9085
9067	139
9067	6074
9067	8591
9067	9494
9067	9876
9069	5682
9069	7788
9069	7849
9069	8011
9069	8104
9069	8933
9071	2868
9071	4825
9071	5560
9071	6125
9071	6793
9071	7278
9071	7466
9071	7565
9071	8363
9071	9489
9071	9744
9085	4891
9085	5332
9085	6116
9085	6177
9085	6419
9085	7804
9085	7837
9085	9064
9088	4519
9088	4658
9088	9426
9088	9797
9089	3735
9089	9405
9100	1310
9100	2403
9100	5708
9100	6428
9100	7009
9100	7464
9100	8051
9100	8808
9100	9139
9100	9491
9106	443
9106	1108
9106	2703
9106	3049
9106	4110
9106	7902
9106	8105
9106	8719
9106	8805
9106	9290
9106	9724
9106	9824
9106	9946
9109	8040
9109	8674
9109	9167
9109	9744
9112	5259
9112	5487
9112	8275
9112	9445
9112	9924
9112	9926
9117	1981
9117	2352
9117	4683
9117	6579
9117	7428
9117	7501
9117	7682
9117	7717
9117	7738
9117	8054
9117	9054
9117	9419
9117	9473
9118	1367
9118	1950
9118	2256
9118	5676
9118	5804
9118	5832
9118	6136
9118	6704
9118	7061
9118	7774
9118	7782
9118	8513
9118	8881
9118	9541
9125	792
9125	3735
9125	6824
9125	7711
9125	8739
9125	8851
9125	9146
9126	8201
9126	8754
9126	8881
9139	553
9139	2334
9139	3198
9139	7671
9139	7889
9139	8373
9139	8798
9139	9100
9139	9581
9139	9870
9144	7888
9144	8040
9144	9055
9144	9814
9146	792
9146	3735
9146	6799
9146	6824
9146	7516
9146	7711
9146	9125
9146	9539
9146	9659
9157	883
9157	1689
9157	4238
9157	4317
9157	5153
9157	5841
9157	7327
9157	7384
9157	8062
9157	8682
9157	9030
9157	9500
9157	9781
9157	9924
9163	1136
9163	6643
9163	8384
9163	8867
9163	9358
9163	9619
9163	9724
9163	9755
9163	9874
9167	2373
9167	6727
9167	9109
9167	9996
9170	1678
9170	1691
9170	2304
9170	3527
9170	3597
9170	5112
9170	6100
9170	6749
9170	7286
9170	8782
9170	9722
9170	9866
9172	4725
9172	9615
9172	9776
9172	9826
9172	9959
9174	4262
9174	5057
9174	5367
9174	7769
9174	7933
9174	8048
9174	8228
9174	9344
9174	9442
9174	9772
9175	5478
9175	9508
9175	9613
9176	5676
9176	8076
9176	9344
9191	4747
9191	9340
9191	9713
9194	4527
9194	6775
9194	7065
9194	8294
9194	8739
9196	2036
9196	7217
9196	8777
9196	8793
9197	4067
9197	4173
9197	7519
9203	3065
9203	5487
9203	6911
9203	8632
9203	9744
9217	186
9217	7081
9217	9539
9217	9825
9222	1613
9222	8724
9222	9315
9222	9350
9222	9538
9222	9876
9232	1960
9232	4173
9232	6106
9232	7093
9232	7286
9232	8861
9232	9315
9232	9754
9232	9810
9232	9924
9232	9981
9244	8270
9244	8712
9244	9904
9244	9908
9244	9923
9247	7925
9247	9659
9247	9971
9249	7846
9249	8379
9249	8427
9249	9772
9255	1992
9255	4869
9255	7676
9259	4982
9259	6407
9259	7596
9259	9038
9259	9508
9267	7042
9267	7354
9267	7878
9267	8269
9267	8315
9270	228
9270	6274
9270	7883
9275	6699
9275	9287
9275	9995
9287	3433
9287	6706
9287	8315
9287	9275
9290	9030
9290	9106
9299	5407
9299	5922
9299	6298
9299	6593
9299	6706
9299	7325
9299	7673
9299	7925
9299	8380
9299	8889
9299	9022
9299	9032
9299	9502
9299	9715
9299	9782
9299	9848
9299	9858
9299	9985
9313	6726
9313	6744
9313	8342
9313	8412
9313	8798
9315	1613
9315	5332
9315	6355
9315	8724
9315	9222
9315	9232
9315	9650
9315	9764
9340	1613
9340	9191
9340	9596
9340	9776
9344	1581
9344	4809
9344	5658
9344	6945
9344	8038
9344	8430
9344	8827
9344	9174
9344	9176
9344	9864
9344	9906
9350	4725
9350	6699
9350	7479
9350	8062
9350	9222
9358	676
9358	5263
9358	7891
9358	8712
9358	9163
9358	9462
9358	9720
9361	1639
9361	6080
9361	7181
9361	7295
9361	7298
9361	8264
9361	8319
9361	8853
9361	8969
9361	9502
9361	9528
9361	9560
9361	9627
9361	9848
9362	5841
9362	9685
9367	6538
9367	6706
9367	7717
9367	7837
9367	8183
9367	8827
9367	9581
9371	2019
9371	2700
9371	5352
9371	6674
9371	7174
9371	7711
9371	9416
9374	3532
9374	8092
9374	9958
9385	3735
9385	5515
9385	6074
9385	6541
9385	6785
9385	8315
9385	8591
9385	9597
9385	9939
9389	2902
9389	3700
9389	4905
9389	7050
9390	5288
9390	5798
9390	7813
9390	8303
9390	8710
9390	9906
9394	6484
9394	7267
9394	8048
9394	8566
9394	8572
9394	9419
9394	9588
9394	9663
9394	9939
9399	1115
9399	2356
9399	4725
9399	5001
9399	5311
9399	5371
9399	5635
9399	6424
9399	6570
9399	7005
9399	7658
9399	8133
9399	8412
9399	9022
9399	9445
9399	9494
9399	9621
9399	9803
9399	9946
9400	5841
9400	7042
9400	7558
9400	7878
9400	9419
9400	9479
9400	9685
9405	760
9405	7065
9405	7571
9405	8315
9405	8780
9405	9089
9405	9416
9405	9635
9416	7174
9416	7849
9416	8853
9416	9371
9416	9405
9419	3219
9419	6245
9419	7146
9419	7267
9419	8036
9419	8048
9419	8427
9419	9117
9419	9394
9419	9400
9419	9588
9419	9878
9420	6553
9420	9034
9420	9732
9421	4025
9421	8092
9421	8969
9421	9539
9421	9958
9426	1634
9426	8572
9426	8748
9426	8833
9426	9088
9431	4507
9431	4676
9431	5245
9431	7558
9431	7573
9431	7637
9431	8461
9431	8739
9431	8765
9431	9479
9431	9948
9442	4236
9442	5099
9442	5367
9442	6323
9442	6388
9442	7583
9442	7769
9442	8481
9442	8867
9442	9174
9442	9698
9444	4654
9444	6926
9444	8303
9445	633
9445	885
9445	3433
9445	3708
9445	4025
9445	4711
9445	4725
9445	5246
9445	5984
9445	6424
9445	6861
9445	7005
9445	7065
9445	7414
9445	8111
9445	8133
9445	9112
9445	9399
9445	9494
9445	9621
9445	9637
9445	9803
9445	9804
9445	9824
9445	9946
9446	255
9446	893
9446	1929
9446	2356
9446	3268
9446	3319
9446	3322
9446	4200
9446	4631
9446	6421
9446	8435
9446	8576
9446	9937
9462	1715
9462	6497
9462	8969
9462	9358
9462	9560
9462	9617
9462	9626
9462	9764
9462	9772
9464	4085
9464	5553
9464	6146
9464	8572
9464	9550
9464	9627
9464	9743
9473	2845
9473	4405
9473	4747
9473	4773
9473	7719
9473	9117
9473	9826
9479	5087
9479	7558
9479	9400
9479	9431
9479	9685
9479	9781
9484	3760
9484	5219
9484	8777
9484	9029
9484	9657
9486	5125
9486	7169
9486	9814
9486	9875
9489	6579
9489	9071
9489	9956
9490	2783
9490	3597
9490	5311
9490	7230
9490	7671
9490	8904
9490	9725
9491	1294
9491	1310
9491	5478
9491	5708
9491	6306
9491	6428
9491	7009
9491	8808
9491	8991
9491	9100
9491	9865
9494	1115
9494	2936
9494	4025
9494	5635
9494	5863
9494	5984
9494	6245
9494	6424
9494	6570
9494	6861
9494	7005
9494	8133
9494	8342
9494	9067
9494	9399
9494	9445
9494	9621
9494	9803
9494	9877
9494	9946
9495	3532
9495	6512
9495	7127
9495	7444
9500	2898
9500	3458
9500	7327
9500	8062
9500	8071
9500	8674
9500	8892
9500	8925
9500	9157
9500	9521
9500	9733
9500	9781
9502	1245
9502	5090
9502	5199
9502	8264
9502	8541
9502	8710
9502	8853
9502	9299
9502	9361
9502	9528
9502	9560
9502	9574
9502	9627
9502	9848
9508	6122
9508	9175
9508	9259
9508	9613
9508	9755
9508	9787
9517	4773
9517	5984
9521	1715
9521	4711
9521	7871
9521	9500
9522	1308
9522	8274
9522	8294
9522	8402
9522	9592
9522	9937
9525	5728
9525	6666
9525	8109
9525	8360
9525	9542
9528	3076
9528	3616
9528	5090
9528	5199
9528	6049
9528	6155
9528	7009
9528	7027
9528	7181
9528	7295
9528	8040
9528	8161
9528	8264
9528	8541
9528	8853
9528	8969
9528	9361
9528	9502
9528	9560
9528	9574
9528	9627
9528	9848
9529	4869
9529	5352
9529	5720
9529	6385
9529	6919
9529	8274
9529	8391
9529	8748
9529	8881
9529	9877
9532	1565
9532	1794
9532	5225
9532	6386
9532	6586
9532	6727
9532	6767
9532	7075
9532	7124
9532	7464
9532	7595
9532	7774
9532	8698
9536	1166
9536	2036
9536	6519
9536	8661
9538	1245
9538	6070
9538	6155
9538	6274
9538	7428
9538	7648
9538	7933
9538	9222
9538	9787
9538	9908
9539	6593
9539	7027
9539	8092
9539	8907
9539	9146
9539	9217
9539	9421
9539	9958
9541	5017
9541	9118
9541	9637
9541	9958
9542	2464
9542	5704
9542	6177
9542	8161
9542	9001
9542	9525
9542	9911
9542	9958
9550	2256
9550	2898
9550	5553
9550	6146
9550	8572
9550	9464
9550	9743
9560	1639
9560	5199
9560	6045
9560	6080
9560	7295
9560	7298
9560	8016
9560	8264
9560	8541
9560	8969
9560	9361
9560	9462
9560	9502
9560	9528
9560	9627
9560	9814
9560	9848
9561	1290
9561	4283
9561	5191
9561	6180
9561	7701
9561	9810
9573	3846
9573	4658
9573	5614
9573	9720
9574	3170
9574	3902
9574	5981
9574	6045
9574	6049
9574	6056
9574	6080
9574	6106
9574	7181
9574	7230
9574	7658
9574	8264
9574	8541
9574	8853
9574	8969
9574	9502
9574	9528
9574	9615
9574	9627
9574	9876
9580	4507
9580	7184
9580	7366
9580	8481
9580	9596
9581	186
9581	2613
9581	5720
9581	6885
9581	7764
9581	8312
9581	8808
9581	9029
9581	9058
9581	9139
9581	9367
9581	9732
9588	3219
9588	6245
9588	7869
9588	8427
9588	8566
9588	9394
9588	9419
9589	2404
9589	2563
9589	7172
9589	9034
9592	2902
9592	4725
9592	7721
9592	8402
9592	8967
9592	9022
9592	9522
9592	9722
9593	11
9593	959
9593	4638
9593	6056
9593	6079
9593	6388
9593	6793
9593	7444
9593	8797
9593	9824
9593	9858
9596	5131
9596	6335
9596	6339
9596	8469
9596	9340
9596	9580
9596	9811
9597	3121
9597	5515
9597	6074
9597	6785
9597	9385
9602	1136
9602	2702
9602	4405
9602	5742
9602	7071
9602	7891
9602	8388
9602	8509
9602	8599
9602	9061
9602	9711
9602	9843
9602	9858
9602	9946
9602	9995
9613	6122
9613	9175
9613	9508
9613	9768
9613	9971
9615	6926
9615	7888
9615	8054
9615	8139
9615	8858
9615	9172
9615	9574
9615	9755
9616	1723
9616	4503
9616	6122
9617	5720
9617	8036
9617	8710
9617	9462
9619	5660
9619	6643
9619	7039
9619	7464
9619	8384
9619	8810
9619	9163
9619	9724
9619	9874
9619	9875
9621	885
9621	4025
9621	4711
9621	5635
9621	6424
9621	7005
9621	7888
9621	8133
9621	9399
9621	9445
9621	9494
9621	9803
9621	9946
9625	5263
9625	5288
9625	5476
9625	6519
9625	8323
9625	8661
9625	9944
9626	1715
9626	6497
9626	7501
9626	9462
9626	9772
9627	3170
9627	4067
9627	5090
9627	5118
9627	6049
9627	6080
9627	7027
9627	7181
9627	7596
9627	8541
9627	8853
9627	8967
9627	8969
9627	9361
9627	9464
9627	9502
9627	9528
9627	9560
9627	9574
9627	9848
9635	7571
9635	9405
9637	2927
9637	4711
9637	5658
9637	6392
9637	6785
9637	6945
9637	7671
9637	8003
9637	8812
9637	9445
9637	9541
9637	9810
9642	1180
9642	5825
9642	8140
9642	8969
9642	9948
9645	6538
9645	7269
9646	790
9646	4877
9646	8878
9650	1613
9650	1981
9650	6355
9650	8724
9650	9315
9650	9725
9657	3760
9657	5219
9657	7298
9657	8748
9657	9484
9659	4173
9659	7439
9659	8873
9659	9146
9659	9247
9659	9744
9659	9764
9659	9780
9661	5395
9661	8770
9661	9713
9661	9864
9663	3252
9663	5553
9663	6700
9663	7583
9663	7839
9663	7883
9663	7949
9663	8713
9663	8719
9663	8991
9663	9394
9680	2440
9680	3428
9680	5441
9680	5717
9680	6027
9680	6541
9680	7528
9685	5087
9685	5841
9685	9362
9685	9400
9685	9479
9685	9865
9698	4236
9698	4262
9698	4638
9698	5528
9698	5781
9698	6243
9698	6659
9698	6712
9698	7372
9698	7583
9698	7658
9698	8228
9698	8466
9698	8481
9698	9442
9698	9724
9698	9811
9702	4578
9702	7065
9702	7516
9702	8851
9702	8853
9711	2702
9711	5922
9711	7071
9711	8303
9711	8388
9711	8599
9711	9061
9711	9602
9711	9843
9711	9864
9711	9944
9711	9995
9713	6056
9713	6070
9713	8774
9713	9191
9713	9661
9713	9945
9713	9996
9715	5407
9715	6593
9715	6990
9715	7325
9715	7673
9715	7680
9715	7804
9715	8380
9715	8879
9715	9032
9715	9299
9715	9724
9717	2427
9717	4342
9717	7027
9720	6307
9720	8455
9720	9358
9720	9573
9720	9806
9722	1678
9722	1691
9722	2304
9722	5034
9722	6155
9722	6749
9722	7354
9722	7366
9722	7561
9722	7676
9722	8412
9722	8782
9722	9170
9722	9592
9722	9866
9724	4703
9724	6643
9724	7464
9724	8384
9724	8481
9724	8564
9724	9019
9724	9022
9724	9106
9724	9163
9724	9619
9724	9698
9724	9715
9724	9755
9724	9874
9725	2783
9725	3597
9725	8873
9725	8904
9725	9490
9725	9650
9725	9911
9731	4773
9731	6512
9731	7295
9731	7869
9731	8452
9731	9787
9731	9948
9732	1576
9732	7914
9732	9420
9732	9581
9733	3433
9733	4649
9733	7372
9733	8668
9733	9044
9733	9500
9733	9764
9733	9956
9736	5118
9736	6356
9736	7528
9736	9875
9741	4868
9741	4877
9741	5776
9741	6699
9741	7580
9741	7707
9741	9751
9742	2301
9742	2724
9742	4298
9742	4783
9742	5139
9742	8111
9742	8139
9742	9804
9743	5553
9743	6146
9743	6740
9743	6793
9743	7764
9743	8572
9743	8777
9743	9464
9743	9550
9744	2404
9744	2497
9744	3198
9744	3902
9744	4043
9744	4638
9744	4825
9744	5560
9744	6793
9744	7466
9744	7565
9744	8363
9744	8567
9744	8904
9744	9071
9744	9109
9744	9203
9744	9659
9751	4868
9751	4877
9751	5776
9751	6699
9751	7384
9751	7580
9751	9741
9751	9803
9754	6106
9754	6674
9754	6731
9754	7093
9754	8054
9754	8861
9754	9232
9754	9876
9754	9981
9755	675
9755	2356
9755	4683
9755	4703
9755	4905
9755	6643
9755	6731
9755	6849
9755	7464
9755	7839
9755	8384
9755	9022
9755	9163
9755	9508
9755	9615
9755	9724
9755	9874
9761	6508
9761	8904
9764	7640
9764	7804
9764	8089
9764	8861
9764	9315
9764	9462
9764	9659
9764	9733
9768	3532
9768	4989
9768	5556
9768	9613
9768	9939
9772	1715
9772	5515
9772	6497
9772	7841
9772	8509
9772	9174
9772	9249
9772	9462
9772	9626
9776	4178
9776	6497
9776	7388
9776	8323
9776	9172
9776	9340
9776	9825
9779	2902
9779	4770
9779	6128
9779	8195
9779	8967
9780	1992
9780	3700
9780	5272
9780	6356
9780	7009
9780	8089
9780	8698
9780	8837
9780	9659
9781	1689
9781	3458
9781	5429
9781	7327
9781	8674
9781	8925
9781	9030
9781	9157
9781	9479
9781	9500
9782	3096
9782	4747
9782	5407
9782	5922
9782	6298
9782	7325
9782	7673
9782	7680
9782	8489
9782	8698
9782	9299
9787	1245
9787	2900
9787	6070
9787	6274
9787	7262
9787	7933
9787	9508
9787	9538
9787	9731
9787	9908
9789	8016
9797	4519
9797	4891
9797	7042
9797	8089
9797	8105
9797	8275
9797	9088
9797	9924
9803	885
9803	3708
9803	4725
9803	5635
9803	6861
9803	7005
9803	9399
9803	9445
9803	9494
9803	9621
9803	9751
9803	9946
9804	2301
9804	2724
9804	4298
9804	4783
9804	5139
9804	8111
9804	8139
9804	8275
9804	8851
9804	9445
9804	9742
9806	5717
9806	6307
9806	7596
9806	8489
9806	8889
9806	9720
9810	5857
9810	6728
9810	7017
9810	9232
9810	9561
9810	9637
9810	9876
9810	9994
9811	4709
9811	8969
9811	9038
9811	9596
9811	9698
9812	1180
9812	2705
9812	3581
9812	5854
9814	6274
9814	6715
9814	7337
9814	7888
9814	9055
9814	9144
9814	9486
9814	9560
9819	6107
9819	8183
9819	8576
9819	9973
9824	8291
9824	9029
9824	9106
9824	9445
9824	9593
9825	2464
9825	7804
9825	9217
9825	9776
9826	307
9826	2845
9826	4405
9826	4747
9826	7676
9826	8822
9826	9172
9826	9473
9843	2702
9843	3490
9843	3524
9843	7071
9843	8388
9843	8599
9843	9061
9843	9602
9843	9711
9843	9995
9848	3170
9848	5090
9848	5118
9848	5199
9848	6049
9848	6306
9848	6646
9848	7230
9848	7298
9848	8140
9848	8264
9848	8541
9848	9299
9848	9361
9848	9502
9848	9528
9848	9560
9848	9627
9858	1238
9858	3447
9858	6079
9858	6106
9858	6262
9858	6388
9858	7444
9858	9299
9858	9593
9858	9602
9859	3281
9859	4173
9861	4032
9861	4968
9861	8291
9861	8889
9864	7028
9864	7298
9864	7869
9864	8388
9864	8777
9864	9344
9864	9661
9864	9711
9864	9995
9865	3096
9865	6171
9865	6323
9865	6989
9865	9491
9865	9685
9866	1678
9866	1691
9866	2304
9866	3527
9866	5367
9866	5614
9866	5742
9866	6749
9866	7676
9866	8412
9866	8782
9866	9170
9866	9722
9870	2019
9870	2808
9870	5528
9870	6700
9870	8861
9870	9139
9874	4989
9874	5560
9874	6116
9874	7464
9874	8384
9874	9022
9874	9163
9874	9619
9874	9724
9874	9755
9874	9911
9875	5125
9875	5638
9875	8907
9875	9486
9875	9619
9875	9736
9876	1960
9876	3137
9876	5487
9876	5528
9876	5863
9876	6419
9876	7093
9876	7785
9876	9067
9876	9222
9876	9574
9876	9754
9876	9810
9876	9981
9877	228
9877	2486
9877	2819
9877	4605
9877	4869
9877	6385
9877	6919
9877	7616
9877	8005
9877	8274
9877	8489
9877	8696
9877	9494
9877	9529
9878	3031
9878	3428
9878	7711
9878	7839
9878	8221
9878	8427
9878	9419
9904	5449
9904	6107
9904	8270
9904	8435
9904	9244
9904	9923
9904	9924
9906	4747
9906	7813
9906	8140
9906	8710
9906	8861
9906	9344
9906	9390
9908	2757
9908	6155
9908	6274
9908	7262
9908	7648
9908	7673
9908	7933
9908	8384
9908	8810
9908	9244
9908	9538
9908	9787
9911	6215
9911	9542
9911	9725
9911	9874
9911	9924
9923	518
9923	5742
9923	5756
9923	7464
9923	8270
9923	9244
9923	9904
9923	9939
9923	9981
9924	203
9924	3428
9924	5234
9924	5487
9924	6006
9924	6579
9924	6643
9924	7011
9924	8275
9924	9112
9924	9157
9924	9232
9924	9797
9924	9904
9924	9911
9924	9926
9926	203
9926	3428
9926	4085
9926	5259
9926	5487
9926	7181
9926	8275
9926	9112
9926	9924
9937	6023
9937	8833
9937	9446
9937	9522
9939	5199
9939	7902
9939	9385
9939	9394
9939	9768
9939	9923
9944	2702
9944	3490
9944	3524
9944	5742
9944	6945
9944	7071
9944	7648
9944	7891
9944	8303
9944	8388
9944	8599
9944	9061
9944	9625
9944	9711
9944	9995
9945	4123
9945	6320
9945	7273
9945	9713
9945	9996
9946	2356
9946	3708
9946	4711
9946	4725
9946	5984
9946	6407
9946	6424
9946	6570
9946	6861
9946	8133
9946	8402
9946	9106
9946	9399
9946	9445
9946	9494
9946	9602
9946	9621
9946	9803
9948	2725
9948	6512
9948	7869
9948	8195
9948	9431
9948	9642
9948	9731
9956	3433
9956	4649
9956	4809
9956	7366
9956	8460
9956	9044
9956	9489
9956	9733
9958	4684
9958	8092
9958	8379
9958	8591
9958	9374
9958	9421
9958	9539
9958	9541
9958	9542
9959	2243
9959	5084
9959	6230
9959	6403
9959	6651
9959	7871
9959	8105
9959	8318
9959	8767
9959	8780
9959	8810
9959	9172
9971	4086
9971	4684
9971	5112
9971	6180
9971	8564
9971	8668
9971	9247
9971	9613
9973	5863
9973	7384
9973	8381
9973	9819
9981	9232
9981	9754
9981	9876
9981	9923
9985	555
9985	1385
9985	2701
9985	4178
9985	4638
9985	5710
9985	6074
9985	7388
9985	7416
9985	7785
9985	7933
9985	8430
9985	9299
9994	3121
9994	5099
9994	5288
9994	5476
9994	8323
9994	8661
9994	8933
9994	9810
9995	3490
9995	3524
9995	5742
9995	7071
9995	7891
9995	8303
9995	8388
9995	8452
9995	9061
9995	9275
9995	9602
9995	9711
9995	9843
9995	9864
9995	9944
9996	624
9996	633
9996	4123
9996	5710
9996	7217
9996	9167
9996	9713
9996	9945
