0.00029397460514	0.00111435891382	0.00111511348044
0.00029397460514	0.00359906017089	0.003601497205
0.00029397460514	0.00771266579357	0.0077178882763
0.00029397460514	0.0163057367356	0.0163167778504
0.00029397460514	0.0285788911157	0.02859824276
0.00029397460514	0.0441642688422	0.0441941738242
0.00029397460514	0.0536705111159	0.0537068530663
0.00029397460514	0.0761073547384	0.0761588893642
0.00029397460514	0.0833334236286	0.0833898512475
0.00029397460514	0.147348541713	0.147448315933
0.000293974605141	0.111036165903	0.111111351899
0.000293974605141	0.142252255976	0.142348579345
0.000293974605141	0.199412551588	0.199547579947
0.000293974605141	0.200088608322	0.20022409446
0.000293974605141	0.209230352881	0.209372029174
0.000293974605141	0.224186830591	0.224338634375
0.000293974605141	0.25	0.250169282673
0.000293974605141	0.303606258879	0.303811839995
0.000293974605141	0.666667389029	0.66711880998
0.000293974605141	0.999323327503	1
0.000293974605141	0.603933220093	0.604342161813
0.000293974605141	0.750507034813	0.751015226162
0.000293974605141	0.00111511348044	0.001115868558
0.000293974605141	0.00207721632979	0.00207862287673
0.000293974605141	0.00359419104878	0.00359662478586
0.000293974605141	0.00359662478586	0.00359906017089
0.000293974605141	0.00529364279271	0.00529722728072
0.000293974605141	0.006565057842	0.00656950324417
0.000293974605141	0.0077178882763	0.00772311429534
0.000293974605141	0.00772311429534	0.00772834385308
0.000293974605141	0.012573441855	0.0125819557184
0.000293974605141	0.0143184926842	0.0143281881751
0.000293974605141	0.0186191327666	0.0186317403529
0.000293974605141	0.0193123034786	0.0193253804321
0.000293974605141	0.02859824276	0.028617607508
0.000293974605141	0.0683878010862	0.0684341085654
0.000293974605141	0.111488046229	0.111563538207
0.000293974605141	0.139392666008	0.13948705306
0.000293974605141	0.14714919577	0.147248835007
0.000293974605141	0.147248835007	0.147348541713
0.000293974605141	0.166666847257	0.166779702495
0.000293974605141	0.250169282673	0.250338679973
0.000587949210281	0.0125564314076	0.012573441855
0.000587949210281	0.0193253804321	0.0193515609094
0.000587949210281	0.028617607508	0.0286563763501
0.000587949210281	0.333333694514	0.333785268301
0.000587949210281	0.00111285131201	0.00111435891382
0.000881923815422	0.00175620830275	0.00175977826663
0.000881923815422	0.00259361433921	0.00259888655521
0.000881923815422	0.498985677928	0.5
0.000881923815422	0.742925300055	0.744435494762
0.000881923815422	0.001115868558	0.0011181368598
0.000881923815422	0.00134690815002	0.00134964610168
0.000881923815422	0.00138200309549	0.00138481238703
0.000881923815422	0.00291780980847	0.00292374103861
0.000881923815422	0.00591515960806	0.00592718375468
0.00117589842056	0.199547579947	0.200088608322
0.0014698730257	0.090998854033	0.0913073621363
0.0014698730257	0.111111351899	0.111488046229
0.0014698730257	0.377802230666	0.379083071517
0.00176384763084	0.0684341085654	0.0687126126644
0.00176384763084	0.00144808236132	0.00145397557571
0.00176384763084	0.00462651192563	0.00464534029298
0.00176384763084	0.166779702495	0.167458440507
0.00205782223598	0.0124970758665	0.0125564314076
0.00205782223598	0.252209637855	0.253407521238
0.00205782223598	0.00172557041551	0.00173376610598
0.00205782223598	0.0223528339604	0.0224589999601
0.00235179684112	0.221022573082	0.222222703797
0.00264577144627	0.00206460015993	0.00207721632979
0.00264577144627	0.010936929411	0.0110037617992
0.00264577144627	0.600265174554	0.603933220093
0.00293974605141	0.00133782169583	0.00134690815002
0.00293974605141	0.0161957356714	0.0163057367356
0.00323372065655	0.250338679973	0.252209637855
0.00352769526169	0.790126881326	0.796571075671
0.00352769526169	0.744435494762	0.750507034813
0.00352769526169	0.00235114319744	0.00237031888182
0.00382166986683	0.222222703797	0.224186830591
0.00440961907711	0.0550316825949	0.0555932944026
0.00499756828739	0.00529722728072	0.00535853627799
0.00558551749767	0.0123373785031	0.0124970758665
0.00558551749767	0.00173376610598	0.00175620830275
0.00587949210281	0.779502200119	0.790126881326
0.00617346670795	0.00138481238703	0.0014046379774
0.00617346670795	0.003601497205	0.00365305784163
0.00646744131309	0.5	0.507501634895
0.00646744131309	0.0011181368598	0.00113491256877
0.00705539052337	0.00151424304461	0.00153904379405
0.00734936512852	0.379083071517	0.385552706352
0.00764333973366	0.00175977826663	0.00179102352188
0.00764333973366	0.285855781594	0.290931214694
0.00764333973366	0.0761588893642	0.0775111074155
0.0079373143388	0.654593814501	0.666667389029
0.00852526354908	0.13948705306	0.142252255976
0.00881923815422	0.00222720971557	0.0022729001148
0.00970116196964	0.507501634895	0.518965643415
0.00970116196964	0.224338634375	0.229406243697
0.0102891111799	0.00134964610168	0.00138200309549
0.0105830857851	0.00292374103861	0.00299586327703
0.0105830857851	0.0537068530663	0.0550316825949
0.0129348826262	0.147448315933	0.151905919998
0.0132288572313	0.0014046379774	0.00144808236132
0.0132288572313	0.00748127563046	0.00771266579357
0.0132288572313	0.0246747570061	0.0254379284665
0.0135228318365	0.0224589999601	0.0231693177811
0.0138168064416	0.0180361003217	0.0186191327666
0.0144047556519	0.142348579345	0.14714919577
0.014698730257	0.0022729001148	0.00235114319744
0.0155806540725	0.0186317403529	0.0193123034786
0.0161686032827	0.751015226162	0.779502200119
0.016756552493	0.021506812043	0.0223528339604
0.0176384763084	0.167458440507	0.174399613746
0.0176384763084	0.00145397557571	0.00151424304461
0.0179324509136	0.0009765625	0.00101772980716
0.0185204001239	0.290931214694	0.303606258879
0.0191083493341	0.20022409446	0.209230352881
0.0194023239393	0.133302287015	0.139392666008
0.0217541207804	0.0016412644605	0.00172557041551
0.0217541207804	0.359343999362	0.377802230666
0.0226360445958	0.00861819562805	0.00907930055014
0.0235179684112	0.209372029174	0.221022573082
0.0241059176215	0.010346405406	0.010936929411
0.0255757906472	0.0134996189919	0.0143184926842
0.0267516890678	0.00125790124129	0.00133782169583
0.0273396382781	0.0231693177811	0.0246747570061
0.0279275874884	0.00153904379405	0.0016412644605
0.0299854097243	0.00207862287673	0.00222720971557
0.0305733589346	0.0125819557184	0.0134996189919
0.03145528275	0.0775111074155	0.0833334236286
0.0320432319603	0.00299586327703	0.00322526364627
0.0320432319603	0.333785268301	0.359343999362
0.0343950288015	0.123152312628	0.133302287015
0.0346890034066	0.604342161813	0.654593814501
0.0349829780117	0.385552706352	0.417894575667
0.0373347748529	0.229406243697	0.25
0.0379227240631	0.0404714086605	0.0441642688422
0.0379227240631	0.0833898512475	0.090998854033
0.0388046478786	0.00101772980716	0.00111285131201
0.0390986224837	0.00237031888182	0.00259361433921
0.0399805462991	0.0333481375212	0.0365638678026
0.0402745209043	0.151905919998	0.166666847257
0.0402745209043	0.303811839995	0.333333694514
0.0411564447197	0.0913073621363	0.100383478526
0.0429202923505	0.00535853627799	0.00591515960806
0.0429202923505	0.111563538207	0.123152312628
0.0432142669557	0.00365305784163	0.00403525343368
0.0435082415608	0.0163167778504	0.0180361003217
0.043802216166	0.100383478526	0.111036165903
0.0440961907711	0.0365638678026	0.0404714086605
0.0443901653762	0.00592718375468	0.006565057842
0.0443901653762	0.0687126126644	0.0761073547384
0.0446841399814	0.00113491256877	0.00125790124129
0.0458600384019	0.0193515609094	0.021506812043
0.0467419622174	0.66711880998	0.742925300055
0.0470359368225	0.00322526364627	0.00359419104878
0.0473299114276	0.00772834385308	0.00861819562805
0.0496817082688	0.0110037617992	0.0123373785031
0.050269657479	0.00259888655521	0.00291780980847
0.0505636320842	0.0254379284665	0.0285788911157
0.052327479715	0.253407521238	0.285855781594
0.0532094035304	0.0143281881751	0.0161957356714
0.056443124187	0.00656950324417	0.00748127563046
0.0567370987921	0.00464534029298	0.00529364279271
0.0567370987921	0.00907930055014	0.010346405406
0.0582069718178	0.174399613746	0.199412551588
0.0593828702384	0.00403525343368	0.00462651192563
0.0617346670795	0.00179102352188	0.00206460015993
0.0632045401052	0.518965643415	0.600265174554
0.0658503115515	0.0286563763501	0.0333481375212
0.0770213465468	0.417894575667	0.498985677928
0.0843707116754	0.0441941738242	0.0536705111159
0.089956229173	0.0555932944026	0.0683878010862
0.0984814927221	0.796571075671	0.999323327503
