0 0.0
0.0009765625 881.557306863
0.00101772980716 706.496675877
0.00111285131201 1959.83321688
0.00111435891382 628.488649979
0.00111511348044 1419.47960361
0.001115868558 1089.91333427
0.0011181368598 1773.82145719
0.00113491256877 1711.13113207
0.00125790124129 2460.19347772
0.00133782169583 3463.01481787
0.00134690815002 3131.68106828
0.00134964610168 3315.28264704
0.00138200309549 4447.72124434
0.00138481238703 4926.66596648
0.0014046379774 4907.34152591
0.00144808236132 5892.96170145
0.00145397557571 6239.53344185
0.00151424304461 7171.1541271
0.00153904379405 8312.0373481
0.0016412644605 8057.22094247
0.00172557041551 9246.17714976
0.00173376610598 8468.35902126
0.00175620830275 9208.26232093
0.00175977826663 9657.79544268
0.00179102352188 9758.50224197
0.00206460015993 12390.4511205
0.00207721632979 12664.8472583
0.00207862287673 11780.0542182
0.00222720971557 13284.3950007
0.0022729001148 12627.1853234
0.00235114319744 13635.7962933
0.00237031888182 14114.6927289
0.00259361433921 14349.2490117
0.00259888655521 15204.9032277
0.00291780980847 16222.0430018
0.00292374103861 16825.1970916
0.00299586327703 15957.4057662
0.00322526364627 17207.6168736
0.00359419104878 17886.3111826
0.00359662478586 17224.2072899
0.00359906017089 17721.4341737
0.003601497205 17557.0338546
0.00365305784163 18364.5710468
0.00403525343368 19244.4988658
0.00462651192563 19390.5460121
0.00464534029298 20180.851154
0.00529364279271 20325.2472438
0.00529722728072 20836.3252917
0.00535853627799 20568.7598373
0.00591515960806 21554.9110845
0.00592718375468 21286.4157736
0.006565057842 22238.643763
0.00656950324417 22147.1447927
0.00748127563046 22723.645153
0.00771266579357 22810.9398076
0.0077178882763 22802.2755408
0.00772311429534 23166.5314617
0.00772834385308 22795.0366776
0.00861819562805 23660.4729146
0.00907930055014 24025.50077
0.010346405406 24727.1225566
0.010936929411 24467.9802023
0.0110037617992 24822.4474335
0.0123373785031 25180.6732791
0.0124970758665 25255.11508
0.0125564314076 25385.4734232
0.012573441855 25502.9522851
0.0125819557184 25368.3133252
0.0134996189919 25854.0713503
0.0143184926842 26217.5643369
0.0143281881751 26029.8899011
0.0161957356714 26574.8842891
0.0163057367356 26511.2959123
0.0163167778504 26563.7258873
0.0180361003217 27328.6873779
0.0186191327666 27208.774653
0.0186317403529 27435.6810797
0.0193123034786 27443.2605407
0.0193253804321 27403.9188601
0.0193515609094 27313.1377668
0.021506812043 27770.5821837
0.0223528339604 27998.6145644
0.0224589999601 28153.6621066
0.0231693177811 28020.9123835
0.0246747570061 28360.2422871
0.0254379284665 28544.7231457
0.0285788911157 28880.7089416
0.02859824276 28946.9272778
0.028617607508 28971.8385129
0.0286563763501 28786.7099877
0.0333481375212 29050.5004944
0.0365638678026 29298.7335632
0.0404714086605 29443.46388
0.0441642688422 29517.5812726
0.0441941738242 29503.5180356
0.0536705111159 29611.991796
0.0537068530663 29716.851416
0.0550316825949 29596.9597427
0.0555932944026 29741.3408664
0.0683878010862 29809.99814
0.0684341085654 29897.7227267
0.0687126126644 30021.7478076
0.0761073547384 29983.8374457
0.0761588893642 29977.7973313
0.0775111074155 29902.8466137
0.0833334236286 29961.8060202
0.0833898512475 30042.7287954
0.090998854033 29981.3761355
0.0913073621363 30069.9971036
0.100383478526 29909.0384665
0.111036165903 29820.4221825
0.111111351899 29930.9460464
0.111488046229 29943.4040091
0.111563538207 29880.6111621
0.123152312628 29986.3748827
0.133302287015 30012.5255487
0.139392666008 29771.8457842
0.13948705306 29880.0218534
0.142252255976 29778.6261336
0.142348579345 29851.8213757
0.14714919577 29762.2348408
0.147248835007 29614.4501704
0.147348541713 29763.3599491
0.147448315933 29764.1309014
0.151905919998 29655.4282523
0.166666847257 29231.6731219
0.166779702495 29310.4598092
0.167458440507 29321.2019152
0.174399613746 29367.091909
0.199412551588 29186.038823
0.199547579947 29125.1943708
0.200088608322 28800.6121391
0.20022409446 29017.393536
0.209230352881 28652.7367929
0.209372029174 28770.2230892
0.221022573082 28770.5673282
0.222222703797 28582.1847155
0.224186830591 28347.9603849
0.224338634375 28540.6743212
0.229406243697 28392.262705
0.25 27727.2509107
0.250169282673 27777.9379351
0.250338679973 27514.5043143
0.252209637855 27423.525934
0.253407521238 27570.8512709
0.285855781594 27108.3549699
0.290931214694 27115.0797421
0.303606258879 27037.7866406
0.303811839995 26911.2472936
0.333333694514 26239.6052012
0.333785268301 25329.6994786
0.359343999362 25792.5517271
0.377802230666 25571.1184583
0.379083071517 25831.3045989
0.385552706352 25735.3892657
0.417894575667 24886.4379229
0.498985677928 24332.8637798
0.5 21152.3256867
0.507501634895 20856.6883364
0.518965643415 20544.3992012
0.600265174554 19653.4559435
0.603933220093 19570.5341864
0.604342161813 19290.1287175
0.654593814501 19540.4859227
0.666667389029 18305.334505
0.66711880998 17762.8927986
0.742925300055 17763.2257271
0.744435494762 17917.1727155
0.750507034813 16756.817775
0.751015226162 16660.8697027
0.779502200119 17026.744406
0.790126881326 16375.6734172
0.796571075671 16522.842759
0.999323327503 16852.3238841
1 0.0
