0 0.0
0.0009765625 490.179885979
0.00110909122476 343.975149548
0.00126816055566 1263.94929155
0.00126987855799 1439.2556272
0.00129330067575 1138.96668589
0.0013829388922 1410.34149762
0.00139327457194 1498.39039203
0.00158128431171 2565.04235521
0.0015887947075 2631.52692663
0.00158987052916 2401.66436753
0.00162578428399 2523.5802564
0.0016290891261 2285.03146248
0.00163350603481 2567.90532195
0.00174909008686 3117.81326727
0.00175027444944 2589.28473698
0.00175264558106 2786.05146042
0.00190095157967 3953.00773129
0.001953125 4091.34637902
0.00246022812721 5152.15396279
0.00246189402318 4671.84750267
0.00253288975518 4996.36046415
0.00302234236866 5451.98811797
0.00302438888944 5509.02528256
0.00324936832095 5858.04147061
0.00357478034501 5974.91090806
0.0035772009385 5944.34070419
0.00428582620156 6876.44962471
0.00440047507269 7090.98870144
0.00536579559368 7308.0965007
0.00536942893857 7440.66894645
0.00539858440674 6985.92082912
0.00540223995394 7315.81965335
0.00629523767337 7585.09001308
0.00629950037202 7850.41686439
0.00630376595708 7819.27075597
0.00630803443049 7794.2153774
0.00716409408754 7829.55111418
0.00892694846402 8538.55417154
0.00893299317482 8378.17764092
0.00896327818017 8575.24256278
0.00899366585901 8567.97770025
0.00926555910673 8622.3685652
0.0116712392339 9039.10155943
0.0116791421882 8962.88340512
0.0116870504938 9019.4139145
0.0116949641544 9008.53009585
0.0119834531081 8980.56336488
0.0143378902311 9396.38064218
0.0143767641951 9398.58487667
0.0150641765649 9462.65089351
0.0150845843046 9349.26468393
0.0165279853125 9582.06436617
0.0165727972267 9784.4715539
0.0166740687606 9683.5448316
0.0203869400503 9895.99376346
0.0204007446731 9940.7627496
0.0205949937698 10121.7990443
0.0222471698182 10206.1325002
0.0225504006327 10153.23105
0.0237569293744 10186.145161
0.0266361845259 10434.5795985
0.0267989504867 10466.3235375
0.0286369853684 10534.23363
0.0286563763501 10549.2710212
0.0324353527134 10505.0205242
0.0362190025227 10700.4975586
0.0413856216241 10779.7516688
0.0418929579391 10777.1364983
0.0419213249468 10821.1748396
0.0419781165996 10844.5383957
0.0423204858418 10766.1559778
0.0500221520806 10905.9353617
0.0500560236151 10857.7033733
0.050875856933 10902.1070827
0.0579760784767 11007.6892082
0.0667414371372 10957.4334087
0.0682952801117 11006.7717981
0.0725361382517 11118.6588861
0.0830518577629 11080.4301023
0.0833334236286 11256.2704091
0.0833898512475 11194.2812448
0.0961275483645 11246.396251
0.105112051907 11236.4227758
0.132403008824 11126.0663125
0.132492662965 11254.8447632
0.132672153411 11123.0964836
0.136129049851 11239.8121963
0.16276465763 11193.0246709
0.16587899595 11120.9489303
0.166441365828 10968.2425068
0.166666847257 10913.5167236
0.167005642276 11013.7223681
0.168938530544 11034.4689557
0.169052924008 11074.5385862
0.180403205062 10914.9645465
0.187626758703 10929.7659765
0.200088608322 10931.5019271
0.20035967234 10765.2835866
0.200495342024 10846.3423592
0.222373177611 10824.3554333
0.222523753314 10851.4040275
0.25 10655.1448969
0.266965748549 10513.7328168
0.269690199439 10656.6267792
0.333333694514 9926.33717037
0.33355940499 9990.59017827
0.334011284551 9826.80692079
0.337648428973 10133.9995546
0.361050723218 9961.26974359
0.375253517407 9826.91411909
0.400177216645 9648.49319047
0.434627559334 9663.15009487
0.43669184655 9626.83015858
0.5 7972.86713018
0.546362240894 8039.70742024
0.546732199536 7900.78148944
0.557193371298 7987.80124617
0.600265174554 7630.5936792
0.601078365726 7616.69902154
0.666216273542 7636.30735787
0.666667389029 6934.84548081
0.66711880998 7095.64127811
0.673470893116 6919.94572281
0.747465100044 7010.9661453
0.753561349247 6802.70446145
1 0.0
