0.00029397460514	0.00300805544583	0.00301009229249
0.00029397460514	0.0265102725456	0.0265282234648
0.00029397460514	0.0441642688422	0.0441941738242
0.00029397460514	0.0555180829513	0.0555556759493
0.00029397460514	0.0557063026674	0.0557440231147
0.00029397460514	0.0700747772001	0.0701222269825
0.00029397460514	0.166554068385	0.166666847257
0.000293974605141	0.298713829707	0.29891609801
0.000293974605141	0.503055354279	0.5033959885
0.000293974605141	0.400177216645	0.400448188921
0.000293974605141	0.402350139359	0.402622582987
0.000293974605141	0.00115428159482	0.00115506319432
0.000293974605141	0.00129242553475	0.00129330067575
0.000293974605141	0.00157380941834	0.00157487509301
0.000293974605141	0.00237513718998	0.00237674546827
0.000293974605141	0.00237674546827	0.00237835483557
0.000293974605141	0.0036828518092	0.0036853455812
0.000293974605141	0.00492045625441	0.00492378804637
0.000293974605141	0.0228113942389	0.0228268405341
0.000293974605141	0.0284053145172	0.0284245486275
0.000293974605141	0.0557440231147	0.0557817691037
0.000293974605141	0.105754361022	0.105825970546
0.000293974605141	0.127823638322	0.127910191631
0.000293974605141	0.166441365828	0.166554068385
0.000293974605141	0.166666847257	0.166779702495
0.000293974605141	0.201720510626	0.201857101776
0.000587949210281	0.0010204891526	0.00102187162955
0.000587949210281	0.022580950109	0.0226115409713
0.000587949210281	0.0227805329977	0.0228113942389
0.000587949210281	0.201447605548	0.201720510626
0.000587949210281	0.430236886468	0.430819736937
0.000587949210281	0.600265174554	0.601078365726
0.000587949210281	0.0181586011003	0.0181832009184
0.000881923815422	0.666667389029	0.668022569102
0.00117589842056	0.00288637919971	0.00289420496762
0.00117589842056	0.00749141066337	0.00751172193819
0.00117589842056	0.297906124265	0.298713829707
0.00117589842056	0.0555556759493	0.0557063026674
0.0014698730257	0.0943866455718	0.094706639107
0.00176384763084	0.0701222269825	0.070407601163
0.00176384763084	0.166779702495	0.167458440507
0.00205782223598	0.00909775666092	0.00914096695065
0.00205782223598	0.0833334236286	0.0837292202533
0.00205782223598	0.400448188921	0.402350139359
0.00205782223598	0.00111285131201	0.0011181368598
0.00235179684112	0.0107534060215	0.0108117959528
0.00264577144627	0.5	0.503055354279
0.00293974605141	0.200088608322	0.201447605548
0.00323372065655	0.0226115409713	0.0227805329977
0.00382166986683	0.0154671539038	0.0156038611389
0.00382166986683	0.660826638802	0.666667389029
0.00411564447197	0.0033978270234	0.00343018000073
0.00411564447197	0.127910191631	0.129128109878
0.00529154289253	0.00751172193819	0.00760380631867
0.00587949210281	0.0408014893462	0.0413576171121
0.00617346670795	0.668022569102	0.677586277467
0.00646744131309	0.5033959885	0.510948574327
0.00676141591823	0.333333694514	0.338563886734
0.00676141591823	0.750507034813	0.762282910217
0.00764333973366	0.00492378804637	0.00501121100031
0.00764333973366	0.142927890797	0.145465607347
0.0094071873645	0.0181832009184	0.0185813611719
0.00970116196964	0.125	0.127823638322
0.0111710349953	0.0557817691037	0.057235215016
0.0117589842056	0.00760380631867	0.0078125
0.0117589842056	0.0811073552823	0.0833334236286
0.0120529588108	0.0681567332916	0.0700747772001
0.0138168064416	0.0011181368598	0.00115428159482
0.0141107810467	0.00208425859507	0.00215309098302
0.014698730257	0.00180563092726	0.00186778857727
0.0155806540725	0.105825970546	0.109691484552
0.0161686032827	0.00157487509301	0.00163461213188
0.016756552493	0.00289420496762	0.00300805544583
0.0173445017033	0.00597957147307	0.00622321152868
0.018814374729	0.0299251025218	0.03125
0.020872196965	0.00198645807786	0.00208425859507
0.0211661715701	0.714806669196	0.750507034813
0.0223420699907	0.0284245486275	0.0299251025218
0.0226360445958	0.0336884634373	0.0354909191924
0.0232239938061	0.00138200309549	0.00145791770341
0.0232239938061	0.677586277467	0.714806669196
0.0235179684112	0.0645640549388	0.0681567332916
0.0255757906472	0.00237835483557	0.00252262351508
0.0258697652524	0.0228268405341	0.0242278887138
0.0267516890678	0.00186778857727	0.00198645807786
0.0285155366986	0.0413576171121	0.0441642688422
0.0288095113038	0.00129330067575	0.00138200309549
0.0288095113038	0.402622582987	0.430236886468
0.0296914351192	0.0265282234648	0.0284053145172
0.0308673335398	0.00343018000073	0.0036828518092
0.0308673335398	0.0108117959528	0.0116082078134
0.0326311811706	0.03125	0.0336884634373
0.0332191303809	0.00145791770341	0.00157380941834
0.0349829780117	0.230651896915	0.25
0.0370408002477	0.00102187162955	0.00111285131201
0.0390986224837	0.0242278887138	0.0265102725456
0.0411564447197	0.601078365726	0.660826638802
0.0426263177454	0.00215309098302	0.00237513718998
0.0432142669557	0.00163461213188	0.00180563092726
0.0432142669557	0.0116082078134	0.0128226988097
0.0440961907711	0.129128109878	0.142927890797
0.0473299114276	0.29891609801	0.333333694514
0.0479178606379	0.094706639107	0.105754361022
0.0487997844533	0.00115506319432	0.00129242553475
0.0520335051099	0.0837292202533	0.0943866455718
0.052327479715	0.057235215016	0.0645640549388
0.0526214543202	0.00301009229249	0.0033978270234
0.0567370987921	0.109691484552	0.125
0.0579129972127	0.201857101776	0.230651896915
0.058500946423	0.145465607347	0.166441365828
0.058500946423	0.00252262351508	0.00288637919971
0.060558768659	0.0354909191924	0.0408014893462
0.0614406924744	0.070407601163	0.0811073552823
0.0646744131309	0.430819736937	0.5
0.0658503115515	0.0156038611389	0.0181586011003
0.0661442861566	0.0078125	0.00909775666092
0.0699659560235	0.510948574327	0.600265174554
0.0705539052337	0.00914096695065	0.0107534060215
0.0726117274697	0.338563886734	0.400177216645
0.0761394227314	0.25	0.297906124265
0.0767273719417	0.00501121100031	0.00597957147307
0.077315321152	0.167458440507	0.200088608322
0.0805490418085	0.00622321152868	0.00749141066337
0.0814309656239	0.0128226988097	0.0154671539038
0.0846646862805	0.0185813611719	0.022580950109
0.0990694419324	0.0441941738242	0.0555180829513
0.125527156395	0.0036853455812	0.00492045625441
