0 0.0
0.0010204891526 93.5046167877
0.00102187162955 188.083581329
0.00111285131201 422.748420853
0.0011181368598 380.644038866
0.00115428159482 308.278761604
0.00115506319432 419.744413009
0.00129242553475 885.105920197
0.00129330067575 631.529236952
0.00138200309549 1545.2267925
0.00145791770341 1139.35404934
0.00157380941834 1913.97924538
0.00157487509301 2400.01894009
0.00163461213188 2547.54027828
0.00180563092726 3273.44996802
0.00186778857727 3053.85931386
0.00198645807786 3931.90914896
0.00208425859507 4180.93455953
0.00215309098302 3985.09760525
0.00237513718998 4132.3766493
0.00237674546827 4479.45770355
0.00237835483557 4504.59665604
0.00252262351508 4658.11467257
0.00288637919971 5111.23452597
0.00289420496762 4906.78072178
0.00300805544583 5432.83004677
0.00301009229249 5586.55588316
0.0033978270234 5826.67404923
0.00343018000073 6134.57112928
0.0036828518092 6392.35826545
0.0036853455812 6023.11339509
0.00492045625441 7196.02578725
0.00492378804637 7095.93850432
0.00501121100031 7426.88321374
0.00597957147307 7710.38572023
0.00622321152868 7799.59892562
0.00749141066337 8142.06163694
0.00751172193819 8317.05343027
0.00760380631867 8141.82139403
0.0078125 8276.63700864
0.00909775666092 8550.49064959
0.00914096695065 8596.62729947
0.0107534060215 9011.57589962
0.0108117959528 9075.73534656
0.0116082078134 9194.52012282
0.0128226988097 9358.37134358
0.0154671539038 9960.76675739
0.0156038611389 9742.69468126
0.0181586011003 10198.6481624
0.0181832009184 10018.9039108
0.0185813611719 10138.109826
0.022580950109 10293.9740121
0.0226115409713 10274.9443658
0.0227805329977 10385.7133021
0.0228113942389 10403.2771488
0.0228268405341 10489.4594123
0.0242278887138 10663.797069
0.0265102725456 10514.5825166
0.0265282234648 10658.6313496
0.0284053145172 10795.529134
0.0284245486275 10621.726048
0.0299251025218 10904.0810745
0.03125 10908.9066402
0.0336884634373 10970.648498
0.0354909191924 10908.9892481
0.0408014893462 11079.7760721
0.0413576171121 11024.7532856
0.0441642688422 11256.3666693
0.0441941738242 11147.3340551
0.0555180829513 11218.2529431
0.0555556759493 11259.9956631
0.0557063026674 11347.1644318
0.0557440231147 11366.6800887
0.0557817691037 11277.169356
0.057235215016 11361.2926303
0.0645640549388 11395.3204947
0.0681567332916 11425.7851301
0.0700747772001 11486.6219768
0.0701222269825 11454.7450957
0.070407601163 11441.0910463
0.0811073552823 11490.664121
0.0833334236286 11491.5676747
0.0837292202533 11606.427694
0.0943866455718 11572.9212846
0.094706639107 11557.7279834
0.105754361022 11617.2068683
0.105825970546 11555.0758803
0.109691484552 11557.9300117
0.125 11591.2147277
0.127823638322 11573.2003671
0.127910191631 11500.8366443
0.129128109878 11562.3327867
0.142927890797 11605.6973148
0.145465607347 11479.6835774
0.166441365828 11516.1467065
0.166554068385 11560.3296297
0.166666847257 11508.9209007
0.166779702495 11433.4859569
0.167458440507 11408.0771792
0.200088608322 11243.1010366
0.201447605548 11237.5345878
0.201720510626 11350.6332978
0.201857101776 11369.1429616
0.230651896915 11336.6025641
0.25 11143.4732114
0.297906124265 10779.4457543
0.298713829707 10960.8344479
0.29891609801 10886.4148641
0.333333694514 10452.2020525
0.338563886734 10416.0140623
0.400177216645 10081.468935
0.400448188921 10127.5038039
0.402350139359 9995.01969177
0.402622582987 9979.24374951
0.430236886468 9927.40937622
0.430819736937 9987.86466755
0.5 8578.50490609
0.503055354279 8376.12603456
0.5033959885 8524.06651802
0.510948574327 8362.85756778
0.600265174554 7971.87918685
0.601078365726 8060.04331659
0.660826638802 7914.97161307
0.666667389029 7572.15353836
0.668022569102 7505.84193395
0.677586277467 7368.46066863
0.714806669196 7308.24133673
0.750507034813 7083.21217988
0.762282910217 7040.14397908
1 0.0
