0 0.0
0.0009765625 1490.91491889
0.00104212929754 1980.91829753
0.00106783632722 3814.59053971
0.0011060923043 3857.87915369
0.00119644413441 5345.66316759
0.00121357296105 8781.64500053
0.00121439470855 5621.31780256
0.00121933689179 8999.24007518
0.00126216583045 8553.18858237
0.00137082280436 14399.9959778
0.00137360936896 16443.4365302
0.00147678926622 16941.8263852
0.00149085076179 17916.1632148
0.00150606525919 19932.3185035
0.0016279867663 23172.9940681
0.00179709552439 25042.3547377
0.00180807705139 26306.1568958
0.00186526167019 26738.8706168
0.00195974656569 26269.967421
0.00196639058008 28091.5357861
0.00201489709566 27287.095119
0.00201626144433 28080.149013
0.00201762671684 27186.3015336
0.00222871782763 30170.8595275
0.0022960956175 30389.6644273
0.00232424289774 32020.4723719
0.00237192389749 31549.1228646
0.00237352999996 31560.2811821
0.00243372658228 31587.8832904
0.00248197298001 33228.7262847
0.00248870229143 31286.8878356
0.0026611933748 33009.7835758
0.00266660296329 34129.4321242
0.00294958267412 35781.7601912
0.00295157992708 34611.1846996
0.00332276864827 37005.1712943
0.0033250185969 37383.8368663
0.00333629121337 36577.3685036
0.00333855031856 37101.1010563
0.00341165505117 38181.8817823
0.003601497205 38099.4417968
0.0036654425904 37192.2100405
0.00382254711753 38490.4103326
0.00390889504177 39094.8238381
0.00392746055122 39169.4683721
0.00419398978381 40603.5155042
0.00420251519165 40149.1015343
0.0044998778731 41127.5578297
0.0045151335464 42440.0639091
0.0048020014765 41797.6591185
0.00505208192668 42552.931402
0.00583561961694 44176.8962083
0.00583957109409 44713.5346566
0.00636378831716 46121.7834501
0.00688361827954 46844.1159736
0.00688827938875 46816.7976112
0.00691631239869 46718.7716208
0.00696800288934 46521.8188542
0.00697272113796 46450.3085183
0.00756786234514 47790.0004409
0.00757298677702 47671.9479807
0.0076554511963 48194.2049446
0.0078125 47633.8054375
0.00871204162549 48450.8407055
0.00873566236659 48675.7128438
0.0089814984444 49234.9150013
0.00982759886515 49890.8770854
0.00983425343398 49931.5021647
0.0100632099303 50132.3407709
0.0105515134054 50712.829113
0.0112599462432 51257.4594463
0.0112828351006 51134.7957071
0.0127534488437 52129.1468804
0.0128226988097 52021.9313267
0.0141738451211 52641.5692265
0.0141834426667 52453.8985678
0.014193046711 52911.4113347
0.0151664921057 53429.9784582
0.0152901884701 53237.1199348
0.0178056209921 53806.5293734
0.017987331718 54048.6061125
0.021117316318 54776.7152675
0.0211602429209 54907.9258729
0.0233741009877 55157.1752641
0.0234692258176 54998.9369236
0.0234851175507 54766.7269922
0.0256975287607 55274.6722786
0.0257149293462 55232.8685715
0.0265461865392 55462.789675
0.0265641617769 55550.2569208
0.0282136877986 55512.478945
0.0282519094427 55447.5430862
0.0283476902422 55640.992779
0.0313135239971 55773.6266605
0.0333481375212 55902.614103
0.0357319726993 56231.4567992
0.0357803795135 56053.7295424
0.0362926273486 56048.6178656
0.0404988130935 56152.5205792
0.0430427499312 56306.4845321
0.0430718954983 56306.2686465
0.044313996385 56472.1548258
0.0446149760292 56407.7973486
0.0487518765615 56416.033221
0.0503278228734 56645.4037877
0.054957230941 56634.2863939
0.0549944441688 56583.5413709
0.0550316825949 56625.2214225
0.0555556759493 56735.9571281
0.0623732097409 56824.1371361
0.0665609720345 56759.4654204
0.0666962750423 56870.1033792
0.0714639453986 56762.38434
0.0721444012869 56769.3095466
0.0741244728538 56816.7966794
0.0831643697667 56799.6054527
0.0832770341927 56748.2573683
0.0839562331992 56800.9729495
0.0909372776112 56671.7822523
0.0918031520836 56519.9387725
0.096780444462 56697.4002666
0.0973718415523 56803.1494619
0.0984988028192 56564.927634
0.110436506593 56525.9196244
0.110660998379 56646.9473141
0.111036165903 56593.0277728
0.111111351899 56417.3210833
0.119862570614 56077.6043013
0.120758388317 56199.0829957
0.125 56128.3360812
0.125084641337 56153.4080557
0.125254095988 56028.1130371
0.125338909381 56099.5069606
0.129040732437 55950.6257453
0.134936407475 55867.6862041
0.135210701874 55838.9035584
0.142927890797 55557.9104054
0.14665201002 55488.5345383
0.150269591432 55567.6464748
0.157454600141 54955.7535318
0.157561217484 55267.7573762
0.166666847257 54575.9171157
0.166779702495 54112.8031082
0.181874555222 53752.7669064
0.182244263981 53973.0130218
0.182614724273 53931.2733602
0.199547579947 53319.4715125
0.199682699739 53223.9049723
0.199817911023 53265.0112351
0.200088608322 52662.5002147
0.20022409446 52884.415235
0.20336572256 53145.7220939
0.203503427732 52703.1608918
0.219680171577 52472.8817776
0.220873013185 52153.9668528
0.222373177611 51681.8059164
0.224186830591 51976.3704628
0.224338634375 51950.6443283
0.236982357142 51378.9948876
0.237946796648 51606.060916
0.238107917727 51368.0026117
0.249492838964 51285.3918575
0.249661778223 51345.9762635
0.25 50475.196466
0.250169282673 50247.3293545
0.254438805708 50179.2822262
0.272073870135 50165.8484934
0.272258099703 49860.8784712
0.275782260098 49831.1176234
0.285855781594 49017.4747688
0.290341018789 48985.6408976
0.290537617604 49288.8849657
0.290931214694 48747.3446019
0.29750309091 49058.2555977
0.29992949581 48914.15843
0.300335816264 48378.6973922
0.302171080907 48229.4275938
0.308996855658 47949.8908794
0.309206086913 48237.290739
0.324429421129 48223.1937227
0.324649102248 48076.0592659
0.333333694514 46007.8141091
0.33355940499 45980.3690579
0.338334789863 45678.5783093
0.354032356404 45547.6848875
0.357161489591 46034.2806452
0.365229448545 45437.8488252
0.374999593672 45199.8096364
0.376525717503 44983.4582186
0.376780674623 44073.3170248
0.378058052152 44989.2118294
0.3793397603 44620.8788419
0.38633644552 44832.3460357
0.400177216645 42912.1492969
0.400990684048 43345.3076943
0.401533914104 43492.035942
0.42502658843 42835.4647701
0.436987544003 42282.9414995
0.437283441681 42365.5975248
0.438765938209 42565.0492297
0.447767062237 41968.5434205
0.448373661183 41987.5816723
0.499323556445 41303.9452235
0.5 36233.1252828
0.52782258918 35520.015275
0.531047959193 35557.5319788
0.532848340093 35007.7038908
0.571324701697 34945.6658019
0.571711563189 34277.2301408
0.572486072216 34433.9788807
0.600265174554 32163.2909092
0.605160876162 32617.0814191
0.625146240885 32711.1815802
0.626841184291 32410.9863465
0.632809757289 32448.331207
0.666216273542 32859.7219752
0.666667389029 29147.1140181
0.66711880998 29177.061724
0.670741199148 29292.0786095
0.715290686731 29088.9305598
0.71577503201 28816.7413453
0.750507034813 27673.1527905
0.755093164574 27143.5333015
0.755604461332 27804.7632711
0.757140429832 27244.754281
0.800896377841 26605.4574666
1 0.0
