0 769.51027569
0.0009765625 2469.20793033
0.00111285131201 2833.12626612
0.00111360485779 2941.08850519
0.0011364500574 2772.6884932
0.00162138825447 3104.84819017
0.00162358478139 3315.36810172
0.0022032182419 3725.71297856
0.00222269149962 3614.31605012
0.00222419655226 3584.095653
0.00232267014649 3693.65637381
0.00332727006905 3835.83868327
0.00332952306574 4082.96442459
0.00381996050503 3990.534991
0.00382254711753 4041.14511257
0.0049471738453 4407.69111161
0.00495387588012 4377.05647614
0.0060283402488 4576.83282167
0.00604059446539 4663.58786638
0.0078125 4678.38928966
0.00909775666092 4762.17875899
0.00910391703119 4782.8262357
0.011048543456 4892.30619515
0.0123123503524 4976.60992789
0.012488619439 4983.71375759
0.0136466202047 5127.57891765
0.0137207200029 5069.19690103
0.0142701135512 5103.18276979
0.014279776283 5099.79963561
0.0142894455579 5143.15242455
0.0171433048063 5269.24481157
0.0172247278642 5246.95089521
0.0174122928531 5300.18474334
0.018493525169 5240.01493813
0.0185060477025 5302.24931335
0.0185562226879 5271.65255576
0.0228422972884 5427.29646875
0.0249603374673 5466.62794621
0.0250449590425 5506.1674488
0.0291257195062 5537.3650164
0.0292442515137 5528.49318969
0.029264053694 5559.99561199
0.029283869283 5573.68575171
0.0331231657413 5538.95074382
0.0333481375212 5573.36544019
0.0340322624629 5574.22026296
0.0340553067523 5578.09931088
0.0340783666458 5568.8763322
0.038598470748 5630.45049648
0.0387817962827 5639.05533496
0.0388080566273 5619.43184116
0.0461508170606 5656.67273406
0.0541815438488 5750.42792242
0.0612850794982 5742.50489493
0.0613265775065 5774.08000987
0.0625 5782.00279754
0.0696491714122 5817.65717968
0.0704552763108 5794.68005811
0.0705029837409 5792.51799041
0.0707899074749 5803.90002786
0.0833334236286 5839.46138601
0.0833898512475 5838.06742464
0.0837859158783 5823.75304914
0.0846409716836 5857.5512533
0.111111351899 5863.5860786
0.125 5870.44988705
0.154603043457 5869.82961855
0.155022214831 5873.37884274
0.155232226509 5821.52667471
0.166666847257 5775.00770877
0.168481730232 5773.43539777
0.196464935162 5803.68092011
0.24881822432 5765.95998868
0.25 5594.05826555
0.333333694514 5228.32521722
0.334011284551 5231.48266645
0.342482354134 5268.49607493
0.342946321791 5297.08409035
0.343178541272 5306.0798649
0.344341999449 5260.3332816
0.5 3980.60023343
0.545992532592 4007.6021995
0.546732199536 4059.0458299
0.550073120667 4017.83842737
0.550445592061 4013.71261558
0.585418021116 3999.10446885
0.594603557501 3900.11996603
0.963454915262 3821.58868656
0.968030896746 3741.01302148
0.999323327503 3936.69677953
1 0.0
