0.00029397460514	0.0013216202729	0.00132251518256
0.00029397460514	0.00240425342171	0.0024058814155
0.00029397460514	0.00505550284641	0.00505892608256
0.00029397460514	0.00936011640816	0.00936645443027
0.00029397460514	0.0180727635276	0.0180850011505
0.000293974605141	0.126789555624	0.126875408724
0.000293974605141	0.142637940968	0.142734525496
0.000293974605141	0.150983305023	0.151085540453
0.000293974605141	0.197933256473	0.198067283157
0.000293974605141	0.230964365628	0.231120758689
0.000293974605141	0.25	0.250169282673
0.000293974605141	0.319633867974	0.319850301876
0.000293974605141	0.500338565347	0.500677359946
0.000293974605141	0.600265174554	0.600671632528
0.000293974605141	0.749999187344	0.750507034813
0.000293974605141	0.792805602373	0.79334243538
0.000293974605141	0.400177216645	0.400448188921
0.000293974605141	0.428783207787	0.429073550057
0.000293974605141	0.5	0.500338565347
0.000293974605141	0.672104660332	0.672559763027
0.000293974605141	0.721124524697	0.721612820247
0.000293974605141	0.000986528559643	0.00098719656841
0.000293974605141	0.00104283495527	0.00104354109083
0.000293974605141	0.0012950527359	0.00129592965586
0.000293974605141	0.00185142466517	0.00185267832164
0.000293974605141	0.0030141701244	0.00301621111151
0.000293974605141	0.00302438888944	0.00302643679598
0.000293974605141	0.00302643679598	0.00302848608923
0.000293974605141	0.00310529342353	0.00310739611301
0.000293974605141	0.00315188297854	0.00315401721524
0.000293974605141	0.00316042860022	0.00316256862343
0.000293974605141	0.00481502102329	0.00481828142182
0.000293974605141	0.00552801238196	0.00553175556882
0.000293974605141	0.00698689506172	0.00699162610282
0.000293974605141	0.00699162610282	0.00699636034745
0.000293974605141	0.00895115187667	0.00895721297634
0.000293974605141	0.0101796794109	0.0101865723843
0.000293974605141	0.0133632438138	0.0133722924763
0.000293974605141	0.0133722924763	0.013381347266
0.000293974605141	0.0164609945305	0.0164721407751
0.000293974605141	0.0212032567836	0.0212176141596
0.000293974605141	0.0251809506935	0.0251980014881
0.000293974605141	0.0371375753517	0.0371627223438
0.000293974605141	0.0456227884778	0.0456536810681
0.000293974605141	0.0569646582754	0.057003230794
0.000293974605141	0.0600531117004	0.0600937755056
0.000293974605141	0.076832023624	0.0768840489454
0.000293974605141	0.150881138773	0.150983305023
0.000293974605141	0.166666847257	0.166779702495
0.000293974605141	0.230808078394	0.230964365628
0.000587949210281	0.00123763093214	0.00123930757538
0.000587949210281	0.00185267832164	0.00185518818181
0.000587949210281	0.00481828142182	0.0048248088435
0.000587949210281	0.00657395165645	0.00658285751953
0.000587949210281	0.00989434769061	0.00990775176024
0.000587949210281	0.0370873324047	0.0371375753517
0.000587949210281	0.0908757428564	0.090998854033
0.000587949210281	0.665765463312	0.666667389029
0.000587949210281	0.142734525496	0.142927890797
0.000587949210281	0.333333694514	0.333785268301
0.000587949210281	0.00121029152783	0.00121193113383
0.000881923815422	0.00315401721524	0.00316042860022
0.000881923815422	0.0133361345475	0.0133632438138
0.000881923815422	0.142927890797	0.143218430027
0.000881923815422	0.0228422972884	0.0228887303773
0.000881923815422	0.03210768591	0.0321729533835
0.000881923815422	0.059931285307	0.0600531117004
0.000881923815422	0.110885946505	0.111111351899
0.000881923815422	0.240212446802	0.240700742955
0.000881923815422	0.500677359946	0.501695120815
0.00117589842056	0.00301621111151	0.00302438888944
0.00117589842056	0.00553175556882	0.00554675367968
0.00117589842056	0.570165687187	0.571711563189
0.00117589842056	0.0157524359081	0.0157951450946
0.00117589842056	0.0228887303773	0.0229507880209
0.00117589842056	0.359830809826	0.360806410123
0.0014698730257	0.00123344924117	0.00123763093214
0.0014698730257	0.00171974008109	0.00172557041551
0.0014698730257	0.010717072556	0.0107534060215
0.0014698730257	0.0321729533835	0.0322820274694
0.0014698730257	0.110511286541	0.110885946505
0.0014698730257	0.181014815518	0.181628499481
0.0014698730257	0.425602380404	0.427045275312
0.0014698730257	0.0132910745931	0.0133361345475
0.00176384763084	0.000982529988827	0.000986528559643
0.00176384763084	0.427045275312	0.428783207787
0.00176384763084	0.79334243538	0.796571075671
0.00176384763084	0.00129592965586	0.00130120365926
0.00176384763084	0.00139044811363	0.00139610677577
0.00176384763084	0.00244859837614	0.0024585633585
0.00176384763084	0.00270661072697	0.00271762573393
0.00176384763084	0.00320133778645	0.00321436616827
0.00176384763084	0.00554675367968	0.00556932712541
0.00176384763084	0.0166064858771	0.0166740687606
0.00176384763084	0.0768840489454	0.0771969414961
0.00176384763084	0.111111351899	0.111563538207
0.00176384763084	0.227088747376	0.228012923176
0.00205782223598	0.0833334236286	0.0837292202533
0.00205782223598	0.143218430027	0.143898653744
0.00235179684112	0.0159996004435	0.0160864766917
0.00235179684112	0.181628499481	0.182614724273
0.00235179684113	0.00157914501255	0.00158771961381
0.00235179684113	0.019299235374	0.0194040283136
0.00235179684113	0.0667414371372	0.067103836541
0.00264577144627	0.166779702495	0.16779884465
0.00264577144627	0.250169282673	0.25169799425
0.00264577144627	0.366219686037	0.368457547806
0.00264577144627	0.0009765625	0.000982529988827
0.00293974605141	0.00693976036891	0.00698689506172
0.00293974605141	0.333785268301	0.336052330166
0.00323372065655	0.00208566991054	0.00210125759583
0.00323372065655	0.0143378902311	0.0144450474181
0.00352769526169	0.0164721407751	0.0166064858771
0.00352769526169	0.666667389029	0.672104660332
0.00352769526169	0.00185518818181	0.00187031890761
0.00382166986683	0.0229507880209	0.023153639741
0.00411564447197	0.00104354109083	0.00105347734156
0.00411564447197	0.444445407594	0.448677268751
0.00440961907711	0.00253460485257	0.00256047111626
0.00440961907711	0.198067283157	0.200088608322
0.00470359368225	0.0014500441073	0.00146583405237
0.00470359368225	0.285855781594	0.28896854697
0.00499756828739	0.00895721297634	0.00906088188024
0.00529154289253	0.00316256862343	0.00320133778645
0.00529154289253	0.182614724273	0.184853353962
0.00529154289253	0.228012923176	0.230808078394
0.00529154289253	0.600671632528	0.608035120634
0.00529154289253	0.00256047111626	0.00259185931172
0.00558551749767	0.0157951450946	0.0159996004435
0.00587949210281	0.231120758689	0.234270954264
0.00587949210281	0.178580744796	0.181014815518
0.00617346670795	0.00310739611301	0.00315188297854
0.00617346670795	0.090998854033	0.0923016341212
0.00646744131309	0.360806410123	0.366219686037
0.00646744131309	0.184853353962	0.187626758703
0.00676141591823	0.00130120365926	0.0013216202729
0.00676141591823	0.0041798191868	0.00424540288911
0.00764333973366	0.00121193113383	0.00123344924117
0.00764333973366	0.571711563189	0.581862429389
0.00764333973366	0.400448188921	0.407558235748
0.00764333973366	0.0024058814155	0.00244859837614
0.0079373143388	0.368457547806	0.375253517407
0.00881923815422	0.979897753126	1
0.00911321275936	0.608035120634	0.620928906037
0.0094071873645	0.222222703797	0.227088747376
0.0094071873645	0.0166740687606	0.0170391833229
0.00999513657478	0.0160864766917	0.0164609945305
0.00999513657478	0.00408472062849	0.0041798191868
0.0102891111799	0.00118195483625	0.00121029152783
0.0105830857851	0.00158771961381	0.00162688515243
0.0108770603902	0.00115271998213	0.00118195483625
0.0108770603902	0.00302848608923	0.00310529342353
0.0108770603902	0.00424540288911	0.00435307321327
0.0108770603902	0.234270954264	0.240212446802
0.0108770603902	0.556063024228	0.570165687187
0.0108770603902	0.200088608322	0.205163180956
0.0111710349953	0.00146583405237	0.00150402772291
0.0111710349953	0.300132587277	0.307952821184
0.0117589842056	0.00990775176024	0.0101796794109
0.0123469334159	0.00397022779262	0.00408472062849
0.0123469334159	0.0600937755056	0.0618267508246
0.0123469334159	0.126875408724	0.130534222803
0.012640908021	0.0553304991895	0.0569646582754
0.0132288572313	0.0024585633585	0.00253460485257
0.0135228318365	0.581862429389	0.600265174554
0.0141107810467	0.00906088188024	0.00936011640816
0.0144047556519	0.0138701288479	0.0143378902311
0.0152866794673	0.0152076126373	0.0157524359081
0.0152866794673	0.429073550057	0.444445407594
0.0152866794673	0.151085540453	0.156498284733
0.0152866794673	0.214536775029	0.222222703797
0.0155806540725	0.013381347266	0.0138701288479
0.0155806540725	0.4823800634	0.5
0.0158746286776	0.00556932712541	0.00577666731131
0.0161686032827	0.307952821184	0.319633867974
0.0164625778879	0.0127966861169	0.0132910745931
0.0164625778879	0.100044304161	0.103909426009
0.0164625778879	0.240700742955	0.25
0.0164625778879	0.28896854697	0.300132587277
0.0164625778879	0.130534222803	0.135577295277
0.0164625778879	0.00139610677577	0.0014500441073
0.016756552493	0.721612820247	0.749999187344
0.0176384763084	0.00210125759583	0.00218835498518
0.0179324509136	0.319850301876	0.333333694514
0.0182264255187	0.00577666731131	0.00602426103675
0.018814374729	0.407558235748	0.425602380404
0.018814374729	0.00259185931172	0.00270661072697
0.018814374729	0.00380190315933	0.00397022779262
0.018814374729	0.00435307321327	0.0045458002296
0.0191083493341	0.00123930757538	0.0012950527359
0.0191083493341	0.00199589286847	0.00208566991054
0.0194023239393	0.205163180956	0.214536775029
0.0196962985444	0.00855426357067	0.00895115187667
0.0199902731496	0.531047959193	0.556063024228
0.0202842477547	0.0114987208231	0.0120485220735
0.0202842477547	0.272811537231	0.285855781594
0.0202842477547	0.0048248088435	0.00505550284641
0.0205782223598	0.143898653744	0.150881138773
0.020872196965	0.00321436616827	0.00337262104275
0.0211661715701	0.00150402772291	0.00157914501255
0.0211661715701	0.027219441018	0.0285788911157
0.0214601461753	0.120676674437	0.126789555624
0.0217541207804	0.00132251518256	0.00139044811363
0.0217541207804	0.057003230794	0.059931285307
0.0217541207804	0.932023024199	0.979897753126
0.0220480953855	0.135577295277	0.142637940968
0.0220480953855	0.0101865723843	0.010717072556
0.0223420699907	0.0144450474181	0.0152076126373
0.022930019201	0.0456536810681	0.0481288871332
0.022930019201	0.00658285751953	0.00693976036891
0.0232239938061	0.187626758703	0.197933256473
0.0238119430164	0.750507034813	0.792805602373
0.0238119430164	0.00098719656841	0.00104283495527
0.0238119430164	0.00936645443027	0.00989434769061
0.0241059176215	0.00162688515243	0.00171974008109
0.0241059176215	0.00809238823127	0.00855426357067
0.0246938668318	0.501695120815	0.531047959193
0.024987841437	0.00337262104275	0.00357236138946
0.024987841437	0.0045458002296	0.00481502102329
0.0255757906472	0.0170391833229	0.0180727635276
0.0255757906472	0.067103836541	0.0711742896723
0.0261637398575	0.0120485220735	0.0127966861169
0.0267516890678	0.103909426009	0.110511286541
0.0270456636729	0.16779884465	0.178580744796
0.0270456636729	0.00357236138946	0.00380190315933
0.0273396382781	0.156498284733	0.166666847257
0.0279275874884	0.375253517407	0.400177216645
0.0282215620935	0.00187031890761	0.00199589286847
0.0282215620935	0.0180850011505	0.019299235374
0.0291034859089	0.00699636034745	0.00748127563046
0.0291034859089	0.0107534060215	0.0114987208231
0.0296914351192	0.336052330166	0.359830809826
0.0302793843295	0.672559763027	0.721124524697
0.0302793843295	0.620928906037	0.665765463312
0.0305733589346	0.00172557041551	0.00185142466517
0.03145528275	0.448677268751	0.4823800634
0.0320432319603	0.0212176141596	0.0228422972884
0.0332191303809	0.0618267508246	0.0667414371372
0.0332191303809	0.0711742896723	0.076832023624
0.0332191303809	0.0771969414961	0.0833334236286
0.033513104986	0.0251980014881	0.027219441018
0.0341010541963	0.00748127563046	0.00809238823127
0.0341010541963	0.111563538207	0.120676674437
0.0349829780117	0.25169799425	0.272811537231
0.0349829780117	0.0923016341212	0.100044304161
0.035570927222	0.0837292202533	0.0908757428564
0.0364528510374	0.023153639741	0.0251809506935
0.0379227240631	0.00602426103675	0.00657395165645
0.0385106732734	0.0194040283136	0.0212032567836
0.0385106732734	0.00505892608256	0.00552801238196
0.0390986224837	0.00105347734156	0.00115271998213
0.0408624701145	0.00218835498518	0.00240425342171
0.0449781145865	0.00271762573393	0.0030141701244
0.0505636320842	0.0285788911157	0.03210768591
0.0602647940538	0.0322820274694	0.0370873324047
0.060558768659	0.0481288871332	0.0553304991895
0.0682021083926	0.796571075671	0.932023024199
0.0890743053576	0.0371627223438	0.0456227884778
