25	7574
97	7460
97	9186
100	8495
109	5093
109	8557
109	8973
109	9679
111	9830
116	3211
116	7828
151	1614
151	5697
157	5967
157	7251
157	9363
157	9765
160	1304
160	5924
160	8114
160	8830
160	9570
190	1671
190	3208
190	4525
190	7498
190	7547
190	8631
190	9710
209	8074
209	8425
209	8631
209	9187
235	6850
235	7198
241	7366
241	8056
245	7362
245	8693
245	9546
259	9207
259	9332
259	9497
291	430
291	3485
291	8495
291	9290
291	9479
291	9892
291	9917
302	5322
302	6849
302	7011
302	9475
312	8112
312	9384
312	9724
312	9755
349	2305
349	5106
359	3216
359	6558
359	7949
373	626
373	3252
373	5289
373	7902
373	9600
377	3819
377	9550
377	9567
385	8738
385	9479
412	5110
412	5621
412	7247
412	7251
412	9315
426	494
426	5967
426	7556
426	7712
426	8121
426	9234
426	9685
430	291
430	5924
430	7171
450	9207
450	9332
450	9395
450	9418
450	9497
450	9561
455	6092
455	9864
494	426
494	2671
494	9462
494	9626
512	8420
512	8959
512	9200
512	9748
516	1304
516	8203
516	9990
533	8364
533	9672
571	6849
571	9282
571	9287
574	2662
574	4287
574	9190
574	9219
574	9757
574	9816
574	9864
595	6179
598	3988
598	3995
598	6281
598	9462
598	9626
602	8553
610	4661
610	7983
610	9103
610	9601
626	373
626	8719
626	9078
626	9410
638	9318
638	9362
638	9466
646	8398
650	5156
650	9348
650	9952
658	3498
658	3685
658	9052
689	5312
689	6225
689	6630
689	7362
689	9546
730	9279
730	9600
741	2505
759	6340
759	6889
759	8522
820	6266
820	9982
823	8671
838	3524
838	9098
861	2439
861	2870
861	3606
861	6649
875	1614
875	3454
875	6070
875	8976
949	9909
953	7576
953	9188
953	9304
1014	7170
1014	7453
1014	9695
1016	9707
1021	3216
1021	9315
1021	9452
1037	6409
1037	8258
1037	8425
1037	8760
1037	9242
1037	9455
1037	9677
1061	5110
1061	9894
1088	7763
1109	3252
1109	9280
1146	9027
1146	9127
1146	9290
1146	9664
1171	6649
1171	7310
1171	9511
1196	5031
1196	7247
1202	4597
1202	6608
1202	6718
1202	7686
1202	8844
1202	9948
1253	9833
1253	9978
1255	8118
1300	4521
1304	160
1304	516
1304	5733
1304	9697
1321	5106
1321	9636
1321	9866
1324	3988
1324	7574
1324	7850
1324	7886
1324	9392
1324	9849
1351	3841
1357	7745
1357	8173
1357	8621
1431	8972
1431	9978
1473	7481
1493	5697
1493	8397
1493	9635
1538	8495
1538	9937
1614	151
1614	875
1614	7628
1627	3498
1671	190
1671	6630
1671	8631
1691	2364
1691	9722
1691	9866
1694	2959
1749	9063
1749	9905
1764	3988
1772	2728
1773	9027
1773	9917
1787	8079
1787	9235
1787	9761
1787	9816
1792	8722
1792	9601
1796	3819
1796	4521
1796	6258
1796	7098
1796	7601
1796	7919
1796	9384
1806	9301
1816	3211
1816	9562
1817	5733
1817	7310
1817	7362
1817	8537
1817	9546
1836	5745
1836	9697
1847	7556
1847	9078
1872	1873
1872	5408
1872	7310
1872	7766
1873	1872
1873	3124
1873	3988
1873	7222
1873	7766
1873	7848
1873	8481
1873	9629
1896	9601
1935	7598
1935	9830
1952	6837
1952	9235
1968	5322
1968	6849
1968	8121
1968	8401
1968	9644
1978	6558
1978	9320
1978	9567
2016	8621
2020	8791
2020	9103
2020	9192
2020	9757
2026	9328
2026	9860
2053	8952
2053	9304
2053	9891
2053	9917
2060	9949
2064	8425
2070	5695
2070	6177
2070	6372
2070	6889
2070	9595
2070	9783
2081	5867
2081	9207
2081	9332
2081	9395
2081	9497
2081	9550
2109	4723
2109	5893
2109	9326
2134	3926
2134	5093
2134	8976
2137	8775
2137	9524
2149	6345
2149	8170
2149	9148
2149	9745
2149	9917
2152	2728
2152	8259
2152	9847
2159	5157
2159	8121
2159	8885
2159	9912
2181	8398
2226	8112
2226	9687
2226	9927
2227	8491
2227	9695
2227	9761
2245	8898
2245	9207
2245	9395
2245	9497
2256	4139
2256	7900
2256	9118
2256	9550
2256	9928
2257	5876
2274	3733
2274	4235
2274	8722
2274	9557
2305	349
2305	9497
2338	7900
2338	8821
2338	9136
2338	9849
2338	9905
2363	3170
2363	7171
2363	7900
2363	8538
2363	9928
2363	9990
2364	1691
2364	3862
2364	8259
2364	9269
2364	9722
2364	9866
2439	861
2439	8493
2439	9301
2439	9499
2439	9725
2439	9897
2489	3606
2489	5385
2489	9452
2494	5211
2494	7387
2494	8051
2494	8074
2494	9568
2505	741
2505	4525
2505	4615
2505	6918
2505	6987
2505	7929
2505	8953
2505	9954
2509	3559
2556	8125
2556	8344
2556	8847
2556	8976
2556	9351
2556	9576
2556	9635
2556	9955
2565	8203
2565	9424
2603	8309
2604	6266
2604	6900
2618	8885
2618	9374
2643	6405
2643	6847
2643	7698
2643	8723
2643	9905
2643	9912
2646	9301
2662	574
2671	494
2671	9151
2694	4337
2694	6319
2694	8564
2694	9352
2703	3507
2703	8719
2703	8830
2728	1772
2728	2152
2728	5351
2728	8401
2744	6779
2744	7453
2744	8298
2744	8512
2744	9761
2795	5951
2795	6900
2795	8454
2798	6399
2798	9819
2799	6092
2799	9567
2825	3211
2825	6345
2825	8684
2825	8821
2825	9242
2838	6900
2838	9868
2838	9907
2865	7083
2865	9125
2865	9952
2870	861
2870	9743
2880	8885
2897	6627
2897	8565
2905	9315
2931	6368
2931	6918
2931	9169
2931	9498
2931	9878
2947	8821
2947	9136
2947	9641
2959	1694
2959	8121
2959	9475
2959	9672
2959	9937
2960	5175
2960	9105
2979	6889
2979	9200
2979	9847
2993	9315
2993	9856
3007	6266
3007	9219
3007	9757
3007	9864
3012	5314
3012	5705
3012	7745
3012	8693
3012	8826
3012	9410
3012	9570
3012	9616
3012	9707
3029	5621
3029	8679
3029	9290
3038	3454
3038	4597
3038	7539
3057	7310
3057	7980
3057	8000
3057	9724
3061	6450
3061	9466
3061	9949
3066	3507
3124	1873
3124	7310
3124	7766
3125	9279
3125	9454
3132	9279
3132	9600
3160	3988
3160	9392
3160	9410
3160	9475
3170	2363
3170	9576
3183	7198
3183	9909
3208	190
3211	116
3211	1816
3211	2825
3211	4834
3211	5626
3211	6582
3211	6789
3211	8912
3211	9413
3216	359
3216	1021
3216	6900
3216	8713
3216	9105
3245	5910
3245	7299
3245	7495
3245	7920
3245	9478
3245	9862
3252	373
3252	1109
3252	6700
3252	6745
3252	9245
3351	9195
3351	9434
3377	6319
3377	6399
3377	8097
3377	8287
3409	4482
3409	4717
3409	8099
3409	9148
3454	875
3454	3038
3454	7539
3462	8081
3485	291
3498	658
3498	1627
3498	6381
3498	7563
3498	9052
3498	9063
3498	9595
3507	2703
3507	3066
3507	4907
3507	5289
3507	7902
3507	9878
3518	7703
3518	8493
3524	838
3524	7891
3524	8388
3524	8841
3524	8959
3524	9063
3524	9843
3524	9944
3524	9995
3528	5227
3528	6690
3544	8344
3544	8548
3544	9240
3544	9955
3559	2509
3559	9831
3559	9944
3577	7902
3577	9233
3591	5324
3591	5967
3591	7460
3591	8791
3594	9352
3606	861
3606	2489
3606	5221
3619	4087
3619	5702
3619	9850
3660	5677
3660	6172
3660	6630
3660	7958
3660	8496
3660	9207
3660	9710
3666	7574
3666	9503
3680	8885
3680	9539
3685	658
3685	5393
3685	8553
3685	9743
3695	4495
3695	8895
3733	2274
3733	4384
3733	7850
3733	8285
3733	8722
3738	9982
3799	7202
3799	7639
3799	9799
3819	377
3819	1796
3819	7547
3819	8496
3819	8631
3819	9475
3819	9710
3841	1351
3841	4794
3841	5274
3841	6470
3841	8477
3841	8622
3841	8641
3841	9187
3841	9524
3841	9823
3843	6345
3843	8684
3843	9242
3843	9394
3851	9830
3862	2364
3862	9334
3921	9318
3921	9362
3921	9466
3921	9479
3921	9550
3921	9685
3921	9892
3926	2134
3926	9959
3963	5314
3963	9125
3964	5910
3964	6158
3964	7707
3978	6675
3978	7498
3978	9891
3978	9949
3988	598
3988	1324
3988	1764
3988	1873
3988	3160
3988	8401
3988	9392
3988	9475
3988	9477
3995	598
3995	8765
3996	5362
3996	8533
3996	9831
4033	8564
4033	8658
4033	9235
4036	6847
4036	8029
4036	9595
4041	4072
4041	9629
4041	9777
4072	4041
4072	8491
4075	7179
4087	3619
4087	9429
4087	9878
4092	7248
4092	9050
4092	9495
4117	9103
4117	9400
4126	4261
4136	9052
4139	2256
4139	8364
4139	8642
4139	8661
4139	8979
4139	9640
4151	5175
4151	9225
4151	9456
4174	4521
4174	9384
4175	9424
4175	9475
4211	7745
4211	8079
4211	8826
4211	8830
4235	2274
4235	9949
4235	9982
4240	5273
4240	5594
4240	5697
4240	6850
4240	6867
4240	7601
4240	7981
4240	8939
4240	9384
4241	9304
4242	8950
4242	9499
4242	9725
4242	9850
4242	9897
4243	8448
4243	8548
4243	8549
4243	8845
4243	9343
4243	9955
4250	7820
4250	9524
4261	4126
4261	4929
4261	5221
4261	5408
4261	6675
4261	7729
4261	8000
4261	9989
4262	5172
4262	8481
4262	8493
4271	4836
4271	5762
4271	6986
4271	8530
4271	9451
4271	9924
4276	6266
4276	8719
4287	574
4287	5951
4287	9219
4287	9757
4292	7291
4292	9819
4315	8901
4315	9379
4320	6918
4320	9878
4337	2694
4337	6399
4337	6476
4337	9894
4338	6971
4357	9188
4357	9304
4384	3733
4442	4521
4442	5594
4442	9234
4442	9384
4443	8079
4443	9276
4443	9664
4482	3409
4482	7949
4495	3695
4495	6145
4495	6597
4495	8895
4495	9728
4503	7745
4503	8826
4503	9616
4510	6172
4510	6708
4510	9278
4512	5097
4512	8073
4512	8959
4512	9435
4512	9931
4521	1300
4521	1796
4521	4174
4521	4442
4521	8127
4521	8671
4525	190
4525	2505
4525	9783
4525	9785
4525	9860
4549	6464
4549	8671
4549	9384
4549	9400
4549	9709
4553	8979
4553	9912
4571	5408
4571	7222
4571	7310
4588	7498
4588	7763
4588	9454
4597	1202
4597	3038
4597	5712
4597	7677
4597	8186
4597	8622
4597	8719
4615	2505
4615	4884
4615	5289
4615	9891
4616	9133
4616	9506
4616	9687
4616	9707
4616	9777
4616	9949
4629	7745
4629	8830
4629	9570
4629	9616
4645	7902
4645	9451
4661	610
4661	9103
4661	9192
4661	9351
4687	8549
4687	9325
4687	9475
4687	9712
4687	9795
4690	7601
4690	8298
4690	8512
4690	9511
4690	9695
4702	5733
4702	7598
4702	7886
4702	9546
4717	3409
4717	9151
4717	9654
4717	9932
4723	2109
4723	6145
4723	7576
4723	7851
4731	7767
4731	9707
4731	9777
4774	5393
4774	8821
4774	9136
4774	9240
4774	9849
4789	8221
4789	8677
4789	9105
4789	9878
4789	9995
4794	3841
4794	8565
4794	9524
4822	6778
4822	7734
4822	9557
4822	9941
4833	7247
4833	8950
4833	9315
4834	3211
4834	9684
4836	4271
4836	5647
4836	7002
4836	7501
4836	7738
4836	8054
4836	8764
4836	9609
4836	9891
4872	9978
4884	4615
4884	8112
4907	3507
4907	6597
4907	9410
4907	9499
4922	7539
4922	8811
4922	9765
4922	9857
4929	4261
4929	5408
4929	8000
4929	9324
4971	7442
4971	7820
4971	9375
4971	9757
5031	1196
5034	6597
5034	9503
5034	9722
5047	7501
5047	9982
5087	6723
5087	9234
5087	9395
5087	9466
5087	9479
5087	9685
5087	9892
5093	109
5093	2134
5093	8554
5097	4512
5097	8433
5097	9509
5097	9828
5097	9931
5106	349
5106	1321
5106	7823
5106	8557
5106	8791
5106	9466
5110	412
5110	1061
5110	7330
5124	8775
5124	9279
5134	7170
5134	9548
5134	9601
5134	9905
5154	8549
5154	8679
5154	9379
5155	9332
5155	9503
5156	650
5157	2159
5157	6958
5172	4262
5172	6069
5175	2960
5175	4151
5175	6630
5175	7662
5202	5560
5202	7556
5202	8623
5202	8625
5202	9325
5202	9948
5211	2494
5211	7456
5211	7703
5211	9133
5211	9506
5211	9687
5221	3606
5221	4261
5221	9825
5227	3528
5227	9777
5227	9862
5230	7222
5230	7729
5230	7980
5251	7529
5251	9008
5251	9497
5251	9823
5273	4240
5273	7848
5274	3841
5274	8661
5289	373
5289	3507
5289	4615
5289	6820
5289	8719
5289	9410
5290	9465
5290	9982
5291	5322
5291	8495
5291	8909
5307	7251
5312	689
5312	7362
5312	7598
5312	9546
5314	3012
5314	3963
5314	6751
5314	6824
5314	9065
5314	9083
5314	9125
5314	9146
5322	302
5322	1968
5322	5291
5322	5603
5322	6849
5322	8079
5322	8522
5322	9764
5324	3591
5324	7983
5324	9103
5324	9192
5351	2728
5351	7306
5362	3996
5362	5514
5362	7082
5362	9497
5362	9831
5385	2489
5385	5491
5385	6370
5385	7703
5385	7712
5385	8495
5385	9318
5385	9479
5392	9287
5392	9635
5392	9954
5392	9978
5393	3685
5393	4774
5393	6940
5393	9400
5393	9429
5408	1872
5408	4261
5408	4571
5408	4929
5408	6052
5408	6229
5408	7310
5408	7729
5408	8565
5408	9495
5408	9744
5408	9968
5450	8477
5450	8760
5450	9932
5470	5810
5470	7165
5470	8110
5470	9418
5476	9304
5476	9994
5491	5385
5491	7556
5491	9234
5491	9362
5491	9479
5491	9554
5502	8491
5502	9318
5502	9498
5502	9548
5502	9862
5514	5362
5514	5762
5514	9857
5514	9932
5519	8073
5560	5202
5560	9452
5560	9744
5560	9862
5563	8420
5563	8469
5563	8484
5563	8912
5563	8959
5563	9748
5578	6867
5578	8170
5578	9122
5594	4240
5594	4442
5594	9278
5594	9384
5594	9435
5603	5322
5603	7936
5603	8121
5603	9392
5603	9475
5608	8719
5609	8559
5609	9190
5609	9684
5621	412
5621	3029
5621	8623
5626	3211
5626	8912
5647	4836
5647	6637
5647	7949
5647	9694
5647	9745
5647	9949
5677	3660
5677	8522
5677	8631
5695	2070
5695	6598
5695	8508
5695	8765
5695	9365
5696	8553
5696	9672
5696	9954
5697	151
5697	1493
5697	4240
5697	7712
5697	7846
5702	3619
5702	6849
5702	7716
5702	7936
5702	8401
5702	8522
5702	9245
5702	9475
5705	3012
5705	7163
5705	8454
5705	8891
5705	9098
5705	9612
5712	4597
5712	7525
5712	9948
5733	1304
5733	1817
5733	4702
5733	9546
5742	7891
5742	8388
5742	9866
5742	9944
5742	9982
5742	9995
5744	8203
5744	9697
5745	1836
5745	8821
5745	9697
5746	9843
5746	9944
5746	9995
5762	4271
5762	5514
5762	6986
5762	8530
5810	5470
5810	6579
5810	6956
5810	7165
5810	8624
5810	9065
5818	6258
5818	6446
5818	6627
5818	8512
5818	9764
5825	8537
5828	7299
5828	8425
5867	2081
5867	9424
5867	9672
5870	9301
5870	9495
5876	2257
5876	9304
5876	9629
5876	9857
5893	2109
5893	7716
5896	9279
5910	3245
5910	3964
5910	9186
5924	160
5924	430
5924	7745
5924	7820
5924	8830
5924	9616
5931	7902
5945	8811
5945	9320
5945	9567
5951	2795
5951	4287
5951	6973
5951	9234
5951	9362
5951	9400
5951	9451
5951	9466
5951	9685
5967	157
5967	426
5967	3591
5967	6822
5967	7460
5967	9395
5967	9478
5975	6052
5975	6281
5975	7899
5975	9240
5975	9685
5975	9728
5976	7098
5976	7299
5976	9187
6051	6179
6051	7712
6051	9008
6051	9724
6052	5408
6052	5975
6069	5172
6069	8976
6069	9362
6069	9400
6069	9479
6069	9685
6069	9892
6070	875
6070	7648
6070	8811
6070	9208
6089	9707
6092	455
6092	2799
6092	6867
6092	9509
6096	8765
6096	9063
6121	8259
6121	8658
6121	9190
6140	9315
6140	9348
6140	9362
6140	9617
6140	9757
6145	4495
6145	4723
6145	6597
6158	3964
6158	6708
6158	9805
6158	9963
6159	6208
6159	8495
6172	3660
6172	4510
6172	8170
6177	2070
6177	8496
6177	9524
6179	595
6179	6051
6179	7850
6179	9151
6208	6159
6208	7734
6208	9112
6208	9765
6208	9767
6225	689
6225	6822
6225	7851
6225	9258
6229	5408
6229	8931
6251	7251
6251	8646
6251	9511
6258	1796
6258	5818
6258	9930
6263	8398
6263	9304
6266	820
6266	2604
6266	3007
6266	4276
6266	7081
6266	8204
6266	8625
6266	9022
6266	9724
6266	9755
6266	9945
6281	598
6281	5975
6281	9324
6281	9362
6284	6723
6284	9127
6302	6372
6302	7165
6302	9451
6317	9982
6319	2694
6319	3377
6319	7498
6319	8613
6319	9868
6332	6446
6332	8557
6332	8939
6332	9105
6340	759
6340	8401
6340	8522
6340	9392
6340	9475
6340	9611
6340	9707
6345	2149
6345	2825
6345	3843
6345	8775
6345	9743
6368	2931
6368	6918
6368	7310
6368	8190
6368	9169
6368	9506
6368	9878
6370	5385
6370	9320
6370	9798
6372	2070
6372	6302
6372	9767
6372	9818
6372	9989
6381	3498
6381	6487
6381	9954
6388	6956
6390	7366
6390	7387
6390	9052
6393	9276
6393	9664
6399	2798
6399	3377
6399	4337
6399	6742
6399	7277
6399	7994
6399	8110
6399	8287
6399	8613
6399	9352
6399	9429
6399	9475
6399	9497
6399	9557
6399	9782
6405	2643
6405	9119
6405	9912
6409	1037
6409	9242
6409	9677
6409	9712
6409	9866
6446	5818
6446	6332
6446	7547
6446	9161
6450	3061
6450	9949
6464	4549
6464	8671
6470	3841
6470	8477
6470	9286
6470	9375
6470	9927
6470	9952
6476	4337
6476	6778
6476	9119
6476	9937
6487	6381
6487	6597
6487	8895
6558	359
6558	1978
6558	9017
6558	9178
6558	9757
6559	7902
6559	8719
6559	9410
6559	9777
6579	5810
6579	7501
6579	7738
6579	9379
6579	9609
6579	9891
6579	9924
6582	3211
6582	7929
6582	8901
6582	8912
6582	9348
6597	4495
6597	4907
6597	5034
6597	6145
6597	6487
6597	7598
6597	8895
6598	5695
6598	8258
6598	9697
6608	1202
6627	2897
6627	5818
6627	8121
6627	9161
6630	689
6630	1671
6630	3660
6630	5175
6630	7547
6630	9198
6630	9710
6630	9783
6637	5647
6637	7916
6637	8298
6637	8738
6637	9413
6637	9694
6649	861
6649	1171
6675	3978
6675	4261
6675	9949
6677	8764
6677	9386
6677	9830
6690	3528
6690	8125
6690	8557
6690	9200
6694	8125
6694	8344
6694	8548
6694	8613
6694	8895
6694	9240
6694	9351
6700	3252
6700	7949
6700	8035
6700	8713
6700	9105
6708	4510
6708	6158
6708	7501
6718	1202
6718	7525
6723	5087
6723	6284
6723	7556
6723	9234
6723	9318
6723	9362
6723	9400
6723	9892
6742	6399
6745	3252
6745	8713
6745	9105
6751	5314
6751	7831
6751	8623
6751	9644
6774	7082
6774	8285
6774	9440
6774	9509
6774	9554
6774	9609
6778	4822
6778	6476
6778	7734
6778	9186
6778	9928
6778	9941
6778	9963
6779	2744
6779	9897
6789	3211
6789	8901
6795	8127
6795	8952
6814	8204
6814	8621
6814	9507
6818	7248
6818	7919
6818	8433
6820	5289
6820	7529
6820	9498
6820	9856
6820	9930
6822	5967
6822	6225
6822	8738
6822	8845
6822	9949
6824	5314
6824	8097
6824	9125
6824	9146
6825	8549
6825	9304
6825	9557
6825	9685
6825	9825
6837	1952
6837	7306
6837	8079
6837	8658
6837	9235
6846	7299
6846	7916
6846	8658
6846	9187
6846	9561
6847	2643
6847	4036
6847	9374
6847	9386
6847	9466
6847	9506
6847	9541
6847	9687
6847	9707
6847	9777
6849	302
6849	571
6849	1968
6849	5322
6849	5702
6849	7936
6849	8522
6849	9392
6849	9755
6850	235
6850	4240
6850	7601
6850	8939
6864	7767
6864	9506
6864	9687
6864	9777
6867	4240
6867	5578
6867	6092
6867	9462
6878	7902
6878	8398
6889	759
6889	2070
6889	2979
6889	7453
6889	9343
6889	9511
6889	9761
6896	9391
6896	9905
6900	2604
6900	2795
6900	2838
6900	3216
6900	7675
6900	9334
6900	9937
6918	2505
6918	2931
6918	4320
6918	6368
6918	8221
6918	9169
6918	9878
6921	7698
6921	7850
6921	7936
6921	8121
6921	8210
6921	8401
6921	8522
6921	9475
6940	5393
6940	8997
6945	9612
6945	9944
6956	5810
6956	6388
6956	9348
6958	5157
6958	7498
6958	7994
6958	8097
6958	8764
6962	9190
6962	9816
6971	4338
6971	8477
6971	8565
6971	9479
6973	5951
6973	7362
6973	8495
6973	9318
6973	9362
6973	9479
6973	9685
6975	7983
6975	8495
6986	4271
6986	5762
6986	7949
6986	8530
6986	9148
6986	9192
6987	2505
6987	8454
6987	8953
6987	9954
6987	9995
7002	4836
7002	8491
7002	8708
7002	9435
7011	302
7011	9924
7028	9757
7028	9864
7028	9931
7034	7062
7034	8538
7034	9328
7034	9928
7034	9990
7042	9400
7056	7585
7056	9278
7056	9365
7062	7034
7062	7900
7062	9161
7062	9928
7062	9990
7081	6266
7081	8972
7081	9765
7082	5362
7082	6774
7082	9440
7082	9466
7082	9982
7083	2865
7083	9856
7083	9952
7098	1796
7098	5976
7098	7601
7098	8671
7098	9384
7098	9685
7106	7662
7110	7437
7110	7670
7110	8203
7110	8495
7110	8612
7110	9234
7110	9400
7110	9685
7110	9892
7111	9672
7111	9955
7128	9386
7128	9506
7128	9707
7128	9777
7137	9276
7137	9664
7163	5705
7163	7481
7163	9072
7163	9453
7165	5470
7165	5810
7165	6302
7165	8110
7165	8364
7165	8624
7165	9559
7165	9743
7170	1014
7170	5134
7170	8538
7170	9548
7170	9601
7170	9684
7170	9862
7171	430
7171	2363
7171	9466
7179	4075
7179	7547
7179	8537
7179	9402
7179	9912
7184	8909
7184	9816
7198	235
7198	3183
7198	9078
7202	3799
7222	1873
7222	4571
7222	5230
7222	7766
7222	8000
7222	9840
7247	412
7247	1196
7247	4833
7247	7539
7247	7556
7247	8722
7247	8724
7247	9235
7247	9315
7248	4092
7248	6818
7248	8114
7248	9697
7251	157
7251	412
7251	5307
7251	6251
7251	9478
7267	9394
7277	6399
7277	8097
7277	8287
7277	9475
7291	4292
7291	7498
7291	9748
7291	9819
7299	3245
7299	5828
7299	5976
7299	6846
7299	7547
7299	9655
7299	9843
7306	5351
7306	6837
7306	8658
7306	9125
7306	9192
7306	9235
7306	9324
7306	9375
7308	7310
7308	8298
7308	9860
7310	1171
7310	1817
7310	1872
7310	3057
7310	3124
7310	4571
7310	5408
7310	6368
7310	7308
7310	7547
7310	7980
7310	8622
7310	8898
7310	9154
7329	8493
7329	9490
7329	9499
7329	9725
7329	9897
7330	5110
7330	7716
7330	9697
7339	7831
7339	8661
7339	9301
7339	9677
7362	245
7362	689
7362	1817
7362	5312
7362	6973
7362	7598
7362	8537
7362	8847
7362	9546
7366	241
7366	6390
7366	9722
7383	8210
7387	2494
7387	6390
7387	7823
7387	7902
7387	8074
7387	9568
7437	7110
7437	7556
7437	8495
7437	8537
7437	9466
7437	9479
7437	9685
7437	9892
7442	4971
7442	8612
7442	9188
7442	9878
7445	8612
7445	9027
7445	9127
7445	9234
7453	1014
7453	2744
7453	6889
7453	8491
7453	9511
7453	9695
7456	5211
7456	7505
7456	8454
7456	8572
7456	9917
7460	97
7460	3591
7460	5967
7460	7983
7460	8791
7460	9103
7460	9192
7460	9207
7460	9434
7476	7763
7476	8089
7476	9232
7476	9362
7476	9978
7481	1473
7481	7163
7481	7576
7481	8679
7481	8720
7481	9023
7481	9465
7481	9558
7481	9611
7481	9697
7481	9756
7481	9978
7495	3245
7495	9548
7495	9601
7495	9781
7498	190
7498	3978
7498	4588
7498	6319
7498	6958
7498	7291
7498	8097
7498	9352
7498	9818
7501	4836
7501	5047
7501	6579
7501	6708
7501	8054
7501	9609
7501	9626
7501	9891
7505	7456
7505	9840
7505	9856
7525	5712
7525	6718
7525	7936
7525	9315
7525	9765
7525	9948
7529	5251
7529	6820
7529	7936
7529	8973
7539	3038
7539	3454
7539	4922
7539	7247
7539	9532
7539	9990
7546	9282
7546	9955
7547	190
7547	3819
7547	6446
7547	6630
7547	7179
7547	7299
7547	7310
7547	7662
7547	8496
7547	8631
7547	9478
7547	9710
7556	426
7556	1847
7556	5202
7556	5491
7556	6723
7556	7247
7556	7437
7556	8495
7556	9362
7556	9400
7556	9466
7556	9685
7563	3498
7573	8765
7574	25
7574	1324
7574	3666
7576	953
7576	4723
7576	7481
7576	8720
7576	9465
7576	9558
7585	7056
7585	8344
7585	9269
7585	9933
7598	1935
7598	4702
7598	5312
7598	6597
7598	7362
7598	8537
7598	8761
7598	9546
7601	1796
7601	4240
7601	4690
7601	6850
7601	7098
7601	7919
7621	9148
7621	9315
7628	1614
7628	7896
7628	9684
7639	3799
7639	8952
7639	9554
7639	9764
7648	6070
7648	7900
7648	8756
7648	8976
7648	9944
7662	5175
7662	7106
7662	7547
7662	8241
7662	8496
7662	8631
7662	9710
7669	8186
7670	7110
7670	7958
7670	8186
7670	9065
7670	9948
7675	6900
7675	9334
7677	4597
7677	8931
7677	9654
7686	1202
7686	9805
7686	9847
7698	2643
7698	6921
7698	8723
7698	9777
7698	9912
7703	3518
7703	5211
7703	5385
7703	9286
7703	9982
7707	3964
7712	426
7712	5385
7712	5697
7712	6051
7712	7729
7712	8424
7712	8495
7712	9318
7712	9362
7712	9400
7712	9479
7712	9685
7712	9892
7716	5702
7716	5893
7716	7330
7716	9550
7729	4261
7729	5230
7729	5408
7729	7712
7729	7980
7729	8118
7734	4822
7734	6208
7734	6778
7734	8424
7734	9805
7734	9864
7734	9963
7738	4836
7738	6579
7738	8054
7738	9891
7745	1357
7745	3012
7745	4211
7745	4503
7745	4629
7745	5924
7745	8830
7745	9023
7745	9325
7745	9570
7750	9093
7750	9510
7750	9697
7763	1088
7763	4588
7763	7476
7763	8813
7763	9233
7763	9454
7763	9878
7763	9917
7766	1872
7766	1873
7766	3124
7766	7222
7766	7980
7766	8813
7766	9429
7767	4731
7767	6864
7767	7919
7767	9326
7767	9386
7767	9687
7767	9707
7767	9777
7767	9968
7815	8125
7815	8844
7820	4250
7820	4971
7820	5924
7820	8477
7820	8565
7820	9524
7823	5106
7823	7387
7823	9245
7828	116
7828	8532
7828	9629
7828	9952
7831	6751
7831	7339
7831	9072
7831	9286
7831	9707
7831	9933
7846	5697
7846	7994
7846	8646
7848	1873
7848	5273
7850	1324
7850	3733
7850	6179
7850	6921
7850	7930
7850	8121
7850	8401
7850	8522
7850	9392
7850	9475
7851	4723
7851	6225
7851	8909
7851	9258
7851	9509
7886	1324
7886	4702
7886	9411
7891	3524
7891	5742
7891	9944
7891	9995
7896	7628
7896	8186
7896	8518
7896	9287
7896	9948
7899	5975
7899	9331
7899	9728
7899	9917
7900	2256
7900	2338
7900	2363
7900	7062
7900	7648
7900	8950
7900	9328
7900	9498
7900	9990
7901	9767
7901	9989
7902	373
7902	3507
7902	3577
7902	4645
7902	5931
7902	6559
7902	6878
7902	7387
7902	8719
7902	9208
7902	9410
7907	9148
7907	9304
7907	9917
7916	6637
7916	6846
7916	8901
7919	1796
7919	6818
7919	7601
7919	7767
7919	8114
7920	3245
7920	9548
7920	9601
7920	9862
7929	2505
7929	6582
7929	8285
7930	7850
7930	9228
7936	5603
7936	5702
7936	6849
7936	6921
7936	7525
7936	7529
7936	8401
7936	8554
7936	9251
7936	9392
7949	359
7949	4482
7949	5647
7949	6700
7949	6986
7949	8035
7949	9105
7949	9178
7949	9451
7949	9833
7958	3660
7958	7670
7958	8186
7958	9948
7977	9065
7977	9612
7977	9978
7980	3057
7980	5230
7980	7310
7980	7729
7980	7766
7980	8000
7981	4240
7981	9078
7981	9557
7981	9963
7983	610
7983	5324
7983	6975
7983	7460
7983	8791
7983	9103
7983	9192
7992	8613
7992	9105
7994	6399
7994	6958
7994	7846
7994	9600
7994	9819
7994	9856
8000	3057
8000	4261
8000	4929
8000	7222
8000	7980
8000	8775
8024	9234
8024	9286
8024	9634
8029	4036
8029	9245
8031	8663
8031	8708
8031	9435
8031	9905
8031	9931
8035	6700
8035	7949
8035	9365
8047	9187
8047	9548
8047	9601
8047	9862
8051	2494
8054	4836
8054	7501
8054	7738
8054	9609
8054	9891
8056	241
8056	8401
8056	8433
8056	9228
8056	9833
8073	4512
8073	5519
8073	8401
8073	8484
8073	9894
8073	9982
8074	209
8074	2494
8074	7387
8074	9127
8074	9548
8074	9568
8079	1787
8079	4211
8079	4443
8079	5322
8079	6837
8079	8658
8081	3462
8081	8623
8081	8679
8081	8997
8081	9290
8081	9562
8089	7476
8089	9764
8097	3377
8097	6824
8097	6958
8097	7277
8097	7498
8097	9352
8097	9424
8097	9795
8099	3409
8099	9429
8099	9781
8108	9451
8108	9452
8108	9755
8108	9892
8110	5470
8110	6399
8110	7165
8112	312
8112	2226
8112	4884
8112	8403
8112	9391
8112	9927
8114	160
8114	7248
8114	7919
8114	9479
8118	1255
8118	7729
8121	426
8121	1968
8121	2159
8121	2959
8121	5603
8121	6627
8121	6921
8121	7850
8121	8401
8121	8522
8125	2556
8125	6690
8125	6694
8125	7815
8125	8142
8125	8428
8125	8548
8125	8845
8125	9078
8125	9240
8125	9351
8125	9785
8125	9798
8125	9825
8125	9955
8127	4521
8127	6795
8127	9008
8127	9455
8142	8125
8142	8548
8142	8549
8142	8845
8142	9240
8142	9351
8142	9725
8142	9955
8170	2149
8170	5578
8170	6172
8170	9755
8173	1357
8173	8621
8173	8756
8173	9133
8173	9567
8173	9725
8186	4597
8186	7669
8186	7670
8186	7896
8186	7958
8186	9948
8186	9952
8190	6368
8203	516
8203	2565
8203	5744
8203	7110
8203	9697
8204	6266
8204	6814
8204	9022
8210	6921
8210	7383
8221	4789
8221	6918
8221	9697
8221	9878
8241	7662
8241	8631
8249	9819
8258	1037
8258	6598
8259	2152
8259	2364
8259	6121
8285	3733
8285	6774
8285	7929
8285	8722
8286	9198
8286	9208
8286	9304
8286	9402
8286	9894
8287	3377
8287	6399
8287	7277
8287	8613
8298	2744
8298	4690
8298	6637
8298	7308
8298	8491
8298	9511
8298	9695
8298	9761
8298	9843
8309	2603
8309	8553
8344	2556
8344	3544
8344	6694
8344	7585
8344	8420
8344	8549
8344	8845
8344	9122
8344	9240
8344	9351
8344	9611
8344	9955
8364	533
8364	4139
8364	7165
8364	8979
8364	9640
8365	9276
8388	3524
8388	5742
8388	9276
8388	9843
8388	9864
8388	9944
8388	9995
8397	1493
8397	9334
8397	9636
8398	646
8398	2181
8398	6263
8398	6878
8398	8642
8398	9188
8398	9304
8398	9343
8398	9546
8398	9777
8401	1968
8401	2728
8401	3988
8401	5702
8401	6340
8401	6921
8401	7850
8401	7936
8401	8056
8401	8073
8401	8121
8401	8764
8401	9392
8401	9524
8401	9532
8401	9866
8403	8112
8403	8708
8420	512
8420	5563
8420	8344
8420	8959
8420	9748
8420	9968
8424	7712
8424	7734
8425	209
8425	1037
8425	2064
8425	5828
8425	9187
8425	9394
8428	8125
8428	9413
8428	9781
8433	5097
8433	6818
8433	8056
8433	9228
8433	9435
8448	4243
8448	9083
8448	9379
8448	9402
8454	2795
8454	5705
8454	6987
8454	7456
8454	8791
8454	9435
8469	5563
8469	8484
8469	8959
8469	9748
8477	3841
8477	5450
8477	6470
8477	6971
8477	7820
8477	8565
8477	9214
8477	9375
8477	9524
8481	1873
8481	4262
8481	9245
8481	9724
8484	5563
8484	8073
8484	8469
8484	8959
8484	9748
8491	2227
8491	4072
8491	5502
8491	7002
8491	7453
8491	8298
8491	9511
8491	9695
8491	9761
8493	2439
8493	3518
8493	4262
8493	7329
8493	9490
8493	9499
8493	9694
8493	9725
8493	9850
8493	9897
8495	100
8495	291
8495	1538
8495	5291
8495	5385
8495	6159
8495	6973
8495	6975
8495	7110
8495	7437
8495	7556
8495	7712
8495	8576
8495	9318
8495	9466
8495	9761
8495	9891
8495	9892
8496	3660
8496	3819
8496	6177
8496	7547
8496	7662
8496	8631
8496	9710
8496	9978
8508	5695
8508	9365
8508	9595
8508	9831
8512	2744
8512	4690
8512	5818
8512	9511
8512	9695
8512	9761
8518	7896
8518	8572
8518	9133
8518	9978
8522	759
8522	5322
8522	5677
8522	5702
8522	6340
8522	6849
8522	6921
8522	7850
8522	8121
8522	9146
8522	9392
8522	9475
8530	4271
8530	5762
8530	6986
8530	9453
8530	9524
8532	7828
8532	9331
8532	9456
8533	3996
8533	9195
8533	9831
8537	1817
8537	5825
8537	7179
8537	7362
8537	7437
8537	7598
8537	8663
8537	9466
8537	9510
8537	9546
8538	2363
8538	7034
8538	7170
8538	9328
8538	9452
8538	9928
8548	3544
8548	4243
8548	6694
8548	8125
8548	8142
8548	8549
8548	8845
8548	9240
8548	9351
8549	4243
8549	4687
8549	5154
8549	6825
8549	8142
8549	8344
8549	8548
8549	8845
8549	9955
8553	602
8553	3685
8553	5696
8553	8309
8553	9634
8554	5093
8554	7936
8554	8760
8554	9411
8557	109
8557	5106
8557	6332
8557	6690
8557	8885
8557	8973
8557	9343
8557	9539
8557	9617
8559	5609
8559	9190
8559	9626
8559	9816
8564	2694
8564	4033
8564	8658
8564	9235
8564	9724
8565	2897
8565	4794
8565	5408
8565	6971
8565	7820
8565	8477
8565	9188
8565	9375
8572	7456
8572	8518
8572	9394
8572	9550
8572	9743
8576	8495
8576	9023
8576	9819
8577	9301
8577	9490
8577	9833
8604	9684
8604	9909
8612	7110
8612	7442
8612	7445
8612	9027
8612	9127
8612	9392
8613	6319
8613	6399
8613	6694
8613	7992
8613	8287
8613	9219
8613	9352
8621	1357
8621	2016
8621	6814
8621	8173
8621	8756
8621	8997
8622	3841
8622	4597
8622	7310
8622	9240
8623	5202
8623	5621
8623	6751
8623	8081
8623	9290
8623	9644
8624	5810
8624	7165
8625	5202
8625	6266
8625	9325
8631	190
8631	209
8631	1671
8631	3819
8631	5677
8631	7547
8631	7662
8631	8241
8631	8496
8631	9105
8631	9384
8631	9710
8641	3841
8642	4139
8642	8398
8642	9178
8642	9546
8642	9629
8642	9764
8646	6251
8646	7846
8658	4033
8658	6121
8658	6837
8658	6846
8658	7306
8658	8079
8658	8564
8658	9242
8658	9805
8661	4139
8661	5274
8661	7339
8661	8756
8661	9510
8661	9994
8663	8031
8663	8537
8663	8708
8663	9931
8663	9948
8671	823
8671	4521
8671	4549
8671	6464
8671	7098
8671	8939
8671	9290
8671	9384
8677	4789
8677	8997
8677	9136
8677	9374
8677	9539
8677	9695
8679	3029
8679	5154
8679	7481
8679	8081
8679	9290
8679	9644
8684	2825
8684	3843
8693	245
8693	3012
8693	9709
8693	9777
8708	7002
8708	8031
8708	8403
8708	8663
8708	9435
8708	9777
8708	9931
8713	3216
8713	6700
8713	6745
8713	9105
8718	8885
8718	9309
8719	626
8719	2703
8719	4276
8719	4597
8719	5289
8719	5608
8719	6559
8719	7902
8719	9410
8720	7481
8720	7576
8720	9023
8720	9465
8720	9927
8722	1792
8722	2274
8722	3733
8722	7247
8722	8285
8722	9764
8722	9978
8723	2643
8723	7698
8723	9119
8723	9328
8723	9948
8724	7247
8724	8950
8724	9282
8724	9315
8738	385
8738	6637
8738	6822
8738	9413
8738	9558
8738	9694
8738	9745
8756	7648
8756	8173
8756	8621
8756	8661
8756	9394
8756	9634
8760	1037
8760	5450
8760	8554
8760	8813
8760	9301
8761	7598
8761	8775
8761	9352
8761	9868
8761	9907
8764	4836
8764	6677
8764	6958
8764	8401
8764	9933
8764	9994
8765	3995
8765	5695
8765	6096
8765	7573
8765	9783
8775	2137
8775	5124
8775	6345
8775	8000
8775	8761
8775	9928
8791	2020
8791	3591
8791	5106
8791	7460
8791	7983
8791	8454
8791	9103
8791	9192
8791	9200
8791	9207
8791	9251
8791	9665
8791	9891
8811	4922
8811	5945
8811	6070
8811	9279
8811	9320
8811	9567
8813	7763
8813	7766
8813	8760
8813	9454
8821	2338
8821	2825
8821	2947
8821	4774
8821	5745
8821	9136
8821	9849
8826	3012
8826	4211
8826	4503
8826	8830
8826	8973
8826	9616
8830	160
8830	2703
8830	4211
8830	4629
8830	5924
8830	7745
8830	8826
8830	9570
8830	9616
8841	3524
8841	9828
8841	9843
8841	9931
8841	9944
8841	9995
8844	1202
8844	7815
8845	4243
8845	6822
8845	8125
8845	8142
8845	8344
8845	8548
8845	8549
8845	9240
8845	9351
8845	9955
8847	2556
8847	7362
8847	9783
8885	2159
8885	2618
8885	2880
8885	3680
8885	8557
8885	8718
8885	9539
8885	9931
8885	9944
8891	5705
8891	9612
8891	9924
8895	3695
8895	4495
8895	6487
8895	6597
8895	6694
8895	9941
8898	2245
8898	7310
8898	9245
8898	9654
8901	4315
8901	6582
8901	6789
8901	7916
8901	8912
8901	9927
8909	5291
8909	7184
8909	7851
8909	9722
8909	9840
8912	3211
8912	5563
8912	5626
8912	6582
8912	8901
8929	9279
8929	9600
8931	6229
8931	7677
8931	9136
8931	9857
8939	4240
8939	6332
8939	6850
8939	8671
8939	9384
8939	9601
8939	9868
8950	4242
8950	4833
8950	7900
8950	8724
8950	9315
8950	9418
8952	2053
8952	6795
8952	7639
8952	9103
8952	9148
8952	9235
8952	9917
8953	2505
8953	6987
8953	9862
8953	9954
8955	9451
8955	9825
8959	512
8959	3524
8959	4512
8959	5563
8959	8420
8959	8469
8959	8484
8959	9192
8959	9499
8959	9748
8959	9818
8959	9932
8972	1431
8972	7081
8972	9279
8972	9828
8972	9849
8973	109
8973	7529
8973	8557
8973	8826
8973	9331
8973	9866
8976	875
8976	2134
8976	2556
8976	6069
8976	7648
8976	9386
8976	9857
8979	4139
8979	4553
8979	8364
8979	9640
8997	6940
8997	8081
8997	8621
8997	8677
8997	9017
8997	9178
8997	9550
8997	9933
9008	5251
9008	6051
9008	8127
9008	9219
9008	9816
9017	6558
9017	8997
9017	9178
9017	9332
9017	9617
9017	9989
9022	6266
9022	8204
9022	9724
9022	9755
9023	7481
9023	7745
9023	8576
9023	8720
9023	9151
9023	9465
9023	9558
9027	1146
9027	1773
9027	7445
9027	8612
9027	9127
9027	9955
9050	4092
9050	9083
9050	9301
9050	9352
9050	9495
9050	9744
9052	658
9052	3498
9052	4136
9052	6390
9052	9063
9052	9127
9052	9552
9063	1749
9063	3498
9063	3524
9063	6096
9063	9052
9063	9552
9063	9818
9063	9937
9065	5314
9065	5810
9065	7670
9065	7977
9065	9679
9072	7163
9072	7831
9072	9453
9074	9559
9074	9672
9078	626
9078	1847
9078	7198
9078	7981
9078	8125
9078	9410
9083	5314
9083	8448
9083	9050
9083	9379
9093	7750
9093	9279
9093	9767
9098	838
9098	5705
9098	9744
9103	610
9103	2020
9103	4117
9103	4661
9103	5324
9103	7460
9103	7983
9103	8791
9103	8952
9103	9192
9103	9282
9103	9363
9103	9402
9103	9840
9105	2960
9105	3216
9105	4789
9105	6332
9105	6700
9105	6745
9105	7949
9105	7992
9105	8631
9105	8713
9105	9963
9112	6208
9112	9924
9118	2256
9118	9541
9118	9828
9119	6405
9119	6476
9119	8723
9119	9214
9119	9301
9119	9799
9119	9912
9122	5578
9122	8344
9122	9411
9125	2865
9125	3963
9125	5314
9125	6824
9125	7306
9125	9146
9127	1146
9127	6284
9127	7445
9127	8074
9127	8612
9127	9027
9127	9052
9133	4616
9133	5211
9133	8173
9133	8518
9133	9386
9133	9506
9133	9687
9133	9707
9136	2338
9136	2947
9136	4774
9136	8677
9136	8821
9136	8931
9136	9635
9136	9849
9146	5314
9146	6824
9146	8522
9146	9125
9146	9325
9146	9386
9146	9539
9146	9712
9148	2149
9148	3409
9148	6986
9148	7621
9148	7907
9148	8952
9148	9917
9151	2671
9151	4717
9151	6179
9151	9023
9151	9465
9151	9795
9154	7310
9154	9511
9161	6446
9161	6627
9161	7062
9161	9278
9161	9395
9161	9400
9161	9413
9169	2931
9169	6368
9169	6918
9169	9878
9169	9945
9178	6558
9178	7949
9178	8642
9178	8997
9178	9017
9186	97
9186	5910
9186	6778
9186	9495
9187	209
9187	3841
9187	5976
9187	6846
9187	8047
9187	8425
9187	9617
9188	953
9188	4357
9188	7442
9188	8398
9188	8565
9188	9304
9188	9479
9188	9557
9190	574
9190	5609
9190	6121
9190	6962
9190	8559
9190	9192
9190	9609
9190	9816
9190	9840
9192	2020
9192	4661
9192	5324
9192	6986
9192	7306
9192	7460
9192	7983
9192	8791
9192	8959
9192	9103
9192	9190
9192	9276
9195	3351
9195	8533
9195	9332
9195	9395
9195	9931
9198	6630
9198	8286
9200	512
9200	2979
9200	6690
9200	8791
9200	9722
9200	9783
9207	259
9207	450
9207	2081
9207	2245
9207	3660
9207	7460
9207	8791
9207	9287
9207	9332
9207	9395
9207	9497
9208	6070
9208	7902
9208	8286
9208	9905
9214	8477
9214	9119
9214	9864
9214	9995
9219	574
9219	3007
9219	4287
9219	8613
9219	9008
9219	9757
9225	4151
9225	9456
9225	9697
9228	7930
9228	8056
9228	8433
9232	7476
9232	9315
9232	9629
9232	9924
9232	9963
9233	3577
9233	7763
9233	9509
9233	9952
9234	426
9234	4442
9234	5087
9234	5491
9234	5951
9234	6723
9234	7110
9234	7445
9234	8024
9234	9318
9234	9362
9234	9400
9234	9466
9234	9479
9234	9744
9234	9892
9235	1787
9235	1952
9235	4033
9235	6837
9235	7247
9235	7306
9235	8564
9235	8952
9235	9352
9235	9456
9240	3544
9240	4774
9240	5975
9240	6694
9240	8125
9240	8142
9240	8344
9240	8548
9240	8622
9240	8845
9240	9276
9240	9351
9240	9955
9242	1037
9242	2825
9242	3843
9242	6409
9242	8658
9242	9503
9242	9677
9242	9944
9245	3252
9245	5702
9245	7823
9245	8029
9245	8481
9245	8898
9245	9532
9251	7936
9251	8791
9251	9287
9251	9728
9258	6225
9258	7851
9269	2364
9269	7585
9269	9933
9269	9959
9276	4443
9276	6393
9276	7137
9276	8365
9276	8388
9276	9192
9276	9240
9276	9664
9276	9665
9276	9840
9276	9868
9278	4510
9278	5594
9278	7056
9278	9161
9278	9510
9278	9757
9279	730
9279	3125
9279	3132
9279	5124
9279	5896
9279	8811
9279	8929
9279	8972
9279	9093
9279	9331
9279	9600
9279	9795
9279	9907
9280	1109
9280	9982
9282	571
9282	7546
9282	8724
9282	9103
9286	6470
9286	7703
9286	7831
9286	8024
9286	9634
9287	571
9287	5392
9287	7896
9287	9207
9287	9251
9290	291
9290	1146
9290	3029
9290	8081
9290	8623
9290	8671
9290	8679
9290	9562
9290	9644
9301	1806
9301	2439
9301	2646
9301	5870
9301	7339
9301	8577
9301	8760
9301	9050
9301	9119
9301	9454
9301	9495
9301	9634
9304	953
9304	2053
9304	4241
9304	4357
9304	5476
9304	5876
9304	6263
9304	6825
9304	7907
9304	8286
9304	8398
9304	9188
9304	9819
9309	8718
9309	9466
9309	9595
9315	412
9315	1021
9315	2905
9315	2993
9315	4833
9315	6140
9315	7247
9315	7525
9315	7621
9315	8724
9315	8950
9315	9232
9315	9764
9318	638
9318	3921
9318	5385
9318	5502
9318	6723
9318	6973
9318	7712
9318	8495
9318	9234
9318	9362
9318	9400
9318	9466
9318	9479
9318	9685
9318	9892
9318	9952
9320	1978
9320	5945
9320	6370
9320	8811
9320	9455
9320	9567
9320	9724
9324	4929
9324	6281
9324	7306
9324	9495
9324	9509
9324	9756
9325	4687
9325	5202
9325	7745
9325	8625
9325	9146
9325	9465
9326	2109
9326	7767
9326	9709
9326	9745
9328	2026
9328	7034
9328	7900
9328	8538
9328	8723
9328	9550
9328	9849
9328	9928
9328	9990
9331	7899
9331	8532
9331	8973
9331	9279
9331	9466
9331	9909
9332	259
9332	450
9332	2081
9332	5155
9332	9017
9332	9195
9332	9207
9332	9395
9332	9497
9332	9891
9334	3862
9334	6900
9334	7675
9334	8397
9334	9777
9343	4243
9343	6889
9343	8398
9343	8557
9343	9897
9348	650
9348	6140
9348	6582
9348	6956
9348	9617
9351	2556
9351	4661
9351	6694
9351	8125
9351	8142
9351	8344
9351	8548
9351	8845
9351	9240
9351	9672
9351	9955
9352	2694
9352	3594
9352	6399
9352	7498
9352	8097
9352	8613
9352	8761
9352	9050
9352	9235
9352	9479
9362	638
9362	3921
9362	5491
9362	5951
9362	6069
9362	6140
9362	6281
9362	6723
9362	6973
9362	7476
9362	7556
9362	7712
9362	9234
9362	9318
9362	9466
9362	9685
9362	9767
9362	9892
9362	9930
9363	157
9363	9103
9363	9451
9363	9609
9363	9825
9365	5695
9365	7056
9365	8035
9365	8508
9365	9456
9365	9595
9365	9777
9365	9905
9374	2618
9374	6847
9374	8677
9374	9475
9374	9709
9375	4971
9375	6470
9375	7306
9375	8477
9375	8565
9375	9524
9375	9558
9375	9694
9379	4315
9379	5154
9379	6579
9379	8448
9379	9083
9379	9402
9384	312
9384	1796
9384	4174
9384	4240
9384	4442
9384	4549
9384	5594
9384	7098
9384	8631
9384	8671
9384	8939
9386	6677
9386	6847
9386	7128
9386	7767
9386	8976
9386	9133
9386	9146
9386	9478
9386	9506
9386	9559
9386	9687
9386	9707
9386	9777
9386	9850
9391	6896
9391	8112
9391	9927
9392	1324
9392	3160
9392	3988
9392	5603
9392	6340
9392	6849
9392	7850
9392	7936
9392	8401
9392	8522
9392	8612
9392	9475
9394	3843
9394	7267
9394	8425
9394	8572
9394	8756
9394	9679
9394	9828
9395	450
9395	2081
9395	2245
9395	5087
9395	5967
9395	9161
9395	9195
9395	9207
9395	9332
9395	9497
9400	4117
9400	4549
9400	5393
9400	5951
9400	6069
9400	6723
9400	7042
9400	7110
9400	7556
9400	7712
9400	9161
9400	9234
9400	9318
9400	9466
9400	9479
9400	9685
9400	9892
9402	7179
9402	8286
9402	8448
9402	9103
9402	9379
9410	626
9410	3012
9410	3160
9410	4907
9410	5289
9410	6559
9410	7902
9410	8719
9410	9078
9410	9475
9411	7886
9411	8554
9411	9122
9411	9635
9413	3211
9413	6637
9413	8428
9413	8738
9413	9161
9413	9694
9418	450
9418	5470
9418	8950
9418	9823
9424	2565
9424	4175
9424	5867
9424	8097
9424	9601
9429	4087
9429	5393
9429	6399
9429	7766
9429	8099
9434	3351
9434	7460
9434	9744
9434	9756
9434	9781
9435	4512
9435	5594
9435	7002
9435	8031
9435	8433
9435	8454
9435	8708
9435	9931
9440	6774
9440	7082
9440	9509
9440	9764
9451	4271
9451	4645
9451	5951
9451	6302
9451	7949
9451	8108
9451	8955
9451	9363
9451	9825
9452	1021
9452	2489
9452	5560
9452	8108
9452	8538
9453	7163
9453	8530
9453	9072
9454	3125
9454	4588
9454	7763
9454	8813
9454	9301
9454	9695
9454	9843
9455	1037
9455	8127
9455	9320
9455	9728
9456	4151
9456	8532
9456	9225
9456	9235
9456	9365
9462	494
9462	598
9462	6867
9462	9617
9462	9626
9462	9764
9462	9941
9465	5290
9465	7481
9465	7576
9465	8720
9465	9023
9465	9151
9465	9325
9465	9558
9465	9756
9465	9850
9466	638
9466	3061
9466	3921
9466	5087
9466	5106
9466	5951
9466	6847
9466	7082
9466	7171
9466	7437
9466	7556
9466	8495
9466	8537
9466	9234
9466	9309
9466	9318
9466	9331
9466	9362
9466	9400
9466	9479
9466	9685
9466	9864
9475	302
9475	2959
9475	3160
9475	3819
9475	3988
9475	4175
9475	4687
9475	5603
9475	5702
9475	6340
9475	6399
9475	6921
9475	7277
9475	7850
9475	8522
9475	9374
9475	9392
9475	9410
9475	9490
9475	9744
9477	3988
9477	9559
9478	3245
9478	5967
9478	7251
9478	7547
9478	9386
9478	9937
9479	291
9479	385
9479	3921
9479	5087
9479	5385
9479	5491
9479	6069
9479	6971
9479	6973
9479	7437
9479	7712
9479	8114
9479	9188
9479	9234
9479	9318
9479	9352
9479	9400
9479	9466
9479	9685
9479	9709
9479	9781
9479	9892
9490	7329
9490	8493
9490	8577
9490	9475
9490	9499
9490	9725
9490	9783
9490	9850
9490	9897
9495	4092
9495	5408
9495	5870
9495	9050
9495	9186
9495	9301
9495	9324
9495	9952
9497	259
9497	450
9497	2081
9497	2245
9497	2305
9497	5251
9497	5362
9497	6399
9497	9207
9497	9332
9497	9395
9498	2931
9498	5502
9498	6820
9498	7900
9499	2439
9499	4242
9499	4907
9499	7329
9499	8493
9499	8959
9499	9490
9499	9725
9499	9850
9499	9897
9503	3666
9503	5034
9503	5155
9503	9242
9503	9909
9506	4616
9506	5211
9506	6368
9506	6847
9506	6864
9506	7128
9506	9133
9506	9386
9506	9568
9506	9687
9506	9707
9506	9755
9506	9777
9506	9828
9507	6814
9507	9601
9509	5097
9509	6092
9509	6774
9509	7851
9509	9233
9509	9324
9509	9440
9509	9554
9509	9764
9509	9891
9510	7750
9510	8537
9510	8661
9510	9278
9510	9576
9510	9928
9511	1171
9511	4690
9511	6251
9511	6889
9511	7453
9511	8298
9511	8491
9511	8512
9511	9154
9511	9695
9511	9761
9511	9830
9524	2137
9524	3841
9524	4250
9524	4794
9524	6177
9524	7820
9524	8401
9524	8477
9524	8530
9524	9375
9532	7539
9532	8401
9532	9245
9539	3680
9539	8557
9539	8677
9539	8885
9539	9146
9539	9860
9541	6847
9541	9118
9541	9672
9546	245
9546	689
9546	1817
9546	4702
9546	5312
9546	5733
9546	7362
9546	7598
9546	8398
9546	8537
9546	8642
9546	9785
9546	9816
9548	5134
9548	5502
9548	7170
9548	7495
9548	7920
9548	8047
9548	8074
9548	9601
9548	9907
9550	377
9550	2081
9550	2256
9550	3921
9550	7716
9550	8572
9550	8997
9550	9328
9550	9743
9552	9052
9552	9063
9554	5491
9554	6774
9554	7639
9554	9509
9554	9764
9557	2274
9557	4822
9557	6399
9557	6825
9557	7981
9557	9188
9557	9694
9557	9799
9557	9805
9557	9941
9557	9963
9558	7481
9558	7576
9558	8738
9558	9023
9558	9375
9558	9465
9558	9857
9559	7165
9559	9074
9559	9386
9559	9477
9561	450
9561	6846
9561	9891
9561	9932
9562	1816
9562	8081
9562	9290
9567	377
9567	1978
9567	2799
9567	5945
9567	8173
9567	8811
9567	9320
9567	9924
9568	2494
9568	7387
9568	8074
9568	9506
9570	160
9570	3012
9570	4629
9570	7745
9570	8830
9570	9616
9570	9944
9570	9952
9570	9959
9576	2556
9576	3170
9576	9510
9595	2070
9595	3498
9595	4036
9595	8508
9595	9309
9595	9365
9595	9695
9600	373
9600	730
9600	3132
9600	7994
9600	8929
9600	9279
9601	610
9601	1792
9601	1896
9601	5134
9601	7170
9601	7495
9601	7920
9601	8047
9601	8939
9601	9424
9601	9507
9601	9548
9601	9862
9601	9968
9609	4836
9609	6579
9609	6774
9609	7501
9609	8054
9609	9190
9609	9363
9609	9748
9609	9891
9611	6340
9611	7481
9611	8344
9612	5705
9612	6945
9612	7977
9612	8891
9616	3012
9616	4503
9616	4629
9616	5924
9616	8826
9616	8830
9616	9570
9617	6140
9617	8557
9617	9017
9617	9187
9617	9348
9617	9462
9626	494
9626	598
9626	7501
9626	8559
9626	9462
9629	1873
9629	4041
9629	5876
9629	7828
9629	8642
9629	9232
9629	9710
9629	9954
9634	8024
9634	8553
9634	8756
9634	9286
9634	9301
9635	1493
9635	2556
9635	5392
9635	9136
9635	9411
9636	1321
9636	8397
9636	9857
9640	4139
9640	8364
9640	8979
9640	9805
9641	2947
9641	9761
9644	1968
9644	6751
9644	8623
9644	8679
9644	9290
9644	9928
9654	4717
9654	7677
9654	8898
9655	7299
9655	9930
9655	9937
9664	1146
9664	4443
9664	6393
9664	7137
9664	9276
9665	8791
9665	9276
9672	533
9672	2959
9672	5696
9672	5867
9672	7111
9672	9074
9672	9351
9672	9541
9672	9850
9677	1037
9677	6409
9677	7339
9677	9242
9677	9897
9679	109
9679	9065
9679	9394
9679	9828
9684	4834
9684	5609
9684	7170
9684	7628
9684	8604
9684	9909
9685	426
9685	3921
9685	5087
9685	5951
9685	5975
9685	6069
9685	6825
9685	6973
9685	7098
9685	7110
9685	7437
9685	7556
9685	7712
9685	9318
9685	9362
9685	9400
9685	9466
9685	9479
9685	9892
9687	2226
9687	4616
9687	5211
9687	6847
9687	6864
9687	7767
9687	9133
9687	9386
9687	9506
9687	9707
9687	9777
9694	5647
9694	6637
9694	8493
9694	8738
9694	9375
9694	9413
9694	9557
9694	9745
9695	1014
9695	2227
9695	4690
9695	7453
9695	8298
9695	8491
9695	8512
9695	8677
9695	9454
9695	9511
9695	9595
9695	9761
9697	1304
9697	1836
9697	5744
9697	5745
9697	6598
9697	7248
9697	7330
9697	7481
9697	7750
9697	8203
9697	8221
9697	9225
9707	1016
9707	3012
9707	4616
9707	4731
9707	6089
9707	6340
9707	6847
9707	7128
9707	7767
9707	7831
9707	9133
9707	9386
9707	9506
9707	9687
9707	9777
9709	4549
9709	8693
9709	9326
9709	9374
9709	9479
9710	190
9710	3660
9710	3819
9710	6630
9710	7547
9710	7662
9710	8496
9710	8631
9710	9629
9712	4687
9712	6409
9712	9146
9722	1691
9722	2364
9722	5034
9722	7366
9722	8909
9722	9200
9722	9866
9724	312
9724	3057
9724	6051
9724	6266
9724	8481
9724	8564
9724	9022
9724	9320
9724	9755
9725	2439
9725	4242
9725	7329
9725	8142
9725	8173
9725	8493
9725	9490
9725	9499
9725	9850
9725	9897
9728	4495
9728	5975
9728	7899
9728	9251
9728	9455
9728	9764
9728	9847
9728	9856
9743	2870
9743	3685
9743	6345
9743	7165
9743	8572
9743	9550
9744	5408
9744	5560
9744	9050
9744	9098
9744	9234
9744	9434
9744	9475
9745	2149
9745	5647
9745	8738
9745	9326
9745	9694
9745	9799
9748	512
9748	5563
9748	7291
9748	8420
9748	8469
9748	8484
9748	8959
9748	9609
9755	312
9755	6266
9755	6849
9755	8108
9755	8170
9755	9022
9755	9506
9755	9724
9756	7481
9756	9324
9756	9434
9756	9465
9757	574
9757	2020
9757	3007
9757	4287
9757	4971
9757	6140
9757	6558
9757	7028
9757	9219
9757	9278
9757	9818
9757	9864
9757	9963
9761	1787
9761	2227
9761	2744
9761	6889
9761	8298
9761	8491
9761	8495
9761	8512
9761	9511
9761	9641
9761	9695
9764	5322
9764	5818
9764	7639
9764	8089
9764	8642
9764	8722
9764	9315
9764	9440
9764	9462
9764	9509
9764	9554
9764	9728
9765	157
9765	4922
9765	6208
9765	7081
9765	7525
9767	6208
9767	6372
9767	7901
9767	9093
9767	9362
9767	9989
9777	4041
9777	4616
9777	4731
9777	5227
9777	6559
9777	6847
9777	6864
9777	7128
9777	7698
9777	7767
9777	8398
9777	8693
9777	8708
9777	9334
9777	9365
9777	9386
9777	9506
9777	9687
9777	9707
9781	7495
9781	8099
9781	8428
9781	9434
9781	9479
9781	9805
9782	6399
9782	9990
9783	2070
9783	4525
9783	6630
9783	8765
9783	8847
9783	9200
9783	9490
9783	9843
9783	9860
9783	9912
9785	4525
9785	8125
9785	9546
9785	9894
9795	4687
9795	8097
9795	9151
9795	9279
9798	6370
9798	8125
9799	3799
9799	9119
9799	9557
9799	9745
9805	6158
9805	7686
9805	7734
9805	8658
9805	9557
9805	9640
9805	9781
9805	9941
9805	9963
9816	574
9816	1787
9816	6962
9816	7184
9816	8559
9816	9008
9816	9190
9816	9546
9816	9941
9818	6372
9818	7498
9818	8959
9818	9063
9818	9757
9818	9949
9819	2798
9819	4292
9819	7291
9819	7994
9819	8249
9819	8576
9819	9304
9819	9833
9819	9931
9819	9989
9823	3841
9823	5251
9823	9418
9825	5221
9825	6825
9825	8125
9825	8955
9825	9363
9825	9451
9828	5097
9828	8841
9828	8972
9828	9118
9828	9394
9828	9506
9828	9679
9830	111
9830	1935
9830	3851
9830	6677
9830	9511
9830	9868
9831	3559
9831	3996
9831	5362
9831	8508
9831	8533
9833	1253
9833	7949
9833	8056
9833	8577
9833	9819
9833	9897
9833	9968
9840	7222
9840	7505
9840	8909
9840	9103
9840	9190
9840	9276
9840	9856
9840	9978
9843	3524
9843	5746
9843	7299
9843	8298
9843	8388
9843	8841
9843	9454
9843	9783
9843	9995
9847	2152
9847	2979
9847	7686
9847	9728
9849	1324
9849	2338
9849	4774
9849	8821
9849	8972
9849	9136
9849	9328
9849	9937
9850	3619
9850	4242
9850	8493
9850	9386
9850	9465
9850	9490
9850	9499
9850	9672
9850	9725
9850	9897
9850	9927
9856	2993
9856	6820
9856	7083
9856	7505
9856	7994
9856	9728
9856	9840
9857	4922
9857	5514
9857	5876
9857	8931
9857	8976
9857	9558
9857	9636
9860	2026
9860	4525
9860	7308
9860	9539
9860	9783
9862	3245
9862	5227
9862	5502
9862	5560
9862	7170
9862	7920
9862	8047
9862	8953
9862	9601
9862	9909
9864	455
9864	574
9864	3007
9864	7028
9864	7734
9864	8388
9864	9214
9864	9466
9864	9757
9864	9995
9866	1321
9866	1691
9866	2364
9866	5742
9866	6409
9866	8401
9866	8973
9866	9722
9868	2838
9868	6319
9868	8761
9868	8939
9868	9276
9868	9830
9868	9907
9878	2931
9878	3507
9878	4087
9878	4320
9878	4789
9878	6368
9878	6918
9878	7442
9878	7763
9878	8221
9878	9169
9878	9917
9891	2053
9891	3978
9891	4615
9891	4836
9891	6579
9891	7501
9891	7738
9891	8054
9891	8495
9891	8791
9891	9332
9891	9509
9891	9561
9891	9609
9891	9994
9892	291
9892	3921
9892	5087
9892	6069
9892	6723
9892	7110
9892	7437
9892	7712
9892	8108
9892	8495
9892	9234
9892	9318
9892	9362
9892	9400
9892	9479
9892	9685
9894	1061
9894	4337
9894	8073
9894	8286
9894	9785
9897	2439
9897	4242
9897	6779
9897	7329
9897	8493
9897	9343
9897	9490
9897	9499
9897	9677
9897	9725
9897	9833
9897	9850
9905	1749
9905	2338
9905	2643
9905	5134
9905	6896
9905	8031
9905	9208
9905	9365
9905	9949
9907	2838
9907	8761
9907	9279
9907	9548
9907	9868
9909	949
9909	3183
9909	8604
9909	9331
9909	9503
9909	9684
9909	9862
9912	2159
9912	2643
9912	4553
9912	6405
9912	7179
9912	7698
9912	9119
9912	9783
9917	291
9917	1773
9917	2053
9917	2149
9917	7456
9917	7763
9917	7899
9917	7907
9917	8952
9917	9148
9917	9878
9924	4271
9924	6579
9924	7011
9924	8891
9924	9112
9924	9232
9924	9567
9927	2226
9927	6470
9927	8112
9927	8720
9927	8901
9927	9391
9927	9850
9928	2256
9928	2363
9928	6778
9928	7034
9928	7062
9928	8538
9928	8775
9928	9328
9928	9510
9928	9644
9928	9990
9930	6258
9930	6820
9930	9362
9930	9655
9931	4512
9931	5097
9931	7028
9931	8031
9931	8663
9931	8708
9931	8841
9931	8885
9931	9195
9931	9435
9931	9819
9932	4717
9932	5450
9932	5514
9932	8959
9932	9561
9933	7585
9933	7831
9933	8764
9933	8997
9933	9269
9937	1538
9937	2959
9937	6476
9937	6900
9937	9063
9937	9478
9937	9655
9937	9849
9941	4822
9941	6778
9941	8895
9941	9462
9941	9557
9941	9805
9941	9816
9941	9963
9944	3524
9944	3559
9944	5742
9944	5746
9944	6945
9944	7648
9944	7891
9944	8388
9944	8841
9944	8885
9944	9242
9944	9570
9944	9995
9945	6266
9945	9169
9948	1202
9948	5202
9948	5712
9948	7525
9948	7670
9948	7896
9948	7958
9948	8186
9948	8663
9948	8723
9949	2060
9949	3061
9949	3978
9949	4235
9949	4616
9949	5647
9949	6450
9949	6675
9949	6822
9949	9818
9949	9905
9952	650
9952	2865
9952	6470
9952	7083
9952	7828
9952	8186
9952	9233
9952	9318
9952	9495
9952	9570
9952	9982
9954	2505
9954	5392
9954	5696
9954	6381
9954	6987
9954	8953
9954	9629
9955	2556
9955	3544
9955	4243
9955	7111
9955	7546
9955	8125
9955	8142
9955	8344
9955	8549
9955	8845
9955	9027
9955	9240
9955	9351
9959	3926
9959	9269
9959	9570
9963	6158
9963	6778
9963	7734
9963	7981
9963	9105
9963	9232
9963	9557
9963	9757
9963	9805
9963	9941
9968	5408
9968	7767
9968	8420
9968	9601
9968	9833
9978	1253
9978	1431
9978	4872
9978	5392
9978	7476
9978	7481
9978	7977
9978	8496
9978	8518
9978	8722
9978	9840
9982	820
9982	3738
9982	4235
9982	5047
9982	5290
9982	5742
9982	6317
9982	7082
9982	7703
9982	8073
9982	9280
9982	9952
9989	4261
9989	6372
9989	7901
9989	9017
9989	9767
9989	9819
9990	516
9990	2363
9990	7034
9990	7062
9990	7539
9990	7900
9990	9328
9990	9782
9990	9928
9994	5476
9994	8661
9994	8764
9994	9891
9995	3524
9995	4789
9995	5742
9995	5746
9995	6987
9995	7891
9995	8388
9995	8841
9995	9214
9995	9843
9995	9864
9995	9944
