0.00029397460514	0.00144123712725	0.00144221303314
0.00029397460514	0.00329142875977	0.0032936574872
0.00029397460514	0.00434424237678	0.00434718399663
0.00029397460514	0.0184435197142	0.0184560083874
0.00029397460514	0.0185436662024	0.0185562226879
0.00029397460514	0.0666962750423	0.0667414371372
0.000293974605141	0.099976606932	0.100044304161
0.000293974605141	0.65948605671	0.659932614961
0.000293974605141	0.499661663751	0.5
0.000293974605141	0.00172323591354	0.00172440276947
0.000293974605141	0.00328697582823	0.00328920154045
0.000293974605141	0.00328920154045	0.00329142875977
0.000293974605141	0.00881884043439	0.00882481194192
0.000293974605141	0.0112675706984	0.0112752003164
0.000293974605141	0.0221120495279	0.0221270222753
0.000293974605141	0.124915415938	0.125
0.000587949210281	0.00880690953885	0.00881884043439
0.000587949210281	0.0137672365591	0.0137858873083
0.000587949210281	0.0156461674983	0.0156673636727
0.000587949210281	0.0292442515137	0.029283869283
0.000587949210281	0.0416385170963	0.0416949256237
0.000587949210281	0.166666847257	0.16689263415
0.000881923815422	0.00671790245312	0.00673155838963
0.000881923815422	0.0415540473624	0.0416385170963
0.000881923815422	0.0598907314545	0.0600124754113
0.000881923815422	0.16689263415	0.167231888141
0.000881923815422	0.24881822432	0.249324014021
0.000881923815422	0.382692574277	0.38347049946
0.00117589842056	0.249324014021	0.25
0.00117589842056	0.0112752003164	0.0113057704857
0.0014698730257	0.0236126394166	0.0236926919698
0.00176384763084	0.659932614961	0.66261832158
0.00176384763084	0.333333694514	0.334690251971
0.00205782223598	0.199412551588	0.20035967234
0.00205782223598	0.0184560083874	0.0185436662024
0.00235179684112	0.0442540445506	0.0444943396363
0.00235179684112	0.0555556759493	0.0558573377759
0.00235179684112	0.0663360767056	0.0666962750423
0.00264577144627	0.100044304161	0.100655645747
0.00293974605141	0.0337569442646	0.0339862206537
0.00352769526169	0.0032936574872	0.00332052022211
0.00411564447197	0.0416949256237	0.0420919308198
0.00440961907711	0.00116212144887	0.00117398118306
0.00440961907711	0.0667414371372	0.0674225498598
0.00646744131309	0.0236926919698	0.0240481598195
0.00764333973366	0.0221270222753	0.0225198924864
0.0079373143388	0.163648453625	0.166666847257
0.00823128894394	0.0299656426535	0.0305390051425
0.00823128894394	0.0833334236286	0.0849279250294
0.0094071873645	0.00117398118306	0.00119968802354
0.0094071873645	0.66261832158	0.677127773468
0.00999513657478	0.029283869283	0.0299656426535
0.0108770603902	0.0812722277112	0.0833334236286
0.0129348826262	0.0047086566758	0.00485100707841
0.0135228318365	0.00980766216426	0.0101178521651
0.0138168064416	0.00139610677577	0.00144123712725
0.0158746286776	0.0444943396363	0.0461508170606
0.0164625778879	0.00172440276947	0.00179102352188
0.0205782223598	0.0225198924864	0.0236126394166
0.0217541207804	0.0420919308198	0.0442540445506
0.0285155366986	0.125	0.133482874274
0.0302793843295	0.0558573377759	0.0598907314545
0.0305733589346	0.0461508170606	0.0495168207891
0.0329251557757	0.00119968802354	0.00129417640934
0.0329251557757	0.00129417640934	0.00139610677577
0.0346890034066	0.00434718399663	0.0047086566758
0.037628749458	0.0268170968786	0.0292442515137
0.037628749458	0.00250221569877	0.00272868556831
0.0379227240631	0.00807050686735	0.00880690953885
0.0429202923505	0.100655645747	0.111111351899
0.0435082415608	0.0305390051425	0.0337569442646
0.0435082415608	0.0600124754113	0.0663360767056
0.0458600384019	0.00882481194192	0.00980766216426
0.0467419622174	0.0101178521651	0.0112675706984
0.0473299114276	0.0240481598195	0.0268170968786
0.0499756828739	0.0495168207891	0.0555556759493
0.0508576066893	0.111111351899	0.124915415938
0.0549732511613	0.0137858873083	0.0156461674983
0.0555612003716	0.00220172738471	0.00250221569877
0.0567370987921	0.00381221116451	0.00434424237678
0.0582069718178	0.334690251971	0.382692574277
0.0599708194487	0.00332052022211	0.00381221116451
0.0708478798389	0.0156673636727	0.0184435197142
0.0708478798389	0.0849279250294	0.099976606932
0.0755514735211	0.0009765625	0.00116212144887
0.0761394227314	0.0185562226879	0.0221120495279
0.0764333973366	0.167231888141	0.199412551588
0.077315321152	0.00144221303314	0.00172323591354
0.0787851941777	0.00673155838963	0.00807050686735
0.0808430164137	0.00272868556831	0.00328697582823
0.0811369910188	0.0674225498598	0.0812722277112
0.0855466100959	0.0113057704857	0.0137672365591
0.0873104577268	0.0339862206537	0.0415540473624
0.0884863561473	0.133482874274	0.163648453625
0.0896622545679	0.00179102352188	0.00220172738471
0.094071873645	0.20035967234	0.24881822432
0.11494407061	0.38347049946	0.499661663751
0.120235613503	0.5	0.65948605671
0.124939207185	0.25	0.333333694514
0.141401785073	0.00485100707841	0.00671790245312
0.169329372561	0.677127773468	1
