11	5677
11	7662
11	9593
11	9710
29	5016
29	7395
45	798
45	4418
45	7330
45	8399
45	8785
45	9650
45	9896
47	2816
47	7662
47	8878
47	8958
47	9630
47	9655
47	9725
48	6672
48	8280
48	9219
48	9628
48	9740
48	9864
51	8386
51	9875
64	8179
79	5078
79	9910
79	9995
82	9696
87	7604
87	9965
138	5247
138	6296
138	6734
138	8406
138	9436
138	9618
204	7416
204	9769
223	6689
243	3813
243	9264
253	2155
253	9098
253	9326
262	8560
262	9643
264	5032
264	9181
264	9868
264	9907
270	5780
272	3632
272	4282
272	6594
272	9926
283	6367
283	6594
283	8546
311	3634
311	9014
311	9563
357	9586
357	9603
357	9726
357	9737
376	4670
376	5699
376	6224
376	8434
376	8515
376	8592
376	9650
412	5110
412	7247
412	8816
412	9315
412	9940
416	7966
416	7994
416	8946
420	6355
420	9035
420	9274
454	1591
454	3233
454	4364
454	5022
454	7966
454	8114
454	9982
478	8825
478	9137
478	9630
478	9659
502	6807
510	3150
510	8949
510	9046
539	7577
539	8098
539	9814
539	9910
539	9930
625	1327
625	7131
625	9846
625	9856
625	9868
625	9903
625	9907
628	4841
628	7077
628	8420
628	9137
652	7247
652	7731
652	8785
652	9222
660	7197
660	8260
660	9483
694	4413
694	7001
694	7316
694	8664
694	9024
694	9871
694	9885
695	4882
695	6132
714	8657
714	9990
716	7784
716	8466
716	8761
716	8789
716	9849
716	9868
716	9907
798	45
798	6518
798	8648
800	2007
800	5900
800	6296
800	7851
800	8617
800	8727
800	9266
820	9593
820	9982
821	9340
821	9372
828	8733
828	9233
831	7888
831	8180
831	9696
864	3448
904	3448
908	1209
908	4069
908	7144
908	9349
908	9769
908	9982
911	9191
911	9422
911	9968
928	3813
962	2401
962	7755
962	9880
962	9968
976	9441
976	9849
989	3736
989	7371
989	9999
999	9965
1005	1530
1005	8542
1005	9947
1028	2155
1046	7763
1046	9586
1046	9603
1046	9737
1071	8920
1088	7763
1088	9087
1088	9737
1100	9097
1153	1485
1153	6687
1153	9563
1158	8949
1158	9826
1173	2079
1173	7067
1173	7117
1173	8280
1173	8473
1173	8862
1173	9043
1196	7247
1196	9590
1196	9832
1209	908
1211	8179
1226	3448
1242	9643
1297	9097
1297	9747
1319	9097
1319	9646
1319	9821
1327	625
1327	7994
1327	9846
1368	9849
1407	5351
1407	7119
1407	9925
1410	9630
1442	2816
1478	8958
1478	9324
1485	1153
1485	3680
1485	5668
1485	5981
1485	7202
1485	8386
1485	8560
1530	1005
1530	4577
1530	5087
1530	6513
1530	7614
1530	9970
1530	9979
1580	9046
1580	9309
1591	454
1613	6355
1613	6728
1613	7891
1613	8873
1613	9222
1613	9315
1613	9340
1613	9650
1629	5848
1629	9650
1633	7273
1633	7577
1633	9930
1652	5997
1652	8346
1652	8958
1657	5677
1657	7841
1657	8496
1657	8958
1671	2816
1671	6630
1671	6672
1671	8631
1672	6689
1694	2959
1694	3741
1694	9055
1694	9696
1694	9814
1698	5110
1698	9761
1740	2959
1740	5603
1746	4978
1746	7662
1746	8958
1746	9710
1751	6892
1751	8993
1751	9578
1759	7966
1770	7179
1770	8386
1770	9563
1780	5078
1780	7293
1780	8993
1780	9347
1780	9533
1780	9729
1780	9890
1780	9999
1794	3813
1812	5907
1812	9896
1815	8545
1815	9038
1856	8816
1856	8949
1882	6367
1882	6594
1890	4152
1890	4714
1890	7731
1890	8170
1890	8599
1890	8688
1890	9222
1890	9650
1928	7352
1928	7984
1928	8280
1928	9849
1971	9831
1971	9977
1979	2426
1979	8126
1979	9650
1981	5646
1981	9650
2001	5347
2001	5485
2001	7881
2001	8875
2001	9191
2001	9355
2001	9430
2001	9650
2007	800
2007	9475
2037	8658
2037	9903
2069	3436
2079	1173
2084	2173
2084	3809
2084	5069
2084	6689
2084	7034
2084	8788
2084	9650
2084	9964
2097	2934
2097	7179
2097	8386
2097	9563
2101	8179
2101	9090
2111	3502
2111	6689
2111	9990
2133	7371
2133	8873
2133	9496
2140	9449
2155	253
2155	1028
2155	5299
2155	5363
2155	6807
2155	9340
2155	9372
2155	9572
2173	2084
2173	5174
2173	6689
2173	8881
2173	9590
2173	9726
2173	9925
2187	6924
2187	8126
2187	8260
2187	8657
2187	9483
2189	9024
2189	9578
2189	9785
2189	9801
2189	9977
2196	4032
2196	4129
2196	4878
2196	5124
2196	6012
2196	7919
2196	9171
2196	9650
2198	8688
2198	9087
2198	9586
2198	9737
2208	6680
2208	6689
2208	7091
2208	8672
2208	9928
2215	9441
2215	9849
2215	9998
2217	4282
2217	5330
2217	7797
2217	8657
2217	9483
2288	3150
2288	5016
2288	5069
2288	7197
2288	8657
2288	9173
2288	9483
2288	9738
2313	9801
2319	8657
2319	9737
2349	5972
2349	9832
2350	8179
2350	9925
2350	9928
2350	9990
2401	962
2401	9643
2401	9968
2408	2867
2408	8190
2408	9786
2408	9970
2408	9979
2426	1979
2426	7881
2426	9561
2462	4148
2462	7323
2462	7711
2462	7821
2462	7847
2462	8545
2462	8706
2462	9868
2523	7577
2523	8098
2523	9910
2572	6807
2572	7588
2574	5086
2574	6807
2575	9097
2588	5175
2588	8958
2588	9710
2593	6924
2593	9215
2615	6526
2615	9665
2615	9849
2617	6721
2617	9578
2634	4354
2634	8601
2634	9679
2639	4841
2652	7425
2652	8913
2652	9340
2654	8949
2681	9696
2702	4152
2702	6689
2723	7119
2723	9977
2735	8722
2735	8949
2790	3148
2790	4306
2790	4524
2790	7345
2790	8317
2790	9222
2790	9315
2790	9650
2790	9768
2816	47
2816	1442
2816	1671
2816	4083
2816	4428
2816	5765
2816	6816
2816	7547
2816	8762
2822	4882
2843	3150
2843	8586
2847	5780
2867	2408
2867	9786
2896	3730
2896	7197
2896	8657
2896	9483
2909	3189
2918	8920
2918	9666
2934	2097
2934	8386
2934	9563
2934	9665
2934	9950
2959	1694
2959	1740
2959	4260
2959	4601
2959	8121
2959	9475
2959	9937
2962	8949
2966	7180
2966	8502
2969	9097
2969	9665
2969	9747
2973	8734
2973	9737
2978	7815
2978	8547
2978	9144
2978	9696
2978	9814
2993	5105
2993	5997
2993	7131
2993	7905
2993	8404
2993	8648
2993	9315
2993	9650
2993	9856
2994	9632
2994	9738
3005	9578
3008	9801
3031	7524
3031	7966
3042	3759
3042	9937
3063	5426
3063	6892
3063	7935
3063	8260
3063	8657
3063	9483
3077	4608
3077	7371
3077	9952
3104	8813
3104	9087
3104	9603
3104	9737
3125	6604
3125	9586
3125	9603
3125	9737
3148	2790
3148	8785
3148	8950
3148	9311
3150	510
3150	2288
3150	2843
3150	3435
3150	6610
3150	6931
3150	8014
3150	8949
3150	9311
3178	8346
3189	2909
3189	6117
3189	6947
3189	7694
3189	8993
3189	9347
3189	9670
3189	9785
3189	9890
3212	9087
3212	9586
3212	9603
3212	9737
3233	454
3233	4364
3233	7792
3233	8287
3233	9024
3237	5649
3237	7797
3237	8733
3237	8920
3237	9137
3237	9630
3256	6120
3256	6947
3256	9801
3256	9977
3258	4524
3258	4714
3258	6508
3258	8601
3258	8648
3258	9315
3258	9575
3258	9650
3258	9908
3271	6577
3271	6583
3271	8605
3271	8648
3271	8782
3271	8785
3271	9222
3271	9650
3306	9347
3306	9449
3306	9578
3330	6491
3330	6609
3330	7064
3330	7244
3330	7836
3330	8734
3330	8947
3330	9307
3330	9817
3338	9097
3339	8813
3339	9603
3339	9737
3350	5223
3350	6355
3350	7247
3350	8785
3350	9315
3355	7755
3355	9422
3355	9868
3355	9968
3364	7197
3369	9964
3435	3150
3435	8372
3435	8443
3435	8949
3435	9046
3436	2069
3436	3496
3436	4671
3436	6217
3436	6283
3436	7945
3436	8938
3436	9014
3436	9436
3448	864
3448	904
3448	1226
3448	6518
3448	7991
3448	8724
3448	9222
3448	9260
3448	9650
3476	7662
3476	9326
3476	9345
3476	9630
3496	3436
3496	9178
3502	2111
3502	8179
3502	8538
3502	9928
3502	9990
3510	6406
3533	8813
3533	9586
3533	9737
3542	9187
3542	9628
3542	9864
3555	9729
3555	9769
3561	5929
3561	9436
3565	7091
3565	8545
3565	9563
3574	6924
3589	7131
3589	8486
3595	9264
3595	9340
3595	9372
3595	9632
3595	9977
3602	7991
3602	9801
3618	6277
3618	6689
3618	9968
3632	272
3632	6594
3632	8025
3632	9965
3634	311
3634	4647
3634	6565
3634	7091
3634	7215
3634	8386
3634	9563
3634	9654
3634	9875
3680	1485
3680	5001
3702	8914
3702	9643
3702	9666
3730	2896
3730	5330
3730	8260
3730	8657
3730	9483
3736	989
3736	7034
3736	9486
3736	9695
3736	9875
3741	1694
3741	4129
3741	7285
3741	7334
3741	8645
3741	9809
3755	6892
3759	3042
3759	4125
3759	4324
3759	5016
3759	7197
3759	7253
3759	7701
3759	8657
3759	9483
3759	9550
3769	9535
3809	2084
3809	9488
3813	243
3813	928
3813	1794
3813	9409
3813	9456
3813	9650
3813	9727
3813	9884
3813	9924
3813	9926
3838	6680
3838	7966
3838	9871
3839	7266
3839	9173
3839	9643
3839	9950
3853	7323
3853	8179
3853	8545
3888	6534
3888	8946
3888	9431
3889	6132
3889	9409
3889	9727
3889	9884
3889	9924
3891	4675
3891	8280
3891	9474
3891	9628
3891	9864
3912	5780
3912	6439
3912	7604
3917	6132
3917	9695
3917	9761
3917	9779
3923	9441
3923	9849
3997	5032
3997	8486
3997	9868
3997	9907
4028	8784
4028	9965
4032	2196
4032	5728
4038	7293
4038	8993
4038	9535
4038	9578
4038	9785
4047	8386
4048	8287
4048	9340
4064	6439
4064	7805
4064	9379
4064	9965
4069	908
4069	6134
4081	7062
4081	7570
4081	8179
4081	9769
4081	9928
4083	2816
4083	7841
4088	6067
4088	9801
4125	3759
4125	9995
4129	2196
4129	3741
4148	2462
4148	8545
4152	1890
4152	2702
4198	8938
4198	9533
4204	5032
4204	8538
4242	8950
4242	9499
4242	9725
4259	5016
4259	6172
4260	2959
4266	7280
4266	8526
4273	6296
4278	8386
4282	272
4282	2217
4282	6924
4282	8260
4282	8657
4282	9483
4290	5913
4306	2790
4324	3759
4324	6924
4324	8260
4324	8657
4324	9483
4324	9769
4325	7577
4325	9910
4340	9568
4340	9630
4341	7293
4341	9845
4354	2634
4354	5078
4354	6098
4354	8025
4354	9065
4354	9679
4364	454
4364	3233
4364	7891
4388	5481
4388	9950
4413	694
4413	5497
4413	6382
4413	8407
4413	9525
4416	9575
4416	9761
4416	9801
4418	45
4418	9242
4418	9311
4418	9488
4418	9740
4428	2816
4428	5175
4428	7504
4428	7662
4428	7841
4428	9710
4428	9940
4441	5677
4441	9087
4441	9965
4462	8508
4462	9449
4462	9535
4462	9785
4462	9801
4462	9890
4462	9977
4470	9650
4494	5780
4507	8946
4507	9431
4507	9468
4507	9965
4524	2790
4524	3258
4524	8724
4524	8785
4524	8950
4536	6807
4568	5078
4576	6294
4576	7966
4576	7994
4576	8613
4576	9568
4577	1530
4577	9366
4577	9970
4577	9979
4588	4601
4588	7763
4588	9087
4588	9603
4588	9737
4601	2959
4601	4588
4601	8813
4601	9586
4601	9603
4601	9737
4601	9856
4608	3077
4608	4667
4608	6396
4608	6947
4608	7044
4608	8126
4608	8513
4608	9449
4608	9578
4608	9890
4633	8372
4633	8546
4633	9965
4637	7875
4637	9097
4637	9747
4647	3634
4648	9593
4667	4608
4667	5351
4667	9977
4670	376
4670	8592
4671	3436
4671	8260
4671	8938
4675	3891
4675	6734
4675	9726
4675	9864
4698	8140
4698	8346
4714	1890
4714	3258
4714	7330
4714	8950
4721	6577
4721	7604
4721	8546
4721	9568
4721	9868
4766	6689
4790	9737
4806	7395
4806	8190
4806	9366
4806	9489
4806	9970
4806	9979
4815	9620
4815	9737
4815	9903
4818	9578
4830	6526
4830	9087
4830	9586
4830	9603
4830	9737
4833	7247
4833	7731
4833	8950
4833	9222
4833	9315
4841	628
4841	2639
4841	5078
4841	6039
4841	6854
4841	7041
4841	8087
4841	8562
4841	8697
4841	9388
4841	9671
4846	8788
4850	6294
4850	7966
4850	8287
4865	7079
4865	9812
4865	9890
4865	9940
4865	9974
4871	6367
4871	6594
4871	6871
4871	8025
4878	2196
4878	9679
4882	695
4882	2822
4882	9347
4882	9449
4882	9578
4882	9801
4882	9890
4886	7425
4886	7764
4886	8355
4886	9474
4904	7371
4904	9434
4912	8185
4912	9769
4978	1746
4978	6734
4978	8631
4978	8949
4978	8958
4978	9710
4988	6268
4988	6349
4988	9593
5001	3680
5001	9738
5001	9964
5016	29
5016	2288
5016	3759
5016	4259
5016	5426
5016	7154
5016	8167
5016	8260
5016	9055
5016	9483
5016	9947
5022	454
5022	9363
5032	264
5032	3997
5032	4204
5032	5773
5032	6248
5032	6514
5032	7694
5032	8486
5032	9038
5032	9809
5032	9868
5032	9907
5049	8346
5049	8513
5059	8545
5059	9590
5069	2084
5069	2288
5069	5623
5069	7150
5069	8280
5069	9024
5069	9367
5069	9650
5069	9817
5069	9890
5078	79
5078	1780
5078	4354
5078	4568
5078	4841
5078	6946
5078	7577
5078	8930
5078	9817
5078	9910
5078	9930
5078	9941
5086	2574
5086	7284
5086	9578
5087	1530
5095	7966
5095	8129
5105	2993
5105	5110
5105	6206
5105	6518
5105	7247
5105	7731
5110	412
5110	1698
5110	5105
5110	6583
5110	7330
5110	9441
5110	9650
5124	2196
5152	6807
5152	7859
5152	9128
5152	9367
5152	9738
5154	7805
5154	8546
5154	9379
5154	9965
5174	2173
5174	8788
5174	9328
5174	9586
5174	9925
5174	9990
5175	2588
5175	4428
5175	6630
5175	7662
5175	8958
5176	7290
5176	9055
5176	9144
5176	9696
5176	9769
5176	9814
5177	8813
5177	9087
5177	9586
5177	9603
5177	9737
5214	8025
5214	8346
5223	3350
5223	7247
5223	7731
5223	9315
5223	9650
5237	7234
5237	9128
5237	9340
5237	9655
5237	9738
5237	9998
5247	138
5247	9779
5257	8813
5257	9087
5257	9586
5257	9603
5257	9737
5262	9338
5299	2155
5299	6277
5299	6807
5299	8355
5330	2217
5330	3730
5330	5573
5330	6395
5330	6592
5330	6924
5330	7197
5330	7744
5330	7811
5330	7974
5330	9003
5330	9483
5334	8179
5342	7577
5347	2001
5347	9740
5351	1407
5351	4667
5351	7119
5351	9809
5357	5780
5363	2155
5363	7234
5363	8946
5363	9632
5363	9738
5367	9696
5380	6802
5380	7991
5380	9489
5380	9863
5380	9970
5380	9979
5384	7247
5384	8124
5408	9968
5419	9340
5426	3063
5426	5016
5426	6924
5426	7197
5426	8260
5426	9483
5446	8098
5446	9326
5446	9422
5446	9968
5448	6491
5448	7666
5448	8947
5448	9696
5452	6508
5452	7966
5463	9977
5481	4388
5481	8280
5481	9219
5481	9628
5481	9864
5485	2001
5485	8542
5497	4413
5497	5907
5497	7352
5497	8407
5544	8733
5544	9659
5544	9950
5545	8878
5545	9670
5564	7280
5564	7637
5573	5330
5573	7197
5573	8046
5573	8260
5573	8657
5573	9483
5573	9947
5580	7034
5581	6012
5581	7662
5589	7197
5603	1740
5603	8121
5603	8386
5603	8785
5603	9475
5612	7964
5612	8014
5612	8816
5612	8862
5612	9311
5623	5069
5623	7150
5623	8913
5623	9367
5623	9655
5646	1981
5649	3237
5649	6534
5649	8825
5649	9659
5668	1485
5668	5981
5668	8386
5668	9563
5677	11
5677	1657
5677	4441
5677	6067
5677	7841
5677	8631
5677	8958
5685	7119
5685	7131
5699	376
5699	5911
5724	7260
5724	9097
5728	4032
5728	7197
5728	9171
5728	9525
5741	8504
5741	9965
5760	8878
5760	9734
5760	9821
5765	2816
5773	5032
5773	6728
5780	270
5780	2847
5780	3912
5780	4494
5780	5357
5780	6776
5780	6871
5780	7588
5780	7637
5780	8255
5780	8868
5780	9264
5780	9979
5803	8727
5803	9535
5845	6807
5845	9307
5847	5913
5847	7022
5847	9880
5848	1629
5868	5913
5868	8519
5900	800
5904	5972
5904	9590
5904	9832
5907	1812
5907	5497
5907	6120
5907	6594
5907	9449
5907	9535
5907	9785
5907	9801
5907	9890
5907	9977
5911	5699
5911	8733
5911	9254
5913	4290
5913	5847
5913	5868
5913	7022
5913	7214
5913	7750
5913	8407
5913	8519
5913	8831
5913	9324
5913	9486
5913	9868
5913	9880
5925	6355
5925	9499
5926	8878
5926	9734
5926	9761
5929	3561
5929	9024
5929	9367
5929	9817
5960	6721
5960	8784
5960	8949
5972	2349
5972	5904
5972	7276
5972	7764
5972	9189
5972	9590
5972	9726
5972	9832
5972	9890
5981	1485
5981	5668
5981	8386
5981	9563
5997	1652
5997	2993
6012	2196
6012	5581
6012	7034
6012	9309
6039	4841
6039	9388
6039	9519
6039	9671
6053	6807
6053	6931
6053	9568
6067	4088
6067	5677
6067	7504
6067	7841
6067	8631
6067	8958
6067	9710
6082	7247
6082	8993
6098	4354
6098	9065
6098	9679
6117	3189
6117	9281
6117	9908
6120	3256
6120	5907
6120	8993
6120	9347
6120	9801
6120	9977
6121	8658
6132	695
6132	3889
6132	3917
6132	6889
6132	8878
6132	9024
6132	9082
6132	9178
6132	9237
6132	9695
6132	9761
6134	4069
6134	6826
6134	8816
6135	6277
6135	6807
6135	9340
6135	9632
6150	6609
6150	8790
6150	9235
6150	9471
6150	9881
6167	6406
6167	9898
6172	4259
6172	7935
6172	8170
6172	8346
6178	7284
6178	7919
6178	8114
6178	9578
6185	6892
6185	7836
6185	9035
6185	9884
6185	9917
6206	5105
6206	8050
6206	9578
6217	3436
6217	7930
6217	8868
6217	8938
6220	7034
6220	7474
6220	8538
6220	8672
6220	9650
6220	9925
6220	9928
6220	9990
6224	376
6224	9654
6248	5032
6248	7888
6264	9578
6268	4988
6268	8761
6268	9499
6268	9593
6277	3618
6277	5299
6277	6135
6277	9578
6277	9599
6277	9632
6277	9738
6277	9937
6283	3436
6283	7930
6283	8920
6283	8938
6290	8386
6290	9525
6294	4576
6294	4850
6294	7966
6294	7994
6294	8176
6294	9798
6296	138
6296	800
6296	4273
6296	7164
6296	7526
6296	8105
6296	8129
6296	8442
6296	8913
6296	9090
6296	9181
6296	9258
6296	9468
6296	9890
6320	8304
6320	8545
6320	8878
6322	8070
6322	8508
6322	9630
6346	8179
6346	9097
6349	4988
6349	9347
6349	9535
6349	9578
6349	9785
6349	9801
6355	420
6355	1613
6355	3350
6355	5925
6355	6868
6355	7731
6355	9233
6355	9311
6355	9315
6355	9650
6365	6678
6365	8747
6365	9643
6365	9950
6367	283
6367	1882
6367	4871
6367	6594
6367	7767
6367	8011
6367	8025
6371	9578
6382	4413
6382	6826
6382	9475
6382	9920
6385	7662
6385	9219
6395	5330
6395	6575
6395	6856
6395	9665
6396	4608
6396	7293
6396	7694
6396	9535
6396	9785
6396	9801
6396	9920
6396	9977
6406	3510
6406	6167
6406	7778
6406	8232
6406	8489
6406	8797
6406	9009
6406	9035
6406	9187
6406	9366
6406	9489
6406	9653
6406	9970
6406	9979
6406	9999
6414	9737
6439	3912
6439	4064
6439	7724
6439	9965
6453	9880
6453	9921
6453	9965
6453	9990
6491	3330
6491	5448
6491	8947
6491	9287
6499	8958
6499	9596
6499	9726
6508	3258
6508	5452
6508	6889
6508	9082
6508	9185
6508	9695
6508	9761
6509	7875
6509	8124
6509	9665
6509	9769
6513	1530
6513	8025
6513	9367
6513	9575
6514	5032
6514	7853
6514	9185
6514	9907
6518	798
6518	3448
6518	5105
6518	7330
6518	8648
6518	8724
6518	8950
6521	8407
6521	8496
6521	9014
6521	9738
6526	2615
6526	4830
6526	7763
6526	8813
6526	9087
6526	9586
6526	9603
6526	9737
6534	3888
6534	5649
6534	7076
6534	8461
6534	8946
6534	9431
6534	9587
6534	9650
6534	9798
6534	9809
6565	3634
6565	6687
6565	8386
6565	8925
6565	9563
6565	9995
6575	6395
6575	7875
6575	9097
6575	9665
6577	3271
6577	4721
6577	7157
6577	9486
6577	9875
6583	3271
6583	5110
6583	7731
6583	8592
6583	8724
6583	8785
6583	9315
6592	5330
6592	7640
6594	272
6594	283
6594	1882
6594	3632
6594	4871
6594	5907
6594	6367
6594	9355
6594	9592
6594	9917
6604	3125
6604	9643
6609	3330
6609	6150
6609	8658
6609	9471
6609	9540
6609	9881
6610	3150
6615	9340
6615	9483
6615	9661
6615	9964
6630	1671
6630	5175
6630	7547
6630	8958
6630	9710
6672	48
6672	1671
6678	6365
6678	6892
6680	2208
6680	3838
6680	7316
6680	8664
6680	9864
6680	9871
6687	1153
6687	6565
6687	7091
6687	8386
6687	9563
6689	223
6689	1672
6689	2084
6689	2111
6689	2173
6689	2208
6689	2702
6689	3618
6689	4766
6689	8179
6689	8504
6689	8986
6689	9338
6689	9925
6689	9928
6689	9990
6721	2617
6721	5960
6721	8706
6721	8878
6728	1613
6728	5773
6734	138
6734	4675
6734	4978
6734	7851
6734	8442
6734	9439
6749	7604
6749	8782
6749	8878
6749	9722
6752	9572
6752	9696
6776	5780
6776	8011
6776	9563
6776	9849
6787	9643
6793	9593
6793	9628
6802	5380
6802	7778
6802	9366
6802	9489
6802	9954
6802	9970
6802	9979
6807	502
6807	2155
6807	2572
6807	2574
6807	4536
6807	5152
6807	5299
6807	5845
6807	6053
6807	6135
6807	8355
6807	8857
6807	9340
6807	9519
6807	9632
6807	9952
6816	2816
6816	8406
6826	6134
6826	6382
6826	9737
6826	9920
6846	8658
6846	9187
6846	9561
6854	4841
6854	9388
6854	9671
6856	6395
6856	8124
6856	9097
6868	6355
6868	7052
6868	7330
6868	8648
6868	8724
6868	8950
6868	9650
6871	4871
6871	5780
6871	9281
6871	9812
6885	7764
6885	7955
6885	8504
6885	8837
6885	8913
6885	9474
6889	6132
6889	6508
6889	9761
6892	1751
6892	3063
6892	3755
6892	6185
6892	6678
6892	7157
6892	7399
6892	7930
6892	8029
6892	8508
6892	9449
6892	9578
6892	9785
6892	9801
6892	9890
6892	9977
6899	7197
6899	9618
6924	2187
6924	2593
6924	3574
6924	4282
6924	4324
6924	5330
6924	5426
6924	8015
6924	8260
6924	8657
6924	8704
6924	8875
6924	9483
6924	9679
6924	9722
6924	9853
6931	3150
6931	6053
6931	9436
6931	9517
6946	5078
6946	9910
6946	9930
6947	3189
6947	3256
6947	4608
6947	7168
6947	8993
6947	9449
6947	9801
6947	9977
6971	7197
6993	7724
6993	7964
6993	8014
6993	8304
6993	8372
6993	8443
6993	8816
6993	8949
6993	9311
7001	694
7001	9722
7022	5847
7022	5913
7022	8519
7034	2084
7034	3736
7034	5580
7034	6012
7034	6220
7034	7062
7034	7408
7034	8538
7034	8788
7034	9328
7034	9345
7034	9517
7034	9650
7034	9875
7034	9925
7034	9928
7034	9990
7041	4841
7041	9341
7044	4608
7044	9499
7049	9737
7052	6868
7052	9338
7052	9895
7062	4081
7062	7034
7062	8179
7062	8788
7062	9925
7062	9928
7062	9990
7064	3330
7064	9097
7064	9287
7067	1173
7067	8777
7076	6534
7076	7637
7076	8050
7076	8461
7076	8802
7076	8946
7076	9431
7076	9525
7076	9568
7076	9630
7076	9650
7077	628
7077	7797
7077	8825
7077	9137
7077	9247
7077	9630
7077	9659
7079	4865
7079	7577
7079	9940
7079	9974
7091	2208
7091	3565
7091	3634
7091	6687
7091	8124
7091	8386
7091	9389
7091	9563
7091	9968
7106	7662
7117	1173
7117	7714
7117	8862
7117	9309
7119	1407
7119	2723
7119	5351
7119	5685
7119	9294
7119	9729
7119	9795
7119	9809
7119	9979
7131	625
7131	2993
7131	3589
7131	5685
7131	9185
7131	9725
7131	9828
7131	9868
7131	9907
7144	908
7144	9489
7144	9982
7150	5069
7150	5623
7150	8346
7150	9055
7150	9367
7150	9655
7150	9817
7154	5016
7154	9575
7157	6577
7157	6892
7157	9871
7157	9875
7164	6296
7164	7755
7164	8386
7168	6947
7168	7694
7168	8029
7168	8280
7168	9449
7168	9535
7168	9785
7168	9801
7168	9890
7179	1770
7179	2097
7179	7547
7179	8386
7179	9563
7179	9586
7180	2966
7180	9128
7180	9340
7180	9372
7197	660
7197	2288
7197	2896
7197	3364
7197	3759
7197	5330
7197	5426
7197	5573
7197	5589
7197	5728
7197	6899
7197	6971
7197	7859
7197	8152
7197	8657
7197	8925
7197	9483
7202	1485
7214	5913
7214	8046
7214	9990
7215	3634
7215	8526
7234	5237
7234	5363
7234	7425
7234	8538
7234	9372
7234	9519
7234	9599
7234	9738
7244	3330
7247	412
7247	652
7247	1196
7247	3350
7247	4833
7247	5105
7247	5223
7247	5384
7247	6082
7247	7556
7247	8722
7247	8724
7247	8914
7247	9235
7247	9315
7247	9650
7253	3759
7253	8564
7253	9235
7253	9540
7253	9881
7260	5724
7260	7474
7260	8657
7261	9097
7266	3839
7266	7662
7266	8747
7266	9950
7273	1633
7273	8733
7273	9242
7276	5972
7276	9590
7276	9832
7280	4266
7280	5564
7280	7413
7280	7505
7280	7559
7280	7835
7280	7858
7280	7959
7280	8509
7280	8958
7280	9439
7280	9489
7280	9998
7284	5086
7284	6178
7284	8920
7284	9103
7285	3741
7285	7334
7285	8834
7290	5176
7290	9769
7293	1780
7293	4038
7293	4341
7293	6396
7293	7650
7293	9347
7293	9535
7293	9593
7293	9785
7293	9801
7293	9890
7316	694
7316	6680
7316	7875
7316	9871
7323	2462
7323	3853
7323	7711
7323	9456
7330	45
7330	4714
7330	5110
7330	6518
7330	6868
7330	8785
7330	9003
7330	9222
7330	9650
7331	7474
7331	8560
7331	9338
7334	3741
7334	7285
7334	8317
7334	8834
7345	2790
7352	1928
7352	5497
7352	8950
7352	9587
7371	989
7371	2133
7371	3077
7371	4904
7371	7740
7371	8110
7371	9434
7371	9979
7395	29
7395	4806
7399	6892
7408	7034
7413	7280
7413	9266
7416	204
7416	9769
7425	2652
7425	4886
7425	7234
7425	8913
7425	9474
7444	7635
7444	8958
7444	9593
7474	6220
7474	7260
7474	7331
7474	9171
7474	9337
7484	8070
7484	8857
7484	9630
7486	7637
7486	8878
7486	9734
7504	4428
7504	6067
7504	7662
7504	8496
7504	9710
7505	7280
7505	8635
7505	9606
7505	9856
7524	3031
7524	9363
7524	9366
7524	9474
7526	6296
7547	2816
7547	6630
7547	7179
7547	7662
7547	8496
7547	8631
7547	8958
7547	9185
7547	9710
7553	7966
7553	8613
7554	7744
7554	8448
7554	9379
7554	9965
7554	9995
7556	7247
7556	9592
7559	7280
7559	7858
7559	7959
7559	9439
7559	9998
7570	4081
7570	8179
7570	8672
7570	9328
7570	9828
7570	9925
7570	9928
7577	539
7577	1633
7577	2523
7577	4325
7577	5078
7577	5342
7577	7079
7577	7640
7577	7714
7577	8046
7577	8063
7577	8098
7577	8586
7577	8728
7577	8834
7577	9606
7577	9831
7577	9910
7577	9930
7588	2572
7588	5780
7588	8255
7588	8868
7588	9655
7604	87
7604	3912
7604	4721
7604	6749
7604	8448
7604	9258
7604	9965
7614	1530
7614	7881
7614	9294
7615	7888
7615	9650
7635	7444
7635	9366
7635	9593
7635	9628
7637	5564
7637	5780
7637	7076
7637	7486
7637	8461
7637	8946
7637	9431
7637	9603
7640	6592
7640	7577
7650	7293
7662	11
7662	47
7662	1746
7662	3476
7662	4428
7662	5175
7662	5581
7662	6385
7662	7106
7662	7266
7662	7504
7662	7547
7662	7871
7662	8185
7662	8241
7662	8496
7662	8631
7662	9097
7662	9710
7666	5448
7666	8947
7666	9578
7694	3189
7694	5032
7694	6396
7694	7168
7694	8631
7694	8993
7694	9347
7694	9535
7694	9801
7694	9890
7694	9977
7701	3759
7701	9035
7701	9178
7701	9561
7711	2462
7711	7323
7711	8545
7711	9475
7714	7117
7714	7577
7714	8508
7714	8862
7724	6439
7724	6993
7724	7792
7724	7964
7724	8014
7724	8304
7724	8372
7724	8816
7724	8949
7724	9046
7724	9311
7724	9910
7731	652
7731	1890
7731	4833
7731	5105
7731	5223
7731	6355
7731	6583
7731	8785
7731	8950
7731	9650
7740	7371
7740	9434
7744	5330
7744	7554
7744	8519
7744	9324
7744	9880
7750	5913
7750	9281
7755	962
7755	3355
7755	7164
7755	8831
7755	9422
7755	9968
7763	1046
7763	1088
7763	4588
7763	6526
7763	8813
7763	9087
7763	9233
7763	9337
7763	9586
7763	9596
7763	9603
7763	9737
7763	9917
7764	4886
7764	5972
7764	6885
7764	7955
7764	8913
7764	9474
7767	6367
7767	7919
7767	9326
7767	9687
7767	9968
7778	6406
7778	6802
7778	8232
7778	9366
7778	9489
7778	9970
7778	9979
7784	716
7784	7853
7784	8486
7784	8688
7784	9185
7784	9868
7784	9907
7792	3233
7792	7724
7792	7966
7792	8176
7797	2217
7797	3237
7797	7077
7797	8825
7797	9137
7797	9630
7797	9659
7805	4064
7805	5154
7805	9965
7811	5330
7811	9097
7811	9144
7811	9832
7811	9940
7815	2978
7815	8319
7815	8844
7815	9144
7815	9696
7815	9814
7821	2462
7821	9341
7821	9740
7821	9885
7825	8448
7825	8657
7835	7280
7835	7858
7835	9439
7835	9871
7835	9998
7836	3330
7836	6185
7841	1657
7841	4083
7841	4428
7841	5677
7841	6067
7841	8631
7841	8958
7841	9710
7847	2462
7847	8124
7851	800
7851	6734
7851	9181
7851	9258
7851	9468
7853	6514
7853	7784
7853	8688
7853	8761
7853	9449
7853	9868
7853	9907
7858	7280
7858	7559
7858	7835
7858	7959
7858	9561
7858	9998
7859	5152
7859	7197
7859	7881
7859	9661
7871	7662
7875	4637
7875	6509
7875	6575
7875	7316
7875	8124
7875	8993
7875	9097
7875	9568
7875	9747
7881	2001
7881	2426
7881	7614
7881	7859
7881	8770
7881	9661
7888	831
7888	6248
7888	7615
7888	8180
7888	8844
7888	9055
7888	9144
7888	9666
7888	9696
7888	9814
7891	1613
7891	4364
7891	8599
7891	9995
7905	2993
7919	2196
7919	6178
7919	7767
7919	8114
7919	8930
7919	9535
7930	6217
7930	6283
7930	6892
7930	8938
7930	9228
7935	3063
7935	6172
7935	8167
7935	8788
7945	3436
7955	6885
7955	7764
7955	8657
7955	9474
7959	7280
7959	7559
7959	7858
7959	9224
7959	9998
7964	5612
7964	6993
7964	7724
7964	8304
7964	8372
7964	8443
7964	8816
7964	9311
7964	9947
7966	416
7966	454
7966	1759
7966	3031
7966	3838
7966	4576
7966	4850
7966	5095
7966	5452
7966	6294
7966	7553
7966	7792
7966	7994
7966	8176
7966	8287
7966	8613
7966	9254
7966	9650
7966	9826
7966	9828
7966	9965
7974	5330
7974	9785
7974	9801
7984	1928
7984	8407
7984	8844
7991	3448
7991	3602
7991	5380
7991	9831
7994	416
7994	1327
7994	4576
7994	6294
7994	7966
7994	8098
7994	9856
8000	8657
8000	9727
8011	6367
8011	6776
8011	8878
8011	9379
8014	3150
8014	5612
8014	6993
8014	7724
8014	8025
8014	8443
8014	8816
8014	8949
8014	9046
8014	9311
8014	9563
8014	9665
8014	9925
8015	6924
8015	8140
8015	9328
8015	9871
8025	3632
8025	4354
8025	4871
8025	5214
8025	6367
8025	6513
8025	8014
8029	6892
8029	7168
8029	8140
8029	8993
8029	9347
8029	9449
8029	9578
8029	9801
8029	9890
8029	9977
8046	5573
8046	7214
8046	7577
8046	8697
8050	6206
8050	7076
8063	7577
8063	8098
8063	8219
8063	8930
8063	9930
8063	9940
8070	6322
8070	7484
8070	8508
8070	9968
8078	8545
8078	8734
8087	4841
8087	9409
8098	539
8098	2523
8098	5446
8098	7577
8098	7994
8098	8063
8098	8930
8098	9910
8098	9930
8105	6296
8105	8617
8105	9181
8105	9618
8105	9670
8110	7371
8110	8635
8110	9389
8114	454
8114	6178
8114	7919
8121	2959
8121	5603
8124	5384
8124	6509
8124	6856
8124	7091
8124	7847
8124	7875
8124	9097
8124	9747
8126	1979
8126	2187
8126	4608
8126	9475
8126	9561
8129	5095
8129	6296
8129	8837
8140	4698
8140	8015
8140	8029
8140	8346
8140	9979
8152	7197
8152	9363
8167	5016
8167	7935
8167	8825
8170	1890
8170	6172
8170	8605
8170	9670
8176	6294
8176	7792
8176	7966
8176	8287
8176	9345
8176	9849
8179	64
8179	1211
8179	2101
8179	2350
8179	3502
8179	3853
8179	4081
8179	5334
8179	6346
8179	6689
8179	7062
8179	7570
8179	8606
8179	8616
8179	8672
8179	8788
8179	9309
8179	9561
8179	9578
8179	9925
8179	9928
8179	9990
8180	831
8180	7888
8180	8844
8180	9055
8180	9144
8180	9486
8180	9696
8180	9814
8185	4912
8185	7662
8185	9666
8185	9769
8185	9863
8190	2408
8190	4806
8190	8232
8190	9366
8190	9489
8190	9970
8190	9979
8215	9578
8219	8063
8219	9737
8232	6406
8232	7778
8232	8190
8232	8574
8232	9366
8232	9970
8232	9979
8241	7662
8241	8631
8244	9338
8255	5780
8255	7588
8255	9592
8260	660
8260	2187
8260	3063
8260	3730
8260	4282
8260	4324
8260	4671
8260	5016
8260	5426
8260	5573
8260	6924
8260	8657
8260	9483
8272	8958
8272	9669
8280	48
8280	1173
8280	1928
8280	3891
8280	5069
8280	5481
8280	7168
8280	9219
8280	9606
8280	9628
8280	9864
8287	3233
8287	4048
8287	4850
8287	7966
8287	8176
8287	8613
8290	9326
8290	9345
8304	6320
8304	6993
8304	7724
8304	7964
8304	8372
8304	8816
8304	8949
8304	9046
8304	9311
8317	2790
8317	7334
8319	7815
8319	9324
8319	9474
8319	9880
8346	1652
8346	3178
8346	4698
8346	5049
8346	5214
8346	6172
8346	7150
8346	8140
8355	4886
8355	5299
8355	6807
8355	9372
8355	9519
8355	9599
8355	9738
8372	3435
8372	4633
8372	6993
8372	7724
8372	7964
8372	8304
8372	8443
8372	8816
8372	8949
8372	9046
8372	9311
8386	51
8386	1485
8386	1770
8386	2097
8386	2934
8386	3634
8386	4047
8386	4278
8386	5603
8386	5668
8386	5981
8386	6290
8386	6565
8386	6687
8386	7091
8386	7164
8386	7179
8386	8649
8386	8747
8386	9287
8386	9563
8386	9650
8386	9661
8386	9779
8399	45
8399	9535
8404	2993
8404	8606
8404	9496
8404	9572
8406	138
8406	6816
8406	9941
8407	4413
8407	5497
8407	5913
8407	6521
8407	7984
8407	9920
8420	628
8420	9572
8420	9748
8420	9968
8434	376
8434	9171
8442	6296
8442	6734
8442	8617
8442	9181
8442	9468
8443	3435
8443	6993
8443	7964
8443	8014
8443	8372
8443	8831
8443	8949
8443	9046
8443	9311
8443	9586
8443	9687
8448	7554
8448	7604
8448	7825
8448	8784
8448	9379
8448	9965
8461	6534
8461	7076
8461	7637
8461	8946
8461	9431
8461	9475
8466	716
8466	9941
8467	8586
8467	8777
8467	9535
8467	9578
8467	9993
8473	1173
8473	8862
8486	3589
8486	3997
8486	5032
8486	7784
8486	8688
8486	8761
8486	9171
8486	9185
8486	9868
8486	9907
8489	6406
8493	9499
8493	9725
8493	9890
8496	1657
8496	6521
8496	7504
8496	7547
8496	7662
8496	8631
8496	8958
8496	9659
8496	9710
8502	2966
8502	9090
8502	9347
8502	9890
8504	5741
8504	6689
8504	6885
8504	9517
8504	9926
8504	9952
8508	4462
8508	6322
8508	6892
8508	7714
8508	8070
8508	9831
8509	7280
8509	9666
8509	9921
8513	4608
8513	5049
8513	8881
8515	376
8515	8770
8515	9798
8519	5868
8519	5913
8519	7022
8519	7744
8519	9324
8519	9880
8526	4266
8526	7215
8526	8875
8526	9965
8538	3502
8538	4204
8538	6220
8538	7034
8538	7234
8538	8672
8538	8788
8538	9328
8538	9925
8538	9928
8542	1005
8542	5485
8542	9968
8542	9998
8545	1815
8545	2462
8545	3565
8545	3853
8545	4148
8545	5059
8545	6320
8545	7711
8545	8078
8546	283
8546	4633
8546	4721
8546	5154
8546	8784
8546	9379
8546	9965
8547	2978
8547	9449
8547	9875
8560	262
8560	1485
8560	7331
8560	9965
8562	4841
8562	9786
8564	7253
8564	8658
8564	9235
8564	9471
8564	9540
8564	9628
8564	9880
8574	8232
8574	9339
8574	9474
8574	9737
8586	2843
8586	7577
8586	8467
8592	376
8592	4670
8592	6583
8592	9654
8599	1890
8599	7891
8601	2634
8601	3258
8601	9065
8601	9679
8601	9828
8605	3271
8605	8170
8606	8179
8606	8404
8606	8873
8606	9496
8613	4576
8613	7553
8613	7966
8613	8287
8613	9219
8616	8179
8617	800
8617	8105
8617	8442
8617	8728
8617	9456
8617	9618
8631	1671
8631	4978
8631	5677
8631	6067
8631	7547
8631	7662
8631	7694
8631	7841
8631	8241
8631	8496
8631	8958
8631	9710
8631	9993
8635	7505
8635	8110
8635	9593
8635	9666
8635	9856
8635	9965
8636	9593
8645	3741
8645	9592
8645	9845
8648	798
8648	2993
8648	3258
8648	3271
8648	6518
8648	6868
8648	8950
8648	9222
8648	9650
8649	8386
8649	8789
8649	9596
8649	9908
8649	9950
8657	714
8657	2187
8657	2217
8657	2288
8657	2319
8657	2896
8657	3063
8657	3730
8657	3759
8657	4282
8657	4324
8657	5573
8657	6924
8657	7197
8657	7260
8657	7825
8657	7955
8657	8000
8657	8260
8657	9224
8657	9226
8657	9247
8657	9389
8657	9525
8657	9828
8657	9924
8658	2037
8658	6121
8658	6609
8658	6846
8658	8564
8658	9024
8658	9242
8658	9281
8658	9540
8658	9881
8662	8950
8664	694
8664	6680
8664	9871
8672	2208
8672	6220
8672	7570
8672	8179
8672	8538
8672	9307
8672	9328
8672	9928
8672	9990
8688	1890
8688	2198
8688	7784
8688	7853
8688	8486
8688	8761
8688	9185
8688	9868
8688	9907
8697	4841
8697	8046
8697	9666
8704	6924
8704	9237
8704	9725
8706	2462
8706	6721
8722	2735
8722	7247
8722	9474
8724	3448
8724	4524
8724	6518
8724	6583
8724	6868
8724	7247
8724	8785
8724	8834
8724	8950
8724	9222
8724	9315
8724	9650
8727	800
8727	5803
8728	7577
8728	8617
8728	9264
8733	828
8733	3237
8733	5544
8733	5911
8733	7273
8733	8825
8733	9137
8733	9247
8733	9630
8733	9659
8733	9730
8734	2973
8734	3330
8734	8078
8734	8857
8734	8947
8734	9191
8734	9970
8747	6365
8747	7266
8747	8386
8747	9294
8747	9643
8747	9669
8761	716
8761	6268
8761	7853
8761	8486
8761	8688
8761	9185
8761	9868
8761	9907
8762	2816
8762	9533
8762	9628
8762	9960
8770	7881
8770	8515
8770	9338
8770	9661
8777	7067
8777	8467
8777	9864
8782	3271
8782	6749
8782	9722
8784	4028
8784	5960
8784	8448
8784	8546
8784	9379
8784	9665
8784	9687
8784	9884
8784	9965
8785	45
8785	652
8785	3148
8785	3271
8785	3350
8785	4524
8785	5603
8785	6583
8785	7330
8785	7731
8785	8724
8785	9187
8785	9315
8785	9345
8785	9990
8788	2084
8788	4846
8788	5174
8788	7034
8788	7062
8788	7935
8788	8179
8788	8538
8788	9328
8788	9925
8788	9928
8788	9990
8789	716
8789	8649
8790	6150
8790	9965
8797	6406
8797	9009
8797	9593
8802	7076
8813	3104
8813	3339
8813	3533
8813	4601
8813	5177
8813	5257
8813	6526
8813	7763
8813	9087
8813	9586
8813	9603
8813	9737
8816	412
8816	1856
8816	5612
8816	6134
8816	6993
8816	7724
8816	7964
8816	8014
8816	8304
8816	8372
8816	8949
8816	9046
8816	9274
8816	9311
8816	9669
8825	478
8825	5649
8825	7077
8825	7797
8825	8167
8825	8733
8825	9247
8825	9630
8825	9659
8831	5913
8831	7755
8831	8443
8831	9187
8831	9885
8831	9895
8834	7285
8834	7334
8834	7577
8834	8724
8837	6885
8837	8129
8837	9730
8837	9801
8844	7815
8844	7888
8844	7984
8844	8180
8844	9055
8844	9696
8844	9814
8857	6807
8857	7484
8857	8734
8857	9599
8862	1173
8862	5612
8862	7117
8862	7714
8862	8473
8868	5780
8868	6217
8868	7588
8873	1613
8873	2133
8873	8606
8873	9496
8873	9659
8873	9725
8875	2001
8875	6924
8875	8526
8875	9191
8875	9355
8875	9430
8875	9930
8875	9940
8878	47
8878	5545
8878	5760
8878	5926
8878	6132
8878	6320
8878	6721
8878	6749
8878	7486
8878	8011
8878	9349
8878	9646
8878	9734
8878	9821
8878	9917
8881	2173
8881	8513
8913	2652
8913	5623
8913	6296
8913	6885
8913	7425
8913	7764
8913	9474
8914	3702
8914	7247
8920	1071
8920	2918
8920	3237
8920	6283
8920	7284
8920	9439
8920	9650
8920	9666
8920	9827
8920	9845
8925	6565
8925	7197
8930	5078
8930	7919
8930	8063
8930	8098
8930	9910
8930	9930
8930	9993
8938	3436
8938	4198
8938	4671
8938	6217
8938	6283
8938	7930
8938	9650
8938	9655
8938	9748
8945	9003
8945	9038
8945	9097
8945	9215
8945	9998
8946	416
8946	3888
8946	4507
8946	5363
8946	6534
8946	7076
8946	7637
8946	8461
8946	9341
8946	9431
8947	3330
8947	5448
8947	6491
8947	7666
8947	8734
8947	9287
8947	9307
8947	9924
8949	510
8949	1158
8949	1856
8949	2654
8949	2735
8949	2962
8949	3150
8949	3435
8949	4978
8949	5960
8949	6993
8949	7724
8949	8014
8949	8304
8949	8372
8949	8443
8949	8816
8949	9046
8949	9311
8949	9339
8949	9727
8949	9821
8949	9995
8950	3148
8950	4242
8950	4524
8950	4714
8950	4833
8950	6518
8950	6868
8950	7352
8950	7731
8950	8648
8950	8662
8950	8724
8950	9222
8950	9315
8950	9650
8958	47
8958	1478
8958	1652
8958	1657
8958	1746
8958	2588
8958	4978
8958	5175
8958	5677
8958	6067
8958	6499
8958	6630
8958	7280
8958	7444
8958	7547
8958	7841
8958	8272
8958	8496
8958	8631
8958	9098
8958	9517
8958	9578
8958	9710
8958	9993
8986	6689
8993	1751
8993	1780
8993	3189
8993	4038
8993	6082
8993	6120
8993	6947
8993	7694
8993	7875
8993	8029
8993	9347
8993	9535
8993	9578
8993	9670
8993	9785
8993	9890
8993	9977
9003	5330
9003	7330
9003	8945
9003	9055
9003	9233
9003	9260
9009	6406
9009	8797
9009	9696
9014	311
9014	3436
9014	6521
9024	694
9024	2189
9024	3233
9024	5069
9024	5929
9024	6132
9024	8658
9024	9475
9024	9817
9035	420
9035	6185
9035	6406
9035	7701
9035	9274
9038	1815
9038	5032
9038	8945
9043	1173
9043	9910
9046	510
9046	1580
9046	3435
9046	7724
9046	8014
9046	8304
9046	8372
9046	8443
9046	8816
9046	8949
9046	9311
9046	9890
9055	1694
9055	5016
9055	5176
9055	7150
9055	7888
9055	8180
9055	8844
9055	9003
9055	9144
9055	9696
9055	9814
9055	9868
9055	9890
9055	9979
9065	4354
9065	6098
9065	8601
9065	9679
9065	9875
9068	9340
9082	6132
9082	6508
9082	9695
9082	9761
9082	9896
9087	1088
9087	2198
9087	3104
9087	3212
9087	4441
9087	4588
9087	4830
9087	5177
9087	5257
9087	6526
9087	7763
9087	8813
9087	9586
9087	9603
9087	9737
9090	2101
9090	6296
9090	8502
9090	9550
9090	9696
9097	1100
9097	1297
9097	1319
9097	2575
9097	2969
9097	3338
9097	4637
9097	5724
9097	6346
9097	6575
9097	6856
9097	7064
9097	7261
9097	7662
9097	7811
9097	7875
9097	8124
9097	8945
9097	9654
9097	9665
9097	9747
9097	9826
9097	9903
9097	9954
9098	253
9098	8958
9103	7284
9103	9340
9103	9363
9128	5152
9128	5237
9128	7180
9128	9340
9128	9519
9128	9599
9128	9632
9128	9738
9128	9817
9137	478
9137	628
9137	3237
9137	7077
9137	7797
9137	8733
9137	9247
9137	9630
9137	9646
9137	9659
9144	2978
9144	5176
9144	7811
9144	7815
9144	7888
9144	8180
9144	9055
9144	9339
9144	9696
9144	9814
9171	2196
9171	5728
9171	7474
9171	8434
9171	8486
9171	9960
9173	2288
9173	3839
9173	9260
9173	9670
9173	9740
9178	3496
9178	6132
9178	7701
9178	9768
9178	9965
9181	264
9181	6296
9181	7851
9181	8105
9181	8442
9181	9258
9181	9468
9181	9618
9181	9646
9182	9737
9185	6508
9185	6514
9185	7131
9185	7547
9185	7784
9185	8486
9185	8688
9185	8761
9185	9868
9185	9907
9187	3542
9187	6406
9187	6846
9187	8785
9187	8831
9187	9474
9189	5972
9189	9578
9191	911
9191	2001
9191	8734
9191	8875
9191	9340
9191	9355
9191	9430
9215	2593
9215	8945
9215	9533
9215	9965
9219	48
9219	5481
9219	6385
9219	8280
9219	8613
9219	9628
9219	9974
9220	9309
9220	9456
9220	9653
9220	9769
9220	9801
9220	9999
9222	652
9222	1613
9222	1890
9222	2790
9222	3271
9222	3448
9222	4833
9222	7330
9222	8648
9222	8724
9222	8950
9222	9315
9222	9586
9224	7959
9224	8657
9224	9747
9226	8657
9228	7930
9228	9696
9233	828
9233	6355
9233	7763
9233	9003
9233	9590
9233	9952
9235	6150
9235	7247
9235	7253
9235	8564
9235	9456
9235	9471
9235	9540
9235	9659
9235	9881
9237	6132
9237	8704
9237	9247
9240	9347
9240	9593
9242	4418
9242	7273
9242	8658
9242	9628
9247	7077
9247	8657
9247	8733
9247	8825
9247	9137
9247	9237
9247	9409
9247	9630
9247	9659
9247	9921
9254	5911
9254	7966
9258	6296
9258	7604
9258	7851
9258	9181
9258	9468
9258	9618
9260	3448
9260	9003
9260	9173
9264	243
9264	3595
9264	5780
9264	8728
9264	9941
9266	800
9266	7413
9266	9603
9274	420
9274	8816
9274	9035
9274	9965
9281	6117
9281	6871
9281	7750
9281	8658
9281	9643
9287	6491
9287	7064
9287	8386
9287	8947
9287	9307
9294	7119
9294	7614
9294	8747
9294	9729
9307	3330
9307	5845
9307	8672
9307	8947
9307	9287
9309	1580
9309	6012
9309	7117
9309	8179
9309	9220
9309	9337
9309	9606
9311	3148
9311	3150
9311	4418
9311	5612
9311	6355
9311	6993
9311	7724
9311	7964
9311	8014
9311	8304
9311	8372
9311	8443
9311	8816
9311	8949
9311	9046
9311	9687
9315	412
9315	1613
9315	2790
9315	2993
9315	3258
9315	3350
9315	4833
9315	5223
9315	6355
9315	6583
9315	7247
9315	8724
9315	8785
9315	8950
9315	9222
9315	9650
9324	1478
9324	5913
9324	7744
9324	8319
9324	8519
9324	9880
9326	253
9326	3476
9326	5446
9326	7767
9326	8290
9326	9345
9328	5174
9328	7034
9328	7570
9328	8015
9328	8538
9328	8672
9328	8788
9328	9550
9328	9849
9328	9925
9328	9928
9328	9990
9337	7474
9337	7763
9337	9309
9337	9737
9338	5262
9338	6689
9338	7052
9338	7331
9338	8244
9338	8770
9338	9895
9339	8574
9339	8949
9339	9144
9340	821
9340	1613
9340	2155
9340	2652
9340	3595
9340	4048
9340	5237
9340	5419
9340	6135
9340	6615
9340	6807
9340	7180
9340	9068
9340	9103
9340	9128
9340	9191
9340	9436
9340	9519
9340	9596
9340	9599
9340	9632
9340	9687
9340	9960
9341	7041
9341	7821
9341	8946
9341	9849
9345	3476
9345	7034
9345	8176
9345	8290
9345	8785
9345	9326
9345	9578
9345	9881
9347	1780
9347	3189
9347	3306
9347	4882
9347	6120
9347	6349
9347	7293
9347	7694
9347	8029
9347	8502
9347	8993
9347	9240
9347	9449
9347	9535
9347	9578
9347	9785
9347	9801
9347	9890
9347	9977
9349	908
9349	8878
9349	9653
9349	9849
9349	9898
9355	2001
9355	6594
9355	8875
9355	9191
9355	9379
9355	9430
9355	9941
9355	9974
9363	5022
9363	7524
9363	8152
9363	9103
9363	9575
9363	9737
9366	4577
9366	4806
9366	6406
9366	6802
9366	7524
9366	7635
9366	7778
9366	8190
9366	8232
9366	9489
9366	9846
9366	9921
9366	9970
9366	9979
9367	5069
9367	5152
9367	5623
9367	5929
9367	6513
9367	7150
9367	9655
9367	9817
9367	9950
9372	821
9372	2155
9372	3595
9372	7180
9372	7234
9372	8355
9372	9599
9372	9632
9372	9738
9372	9960
9379	4064
9379	5154
9379	7554
9379	8011
9379	8448
9379	8546
9379	8784
9379	9355
9379	9965
9388	4841
9388	6039
9388	6854
9389	7091
9389	8110
9389	8657
9389	9578
9409	3813
9409	3889
9409	8087
9409	9247
9409	9669
9409	9727
9409	9884
9409	9924
9409	9926
9409	9993
9422	911
9422	3355
9422	5446
9422	7755
9422	9968
9430	2001
9430	8875
9430	9191
9430	9355
9430	9998
9431	3888
9431	4507
9431	6534
9431	7076
9431	7637
9431	8461
9431	8946
9431	9729
9434	4904
9434	7371
9434	7740
9436	138
9436	3436
9436	3561
9436	6931
9436	9340
9439	6734
9439	7280
9439	7559
9439	7835
9439	8920
9439	9998
9441	976
9441	2215
9441	3923
9441	5110
9441	9849
9449	2140
9449	3306
9449	4462
9449	4608
9449	4882
9449	5907
9449	6892
9449	6947
9449	7168
9449	7853
9449	8029
9449	8547
9449	9347
9449	9535
9449	9578
9449	9785
9449	9801
9449	9890
9449	9977
9456	3813
9456	7323
9456	8617
9456	9220
9456	9235
9456	9653
9468	4507
9468	6296
9468	7851
9468	8442
9468	9181
9468	9258
9468	9578
9468	9618
9471	6150
9471	6609
9471	8564
9471	9235
9471	9881
9474	3891
9474	4886
9474	6885
9474	7425
9474	7524
9474	7764
9474	7955
9474	8319
9474	8574
9474	8722
9474	8913
9474	9187
9474	9890
9475	2007
9475	2959
9475	5603
9475	6382
9475	7711
9475	8126
9475	8461
9475	9024
9483	660
9483	2187
9483	2217
9483	2288
9483	2896
9483	3063
9483	3730
9483	3759
9483	4282
9483	4324
9483	5016
9483	5330
9483	5426
9483	5573
9483	6615
9483	6924
9483	7197
9483	8260
9483	9817
9483	9890
9486	3736
9486	5913
9486	6577
9486	8180
9486	9814
9486	9875
9488	3809
9488	4418
9488	9550
9488	9630
9489	4806
9489	5380
9489	6406
9489	6802
9489	7144
9489	7280
9489	7778
9489	8190
9489	9366
9489	9930
9489	9970
9489	9979
9496	2133
9496	8404
9496	8606
9496	8873
9496	9965
9499	4242
9499	5925
9499	6268
9499	7044
9499	8493
9499	9725
9517	6931
9517	7034
9517	8504
9517	8958
9517	9952
9519	6039
9519	6807
9519	7234
9519	8355
9519	9128
9519	9340
9519	9599
9519	9632
9519	9738
9525	4413
9525	5728
9525	6290
9525	7076
9525	8657
9525	9737
9525	9954
9533	1780
9533	4198
9533	8762
9533	9215
9533	9960
9535	3769
9535	4038
9535	4462
9535	5803
9535	5907
9535	6349
9535	6396
9535	7168
9535	7293
9535	7694
9535	7919
9535	8399
9535	8467
9535	8993
9535	9347
9535	9449
9535	9578
9535	9785
9535	9801
9535	9817
9535	9890
9535	9903
9535	9977
9540	6609
9540	7253
9540	8564
9540	8658
9540	9235
9540	9881
9550	3759
9550	9090
9550	9328
9550	9488
9550	9920
9561	2426
9561	6846
9561	7701
9561	7858
9561	8126
9561	8179
9563	311
9563	1153
9563	1770
9563	2097
9563	2934
9563	3565
9563	3634
9563	5668
9563	5981
9563	6565
9563	6687
9563	6776
9563	7091
9563	7179
9563	8014
9563	8386
9568	4340
9568	4576
9568	4721
9568	6053
9568	7076
9568	7875
9568	9730
9572	2155
9572	6752
9572	8404
9572	8420
9572	9999
9575	3258
9575	4416
9575	6513
9575	7154
9575	9363
9578	1751
9578	2189
9578	2617
9578	3005
9578	3306
9578	4038
9578	4608
9578	4818
9578	4882
9578	5086
9578	6178
9578	6206
9578	6264
9578	6277
9578	6349
9578	6371
9578	6892
9578	7666
9578	8029
9578	8179
9578	8215
9578	8467
9578	8958
9578	8993
9578	9189
9578	9345
9578	9347
9578	9389
9578	9449
9578	9468
9578	9535
9578	9620
9578	9785
9578	9801
9578	9890
9578	9977
9586	357
9586	1046
9586	2198
9586	3125
9586	3212
9586	3533
9586	4601
9586	4830
9586	5174
9586	5177
9586	5257
9586	6526
9586	7179
9586	7763
9586	8443
9586	8813
9586	9087
9586	9222
9586	9603
9586	9737
9587	6534
9587	7352
9587	9826
9590	1196
9590	2173
9590	5059
9590	5904
9590	5972
9590	7276
9590	9233
9590	9832
9592	6594
9592	7556
9592	8255
9592	8645
9592	9722
9592	9845
9592	9846
9593	11
9593	820
9593	4648
9593	4988
9593	6268
9593	6793
9593	7293
9593	7444
9593	7635
9593	8635
9593	8636
9593	8797
9593	9240
9596	6499
9596	7763
9596	8649
9596	9340
9596	9726
9596	9917
9599	6277
9599	7234
9599	8355
9599	8857
9599	9128
9599	9340
9599	9372
9599	9519
9599	9632
9599	9738
9599	9832
9603	357
9603	1046
9603	3104
9603	3125
9603	3212
9603	3339
9603	4588
9603	4601
9603	4830
9603	5177
9603	5257
9603	6526
9603	7637
9603	7763
9603	8813
9603	9087
9603	9266
9603	9586
9603	9737
9603	9868
9603	9921
9603	9982
9606	7505
9606	7577
9606	8280
9606	9309
9606	9655
9618	138
9618	6899
9618	8105
9618	8617
9618	9181
9618	9258
9618	9468
9620	4815
9620	9578
9628	48
9628	3542
9628	3891
9628	5481
9628	6793
9628	7635
9628	8280
9628	8564
9628	8762
9628	9219
9628	9242
9628	9846
9628	9864
9630	47
9630	478
9630	1410
9630	3237
9630	3476
9630	4340
9630	6322
9630	7076
9630	7077
9630	7484
9630	7797
9630	8733
9630	8825
9630	9137
9630	9247
9630	9488
9630	9659
9630	9868
9632	2994
9632	3595
9632	5363
9632	6135
9632	6277
9632	6807
9632	9128
9632	9340
9632	9372
9632	9519
9632	9599
9643	262
9643	1242
9643	2401
9643	3702
9643	3839
9643	6365
9643	6604
9643	6787
9643	8747
9643	9281
9643	9761
9643	9817
9643	9950
9646	1319
9646	8878
9646	9137
9646	9181
9646	9734
9646	9809
9646	9821
9650	45
9650	376
9650	1613
9650	1629
9650	1890
9650	1979
9650	1981
9650	2001
9650	2084
9650	2196
9650	2790
9650	2993
9650	3258
9650	3271
9650	3448
9650	3813
9650	4470
9650	5069
9650	5110
9650	5223
9650	6220
9650	6355
9650	6534
9650	6868
9650	7034
9650	7076
9650	7247
9650	7330
9650	7615
9650	7731
9650	7966
9650	8386
9650	8648
9650	8724
9650	8920
9650	8938
9650	8950
9650	9315
9650	9725
9653	6406
9653	9220
9653	9349
9653	9456
9654	3634
9654	6224
9654	8592
9654	9097
9655	47
9655	5237
9655	5623
9655	7150
9655	7588
9655	8938
9655	9367
9655	9606
9655	9817
9655	9930
9655	9937
9659	478
9659	5544
9659	5649
9659	7077
9659	7797
9659	8496
9659	8733
9659	8825
9659	8873
9659	9137
9659	9235
9659	9247
9659	9630
9659	9898
9661	6615
9661	7859
9661	7881
9661	8386
9661	8770
9661	9671
9661	9729
9661	9864
9665	2615
9665	2934
9665	2969
9665	6395
9665	6509
9665	6575
9665	8014
9665	8784
9665	9097
9665	9747
9665	9853
9666	2918
9666	3702
9666	7888
9666	8185
9666	8509
9666	8635
9666	8697
9666	8920
9666	9921
9669	8272
9669	8747
9669	8816
9669	9409
9670	3189
9670	5545
9670	8105
9670	8170
9670	8993
9670	9173
9670	9740
9671	4841
9671	6039
9671	6854
9671	9661
9679	2634
9679	4354
9679	4878
9679	6098
9679	6924
9679	8601
9679	9065
9679	9828
9687	7767
9687	8443
9687	8784
9687	9311
9687	9340
9695	3736
9695	3917
9695	6132
9695	6508
9695	9082
9695	9761
9696	82
9696	831
9696	1694
9696	2681
9696	2978
9696	5176
9696	5367
9696	5448
9696	6752
9696	7815
9696	7888
9696	8180
9696	8844
9696	9009
9696	9055
9696	9090
9696	9144
9696	9228
9696	9814
9696	9979
9710	11
9710	1746
9710	2588
9710	4428
9710	4978
9710	6067
9710	6630
9710	7504
9710	7547
9710	7662
9710	7841
9710	8496
9710	8631
9710	8958
9722	6749
9722	6924
9722	7001
9722	8782
9722	9592
9725	47
9725	4242
9725	7131
9725	8493
9725	8704
9725	8873
9725	9499
9725	9650
9725	9853
9726	357
9726	2173
9726	4675
9726	5972
9726	6499
9726	9596
9727	3813
9727	3889
9727	8000
9727	8949
9727	9409
9727	9884
9727	9924
9727	9926
9729	1780
9729	3555
9729	7119
9729	9294
9729	9431
9729	9661
9730	8733
9730	8837
9730	9568
9730	9846
9734	5760
9734	5926
9734	7486
9734	8878
9734	9646
9734	9821
9734	9875
9734	9880
9734	9954
9737	357
9737	1046
9737	1088
9737	2198
9737	2319
9737	2973
9737	3104
9737	3125
9737	3212
9737	3339
9737	3533
9737	4588
9737	4601
9737	4790
9737	4815
9737	4830
9737	5177
9737	5257
9737	6414
9737	6526
9737	6826
9737	7049
9737	7763
9737	8219
9737	8574
9737	8813
9737	9087
9737	9182
9737	9337
9737	9363
9737	9525
9737	9586
9737	9603
9737	9890
9737	9898
9738	2288
9738	2994
9738	5001
9738	5152
9738	5237
9738	5363
9738	6277
9738	6521
9738	7234
9738	8355
9738	9128
9738	9372
9738	9519
9738	9599
9738	9798
9738	9880
9738	9896
9738	9921
9738	9950
9740	48
9740	4418
9740	5347
9740	7821
9740	9173
9740	9670
9740	9769
9747	1297
9747	2969
9747	4637
9747	7875
9747	8124
9747	9097
9747	9224
9747	9665
9748	8420
9748	8938
9761	1698
9761	3917
9761	4416
9761	5926
9761	6132
9761	6508
9761	6889
9761	9082
9761	9643
9761	9695
9761	9896
9761	9950
9768	2790
9768	9178
9769	204
9769	908
9769	3555
9769	4081
9769	4324
9769	4912
9769	5176
9769	6509
9769	7290
9769	7416
9769	8185
9769	9220
9769	9740
9769	9968
9779	3917
9779	5247
9779	8386
9779	9856
9779	9974
9785	2189
9785	3189
9785	4038
9785	4462
9785	5907
9785	6349
9785	6396
9785	6892
9785	7168
9785	7293
9785	7974
9785	8993
9785	9347
9785	9449
9785	9535
9785	9578
9785	9801
9785	9890
9785	9977
9785	9979
9786	2408
9786	2867
9786	8562
9786	9798
9786	9898
9786	9974
9795	7119
9795	9993
9798	6294
9798	6534
9798	8515
9798	9738
9798	9786
9801	2189
9801	2313
9801	3008
9801	3256
9801	3602
9801	4088
9801	4416
9801	4462
9801	4882
9801	5907
9801	6120
9801	6349
9801	6396
9801	6892
9801	6947
9801	7168
9801	7293
9801	7694
9801	7974
9801	8029
9801	8837
9801	9220
9801	9347
9801	9449
9801	9535
9801	9578
9801	9785
9801	9890
9809	3741
9809	5032
9809	5351
9809	6534
9809	7119
9809	9646
9812	4865
9812	6871
9812	9940
9812	9974
9814	539
9814	1694
9814	2978
9814	5176
9814	7815
9814	7888
9814	8180
9814	8844
9814	9055
9814	9144
9814	9486
9814	9696
9817	3330
9817	5069
9817	5078
9817	5929
9817	7150
9817	9024
9817	9128
9817	9367
9817	9483
9817	9535
9817	9643
9817	9655
9821	1319
9821	5760
9821	8878
9821	8949
9821	9646
9821	9734
9821	9827
9826	1158
9826	7966
9826	9097
9826	9587
9827	8920
9827	9821
9827	9970
9828	7131
9828	7570
9828	7966
9828	8601
9828	8657
9828	9679
9831	1971
9831	7577
9831	7991
9831	8508
9831	9871
9832	1196
9832	2349
9832	5904
9832	5972
9832	7276
9832	7811
9832	9590
9832	9599
9832	9884
9845	4341
9845	8645
9845	8920
9845	9592
9846	625
9846	1327
9846	9366
9846	9592
9846	9628
9846	9730
9846	9990
9846	9999
9849	716
9849	976
9849	1368
9849	1928
9849	2215
9849	2615
9849	3923
9849	6776
9849	8176
9849	9328
9849	9341
9849	9349
9849	9441
9849	9937
9853	6924
9853	9665
9853	9725
9853	9998
9856	625
9856	2993
9856	4601
9856	7505
9856	7994
9856	8635
9856	9779
9856	9908
9856	9993
9863	5380
9863	8185
9864	48
9864	3542
9864	3891
9864	4675
9864	5481
9864	6680
9864	8280
9864	8777
9864	9628
9864	9661
9864	9925
9864	9995
9868	264
9868	625
9868	716
9868	2462
9868	3355
9868	3997
9868	4721
9868	5032
9868	5913
9868	7131
9868	7784
9868	7853
9868	8486
9868	8688
9868	8761
9868	9055
9868	9185
9868	9603
9868	9630
9868	9907
9871	694
9871	3838
9871	6680
9871	7157
9871	7316
9871	7835
9871	8015
9871	8664
9871	9831
9875	51
9875	3634
9875	3736
9875	6577
9875	7034
9875	7157
9875	8547
9875	9065
9875	9486
9875	9734
9880	962
9880	5847
9880	5913
9880	6453
9880	7744
9880	8319
9880	8519
9880	8564
9880	9324
9880	9734
9880	9738
9881	6150
9881	6609
9881	7253
9881	8658
9881	9235
9881	9345
9881	9471
9881	9540
9884	3813
9884	3889
9884	6185
9884	8784
9884	9409
9884	9727
9884	9832
9884	9924
9884	9926
9885	694
9885	7821
9885	8831
9885	9998
9890	1780
9890	3189
9890	4462
9890	4608
9890	4865
9890	4882
9890	5069
9890	5907
9890	5972
9890	6296
9890	6892
9890	7168
9890	7293
9890	7694
9890	8029
9890	8493
9890	8502
9890	8993
9890	9046
9890	9055
9890	9347
9890	9449
9890	9474
9890	9483
9890	9535
9890	9578
9890	9737
9890	9785
9890	9801
9890	9968
9890	9977
9895	7052
9895	8831
9895	9338
9896	45
9896	1812
9896	9082
9896	9738
9896	9761
9898	6167
9898	9349
9898	9659
9898	9737
9898	9786
9903	625
9903	2037
9903	4815
9903	9097
9903	9535
9903	9982
9907	264
9907	625
9907	716
9907	3997
9907	5032
9907	6514
9907	7131
9907	7784
9907	7853
9907	8486
9907	8688
9907	8761
9907	9185
9907	9868
9908	3258
9908	6117
9908	8649
9908	9856
9910	79
9910	539
9910	2523
9910	4325
9910	5078
9910	6946
9910	7577
9910	7724
9910	8098
9910	8930
9910	9043
9910	9930
9917	6185
9917	6594
9917	7763
9917	8878
9917	9596
9920	6382
9920	6396
9920	6826
9920	8407
9920	9550
9920	9965
9920	9998
9921	6453
9921	8509
9921	9247
9921	9366
9921	9603
9921	9666
9921	9738
9921	9947
9924	3813
9924	3889
9924	8657
9924	8947
9924	9409
9924	9727
9924	9884
9924	9926
9925	1407
9925	2173
9925	2350
9925	5174
9925	6220
9925	6689
9925	7034
9925	7062
9925	7570
9925	8014
9925	8179
9925	8538
9925	8788
9925	9328
9925	9864
9925	9928
9925	9990
9926	272
9926	3813
9926	8504
9926	9409
9926	9727
9926	9884
9926	9924
9928	2208
9928	2350
9928	3502
9928	4081
9928	6220
9928	6689
9928	7034
9928	7062
9928	7570
9928	8179
9928	8538
9928	8672
9928	8788
9928	9328
9928	9925
9928	9990
9930	539
9930	1633
9930	5078
9930	6946
9930	7577
9930	8063
9930	8098
9930	8875
9930	8930
9930	9489
9930	9655
9930	9910
9937	2959
9937	3042
9937	6277
9937	9655
9937	9849
9940	412
9940	4428
9940	4865
9940	7079
9940	7811
9940	8063
9940	8875
9940	9812
9940	9974
9941	5078
9941	8406
9941	8466
9941	9264
9941	9355
9941	9977
9947	1005
9947	5016
9947	5573
9947	7964
9947	9921
9947	9954
9950	2934
9950	3839
9950	4388
9950	5544
9950	6365
9950	7266
9950	8649
9950	9367
9950	9643
9950	9738
9950	9761
9952	3077
9952	6807
9952	8504
9952	9233
9952	9517
9952	9982
9954	6802
9954	9097
9954	9525
9954	9734
9954	9947
9960	8762
9960	9171
9960	9340
9960	9372
9960	9533
9964	2084
9964	3369
9964	5001
9964	6615
9965	87
9965	999
9965	3632
9965	4028
9965	4064
9965	4441
9965	4507
9965	4633
9965	5154
9965	5741
9965	6439
9965	6453
9965	7554
9965	7604
9965	7805
9965	7966
9965	8448
9965	8526
9965	8546
9965	8560
9965	8635
9965	8784
9965	8790
9965	9178
9965	9215
9965	9274
9965	9379
9965	9496
9965	9920
9968	911
9968	962
9968	2401
9968	3355
9968	3618
9968	5408
9968	5446
9968	7091
9968	7755
9968	7767
9968	8070
9968	8420
9968	8542
9968	9422
9968	9769
9968	9890
9970	1530
9970	2408
9970	4577
9970	4806
9970	5380
9970	6406
9970	6802
9970	7778
9970	8190
9970	8232
9970	8734
9970	9366
9970	9489
9970	9827
9970	9979
9974	4865
9974	7079
9974	9219
9974	9355
9974	9779
9974	9786
9974	9812
9974	9940
9977	1971
9977	2189
9977	2723
9977	3256
9977	3595
9977	4462
9977	4667
9977	5463
9977	5907
9977	6120
9977	6396
9977	6892
9977	6947
9977	7694
9977	8029
9977	8993
9977	9347
9977	9449
9977	9535
9977	9578
9977	9785
9977	9890
9977	9941
9979	1530
9979	2408
9979	4577
9979	4806
9979	5380
9979	5780
9979	6406
9979	6802
9979	7119
9979	7371
9979	7778
9979	8140
9979	8190
9979	8232
9979	9055
9979	9366
9979	9489
9979	9696
9979	9785
9979	9970
9982	454
9982	820
9982	908
9982	7144
9982	9603
9982	9903
9982	9952
9990	714
9990	2111
9990	2350
9990	3502
9990	5174
9990	6220
9990	6453
9990	6689
9990	7034
9990	7062
9990	7214
9990	8179
9990	8672
9990	8785
9990	8788
9990	9328
9990	9846
9990	9925
9990	9928
9993	8467
9993	8631
9993	8930
9993	8958
9993	9409
9993	9795
9993	9856
9995	79
9995	4125
9995	6565
9995	7554
9995	7891
9995	8949
9995	9864
9998	2215
9998	5237
9998	7280
9998	7559
9998	7835
9998	7858
9998	7959
9998	8542
9998	8945
9998	9430
9998	9439
9998	9853
9998	9885
9998	9920
9999	989
9999	1780
9999	6406
9999	9220
9999	9572
9999	9846
