20	811
20	2519
29	5016
29	7395
29	9470
42	6955
42	7048
42	8723
42	9915
68	7233
68	7844
68	9912
94	5221
94	8432
94	8718
94	9013
130	978
130	3038
130	5082
156	9406
182	9393
182	9901
200	7162
200	9033
252	5341
252	5445
252	8511
253	2155
253	2748
253	2948
253	7465
253	9098
253	9326
253	9743
260	5284
260	9836
273	4145
273	6058
300	8234
316	1832
316	7467
316	9896
335	3447
335	9972
354	2982
354	3374
354	3824
354	5596
354	7549
354	7672
354	9918
359	2123
359	3216
359	9882
364	8692
434	8964
434	9403
434	9619
434	9874
489	9310
489	9880
505	6058
505	8374
505	9074
524	8136
524	8835
524	9526
552	4579
552	5895
552	6163
552	8539
552	9763
574	9219
574	9757
574	9864
597	3583
597	4858
597	7266
597	8989
597	9417
656	1748
656	3298
656	9855
671	8539
671	9210
686	6851
686	9423
686	9909
704	7266
714	7048
714	8051
714	8485
741	6685
741	7233
741	9947
744	9114
757	6107
757	7418
757	9141
757	9310
764	8194
764	9639
764	9929
768	2691
768	9768
768	9788
768	9939
780	5099
780	6378
780	7509
780	9935
783	8539
785	5460
785	6645
785	9606
785	9882
785	9896
785	9926
811	20
811	1242
811	1827
811	5973
811	7233
811	7844
811	9964
820	6266
820	9714
882	8373
885	5654
885	9445
930	9921
940	7671
940	9516
941	6184
941	7594
941	8887
941	9753
952	9661
978	130
978	5082
978	9058
978	9639
978	9929
986	1858
986	6628
1005	9947
1007	5341
1007	6103
1007	7465
1053	5284
1053	6138
1053	9836
1070	4392
1070	9909
1078	6684
1078	7465
1078	9608
1080	7919
1087	2862
1087	7395
1087	8763
1095	7495
1095	7665
1095	9513
1095	9921
1110	2721
1110	7824
1129	7465
1129	7975
1129	9098
1201	4166
1201	9022
1201	9619
1201	9874
1218	5953
1233	8234
1238	3447
1238	9858
1242	811
1242	5592
1242	6413
1248	1394
1248	7672
1248	7877
1261	5001
1261	7048
1261	9912
1276	7379
1276	9974
1292	5445
1292	9310
1292	9980
1310	6428
1310	8808
1310	9100
1310	9491
1319	9548
1336	8692
1378	3622
1378	5895
1378	7937
1378	8600
1382	9947
1389	3715
1389	4984
1389	8117
1389	8835
1394	1248
1394	3290
1394	4832
1394	5438
1394	5842
1394	6615
1394	9691
1418	4796
1418	7233
1418	8080
1418	9912
1418	9915
1418	9964
1452	2122
1452	2721
1452	4220
1452	6103
1452	7160
1452	9307
1452	9964
1473	3966
1473	9896
1485	3680
1498	9219
1498	9864
1498	9918
1515	1990
1540	8692
1542	1858
1542	9033
1542	9921
1549	3817
1549	5592
1549	8774
1549	9477
1549	9950
1610	6955
1610	8064
1610	8723
1610	9964
1615	3493
1615	6564
1615	9748
1643	3070
1643	4291
1663	4911
1663	7048
1684	6506
1714	2796
1714	6027
1714	8718
1714	8835
1714	9011
1714	9033
1714	9408
1714	9934
1741	8600
1748	656
1748	6405
1748	6673
1748	7727
1748	9150
1748	9721
1748	9855
1759	6875
1759	8835
1759	9582
1774	7048
1801	7004
1827	811
1832	316
1832	4653
1832	7284
1832	9854
1843	8250
1843	8484
1843	9756
1858	986
1858	1542
1858	8374
1858	8601
1858	9035
1858	9336
1858	9840
1858	9921
1891	8196
1891	8332
1891	9836
1892	6161
1892	6505
1892	8808
1892	8827
1892	9100
1898	5072
1898	6645
1898	7901
1898	8470
1898	9732
1898	9974
1898	9980
1942	6506
1942	8852
1942	9905
1946	2863
1946	6402
1984	8297
1984	8878
1984	9548
1988	8265
1988	9619
1990	1515
1990	3095
1990	6009
1990	6137
1990	8188
1990	8608
1990	8680
1990	9565
2004	8539
2004	9631
2040	7771
2040	9825
2060	7241
2060	9949
2076	9738
2076	9776
2092	8474
2092	8697
2120	3235
2120	7124
2120	9734
2121	3075
2121	6853
2121	6975
2121	7236
2121	8600
2121	9421
2122	1452
2123	359
2123	8332
2149	4307
2149	6384
2155	253
2155	9340
2155	9372
2159	3102
2159	8064
2159	8885
2159	9912
2187	9483
2196	4878
2196	7919
2219	6506
2219	9417
2270	3298
2270	3811
2270	8774
2329	2545
2329	8373
2329	9934
2334	3198
2334	8373
2334	9139
2334	9628
2334	9972
2348	8234
2381	8373
2391	5445
2391	9907
2419	8234
2419	8806
2477	8591
2512	6058
2512	7476
2519	20
2519	5709
2519	9756
2545	2329
2545	6043
2545	6320
2545	7193
2545	8916
2580	3088
2580	7488
2580	9780
2580	9896
2604	6266
2604	8806
2620	7844
2620	8003
2620	9514
2631	9619
2631	9628
2631	9757
2643	6405
2643	7698
2643	8723
2643	9905
2643	9912
2680	8723
2691	768
2691	3580
2691	6788
2691	6875
2691	7342
2691	8835
2691	9178
2691	9582
2711	9074
2711	9921
2721	1110
2721	1452
2721	9565
2730	6645
2730	9119
2730	9909
2730	9915
2730	9964
2740	5654
2748	253
2748	9426
2771	8234
2771	9779
2796	1714
2805	8539
2820	9423
2820	9738
2826	5953
2861	9666
2861	9921
2862	1087
2862	7395
2862	9732
2863	1946
2863	4489
2863	7598
2863	7665
2863	8123
2863	8596
2863	8702
2863	9513
2863	9941
2868	8234
2873	7021
2873	7284
2873	7302
2873	8706
2890	4858
2890	7134
2890	8989
2890	9980
2896	8539
2896	9483
2921	9020
2921	9114
2948	253
2948	7465
2965	8774
2965	9149
2965	9950
2982	354
2982	3983
2982	6645
2982	8553
2982	9516
2982	9656
2994	6214
2994	9461
2994	9738
3007	4878
3007	6266
3007	7385
3007	8045
3007	8908
3007	9219
3007	9628
3007	9757
3007	9864
3030	7486
3030	8878
3030	9548
3038	130
3038	7804
3058	5654
3058	8015
3058	8887
3058	9753
3070	1643
3070	7379
3075	2121
3075	7937
3075	8525
3075	8948
3075	9855
3088	2580
3088	8119
3088	9896
3095	1990
3102	2159
3102	7048
3102	7561
3102	7698
3102	9915
3105	7780
3105	9310
3119	7162
3143	6471
3143	9912
3152	6842
3152	7024
3152	7443
3152	7671
3152	7887
3152	8273
3152	9513
3158	8774
3163	5113
3198	2334
3198	7671
3198	9013
3198	9139
3198	9972
3216	359
3216	9882
3235	2120
3235	7495
3235	9548
3290	1394
3290	8442
3290	9691
3298	656
3298	2270
3360	7233
3362	8234
3374	354
3374	9113
3375	9896
3387	6129
3387	7233
3387	9130
3387	9901
3387	9907
3387	9935
3389	5082
3391	9912
3421	5660
3421	9545
3427	5996
3427	6491
3427	9836
3428	7233
3428	9409
3428	9727
3428	9926
3444	9208
3444	9768
3444	9788
3444	9939
3445	6564
3445	8936
3445	9780
3447	335
3447	1238
3447	4575
3447	5113
3447	6766
3447	7798
3447	9708
3447	9714
3447	9858
3458	7284
3468	8835
3477	7705
3477	8539
3493	1615
3493	7509
3493	8850
3493	9748
3538	7804
3538	9217
3541	7671
3557	8436
3557	8747
3557	8774
3573	8539
3573	9637
3580	2691
3580	6184
3580	9715
3582	7133
3582	8835
3582	9534
3583	597
3583	9921
3592	7124
3592	9856
3602	7379
3602	9491
3622	1378
3622	8702
3623	6560
3623	8251
3623	9619
3680	1485
3680	4796
3680	5001
3680	7087
3680	7906
3680	8885
3680	9330
3680	9421
3680	9539
3680	9958
3715	1389
3715	5082
3715	9584
3721	7771
3721	9363
3721	9825
3731	5356
3731	6471
3731	7185
3731	9964
3785	7206
3785	8525
3785	8600
3785	8948
3785	9254
3811	2270
3811	5873
3817	1549
3817	8501
3821	5001
3824	354
3837	5598
3837	8309
3837	9114
3837	9792
3838	6015
3839	5045
3839	7266
3839	9784
3839	9950
3858	7771
3858	9217
3866	6564
3866	8453
3871	5445
3883	5709
3883	9403
3883	9619
3883	9655
3883	9874
3897	8878
3897	9406
3897	9947
3899	8234
3919	5761
3919	8373
3919	9139
3919	9784
3919	9972
3925	4984
3925	8600
3928	4088
3928	6615
3928	7665
3931	5128
3931	6387
3931	8763
3958	8539
3958	9637
3966	1473
3966	7488
3966	9896
3983	2982
3983	9764
3997	5769
3997	9619
3997	9907
4019	5223
4019	8692
4027	9639
4038	5953
4066	8600
4088	3928
4088	7804
4088	9715
4108	8045
4108	9834
4108	9896
4123	6320
4123	8035
4133	5656
4133	8051
4133	9639
4133	9929
4137	9137
4137	9738
4145	273
4145	7465
4155	6389
4155	7887
4155	9490
4155	9521
4155	9619
4155	9724
4155	9874
4166	1201
4166	4782
4166	5827
4166	8165
4166	8700
4166	9208
4166	9768
4166	9788
4166	9939
4183	4858
4183	9514
4191	4381
4191	5750
4191	7048
4214	7162
4220	1452
4220	8204
4220	9463
4248	4858
4248	7877
4249	8234
4261	5221
4291	1643
4291	6645
4291	8647
4301	7379
4301	9306
4307	2149
4307	6564
4307	8796
4307	9746
4324	9483
4381	4191
4381	5750
4381	9639
4381	9727
4392	1070
4392	7337
4392	8194
4392	9639
4422	4575
4422	8679
4422	8908
4422	9131
4422	9912
4423	5020
4423	7395
4423	8624
4423	8763
4423	9470
4423	9854
4428	6428
4428	7504
4428	7662
4428	7841
4439	9694
4439	9921
4449	7804
4449	9301
4449	9649
4459	6184
4476	8774
4476	8981
4476	9796
4478	8309
4478	8872
4478	9792
4488	9738
4488	9776
4489	2863
4489	9513
4489	9934
4494	5445
4494	7418
4494	7975
4495	7671
4512	7509
4512	8959
4537	6138
4537	8332
4537	9836
4565	7379
4565	8237
4572	8702
4572	8861
4575	3447
4575	4422
4575	9141
4575	9864
4579	552
4579	7087
4579	8309
4579	9020
4606	7465
4616	7379
4616	9687
4616	9949
4628	6590
4628	9548
4631	8539
4636	8373
4636	9641
4653	1832
4653	6058
4653	8706
4653	9757
4653	9854
4664	7476
4664	8263
4664	9310
4676	5445
4676	8189
4676	9316
4722	6320
4722	9840
4722	9856
4744	5445
4782	4166
4782	7266
4782	8774
4782	9119
4782	9950
4791	7986
4791	9406
4796	1418
4796	3680
4796	9130
4796	9935
4801	7418
4801	7471
4801	9310
4806	7395
4806	8190
4806	8783
4806	9489
4806	9970
4832	1394
4849	7284
4849	7651
4849	9691
4849	9854
4858	597
4858	2890
4858	4183
4858	4248
4858	6506
4858	6828
4858	7136
4858	8666
4858	9081
4858	9417
4858	9916
4875	7379
4875	8424
4875	8721
4875	9150
4875	9855
4878	2196
4878	3007
4878	6720
4893	6564
4893	7561
4893	9926
4907	9406
4911	1663
4911	6214
4911	8250
4911	9756
4916	7961
4916	8539
4916	8828
4916	9628
4916	9864
4916	9918
4917	8766
4917	9487
4917	9921
4984	1389
4984	3925
4984	8117
4984	8835
4984	8865
4984	9017
4985	7698
4985	8373
4985	9972
5001	1261
5001	3680
5001	3821
5001	6071
5001	6955
5001	8723
5001	9119
5001	9738
5001	9915
5001	9964
5002	8384
5002	9310
5016	29
5016	9483
5016	9947
5020	4423
5020	7395
5020	7757
5020	9470
5020	9854
5024	5421
5024	7771
5024	8234
5024	9149
5026	6058
5026	8753
5044	9363
5044	9451
5044	9825
5045	3839
5045	9915
5072	1898
5072	9103
5072	9655
5075	7024
5075	8373
5075	8847
5075	9972
5082	130
5082	978
5082	3389
5082	3715
5082	5480
5082	5713
5082	6615
5082	8051
5082	8194
5082	8485
5082	9639
5082	9929
5086	7284
5095	7233
5099	780
5099	8234
5099	8828
5113	3163
5113	3447
5113	6645
5113	7561
5113	8064
5113	9915
5113	9964
5128	3931
5128	6405
5128	7395
5128	7612
5128	9007
5132	6506
5132	6828
5132	7134
5132	8910
5132	8989
5132	9417
5134	5884
5134	9548
5134	9905
5144	7395
5144	8763
5144	9470
5153	7650
5153	7655
5153	9357
5153	9406
5199	8251
5199	9528
5199	9939
5221	94
5221	4261
5221	5561
5221	8852
5221	9825
5223	4019
5223	7726
5223	9619
5233	9882
5237	9340
5237	9655
5237	9738
5237	9776
5238	8189
5238	8697
5238	9219
5238	9776
5243	7233
5256	8035
5256	9882
5279	7804
5279	9032
5284	260
5284	1053
5284	5996
5284	7974
5284	8332
5284	9836
5301	9310
5301	9489
5303	8119
5303	9127
5303	9792
5303	9896
5329	7919
5341	252
5341	1007
5341	9608
5341	9639
5346	9119
5346	9840
5356	3731
5382	8237
5382	8872
5382	8915
5382	9020
5382	9114
5382	9763
5383	7824
5383	8117
5383	8940
5383	9526
5383	9582
5384	7832
5384	9882
5394	7509
5394	9827
5416	7043
5416	7509
5416	8484
5416	8959
5416	9743
5416	9748
5421	5024
5421	8453
5421	9149
5423	6184
5423	7701
5423	8015
5423	8887
5423	9753
5424	6163
5424	9639
5425	7081
5425	8189
5425	8474
5435	8028
5435	8234
5438	1394
5438	8470
5438	9340
5438	9882
5445	252
5445	1292
5445	2391
5445	3871
5445	4494
5445	4676
5445	4744
5445	6216
5445	7465
5445	8332
5445	8511
5445	9834
5455	7266
5455	7974
5455	8955
5460	785
5460	9584
5460	9606
5460	9802
5480	5082
5480	7576
5480	8133
5480	8604
5498	6384
5498	9607
5499	5654
5500	6566
5500	8692
5501	8692
5501	9013
5501	9027
5501	9127
5501	9255
5501	9316
5502	7486
5502	8878
5502	9548
5525	7671
5525	9490
5533	7266
5533	9606
5549	7783
5549	8234
5549	8687
5549	9014
5549	9293
5549	9295
5549	9353
5549	9688
5549	9690
5552	7418
5552	7476
5552	7780
5552	7906
5552	9310
5556	6192
5556	6634
5556	8723
5556	9208
5556	9768
5556	9788
5561	5221
5561	9840
5561	9905
5580	9909
5592	1242
5592	1549
5592	8436
5592	8774
5592	9779
5592	9950
5596	354
5596	8828
5596	9656
5598	3837
5598	5654
5598	7259
5598	9344
5648	6564
5654	885
5654	2740
5654	3058
5654	5499
5654	5598
5654	6358
5654	6972
5654	7061
5654	7162
5654	8251
5654	8893
5654	9031
5654	9784
5656	4133
5656	6645
5656	7337
5656	8194
5656	9639
5656	9900
5656	9929
5660	3421
5660	6180
5660	7385
5660	7576
5660	8258
5660	9402
5660	9409
5660	9619
5676	7509
5676	7782
5686	7844
5686	8222
5686	8723
5686	9912
5686	9915
5708	6161
5708	6428
5708	9100
5708	9491
5709	2519
5709	3883
5709	6163
5709	7528
5709	8473
5709	8964
5709	9403
5709	9423
5709	9479
5709	9619
5709	9724
5709	9811
5709	9900
5713	5082
5713	8165
5750	4191
5750	4381
5750	9619
5761	3919
5761	7671
5761	8373
5761	9972
5769	3997
5769	7504
5769	8003
5769	8539
5769	9210
5769	9344
5778	9113
5778	9114
5807	6789
5807	8600
5823	9163
5823	9265
5823	9403
5823	9548
5823	9724
5823	9755
5827	4166
5827	8119
5842	1394
5842	7792
5873	3811
5873	8955
5873	9077
5873	9363
5873	9451
5873	9479
5873	9489
5873	9825
5875	6962
5875	8188
5875	9516
5884	5134
5884	9219
5884	9628
5884	9757
5884	9864
5884	9918
5894	7804
5894	8883
5894	9715
5895	552
5895	1378
5895	6975
5895	7214
5895	8600
5909	7509
5926	8835
5926	8878
5926	9548
5926	9734
5934	7162
5934	9896
5953	1218
5953	2826
5953	4038
5953	6380
5953	6720
5953	7759
5953	7814
5953	7951
5953	8600
5953	8604
5953	9487
5953	9631
5953	9682
5953	9779
5956	9836
5960	6058
5960	6967
5960	7838
5960	9854
5971	6163
5971	6266
5971	9403
5971	9619
5973	811
5973	7782
5996	3427
5996	5284
5996	6138
5996	6566
5996	8332
5996	9403
5996	9836
6009	1990
6009	6410
6009	9641
6015	3838
6015	7587
6015	7719
6015	9296
6015	9900
6015	9964
6021	8473
6021	9882
6027	1714
6043	2545
6043	6320
6043	9356
6049	8115
6049	8188
6049	9528
6055	9548
6055	9724
6058	273
6058	505
6058	2512
6058	4653
6058	5026
6058	5960
6058	6645
6058	6967
6058	7284
6058	7302
6058	8692
6058	8706
6058	8987
6058	9854
6071	5001
6077	9788
6103	1007
6103	1452
6103	8734
6103	8849
6107	757
6107	7418
6107	7476
6107	7780
6107	7906
6107	9310
6115	7488
6115	7691
6115	9035
6115	9896
6129	3387
6129	8501
6129	9130
6137	1990
6138	1053
6138	4537
6138	5996
6138	8332
6138	8601
6138	9836
6161	1892
6161	5708
6161	6428
6161	6615
6161	8808
6161	9100
6161	9491
6163	552
6163	5424
6163	5709
6163	5971
6163	8964
6163	9163
6163	9694
6163	9724
6163	9874
6180	5660
6180	9561
6184	941
6184	3580
6184	4459
6184	5423
6184	7198
6184	7594
6184	8015
6184	8442
6184	8887
6184	9753
6192	5556
6192	9208
6192	9768
6192	9788
6192	9825
6192	9939
6194	7704
6194	8234
6194	9408
6214	2994
6214	4911
6214	9119
6214	9461
6214	9738
6214	9776
6216	5445
6216	7975
6216	9608
6217	6640
6217	9619
6254	8413
6254	9461
6254	9694
6254	9882
6266	820
6266	2604
6266	3007
6266	5971
6266	6590
6266	7081
6266	8204
6266	9022
6266	9619
6266	9724
6266	9755
6285	6826
6285	7379
6285	9612
6300	8948
6318	6604
6318	6711
6318	7266
6318	8436
6318	8747
6318	9950
6320	2545
6320	4123
6320	4722
6320	6043
6320	7193
6320	7467
6320	8304
6320	8545
6320	8702
6320	8822
6320	8878
6331	8064
6331	9058
6331	9714
6348	6773
6348	7832
6348	8035
6348	9882
6358	5654
6358	8700
6358	8783
6378	780
6378	6384
6378	8887
6378	9874
6379	9114
6379	9792
6380	5953
6380	6720
6380	9487
6384	2149
6384	5498
6384	6378
6384	7233
6384	7705
6387	3931
6387	7347
6387	8539
6387	8827
6387	9637
6389	4155
6389	9163
6389	9403
6389	9619
6389	9724
6389	9755
6402	1946
6402	9655
6402	9825
6405	1748
6405	2643
6405	5128
6405	8064
6405	9020
6405	9119
6405	9912
6405	9915
6405	9921
6405	9964
6410	6009
6410	8188
6410	8948
6410	9641
6410	9980
6413	1242
6413	7266
6413	7986
6413	9477
6413	9715
6428	1310
6428	4428
6428	5708
6428	6161
6428	6888
6428	7701
6428	7841
6428	7853
6428	8365
6428	8698
6428	8808
6428	9100
6428	9491
6445	8948
6457	6651
6457	6842
6457	7443
6457	8373
6457	8847
6457	9972
6471	3143
6471	3731
6471	7185
6491	3427
6491	8850
6491	9275
6505	1892
6505	7594
6505	8015
6505	8887
6505	9753
6506	1684
6506	1942
6506	2219
6506	4858
6506	5132
6506	6828
6506	7134
6506	7226
6506	7691
6506	8188
6506	8989
6506	9406
6506	9417
6506	9834
6525	8373
6531	9219
6531	9628
6531	9864
6531	9918
6556	7048
6556	7598
6556	8618
6560	3623
6560	7054
6560	8309
6560	9020
6560	9114
6560	9296
6560	9792
6564	1615
6564	3445
6564	3866
6564	4307
6564	4893
6564	5648
6564	7469
6564	7827
6564	8721
6564	8796
6564	8835
6564	8936
6564	9088
6564	9746
6564	9780
6566	5500
6566	5996
6566	7579
6566	9825
6567	8332
6590	4628
6590	6266
6590	8204
6590	9265
6590	9403
6590	9755
6590	9874
6593	7705
6593	7804
6593	9539
6593	9715
6604	6318
6604	6711
6604	8774
6604	9477
6608	7824
6608	8965
6608	9732
6614	7940
6614	8232
6614	8835
6615	1394
6615	3928
6615	5082
6615	6161
6615	7233
6615	7465
6615	7844
6615	8222
6615	8723
6615	9119
6615	9340
6615	9483
6615	9661
6615	9912
6615	9964
6628	986
6628	7266
6628	8374
6628	8920
6628	9074
6628	9666
6634	5556
6634	9768
6634	9788
6634	9939
6640	6217
6640	7043
6640	8384
6640	9265
6640	9619
6640	9755
6640	9874
6643	7214
6643	8827
6643	8964
6643	9022
6643	9163
6643	9619
6643	9724
6643	9755
6645	785
6645	1898
6645	2730
6645	2982
6645	4291
6645	5113
6645	5656
6645	6058
6645	7233
6645	8222
6645	8835
6645	9119
6645	9825
6645	9912
6645	9915
6645	9964
6651	6457
6651	7782
6651	8373
6651	8847
6651	9972
6673	1748
6673	9721
6684	1078
6684	7465
6684	8511
6684	9098
6684	9545
6684	9608
6685	741
6685	9947
6699	9275
6701	8373
6711	6318
6711	6604
6711	7266
6711	9477
6711	9666
6711	9950
6720	4878
6720	5953
6720	6380
6720	8893
6720	9487
6752	9114
6764	7650
6764	7655
6764	8978
6764	9406
6766	3447
6766	8045
6766	8910
6766	9565
6766	9656
6773	6348
6773	8332
6788	2691
6788	9935
6789	5807
6789	8064
6801	8553
6802	7778
6802	8783
6802	9489
6802	9521
6802	9970
6826	6285
6826	9393
6826	9855
6828	4858
6828	5132
6828	6506
6828	8989
6828	9417
6837	9020
6842	3152
6842	6457
6842	7671
6842	7889
6842	8373
6842	8847
6842	9949
6842	9972
6851	686
6851	7124
6851	7844
6851	8604
6853	2121
6853	6943
6853	7757
6853	8188
6853	8600
6853	8608
6853	8702
6853	9341
6853	9641
6875	1759
6875	2691
6875	8940
6875	8997
6875	9017
6875	9406
6875	9582
6879	7672
6879	8718
6879	9219
6879	9296
6879	9490
6888	6428
6888	9827
6895	7043
6895	7509
6895	8469
6895	8484
6895	8959
6895	9612
6895	9748
6905	8234
6922	7812
6922	9103
6922	9208
6922	9768
6922	9788
6922	9939
6923	7701
6923	8136
6923	8835
6923	9017
6923	9526
6937	8700
6937	9896
6937	9926
6937	9995
6943	6853
6943	7780
6943	9022
6943	9024
6943	9451
6943	9655
6943	9896
6955	42
6955	1610
6955	5001
6955	8064
6955	8222
6955	9119
6955	9915
6955	9964
6962	5875
6962	7395
6962	7651
6962	9330
6962	9516
6966	8035
6966	9882
6966	9950
6967	5960
6967	6058
6967	7021
6967	7651
6967	8706
6967	8997
6967	9594
6967	9655
6967	9738
6967	9854
6972	5654
6972	7061
6972	7579
6972	7656
6972	7970
6972	8317
6972	8893
6972	9784
6975	2121
6975	5895
6975	7757
6975	8188
6975	8702
7004	1801
7004	7877
7004	7940
7004	8188
7004	8432
7004	8865
7004	9949
7021	2873
7021	6967
7021	7284
7021	7651
7021	8706
7024	3152
7024	5075
7024	7198
7024	7671
7024	7889
7024	9139
7024	9548
7024	9972
7036	7824
7039	8940
7039	9619
7043	5416
7043	6640
7043	6895
7043	7509
7043	8469
7043	8484
7043	9748
7045	8417
7045	8915
7045	9344
7045	9896
7048	42
7048	714
7048	1261
7048	1663
7048	1774
7048	3102
7048	4191
7048	6556
7048	7844
7048	8064
7048	8222
7048	8505
7048	9119
7048	9915
7048	9964
7054	6560
7054	7906
7054	8915
7054	8978
7054	9020
7054	9114
7054	9213
7054	9792
7061	5654
7061	6972
7061	9031
7061	9784
7081	5425
7081	6266
7081	9217
7087	3680
7087	4579
7087	8989
7087	9421
7087	9539
7087	9958
7095	7824
7095	9439
7124	2120
7124	3592
7124	6851
7124	7782
7124	8028
7124	8051
7124	9532
7124	9840
7124	9856
7133	3582
7133	8600
7133	9534
7133	9880
7134	2890
7134	5132
7134	6506
7134	7705
7134	7937
7134	8989
7134	9417
7136	4858
7160	1452
7160	9892
7162	200
7162	3119
7162	4214
7162	5654
7162	5934
7162	7379
7162	7656
7162	8317
7162	8624
7162	9031
7162	9595
7162	9784
7162	9964
7176	9639
7185	3731
7185	6471
7193	2545
7193	6320
7193	9713
7198	6184
7198	7024
7206	3785
7206	7266
7206	9779
7214	5895
7214	6643
7214	9210
7226	6506
7226	7827
7226	8865
7233	68
7233	741
7233	811
7233	1418
7233	3360
7233	3387
7233	3428
7233	5095
7233	5243
7233	6384
7233	6615
7233	6645
7233	8723
7233	9426
7233	9603
7233	9912
7233	9915
7233	9964
7236	2121
7236	7594
7236	8885
7236	9539
7236	9958
7241	2060
7241	8188
7241	8886
7241	9463
7244	8774
7259	5598
7259	7284
7259	8852
7259	9328
7259	9905
7265	8723
7265	9712
7266	597
7266	704
7266	3839
7266	4782
7266	5455
7266	5533
7266	6318
7266	6413
7266	6628
7266	6711
7266	7206
7266	7662
7266	8747
7266	8774
7266	8886
7266	9477
7266	9950
7266	9972
7284	1832
7284	2873
7284	3458
7284	4849
7284	5086
7284	6058
7284	7021
7284	7259
7284	7651
7284	8920
7284	9103
7284	9408
7284	9594
7284	9854
7302	2873
7302	6058
7302	8706
7302	9854
7337	4392
7337	5656
7337	8194
7337	8424
7337	9639
7337	9929
7342	2691
7342	9669
7342	9712
7347	6387
7347	8539
7347	9210
7347	9344
7347	9637
7368	7465
7368	8865
7368	9545
7368	9694
7369	8332
7369	9811
7379	1276
7379	3070
7379	3602
7379	4301
7379	4565
7379	4616
7379	4875
7379	6285
7379	7162
7379	8080
7379	8133
7379	8237
7379	9855
7385	3007
7385	5660
7395	29
7395	1087
7395	2862
7395	4423
7395	4806
7395	5020
7395	5128
7395	5144
7395	6962
7395	7487
7395	7612
7395	8501
7395	8763
7395	9649
7395	9708
7418	757
7418	4494
7418	4801
7418	5552
7418	6107
7418	7471
7418	9310
7418	9628
7418	9907
7443	3152
7443	6457
7443	7671
7443	7981
7443	8847
7443	9972
7445	8612
7445	8692
7445	9013
7445	9027
7445	9127
7445	9255
7445	9316
7465	253
7465	1007
7465	1078
7465	1129
7465	2948
7465	4145
7465	4606
7465	5445
7465	6615
7465	6684
7465	7368
7465	7722
7465	7975
7465	8221
7465	8511
7465	9266
7465	9608
7465	9926
7465	9928
7467	316
7467	6320
7467	9033
7467	9713
7469	6564
7469	8721
7469	8936
7469	9746
7469	9780
7471	4801
7471	7418
7471	7906
7471	9310
7476	2512
7476	4664
7476	5552
7476	6107
7476	8263
7476	9310
7482	8251
7482	9310
7486	3030
7486	5502
7486	8474
7486	8878
7486	9548
7486	9734
7486	9935
7487	7395
7487	8150
7487	9708
7487	9713
7487	9929
7488	2580
7488	3966
7488	6115
7488	8190
7488	9896
7494	7824
7494	8174
7494	9017
7494	9178
7494	9548
7494	9582
7494	9712
7495	1095
7495	3235
7495	9548
7495	9734
7504	4428
7504	5769
7504	7662
7504	8496
7504	8600
7509	780
7509	3493
7509	4512
7509	5394
7509	5416
7509	5676
7509	5909
7509	6895
7509	7043
7509	8420
7509	8469
7509	8484
7509	8959
7509	9393
7509	9612
7509	9669
7509	9713
7509	9748
7509	9834
7528	5709
7528	9363
7549	354
7549	7672
7549	8505
7561	3102
7561	4893
7561	5113
7561	7698
7561	8064
7561	8723
7561	9119
7561	9687
7561	9912
7561	9964
7576	5480
7576	5660
7579	6566
7579	6972
7579	8250
7579	8417
7579	9043
7579	9565
7587	6015
7587	7672
7587	9296
7594	941
7594	6184
7594	6505
7594	7236
7594	8015
7594	8222
7594	8887
7594	9753
7598	2863
7598	6556
7612	5128
7612	7395
7612	9423
7612	9470
7612	9619
7612	9748
7650	5153
7650	6764
7650	7986
7650	8978
7650	9406
7651	4849
7651	6962
7651	6967
7651	7021
7651	7284
7651	8706
7651	9854
7655	5153
7655	6764
7655	7986
7655	8978
7655	9406
7656	6972
7656	7162
7656	7970
7656	8317
7656	8893
7656	8908
7656	9607
7662	4428
7662	7266
7662	7504
7662	8496
7665	1095
7665	2863
7665	3928
7665	9513
7671	940
7671	3152
7671	3198
7671	3541
7671	4495
7671	5525
7671	5761
7671	6842
7671	7024
7671	7443
7671	7889
7671	8373
7671	8844
7671	8847
7671	9020
7671	9038
7671	9139
7671	9490
7671	9637
7671	9886
7672	354
7672	1248
7672	6879
7672	7549
7672	7587
7672	9656
7678	9882
7679	9310
7691	6115
7691	6506
7691	7726
7694	8887
7694	8948
7694	9890
7698	2643
7698	3102
7698	4985
7698	7561
7698	8064
7698	8723
7698	9912
7698	9915
7698	9964
7701	5423
7701	6428
7701	6923
7701	8136
7701	8940
7701	8997
7701	9017
7701	9035
7701	9178
7701	9561
7704	6194
7704	8028
7704	8453
7704	8723
7704	8835
7704	9149
7705	3477
7705	6384
7705	6593
7705	7134
7705	9138
7705	9163
7705	9688
7714	8766
7714	9275
7714	9356
7719	6015
7719	8045
7719	9682
7722	7465
7722	8624
7722	9137
7722	9641
7726	5223
7726	7691
7726	9114
7726	9768
7727	1748
7727	8237
7727	8747
7741	9275
7757	5020
7757	6853
7757	6975
7757	7937
7757	8525
7757	8608
7757	8702
7757	9641
7757	9796
7758	8374
7758	9074
7758	9326
7758	9921
7759	5953
7771	2040
7771	3721
7771	3858
7771	5024
7771	7838
7771	8297
7771	9138
7771	9217
7771	9363
7771	9825
7778	6802
7778	8232
7778	8783
7778	9489
7778	9612
7778	9970
7780	3105
7780	5552
7780	6107
7780	6943
7780	7906
7780	8263
7780	9310
7782	5676
7782	5973
7782	6651
7782	7124
7783	5549
7783	8551
7783	9293
7783	9941
7792	5842
7792	8123
7792	8948
7798	3447
7798	8045
7798	9714
7804	3038
7804	3538
7804	4088
7804	4449
7804	5279
7804	5894
7804	6593
7804	9032
7804	9085
7804	9715
7804	9764
7804	9825
7812	6922
7812	8064
7814	5953
7814	7951
7814	9316
7814	9487
7824	1110
7824	5383
7824	6608
7824	7036
7824	7095
7824	7494
7824	8835
7824	8940
7824	9017
7824	9178
7824	9526
7827	6564
7827	7226
7832	5384
7832	6348
7832	8035
7832	9882
7838	5960
7838	7771
7838	9968
7840	7898
7840	8505
7840	9896
7841	4428
7841	6428
7844	68
7844	811
7844	2620
7844	5686
7844	6615
7844	6851
7844	7048
7844	8222
7844	9119
7844	9912
7844	9915
7844	9964
7844	9995
7853	6428
7853	9907
7875	7970
7875	8273
7875	8373
7877	1248
7877	4248
7877	7004
7877	8539
7887	3152
7887	4155
7889	6842
7889	7024
7889	7671
7889	8373
7889	8847
7889	9038
7889	9139
7889	9972
7898	7840
7898	9114
7901	1898
7901	8288
7901	9980
7906	3680
7906	5552
7906	6107
7906	7054
7906	7471
7906	7780
7906	8263
7919	1080
7919	2196
7919	5329
7919	8114
7919	8248
7919	8600
7919	9031
7937	1378
7937	3075
7937	7134
7937	7757
7937	8188
7937	8525
7937	8600
7937	8702
7937	8948
7937	9254
7937	9907
7940	6614
7940	7004
7940	8964
7951	5953
7951	7814
7951	9487
7956	8539
7961	4916
7961	8692
7961	9714
7970	6972
7970	7656
7970	7875
7970	8304
7970	8317
7970	8893
7970	8915
7970	9031
7970	9784
7974	5284
7974	5455
7974	9882
7975	1129
7975	4494
7975	6216
7975	7465
7975	8511
7975	9098
7975	9608
7981	7443
7981	8835
7986	4791
7986	6413
7986	7650
7986	7655
7986	8978
7986	9406
8003	2620
8003	5769
8003	8539
8003	9637
8015	3058
8015	5423
8015	6184
8015	6505
8015	7594
8015	8887
8015	9328
8015	9649
8015	9753
8026	8916
8026	9788
8026	9874
8028	5435
8028	7124
8028	7704
8028	8234
8028	9119
8028	9746
8029	8234
8029	9890
8035	4123
8035	5256
8035	6348
8035	6966
8035	7832
8035	9882
8038	8436
8038	8539
8038	8827
8038	9306
8038	9344
8045	3007
8045	4108
8045	6766
8045	7719
8045	7798
8045	9481
8045	9714
8051	714
8051	4133
8051	5082
8051	7124
8051	8194
8051	8485
8051	9100
8051	9639
8051	9929
8064	1610
8064	2159
8064	5113
8064	6331
8064	6405
8064	6789
8064	6955
8064	7048
8064	7561
8064	7698
8064	7812
8064	8190
8064	8263
8064	8424
8064	9119
8064	9655
8064	9912
8064	9915
8080	1418
8080	7379
8080	8237
8080	9150
8080	9855
8114	7919
8114	9479
8115	6049
8115	9307
8115	9941
8117	1389
8117	4984
8117	5383
8117	8835
8117	9582
8119	3088
8119	5303
8119	5827
8119	9896
8123	2863
8123	7792
8123	8783
8133	5480
8133	7379
8133	8965
8133	9445
8133	9896
8136	524
8136	6923
8136	7701
8136	8835
8136	8997
8136	9017
8136	9020
8136	9526
8136	9582
8138	8265
8138	9007
8138	9628
8138	9896
8150	7487
8150	9310
8165	4166
8165	5713
8165	9980
8174	7494
8174	8835
8174	8940
8174	8997
8174	9526
8174	9582
8182	9402
8182	9788
8188	1990
8188	5875
8188	6049
8188	6410
8188	6506
8188	6853
8188	6975
8188	7004
8188	7241
8188	7937
8188	8525
8188	8591
8188	8600
8188	8702
8188	8948
8188	9119
8188	9219
8188	9254
8188	9548
8188	9619
8188	9641
8189	4676
8189	5238
8189	5425
8189	8474
8189	8697
8189	8865
8190	4806
8190	7488
8190	8064
8190	8232
8190	8850
8190	9489
8190	9970
8194	764
8194	4392
8194	5082
8194	5656
8194	7337
8194	8051
8194	9490
8194	9929
8194	9980
8196	1891
8196	8332
8196	9836
8196	9907
8196	9968
8204	4220
8204	6266
8204	6590
8204	8384
8204	8964
8204	9022
8204	9163
8204	9619
8204	9874
8221	7465
8221	9357
8222	5686
8222	6615
8222	6645
8222	6955
8222	7048
8222	7594
8222	7844
8222	8692
8222	9119
8222	9858
8222	9912
8222	9915
8222	9964
8232	6614
8232	7778
8232	8190
8232	8783
8232	8850
8232	9970
8234	300
8234	1233
8234	2348
8234	2419
8234	2771
8234	2868
8234	3362
8234	3899
8234	4249
8234	5024
8234	5099
8234	5435
8234	5549
8234	6194
8234	6905
8234	8028
8234	8029
8234	8288
8234	8453
8234	8753
8234	9149
8234	9310
8234	9514
8237	4565
8237	5382
8237	7379
8237	7727
8237	8080
8237	8424
8237	8596
8237	9548
8237	9855
8237	9934
8248	7919
8250	1843
8250	4911
8250	7579
8250	8883
8250	9131
8250	9756
8250	9836
8250	9880
8251	3623
8251	5199
8251	5654
8251	7482
8251	9941
8258	5660
8258	8936
8258	9035
8263	4664
8263	7476
8263	7780
8263	7906
8263	8064
8263	9017
8263	9310
8265	1988
8265	8138
8265	8692
8273	3152
8273	7875
8273	9406
8288	7901
8288	8234
8288	8470
8288	9980
8290	8332
8290	9326
8290	9834
8290	9934
8297	1984
8297	7771
8297	8420
8297	9363
8297	9451
8297	9825
8304	6320
8304	7970
8304	9788
8309	3837
8309	4478
8309	4579
8309	6560
8309	8553
8309	8915
8309	9085
8309	9114
8309	9792
8317	6972
8317	7162
8317	7656
8317	7970
8317	9031
8317	9784
8332	1891
8332	2123
8332	4537
8332	5284
8332	5445
8332	5996
8332	6138
8332	6567
8332	6773
8332	7369
8332	8196
8332	8290
8332	9836
8355	9293
8355	9372
8355	9594
8355	9738
8355	9776
8365	6428
8365	9043
8365	9393
8365	9901
8373	882
8373	2329
8373	2334
8373	2381
8373	3919
8373	4636
8373	4985
8373	5075
8373	5761
8373	6457
8373	6525
8373	6651
8373	6701
8373	6842
8373	7671
8373	7875
8373	7889
8373	8723
8373	8916
8373	9139
8373	9481
8373	9534
8373	9947
8373	9972
8374	505
8374	1858
8374	6628
8374	7758
8374	8766
8374	8920
8374	9074
8374	9516
8384	5002
8384	6640
8384	8204
8384	8964
8384	9163
8384	9265
8384	9619
8384	9724
8384	9755
8384	9874
8413	6254
8413	8886
8413	9310
8413	9757
8417	7045
8417	7579
8417	8692
8417	9611
8420	7509
8420	8297
8420	8959
8420	9748
8420	9968
8424	4875
8424	7337
8424	8064
8424	8237
8424	9603
8432	94
8432	7004
8432	9113
8432	9266
8436	3557
8436	5592
8436	6318
8436	8038
8436	8932
8436	9477
8436	9768
8436	9825
8438	9275
8442	3290
8442	6184
8442	8449
8442	9463
8449	8442
8449	8600
8449	8763
8449	9141
8453	3866
8453	5421
8453	7704
8453	8234
8453	9149
8453	9713
8469	6895
8469	7043
8469	7509
8469	8484
8469	8618
8469	8959
8469	9748
8470	1898
8470	5438
8470	8288
8470	9980
8473	5709
8473	6021
8473	9275
8473	9356
8473	9463
8474	2092
8474	5425
8474	7486
8474	8189
8474	8981
8474	9310
8474	9619
8484	1843
8484	5416
8484	6895
8484	7043
8484	7509
8484	8469
8484	8959
8484	9344
8484	9690
8484	9748
8485	714
8485	5082
8485	8051
8485	9439
8485	9639
8485	9929
8496	7504
8496	7662
8496	8702
8501	3817
8501	6129
8501	7395
8505	7048
8505	7549
8505	7840
8505	8886
8511	252
8511	5445
8511	6684
8511	7465
8511	7975
8511	8883
8511	9098
8525	3075
8525	3785
8525	7757
8525	7937
8525	8188
8525	8702
8525	8948
8525	9130
8525	9254
8525	9479
8525	9641
8531	9947
8539	552
8539	671
8539	783
8539	2004
8539	2805
8539	2896
8539	3477
8539	3573
8539	3958
8539	4631
8539	4916
8539	5769
8539	6387
8539	7347
8539	7877
8539	7956
8539	8003
8539	8038
8539	8678
8539	8827
8539	8835
8539	8973
8539	9210
8539	9344
8539	9637
8545	6320
8545	9125
8551	7783
8551	9639
8551	9779
8553	2982
8553	6801
8553	8309
8553	9634
8553	9656
8591	2477
8591	8188
8591	9756
8591	9958
8596	2863
8596	8237
8596	9513
8600	1378
8600	1741
8600	2121
8600	3785
8600	3925
8600	4066
8600	5807
8600	5895
8600	5953
8600	6853
8600	7133
8600	7504
8600	7919
8600	7937
8600	8188
8600	8449
8600	8608
8600	8948
8600	9402
8600	9470
8601	1858
8601	6138
8601	9406
8604	5480
8604	5953
8604	6851
8604	8796
8604	9854
8604	9909
8608	1990
8608	6853
8608	7757
8608	8600
8608	8948
8608	9043
8608	9254
8608	9641
8612	7445
8612	8692
8612	9013
8612	9014
8612	9027
8612	9127
8612	9255
8612	9316
8618	6556
8618	8469
8618	9947
8624	4423
8624	7162
8624	7722
8624	8940
8624	9035
8647	4291
8647	8700
8647	9210
8647	9545
8666	4858
8666	9634
8678	8539
8678	9694
8678	9886
8679	4422
8679	9882
8680	1990
8687	5549
8687	9595
8687	9756
8687	9915
8692	364
8692	1336
8692	1540
8692	4019
8692	5500
8692	5501
8692	6058
8692	7445
8692	7961
8692	8222
8692	8265
8692	8417
8692	8612
8692	9013
8692	9027
8692	9127
8692	9255
8692	9316
8692	9561
8692	9727
8692	9780
8697	2092
8697	5238
8697	8189
8697	9406
8697	9666
8698	6428
8698	9532
8698	9582
8698	9780
8700	4166
8700	6358
8700	6937
8700	8647
8700	8844
8700	9545
8700	9746
8700	9753
8702	2863
8702	3622
8702	4572
8702	6320
8702	6853
8702	6975
8702	7757
8702	7937
8702	8188
8702	8496
8702	8525
8702	8948
8702	9254
8702	9641
8702	9802
8706	2873
8706	4653
8706	6058
8706	6967
8706	7021
8706	7302
8706	7651
8706	8948
8706	9854
8718	94
8718	1714
8718	6879
8718	8885
8721	4875
8721	6564
8721	7469
8721	8796
8721	8936
8721	9746
8721	9780
8723	42
8723	1610
8723	2643
8723	2680
8723	5001
8723	5556
8723	5686
8723	6615
8723	7233
8723	7265
8723	7561
8723	7698
8723	7704
8723	8373
8723	8965
8723	9119
8723	9141
8723	9328
8723	9417
8723	9915
8723	9964
8734	6103
8734	8948
8734	9712
8734	9970
8747	3557
8747	6318
8747	7266
8747	7727
8747	8774
8747	8932
8747	9357
8747	9669
8753	5026
8753	8234
8753	9114
8753	9712
8763	1087
8763	3931
8763	4423
8763	5144
8763	7395
8763	8449
8763	9470
8763	9880
8766	4917
8766	7714
8766	8374
8766	8920
8766	9074
8766	9666
8766	9921
8774	1549
8774	2270
8774	2965
8774	3158
8774	3557
8774	4476
8774	4782
8774	5592
8774	6604
8774	7244
8774	7266
8774	8747
8774	8932
8774	9137
8774	9306
8774	9477
8774	9611
8774	9712
8774	9713
8774	9905
8774	9950
8783	4806
8783	6358
8783	6802
8783	7778
8783	8123
8783	8232
8783	8850
8783	9113
8783	9489
8783	9796
8783	9836
8783	9970
8796	4307
8796	6564
8796	8604
8796	8721
8796	8936
8796	9746
8796	9780
8806	2419
8806	2604
8806	9608
8806	9619
8808	1310
8808	1892
8808	6161
8808	6428
8808	9100
8808	9491
8822	6320
8827	1892
8827	6387
8827	6643
8827	8038
8827	8539
8827	9210
8827	9219
8827	9344
8828	4916
8828	5099
8828	5596
8828	9141
8828	9219
8828	9363
8828	9628
8828	9743
8828	9757
8828	9918
8835	524
8835	1389
8835	1714
8835	1759
8835	2691
8835	3468
8835	3582
8835	4984
8835	5926
8835	6564
8835	6614
8835	6645
8835	6923
8835	7704
8835	7824
8835	7981
8835	8117
8835	8136
8835	8174
8835	8539
8835	8940
8835	8997
8835	9017
8835	9043
8835	9060
8835	9077
8835	9526
8835	9694
8844	7671
8844	8700
8847	5075
8847	6457
8847	6651
8847	6842
8847	7443
8847	7671
8847	7889
8847	9139
8847	9972
8849	6103
8849	9619
8849	9715
8850	3493
8850	6491
8850	8190
8850	8232
8850	8783
8850	9131
8850	9409
8850	9489
8850	9595
8850	9970
8852	1942
8852	5221
8852	7259
8861	4572
8861	9031
8861	9764
8865	4984
8865	7004
8865	7226
8865	7368
8865	8189
8865	9103
8872	4478
8872	5382
8872	8915
8872	9020
8872	9114
8872	9213
8872	9489
8872	9763
8872	9792
8878	1984
8878	3030
8878	3897
8878	5502
8878	5926
8878	6320
8878	7486
8878	9548
8878	9734
8883	5894
8883	8250
8883	8511
8883	9756
8885	2159
8885	3680
8885	7236
8885	8718
8885	9421
8885	9539
8885	9958
8886	7241
8886	7266
8886	8413
8886	8505
8886	9763
8887	941
8887	3058
8887	5423
8887	6184
8887	6378
8887	6505
8887	7594
8887	7694
8887	8015
8887	9628
8887	9690
8887	9753
8893	5654
8893	6720
8893	6972
8893	7656
8893	7970
8893	9784
8897	9393
8908	3007
8908	4422
8908	7656
8908	9131
8908	9141
8908	9669
8910	5132
8910	6766
8910	9031
8910	9764
8915	5382
8915	7045
8915	7054
8915	7970
8915	8309
8915	8872
8915	9020
8915	9114
8915	9372
8915	9528
8915	9763
8915	9792
8915	9950
8916	2545
8916	8026
8916	8373
8916	9038
8920	6628
8920	7284
8920	8374
8920	8766
8920	9074
8920	9439
8920	9666
8920	9827
8932	8436
8932	8747
8932	8774
8932	9141
8932	9477
8932	9950
8936	3445
8936	6564
8936	7469
8936	8258
8936	8721
8936	8796
8936	9780
8940	5383
8940	6875
8940	7039
8940	7701
8940	7824
8940	8174
8940	8624
8940	8835
8940	8997
8940	9178
8940	9526
8948	3075
8948	3785
8948	6300
8948	6410
8948	6445
8948	7694
8948	7792
8948	7937
8948	8188
8948	8525
8948	8600
8948	8608
8948	8702
8948	8706
8948	8734
8948	9254
8948	9445
8948	9641
8948	9687
8955	5455
8955	5873
8955	9217
8955	9451
8955	9825
8959	4512
8959	5416
8959	6895
8959	7509
8959	8420
8959	8469
8959	8484
8959	9748
8964	434
8964	5709
8964	6163
8964	6643
8964	7940
8964	8204
8964	8384
8964	9022
8964	9060
8964	9163
8964	9265
8964	9403
8964	9619
8964	9755
8965	6608
8965	8133
8965	8723
8965	8978
8965	9732
8973	8539
8978	6764
8978	7054
8978	7650
8978	7655
8978	7986
8978	8965
8978	9406
8981	4476
8981	8474
8981	9796
8987	6058
8989	597
8989	2890
8989	5132
8989	6506
8989	6828
8989	7087
8989	7134
8989	9417
8989	9423
8997	6875
8997	6967
8997	7701
8997	8136
8997	8174
8997	8835
8997	8940
8997	9017
8997	9178
8997	9526
9007	5128
9007	8138
9007	9958
9011	1714
9011	9393
9013	94
9013	3198
9013	5501
9013	7445
9013	8612
9013	8692
9013	9027
9013	9127
9013	9255
9013	9316
9013	9880
9014	5549
9014	8612
9014	9293
9014	9406
9014	9690
9017	4984
9017	6875
9017	6923
9017	7494
9017	7701
9017	7824
9017	8136
9017	8263
9017	8835
9017	8997
9017	9178
9017	9526
9017	9582
9020	2921
9020	4579
9020	5382
9020	6405
9020	6560
9020	6837
9020	7054
9020	7671
9020	8136
9020	8872
9020	8915
9020	9114
9020	9213
9020	9763
9020	9792
9022	1201
9022	6266
9022	6643
9022	6943
9022	8204
9022	8964
9022	9265
9022	9403
9022	9724
9022	9755
9022	9874
9024	6943
9024	9788
9024	9929
9027	5501
9027	7445
9027	8612
9027	8692
9027	9013
9027	9127
9027	9255
9027	9316
9031	5654
9031	7061
9031	7162
9031	7919
9031	7970
9031	8317
9031	8861
9031	8910
9031	9032
9031	9131
9031	9784
9032	5279
9032	7804
9032	9031
9032	9715
9032	9854
9033	200
9033	1542
9033	1714
9033	7467
9033	9408
9033	9612
9033	9934
9035	1858
9035	6115
9035	7701
9035	8258
9035	8624
9035	9081
9035	9545
9038	7671
9038	7889
9038	8916
9038	9811
9043	7579
9043	8365
9043	8608
9043	8835
9043	9217
9043	9393
9043	9732
9043	9901
9058	978
9058	6331
9058	9548
9058	9727
9058	9892
9060	8835
9060	8964
9074	505
9074	2711
9074	6628
9074	7758
9074	8374
9074	8766
9074	8920
9074	9666
9074	9921
9077	5873
9077	8835
9081	4858
9081	9035
9085	7804
9085	8309
9088	6564
9088	9098
9088	9426
9098	253
9098	1129
9098	6684
9098	7975
9098	8511
9098	9088
9100	1310
9100	1892
9100	5708
9100	6161
9100	6428
9100	8051
9100	8808
9100	9139
9100	9483
9100	9491
9103	5072
9103	6922
9103	7284
9103	8865
9103	9340
9103	9363
9103	9402
9103	9840
9113	3374
9113	5778
9113	8432
9113	8783
9114	744
9114	2921
9114	3837
9114	5382
9114	5778
9114	6379
9114	6560
9114	6752
9114	7054
9114	7726
9114	7898
9114	8309
9114	8753
9114	8872
9114	8915
9114	9020
9114	9213
9114	9763
9114	9792
9119	2730
9119	4782
9119	5001
9119	5346
9119	6214
9119	6405
9119	6615
9119	6645
9119	6955
9119	7048
9119	7561
9119	7844
9119	8028
9119	8064
9119	8188
9119	8222
9119	8723
9119	9301
9119	9912
9119	9964
9125	8545
9125	9882
9127	5303
9127	5501
9127	7445
9127	8612
9127	8692
9127	9013
9127	9027
9127	9255
9127	9316
9130	3387
9130	4796
9130	6129
9130	8525
9130	9219
9130	9417
9130	9935
9131	4422
9131	8250
9131	8850
9131	8908
9131	9031
9131	9141
9131	9295
9131	9594
9131	9909
9137	4137
9137	7722
9137	8774
9137	9784
9138	7705
9138	7771
9138	9584
9139	2334
9139	3198
9139	3919
9139	7024
9139	7671
9139	7889
9139	8373
9139	8847
9139	9100
9139	9972
9141	757
9141	4575
9141	8449
9141	8723
9141	8828
9141	8908
9141	8932
9141	9131
9141	9594
9141	9941
9149	2965
9149	5024
9149	5421
9149	7704
9149	8234
9149	8453
9149	9408
9150	1748
9150	4875
9150	8080
9163	5823
9163	6163
9163	6389
9163	6643
9163	7705
9163	8204
9163	8384
9163	8964
9163	9265
9163	9534
9163	9548
9163	9619
9163	9724
9163	9755
9163	9874
9178	2691
9178	7494
9178	7701
9178	7824
9178	8940
9178	8997
9178	9017
9178	9526
9178	9582
9178	9608
9178	9768
9208	3444
9208	4166
9208	5556
9208	6192
9208	6922
9208	9545
9208	9768
9208	9788
9208	9905
9208	9939
9210	671
9210	5769
9210	7214
9210	7347
9210	8539
9210	8647
9210	8827
9210	9344
9210	9637
9213	7054
9213	8872
9213	9020
9213	9114
9213	9296
9213	9310
9213	9763
9217	3538
9217	3858
9217	7081
9217	7771
9217	8955
9217	9043
9217	9363
9217	9451
9217	9539
9217	9825
9219	574
9219	1498
9219	3007
9219	5238
9219	5884
9219	6531
9219	6879
9219	8188
9219	8827
9219	8828
9219	9130
9219	9628
9219	9757
9219	9918
9219	9974
9254	3785
9254	7937
9254	8188
9254	8525
9254	8608
9254	8702
9254	8948
9254	9641
9255	5501
9255	7445
9255	8612
9255	8692
9255	9013
9255	9027
9255	9127
9255	9316
9265	5823
9265	6590
9265	6640
9265	8384
9265	8964
9265	9022
9265	9163
9265	9403
9265	9426
9265	9619
9265	9666
9265	9874
9266	7465
9266	8432
9266	9603
9266	9639
9275	6491
9275	6699
9275	7714
9275	7741
9275	8438
9275	8473
9275	9356
9275	9836
9275	9995
9293	5549
9293	7783
9293	8355
9293	9014
9293	9690
9293	9864
9293	9874
9295	5549
9295	9131
9295	9916
9296	6015
9296	6560
9296	6879
9296	7587
9296	9213
9301	4449
9301	9119
9301	9634
9306	4301
9306	8038
9306	8774
9307	1452
9307	8115
9307	9463
9310	489
9310	757
9310	1292
9310	3105
9310	4664
9310	4801
9310	5002
9310	5301
9310	5552
9310	6107
9310	7418
9310	7471
9310	7476
9310	7482
9310	7679
9310	7780
9310	8150
9310	8234
9310	8263
9310	8413
9310	8474
9310	9213
9310	9439
9310	9715
9310	9968
9316	4676
9316	5501
9316	7445
9316	7814
9316	8612
9316	8692
9316	9013
9316	9027
9316	9127
9316	9255
9316	9654
9326	253
9326	7758
9326	8290
9326	9423
9328	7259
9328	8015
9328	8723
9328	9408
9328	9780
9328	9928
9330	3680
9330	6962
9330	9708
9336	1858
9340	2155
9340	5237
9340	5438
9340	6615
9340	9103
9340	9461
9340	9687
9340	9776
9341	6853
9344	5598
9344	5769
9344	7045
9344	7347
9344	8038
9344	8484
9344	8539
9344	8827
9344	9210
9344	9864
9353	5549
9353	9687
9353	9825
9353	9905
9356	6043
9356	7714
9356	8473
9356	9275
9356	9514
9356	9896
9357	5153
9357	8221
9357	8747
9357	9402
9357	9619
9363	3721
9363	5044
9363	5873
9363	7528
9363	7771
9363	8297
9363	8828
9363	9103
9363	9217
9363	9451
9363	9825
9372	2155
9372	8355
9372	8915
9372	9461
9372	9724
9372	9738
9393	182
9393	6826
9393	7509
9393	8365
9393	8897
9393	9011
9393	9043
9393	9880
9393	9901
9393	9964
9402	5660
9402	8182
9402	8600
9402	9103
9402	9357
9403	434
9403	3883
9403	5709
9403	5823
9403	5971
9403	5996
9403	6389
9403	6590
9403	8964
9403	9022
9403	9265
9403	9724
9403	9755
9403	9874
9406	156
9406	3897
9406	4791
9406	4907
9406	5153
9406	6506
9406	6764
9406	6875
9406	7650
9406	7655
9406	7986
9406	8273
9406	8601
9406	8697
9406	8978
9406	9014
9406	9607
9406	9827
9408	1714
9408	6194
9408	7284
9408	9033
9408	9149
9408	9328
9408	9715
9408	9757
9408	9934
9409	3428
9409	5660
9409	8850
9409	9612
9409	9669
9409	9727
9409	9926
9417	597
9417	2219
9417	4858
9417	5132
9417	6506
9417	6828
9417	7134
9417	8723
9417	8989
9417	9130
9421	2121
9421	3680
9421	7087
9421	8885
9421	9539
9421	9612
9421	9958
9423	686
9423	2820
9423	5709
9423	7612
9423	8989
9423	9326
9426	2748
9426	7233
9426	9088
9426	9265
9426	9901
9434	9487
9434	9528
9434	9756
9439	7095
9439	8485
9439	8920
9439	9310
9439	9939
9445	885
9445	8133
9445	8948
9445	9637
9451	5044
9451	5873
9451	6943
9451	8297
9451	8955
9451	9217
9451	9363
9451	9825
9461	2994
9461	6214
9461	6254
9461	9340
9461	9372
9461	9738
9463	4220
9463	7241
9463	8442
9463	8473
9463	9307
9463	9619
9470	29
9470	4423
9470	5020
9470	5144
9470	7612
9470	8600
9470	8763
9477	1549
9477	6413
9477	6604
9477	6711
9477	7266
9477	8436
9477	8774
9477	8932
9477	9929
9477	9950
9479	5709
9479	5873
9479	8114
9479	8525
9479	9892
9481	8045
9481	8373
9483	2187
9483	2896
9483	4324
9483	5016
9483	6615
9483	9100
9483	9634
9483	9890
9487	4917
9487	5953
9487	6380
9487	6720
9487	7814
9487	7951
9487	9434
9487	9526
9487	9964
9489	4806
9489	5301
9489	5873
9489	6802
9489	7778
9489	8190
9489	8783
9489	8850
9489	8872
9489	9970
9490	4155
9490	5525
9490	6879
9490	7671
9490	8194
9491	1310
9491	3602
9491	5708
9491	6161
9491	6428
9491	8808
9491	9100
9491	9607
9513	1095
9513	2863
9513	3152
9513	4489
9513	7665
9513	8596
9513	9687
9514	2620
9514	4183
9514	8234
9514	9356
9516	940
9516	2982
9516	5875
9516	6962
9516	8374
9521	4155
9521	6802
9521	9796
9526	524
9526	5383
9526	6923
9526	7824
9526	8136
9526	8174
9526	8835
9526	8940
9526	8997
9526	9017
9526	9178
9526	9487
9526	9582
9528	5199
9528	6049
9528	8915
9528	9434
9532	7124
9532	8698
9534	3582
9534	7133
9534	8373
9534	9163
9534	9788
9539	3680
9539	6593
9539	7087
9539	7236
9539	8885
9539	9217
9539	9421
9539	9958
9545	3421
9545	6684
9545	7368
9545	8647
9545	8700
9545	9035
9545	9208
9545	9882
9548	1319
9548	1984
9548	3030
9548	3235
9548	4628
9548	5134
9548	5502
9548	5823
9548	5926
9548	6055
9548	7024
9548	7486
9548	7494
9548	7495
9548	8188
9548	8237
9548	8878
9548	9058
9548	9163
9548	9734
9548	9907
9561	6180
9561	7701
9561	8692
9565	1990
9565	2721
9565	6766
9565	7579
9565	9855
9582	1759
9582	2691
9582	5383
9582	6875
9582	7494
9582	8117
9582	8136
9582	8174
9582	8698
9582	9017
9582	9178
9582	9526
9584	3715
9584	5460
9584	9138
9594	6967
9594	7284
9594	8355
9594	9131
9594	9141
9595	7162
9595	8687
9595	8850
9595	9896
9603	7233
9603	8424
9603	9266
9603	9921
9606	785
9606	5460
9606	5533
9606	9655
9606	9796
9607	5498
9607	7656
9607	9406
9607	9491
9607	9764
9608	1078
9608	5341
9608	6216
9608	6684
9608	7465
9608	7975
9608	8806
9608	9178
9611	8417
9611	8774
9612	6285
9612	6895
9612	7509
9612	7778
9612	9033
9612	9409
9612	9421
9612	9645
9612	9934
9619	434
9619	1201
9619	1988
9619	2631
9619	3623
9619	3883
9619	3997
9619	4155
9619	5223
9619	5660
9619	5709
9619	5750
9619	5971
9619	6217
9619	6266
9619	6389
9619	6640
9619	6643
9619	7039
9619	7612
9619	8188
9619	8204
9619	8384
9619	8474
9619	8806
9619	8849
9619	8964
9619	9163
9619	9265
9619	9357
9619	9463
9619	9654
9619	9724
9619	9874
9628	2334
9628	2631
9628	3007
9628	4916
9628	5884
9628	6531
9628	7418
9628	8138
9628	8828
9628	8887
9628	9219
9628	9757
9628	9864
9631	2004
9631	5953
9631	9649
9634	8553
9634	8666
9634	9301
9634	9483
9637	3573
9637	3958
9637	6387
9637	7347
9637	7671
9637	8003
9637	8539
9637	9210
9637	9445
9639	764
9639	978
9639	4027
9639	4133
9639	4381
9639	4392
9639	5082
9639	5341
9639	5424
9639	5656
9639	7176
9639	7337
9639	8051
9639	8485
9639	8551
9639	9266
9639	9921
9639	9929
9641	4636
9641	6009
9641	6410
9641	6853
9641	7722
9641	7757
9641	8188
9641	8525
9641	8608
9641	8702
9641	8948
9641	9254
9645	9612
9645	9886
9645	9947
9649	4449
9649	7395
9649	8015
9649	9631
9649	9738
9649	9947
9654	9316
9654	9619
9655	3883
9655	5072
9655	5237
9655	6402
9655	6943
9655	6967
9655	8064
9655	9606
9655	9916
9656	2982
9656	5596
9656	6766
9656	7672
9656	8553
9661	952
9661	6615
9661	9713
9661	9864
9661	9892
9666	2861
9666	6628
9666	6711
9666	8697
9666	8766
9666	8920
9666	9074
9666	9265
9666	9788
9666	9921
9669	7342
9669	7509
9669	8747
9669	8908
9669	9409
9682	5953
9682	7719
9682	9788
9687	4616
9687	7561
9687	8948
9687	9340
9687	9353
9687	9513
9687	9916
9688	5549
9688	7705
9688	9968
9688	9974
9690	5549
9690	8484
9690	8887
9690	9014
9690	9293
9690	9858
9691	1394
9691	3290
9691	4849
9694	4439
9694	6163
9694	6254
9694	7368
9694	8678
9694	8835
9694	9886
9708	3447
9708	7395
9708	7487
9708	9330
9708	9746
9708	9780
9708	9995
9712	7265
9712	7342
9712	7494
9712	8734
9712	8753
9712	8774
9713	7193
9713	7467
9713	7487
9713	7509
9713	8453
9713	8774
9713	9661
9714	820
9714	3447
9714	6331
9714	7798
9714	7961
9714	8045
9714	9858
9715	3580
9715	4088
9715	5894
9715	6413
9715	6593
9715	7804
9715	8849
9715	9032
9715	9310
9715	9408
9715	9724
9715	9882
9721	1748
9721	6673
9721	9776
9721	9958
9724	4155
9724	5709
9724	5823
9724	6055
9724	6163
9724	6266
9724	6389
9724	6643
9724	8384
9724	9022
9724	9163
9724	9372
9724	9403
9724	9619
9724	9715
9724	9755
9724	9874
9727	3428
9727	4381
9727	8692
9727	9058
9727	9409
9727	9926
9732	1898
9732	2862
9732	6608
9732	8965
9732	9043
9734	2120
9734	5926
9734	7486
9734	7495
9734	8878
9734	9548
9734	9880
9738	2076
9738	2820
9738	2994
9738	4137
9738	4488
9738	5001
9738	5237
9738	6214
9738	6967
9738	8355
9738	9372
9738	9461
9738	9649
9738	9776
9738	9880
9738	9896
9738	9921
9738	9950
9743	253
9743	5416
9743	8828
9743	9916
9746	4307
9746	6564
9746	7469
9746	8028
9746	8700
9746	8721
9746	8796
9746	9708
9746	9780
9748	1615
9748	3493
9748	5416
9748	6895
9748	7043
9748	7509
9748	7612
9748	8420
9748	8469
9748	8484
9748	8959
9748	9763
9753	941
9753	3058
9753	5423
9753	6184
9753	6505
9753	7594
9753	8015
9753	8700
9753	8887
9755	5823
9755	6266
9755	6389
9755	6590
9755	6640
9755	6643
9755	8384
9755	8964
9755	9022
9755	9163
9755	9403
9755	9724
9755	9874
9756	1843
9756	2519
9756	4911
9756	8250
9756	8591
9756	8687
9756	8883
9756	9434
9756	9880
9757	574
9757	2631
9757	3007
9757	4653
9757	5884
9757	8413
9757	8828
9757	9219
9757	9408
9757	9628
9757	9864
9757	9918
9763	552
9763	5382
9763	8872
9763	8886
9763	8915
9763	9020
9763	9114
9763	9213
9763	9748
9763	9792
9764	3983
9764	7804
9764	8861
9764	8910
9764	9607
9764	9802
9768	768
9768	3444
9768	4166
9768	5556
9768	6192
9768	6634
9768	6922
9768	7726
9768	8436
9768	9178
9768	9208
9768	9788
9768	9939
9776	2076
9776	4488
9776	5237
9776	5238
9776	6214
9776	8355
9776	9340
9776	9721
9776	9738
9776	9788
9776	9825
9779	2771
9779	5592
9779	5953
9779	7206
9779	8551
9779	9856
9779	9974
9780	2580
9780	3445
9780	6564
9780	7469
9780	8692
9780	8698
9780	8721
9780	8796
9780	8936
9780	9328
9780	9708
9780	9746
9780	9972
9784	3839
9784	3919
9784	5654
9784	6972
9784	7061
9784	7162
9784	7970
9784	8317
9784	8893
9784	9031
9784	9137
9788	768
9788	3444
9788	4166
9788	5556
9788	6077
9788	6192
9788	6634
9788	6922
9788	8026
9788	8182
9788	8304
9788	9024
9788	9208
9788	9534
9788	9666
9788	9682
9788	9768
9788	9776
9788	9939
9792	3837
9792	4478
9792	5303
9792	6379
9792	6560
9792	7054
9792	8309
9792	8872
9792	8915
9792	9020
9792	9114
9792	9763
9796	4476
9796	7757
9796	8783
9796	8981
9796	9521
9796	9606
9802	5460
9802	8702
9802	9764
9811	5709
9811	7369
9811	9038
9811	9912
9825	2040
9825	3721
9825	5044
9825	5221
9825	5873
9825	6192
9825	6402
9825	6566
9825	6645
9825	7771
9825	7804
9825	8297
9825	8436
9825	8955
9825	9217
9825	9353
9825	9363
9825	9451
9825	9776
9827	5394
9827	6888
9827	8920
9827	9406
9827	9970
9834	4108
9834	5445
9834	6506
9834	7509
9834	8290
9834	9886
9836	260
9836	1053
9836	1891
9836	3427
9836	4537
9836	5284
9836	5956
9836	5996
9836	6138
9836	8196
9836	8250
9836	8332
9836	8783
9836	9275
9836	9947
9836	9964
9840	1858
9840	4722
9840	5346
9840	5561
9840	7124
9840	9103
9840	9856
9840	9929
9854	1832
9854	4423
9854	4653
9854	4849
9854	5020
9854	5960
9854	6058
9854	6967
9854	7284
9854	7302
9854	7651
9854	8604
9854	8706
9854	9032
9855	656
9855	1748
9855	3075
9855	4875
9855	6826
9855	7379
9855	8080
9855	8237
9855	9565
9856	3592
9856	4722
9856	7124
9856	9779
9856	9840
9858	1238
9858	3447
9858	8222
9858	9690
9858	9714
9864	574
9864	1498
9864	3007
9864	4575
9864	4916
9864	5884
9864	6531
9864	9293
9864	9344
9864	9628
9864	9661
9864	9757
9864	9918
9864	9995
9874	434
9874	1201
9874	3883
9874	4155
9874	6163
9874	6378
9874	6590
9874	6640
9874	8026
9874	8204
9874	8384
9874	9022
9874	9163
9874	9265
9874	9293
9874	9403
9874	9619
9874	9724
9874	9755
9880	489
9880	7133
9880	8250
9880	8763
9880	9013
9880	9393
9880	9734
9880	9738
9880	9756
9882	359
9882	785
9882	3216
9882	5233
9882	5256
9882	5384
9882	5438
9882	6021
9882	6254
9882	6348
9882	6966
9882	7678
9882	7832
9882	7974
9882	8035
9882	8679
9882	9125
9882	9545
9882	9715
9882	9935
9882	9939
9886	7671
9886	8678
9886	9645
9886	9694
9886	9834
9886	9958
9890	7694
9890	8029
9890	9483
9890	9968
9892	7160
9892	9058
9892	9479
9892	9661
9896	316
9896	785
9896	1473
9896	2580
9896	3088
9896	3375
9896	3966
9896	4108
9896	5303
9896	5934
9896	6115
9896	6937
9896	6943
9896	7045
9896	7488
9896	7840
9896	8119
9896	8133
9896	8138
9896	9356
9896	9595
9896	9738
9900	5656
9900	5709
9900	6015
9900	9970
9901	182
9901	3387
9901	8365
9901	9043
9901	9393
9901	9426
9905	1942
9905	2643
9905	5134
9905	5561
9905	7259
9905	8774
9905	9208
9905	9353
9905	9949
9907	2391
9907	3387
9907	3997
9907	7418
9907	7853
9907	7937
9907	8196
9907	9548
9909	686
9909	1070
9909	2730
9909	5580
9909	8604
9909	9131
9912	68
9912	1261
9912	1418
9912	2159
9912	2643
9912	3143
9912	3391
9912	4422
9912	5686
9912	6405
9912	6615
9912	6645
9912	7233
9912	7561
9912	7698
9912	7844
9912	8064
9912	8222
9912	9119
9912	9811
9912	9915
9912	9964
9915	42
9915	1418
9915	2730
9915	3102
9915	5001
9915	5045
9915	5113
9915	5686
9915	6405
9915	6645
9915	6955
9915	7048
9915	7233
9915	7698
9915	7844
9915	8064
9915	8222
9915	8687
9915	8723
9915	9912
9915	9964
9916	4858
9916	9295
9916	9655
9916	9687
9916	9743
9918	354
9918	1498
9918	4916
9918	5884
9918	6531
9918	8828
9918	9219
9918	9757
9918	9864
9921	930
9921	1095
9921	1542
9921	1858
9921	2711
9921	2861
9921	3583
9921	4439
9921	4917
9921	6405
9921	7758
9921	8766
9921	9074
9921	9603
9921	9639
9921	9666
9921	9738
9921	9947
9926	785
9926	3428
9926	4893
9926	6937
9926	7465
9926	9409
9926	9727
9928	7465
9928	9328
9929	764
9929	978
9929	4133
9929	5082
9929	5656
9929	7337
9929	7487
9929	8051
9929	8194
9929	8485
9929	9024
9929	9477
9929	9639
9929	9840
9934	1714
9934	2329
9934	4489
9934	8237
9934	8290
9934	9033
9934	9408
9934	9612
9935	780
9935	3387
9935	4796
9935	6788
9935	7486
9935	9130
9935	9882
9939	768
9939	3444
9939	4166
9939	5199
9939	6192
9939	6634
9939	6922
9939	9208
9939	9439
9939	9768
9939	9788
9939	9882
9941	2863
9941	7783
9941	8115
9941	8251
9941	9141
9947	741
9947	1005
9947	1382
9947	3897
9947	5016
9947	6685
9947	8373
9947	8531
9947	8618
9947	9645
9947	9649
9947	9836
9947	9921
9949	2060
9949	4616
9949	6842
9949	7004
9949	9905
9950	1549
9950	2965
9950	3839
9950	4782
9950	5592
9950	6318
9950	6711
9950	6966
9950	7266
9950	8774
9950	8915
9950	8932
9950	9477
9950	9738
9958	3680
9958	7087
9958	7236
9958	8591
9958	8885
9958	9007
9958	9421
9958	9539
9958	9721
9958	9886
9964	811
9964	1418
9964	1452
9964	1610
9964	2730
9964	3731
9964	5001
9964	5113
9964	6015
9964	6405
9964	6615
9964	6645
9964	6955
9964	7048
9964	7162
9964	7233
9964	7561
9964	7698
9964	7844
9964	8222
9964	8723
9964	9119
9964	9393
9964	9487
9964	9836
9964	9912
9964	9915
9968	7838
9968	8196
9968	8420
9968	9310
9968	9688
9968	9890
9970	4806
9970	6802
9970	7778
9970	8190
9970	8232
9970	8734
9970	8783
9970	8850
9970	9489
9970	9827
9970	9900
9972	335
9972	2334
9972	3198
9972	3919
9972	4985
9972	5075
9972	5761
9972	6457
9972	6651
9972	6842
9972	7024
9972	7266
9972	7443
9972	7889
9972	8373
9972	8847
9972	9139
9972	9780
9974	1276
9974	1898
9974	9219
9974	9688
9974	9779
9980	1292
9980	1898
9980	2890
9980	6410
9980	7901
9980	8165
9980	8194
9980	8288
9980	8470
9995	6937
9995	7844
9995	9275
9995	9708
9995	9864
