0.00029397460514	0.00177533215732	0.00177653428922
0.00029397460514	0.0136373859121	0.0136466202047
0.00029397460514	0.0225504006327	0.0225656702011
0.000293974605141	0.100383478526	0.10045145126
0.000293974605141	0.125084641337	0.125169339987
0.000293974605141	0.333785268301	0.334011284551
0.000293974605141	0.59500618182	0.595409078769
0.000293974605141	0.00151732114928	0.001518348574
0.000293974605141	0.00204097830519	0.00204236031424
0.000293974605141	0.00284756662471	0.00284949479947
0.000293974605141	0.00357962317105	0.00358204704377
0.000293974605141	0.00504866332178	0.00505208192668
0.000293974605141	0.00672700332921	0.00673155838963
0.000293974605141	0.0104590703741	0.0104661525317
0.000293974605141	0.0225656702011	0.022580950109
0.000293974605141	0.02859824276	0.028617607508
0.000293974605141	0.0448268772827	0.0448572309372
0.000293974605141	0.0658439781219	0.0658885631004
0.000293974605141	0.0835593634609	0.0836159440706
0.000293974605141	0.166666847257	0.166779702495
0.000587949210281	0.00671790245312	0.00672700332921
0.000587949210281	0.0249265689485	0.0249603374673
0.000587949210281	0.332882731656	0.333333694514
0.000587949210281	0.399635822047	0.400177216645
0.000587949210281	0.595409078769	0.596215691292
0.000587949210281	0.100247671012	0.100383478526
0.000587949210281	0.333333694514	0.333785268301
0.000587949210281	0.00504183305026	0.00504866332178
0.000881923815422	0.0017873901725	0.00179102352188
0.000881923815422	0.00398368782417	0.00399178573693
0.000881923815422	0.100044304161	0.100247671012
0.000881923815422	0.997971355855	1
0.000881923815422	0.0285402271023	0.02859824276
0.000881923815422	0.0341014421538	0.034170762471
0.000881923815422	0.212657193489	0.213089476207
0.000881923815422	0.00121686329114	0.00121933689179
0.000881923815422	0.00393011995531	0.00393810897703
0.00117589842056	0.00505208192668	0.00506577951036
0.00117589842056	0.034170762471	0.0342634088068
0.00117589842056	0.0920520556793	0.0923016341212
0.00117589842056	0.125169339987	0.125508708495
0.0014698730257	0.125508708495	0.125934213344
0.0014698730257	0.00204236031424	0.00204928440921
0.0014698730257	0.0832770341927	0.0835593634609
0.0014698730257	0.125934213344	0.126361160756
0.00176384763084	0.497973413554	0.5
0.00235179684112	0.325970316298	0.327740302881
0.00264577144627	0.00177653428922	0.0017873901725
0.00293974605141	0.596215691292	0.600265174554
0.00352769526169	0.213089476207	0.214827412265
0.00352769526169	0.00282453004543	0.00284756662471
0.00382166986683	0.0652671114017	0.0658439781219
0.00440961907711	0.00445140524802	0.0044968329295
0.00440961907711	0.746959310968	0.754582213797
0.00440961907711	0.00871204162549	0.00880095014538
0.00470359368225	0.00245191554106	0.00247861515077
0.00470359368225	0.25	0.252722321513
0.00499756828739	0.00393810897703	0.00398368782417
0.00676141591823	0.327740302881	0.332882731656
0.00705539052337	0.0195093902686	0.0198289212061
0.00705539052337	0.00673155838963	0.00684180997278
0.00764333973366	0.980561271971	0.997971355855
0.0079373143388	0.00104283495527	0.00106206939543
0.00911321275936	0.334011284551	0.34109421394
0.0117589842056	0.022580950109	0.0232007057168
0.0129348826262	0.001518348574	0.00156425073797
0.0135228318365	0.0136466202047	0.014078226133
0.0135228318365	0.111111351899	0.114625505401
0.014698730257	0.600265174554	0.620928906037
0.0155806540725	0.214827412265	0.222674430978
0.0161686032827	0.666667389029	0.691954940982
0.0164625778879	0.00121933689179	0.00126644487759
0.0185204001239	0.0658885631004	0.0687591400834
0.0220480953855	0.0249603374673	0.026260231368
0.0243998922267	0.0617013263486	0.0652671114017
0.0255757906472	0.00167380102337	0.00177533215732
0.0285155366986	0.199142768918	0.212657193489
0.0293974605141	0.00156425073797	0.00167380102337
0.0299854097243	0.008130823469	0.00871204162549
0.0308673335398	0.620928906037	0.666667389029
0.0311613081449	0.0232007057168	0.0249265689485
0.0332191303809	0.691954940982	0.746959310968
0.0349829780117	0.0923016341212	0.100044304161
0.0349829780117	0.00964961768701	0.0104590703741
0.0361588764323	0.026260231368	0.0285402271023
0.037628749458	0.00506577951036	0.00552427172802
0.0379227240631	0.114625505401	0.125084641337
0.0399805462991	0.00880095014538	0.00964961768701
0.0402745209043	0.00358204704377	0.00393011995531
0.04174439393	0.0836159440706	0.0920520556793
0.043802216166	0.10045145126	0.111111351899
0.0452720891917	0.014078226133	0.015625
0.0473299114276	0.00399178573693	0.00445140524802
0.0473299114276	0.0448572309372	0.0500221520806
0.0496817082688	0.0044968329295	0.00504183305026
0.050269657479	0.222674430978	0.25
0.0535033781356	0.126361160756	0.142927890797
0.0558551749767	0.0198289212061	0.0225504006327
0.0567370987921	0.00179102352188	0.00204097830519
0.0567370987921	0.00247861515077	0.00282453004543
0.0590888956333	0.00106206939543	0.00121686329114
0.0667322353669	0.142927890797	0.166666847257
0.0687900576029	0.34109421394	0.399635822047
0.0749635243109	0.00684180997278	0.008130823469
0.0755514735211	0.5	0.59500618182
0.0761394227314	0.028617607508	0.0341014421538
0.0770213465468	0.166779702495	0.199142768918
0.0779032703623	0.00204928440921	0.00245191554106
0.0784912195725	0.00126644487759	0.00151732114928
0.0831948132548	0.0687591400834	0.0832770341927
0.0849586608856	0.00552427172802	0.00671790245312
0.0911321275936	0.0500221520806	0.0617013263486
0.0949537974604	0.400177216645	0.497973413554
0.0964236704861	0.015625	0.0195093902686
0.0990694419324	0.00284949479947	0.00357962317105
0.110534451533	0.252722321513	0.325970316298
0.113768172189	0.754582213797	0.980561271971
0.11494407061	0.0104661525317	0.0136373859121
0.116707918241	0.0342634088068	0.0448268772827
