0 10.7257556854
0.00104283495527 731.702300807
0.00106206939543 395.739825246
0.00121686329114 799.314047143
0.00121933689179 745.088387979
0.00126644487759 1112.13198716
0.00151732114928 2541.03088667
0.001518348574 2139.14266607
0.00156425073797 2624.86866053
0.00167380102337 2444.86658153
0.00177533215732 3634.16244516
0.00177653428922 3425.51863712
0.0017873901725 2820.39212938
0.00179102352188 3619.58322903
0.00204097830519 4023.47530584
0.00204236031424 3778.70231898
0.00204928440921 3971.82190453
0.00245191554106 4421.99967666
0.00247861515077 4718.23784366
0.00282453004543 5059.88038016
0.00284756662471 5317.06500119
0.00284949479947 5336.78543357
0.00357962317105 5860.99111987
0.00358204704377 5962.45873298
0.00393011995531 6470.35425428
0.00393810897703 6014.8274229
0.00398368782417 6213.58693473
0.00399178573693 6555.9908244
0.00445140524802 6844.5442661
0.0044968329295 6765.93378242
0.00504183305026 6908.98235724
0.00504866332178 6943.21407745
0.00505208192668 7028.44189621
0.00506577951036 7242.79755096
0.00552427172802 7334.09585906
0.00671790245312 7577.36202472
0.00672700332921 7734.34756623
0.00673155838963 7548.80462563
0.00684180997278 7718.20395835
0.008130823469 8101.87020878
0.00871204162549 8481.70142343
0.00880095014538 8144.99212849
0.00964961768701 8395.55340291
0.0104590703741 8696.18752932
0.0104661525317 8534.40299828
0.0136373859121 8841.93904193
0.0136466202047 8976.31042822
0.014078226133 9070.14608669
0.015625 9453.20651553
0.0195093902686 9701.65997262
0.0198289212061 9798.92797719
0.0225504006327 9851.52029931
0.0225656702011 9922.22194413
0.022580950109 9950.72060403
0.0232007057168 9966.65015762
0.0249265689485 10161.030732
0.0249603374673 9978.86758541
0.026260231368 10179.2486144
0.0285402271023 10144.6502882
0.02859824276 10165.6411355
0.028617607508 10211.4252367
0.0341014421538 10353.4741267
0.034170762471 10302.6518258
0.0342634088068 10427.028922
0.0448268772827 10480.654255
0.0448572309372 10453.967822
0.0500221520806 10671.7783299
0.0617013263486 10667.8923975
0.0652671114017 10737.5867138
0.0658439781219 10766.5480519
0.0658885631004 10839.4280193
0.0687591400834 10722.679903
0.0832770341927 10917.6943856
0.0835593634609 10886.9156709
0.0836159440706 10986.6951053
0.0920520556793 10895.1703101
0.0923016341212 10941.8859424
0.100044304161 10900.3686709
0.100247671012 10854.4552477
0.100383478526 10976.6230129
0.10045145126 10945.6158192
0.111111351899 10943.0692053
0.114625505401 10914.2814428
0.125084641337 10931.7853813
0.125169339987 10990.0819202
0.125508708495 10952.8848831
0.125934213344 10962.5236316
0.126361160756 10960.0643627
0.142927890797 10872.9094041
0.166666847257 10837.8185994
0.166779702495 10741.0120929
0.199142768918 10810.8922989
0.212657193489 10637.494901
0.213089476207 10581.5216631
0.214827412265 10647.6745871
0.222674430978 10643.2730412
0.25 10360.5519333
0.252722321513 10321.6851591
0.325970316298 9941.06430839
0.327740302881 10118.194135
0.332882731656 10045.9490409
0.333333694514 9579.12105454
0.333785268301 9642.56418295
0.334011284551 9553.61321185
0.34109421394 9502.63960865
0.399635822047 9433.20257171
0.400177216645 9428.74693761
0.497973413554 9173.16112243
0.5 7752.78524672
0.59500618182 7513.88409428
0.595409078769 7471.2977517
0.596215691292 7643.19484409
0.600265174554 7476.92027276
0.620928906037 7581.48437607
0.666667389029 6914.10904803
0.691954940982 6679.03638617
0.746959310968 6836.48278177
0.754582213797 6687.1088397
0.980561271971 6556.10349626
0.997971355855 6491.93282583
1 0.0
