0.00029397460514	0.00455504078642	0.00455812514435
0.00029397460514	0.00691631239869	0.00692099564609
0.00029397460514	0.00712058228443	0.00712540384925
0.00029397460514	0.0247081843903	0.0247249150603
0.00029397460514	0.0500221520806	0.0500560236151
0.000293974605141	0.111036165903	0.111111351899
0.000293974605141	0.111186588805	0.111261876657
0.000293974605141	0.111261876657	0.111337215489
0.000293974605141	0.111337215489	0.111412605335
0.000293974605141	0.167912466398	0.168026165083
0.000293974605141	0.200902902521	0.201038940042
0.000293974605141	0.214682044464	0.214827412265
0.000293974605141	0.29750309091	0.297704539384
0.000293974605141	0.667570536602	0.668022569102
0.000293974605141	0.666667389029	0.66711880998
0.000293974605141	0.999323327503	1
0.000293974605141	0.499661663751	0.5
0.000293974605141	0.66711880998	0.667570536602
0.000293974605141	0.00132699882858	0.00132789738022
0.000293974605141	0.00135422172808	0.00135513871318
0.000293974605141	0.00158021430011	0.00158128431171
0.000293974605141	0.00217506380417	0.00217653660663
0.000293974605141	0.0024271459221	0.0024287894171
0.000293974605141	0.00343250268089	0.00343482693381
0.000293974605141	0.0045519585156	0.00455504078642
0.000293974605141	0.00692099564609	0.00692568206467
0.000293974605141	0.0193384662403	0.0193515609094
0.000293974605141	0.0246413748455	0.0246580602767
0.000293974605141	0.0359990229848	0.0360233990282
0.000293974605141	0.0418929579391	0.0419213249468
0.000293974605141	0.0675596042554	0.0676053509371
0.000293974605141	0.111111351899	0.111186588805
0.000293974605141	0.124915415938	0.125
0.000587949210281	0.00354586066667	0.00355066431465
0.000587949210281	0.0193515609094	0.0193777768539
0.000587949210281	0.168026165083	0.168253793471
0.000587949210281	0.297704539384	0.298107845646
0.000587949210281	0.333333694514	0.333785268301
0.000587949210281	0.00216624789452	0.00216918255363
0.000587949210281	0.00273423235276	0.00273793647172
0.000587949210281	0.00461400209686	0.00462025277728
0.000587949210281	0.00692568206467	0.00693506442393
0.000587949210281	0.0499544777559	0.0500221520806
0.000587949210281	0.0674682037377	0.0675596042554
0.000881923815422	0.0024287894171	0.00243372658228
0.000881923815422	0.0246580602767	0.0247081843903
0.000881923815422	0.066022499257	0.0661567076747
0.000881923815422	0.166666847257	0.167005642276
0.000881923815422	0.0170046168834	0.0170391833229
0.00117589842056	0.00216918255363	0.00217506380417
0.00117589842056	0.167458440507	0.167912466398
0.00117589842056	0.0122790584476	0.0123123503524
0.00117589842056	0.167005642276	0.167458440507
0.00176384763084	0.0676053509371	0.0678804822677
0.00176384763084	0.222222703797	0.223127076415
0.00176384763084	0.339022545966	0.34040225516
0.00205782223598	0.328628896987	0.330189737795
0.00235179684112	0.0247249150603	0.0248591689041
0.00235179684113	0.00508295372694	0.00511055366304
0.00323372065655	0.298107845646	0.300335816264
0.00382166986683	0.0415259288814	0.0418929579391
0.00382166986683	0.0874954352883	0.0882687681922
0.00382166986683	0.00103790536732	0.00104707894728
0.00411564447197	0.330189737795	0.333333694514
0.00470359368225	0.668022569102	0.675296857946
0.00499756828739	0.0248591689041	0.0251468837099
0.00499756828739	0.19860429804	0.200902902521
0.00529154289253	0.00455812514435	0.00461400209686
0.00617346670795	0.13714643845	0.139109887892
0.00617346670795	0.0554805153915	0.0562747991383
0.00617346670795	0.985218501026	0.999323327503
0.00676141591823	0.333785268301	0.339022545966
0.00734936512852	0.040829117287	0.0415259288814
0.00852526354908	0.0661567076747	0.0674682037377
0.00852526354908	0.00132789738022	0.00135422172808
0.0114650096005	0.00693506442393	0.00712058228443
0.012640908021	0.00153488230595	0.00158021430011
0.0138168064416	0.00343482693381	0.00354586066667
0.014698730257	0.214827412265	0.222222703797
0.0211661715701	0.0833334236286	0.0874954352883
0.0235179684112	0.0123123503524	0.0129974732838
0.0252818160421	0.0678804822677	0.0719493268721
0.0255757906472	0.0144157435572	0.0152901884701
0.0264577144627	0.0009765625	0.00103790536732
0.0273396382781	0.00556555851492	0.00592718375468
0.0279275874884	0.00852536053845	0.0090916004592
0.0285155366986	0.201038940042	0.214682044464
0.0343950288015	0.0461508170606	0.0499544777559
0.0370408002477	0.00511055366304	0.00556555851492
0.0390986224837	0.300335816264	0.328628896987
0.0402745209043	0.125	0.13714643845
0.0414504193248	0.00462025277728	0.00508295372694
0.04174439393	0.0419213249468	0.0461508170606
0.0446841399814	0.0500560236151	0.0554805153915
0.0449781145865	0.0129974732838	0.0144157435572
0.0458600384019	0.0287340716684	0.0319342858954
0.0461540130071	0.00273793647172	0.00304493046921
0.0461540130071	0.0152901884701	0.0170046168834
0.0473299114276	0.00217653660663	0.0024271459221
0.0479178606379	0.0109963158562	0.0122790584476
0.0479178606379	0.022067192048	0.0246413748455
0.0490937590585	0.00158128431171	0.00177053175874
0.0493877336636	0.223127076415	0.25
0.0496817082688	0.111412605335	0.124915415938
0.050269657479	0.00104707894728	0.00117557159872
0.0505636320842	0.00243372658228	0.00273423235276
0.0508576066893	0.00355066431465	0.00399178573693
0.0520335051099	0.0319342858954	0.0359990229848
0.0520335051099	0.00304493046921	0.00343250268089
0.0526214543202	0.00117557159872	0.00132699882858
0.0540913273459	0.00135513871318	0.00153488230595
0.054385301951	0.0360233990282	0.040829117287
0.0549732511613	0.0170391833229	0.0193384662403
0.056443124187	0.0193777768539	0.022067192048
0.0570310733973	0.00399178573693	0.0045519585156
0.0579129972127	0.0251468837099	0.0287340716684
0.0637924893155	0.0719493268721	0.0833334236286
0.0670262099721	0.00592718375468	0.00691631239869
0.0693780068132	0.0562747991383	0.066022499257
0.0720237782594	0.168253793471	0.19860429804
0.0755514735211	0.25	0.29750309091
0.0779032703623	0.00712540384925	0.00852536053845
0.0784912195725	0.139109887892	0.166666847257
0.0826068640445	0.0090916004592	0.0109963158562
0.0876044323319	0.00177053175874	0.00216624789452
0.0996573911427	0.0882687681922	0.111036165903
0.124939207185	0.5	0.666667389029
0.164037829668	0.675296857946	0.985218501026
0.166683601115	0.34040225516	0.499661663751
