843	843
3550	3550
4893	4893
4872	4872
5380	5380
2390	2390
6440	6440
1395	1395
989	989
2057	2057
1062	1062
6086	6086
7146	7146
2211	2211
6638	6638
2255	2255
1370	1370
3425	3425
5145	5145
2684	2684
2176	2176
5603	5603
7200	7200
1364	1364
704	704
73	73
1437	1437
3644	3644
1895	1895
167	167
2934	2934
3515	3515
2834	2834
4525	4525
1077	1077
794	794
2349	2349
1231	1231
1071	1071
5841	5841
2872	2872
2924	2924
5356	5356
6068	6068
7534	7534
3332	3332
1756	1756
994	994
1227	1227
4392	4392
6345	6345
2795	2795
1575	1575
6012	6012
336	336
2391	2391
1142	1142
1854	1854
1367	1367
3320	3320
859	859
330	330
4236	4236
6443	6443
4003	4003
890	890
4461	4461
178	178
149	149
730	730
332	332
6233	6233
1188	1188
4884	4884
1436	1436
784	784
7774	7774
218	218
7195	7195
2252	2252
2375	2375
291	291
3283	3283
2398	2398
2369	2369
3712	3712
120	120
1586	1586
1099	1099
2552	2552
976	976
3337	3337
143	143
4570	4570
3258	3258
3381	3381
412	412
5386	5386
3302	3302
1451	1451
1401	1401
720	720
6244	6244
4393	4393
1199	1199
5503	5503
154	154
3581	3581
887	887
5170	5170
1722	1722
329	329
4845	4845
1397	1397
1020	1020
5326	5326
527	527
252	252
19	19
1189	1189
1799	1799
173	173
4689	4689
1343	1343
4050	4050
6359	6359
4885	4885
573	573
3005	3005
2324	2324
2701	2701
4756	4756
3313	3313
5999	5999
3407	3407
5462	5462
1129	1129
642	642
3103	3103
2197	2197
1587	1587
623	623
1052	1052
2285	2285
311	311
290	290
5916	5916
3557	3557
4523	4523
1075	1075
996	996
1	1
184	184
1294	1294
3705	3705
1825	1825
1340	1340
3649	3649
201	201
4484	4484
2379	2379
2612	2612
1748	1748
2837	2837
609	609
3693	3693
2808	2808
7672	7672
3847	3847
2577	2577
4632	4632
2150	2150
45	45
1388	1388
139	139
1563	1563
2173	2173
1665	1665
2296	2296
649	649
1759	1759
2958	2958
6254	6254
5594	5594
3125	3125
2240	2240
237	237
2648	2648
797	797
3360	3360
2415	2415
1349	1349
4145	4145
5532	5532
