0 0.0
0.0009765625 19696.6543494
0.0010372030453 23796.0197248
0.00103790536732 21814.0622682
0.00104212929754 21919.6653718
0.00110086369236 25302.8457723
0.0011060923043 23220.757022
0.00124688062279 27697.1619658
0.00124772492393 25149.3317276
0.00137640159801 28343.9678612
0.001381067932 28807.8475246
0.00154008592784 31598.751927
0.00154217231288 31105.2620441
0.00154321656509 31671.4260114
0.00156530994016 32659.3134958
0.00157274446479 32504.2889929
0.00166701681843 34107.2319021
0.00167153655954 32945.6613523
0.00173142051617 33379.2142924
0.00185393282699 34156.4314135
0.00186652469611 34631.8020609
0.00187031890761 34863.7263614
0.00199454230265 36078.5998569
0.00199589286847 35989.2337807
0.00213134013461 36974.3506615
0.00217653660663 36837.6338325
0.00232109845948 38873.6145516
0.00232267014649 39489.005064
0.00278654914387 40829.5042396
0.00279221355155 40666.1958879
0.00285335506676 40596.6880217
0.00308225753459 42066.8707916
0.0030927071324 42482.2605671
0.00309480129932 41889.6628344
0.0033137840682 42974.3264994
0.00332052022211 42505.2740012
0.00335667831665 43047.4119273
0.00359419104878 43782.9933031
0.00359662478586 43908.8067858
0.0036063762249 43862.5968302
0.0037381066285 44264.8800969
0.00390889504177 44541.5852287
0.00392746055122 44710.7019465
0.00399178573693 44660.9487732
0.00408195661038 44964.0884323
0.00411246395705 45341.8888156
0.00427134530888 46037.566355
0.00464219691896 46120.4922024
0.00464534029298 46441.8562863
0.00529364279271 48050.501114
0.00529722728072 47700.5239345
0.00574546997749 48951.4960501
0.00690228166203 50103.9010528
0.0069069554088 50312.2675105
0.0082976243624 52574.8249218
0.00830324293853 51328.5173912
0.00832575531395 52373.6664404
0.00901805016086 53315.4595918
0.00934112806281 53372.2186057
0.00963656284363 53489.9841526
0.0102003723366 53699.800754
0.0102141909839 53709.9079564
0.0103604218872 54176.545279
0.0103814822204 53484.4841887
0.0108705029357 54465.6723135
0.0118865079602 55250.5583157
0.011975344235 55273.2402201
0.0119834531081 55497.4797014
0.0130062742719 55599.2610694
0.0130327130088 55435.874266
0.0130503686844 55601.4804885
0.0144940196192 56346.3959704
0.0145038339647 55927.3108165
0.0146122313665 56590.4804082
0.0155301000845 56968.9010942
0.0164498558282 56746.3394713
0.0202220113857 57759.3691942
0.0223982720839 57865.795444
0.0230754085303 57982.4273357
0.0280613176188 58170.6878666
0.028156452266 58364.0879524
0.0286563763501 58725.9029753
0.0327663634369 58461.9876909
0.0333030212558 58721.6147295
0.0359259937776 58944.6536772
0.0359503203707 58862.792847
0.0397653657309 59197.8906024
0.0397922920806 58845.2993916
0.0405262360828 58992.4685545
0.0452843465513 59277.2694439
0.0454071248703 59077.557074
0.0459948832925 59121.8284764
0.0461508170606 59084.71445
0.0543284449168 59232.46075
0.0545864808187 58961.8034912
0.0555180829513 59335.5886571
0.0558195406517 59094.9257517
0.0558951604938 59373.7660529
0.0625 59293.8672957
0.0688989114567 59023.2610193
0.071560759027 59323.2244579
0.0727328036736 59151.0327929
0.0774062436375 58974.2564012
0.0833334236286 58768.87137
0.0833898512475 58713.0993055
0.0834463170752 59181.3765728
0.0835028211378 59053.307056
0.0940040801785 58714.4526424
0.0940677332265 58632.8441695
0.0943227767246 58856.2060521
0.0964534439808 58738.3589419
0.0965187555682 58786.851771
0.09658411138 58750.7771333
0.100044304161 58407.9439746
0.10011204723 58382.428017
0.102373488935 58715.0982295
0.111111351899 57861.1171645
0.111563538207 57576.1763705
0.119862570614 57854.1102659
0.120268933691 57887.8916402
0.120350371477 58170.8856372
0.124746419482 57949.6594673
0.125 57113.659204
0.137797822913 57269.2131374
0.142927890797 56628.6222712
0.143801281483 56519.9568481
0.143898653744 56306.7013026
0.150066293638 56612.6144304
0.166103715526 56352.1346041
0.166666847257 55513.4836343
0.168026165083 55014.5268784
0.178943758002 55161.1493584
0.182367667166 54862.2464699
0.199953213864 54485.9116722
0.200088608322 53723.5350233
0.20022409446 53835.358401
0.205302103242 53891.1909265
0.205719434769 53666.6083435
0.219680171577 53514.5782271
0.219828923764 53443.956122
0.220723554492 53880.2760847
0.222222703797 52866.1923264
0.25 50661.0612599
0.250169282673 50288.2246669
0.250677818763 50160.6462087
0.252380416742 50141.3304919
0.252722321513 50268.5569342
0.266604574029 50594.8769314
0.285855781594 49670.236535
0.28701911971 49095.5603796
0.292510942421 49508.4297855
0.308996855658 49076.1378405
0.30962497455 48974.7707431
0.333333694514 46497.6270789
0.337648428973 46377.578055
0.338563886734 46479.8646246
0.390015012492 45770.4195288
0.390279103628 46024.3521946
0.392398280567 45263.7074253
0.393995211277 45535.214877
0.425890568838 44402.4700668
0.427045275312 43915.5407382
0.434627559334 44198.2969608
0.438469037366 44042.6413801
0.479125851636 43893.7149786
0.5 36821.1692467
0.500338565347 35318.8713341
0.516512439511 35689.4230085
0.596215691292 34233.2620678
0.60475138044 34586.3982676
0.605160876162 34023.0203659
0.666667389029 31125.4334715
0.66711880998 31793.6707458
0.669833762027 31640.0325576
0.750507034813 31250.9969305
0.997971355855 30361.3998951
1 0.0
