0 12.4903459804
0.0009765625 10354.3150642
0.000977223760442 8703.94267605
0.000979210229541 9137.79497145
0.00102742029145 11455.6994058
0.00103650119852 11159.3815272
0.00109491839375 13164.1920953
0.0010956597966 12497.0457904
0.00109863043167 12591.4332528
0.00110909122476 14077.9576359
0.00119078842009 15642.1646576
0.0012127517696 14402.9603786
0.00134144889842 16397.5268297
0.00134326618593 15892.4601961
0.00144318959985 17463.9631403
0.00144416682783 18468.2289892
0.00147379338632 19028.5638179
0.00159958576461 19827.1221983
0.00160283735121 19386.8518545
0.00170121506363 20013.463356
0.0017104524932 19343.9537103
0.00185142466517 20916.3580479
0.00198377062433 21593.9182602
0.00198511389631 21960.193907
0.00207581073463 22268.2502209
0.00208143882849 22009.4254764
0.00208425859507 23189.4858516
0.00220620298548 23359.7924122
0.00231169064612 23836.0601422
0.00263966453975 24696.467565
0.00264145193763 24667.9607911
0.00303875338885 25819.1497044
0.00307392328308 25892.8634542
0.00321436616827 26417.3499022
0.00368035972467 27181.627752
0.00390096528473 27747.4639285
0.00431493543455 28136.2020072
0.00432370669683 28568.690324
0.00452431176497 28684.8099143
0.00452737531533 28874.252567
0.00506920970515 29056.0307295
0.00540223995394 29905.2728215
0.00540589797642 29761.6158221
0.00621058684705 30400.0086153
0.00621479222603 30833.2574719
0.00621900045259 30438.6141322
0.00622321152868 30810.415644
0.00746609878445 31681.7743244
0.0074711543091 32243.116507
0.00794583231144 32250.472625
0.00895115187667 32966.332233
0.00896934749094 33356.6231559
0.0101384194103 34006.0551149
0.0103044696361 33452.6758023
0.0103254162313 33448.6866788
0.0110784990963 34165.1063432
0.0111688542062 33994.0629852
0.0119106704721 34397.553352
0.0119187355527 34467.0723306
0.0125479348158 34577.1270515
0.0143378902311 35616.3966287
0.0143767641951 35471.2397593
0.01440598882 35501.9108575
0.0144940196192 35424.5188224
0.0150437964347 35491.6113691
0.0153316443766 35726.2385328
0.0153836223557 35809.1229743
0.0154148936895 35708.1910351
0.0161519433105 36029.3413957
0.0172363912561 36474.8272607
0.0172948267873 35990.5109645
0.0182078340624 36645.9918898
0.019668506868 36558.6165747
0.0196818250177 36466.0585425
0.0196951521855 36662.2385813
0.0219926317124 37238.8446678
0.0220075235984 36739.3975731
0.0220970869121 36923.0658432
0.024442028154 37398.4283407
0.0244585786015 37379.5554254
0.0251298675053 37605.8641698
0.0263136123236 37529.91981
0.0283476902422 37698.6214143
0.0343330583646 38116.7407163
0.0344261447291 38120.7277261
0.036987050338 38126.2681174
0.0370371574308 38291.3674564
0.0371375753517 38137.5046793
0.0371627223438 38388.03692
0.0442840103224 38460.686958
0.0444341438178 38448.0176104
0.0534891699053 38671.8397854
0.053525389064 38533.4832303
0.0560087823822 38536.9733119
0.0560846585938 38888.425983
0.063609701427 38591.4599559
0.0638253536849 38657.3936063
0.0638685717909 38739.3588976
0.0685268176135 38788.3247971
0.0695549439461 38719.1329634
0.0828833750979 38822.6181596
0.0829956588549 38635.2422941
0.0833334236286 38925.5520352
0.0833898512475 38661.0110093
0.0867288776437 38353.6137805
0.0964534439808 38448.919944
0.0965187555682 38185.741407
0.0971743087361 38602.9421518
0.100044304161 38521.319041
0.106544738104 38637.9550867
0.107413706133 38438.8038011
0.111111351899 38332.1278252
0.11369819451 38214.1154841
0.125 37901.6874299
0.125084641337 37937.7262541
0.125169339987 37704.1851357
0.142444967937 37829.8107587
0.142541421797 37512.3350946
0.143121518054 37356.112956
0.166554068385 37361.2673392
0.166666847257 37063.0922156
0.180769922907 36397.7985762
0.184353520861 36592.8342462
0.199953213864 36528.4341326
0.200088608322 36279.1526459
0.210366453007 36113.9710693
0.210508898589 35751.8844979
0.222222703797 35460.9447534
0.223429351104 35481.7345677
0.233321413582 35329.6973457
0.25 34433.0811192
0.277279730499 34070.8198489
0.277655366865 33675.7235206
0.277843375836 34120.1629688
0.291522610331 33737.2074383
0.292313008311 33081.5868949
0.292510942421 33735.2191529
0.295296134199 33361.2555108
0.330637052401 33765.0410446
0.333333694514 31856.5434693
0.33355940499 31705.028025
0.353792792446 31688.8718548
0.394528964427 31385.4360571
0.398285537836 31639.5612889
0.402895211096 31017.0090899
0.403168023809 30816.6445772
0.404808783799 31136.4482108
0.463808627813 30488.2216471
0.5 24772.1501877
0.594603557501 24816.6948725
0.599858991619 24287.7737962
0.600265174554 24030.7354184
0.603524555093 23920.5163583
0.666667389029 22042.2220414
0.668022569102 21963.0195415
0.674383257532 22317.2859322
0.677127773468 22788.1069646
0.979234683266 21635.60612
0.979897753126 21585.696994
1 0.0
