0 0.0
0.00121357296105 636.993920731
0.00121439470855 1103.68717337
0.00126644487759 912.1574666
0.00137082280436 622.979285469
0.00137267988528 1668.16235359
0.00137360936896 1186.05001644
0.00143345361587 2049.61837879
0.00144221303314 1868.47319666
0.00163350603481 3032.19661372
0.00183769030672 3981.25951019
0.00185770144215 3810.86873146
0.00185895934881 3857.7779968
0.00186021810724 3474.53232824
0.00196373027561 4186.33400398
0.00199589286847 4004.46108734
0.00207300239705 4181.39448294
0.0021809610004 4871.80035393
0.00264682139636 5498.34685708
0.00269929220337 5802.8176225
0.0030202972327 6093.93699174
0.0030780875881 6104.27082053
0.00340243012726 6547.75664262
0.00342090498639 6482.76889978
0.00386155714767 7022.6173791
0.00422533443357 7236.0320093
0.00499766096682 7485.09287863
0.00546106649012 7826.41260859
0.00546476434585 7664.37105134
0.00552427172802 7788.34397873
0.00656950324417 8482.95953317
0.0067910556146 8248.93265727
0.0067956540468 8385.79328195
0.00716894511553 8486.32834158
0.008130823469 8819.14636736
0.00815838892521 8899.23698069
0.00939820897401 9321.6184164
0.00940457278977 9232.92598008
0.0094173133516 9218.67621751
0.00948769558996 9101.75578916
0.00949411999985 9398.45447655
0.00996829514372 9308.61036398
0.0101178521651 9370.66766655
0.0101315590207 9495.157465
0.011766428672 9714.4847479
0.011774396082 9539.51515949
0.0129010545851 9777.19852172
0.0129272794348 9931.65429124
0.0143475988566 9978.0459542
0.0143962406836 10103.9704101
0.0155827508763 10225.4250563
0.0188729131279 10414.8054444
0.0188856925567 10334.3509384
0.0197619235103 10457.0435507
0.0199365902874 10409.0087531
0.0220522597861 10644.0539054
0.0251809506935 10682.1791426
0.0280613176188 10874.914776
0.028617607508 10899.1840217
0.0330112496285 10974.4086322
0.0333481375212 11060.6532884
0.034777471973 11033.5110113
0.0348245857061 11039.4084439
0.037592835896 11148.3416054
0.0377202846933 11154.0221791
0.0388080566273 11111.379823
0.0435999034364 11236.2831458
0.0499206749346 11269.589629
0.0500221520806 11327.4039806
0.0503278228734 11356.0954319
0.0555180829513 11416.3278289
0.0556309383286 11401.2523245
0.057003230794 11408.0221157
0.0663809948992 11463.6290963
0.0672402430664 11528.9484207
0.0714639453986 11553.4616993
0.071560759027 11558.5434861
0.0833334236286 11595.4363457
0.0833898512475 11637.9878674
0.0835593634609 11580.4369351
0.0836159440706 11672.1890012
0.0837292202533 11620.8629265
0.0986990280246 11639.4808143
0.0993693895528 11636.029861
0.100519470021 11684.2157407
0.110511286541 11701.6282421
0.110961030783 11698.627907
0.112169317188 11728.4853808
0.114083658862 11592.6580227
0.11439297104 11707.880884
0.125338909381 11668.9649111
0.126361160756 11719.3203645
0.133121944069 11674.2311927
0.133392550085 11632.6852364
0.153560067013 11545.5896402
0.166666847257 11470.6896616
0.166779702495 11507.5787383
0.169167394932 11506.2533445
0.181997708066 11470.3420611
0.200088608322 11364.6517208
0.213667220388 11393.8865619
0.222222703797 11218.6938036
0.22647471214 11134.3878724
0.25 10938.6871192
0.25965852549 10957.385844
0.293502625195 10824.0859364
0.324429421129 10721.6453445
0.333333694514 10115.0578617
0.33355940499 10300.456342
0.334916881013 10307.2269808
0.394261997527 10095.6682671
0.399906427728 10144.2506959
0.400177216645 9877.02193357
0.401805805042 9875.81188171
0.402350139359 9861.42341895
0.489948876563 9713.42694598
0.490944828916 9714.13553451
0.491277262728 9720.35905047
0.499661663751 9758.64234193
0.5 8593.5650808
0.500338565347 8101.4920947
0.505444643026 8092.64006725
0.585814425626 7845.88475849
0.586211098554 7634.67203704
0.609271114914 7915.95845516
0.617575531968 7721.62722616
0.666667389029 7221.06317662
0.66711880998 7111.3934948
0.668927552565 6932.10678221
0.70138634561 6988.42296529
0.766422031039 6771.94816308
0.76694099892 6857.49730423
0.845462399635 6840.07280554
0.866904701581 6797.91519194
1 0.0
