0.00029397460514	0.00111134574981	0.00111209827613
0.00029397460514	0.00155896546834	0.00156002109171
0.00029397460514	0.00655617605988	0.00656061544792
0.00029397460514	0.0165952487248	0.0166064858771
0.00029397460514	0.017853896928	0.0178659863496
0.00029397460514	0.0243100271108	0.0243264881763
0.00029397460514	0.035563063994	0.0355871448361
0.00029397460514	0.0770403363727	0.0770925027491
0.000293974605141	0.142155997787	0.142252255976
0.000293974605141	0.142252255976	0.142348579345
0.000293974605141	0.143121518054	0.143218430027
0.000293974605141	0.143801281483	0.143898653744
0.000293974605141	0.229561581706	0.229717024899
0.000293974605141	0.229717024899	0.229872573347
0.000293974605141	0.333333694514	0.33355940499
0.000293974605141	0.333785268301	0.334011284551
0.000293974605141	0.415637704035	0.415919145082
0.000293974605141	0.499323556445	0.499661663751
0.000293974605141	0.666667389029	0.66711880998
0.000293974605141	0.400177216645	0.400448188921
0.000293974605141	0.499661663751	0.5
0.000293974605141	0.00155685636405	0.00155791055928
0.000293974605141	0.00155791055928	0.00155896546834
0.000293974605141	0.00193863620154	0.00193994891161
0.000293974605141	0.00193994891161	0.00194126251056
0.000293974605141	0.00194126251056	0.00194257699899
0.000293974605141	0.00280547532157	0.00280737499502
0.000293974605141	0.00430326809114	0.00430618196605
0.000293974605141	0.00497403651007	0.00497740458286
0.000293974605141	0.00976130033777	0.00976791001383
0.000293974605141	0.0136558607501	0.0136651075525
0.000293974605141	0.0187455934881	0.0187582867048
0.000293974605141	0.0655771010946	0.0656215053625
0.000293974605141	0.124915415938	0.125
0.000293974605141	0.143218430027	0.143315407621
0.000293974605141	0.163316469148	0.163427055742
0.000293974605141	0.33355940499	0.333785268301
0.000587949210281	0.00724700980958	0.00725682747793
0.000587949210281	0.0522014747376	0.0522721931138
0.000587949210281	0.0833334236286	0.0834463170752
0.000587949210281	0.3317579919	0.332207431051
0.000587949210281	0.00241730828004	0.00242058305565
0.000587949210281	0.00500443139754	0.00501121100031
0.000587949210281	0.00656061544792	0.00656950324417
0.000587949210281	0.166666847257	0.16689263415
0.000881923815422	0.00259010547181	0.00259537055509
0.000881923815422	0.0125564314076	0.0125819557184
0.000881923815422	0.0222321157702	0.0222773085016
0.000881923815422	0.00144318959985	0.00144612326936
0.000881923815422	0.00356511433945	0.00357236138946
0.00117589842056	0.00976791001383	0.00979439350454
0.00117589842056	0.16689263415	0.167345125986
0.00117589842056	0.111111351899	0.111412605335
0.00117589842056	0.507501634895	0.508877611416
0.00117589842056	0.0234851175507	0.023548792164
0.00117589842056	0.0998413498693	0.10011204723
0.0014698730257	0.00129680716961	0.00130120365926
0.0014698730257	0.0136651075525	0.013711435569
0.0014698730257	0.0834463170752	0.0837292202533
0.0014698730257	0.143315407621	0.143801281483
0.0014698730257	0.332207431051	0.333333694514
0.0014698730257	0.66711880998	0.669380503942
0.0014698730257	0.163427055742	0.16398111295
0.00176384763084	0.00104920741576	0.00105347734156
0.00176384763084	0.505444643026	0.507501634895
0.00176384763084	0.398555229198	0.400177216645
0.00176384763084	0.00181297924559	0.00182035746914
0.00176384763084	0.0770925027491	0.0774062436375
0.00205782223598	0.10011204723	0.10058753484
0.00205782223598	0.0522721931138	0.052520462736
0.00205782223598	0.0829394979751	0.0833334236286
0.00235179684112	0.00497740458286	0.00500443139754
0.00235179684112	0.142348579345	0.143121518054
0.00264577144627	0.00104283495527	0.00104920741576
0.00382166986683	0.0106016283918	0.0106953314295
0.00411564447197	0.0573903954264	0.0579368476589
0.00440961907711	0.361539845815	0.365229448545
0.00470359368225	0.5	0.505444643026
0.00529154289253	0.0819350757203	0.0829394979751
0.00676141591823	0.00130120365926	0.0013216202729
0.00676141591823	0.00259537055509	0.00263609337162
0.00705539052337	0.16398111295	0.166666847257
0.00705539052337	0.531407548066	0.540111108234
0.00734936512852	0.0014189726522	0.00144318959985
0.00734936512852	0.282968023566	0.287797307488
0.00734936512852	0.655480605762	0.666667389029
0.00764333973366	0.0178659863496	0.0181832009184
0.00823128894394	0.440253460759	0.448677268751
0.00999513657478	0.600265174554	0.614240268053
0.0102891111799	0.0166064858771	0.0170046168834
0.0105830857851	0.0122541486076	0.0125564314076
0.0117589842056	0.448677268751	0.46099164224
0.0117589842056	0.365229448545	0.375253517407
0.0117589842056	0.266785100169	0.274107270454
0.0132288572313	0.0181832009184	0.0187455934881
0.0138168064416	0.023548792164	0.0243100271108
0.0138168064416	0.274107270454	0.282968023566
0.0158746286776	0.0243264881763	0.025232137722
0.0161686032827	0.400448188921	0.415637704035
0.0164625778879	0.0656215053625	0.0681567332916
0.0170505270982	0.200088608322	0.20810038835
0.0176384763084	0.00629523767337	0.00655617605988
0.0179324509136	0.229872573347	0.239562925818
0.0185204001239	0.239562925818	0.25
0.018814374729	0.508877611416	0.531407548066
0.018814374729	0.03110227804	0.032479293531
0.0191083493341	0.182491153911	0.190699768843
0.0202842477547	0.00357236138946	0.00374317071591
0.020872196965	0.00194257699899	0.00203821709195
0.020872196965	0.190699768843	0.200088608322
0.0211661715701	0.0837292202533	0.0879109996137
0.0211661715701	0.0170046168834	0.017853896928
0.022930019201	0.0222773085016	0.0234851175507
0.0232239938061	0.111412605335	0.117532594703
0.0232239938061	0.00105347734156	0.00111134574981
0.0246938668318	0.415919145082	0.440253460759
0.0246938668318	0.0774062436375	0.0819350757203
0.0255757906472	0.00227906257217	0.00241730828004
0.0261637398575	0.375253517407	0.398555229198
0.0264577144627	0.117532594703	0.124915415938
0.0270456636729	0.00263609337162	0.00280547532157
0.0273396382781	0.00182035746914	0.00193863620154
0.0273396382781	0.125	0.133121944069
0.0279275874884	0.00430618196605	0.004592191235
0.0282215620935	0.25	0.266785100169
0.0282215620935	0.750507034813	0.800896377841
0.0282215620935	0.00121521701248	0.00129680716961
0.0282215620935	0.614240268053	0.655480605762
0.0285155366986	0.0009765625	0.00104283495527
0.0285155366986	0.133121944069	0.142155997787
0.0293974605141	0.00169431974485	0.00181297924559
0.0293974605141	0.00242058305565	0.00259010547181
0.0296914351192	0.0487518765615	0.0522014747376
0.0302793843295	0.00280737499502	0.00301009229249
0.0305733589346	0.0154671539038	0.0165952487248
0.0305733589346	0.0187582867048	0.0201264198606
0.0308673335398	0.0013216202729	0.0014189726522
0.0320432319603	0.00144612326936	0.00155685636405
0.0332191303809	0.00330258749857	0.00356511433945
0.0343950288015	0.334011284551	0.361539845815
0.0343950288015	0.00979439350454	0.0106016283918
0.0346890034066	0.004592191235	0.00497403651007
0.0346890034066	0.46099164224	0.499323556445
0.0352769526169	0.0355871448361	0.038598470748
0.035570927222	0.0125819557184	0.0136558607501
0.0358649018272	0.00156002109171	0.00169431974485
0.0364528510374	0.025232137722	0.0274414400058
0.037628749458	0.167345125986	0.182491153911
0.0385106732734	0.052520462736	0.0573903954264
0.0385106732734	0.00111209827613	0.00121521701248
0.0393925970888	0.032479293531	0.035563063994
0.0393925970888	0.038598470748	0.042263231002
0.0402745209043	0.00301009229249	0.00330258749857
0.0426263177454	0.20810038835	0.229561581706
0.0426263177454	0.00656950324417	0.00724700980958
0.0429202923505	0.00570284855972	0.00629523767337
0.0432142669557	0.10058753484	0.111111351899
0.0432142669557	0.0201264198606	0.0222321157702
0.0458600384019	0.540111108234	0.600265174554
0.0485058098482	0.00203821709195	0.00227906257217
0.0496817082688	0.669380503942	0.750507034813
0.052327479715	0.013711435569	0.0154671539038
0.0532094035304	0.0681567332916	0.0770403363727
0.0537973527407	0.0579368476589	0.0655771010946
0.054385301951	0.0274414400058	0.03110227804
0.0549732511613	0.143898653744	0.163316469148
0.0552672257664	0.0879109996137	0.0998413498693
0.0561491495819	0.00501121100031	0.00570284855972
0.0590888956333	0.0106953314295	0.0122541486076
0.060558768659	0.00374317071591	0.00430326809114
0.0617346670795	0.287797307488	0.3317579919
0.0620286416847	0.042263231002	0.0487518765615
0.0623226162898	0.0084563910744	0.00976130033777
0.0664382607618	0.00725682747793	0.0084563910744
0.0964236704861	0.800896377841	1
