0.00029397460514	0.0059513054245	0.00595533523607
0.00029397460514	0.0066275681364	0.00663205586621
0.00029397460514	0.0152385261843	0.0152488446581
0.00029397460514	0.0177334517318	0.0177454595962
0.00029397460514	0.0647829426857	0.0648268092046
0.00029397460514	0.0995040072415	0.0995713844589
0.000293974605141	0.111186588805	0.111261876657
0.000293974605141	0.125	0.125084641337
0.000293974605141	0.125084641337	0.125169339987
0.000293974605141	0.145761305165	0.145860004619
0.000293974605141	0.153872218989	0.153976410592
0.000293974605141	0.181751485713	0.181874555222
0.000293974605141	0.181997708066	0.1821209443
0.000293974605141	0.188390337312	0.188517902191
0.000293974605141	0.188517902191	0.188645553449
0.000293974605141	0.222222703797	0.222373177611
0.000293974605141	0.25	0.250169282673
0.000293974605141	0.34668076239	0.346915510575
0.000293974605141	0.429945757	0.430236886468
0.000293974605141	0.498985677928	0.499323556445
0.000293974605141	0.666216273542	0.666667389029
0.000293974605141	0.346446173052	0.34668076239
0.000293974605141	0.567854707079	0.56823921893
0.000293974605141	0.751015226162	0.751523761622
0.000293974605141	0.750507034813	0.751015226162
0.000293974605141	0.00101910854598	0.00101979861565
0.000293974605141	0.00117477612175	0.00117557159872
0.000293974605141	0.00125365106127	0.00125449994688
0.000293974605141	0.0012950527359	0.00129592965586
0.000293974605141	0.0015463535662	0.00154740064966
0.000293974605141	0.00178981158552	0.00179102352188
0.000293974605141	0.00220172738471	0.0022032182419
0.000293974605141	0.00220919177255	0.00221068768411
0.000293974605141	0.0023655103483	0.00236711210796
0.000293974605141	0.00249713959355	0.00249883048341
0.000293974605141	0.00315615289711	0.00315829002511
0.000293974605141	0.0033909340415	0.00339323014702
0.000293974605141	0.00445140524802	0.00445441943114
0.000293974605141	0.00761926309213	0.00762442232903
0.000293974605141	0.0101247032734	0.0101315590207
0.000293974605141	0.0111764169802	0.0111839848752
0.000293974605141	0.0111839848752	0.0111915578946
0.000293974605141	0.0123040189235	0.0123123503524
0.000293974605141	0.0210317241839	0.0210459654099
0.000293974605141	0.0306425397491	0.0306632887533
0.000293974605141	0.111111351899	0.111186588805
0.000293974605141	0.125423780204	0.125508708495
0.000293974605141	0.166666847257	0.166779702495
0.000293974605141	0.181874555222	0.181997708066
0.000293974605141	0.218493772001	0.218641720841
0.000293974605141	0.250169282673	0.250338679973
0.000587949210281	0.0131123521198	0.013130115684
0.000587949210281	0.01637209567	0.0163942752737
0.000587949210281	0.0903849614537	0.0905074077589
0.000587949210281	0.166779702495	0.167005642276
0.000587949210281	0.499323556445	0.5
0.000587949210281	0.5	0.500677359946
0.000587949210281	0.153664047248	0.153872218989
0.000587949210281	0.666667389029	0.667570536602
0.000587949210281	0.00191256774075	0.00191515873432
0.000587949210281	0.0646952986777	0.0647829426857
0.000881923815422	0.001385750086	0.00138856699431
0.000881923815422	0.00163461213188	0.00163793491896
0.000881923815422	0.00304699228509	0.00305318611323
0.000881923815422	0.00693976036891	0.00695386729108
0.000881923815422	0.100928550888	0.101133715207
0.000881923815422	0.105754361022	0.105969335093
0.000881923815422	0.376525717503	0.377291106898
0.000881923815422	0.59500618182	0.596215691292
0.000881923815422	0.608035120634	0.609271114914
0.000881923815422	0.0130857518234	0.0131123521198
0.000881923815422	0.0200041801458	0.0200448440012
0.000881923815422	0.0341014421538	0.034170762471
0.000881923815422	0.0826592631002	0.0828272901975
0.000881923815422	0.0905074077589	0.0906913883128
0.000881923815422	0.125169339987	0.125423780204
0.000881923815422	0.29992949581	0.300539182863
0.000881923815422	0.00104566236767	0.00104778795657
0.000881923815422	0.0017267388522	0.00173024891152
0.000881923815422	0.00897542091142	0.00899366585901
0.000881923815422	0.016338882514	0.01637209567
0.00117589842056	0.00125449994688	0.00125790124129
0.00117589842056	0.0022032182419	0.00220919177255
0.00117589842056	0.0671492746084	0.0673313347613
0.00117589842056	0.1821209443	0.182614724273
0.00117589842056	0.428783207787	0.429945757
0.00117589842056	0.0241133609952	0.0241787389492
0.0014698730257	0.0138795207378	0.0139265756668
0.0014698730257	0.598237006549	0.600265174554
0.0014698730257	0.751523761622	0.754071608766
0.0014698730257	0.375253517407	0.376525717503
0.0014698730257	0.596215691292	0.598237006549
0.0014698730257	0.0919275196398	0.0922391761439
0.00176384763084	0.218641720841	0.219531520047
0.00176384763084	0.995946827107	1
0.00176384763084	0.00117557159872	0.00118035578479
0.00176384763084	0.0555556759493	0.0557817691037
0.00176384763084	0.333333694514	0.334690251971
0.00205782223598	0.187499796836	0.188390337312
0.00235179684112	0.500677359946	0.5033959885
0.00264577144627	0.0552182532963	0.0555556759493
0.00293974605141	0.0208898408652	0.0210317241839
0.00293974605141	0.0221120495279	0.0222622340597
0.00352769526169	0.00101086404184	0.00101910854598
0.00411564447197	0.0121879691404	0.0123040189235
0.00411564447197	0.250338679973	0.252722321513
0.00499756828739	0.300539182863	0.304017560317
0.00529154289253	0.219531520047	0.222222703797
0.00558551749767	0.00129592965586	0.00131270441471
0.00558551749767	0.00138856699431	0.00140654086841
0.00558551749767	0.600265174554	0.608035120634
0.00587949210281	0.00191515873432	0.00194126251056
0.00587949210281	0.0263492598976	0.0267084025484
0.00587949210281	0.0306632887533	0.0310812319839
0.00587949210281	0.0906913883128	0.0919275196398
0.00587949210281	0.145860004619	0.147848088873
0.00587949210281	0.0995713844589	0.100928550888
0.00587949210281	0.167005642276	0.169281943367
0.00646744131309	0.252722321513	0.256513982685
0.00705539052337	0.00109269719396	0.00111059373271
0.00734936512852	0.00315829002511	0.00321219109509
0.00734936512852	0.0453456941564	0.046119588072
0.00764333973366	0.00445441943114	0.00453350864073
0.0079373143388	0.304017560317	0.30962497455
0.00823128894394	0.0049673072002	0.00506235163668
0.00881923815422	0.430236886468	0.439063040093
0.00911321275936	0.278785332016	0.284697158689
0.00999513657478	0.0557817691037	0.0570804542046
0.0102891111799	0.272258099703	0.278785332016
0.0102891111799	0.400177216645	0.409771236665
0.0108770603902	0.00101979861565	0.00104566236767
0.0108770603902	0.0222622340597	0.0228268405341
0.0114650096005	0.182614724273	0.187499796836
0.0117589842056	0.00118035578479	0.0012127517696
0.0120529588108	0.19461190541	0.200088608322
0.012640908021	0.00125790124129	0.0012950527359
0.012640908021	0.00432370669683	0.00445140524802
0.012640908021	0.00983425343398	0.0101247032734
0.0135228318365	0.188645553449	0.19461190541
0.0135228318365	0.200088608322	0.206416873361
0.0144047556519	0.0673313347613	0.0696020417335
0.0144047556519	0.0012127517696	0.00125365106127
0.0144047556519	0.00305318611323	0.00315615289711
0.014698730257	0.00173024891152	0.00178981158552
0.0149927048622	0.334690251971	0.346446173052
0.0149927048622	0.0009765625	0.00101086404184
0.0152866794673	0.0648268092046	0.0671492746084
0.0158746286776	0.0241787389492	0.0250788879467
0.016756552493	0.147848088873	0.153664047248
0.0179324509136	0.0200448440012	0.0208898408652
0.0179324509136	0.222373177611	0.231747390635
0.0182264255187	0.00104778795657	0.00109269719396
0.018814374729	0.00339323014702	0.00354346128027
0.018814374729	0.0696020417335	0.0726835873857
0.0194023239393	0.101133715207	0.105754361022
0.0196962985444	0.00354346128027	0.00370786565399
0.0196962985444	0.409771236665	0.428783207787
0.0196962985444	0.00663205586621	0.00693976036891
0.0199902731496	0.56823921893	0.59500618182
0.0202842477547	0.00540589797642	0.00566437624653
0.0205782223598	0.00140654086841	0.00147479133706
0.0205782223598	0.00147479133706	0.0015463535662
0.0205782223598	0.105969335093	0.111111351899
0.0214601461753	0.0210459654099	0.0221120495279
0.0214601461753	0.0250788879467	0.0263492598976
0.0214601461753	0.00566437624653	0.0059513054245
0.0220480953855	0.00249883048341	0.00262896552299
0.0226360445958	0.284697158689	0.29992949581
0.0226360445958	0.00370786565399	0.00390625
0.0226360445958	0.00629097785918	0.0066275681364
0.022930019201	0.00163793491896	0.0017267388522
0.022930019201	0.53865067809	0.567854707079
0.0232239938061	0.00236711210796	0.00249713959355
0.0235179684112	0.00321219109509	0.0033909340415
0.0235179684112	0.034170762471	0.0360722006434
0.0235179684112	0.00131270441471	0.001385750086
0.0238119430164	0.0228268405341	0.0241133609952
0.0238119430164	0.00154740064966	0.00163461213188
0.0238119430164	0.00595533523607	0.00629097785918
0.0241059176215	0.013130115684	0.0138795207378
0.0243998922267	0.00111059373271	0.00117477612175
0.0246938668318	0.206416873361	0.218493772001
0.0255757906472	0.377291106898	0.400177216645
0.0258697652524	0.256513982685	0.272258099703
0.0264577144627	0.0123123503524	0.0130857518234
0.0267516890678	0.137053635227	0.145761305165
0.0285155366986	0.754071608766	0.805245165975
0.0285155366986	0.00179102352188	0.00191256774075
0.0285155366986	0.00506235163668	0.00540589797642
0.0291034859089	0.00284949479947	0.00304699228509
0.0293974605141	0.00221068768411	0.0023655103483
0.0293974605141	0.5033959885	0.53865067809
0.0296914351192	0.00762442232903	0.00816391322076
0.0299854097243	0.0152488446581	0.016338882514
0.0308673335398	0.169281943367	0.181751485713
0.0320432319603	0.30962497455	0.333333694514
0.0329251557757	0.0922391761439	0.0995040072415
0.0329251557757	0.231747390635	0.25
0.0341010541963	0.346915510575	0.375253517407
0.0341010541963	0.0163942752737	0.0177334517318
0.0343950288015	0.153976410592	0.166666847257
0.0349829780117	0.00262896552299	0.00284949479947
0.0370408002477	0.0111915578946	0.0121879691404
0.0379227240631	0.046119588072	0.0503278228734
0.0379227240631	0.0828272901975	0.0903849614537
0.0382166986683	0.125508708495	0.137053635227
0.0388046478786	0.00899366585901	0.00983425343398
0.0388046478786	0.609271114914	0.666216273542
0.0390986224837	0.0139265756668	0.0152385261843
0.039686571694	0.00453350864073	0.0049673072002
0.039686571694	0.00695386729108	0.00761926309213
0.0402745209043	0.0310812319839	0.0341014421538
0.0402745209043	0.0503278228734	0.0552182532963
0.0411564447197	0.0360722006434	0.0396578424122
0.0411564447197	0.00816391322076	0.00897542091142
0.0426263177454	0.0101315590207	0.0111764169802
0.0440961907711	0.00390625	0.00432370669683
0.0505636320842	0.111261876657	0.125
0.0508576066893	0.667570536602	0.750507034813
0.0520335051099	0.0177454595962	0.0200041801458
0.054385301951	0.0570804542046	0.0646952986777
0.0546792765562	0.00194126251056	0.00220172738471
0.0555612003716	0.439063040093	0.498985677928
0.0558551749767	0.0726835873857	0.0826592631002
0.0582069718178	0.0396578424122	0.0453456941564
0.0596768448435	0.0267084025484	0.0306425397491
0.0923080260142	0.805245165975	0.995946827107
