0 0.0
0.0009765625 31467.034721
0.000997271151327 31992.2788709
0.000997946434233 31155.3730318
0.00108900520319 37451.5711461
0.00108974260203 37587.3987432
0.0010904805002 37826.3844519
0.00118756859499 37846.5217059
0.00119806498108 42236.4297672
0.00121933689179 41136.0994983
0.00126045826256 42004.5749496
0.00126131175754 41024.302178
0.00130032317053 42274.9255183
0.00131181614374 44828.6058021
0.00137640159801 42898.2743151
0.001381067932 45308.1219258
0.0015070850622 48701.9807152
0.00151321839799 47683.1800211
0.00156530994016 47795.3394881
0.00157061671908 49062.3529993
0.00169661507351 50616.820063
0.00179223627888 52293.0088221
0.00196505997765 53761.6320291
0.0020395972313 53982.590246
0.00213856589267 56661.6948723
0.00216478205415 56186.3247845
0.00228369537743 56733.8483468
0.00252775142321 58857.5993926
0.00253288975518 58983.4363664
0.00290205195334 60654.0724402
0.00290401702179 61052.3503953
0.0029257207934 61534.2726509
0.00308017185568 62481.3692335
0.0032625921711 63327.7995256
0.00326701206961 62872.4904049
0.00356511433945 64651.8928743
0.00356752838779 64719.2092259
0.00392480294668 65664.4627869
0.00394878627364 66127.8758687
0.00405441908918 67129.9194764
0.00424253014173 67464.7568684
0.00425979583072 67266.2498691
0.00475027437995 69488.4674712
0.00479875209417 69309.5619089
0.00495052372856 69343.745317
0.00518371862345 70376.4388396
0.00549443747586 70743.6808021
0.00580017642919 72654.6057274
0.00596340304718 72747.4904591
0.00596744105042 72925.0054713
0.00641569072633 73483.1463293
0.00642873233654 73686.4845296
0.00718838209756 75179.7677369
0.00719324957171 75290.3330372
0.00723720542343 75327.7386377
0.00724210595736 75128.602855
0.00738067638434 75223.6318344
0.00780721349611 76252.2674424
0.0078125 75757.9346561
0.00853113332174 77000.3311554
0.00856585220169 76968.1879625
0.00890883886229 78057.0810037
0.00893299317482 78445.4780183
0.00906701728146 77734.0200117
0.00957803426766 78317.6010975
0.00966269021604 78829.7337569
0.010241884465 79258.4847265
0.0105229827049 80088.974158
0.0110560247639 80152.5278404
0.0112294999801 79620.3778476
0.0116160680872 80232.9669285
0.0119187355527 80707.1500194
0.0130946125876 81400.6220789
0.0143767641951 82163.0766424
0.0143962406836 81852.4065136
0.01440598882 82427.4916711
0.0162506431287 82438.092736
0.0163167778504 82176.7875942
0.0200448440012 82672.8175032
0.0225198924864 82927.9424275
0.0274414400058 83529.8454379
0.032655652883 83427.7972907
0.0326998921456 83699.3805895
0.0329889118238 83362.1169011
0.0348245857061 83271.0730143
0.0363417936928 83686.3529897
0.0409952782375 84041.3747236
0.0410786121234 83747.1542216
0.0417796817305 83736.5443893
0.0418646101267 83994.7272764
0.045161900218 84203.7472576
0.0462759446195 84148.8842443
0.0474174700374 83579.1809969
0.0500221520806 84006.5565963
0.0500560236151 83971.2771383
0.0531283235537 83720.0107178
0.0561226352376 84005.0033089
0.0562367195294 83797.9596277
0.061492850726 83628.7801827
0.0653113057661 83899.7901028
0.0653555300558 83595.6042665
0.0666511435073 83631.3034986
0.0666962750423 83564.8035563
0.0714155877122 83717.1552714
0.0714639453986 83512.9500308
0.0718519875552 83371.3455298
0.0759529599988 83642.6915644
0.0776686695072 83232.0409354
0.0777212613472 83355.8617177
0.077826551886 83530.8699017
0.0793156848245 83228.9048093
0.0833334236286 82903.9660027
0.0833898512475 83273.0125945
0.0846409716836 83102.2257231
0.0892903723978 82755.5037269
0.0909372776112 82547.7651477
0.0926772711243 82555.885057
0.0948349400749 82831.414989
0.100044304161 81911.7299908
0.10045145126 81935.9004723
0.107195801947 81485.2060306
0.107413706133 81873.430458
0.111036165903 81689.3387842
0.111111351899 81093.8843796
0.111261876657 80981.7853905
0.111563538207 81473.0305106
0.115325948457 81075.5007667
0.115873695318 80943.2722162
0.124915415938 80488.0865165
0.125 80592.2447423
0.125084641337 80278.652884
0.125423780204 79886.4435643
0.133392550085 79821.6154948
0.136960894801 79894.5629642
0.137891130049 79502.6660478
0.142927890797 79056.3320573
0.143024671659 78538.4279668
0.145465607347 78651.0214747
0.152214709477 78662.2448453
0.154289408898 78057.1093647
0.164648461631 78157.6492204
0.166666847257 76671.7100419
0.16689263415 75988.9232512
0.16779884465 76229.9974509
0.182614724273 75855.9673774
0.199277614599 75502.4462575
0.199953213864 74841.0720086
0.200088608322 73381.2032312
0.20022409446 73981.0151341
0.20880589895 73685.6851427
0.222072331805 72618.6150704
0.222222703797 72287.2943617
0.226781521938 72792.8091424
0.244808670817 71912.1625058
0.245804960821 71457.5860995
0.25 68962.6080406
0.250169282673 68890.5603216
0.250338679973 69133.4414315
0.252722321513 69077.2421034
0.260186351008 68533.8154697
0.260362531172 68716.8352102
0.285275881937 67559.5253684
0.285855781594 66957.5793731
0.308996855658 65847.2033629
0.30962497455 66588.8307758
0.331982635419 66398.0939545
0.332882731656 66105.7182527
0.333108136771 65822.0990119
0.333333694514 61478.741217
0.334916881013 62147.7697084
0.356678290416 61062.1871391
0.361295201744 61101.0950102
0.377291106898 60213.6407
0.399906427728 60238.9154566
0.400177216645 59415.7369788
0.400448188921 59359.3357581
0.447767062237 58456.8173636
0.5 47203.2829011
0.500338565347 46951.6650058
0.500677359946 46602.4407154
0.503055354279 46766.5866652
0.504077949059 45868.4637953
0.520725062344 46149.2559869
0.574426938331 46297.2904144
0.580289106014 46715.0493064
0.601485374337 45412.9809823
0.602300218538 45347.8188752
0.615072391563 45538.5068566
0.615905642367 45481.3120798
0.666667389029 41965.2425535
0.66711880998 42126.7852744
0.750507034813 40005.0836527
0.850628773956 39966.7239974
0.851204760807 39824.723363
0.856986123965 39656.9044315
1 0.0
