0.00029397460514	0.00171857638028	0.00171974008109
0.00029397460514	0.00310739611301	0.0031095002263
0.00029397460514	0.0363910266437	0.0364156681248
0.000293974605141	0.752032641428	0.752541865812
0.000293974605141	0.111036165903	0.111111351899
0.000293974605141	0.111941765559	0.112017564764
0.000293974605141	0.125	0.125084641337
0.000293974605141	0.153872218989	0.153976410592
0.000293974605141	0.20035967234	0.200495342024
0.000293974605141	0.500338565347	0.500677359946
0.000293974605141	0.630671628081	0.631098675197
0.000293974605141	0.666667389029	0.66711880998
0.000293974605141	0.749999187344	0.750507034813
0.000293974605141	0.394528964427	0.394796112098
0.000293974605141	0.394796112098	0.395063440663
0.000293974605141	0.5	0.500338565347
0.000293974605141	0.804700278717	0.805245165975
0.000293974605141	0.749491683521	0.749999187344
0.000293974605141	0.66711880998	0.667570536602
0.000293974605141	0.750507034813	0.751015226162
0.000293974605141	0.00107727445351	0.0010780039091
0.000293974605141	0.00111360485779	0.00111435891382
0.000293974605141	0.00212270144455	0.00212413879086
0.000293974605141	0.00237192389749	0.00237352999996
0.000293974605141	0.00258660135151	0.00258835281867
0.000293974605141	0.00286302862989	0.00286496727445
0.000293974605141	0.00511747703175	0.00512094223252
0.000293974605141	0.0071592463421	0.00716409408754
0.000293974605141	0.0179265563603	0.0179386949819
0.000293974605141	0.0210317241839	0.0210459654099
0.000293974605141	0.024994151733	0.0250110760403
0.000293974605141	0.0273487212326	0.0273672398911
0.000293974605141	0.032655652883	0.0326777650279
0.000293974605141	0.0370371574308	0.0370622364269
0.000293974605141	0.0613681036145	0.061409657841
0.000293974605141	0.069696333004	0.0697435265302
0.000293974605141	0.111111351899	0.111186588805
0.000293974605141	0.205580230086	0.205719434769
0.000293974605141	0.261599137165	0.26177627397
0.000293974605141	0.286824901766	0.28701911971
0.000587949210281	0.0416667118143	0.0417231585376
0.000587949210281	0.286436860053	0.286824901766
0.000587949210281	0.600265174554	0.601078365726
0.000587949210281	0.751015226162	0.752032641428
0.000587949210281	0.124830889111	0.125
0.000587949210281	0.200088608322	0.20035967234
0.000587949210281	0.00171625134045	0.00171857638028
0.000587949210281	0.00411803519378	0.00412361397797
0.000587949210281	0.0835593634609	0.0836725629928
0.000881923815422	0.00199724434879	0.002001304283
0.000881923815422	0.00443936889789	0.00444839310452
0.000881923815422	0.0107025735667	0.0107243294147
0.000881923815422	0.0137393077352	0.0137672365591
0.000881923815422	0.0178176777246	0.017853896928
0.000881923815422	0.0833898512475	0.0835593634609
0.000881923815422	0.134936407475	0.135210701874
0.000881923815422	0.199277614599	0.199682699739
0.000881923815422	0.199682699739	0.200088608322
0.000881923815422	0.222222703797	0.222674430978
0.000881923815422	0.285855781594	0.286436860053
0.000881923815422	0.333333694514	0.334011284551
0.000881923815422	0.00871204162549	0.00872975118412
0.000881923815422	0.00895115187667	0.00896934749094
0.00117589842056	0.0010780039091	0.00108092667421
0.00117589842056	0.00286496727445	0.00287273498875
0.00117589842056	0.302990349819	0.303811839995
0.00117589842056	0.152008780158	0.152420917772
0.0014698730257	0.00108092667421	0.00108459127682
0.0014698730257	0.00236390967251	0.00237192389749
0.0014698730257	0.00713505677558	0.0071592463421
0.0014698730257	0.0209606624734	0.0210317241839
0.0014698730257	0.0250110760403	0.0250958696315
0.0014698730257	0.332207431051	0.333333694514
0.0014698730257	0.002001304283	0.0020080891881
0.00176384763084	0.0036654425904	0.00368035972467
0.00176384763084	0.017853896928	0.0179265563603
0.00176384763084	0.0517791691097	0.0519898931352
0.00176384763084	0.0996388072995	0.100044304161
0.00176384763084	0.00509673501257	0.00511747703175
0.00176384763084	0.092426676981	0.092802822867
0.00176384763084	0.400177216645	0.401805805042
0.00176384763084	0.628115406933	0.630671628081
0.00205782223598	0.0280613176188	0.028194596372
0.00205782223598	0.968686380178	0.97328720879
0.00205782223598	0.0719980459696	0.0723400046021
0.00235179684112	0.061409657841	0.0617431062104
0.00235179684113	0.00171974008109	0.00172907809967
0.00264577144627	0.0208333559071	0.0209606624734
0.00293974605141	0.003331777588	0.00335440694475
0.00293974605141	0.00604059446539	0.00608162204407
0.00293974605141	0.111186588805	0.111941765559
0.00323372065655	0.00111435891382	0.00112268730555
0.00323372065655	0.500677359946	0.50441927571
0.00323372065655	0.372469787442	0.375253517407
0.00352769526169	0.495955041213	0.5
0.00382166986683	0.00147678926622	0.00148984194409
0.00382166986683	0.667570536602	0.673470893116
0.00411564447197	0.00256220488984	0.00258660135151
0.00411564447197	0.152420917772	0.153872218989
0.00470359368225	0.0023384456687	0.00236390967251
0.00499756828739	0.00896934749094	0.00907315683716
0.00499756828739	0.0417231585376	0.0422060536216
0.00529154289253	0.0020080891881	0.00203270586725
0.00558551749767	0.395063440663	0.400177216645
0.00558551749767	0.028194596372	0.0285595525661
0.00587949210281	0.00972831898574	0.00986091679996
0.00617346670795	0.298713829707	0.302990349819
0.00646744131309	0.00368035972467	0.00373557715455
0.00676141591823	0.0137672365591	0.0139832522056
0.00705539052337	0.00127332154804	0.00129417640934
0.00705539052337	0.142927890797	0.145268808802
0.00705539052337	0.430819736937	0.437875838258
0.00734936512852	0.0364156681248	0.0370371574308
0.00764333973366	0.50441927571	0.513375352351
0.00911321275936	0.38633644552	0.394528964427
0.00911321275936	0.00139044811363	0.00141993348213
0.0094071873645	0.00167947561328	0.00171625134045
0.0102891111799	0.0769882052959	0.0788339535101
0.0105830857851	0.26177627397	0.268233716881
0.0105830857851	0.0139832522056	0.0143281881751
0.0108770603902	0.00872975118412	0.00895115187667
0.0108770603902	0.0273672398911	0.0280613176188
0.0108770603902	0.200495342024	0.205580230086
0.0108770603902	0.00303053677011	0.00310739611301
0.0114650096005	0.00108459127682	0.00111360485779
0.0117589842056	0.0222773085016	0.0228887303773
0.0117589842056	0.278219775784	0.285855781594
0.0117589842056	0.97328720879	1
0.0117589842056	0.0107243294147	0.0110186688142
0.012640908021	0.375253517407	0.38633644552
0.0135228318365	0.0326777650279	0.0337112749299
0.0138168064416	0.0697435265302	0.0719980459696
0.0138168064416	0.176896396223	0.182614724273
0.0141107810467	0.0179386949819	0.0185311182135
0.0144047556519	0.222674430978	0.230183986295
0.014698730257	0.00112268730555	0.00116133507324
0.0152866794673	0.00172907809967	0.00179102352188
0.0152866794673	0.00353866737719	0.0036654425904
0.0158746286776	0.268233716881	0.278219775784
0.0170505270982	0.00141993348213	0.00147678926622
0.0173445017033	0.0009765625	0.00101635293362
0.0173445017033	0.28701911971	0.298713829707
0.018814374729	0.00203270586725	0.00212270144455
0.0191083493341	0.601078365726	0.628115406933
0.0194023239393	0.00642873233654	0.00672245135106
0.0196962985444	0.145268808802	0.152008780158
0.0196962985444	0.25	0.261599137165
0.0214601461753	0.0492827496909	0.0517791691097
0.0223420699907	0.570165687187	0.600265174554
0.0232239938061	0.00287273498875	0.00303053677011
0.0232239938061	0.00335440694475	0.00353866737719
0.0235179684112	0.0157951450946	0.0166740687606
0.0238119430164	0.631098675197	0.666667389029
0.0241059176215	0.0129974732838	0.0137393077352
0.0241059176215	0.135210701874	0.142927890797
0.0241059176215	0.00608162204407	0.00642873233654
0.0243998922267	0.0788339535101	0.0833898512475
0.0246938668318	0.0210459654099	0.0222773085016
0.0252818160421	0.00101635293362	0.00107727445351
0.0258697652524	0.166666847257	0.176896396223
0.0258697652524	0.00672245135106	0.00713505677558
0.0270456636729	0.0723400046021	0.0769882052959
0.0288095113038	0.0166740687606	0.0178176777246
0.0291034859089	0.752541865812	0.804700278717
0.0291034859089	0.0519898931352	0.0555932944026
0.0299854097243	0.0031095002263	0.003331777588
0.0302793843295	0.401805805042	0.430819736937
0.0302793843295	0.00907315683716	0.00972831898574
0.0305733589346	0.00512094223252	0.00549443747586
0.0305733589346	0.00811982338274	0.00871204162549
0.0308673335398	0.092802822867	0.0996388072995
0.0311613081449	0.00129417640934	0.00139044811363
0.0320432319603	0.00412361397797	0.00443936889789
0.0326311811706	0.0120566804976	0.0129974732838
0.0329251557757	0.125084641337	0.134936407475
0.0332191303809	0.0337112749299	0.0363910266437
0.0332191303809	0.00237352999996	0.00256220488984
0.033513104986	0.205719434769	0.222222703797
0.0343950288015	0.153976410592	0.166666847257
0.035570927222	0.00986091679996	0.0107025735667
0.0358649018272	0.230183986295	0.25
0.0373347748529	0.0250958696315	0.0273487212326
0.0379227240631	0.182614724273	0.199277614599
0.0382166986683	0.0228887303773	0.024994151733
0.0388046478786	0.303811839995	0.332207431051
0.0390986224837	0.0110186688142	0.0120566804976
0.0399805462991	0.00116133507324	0.00127332154804
0.0411564447197	0.00549443747586	0.00604059446539
0.04174439393	0.00212413879086	0.0023384456687
0.0423323431402	0.00373557715455	0.00411803519378
0.0423323431402	0.0143281881751	0.0157951450946
0.0429202923505	0.0555932944026	0.0613681036145
0.0432142669557	0.0836725629928	0.092426676981
0.043802216166	0.00258835281867	0.00286302862989
0.0452720891917	0.100044304161	0.111036165903
0.0455660637968	0.513375352351	0.570165687187
0.0464479876122	0.673470893116	0.749491683521
0.0470359368225	0.112017564764	0.124830889111
0.0473299114276	0.334011284551	0.372469787442
0.0473299114276	0.00179102352188	0.00199724434879
0.0508576066893	0.0185311182135	0.0208333559071
0.0508576066893	0.0370622364269	0.0416667118143
0.0520335051099	0.00148984194409	0.00167947561328
0.0526214543202	0.0617431062104	0.069696333004
0.0540913273459	0.437875838258	0.495955041213
0.054385301951	0.00716409408754	0.00811982338274
0.0582069718178	0.0285595525661	0.032655652883
0.0590888956333	0.00444839310452	0.00509673501257
0.0673201845772	0.0422060536216	0.0492827496909
0.0802550672034	0.805245165975	0.968686380178
