0.00029397460514	0.0014046379774	0.00140558910088
0.00029397460514	0.00970858368839	0.0097151576684
0.00029397460514	0.0100973266436	0.0101041638534
0.00029397460514	0.0107025735667	0.0107098206077
0.00029397460514	0.0149321975689	0.0149423086182
0.00029397460514	0.0205254076782	0.0205393060617
0.00029397460514	0.0274228711381	0.0274414400058
0.00029397460514	0.0405536776412	0.040581137781
0.000293974605141	0.100044304161	0.10011204723
0.000293974605141	0.100315551787	0.100383478526
0.000293974605141	0.100383478526	0.10045145126
0.000293974605141	0.106544738104	0.106616882816
0.000293974605141	0.107341022232	0.107413706133
0.000293974605141	0.122404335408	0.122487219141
0.000293974605141	0.135852892452	0.135944882615
0.000293974605141	0.138639865249	0.138733742557
0.000293974605141	0.181505596471	0.181628499481
0.000293974605141	0.181628499481	0.181751485713
0.000293974605141	0.195139551814	0.195271686794
0.000293974605141	0.25	0.250169282673
0.000293974605141	0.300132587277	0.300335816264
0.000293974605141	0.333108136771	0.333333694514
0.000293974605141	0.35045586838	0.350693172805
0.000293974605141	0.363502971426	0.363749110445
0.000293974605141	0.363749110445	0.363995416132
0.000293974605141	0.389487366209	0.389751100059
0.000293974605141	0.428493061982	0.428783207787
0.000293974605141	0.438765938209	0.439063040093
0.000293974605141	0.571711563189	0.572098686636
0.000293974605141	0.666667389029	0.66711880998
0.000293974605141	0.749999187344	0.750507034813
0.000293974605141	0.378058052152	0.378314046863
0.000293974605141	0.511294553289	0.511640766525
0.000293974605141	0.511640766525	0.511987214191
0.000293974605141	0.53865067809	0.539015414997
0.000293974605141	0.539015414997	0.539380398879
0.000293974605141	0.572098686636	0.572486072216
0.000293974605141	0.000981200736671	0.000981865137805
0.000293974605141	0.0012950527359	0.00129592965586
0.000293974605141	0.00138200309549	0.0013829388922
0.000293974605141	0.00144318959985	0.00144416682783
0.000293974605141	0.00149489286827	0.00149590510611
0.000293974605141	0.00183893466323	0.00184017986234
0.000293974605141	0.00206320310178	0.00206460015993
0.000293974605141	0.00251410010823	0.00251580248258
0.000293974605141	0.00310529342353	0.00310739611301
0.000293974605141	0.00331154172166	0.0033137840682
0.000293974605141	0.00506235163668	0.00506577951036
0.000293974605141	0.00608162204407	0.00608574009702
0.000293974605141	0.00608574009702	0.00608986093843
0.000293974605141	0.0073160134235	0.00732096732074
0.000293974605141	0.0138795207378	0.0138889189873
0.000293974605141	0.0742751507034	0.0743254446877
0.000293974605141	0.10045145126	0.100519470021
0.000293974605141	0.131866356538	0.131955647295
0.000293974605141	0.167345125986	0.167458440507
0.000293974605141	0.250169282673	0.250338679973
0.000293974605141	0.511987214191	0.512333896449
0.000293974605141	0.536830692328	0.537194196867
0.000587949210281	0.00104001518804	0.0010414241173
0.000587949210281	0.00199859674424	0.002001304283
0.000587949210281	0.00389832560881	0.00390360674806
0.000587949210281	0.0149423086182	0.0149625512609
0.000587949210281	0.0500221520806	0.050089918085
0.000587949210281	0.0845264620041	0.0846409716836
0.000587949210281	0.142927890797	0.143121518054
0.000587949210281	0.214391603893	0.214682044464
0.000587949210281	0.799271644094	0.800354433289
0.000587949210281	0.309206086913	0.30962497455
0.000587949210281	0.349981741153	0.35045586838
0.000587949210281	0.00177293033333	0.00177533215732
0.000587949210281	0.00566437624653	0.00567204988971
0.000881923815422	0.00108606059419	0.00108826830332
0.000881923815422	0.00163904401497	0.00164237581104
0.000881923815422	0.111261876657	0.111488046229
0.000881923815422	0.122736207229	0.122985701452
0.000881923815422	0.0206089392722	0.0206508324625
0.000881923815422	0.050089918085	0.050191739263
0.000881923815422	0.10011204723	0.100315551787
0.000881923815422	0.122487219141	0.122736207229
0.000881923815422	0.182244263981	0.182614724273
0.000881923815422	0.272811537231	0.273366099768
0.000881923815422	0.333333694514	0.334011284551
0.00117589842056	0.0013829388922	0.00138668841992
0.00117589842056	0.0117425587754	0.011774396082
0.00117589842056	0.0740743148617	0.0742751507034
0.00117589842056	0.537194196867	0.53865067809
0.00117589842056	0.181751485713	0.182244263981
0.00117589842056	0.334011284551	0.334916881013
0.00117589842056	0.0555556759493	0.0557063026674
0.00117589842056	0.0654883826799	0.0656659396979
0.0014698730257	0.00116685089729	0.00117080680378
0.0014698730257	0.0178056209921	0.0178659863496
0.0014698730257	0.0205393060617	0.0206089392722
0.0014698730257	0.498310606636	0.5
0.0014698730257	0.002001304283	0.0020080891881
0.00176384763084	0.0156461674983	0.0157098422049
0.00176384763084	0.138733742557	0.139298342824
0.00176384763084	0.888890815188	0.892508305659
0.00176384763084	0.0018314811431	0.00183893466323
0.00176384763084	0.00765027096302	0.00768140502565
0.00176384763084	0.00852536053845	0.00856005592509
0.00176384763084	0.0416949256237	0.0418646101267
0.00176384763084	0.0557063026674	0.0559330088225
0.00176384763084	0.166666847257	0.167345125986
0.00176384763084	0.221321996758	0.222222703797
0.00205782223598	0.233321413582	0.234429586317
0.00205782223598	0.12576383857	0.126361160756
0.00205782223598	0.0009765625	0.000981200736671
0.00235179684112	0.0033137840682	0.003331777588
0.00264577144627	0.00604468473731	0.00608162204407
0.00264577144627	0.125	0.12576383857
0.00264577144627	0.152627405421	0.153560067013
0.00264577144627	0.234429586317	0.235862117197
0.00264577144627	0.800354433289	0.805245165975
0.00293974605141	0.00184017986234	0.00185267832164
0.00293974605141	0.00280357693358	0.00282261876363
0.00293974605141	0.350693172805	0.353075072769
0.00293974605141	0.435805954192	0.438765938209
0.00293974605141	0.106616882816	0.107341022232
0.00293974605141	0.0662463314825	0.0666962750423
0.00323372065655	0.00177533215732	0.00178860046925
0.00323372065655	0.00435602081275	0.00438857643489
0.00323372065655	0.212801190202	0.214391603893
0.00323372065655	0.375253517407	0.378058052152
0.00352769526169	0.00206460015993	0.00208143882849
0.00352769526169	0.0793693919091	0.0800167205833
0.00352769526169	0.00386678847595	0.00389832560881
0.00352769526169	0.00897542091142	0.00904862352995
0.00382166986683	0.0656659396979	0.0662463314825
0.00382166986683	0.0138889189873	0.014011676912
0.00382166986683	0.400177216645	0.403714203551
0.00382166986683	0.00204512714039	0.00206320310178
0.00411564447197	0.040581137781	0.0409675378601
0.00411564447197	0.0097151576684	0.00980766216426
0.00440961907711	0.0137393077352	0.0138795207378
0.00499756828739	0.0226115409713	0.0228732422029
0.00558551749767	0.090018615578	0.0911838335831
0.00558551749767	0.00138668841992	0.0014046379774
0.00587949210281	0.00438857643489	0.00444839310452
0.00587949210281	0.00567204988971	0.00574936041156
0.00587949210281	0.00768140502565	0.00778610322869
0.00587949210281	0.0351086114792	0.0355871448361
0.00646744131309	0.285855781594	0.290144553007
0.00705539052337	0.428783207787	0.435805954192
0.00705539052337	0.122985701452	0.125
0.00705539052337	0.00129592965586	0.00131715479987
0.00734936512852	0.00856005592509	0.00870614642653
0.00734936512852	0.273366099768	0.278031512114
0.00764333973366	0.0409675378601	0.0416949256237
0.00764333973366	0.0884481981114	0.090018615578
0.00764333973366	0.712873872053	0.725531106502
0.00764333973366	0.0178659863496	0.0181832009184
0.0079373143388	0.0020080891881	0.00204512714039
0.0079373143388	0.00657395165645	0.00669520409348
0.00823128894394	0.0228732422029	0.0233108987295
0.00823128894394	0.00117080680378	0.00119320901657
0.00852526354908	0.653708222967	0.666667389029
0.00852526354908	0.135944882615	0.138639865249
0.00881923815422	0.539380398879	0.550445592061
0.00911321275936	0.419595267832	0.428493061982
0.00970116196964	0.5	0.511294553289
0.00970116196964	0.00126644487759	0.0012950527359
0.00970116196964	0.00949411999985	0.00970858368839
0.00999513657478	0.222222703797	0.22739638902
0.0102891111799	0.00178860046925	0.0018314811431
0.0105830857851	0.195271686794	0.200088608322
0.0105830857851	0.0206508324625	0.0211602429209
0.0108770603902	0.00552427172802	0.00566437624653
0.0108770603902	0.0824357570887	0.0845264620041
0.0111710349953	0.139298342824	0.142927890797
0.0111710349953	0.22739638902	0.233321413582
0.0114650096005	0.389751100059	0.400177216645
0.0114650096005	0.00140558910088	0.00144318959985
0.0117589842056	0.00119320901657	0.00122595777053
0.0117589842056	0.182614724273	0.187626758703
0.0117589842056	0.0035243245465	0.00362105297868
0.0120529588108	0.278031512114	0.285855781594
0.0120529588108	0.200088608322	0.205719434769
0.0123469334159	0.00492045625441	0.00506235163668
0.0123469334159	0.250338679973	0.257557909422
0.0123469334159	0.235862117197	0.242663873691
0.0123469334159	0.011413420267	0.0117425587754
0.012640908021	0.378314046863	0.389487366209
0.012640908021	0.00980766216426	0.0100973266436
0.012640908021	0.131955647295	0.135852892452
0.012640908021	0.300335816264	0.309206086913
0.012640908021	0.353075072769	0.363502971426
0.0129348826262	0.242663873691	0.25
0.0129348826262	0.0800167205833	0.0824357570887
0.0132288572313	0.00870614642653	0.00897542091142
0.0132288572313	0.14804838162	0.152627405421
0.0132288572313	0.214682044464	0.221321996758
0.0132288572313	0.363995416132	0.375253517407
0.0141107810467	0.00112954772048	0.00116685089729
0.0141107810467	0.00122595777053	0.00126644487759
0.0141107810467	0.00215309098302	0.00222419655226
0.0141107810467	0.153560067013	0.158631369649
0.0144047556519	0.30962497455	0.320066882333
0.0144047556519	0.725531106502	0.749999187344
0.014698730257	0.011774396082	0.0121797218769
0.014698730257	0.205719434769	0.212801190202
0.014698730257	0.290144553007	0.300132587277
0.014698730257	0.143121518054	0.14804838162
0.014698730257	0.00208143882849	0.00215309098302
0.0149927048622	0.00144416682783	0.00149489286827
0.0149927048622	0.071560759027	0.0740743148617
0.0152866794673	0.107413706133	0.111261876657
0.0155806540725	0.0233108987295	0.0241623778616
0.0161686032827	0.00108826830332	0.00112954772048
0.0164625778879	0.550445592061	0.571711563189
0.016756552493	0.403714203551	0.419595267832
0.016756552493	0.0241623778616	0.0251128628151
0.0170505270982	0.187626758703	0.195139551814
0.0173445017033	0.320066882333	0.333108136771
0.0179324509136	0.0911838335831	0.0950277174976
0.0179324509136	0.111488046229	0.116187860777
0.0182264255187	0.00149590510611	0.00156002109171
0.0182264255187	0.00669520409348	0.00698216722199
0.0182264255187	0.0010414241173	0.00108606059419
0.0185204001239	0.126361160756	0.131866356538
0.0191083493341	0.334916881013	0.349981741153
0.0191083493341	0.00732096732074	0.00765027096302
0.0191083493341	0.0846409716836	0.0884481981114
0.0194023239393	0.0149625512609	0.0156461674983
0.0202842477547	0.512333896449	0.536830692328
0.0202842477547	0.00698216722199	0.0073160134235
0.0205782223598	0.572486072216	0.600265174554
0.0205782223598	0.00267383285737	0.00280357693358
0.020872196965	0.00131715479987	0.00138200309549
0.020872196965	0.00904862352995	0.00949411999985
0.0214601461753	0.013076897055	0.0137393077352
0.0214601461753	0.158631369649	0.166666847257
0.0214601461753	0.00156002109171	0.00163904401497
0.0217541207804	0.00574936041156	0.00604468473731
0.0223420699907	0.0950277174976	0.100044304161
0.0223420699907	0.0418646101267	0.0440746752568
0.0226360445958	0.116187860777	0.122404335408
0.0243998922267	0.003331777588	0.0035243245465
0.024987841437	0.000981865137805	0.00104001518804
0.024987841437	0.257557909422	0.272811537231
0.024987841437	0.0101041638534	0.0107025735667
0.0252818160421	0.100519470021	0.106544738104
0.0264577144627	0.00251580248258	0.00267383285737
0.0273396382781	0.750507034813	0.799271644094
0.0276336128832	0.00310739611301	0.00331154172166
0.0276336128832	0.0107098206077	0.011413420267
0.0276336128832	0.014011676912	0.0149321975689
0.0285155366986	0.00362105297868	0.00386678847595
0.0285155366986	0.0743254446877	0.0793693919091
0.0288095113038	0.0211602429209	0.0226115409713
0.0288095113038	0.66711880998	0.712873872053
0.0293974605141	0.0559330088225	0.0598502050437
0.0305733589346	0.0666962750423	0.071560759027
0.0308673335398	0.0121797218769	0.013076897055
0.0317492573552	0.0326335557009	0.0351086114792
0.0329251557757	0.00185267832164	0.00199859674424
0.0332191303809	0.00164237581104	0.00177293033333
0.0332191303809	0.00608986093843	0.00657395165645
0.0349829780117	0.167458440507	0.181505596471
0.0370408002477	0.600265174554	0.653708222967
0.037628749458	0.00506577951036	0.00552427172802
0.0382166986683	0.0251128628151	0.0274228711381
0.0390986224837	0.0598502050437	0.0654883826799
0.0393925970888	0.00778610322869	0.00852536053845
0.0414504193248	0.00282261876363	0.00310529342353
0.0429202923505	0.805245165975	0.888890815188
0.043802216166	0.00444839310452	0.00492045625441
0.0440961907711	0.050191739263	0.0555556759493
0.0476238860328	0.00390360674806	0.00435602081275
0.0493877336636	0.892508305659	1
0.0526214543202	0.0181832009184	0.0205254076782
0.0532094035304	0.00222419655226	0.00251410010823
0.054385301951	0.0157098422049	0.0178056209921
0.0549732511613	0.0440746752568	0.0500221520806
0.0549732511613	0.439063040093	0.498310606636
0.0567370987921	0.0355871448361	0.0405536776412
0.075257498916	0.0274414400058	0.0326335557009
