0 0.0
0.0009765625 621.908684567
0.00110684127334 1304.65357408
0.00110759074954 1154.55944897
0.00111134574981 1078.56826915
0.00122761859991 1305.88726396
0.00122844985814 1790.25639351
0.00123930757538 2582.21171924
0.0012889308886 3114.28501038
0.00129242553475 2582.4960534
0.00135697454655 4644.04972763
0.001381067932 5850.60323823
0.00149489286827 6733.3636265
0.00149793163852 7760.14918919
0.00157380941834 8410.16599201
0.00158021430011 9112.26744982
0.00159958576461 9271.67455184
0.00171625134045 9852.01475142
0.0017174134669 11729.7852309
0.00175027444944 10916.6877721
0.0018439205209 11408.3370729
0.00190223877233 11763.6285172
0.00190352683659 13228.8518409
0.00208425859507 13526.7338432
0.00227443916523 15022.9735118
0.00228060579539 14766.3984502
0.00228988710373 14838.2961827
0.00244197750346 15292.1155125
0.00244694147696 15431.5445806
0.00244859837614 15457.3539645
0.00261476759352 16076.8816654
0.00264503036511 16090.0384123
0.00284178992535 17432.239478
0.00304493046921 18005.1318318
0.00315829002511 18863.8930956
0.00316256862343 18382.3865855
0.00328030772396 18658.6474157
0.00374570533169 19818.0991067
0.00375077971321 19834.7300592
0.00389305161435 19944.3878656
0.00389568771908 20286.2998455
0.00445441943114 21310.5985931
0.00445743565526 21066.1287864
0.00447254743919 21313.1799658
0.00452125028763 21526.2596343
0.00508983970547 22002.722379
0.00515223481805 21404.3907336
0.00515921465304 22614.94245
0.00530799531434 22818.9950556
0.00534766571474 22781.1030535
0.00549815792811 23077.2794552
0.00616034371137 23559.0744957
0.00622321152868 23231.0831638
0.00659623894104 23970.0843502
0.00705819803813 24716.1736528
0.00706775991942 24796.5545103
0.00732592457242 24521.7704947
0.00782308374916 25106.2526373
0.00789757254728 25246.7207643
0.00833703438029 25525.6642587
0.00940457278977 26114.5808486
0.00941094091466 26156.5753822
0.00942369010352 26066.2884225
0.00970201415682 26004.1411327
0.0101315590207 26265.6587018
0.012287372975 27150.7356277
0.0122956931323 27341.2049826
0.0123040189235 27225.7974692
0.0123123503524 27214.5149529
0.0138795207378 27881.0598505
0.0138889189873 27750.6866664
0.0139265756668 28024.462126
0.0139454422759 27864.4652802
0.0155933024352 28241.9455038
0.0156038611389 28155.5719785
0.015625 28288.3584961
0.0163167778504 28256.2507614
0.0170391833229 28639.7640569
0.0190526147214 28964.1570805
0.0190784256776 29260.8581925
0.0192600840932 29210.4995083
0.0193253804321 29058.8419799
0.0193515609094 29270.3557208
0.0211745711708 29487.407965
0.0236446279289 29750.3715682
0.023805221698 29591.2255333
0.0238213409443 29892.8787465
0.0238374711054 29941.485695
0.0262958066258 29860.8345861
0.0263136123236 29978.5068614
0.0277214866263 29998.3743597
0.0277402576957 30091.5604961
0.0292442515137 30037.5283227
0.0311233383471 30294.0044947
0.03125 30072.2253652
0.0415259288814 30589.3424337
0.0418079720353 30769.9506282
0.0418646101267 30732.1864263
0.048194088294 30718.1577139
0.0525560259534 30940.9640207
0.053743219625 30886.7118763
0.0537796108085 30937.5261836
0.0541815438488 30890.8232895
0.0544020447418 30848.1568072
0.059607621815 31093.5972945
0.0598502050437 31083.4177036
0.0641284956712 31119.0242968
0.0642153718199 31086.7050531
0.068573219225 31264.2555866
0.0686196522565 31247.0663062
0.0686661167292 31179.8170226
0.0687126126644 31178.8951051
0.0707899074749 31142.0056959
0.0718033672914 31301.6745573
0.0719006407414 31290.7835022
0.0719493268721 31201.1013925
0.0766761587891 31266.6001998
0.0833334236286 31417.3291124
0.0833898512475 31395.4467248
0.0834463170752 31377.9745934
0.0903238004361 31276.4370987
0.0944505576665 31363.542423
0.101545295848 31279.3142191
0.101751713866 31154.0845263
0.109914461882 31163.4642785
0.111111351899 31228.2385215
0.111261876657 31201.3153443
0.117056214776 31240.8341276
0.125 31199.8053156
0.130534222803 31033.2867036
0.132761989798 31015.8393916
0.132851887017 30713.2678074
0.133392550085 31017.9320316
0.142831175424 30898.275162
0.142927890797 30846.021509
0.143024671659 30648.7920874
0.143898653744 30761.1107242
0.162214710565 30736.1326019
0.162544455422 30629.5832236
0.163537717217 30806.6509079
0.166666847257 30360.4260944
0.166779702495 30269.2386513
0.181628499481 30214.5321493
0.200088608322 29743.2932266
0.20035967234 29905.3680432
0.214536775029 29607.487813
0.222222703797 29442.7816241
0.222674430978 29390.1587905
0.233479402673 29418.9255119
0.233795701864 29466.176222
0.249830831876 29168.853362
0.25 28553.7564655
0.25965852549 28984.5193754
0.276342861425 28608.6700673
0.286049343318 28151.0114077
0.286243036108 28093.6536922
0.29750309091 28071.6715879
0.29992949581 28221.0228612
0.300539182863 27904.8187888
0.320934671685 27862.8891676
0.32355218217 27580.169952
0.333333694514 26664.55872
0.334690251971 26593.7867156
0.334916881013 26486.004909
0.359830809826 26459.8518173
0.377035804383 26183.7505335
0.377291106898 26101.0210693
0.393462180235 25711.4916966
0.399365399477 25756.7837848
0.411438869538 25217.6465903
0.434333458818 24710.6312622
0.439360343154 25128.1651412
0.439657847528 24960.7587861
0.497973413554 24696.1524516
0.5 21270.5414728
0.545623074461 20583.1051699
0.545992532592 20279.8743611
0.546362240894 20421.4074986
0.546732199536 21096.3380675
0.571711563189 20550.2554411
0.572098686636 20724.1994068
0.572486072216 20786.5408319
0.600265174554 19588.5629667
0.620928906037 19780.8200522
0.655480605762 19563.0981683
0.666667389029 17977.738322
0.669833762027 17848.0387487
0.750507034813 16440.9275928
0.777920867545 16330.7347519
0.778974732418 16329.6915851
0.800354433289 16209.0929994
0.800896377841 15511.7464815
0.814013710929 16102.5955595
1 0.0
