0.00029397460514	0.00408195661038	0.00408472062849
0.00029397460514	0.0412178785444	0.041245788435
0.00029397460514	0.0492827496909	0.0493161205534
0.00029397460514	0.0500221520806	0.0500560236151
0.00029397460514	0.0564273755971	0.0564655843051
0.00029397460514	0.0923641343907	0.092426676981
0.00029397460514	0.139015756057	0.139109887892
0.000293974605141	0.100044304161	0.10011204723
0.000293974605141	0.130269415317	0.130357624736
0.000293974605141	0.152214709477	0.152317778728
0.000293974605141	0.167118726922	0.167231888141
0.000293974605141	0.188517902191	0.188645553449
0.000293974605141	0.25	0.250169282673
0.000293974605141	0.317048056328	0.317262739298
0.000293974605141	0.399906427728	0.400177216645
0.000293974605141	0.600265174554	0.600671632528
0.000293974605141	0.666667389029	0.66711880998
0.000293974605141	0.316833518628	0.317048056328
0.000293974605141	0.400177216645	0.400448188921
0.000293974605141	0.5	0.500338565347
0.000293974605141	0.599858991619	0.600265174554
0.000293974605141	0.600671632528	0.601078365726
0.000293974605141	0.751015226162	0.751523761622
0.000293974605141	0.750507034813	0.751015226162
0.000293974605141	0.00119806498108	0.00119887622765
0.000293974605141	0.00119887622765	0.00119968802354
0.000293974605141	0.00123679346133	0.00123763093214
0.000293974605141	0.00148079324811	0.00148179593867
0.000293974605141	0.00179831239293	0.00179953008544
0.000293974605141	0.00201080958647	0.00201217116736
0.000293974605141	0.00248701825504	0.00248870229143
0.000293974605141	0.00322963297509	0.0032318198587
0.000293974605141	0.0033182733174	0.00332052022211
0.000293974605141	0.00381996050503	0.00382254711753
0.000293974605141	0.00416287765697	0.00416569646921
0.000293974605141	0.00484772453534	0.00485100707841
0.000293974605141	0.00552801238196	0.00553175556882
0.000293974605141	0.00723720542343	0.00724210595736
0.000293974605141	0.00908544842321	0.0090916004592
0.000293974605141	0.0130592054896	0.0130680482784
0.000293974605141	0.0619105087538	0.0619524302595
0.000293974605141	0.0712224839684	0.0712707108983
0.000293974605141	0.0844692652719	0.0845264620041
0.000293974605141	0.138921687918	0.139015756057
0.000293974605141	0.144191166309	0.144288802574
0.000293974605141	0.166666847257	0.166779702495
0.000293974605141	0.168938530544	0.169052924008
0.000587949210281	0.00179953008544	0.00180196794465
0.000587949210281	0.00278843600183	0.00279221355155
0.000587949210281	0.130093175504	0.130269415317
0.000587949210281	0.0564655843051	0.0565420793553
0.000587949210281	0.0714639453986	0.071560759027
0.000587949210281	0.143996091939	0.144191166309
0.000587949210281	0.169052924008	0.169281943367
0.000587949210281	0.249661778223	0.25
0.000587949210281	0.500338565347	0.501016383954
0.000587949210281	0.66711880998	0.668022569102
0.000587949210281	0.749491683521	0.750507034813
0.000587949210281	0.300132587277	0.300539182863
0.000587949210281	0.333333694514	0.333785268301
0.000587949210281	0.00122678790417	0.00122844985814
0.000587949210281	0.00157807644855	0.00158021430011
0.000587949210281	0.00437967357501	0.00438560680592
0.000881923815422	0.00111285131201	0.00111511348044
0.000881923815422	0.00134508593535	0.00134782018287
0.000881923815422	0.194480216886	0.19487555003
0.000881923815422	0.428783207787	0.429654824531
0.000881923815422	0.0100020900729	0.0100224220006
0.000881923815422	0.0147713481337	0.0148013748561
0.000881923815422	0.166779702495	0.167118726922
0.000881923815422	0.271521929071	0.272073870135
0.000881923815422	0.00180196794465	0.00180563092726
0.00117589842056	0.00147678926622	0.00148079324811
0.00117589842056	0.00843352546722	0.0084563910744
0.00117589842056	0.439657847528	0.44084988088
0.00117589842056	0.668022569102	0.669833762027
0.00117589842056	0.0712707108983	0.0714639453986
0.0014698730257	0.289555952958	0.290537617604
0.0014698730257	0.751523761622	0.754071608766
0.0014698730257	0.979234683266	0.982554525456
0.0014698730257	0.181874555222	0.182491153911
0.00176384763084	0.00126816055566	0.00127332154804
0.00176384763084	0.0221270222753	0.0222170719089
0.00176384763084	0.041245788435	0.0414136450987
0.00176384763084	0.0841268967357	0.0844692652719
0.00176384763084	0.250169282673	0.251187388588
0.00176384763084	0.273736434261	0.274850450658
0.00205782223598	0.0110560247639	0.0111085359544
0.00205782223598	0.0048248088435	0.00484772453534
0.00205782223598	0.0180972470599	0.0181832009184
0.00235179684112	0.00479875209417	0.0048248088435
0.00264577144627	0.00116685089729	0.00117398118306
0.00264577144627	0.272073870135	0.273736434261
0.00264577144627	0.445047506629	0.447767062237
0.00293974605141	0.00122844985814	0.00123679346133
0.00293974605141	0.092426676981	0.0930544368453
0.00323372065655	0.142927890797	0.143996091939
0.00323372065655	0.00251239888583	0.00253117581834
0.00352769526169	0.0367624059891	0.0370622364269
0.00352769526169	0.144288802574	0.145465607347
0.00382166986683	0.0619524302595	0.0625
0.00382166986683	0.200088608322	0.201857101776
0.00382166986683	0.00220172738471	0.00222118746542
0.00411564447197	0.00248870229143	0.00251239888583
0.00411564447197	0.0526272246472	0.0531283235537
0.00411564447197	0.44084988088	0.445047506629
0.00440961907711	0.00716409408754	0.00723720542343
0.00440961907711	0.167231888141	0.168938530544
0.00470359368225	0.0363664018368	0.0367624059891
0.00558551749767	0.285855781594	0.289555952958
0.00587949210281	0.0222170719089	0.0225198924864
0.00587949210281	0.152317778728	0.154393882992
0.00587949210281	0.370207556956	0.375253517407
0.00617346670795	0.0493161205534	0.0500221520806
0.00646744131309	0.0100224220006	0.0101727911018
0.00646744131309	0.0414136450987	0.0420349851892
0.00676141591823	0.0828272901975	0.0841268967357
0.00705539052337	0.0111085359544	0.0112904750545
0.00705539052337	0.00111511348044	0.00113337716018
0.00734936512852	0.00579625160932	0.00589517354529
0.00734936512852	0.163870151441	0.166666847257
0.00734936512852	0.266965748549	0.271521929071
0.00764333973366	0.224946878118	0.228940860064
0.00764333973366	0.982554525456	1
0.00764333973366	0.178701667299	0.181874555222
0.0079373143388	0.00553175556882	0.0056337853492
0.00823128894394	0.00190095157967	0.00193732437974
0.00823128894394	0.00408472062849	0.00416287765697
0.00881923815422	0.00117398118306	0.00119806498108
0.00911321275936	0.0769361094947	0.0785675903943
0.0094071873645	0.00279221355155	0.00285335506676
0.00970116196964	0.00119968802354	0.00122678790417
0.00999513657478	0.429654824531	0.439657847528
0.00999513657478	0.563260809304	0.576374384451
0.0105830857851	0.00123763093214	0.00126816055566
0.0105830857851	0.00453350864073	0.00464534029298
0.0111710349953	0.00127332154804	0.0013064991261
0.0114650096005	0.0032318198587	0.0033182733174
0.0114650096005	0.219086168714	0.224946878118
0.0114650096005	0.19487555003	0.200088608322
0.0114650096005	0.00314548892959	0.00322963297509
0.0117589842056	0.00214291310078	0.00220172738471
0.0117589842056	0.0531283235537	0.0545864808187
0.0117589842056	0.139109887892	0.142927890797
0.0123469334159	0.0056337853492	0.00579625160932
0.012640908021	0.00113337716018	0.00116685089729
0.012640908021	0.0013064991261	0.00134508593535
0.0132288572313	0.188645553449	0.194480216886
0.0135228318365	0.545992532592	0.563260809304
0.0141107810467	0.00464534029298	0.00479875209417
0.0141107810467	0.182491153911	0.188517902191
0.0141107810467	0.290537617604	0.300132587277
0.0144047556519	0.201857101776	0.208664605741
0.0144047556519	0.00438560680592	0.00453350864073
0.0144047556519	0.0545864808187	0.0564273755971
0.0152866794673	0.0117584666533	0.0121797218769
0.0158746286776	0.501016383954	0.519668696495
0.0161686032827	0.00193732437974	0.00201080958647
0.0170505270982	0.274850450658	0.285855781594
0.0173445017033	0.576374384451	0.599858991619
0.0173445017033	0.0173887359865	0.0180972470599
0.0173445017033	0.125	0.130093175504
0.0176384763084	0.0112904750545	0.0117584666533
0.018814374729	0.00301213051837	0.00314548892959
0.018814374729	0.0166515106279	0.0173887359865
0.0191083493341	0.0681567332916	0.0712224839684
0.0191083493341	0.00589517354529	0.00616034371137
0.0194023239393	0.0159239686887	0.0166515106279
0.0196962985444	0.145465607347	0.152214709477
0.0202842477547	0.333785268301	0.349744918135
0.020872196965	0.00222118746542	0.00233054455951
0.020872196965	0.111111351899	0.116581765699
0.0211661715701	0.0181832009184	0.0190913442652
0.0211661715701	0.208664605741	0.219086168714
0.0211661715701	0.00332052022211	0.00348636056898
0.0214601461753	0.317262739298	0.333333694514
0.0214601461753	0.519668696495	0.545992532592
0.0217541207804	0.00416569646921	0.00437967357501
0.0217541207804	0.0500560236151	0.0526272246472
0.0223420699907	0.0010570488843	0.00111285131201
0.0223420699907	0.00180563092726	0.00190095157967
0.022930019201	0.300539182863	0.316833518628
0.022930019201	0.710946301085	0.749491683521
0.022930019201	0.0785675903943	0.0828272901975
0.0235179684112	0.169281943367	0.178701667299
0.0235179684112	0.00285335506676	0.00301213051837
0.0246938668318	0.349744918135	0.370207556956
0.0258697652524	0.669833762027	0.710946301085
0.0258697652524	0.030746425363	0.0326335557009
0.0258697652524	0.154393882992	0.163870151441
0.0261637398575	0.00158021430011	0.00167833915832
0.0264577144627	0.251187388588	0.266965748549
0.0273396382781	0.00148179593867	0.00157807644855
0.0273396382781	0.00201217116736	0.00214291310078
0.0276336128832	0.375253517407	0.399906427728
0.0276336128832	0.130357624736	0.138921687918
0.0279275874884	0.00485100707841	0.00517320270301
0.0279275874884	0.00616034371137	0.00656950324417
0.0282215620935	0.00233054455951	0.00248701825504
0.0285155366986	0.00382254711753	0.00408195661038
0.0288095113038	0.00517320270301	0.00552801238196
0.0293974605141	0.0190913442652	0.0204283819677
0.0296914351192	0.400448188921	0.428783207787
0.0299854097243	0.00167833915832	0.00179831239293
0.0299854097243	0.0420349851892	0.0450397849728
0.0302793843295	0.0121797218769	0.0130592054896
0.0302793843295	0.116581765699	0.125
0.0311613081449	0.0084563910744	0.00908544842321
0.03145528275	0.071560759027	0.0769361094947
0.03145528275	0.0930544368453	0.100044304161
0.0317492573552	0.0148013748561	0.0159239686887
0.0343950288015	0.0009765625	0.0010570488843
0.0346890034066	0.0204283819677	0.0221270222753
0.0361588764323	0.0101727911018	0.0110560247639
0.037628749458	0.00656950324417	0.00716409408754
0.037628749458	0.0625	0.0681567332916
0.037628749458	0.228940860064	0.249661778223
0.0385106732734	0.0845264620041	0.0923641343907
0.0390986224837	0.0450397849728	0.0492827496909
0.0393925970888	0.0565420793553	0.0619105087538
0.039686571694	0.00348636056898	0.00381996050503
0.039686571694	0.00134782018287	0.00147678926622
0.0414504193248	0.0090916004592	0.0100020900729
0.0420383685351	0.00253117581834	0.00278843600183
0.0446841399814	0.0225198924864	0.0249603374673
0.0449781145865	0.601078365726	0.666667389029
0.0452720891917	0.10011204723	0.111111351899
0.0461540130071	0.0370622364269	0.0412178785444
0.0470359368225	0.0326335557009	0.0363664018368
0.0479178606379	0.447767062237	0.5
0.0532094035304	0.0130680482784	0.0147713481337
0.0661442861566	0.00724210595736	0.00843352546722
0.0905441783833	0.0249603374673	0.030746425363
0.113474197584	0.754071608766	0.979234683266
