0.00029397460514	0.00357478034501	0.0035772009385
0.00029397460514	0.00404345616736	0.00404619411563
0.00029397460514	0.00589118444348	0.00589517354529
0.00029397460514	0.0274228711381	0.0274414400058
0.00029397460514	0.0389923776015	0.0390187805372
0.00029397460514	0.0624154445557	0.0624577079689
0.000293974605141	0.117373586371	0.117453063629
0.000293974605141	0.133302287015	0.133392550085
0.000293974605141	0.142927890797	0.143024671659
0.000293974605141	0.148852269692	0.148953062133
0.000293974605141	0.182244263981	0.182367667166
0.000293974605141	0.222072331805	0.222222703797
0.000293974605141	0.222222703797	0.222373177611
0.000293974605141	0.222373177611	0.222523753314
0.000293974605141	0.25	0.250169282673
0.000293974605141	0.300132587277	0.300335816264
0.000293974605141	0.494948924922	0.495284070031
0.000293974605141	0.571711563189	0.572098686636
0.000293974605141	0.944087306703	0.944726577195
0.000293974605141	0.800354433289	0.800896377841
0.000293974605141	0.93771834527	0.938353303143
0.000293974605141	0.374999593672	0.375253517407
0.000293974605141	0.400177216645	0.400448188921
0.000293974605141	0.5	0.500338565347
0.000293974605141	0.572098686636	0.572486072216
0.000293974605141	0.00131092847383	0.00131181614374
0.000293974605141	0.00141993348213	0.00142089496267
0.000293974605141	0.00153592162187	0.00153696164154
0.000293974605141	0.00177053175874	0.00177173064014
0.000293974605141	0.00199454230265	0.00199589286847
0.000293974605141	0.00257786177719	0.00257960732652
0.000293974605141	0.00257960732652	0.00258135405782
0.000293974605141	0.00266660296329	0.002668408602
0.000293974605141	0.00356752838779	0.00356994407076
0.000293974605141	0.00488065016888	0.00488395500692
0.000293974605141	0.00588719804099	0.00589118444348
0.000293974605141	0.00861819562805	0.00862403127283
0.000293974605141	0.010673634408	0.0106808618535
0.000293974605141	0.0156038611389	0.0156144269922
0.000293974605141	0.0156144269922	0.015625
0.000293974605141	0.0317403299893	0.031761822341
0.000293974605141	0.0623732097409	0.0624154445557
0.000293974605141	0.0666060425116	0.0666511435073
0.000293974605141	0.0666511435073	0.0666962750423
0.000293974605141	0.0894113358414	0.0894718790012
0.000293974605141	0.0894718790012	0.0895324631567
0.000293974605141	0.300335816264	0.300539182863
0.000293974605141	0.412833746723	0.413113289124
0.000587949210281	0.00176813642915	0.00177053175874
0.000587949210281	0.012488619439	0.0125055380201
0.000587949210281	0.0454378714282	0.0454994270165
0.000587949210281	0.250169282673	0.250508191977
0.000587949210281	0.944726577195	0.946006417082
0.000587949210281	0.0999089555117	0.100044304161
0.000587949210281	0.235065189406	0.235383636894
0.000587949210281	0.00356994407076	0.00357478034501
0.000587949210281	0.00614784656617	0.0061561751762
0.000587949210281	0.00892694846402	0.00893904197868
0.000587949210281	0.0202357043302	0.0202631180414
0.000881923815422	0.00101772980716	0.00101979861565
0.000881923815422	0.00189196558629	0.00189581151321
0.000881923815422	0.0023495522435	0.0023543283379
0.000881923815422	0.00488395500692	0.00489388295392
0.000881923815422	0.0833334236286	0.0835028211378
0.000881923815422	0.0926145589638	0.092802822867
0.000881923815422	0.188262858752	0.188645553449
0.000881923815422	0.214391603893	0.214827412265
0.000881923815422	0.495284070031	0.496290867593
0.000881923815422	0.124746419482	0.125
0.000881923815422	0.213956679621	0.214391603893
0.000881923815422	0.666667389029	0.668022569102
0.000881923815422	0.00788155118297	0.00789757254728
0.000881923815422	0.0785144258667	0.0786740274719
0.00117589842056	0.00142089496267	0.00142474739974
0.00117589842056	0.0106447734992	0.010673634408
0.00117589842056	0.0316545059172	0.0317403299893
0.00117589842056	0.111111351899	0.111412605335
0.00117589842056	0.235383636894	0.236021826676
0.00117589842056	0.0712707108983	0.0714639453986
0.00117589842056	0.305875323025	0.306704635156
0.0014698730257	0.0236286282595	0.0237087350187
0.0014698730257	0.125	0.125423780204
0.0014698730257	0.181628499481	0.182244263981
0.0014698730257	0.272811537231	0.273736434261
0.0014698730257	0.598237006549	0.600265174554
0.0014698730257	0.747971231605	0.750507034813
0.00176384763084	0.00115193996823	0.00115662798141
0.00176384763084	0.0023543283379	0.00236390967251
0.00176384763084	0.105254449294	0.105682799954
0.00176384763084	0.5033959885	0.505444643026
0.00205782223598	0.00108900520319	0.00109417749259
0.00205782223598	0.00399448869757	0.00401346073875
0.00235179684112	0.0723400046021	0.0727328036736
0.00235179684113	0.00189581151321	0.00190610558226
0.00264577144627	0.00638968682259	0.00642873233654
0.00264577144627	0.938353303143	0.944087306703
0.00264577144627	0.500338565347	0.5033959885
0.00264577144627	0.200088608322	0.201311291494
0.00293974605141	0.00782838099928	0.00788155118297
0.00293974605141	0.00950698187307	0.00957155307529
0.00323372065655	0.00111511348044	0.00112344751158
0.00323372065655	0.00401346073875	0.00404345616736
0.00323372065655	0.496290867593	0.5
0.00352769526169	0.00131181614374	0.00132251518256
0.00352769526169	0.0786740274719	0.0793156848245
0.00382166986683	0.00109417749259	0.00110384843662
0.00382166986683	0.153872218989	0.155232226509
0.00382166986683	0.413113289124	0.416764612172
0.00440961907711	0.00110384843662	0.00111511348044
0.00440961907711	0.0131657150391	0.0133000743876
0.00440961907711	0.396134566313	0.400177216645
0.00470359368225	0.00236390967251	0.00238965096113
0.00470359368225	0.00957155307529	0.00967578045469
0.00499756828739	0.00851959166145	0.00861819562805
0.00529154289253	0.00142474739974	0.00144221303314
0.00529154289253	0.0106808618535	0.0108117959528
0.00529154289253	0.0714639453986	0.0723400046021
0.00529154289253	0.600265174554	0.60762367999
0.00558551749767	0.03125	0.0316545059172
0.00558551749767	0.273736434261	0.277279730499
0.00558551749767	0.092802822867	0.0940040801785
0.00705539052337	0.572486072216	0.581862429389
0.00764333973366	0.300539182863	0.305875323025
0.00764333973366	0.00160500874686	0.00163350603481
0.00852526354908	0.00157380941834	0.00160500874686
0.0094071873645	0.00893904197868	0.00913478150972
0.00970116196964	0.0108117959528	0.0110560247639
0.00970116196964	0.266785100169	0.272811537231
0.0102891111799	0.00153696164154	0.00157380941834
0.0102891111799	0.428783207787	0.439063040093
0.0108770603902	0.00112344751158	0.00115193996823
0.0111710349953	0.222523753314	0.228321816819
0.0111710349953	0.375253517407	0.385031097066
0.0114650096005	0.0186443564761	0.0191431061506
0.0114650096005	0.125423780204	0.128778954711
0.0114650096005	0.333333694514	0.342250605744
0.0117589842056	0.188645553449	0.193823109711
0.0117589842056	0.60762367999	0.624300488595
0.0120529588108	0.0196818250177	0.0202357043302
0.0120529588108	0.581862429389	0.598237006549
0.0120529588108	0.0191431061506	0.0196818250177
0.0123469334159	0.385031097066	0.396134566313
0.0123469334159	0.416764612172	0.428783207787
0.0123469334159	0.176537536384	0.181628499481
0.0123469334159	0.0835028211378	0.0859108630171
0.012640908021	0.228321816819	0.235065189406
0.0132288572313	0.277279730499	0.285855781594
0.0132288572313	0.400448188921	0.412833746723
0.0135228318365	0.554184205862	0.571711563189
0.0135228318365	0.00127073843174	0.00131092847383
0.0138168064416	0.00967578045469	0.00998855837418
0.0138168064416	0.193823109711	0.200088608322
0.0138168064416	0.182367667166	0.188262858752
0.0141107810467	0.00208425859507	0.00215309098302
0.0141107810467	0.00258135405782	0.00266660296329
0.0141107810467	0.00667258242675	0.00689294365415
0.0141107810467	0.00789757254728	0.00815838892521
0.0141107810467	0.148953062133	0.153872218989
0.0141107810467	0.00569898959894	0.00588719804099
0.0144047556519	0.214827412265	0.222072331805
0.014698730257	0.0895324631567	0.0926145589638
0.0149927048622	0.00862403127283	0.00892694846402
0.0149927048622	0.128778954711	0.133302287015
0.0152866794673	0.0120566804976	0.012488619439
0.0158746286776	0.00115662798141	0.00119968802354
0.0158746286776	0.00238965096113	0.00247861515077
0.0161686032827	0.361295201744	0.374999593672
0.0161686032827	0.0061561751762	0.00638968682259
0.0161686032827	0.00642873233654	0.00667258242675
0.0170505270982	0.00247861515077	0.00257786177719
0.0170505270982	0.306704635156	0.318985444599
0.0173445017033	0.00913478150972	0.00950698187307
0.0173445017033	0.0859108630171	0.0894113358414
0.0173445017033	0.0500560236151	0.0520955765215
0.0173445017033	0.143024671659	0.148852269692
0.0179324509136	0.0110560247639	0.0115220950538
0.0179324509136	0.0009765625	0.00101772980716
0.0182264255187	0.00589517354529	0.00614784656617
0.018814374729	0.00199589286847	0.00208425859507
0.018814374729	0.00815838892521	0.00851959166145
0.018814374729	0.0170853812355	0.017841815687
0.0191083493341	0.318985444599	0.333333694514
0.0191083493341	0.017841815687	0.0186443564761
0.0196962985444	0.00190610558226	0.00199454230265
0.0196962985444	0.0115220950538	0.0120566804976
0.0199902731496	0.00747621325699	0.00782838099928
0.0211661715701	0.285855781594	0.300132587277
0.0214601461753	0.0793156848245	0.0833334236286
0.0217541207804	0.105682799954	0.111111351899
0.0220480953855	0.100044304161	0.105254449294
0.0223420699907	0.0125055380201	0.0131657150391
0.0226360445958	0.00338634649055	0.00356752838779
0.0226360445958	0.111412605335	0.117373586371
0.0235179684112	0.00378393117257	0.00399448869757
0.0235179684112	0.342250605744	0.361295201744
0.0241059176215	0.946006417082	1
0.0243998922267	0.0035772009385	0.00378393117257
0.024987841437	0.00119968802354	0.00127073843174
0.024987841437	0.236021826676	0.25
0.024987841437	0.166666847257	0.176537536384
0.0261637398575	0.00459530074863	0.00488065016888
0.0261637398575	0.117453063629	0.124746419482
0.0264577144627	0.0940040801785	0.0999089555117
0.0264577144627	0.201311291494	0.213956679621
0.0267516890678	0.002668408602	0.00283794530439
0.0273396382781	0.250508191977	0.266785100169
0.0273396382781	0.00144221303314	0.00153592162187
0.0276336128832	0.0133000743876	0.0141738451211
0.0276336128832	0.00998855837418	0.0106447734992
0.0279275874884	0.0624577079689	0.0666060425116
0.0279275874884	0.750507034813	0.800354433289
0.0285155366986	0.624300488595	0.666667389029
0.0285155366986	0.00101979861565	0.00108900520319
0.0285155366986	0.00177173064014	0.00189196558629
0.0288095113038	0.0666962750423	0.0712707108983
0.0293974605141	0.0520955765215	0.0557440231147
0.0299854097243	0.133392550085	0.142927890797
0.0308673335398	0.155232226509	0.166666847257
0.0308673335398	0.00132251518256	0.00141993348213
0.0311613081449	0.00530440353989	0.00569898959894
0.0332191303809	0.0727328036736	0.0785144258667
0.0343950288015	0.00163350603481	0.00176813642915
0.0349829780117	0.00489388295392	0.00530440353989
0.0352769526169	0.00283794530439	0.0030780875881
0.0352769526169	0.00689294365415	0.00747621325699
0.0379227240631	0.00215309098302	0.0023495522435
0.0388046478786	0.015625	0.0170853812355
0.0390986224837	0.0356353554492	0.0389923776015
0.0399805462991	0.505444643026	0.554184205862
0.0414504193248	0.0454994270165	0.0500560236151
0.0414504193248	0.0030780875881	0.00338634649055
0.04174439393	0.0141738451211	0.0156038611389
0.0487997844533	0.0557440231147	0.0623732097409
0.0490937590585	0.668022569102	0.747971231605
0.0499756828739	0.031761822341	0.0356353554492
0.0520335051099	0.439063040093	0.494948924922
0.0552672257664	0.00404619411563	0.00459530074863
0.056443124187	0.0274414400058	0.03125
0.0632045401052	0.0237087350187	0.0274228711381
0.0661442861566	0.0390187805372	0.0454378714282
0.0667322353669	0.0202631180414	0.0236286282595
0.0684960829978	0.800896377841	0.93771834527
