0 12.7292833939
0.0009765625 11424.6265363
0.000977223760442 12740.3112769
0.000977885468645 12174.5595311
0.000982529988827 12936.62404
0.000983195290039 11795.0542136
0.000984527244256 12016.9676503
0.00100881335842 13901.1226338
0.00111285131201 14893.4179223
0.00111511348044 14481.9993947
0.0012127517696 15256.4957566
0.00131626351744 16762.1280026
0.00131804668581 16493.6585609
0.00149085076179 18340.3302404
0.0016568920341 18345.4669995
0.00165801396655 19313.4531379
0.0016591366587 19299.5293207
0.00173376610598 19504.3459248
0.00191905180753 20455.9581085
0.00212845667202 21169.7926804
0.00212989791536 20982.2826402
0.00237996529263 22005.6606083
0.00242550353921 22395.7920526
0.00276026680264 23317.8051006
0.00276213586401 23033.4293808
0.00328697582823 24664.7951599
0.00328920154045 24014.2979429
0.00332276864827 24706.0453279
0.00342322138615 25059.2758732
0.00361126185451 24839.8744056
0.0037381066285 25587.7909132
0.00430909781403 25801.1579949
0.00435307321327 25759.0836717
0.00466740358918 26622.642096
0.00477606790009 26664.7381454
0.00478577653765 26895.8317892
0.00482154402805 26616.235668
0.00589916534824 27384.3147076
0.00591916494419 27615.2540429
0.00592718375468 27213.2141561
0.00596744105042 27763.2811501
0.00605697217846 27820.8282804
0.00623164223713 27701.3045194
0.00625700295189 27778.2565662
0.00708692256055 28362.6801426
0.00825281240712 29079.2530423
0.00826958845933 28832.338168
0.00851959166145 29306.230209
0.00972173609984 29773.0797273
0.0101247032734 30274.7494271
0.0101315590207 30247.6582746
0.0105801214604 30348.0395152
0.011048543456 30630.7750862
0.0114987208231 31073.1475108
0.0115065069599 30590.0522013
0.0115377042652 30508.9872968
0.0125224795213 31220.2800695
0.0125309588765 31158.0130486
0.0130062742719 31009.8380494
0.0130415378588 31217.1602031
0.0130592054896 31390.0901543
0.0141163960763 31575.1694858
0.014308803754 31576.0586822
0.0165952487248 32248.2850445
0.0166064858771 32059.6775237
0.0166289830138 32044.7353043
0.0181955133218 32484.5472487
0.0182325005774 32590.3144902
0.0184810111091 32220.0849245
0.0203455822037 32868.124429
0.0203731447686 32586.8315112
0.0209890582998 32848.3043768
0.0211030268108 33161.231796
0.024293577184 33125.879198
0.0249434474934 33375.7324831
0.0250280118075 33372.6927715
0.0274786154705 33438.0821422
0.0278343038722 33381.793822
0.0279665044113 33525.3175135
0.030353523606 33809.7797608
0.0303740769085 33836.9985946
0.0309971900758 33561.0745882
0.0345428576782 33746.179589
0.0362926273486 34067.1234025
0.0363664018368 33731.0604533
0.039230648657 34111.2447727
0.0435114547476 34355.024919
0.0494498301206 34141.9353983
0.0501577758935 34132.2509786
0.0502937674198 34278.8720371
0.0503278228734 34207.7365151
0.06220455608 34366.9858978
0.0656215053625 34354.7922261
0.0680184675337 34450.3286818
0.0680645249257 34324.7617826
0.0812722277112 34547.7106255
0.081547760201 34405.2346366
0.0833334236286 34280.6548103
0.0846409716836 34250.1687975
0.0908142497406 34425.6237441
0.100044304161 34258.5380923
0.111111351899 33514.0786449
0.111186588805 34185.7722916
0.111261876657 34157.6924812
0.123068978845 34057.2139249
0.125 33513.8521112
0.125084641337 33715.3944323
0.125338909381 33553.1095523
0.136313466583 33577.3333934
0.162214710565 33493.8153297
0.16243446606 32911.9758343
0.166666847257 32441.8178523
0.166779702495 32319.4782031
0.167005642276 32417.0866011
0.171125302872 32527.5561787
0.193691954943 32311.4783835
0.193823109711 31990.6633458
0.200088608322 31717.1248866
0.20022409446 32088.3816721
0.222222703797 31762.4140456
0.222373177611 31790.4329289
0.25 30136.3063741
0.253236047338 30245.3167841
0.303811839995 29878.1592557
0.333333694514 28220.5382396
0.33355940499 28234.9311677
0.421873628644 27537.7578088
0.42502658843 27598.9477566
0.5 21934.3524608
0.500338565347 21550.7523006
0.501355637525 21606.7752634
0.502714950556 21230.207829
0.504760833484 22032.7622062
0.505102622537 21617.3202751
0.505444643026 22010.7969794
0.515115818843 21793.5434505
0.575205125931 21665.1857971
0.663515983801 21487.2246817
0.666667389029 20370.3781464
0.675296857946 19939.6729783
0.792805602373 20392.3273428
0.794417192159 20158.0297811
1 0.0
