0.00029397460514	0.000997271151327	0.000997946434233
0.00029397460514	0.0059513054245	0.00595533523607
0.00029397460514	0.01637209567	0.0163831817185
0.00029397460514	0.0212319812574	0.0212463580835
0.00029397460514	0.0319126768425	0.0319342858954
0.00029397460514	0.0423491423417	0.0423778182458
0.00029397460514	0.0681106135047	0.0681567332916
0.000293974605141	0.111186588805	0.111261876657
0.000293974605141	0.222373177611	0.222523753314
0.000293974605141	0.333333694514	0.33355940499
0.000293974605141	0.666667389029	0.66711880998
0.000293974605141	0.000983861041747	0.000984527244256
0.000293974605141	0.00155264671176	0.00155369805651
0.000293974605141	0.00217506380417	0.00217653660663
0.000293974605141	0.00384590558892	0.00384850976963
0.000293974605141	0.00595533523607	0.00595936777635
0.000293974605141	0.0112981201817	0.0113057704857
0.000293974605141	0.111111351899	0.111186588805
0.000293974605141	0.166666847257	0.166779702495
0.000587949210281	0.00217212118839	0.00217506380417
0.000587949210281	0.0113057704857	0.0113210866378
0.000587949210281	0.0237247889309	0.0237569293744
0.000587949210281	0.100044304161	0.10017983617
0.000587949210281	0.219680171577	0.219977776675
0.000587949210281	0.0555556759493	0.0556309383286
0.000587949210281	0.0680184675337	0.0681106135047
0.000881923815422	0.0143378902311	0.0143670358342
0.000881923815422	0.0828833750979	0.0830518577629
0.00117589842056	0.0237569293744	0.0238213409443
0.00117589842056	0.166779702495	0.167231888141
0.00117589842056	0.22177189301	0.222373177611
0.00117589842056	0.0212463580835	0.0213039628041
0.0014698730257	0.66711880998	0.669380503942
0.0014698730257	0.0423778182458	0.0425214892894
0.0014698730257	0.0830518577629	0.0833334236286
0.00176384763084	0.248986706777	0.25
0.00176384763084	0.00138668841992	0.00139233178135
0.00176384763084	0.00269199346864	0.00270294898821
0.00205782223598	0.00202995584568	0.0020395972313
0.00205782223598	0.0132910745931	0.0133542012742
0.00235179684112	0.663067000783	0.666667389029
0.00293974605141	0.142927890797	0.143898653744
0.00323372065655	0.0009765625	0.000983861041747
0.00352769526169	0.111261876657	0.112169317188
0.00352769526169	0.219977776675	0.22177189301
0.00352769526169	0.222523753314	0.224338634375
0.00352769526169	0.0661567076747	0.0666962750423
0.00352769526169	0.33355940499	0.336279881513
0.00411564447197	0.0113210866378	0.0114288822545
0.00440961907711	0.0833334236286	0.0841838616396
0.00558551749767	0.000984527244256	0.000997271151327
0.00617346670795	0.0143670358342	0.0145727207124
0.00705539052337	0.136313466583	0.138546051465
0.00764333973366	0.0257672018293	0.0262247042395
0.00852526354908	0.0666962750423	0.0680184675337
0.0094071873645	0.195139551814	0.199412551588
0.0114650096005	0.0049005127945	0.00503160496516
0.0135228318365	0.138546051465	0.142927890797
0.014698730257	0.00139233178135	0.00144026188172
0.0182264255187	0.958900564912	1
0.0238119430164	0.0400896880025	0.0423491423417
0.0246938668318	0.00109491839375	0.00115897913765
0.0273396382781	0.0020395972313	0.00217212118839
0.0282215620935	0.00293166810474	0.00312850147594
0.0282215620935	0.0036039358893	0.00384590558892
0.0302793843295	0.0180972470599	0.0194040283136
0.0308673335398	0.0133542012742	0.0143378902311
0.0326311811706	0.00144026188172	0.00155264671176
0.0341010541963	0.0238213409443	0.0257672018293
0.0352769526169	0.00270294898821	0.00293166810474
0.0358649018272	0.00247861515077	0.00269199346864
0.037628749458	0.125	0.136313466583
0.0390986224837	0.0194040283136	0.0212319812574
0.0402745209043	0.000997946434233	0.00109491839375
0.0420383685351	0.199412551588	0.219680171577
0.0429202923505	0.00155369805651	0.00171509000036
0.0432142669557	0.0163831817185	0.0180972470599
0.0449781145865	0.10017983617	0.111111351899
0.0452720891917	0.224338634375	0.248986706777
0.0467419622174	0.0213039628041	0.0237247889309
0.0470359368225	0.112169317188	0.125
0.0476238860328	0.00824722795594	0.00920305218794
0.0487997844533	0.0319342858954	0.0357319726993
0.0499756828739	0.0357319726993	0.0400896880025
0.0505636320842	0.0145727207124	0.01637209567
0.056443124187	0.00217653660663	0.00247861515077
0.0614406924744	0.00312850147594	0.0036039358893
0.0637924893155	0.143898653744	0.166666847257
0.0655563369464	0.0114288822545	0.0132910745931
0.0670262099721	0.167231888141	0.195139551814
0.0702599306286	0.0070153294047	0.00824722795594
0.0708478798389	0.00595936777635	0.0070153294047
0.0729057020749	0.00503160496516	0.0059513054245
0.07319967668	0.00171509000036	0.00202995584568
0.0749635243109	0.0841838616396	0.100044304161
0.075257498916	0.0556309383286	0.0661567076747
0.0779032703623	0.00115897913765	0.00138668841992
0.0849586608856	0.0681567332916	0.0828833750979
0.0852526354908	0.0262247042395	0.0319126768425
0.0890743053576	0.00920305218794	0.0112981201817
0.104948934035	0.00384850976963	0.0049005127945
0.116119969031	0.0425214892894	0.0555556759493
0.122587410344	0.5	0.663067000783
0.124939207185	0.25	0.333333694514
0.15610051533	0.669380503942	0.958900564912
0.172269118612	0.336279881513	0.5
