0 0.0
0.0009765625 1026.43775771
0.00100404459405 1306.09473927
0.00100472446346 1365.81354759
0.00100744854783 408.880499004
0.00113721958261 1725.81227421
0.0011379896289 2483.60106034
0.00114184768871 3481.27271172
0.00114262086883 3499.95931738
0.00120294070775 2941.92849109
0.00125026125911 7778.94015778
0.00125195501291 6660.88105248
0.00125280275008 7692.93009657
0.00127936925794 7817.634154
0.00128023555813 7416.40040914
0.0013305966874 12006.7753238
0.00138200309549 11624.9153397
0.0013829388922 14283.2643522
0.00140940003954 14432.6587188
0.00144612326936 14521.5499206
0.0014569311706 15471.0594513
0.00153488230595 16017.1821884
0.00159418110546 18242.8329438
0.00175383235117 22632.5179226
0.00175501992489 21416.1361156
0.00185895934881 22404.1338095
0.00194257699899 24710.3385423
0.0020368378865 27771.0162541
0.00203821709195 26577.0983784
0.0020395972313 25700.2106482
0.00213134013461 27200.424851
0.00213567265444 27711.0100489
0.00227443916523 28755.991093
0.0022759792578 29522.8254154
0.00249376124558 31403.593395
0.00253288975518 30243.9130303
0.00285528716105 33385.1213443
0.00285915527537 32861.853495
0.00286109129716 32682.2601207
0.00322744757128 34959.7816454
0.00328475162208 35186.512645
0.00354826167776 36943.8134757
0.00357236138946 36384.5267036
0.00391154187458 38275.001553
0.00397022779262 37837.3184536
0.00421676273361 39079.8346219
0.00425979583072 39321.925443
0.00476315368036 40522.2544833
0.00476637895791 40749.2015254
0.0047696064194 40772.7680176
0.00501460424509 41078.0287125
0.00502820021646 41618.3649362
0.00541322145394 42849.5073341
0.00542789818621 41786.5263759
0.00589916534824 43105.8685672
0.00595533523607 44126.7972575
0.0064987366419 44759.6759794
0.00673611653443 45232.9505352
0.00674980949594 44928.0950303
0.00728142987655 46139.9482699
0.00790292023605 46784.6551259
0.00790827154591 46558.3890961
0.00894509487837 47674.8383919
0.0095456721326 48080.9973981
0.0100495955433 49333.4481848
0.0101315590207 48739.2346592
0.0121879691404 51059.2045398
0.0121962219884 50716.264931
0.0122044804246 50561.557627
0.0128748829362 50961.0520201
0.0128923247963 50979.4273199
0.0129185319004 51368.0821048
0.0146419346415 52052.7830884
0.015105019691 52410.4712029
0.0156992117867 52410.822133
0.0157098422049 52561.101934
0.0158594260905 53015.1777594
0.0165727972267 53392.1335243
0.0166740687606 53298.7882417
0.017841815687 53115.9751307
0.0181832009184 53698.9981888
0.0204145586435 54530.6804731
0.022292393151 54851.8816453
0.0239831349441 55218.4879502
0.0277590414756 55356.8886054
0.0277778379746 55480.0748291
0.02859824276 55676.224345
0.028617607508 55690.0844098
0.0286563763501 55719.3569948
0.0331904974496 55866.8076036
0.0332354612767 55814.7966676
0.0357561679147 56289.5984251
0.0357803795135 55988.9609257
0.0363417936928 56309.5553919
0.0363664018368 56190.7886932
0.0399812877346 56169.2859324
0.0432764678069 56417.3989102
0.0433057716316 56444.7669694
0.0500221520806 56591.9359257
0.0503278228734 56625.5576242
0.0548086296708 56551.317676
0.0611607538805 56725.7331223
0.0635666584915 56715.4106542
0.0636958747549 56735.3862945
0.0646515211484 56774.6414557
0.0713672627481 56833.4519886
0.0720955831547 56794.336848
0.0721444012869 56828.1870311
0.0833334236286 56933.4074045
0.0833898512475 56848.89046
0.0836725629928 56891.7511756
0.0845264620041 56846.2515432
0.0909372776112 56956.6870211
0.090998854033 56828.4145485
0.100044304161 56889.9126231
0.100519470021 56804.2050569
0.107341022232 56778.5572653
0.107413706133 56782.3581938
0.11021247022 56578.8607426
0.111111351899 56650.8343426
0.11761217963 56625.2082489
0.11777151119 56605.8150773
0.125 56437.9300664
0.125084641337 56336.8062155
0.125254095988 56195.1976641
0.133392550085 56272.2234486
0.136405768615 56032.322309
0.138921687918 55923.3621528
0.142927890797 55919.0315725
0.14625547121 55784.1800587
0.153664047248 55697.7637683
0.154080672745 55447.4824506
0.157135180789 55590.0072071
0.157561217484 55658.7594004
0.166328739533 55545.8974497
0.166666847257 54955.8490341
0.167005642276 54842.4017971
0.172287581993 54689.2905247
0.172988735245 54946.3670923
0.181628499481 54802.3435638
0.185229117928 54395.4094604
0.186234893721 54595.5814185
0.18775380654 54753.3681036
0.187880940406 54279.0274679
0.199953213864 54364.0774055
0.200088608322 53918.2516595
0.222072331805 53547.2318714
0.222222703797 53326.245179
0.222373177611 53107.9924811
0.236982357142 52432.755565
0.23714282517 52629.6898581
0.238107917727 52402.053081
0.25 51564.2287987
0.271338197649 51141.2237407
0.271521929071 51038.2387571
0.271889765229 51302.6739355
0.272442454019 51018.6175712
0.272626933166 51099.617392
0.277467485115 50738.7296839
0.284697158689 50229.2533391
0.289164216442 50306.826743
0.289360018408 50461.9248962
0.297906124265 50259.5458582
0.303195513885 49988.8582855
0.317692541442 49570.4266514
0.318553893303 49543.6419172
0.330189737795 49433.1272335
0.333333694514 47508.694809
0.33355940499 47180.3399659
0.334916881013 47135.3548348
0.358372353342 47074.1987593
0.375253517407 45817.3464935
0.377546582287 46367.1886196
0.377802230666 46322.3430554
0.399635822047 45449.1151303
0.400177216645 45090.2174961
0.406731445119 44607.0198243
0.407006855464 45065.4639114
0.428493061982 44120.2537845
0.428783207787 44177.4815202
0.429364088928 43529.6773974
0.429654824531 43452.1993473
0.441148393866 43514.0713026
0.444445407594 43472.1523805
0.445348861955 43745.3479706
0.45479277804 43246.7056298
0.5 36387.2969629
0.500338565347 35794.0065426
0.503736853375 36166.423898
0.504077949059 36635.7453957
0.511294553289 35997.773555
0.549700901315 35101.4438014
0.571711563189 33868.652427
0.581862429389 34464.1610196
0.600265174554 33415.8846339
0.60762367999 33325.2455783
0.622612415088 33927.1200428
0.666667389029 29521.1993244
0.66711880998 29490.4644523
0.667570536602 29432.6649987
0.668022569102 29510.7796281
0.750507034813 27474.0430484
0.760736509454 28176.9197499
0.762799075372 27323.1393579
0.919490293388 27268.7938104
1 0.0
