0 0.0
0.0009765625 2501.44749574
0.00102118015712 4724.72100329
0.00102187162955 3389.31232794
0.00102811598926 4880.15603283
0.00104071941424 5019.47855858
0.00111435891382 6227.97599283
0.00111511348044 8081.64685697
0.00116843165342 7382.17704439
0.00117001455102 10457.8745832
0.00124266767909 12019.689572
0.00125790124129 12683.2002468
0.00131004140459 13596.0265003
0.00132251518256 14138.2731353
0.00141226502271 15241.7697091
0.00141322131071 17073.5628022
0.00141609406163 15238.0949833
0.00141705294239 15355.34657
0.00142474739974 15649.3319558
0.00144416682783 17236.1834233
0.00147479133706 17382.0173003
0.00153904379405 19115.1597685
0.00162578428399 20691.0310357
0.00163019223235 20471.4071825
0.00163129608555 20940.8479091
0.00167833915832 21345.2327482
0.00191775323795 22927.0484086
0.00191905180753 22813.233743
0.00192686171119 23499.6715963
0.00193470339856 23730.9500138
0.00194520864669 23008.0237649
0.00198511389631 23478.8831554
0.00204236031424 24056.9136876
0.0021183952387 24713.8709433
0.00224993893655 26450.5060566
0.00225146243926 26621.408202
0.0022729001148 26616.9581251
0.0024271459221 26555.5972186
0.00243207974644 27173.2566618
0.00249376124558 26918.1719411
0.0025106988146 27997.9894275
0.00251580248258 27801.8495193
0.00272499396478 28162.917935
0.00290992021439 29856.8916404
0.00321219109509 31236.6666821
0.00321436616827 31155.0635526
0.00344880553893 31957.1731754
0.00359175895855 31965.0809531
0.00361370715075 31813.2132806
0.00362105297868 31529.4311295
0.00386417192654 33484.3725495
0.00426268026923 34058.0240181
0.00426845500698 34318.524362
0.00430618196605 34400.5833566
0.00447254743919 34946.4514152
0.0045458002296 34083.4523326
0.00475993058526 35039.9878068
0.00477606790009 35156.478285
0.00507607706437 35749.1644534
0.00508639555092 35704.3815978
0.00573381446346 37008.0696552
0.00573769700522 37034.461189
0.0060283402488 37532.6942332
0.00627821570378 38052.2294182
0.00629097785918 37416.2966949
0.00700583845598 38639.7008213
0.00701058232423 38779.9873395
0.00744591087208 39258.9606107
0.0074711543091 39390.250955
0.00748127563046 39060.0920676
0.00805413468085 40110.5665141
0.00807050686735 40009.6833844
0.00852536053845 40812.6637074
0.00854847513578 41116.1296808
0.00863571441954 40672.6925251
0.00959750418833 41169.5584524
0.0103604218872 41870.2835529
0.0103674372469 41984.9192557
0.0103885118406 42227.833793
0.0104732394848 42019.3882478
0.0105658077505 42269.6828051
0.0110560247639 42528.2449545
0.0113210866378 42970.6059498
0.011991567472 43358.6236564
0.0119996873304 42747.1011214
0.0135179071943 43884.3867735
0.0141642540699 44366.2760445
0.0141738451211 44353.2010652
0.0143864991434 44578.3596491
0.0149625512609 44595.0202805
0.0157951450946 45161.3414159
0.017841815687 45335.9205824
0.0181832009184 45681.2604453
0.018796417948 46012.8855209
0.0188218818293 46170.8870755
0.0200041801458 46423.3725614
0.0200448440012 46370.8324751
0.0220522597861 46629.9483392
0.0229507880209 46968.030286
0.0251809506935 47345.8982411
0.0251980014881 47339.4469524
0.0258545588696 47177.2565169
0.0279854413898 47865.4310112
0.0280423292969 47519.7169802
0.0289684238294 47895.864947
0.0312288539845 47825.4759582
0.0356112419842 48129.2111585
0.0356594852421 48185.0852634
0.0358046075067 48193.7462965
0.0414136450987 48489.7646748
0.0420919308198 48608.2266216
0.0423204858418 48651.7451004
0.0494163687806 48691.1056521
0.0495168207891 48577.8713324
0.0497856922294 48719.5723847
0.0561226352376 48911.9648961
0.0570804542046 48895.9463831
0.0652671114017 48788.4528233
0.0713672627481 49001.8166696
0.0714639453986 48941.7312695
0.0772492139146 48857.3443145
0.0776161132546 49051.9924719
0.0829956588549 49043.7603538
0.0833334236286 49021.5824745
0.0884481981114 49069.599804
0.0945145130381 48848.611323
0.0999089555117 48831.2866678
0.099976606932 48968.5074691
0.100044304161 48982.7702924
0.10011204723 48765.7416525
0.105682799954 48814.2354033
0.111111351899 48651.4916659
0.123737231231 48758.3633755
0.123821017508 48730.7905836
0.125 48573.4090395
0.128170203364 48464.2680879
0.128343838088 48462.4320113
0.128604731323 48569.4105677
0.133392550085 48355.2517469
0.139298342824 48253.6328489
0.142927890797 48067.1240157
0.143801281483 48229.3432644
0.143898653744 48170.9089954
0.16599131771 47894.8500593
0.166666847257 47301.23252
0.167571831757 47158.9398626
0.168481730232 47082.0048788
0.172988735245 47480.3533
0.19316822276 47161.9640098
0.193299022893 46844.494486
0.194480216886 47033.6696244
0.194743683105 47232.2653897
0.200088608322 46294.0427367
0.201311291494 46445.4691525
0.213233765632 46203.5522988
0.214536775029 46124.6399713
0.222222703797 45659.1908655
0.22282521067 45848.2900764
0.226321462931 45566.9219629
0.238753493784 45666.2625721
0.25 44184.6710973
0.250169282673 44357.6259786
0.250338679973 44185.4501021
0.277092102931 43697.3681492
0.279730481654 43195.6242657
0.285662350849 43832.6616541
0.285855781594 43398.061172
0.286243036108 43439.2925145
0.289752020181 43394.6875856
0.331533500392 42950.8732849
0.3317579919 42891.3684742
0.333333694514 40448.2534879
0.333785268301 40314.8116025
0.338563886734 40455.1875022
0.377291106898 39893.5953644
0.400177216645 38889.0632143
0.400448188921 38909.0758116
0.403714203551 39055.8563561
0.407006855464 39246.6302113
0.428783207787 38518.2679723
0.429654824531 38830.4669895
0.499661663751 37854.6715853
0.5 31943.1208963
0.500338565347 31206.5911234
0.501355637525 31569.1521887
0.529612035296 31732.9998393
0.530688613645 31559.8985367
0.600265174554 29822.6189995
0.604342161813 29679.2319252
0.666667389029 27153.4521634
0.66711880998 27131.2279495
0.669833762027 26572.3540624
0.742422582936 27117.5597319
0.750507034813 25236.8096799
0.751015226162 25425.4943454
0.770062194131 25987.5756698
1 0.0
