0 0.0
0.0009765625 20865.5424645
0.000977223760442 19331.0412155
0.000979873282843 22498.8880575
0.000981865137805 21421.1466466
0.000998622174393 24746.6962029
0.000999298372118 26115.5994386
0.00101566519555 24527.4854221
0.00106639166522 27629.3008206
0.00107363457288 29926.5141392
0.00113261023503 34883.0133385
0.00113491256877 35700.8654563
0.0011356810529 35166.8827327
0.00116212144887 36975.4645696
0.00117796126294 37804.4148113
0.00117955707049 38959.2585898
0.00118515944091 37222.1165258
0.00124350912752 43598.7039429
0.00125280275008 41282.9172304
0.00127332154804 42622.7044855
0.00131537283812 46691.1040431
0.00136619108646 45917.117891
0.00140558910088 48641.6130813
0.00141130938181 45747.10683
0.00149894593401 50637.1864013
0.00155159607843 52819.1945207
0.00159094707929 54692.5236108
0.00159202435839 54491.2346708
0.00170698259376 56046.0296718
0.00171392944613 57661.0449979
0.00171509000036 56142.7318813
0.00181052648934 58601.0328413
0.00185142466517 61229.0519419
0.00187031890761 60732.5744268
0.00195974656569 62488.6198368
0.00196107357024 62305.7906523
0.00199319265073 61556.1697696
0.00199454230265 60945.4188672
0.00199589286847 62089.8429119
0.00208003037608 63047.5437481
0.0020828482346 63689.8347624
0.00208425859507 62652.8982607
0.00217506380417 64486.3336992
0.00217653660663 63797.6719266
0.00223476049467 65811.186033
0.00226215588249 65255.7547241
0.00226522047006 65555.5619446
0.00226675432037 66139.1262256
0.00237192389749 66907.6061433
0.00237352999996 66477.3919122
0.00243043402496 67622.9287159
0.00250221569877 68329.9218733
0.00264861364036 70986.5062582
0.0027121126384 70442.6208724
0.00272130735557 70783.5221726
0.00288637919971 71281.1182172
0.00291583540682 71549.9200627
0.00297565271225 72498.1452342
0.00297766761804 73424.5935261
0.00297968388817 73180.9515093
0.00330482378193 76577.6475175
0.00333855031856 76589.1605713
0.00350291922799 77241.723002
0.00350529116212 77150.8111241
0.00386678847595 80399.8063538
0.00386940679711 78797.754999
0.00387202689122 79354.4936238
0.0040654117345 79790.1538427
0.00407919446261 80030.5174768
0.00430909781403 82127.6843401
0.00460152609397 82957.3292653
0.00461087992854 83080.0322226
0.00500782005165 85021.8482273
0.00526505406976 86061.87697
0.00526861919947 85700.8294149
0.00530440353989 86132.2641496
0.00571057432211 86945.2884508
0.00585144158681 88097.3471624
0.00646801644625 89335.6335391
0.00647239613871 89189.3349112
0.00671335663329 89141.2150561
0.00732592457242 90990.3495033
0.00742075272725 91182.7369868
0.00803779570769 92164.6911225
0.00804323834587 92541.9700229
0.00804868466942 92636.495392
0.00814183845729 92550.3308322
0.00873566236659 93388.1755854
0.00883078749295 94755.4723432
0.00889678620904 94333.4187254
0.00952630736072 94716.224308
0.00953275791582 95048.4876459
0.00970201415682 94948.5534803
0.0102974968849 95776.6670363
0.0110560247639 97607.1346784
0.0111235849091 97515.7826987
0.0111537440073 98111.7664497
0.0111612965497 97258.449955
0.0111688542062 97807.9868759
0.0115533346226 97478.3217351
0.0115689861549 97880.9391906
0.0116082078134 98039.6552659
0.0116554493648 97939.3916516
0.0125140059038 98992.4231511
0.0138139108176 99785.360506
0.0138232646406 99947.6470289
0.0138326247974 99055.7876257
0.014011676912 100167.760599
0.0146419346415 100527.991352
0.0149726828636 99776.7624771
0.0150031188528 100713.770841
0.0150845843046 100257.107296
0.01555113902 100773.211658
0.0168442317187 101920.131603
0.016855637465 101716.884314
0.0194040283136 102179.369035
0.0263492598976 102865.266285
0.0265641617769 102502.268443
0.0278154691643 102958.134045
0.0302919471081 102802.426238
0.0348245857061 102923.907121
0.0394436671998 103193.491258
0.0423491423417 103154.329995
0.0424065135672 103146.34598
0.0425790939968 103304.365757
0.0426656474126 103066.169968
0.0463072794819 103333.116074
0.0463386355622 103273.469458
0.0495503501483 103236.936191
0.0495839022113 103165.089295
0.0497520036208 103421.838151
0.0497856922294 103295.607399
0.0509447794685 103192.106715
0.0555556759493 103000.992579
0.0555932944026 103229.85811
0.0597287902756 103364.890884
0.0637390051867 103217.253578
0.0638685717909 103254.000299
0.0669223915306 103304.057112
0.0713672627481 103177.025357
0.0714155877122 103150.655278
0.0714639453986 103086.306273
0.0715123358295 103273.441813
0.071560759027 102946.837266
0.0736244175035 102967.148725
0.0769882052959 103084.190689
0.0832770341927 102805.727536
0.0833334236286 102632.692672
0.0836159440706 102615.0356
0.0892903723978 102470.882207
0.0893508336495 102666.399924
0.0909372776112 102308.56189
0.0912455769555 102539.201881
0.0985654993819 102082.669478
0.0986322411068 102122.5931
0.099976606932 102251.035223
0.100044304161 101786.965462
0.100655645747 101712.857114
0.107050778128 101604.702576
0.107341022232 101443.420454
0.107413706133 101496.29389
0.111111351899 100988.440185
0.115952156953 100802.260632
0.12051341252 100363.161537
0.125 100506.368878
0.132941845107 99427.3243484
0.133392550085 99479.4357934
0.137053635227 99108.3687724
0.142927890797 98446.9888857
0.143121518054 98598.3491755
0.1476480671 97957.8795892
0.153872218989 97617.6931192
0.154498427829 97442.6726966
0.154603043457 97601.2090441
0.155232226509 97161.7440674
0.166666847257 95435.0532633
0.167912466398 95469.5317366
0.169281943367 95313.7939507
0.181874555222 94605.8600522
0.1821209443 94376.8421457
0.187626758703 94266.0310254
0.199277614599 93613.5870614
0.199547579947 94180.2523263
0.199953213864 93888.8189104
0.200088608322 92547.3804666
0.212657193489 92265.8118724
0.214391603893 90860.9383048
0.222222703797 90561.449584
0.223127076415 90562.6538314
0.229561581706 89893.7192056
0.23300575605 89895.6719395
0.242007724187 90522.8977911
0.24881822432 89863.2112372
0.249661778223 89738.2795352
0.25 87670.5721033
0.250169282673 87179.2695512
0.250338679973 86804.6960775
0.262841616485 86897.7597778
0.263019594611 86301.9981267
0.269507707499 86889.3690014
0.274850450658 85749.7683328
0.285662350849 85894.9411408
0.285855781594 84468.2761974
0.286436860053 83681.006981
0.300132587277 83124.7887028
0.307744437979 83527.7785793
0.312150244297 83010.2637058
0.329519900317 83044.7069237
0.333333694514 77994.7021925
0.337648428973 77591.5714787
0.363749110445 77596.4326161
0.375253517407 76592.0236088
0.399635822047 75379.7190623
0.400177216645 73109.7719411
0.411717467425 73573.0833153
0.41255439348 72822.7365258
0.425602380404 73294.8850804
0.428493061982 73182.8566334
0.428783207787 72204.3647941
0.431111458204 72333.9790053
0.431695493472 71632.2704599
0.439063040093 71760.7421343
0.494948924922 70837.2469729
0.495284070031 70948.7522488
0.5 58214.9859068
0.500338565347 57915.4337045
0.500677359946 57035.7572351
0.501355637525 57843.4234403
0.505444643026 57027.8876729
0.574426938331 56522.8886606
0.574815900442 57925.1734428
0.581468699086 57210.6911258
0.600265174554 54097.6615499
0.617575531968 54272.1362689
0.666667389029 48815.8582137
0.668927552565 49175.3428989
0.697126409294 48200.9078762
0.750507034813 45830.209781
0.751523761622 45247.0851279
0.752032641428 45145.079773
0.752541865812 45284.904667
0.788523995055 46097.1746536
0.796032057932 45939.6790639
0.803611610083 44897.7590507
1 0.0
