1	9515
85	999
85	6050
85	6098
96	8941
107	6142
109	4368
109	6113
170	1277
170	2024
170	5624
209	8074
229	5185
229	8859
252	8511
258	3181
271	9779
278	6949
284	7503
286	6007
286	6960
286	9953
309	7408
316	5433
316	9327
317	9064
358	8669
358	9857
417	2929
532	1679
532	4818
532	7584
551	717
596	1091
603	3962
603	9011
626	9618
631	9852
633	9016
645	942
646	9046
717	551
727	3351
727	9529
733	4201
733	6371
738	7157
821	8206
821	9876
827	6012
827	6873
827	9558
843	8426
852	2231
865	2616
865	3439
906	5514
906	8240
910	5510
916	3742
936	9852
942	645
943	4452
980	1548
980	8669
999	85
999	3932
1016	8978
1016	9469
1018	8627
1040	9659
1047	9332
1056	9806
1057	5822
1057	9874
1060	5291
1091	596
1119	5949
1122	7769
1131	7309
1131	7584
1159	9806
1173	7117
1180	9812
1189	9812
1215	5568
1217	9876
1263	8953
1277	170
1277	3459
1320	4756
1324	9392
1324	9849
1328	8355
1329	6084
1329	9957
1332	7383
1334	6535
1345	7402
1365	9715
1368	9849
1398	2793
1398	3226
1415	9668
1415	9742
1415	9804
1426	9924
1435	8917
1436	8883
1461	9332
1475	4710
1496	4659
1496	4706
1523	8117
1526	7874
1527	2105
1535	8167
1538	2581
1547	7408
1547	7503
1548	980
1549	3817
1558	8563
1646	2045
1646	6713
1659	1851
1679	532
1679	6758
1698	4975
1699	9039
1714	8718
1714	9011
1815	9262
1815	9429
1851	1659
1856	4363
1856	5912
1886	9440
1892	3889
1895	8563
1900	8240
1905	7674
1952	9471
1978	9567
1994	9957
1995	9138
2007	8626
2007	9392
2024	170
2043	3039
2045	1646
2045	3512
2045	5026
2050	9957
2083	5975
2100	3522
2100	5109
2103	7719
2105	1527
2134	3225
2156	5790
2156	5990
2184	7865
2190	6394
2191	9446
2203	3616
2220	9904
2231	852
2237	9725
2246	9240
2304	8978
2314	9730
2398	5926
2398	9957
2419	8806
2468	3731
2477	6391
2477	6942
2488	4706
2488	6937
2498	8059
2525	5822
2525	6012
2581	1538
2583	9064
2598	5750
2616	865
2616	9924
2689	9016
2694	3932
2694	4337
2694	5048
2703	7134
2719	3064
2719	3259
2724	8983
2724	9742
2724	9804
2747	7042
2754	6732
2777	9641
2777	9715
2783	6372
2783	9725
2787	6050
2793	1398
2797	5803
2865	3305
2869	9425
2877	8745
2895	4739
2898	8062
2929	417
2929	9608
2942	9953
2966	9325
2979	8876
2979	9200
2984	8037
2984	9391
2987	5822
2990	7674
2999	8374
3028	4901
3028	8488
3039	2043
3039	7002
3064	2719
3123	7219
3123	8020
3140	6974
3141	6191
3141	7770
3156	6596
3156	8978
3167	5577
3173	9425
3174	6109
3181	258
3181	5453
3181	9618
3191	3375
3225	2134
3226	1398
3252	5384
3252	9953
3259	2719
3268	9446
3271	5202
3284	7674
3289	8117
3305	2865
3305	8440
3305	9869
3325	9715
3351	727
3375	3191
3375	5702
3375	9327
3395	7789
3428	9924
3439	865
3439	8812
3456	6626
3456	8359
3459	1277
3459	9742
3474	9904
3476	9345
3497	6391
3501	6768
3512	2045
3512	6432
3522	2100
3522	7051
3524	8841
3524	8959
3534	9957
3560	7865
3560	9425
3564	8117
3568	5912
3568	8301
3608	5903
3616	2203
3616	8563
3618	6277
3618	9776
3641	4201
3641	9741
3644	8569
3658	8953
3658	9057
3661	6596
3731	2468
3731	5009
3731	5356
3742	916
3742	5520
3742	8931
3789	4422
3815	9641
3817	1549
3817	8206
3817	9529
3821	4285
3823	5302
3823	6917
3823	7452
3828	6830
3828	8499
3831	8572
3847	4031
3858	9325
3872	9779
3889	1892
3889	9924
3892	4937
3905	9839
3913	5218
3922	6012
3932	999
3932	2694
3946	9327
3953	9821
3962	603
3999	5293
4001	4854
4001	5523
4005	7203
4019	6868
4031	3847
4046	9227
4049	7884
4051	8301
4051	9327
4058	9311
4063	8242
4109	6014
4109	8278
4135	8206
4151	9668
4186	6521
4201	733
4201	3641
4237	9515
4257	6974
4257	7532
4285	3821
4288	8542
4301	7367
4301	9174
4330	9730
4333	9227
4333	9953
4337	2694
4337	6626
4338	8794
4347	8611
4351	9064
4351	9904
4363	1856
4363	4657
4368	109
4368	7051
4368	9469
4384	5660
4384	6076
4399	9097
4405	8627
4422	3789
4423	7408
4433	9011
4441	9580
4446	7665
4446	7927
4452	943
4452	8829
4452	9084
4456	5981
4456	9403
4464	4809
4464	6430
4464	6983
4464	9953
4468	9879
4484	7515
4513	9869
4538	7674
4559	7789
4559	9622
4590	9558
4615	4884
4615	6903
4624	5009
4628	8488
4637	9097
4637	9747
4649	6154
4657	4363
4659	1496
4659	4674
4674	4659
4706	1496
4706	2488
4710	1475
4710	7315
4710	8627
4730	9852
4739	2895
4756	1320
4756	7383
4756	7770
4809	4464
4809	9344
4818	532
4818	9714
4854	4001
4884	4615
4884	6781
4884	8499
4886	8355
4893	5474
4901	3028
4901	6873
4901	8544
4910	9471
4918	5811
4918	8062
4918	9295
4924	8805
4936	7113
4937	3892
4949	8959
4951	7383
4951	9741
4959	5900
4960	5179
4960	6390
4960	9240
4973	9869
4975	1698
4981	6166
5003	8983
5009	3731
5009	4624
5009	9130
5026	2045
5026	9332
5033	5520
5033	8374
5033	9425
5035	6619
5035	6885
5048	2694
5109	2100
5146	5384
5179	4960
5185	229
5185	7587
5185	7769
5185	9432
5185	9442
5198	5568
5202	3271
5202	9037
5202	9325
5209	7515
5209	9448
5218	3913
5224	7309
5266	5293
5266	5493
5266	9344
5268	9874
5291	1060
5293	3999
5293	5266
5302	3823
5356	3731
5362	5514
5382	9211
5382	9924
5384	3252
5384	5146
5388	8211
5389	6262
5389	8499
5389	9714
5407	7186
5407	8489
5407	9715
5433	316
5453	3181
5453	9747
5459	9812
5474	4893
5474	6885
5474	6917
5474	8278
5493	5266
5493	6974
5510	910
5510	8511
5513	9016
5513	9271
5514	906
5514	5362
5514	9857
5520	3742
5520	5033
5520	7157
5523	4001
5568	1215
5568	5198
5568	9045
5570	6109
5570	7186
5570	7366
5570	8211
5570	9580
5577	3167
5624	170
5655	9391
5660	4384
5660	7385
5702	3375
5702	6849
5702	8401
5717	8540
5717	8841
5717	9806
5744	9084
5744	9403
5750	2598
5750	8357
5764	7203
5772	9747
5775	9742
5778	9904
5790	2156
5790	5917
5790	7915
5790	8572
5795	9240
5803	2797
5803	8348
5811	4918
5822	1057
5822	2525
5822	2987
5827	9327
5839	8941
5839	9344
5861	6873
5861	7321
5861	8059
5869	7113
5869	9839
5873	9077
5900	4959
5903	3608
5903	7111
5912	1856
5912	3568
5913	7214
5917	5790
5917	6109
5917	8941
5926	2398
5926	9494
5949	1119
5967	6822
5975	2083
5975	9240
5981	4456
5981	6725
5990	2156
6007	286
6007	7190
6007	7221
6009	9429
6009	9641
6012	827
6012	2525
6012	3922
6012	7034
6012	8718
6014	4109
6014	6430
6014	6798
6014	9839
6016	7503
6016	8355
6021	8859
6028	6494
6028	7515
6028	8412
6036	8877
6050	85
6050	2787
6050	7321
6056	9879
6072	9966
6076	4384
6076	6822
6076	9200
6084	1329
6098	85
6109	3174
6109	5570
6109	5917
6109	6390
6109	8117
6113	109
6113	8440
6113	9869
6127	9714
6142	107
6142	6390
6150	9471
6154	4649
6154	7408
6166	4981
6166	7582
6166	9128
6166	9659
6177	7527
6177	9295
6191	3141
6191	7130
6192	9362
6196	6596
6196	7665
6206	8050
6236	8240
6250	7208
6250	8775
6250	9045
6253	8541
6257	6942
6262	5389
6277	3618
6279	7162
6279	9839
6371	733
6371	7999
6372	2783
6372	9039
6377	9211
6377	9344
6390	4960
6390	6109
6390	6142
6390	7366
6390	7387
6390	9580
6391	2477
6391	3497
6391	9953
6394	2190
6395	9634
6430	4464
6430	6014
6430	7458
6430	9471
6432	3512
6462	7296
6462	7321
6462	8443
6489	7385
6489	9558
6489	9953
6494	6028
6494	8617
6494	9471
6511	7458
6511	8440
6521	4186
6533	8877
6533	9634
6535	1334
6535	9821
6567	9471
6570	9494
6572	6942
6572	7383
6572	9311
6574	8357
6578	9558
6579	9924
6593	7705
6593	9715
6596	3156
6596	3661
6596	6196
6601	9622
6619	5035
6626	3456
6626	4337
6659	7571
6659	9432
6713	1646
6713	9037
6725	5981
6725	7362
6725	8859
6725	8905
6732	2754
6732	8050
6746	9515
6758	1679
6758	7594
6761	7789
6761	8338
6768	3501
6768	8627
6768	9200
6768	9641
6781	4884
6781	8499
6798	6014
6822	5967
6822	6076
6822	8745
6830	3828
6830	7303
6830	9016
6849	5702
6849	9392
6853	8832
6853	9641
6868	4019
6873	827
6873	4901
6873	5861
6885	5035
6885	5474
6885	8837
6903	4615
6917	3823
6917	5474
6917	8883
6937	2488
6937	8841
6942	2477
6942	6257
6942	6572
6947	7770
6949	278
6949	8883
6960	286
6960	8177
6974	3140
6974	4257
6974	5493
6974	9673
6983	4464
6990	9715
6997	7582
6999	7309
7002	3039
7024	7361
7034	6012
7034	7408
7034	8538
7034	9345
7042	2747
7051	3522
7051	4368
7111	5903
7113	4936
7113	5869
7117	1173
7117	8568
7130	6191
7134	2703
7134	7705
7157	738
7157	5520
7157	8877
7162	6279
7164	7190
7164	7221
7177	9362
7177	9779
7186	5407
7186	5570
7190	6007
7190	7164
7190	7506
7190	9211
7203	4005
7203	5764
7203	8832
7203	9440
7208	6250
7208	9311
7214	5913
7219	3123
7221	6007
7221	7164
7249	7705
7296	6462
7296	8374
7303	6830
7309	1131
7309	5224
7309	6999
7315	4710
7321	5861
7321	6050
7321	6462
7321	8924
7329	9725
7361	7024
7361	9565
7362	6725
7366	5570
7366	6390
7366	9580
7367	4301
7383	1332
7383	4756
7383	4951
7383	6572
7385	5660
7385	6489
7385	9046
7387	6390
7387	7823
7387	8074
7390	8931
7390	9806
7402	1345
7402	7582
7402	9295
7408	309
7408	1547
7408	4423
7408	6154
7408	7034
7436	8718
7452	3823
7458	6430
7458	6511
7503	284
7503	1547
7503	6016
7503	9011
7503	9045
7506	7190
7506	8586
7515	4484
7515	5209
7515	6028
7515	9448
7515	9966
7527	6177
7532	4257
7571	6659
7582	6166
7582	6997
7582	7402
7584	532
7584	1131
7584	8883
7587	5185
7594	6758
7596	9806
7665	4446
7665	6196
7665	7865
7674	1905
7674	2990
7674	3284
7674	4538
7705	6593
7705	7134
7705	7249
7705	9138
7705	9271
7719	2103
7732	8177
7746	8443
7746	8684
7769	1122
7769	5185
7769	8240
7769	9174
7769	9432
7769	9442
7770	3141
7770	4756
7770	6947
7789	3395
7789	4559
7789	6761
7789	8540
7823	7387
7823	9618
7845	8905
7854	9618
7854	9879
7865	2184
7865	3560
7865	7665
7874	1526
7874	9471
7874	9879
7884	4049
7890	9442
7915	5790
7927	4446
7927	8819
7927	9189
7927	9924
7938	9448
7995	8812
7995	9344
7999	6371
7999	8172
8020	3123
8033	8037
8033	9382
8033	9812
8033	9869
8037	2984
8037	8033
8037	9382
8050	6206
8050	6732
8059	2498
8059	5861
8059	9812
8062	2898
8062	4918
8074	209
8074	7387
8074	9471
8074	9501
8110	8415
8110	9874
8117	1523
8117	3289
8117	3564
8117	6109
8128	8775
8131	9211
8167	1535
8172	7999
8172	9392
8172	9446
8172	9641
8177	6960
8177	7732
8206	821
8206	3817
8206	4135
8206	8859
8211	5388
8211	5570
8240	906
8240	1900
8240	6236
8240	7769
8240	8819
8242	4063
8278	4109
8278	5474
8278	9839
8301	3568
8301	4051
8338	6761
8338	8684
8338	8806
8346	9271
8348	5803
8348	9839
8355	1328
8355	4886
8355	6016
8355	9776
8357	5750
8357	6574
8357	8538
8357	9211
8359	3456
8359	8611
8374	2999
8374	5033
8374	7296
8374	9045
8401	5702
8401	8626
8401	9392
8412	6028
8415	8110
8426	843
8426	9558
8440	3305
8440	6113
8440	6511
8440	8936
8440	9391
8440	9869
8440	9966
8443	6462
8443	7746
8443	8876
8443	9046
8443	9311
8443	9804
8443	9869
8488	3028
8488	4628
8488	8978
8489	5407
8489	9806
8499	3828
8499	4884
8499	5389
8499	6781
8499	9391
8511	252
8511	5510
8511	8883
8511	9057
8511	9189
8538	7034
8538	8357
8538	9741
8540	5717
8540	7789
8541	6253
8542	4288
8542	8544
8542	9011
8544	4901
8544	8542
8544	9011
8544	9904
8563	1558
8563	1895
8563	3616
8563	8905
8568	7117
8569	3644
8572	3831
8572	5790
8586	7506
8586	9966
8611	4347
8611	8359
8611	9634
8617	6494
8617	9618
8617	9622
8626	2007
8626	8401
8626	9392
8627	1018
8627	4405
8627	4710
8627	6768
8669	358
8669	980
8684	7746
8684	8338
8711	9567
8718	1714
8718	6012
8718	7436
8718	9957
8745	2877
8745	6822
8745	8953
8775	6250
8775	8128
8794	4338
8805	4924
8806	2419
8806	8338
8806	9608
8812	3439
8812	7995
8819	7927
8819	8240
8819	9262
8819	9429
8829	4452
8829	9673
8832	6853
8832	7203
8832	9084
8837	6885
8837	8936
8837	9730
8841	3524
8841	5717
8841	6937
8859	229
8859	6021
8859	6725
8859	8206
8859	9776
8876	2979
8876	8443
8877	6036
8877	6533
8877	7157
8883	1436
8883	6917
8883	6949
8883	7584
8883	8511
8905	6725
8905	7845
8905	8563
8917	1435
8924	7321
8931	3742
8931	7390
8931	9806
8931	9857
8936	8440
8936	8837
8941	96
8941	5839
8941	5917
8953	1263
8953	3658
8953	8745
8953	9057
8959	3524
8959	4949
8959	9957
8965	8978
8965	9442
8978	1016
8978	2304
8978	3156
8978	8488
8978	8965
8978	9469
8983	2724
8983	5003
9001	9037
9001	9130
9011	603
9011	1714
9011	4433
9011	7503
9011	8542
9011	8544
9016	633
9016	2689
9016	5513
9016	6830
9037	5202
9037	6713
9037	9001
9037	9325
9039	1699
9039	6372
9045	5568
9045	6250
9045	7503
9045	8374
9046	646
9046	7385
9046	8443
9046	9311
9057	3658
9057	8511
9057	8953
9057	9189
9064	317
9064	2583
9064	4351
9077	5873
9084	4452
9084	5744
9084	8832
9097	4399
9097	4637
9097	9747
9128	6166
9128	9776
9130	5009
9130	9001
9138	1995
9138	7705
9174	4301
9174	7769
9174	9344
9174	9432
9174	9442
9189	7927
9189	8511
9189	9057
9189	9295
9200	2979
9200	6076
9200	6768
9211	5382
9211	6377
9211	7190
9211	8131
9211	8357
9211	9849
9227	4046
9227	4333
9240	2246
9240	4960
9240	5795
9240	5975
9262	1815
9262	8819
9262	9392
9262	9429
9271	5513
9271	7705
9271	8346
9295	4918
9295	6177
9295	7402
9295	9189
9311	4058
9311	6572
9311	7208
9311	8443
9311	9046
9325	2966
9325	3858
9325	5202
9325	9037
9327	316
9327	3375
9327	3946
9327	4051
9327	5827
9332	1047
9332	1461
9332	5026
9332	9821
9344	4809
9344	5266
9344	5839
9344	6377
9344	7995
9344	9174
9344	9906
9345	3476
9345	7034
9362	6192
9362	7177
9382	8033
9382	8037
9391	2984
9391	5655
9391	8440
9391	8499
9392	1324
9392	2007
9392	6849
9392	8172
9392	8401
9392	8626
9392	9262
9403	4456
9403	5744
9403	9622
9403	9874
9425	2869
9425	3173
9425	3560
9425	5033
9425	9440
9429	1815
9429	6009
9429	8819
9429	9262
9432	5185
9432	6659
9432	7769
9432	9174
9440	1886
9440	7203
9440	9425
9440	9776
9442	5185
9442	7769
9442	7890
9442	8965
9442	9174
9446	2191
9446	3268
9446	8172
9448	5209
9448	7515
9448	7938
9448	9953
9448	9966
9469	1016
9469	4368
9469	8978
9471	1952
9471	4910
9471	6150
9471	6430
9471	6494
9471	6567
9471	7874
9471	8074
9494	5926
9494	6570
9501	8074
9501	9634
9515	1
9515	4237
9515	6746
9529	727
9529	3817
9558	827
9558	4590
9558	6489
9558	6578
9558	8426
9558	9857
9565	7361
9567	1978
9567	8711
9567	9924
9580	4441
9580	5570
9580	6390
9580	7366
9608	2929
9608	8806
9618	626
9618	3181
9618	7823
9618	7854
9618	8617
9622	4559
9622	6601
9622	8617
9622	9403
9634	6395
9634	6533
9634	8611
9634	9501
9641	2777
9641	3815
9641	6009
9641	6768
9641	6853
9641	8172
9659	1040
9659	6166
9668	1415
9668	4151
9673	6974
9673	8829
9714	4818
9714	5389
9714	6127
9715	1365
9715	2777
9715	3325
9715	5407
9715	6593
9715	6990
9725	2237
9725	2783
9725	7329
9730	2314
9730	4330
9730	8837
9741	3641
9741	4951
9741	8538
9741	9821
9742	1415
9742	2724
9742	3459
9742	5775
9742	9804
9747	4637
9747	5453
9747	5772
9747	9097
9776	3618
9776	8355
9776	8859
9776	9128
9776	9440
9779	271
9779	3872
9779	7177
9804	1415
9804	2724
9804	8443
9804	9742
9806	1056
9806	1159
9806	5717
9806	7390
9806	7596
9806	8489
9806	8931
9812	1180
9812	1189
9812	5459
9812	8033
9812	8059
9821	3953
9821	6535
9821	9332
9821	9741
9839	3905
9839	5869
9839	6014
9839	6279
9839	8278
9839	8348
9839	9904
9849	1324
9849	1368
9849	9211
9852	631
9852	936
9852	4730
9857	358
9857	5514
9857	8931
9857	9558
9869	3305
9869	4513
9869	4973
9869	6113
9869	8033
9869	8440
9869	8443
9869	9904
9874	1057
9874	5268
9874	8110
9874	9403
9876	821
9876	1217
9879	4468
9879	6056
9879	7854
9879	7874
9904	2220
9904	3474
9904	4351
9904	5778
9904	8544
9904	9839
9904	9869
9904	9924
9906	9344
9924	1426
9924	2616
9924	3428
9924	3889
9924	5382
9924	6579
9924	7927
9924	9567
9924	9904
9953	286
9953	2942
9953	3252
9953	4333
9953	4464
9953	6391
9953	6489
9953	9448
9957	1329
9957	1994
9957	2050
9957	2398
9957	3534
9957	8718
9957	8959
9966	6072
9966	7515
9966	8440
9966	8586
9966	9448
