24	5612
57	9485
57	9881
59	1656
59	8423
59	8736
81	8677
86	7819
96	5406
109	9991
111	9011
123	7579
123	9795
126	7543
156	3726
172	1951
172	8986
180	3334
189	4710
190	1671
200	1965
200	9991
204	7416
204	9558
219	5622
243	2871
243	3801
248	5096
354	5596
394	9000
394	9474
432	8911
470	5620
475	9739
483	9566
499	7210
526	9485
529	1732
529	2345
569	8646
644	9509
656	1748
656	9107
669	4040
669	5002
676	7230
676	7243
679	8863
680	8533
740	9319
742	2013
785	5460
788	4124
798	6518
799	1044
836	4260
839	5722
843	6478
866	6189
900	5086
934	8893
947	9026
947	9278
954	8135
954	9196
961	4643
1021	3216
1021	8994
1028	2155
1043	2342
1044	799
1065	8395
1068	8483
1086	6549
1117	4926
1118	7883
1122	7769
1130	5318
1130	8606
1151	2454
1151	9112
1205	4847
1235	1362
1253	4944
1283	3853
1300	4435
1300	9647
1305	3219
1333	5609
1333	8898
1334	6660
1334	9734
1347	3691
1362	1235
1364	8985
1375	7735
1375	9069
1391	9815
1433	5748
1434	9732
1452	4220
1472	3968
1484	8443
1518	9172
1545	7785
1545	8856
1545	9677
1548	3774
1552	9991
1567	6159
1576	2025
1576	9732
1578	8194
1596	5221
1639	7230
1640	7308
1643	4059
1656	59
1656	8412
1657	5677
1657	7841
1661	9816
1665	6469
1665	9885
1671	190
1674	8655
1674	9957
1696	1930
1699	7754
1699	9989
1714	9011
1732	529
1732	9887
1748	656
1748	9721
1767	9680
1788	9029
1791	8875
1805	4660
1848	2454
1860	3179
1860	9795
1873	9629
1883	5622
1895	6701
1898	9732
1898	9989
1913	9218
1913	9907
1927	9566
1930	1696
1942	3295
1942	8852
1951	172
1951	5371
1965	200
1965	9991
1982	8489
1982	9200
1982	9715
1987	9485
1998	7416
2007	6463
2008	7883
2013	742
2013	6523
2021	5741
2025	1576
2033	2503
2033	8201
2033	8753
2048	9202
2048	9319
2057	3415
2061	6231
2061	9525
2075	9172
2077	9732
2077	9809
2110	6323
2123	5555
2154	9219
2155	1028
2198	7256
2235	4823
2248	8460
2248	8740
2342	1043
2345	529
2345	6410
2368	6712
2377	8378
2398	9957
2440	9680
2449	7296
2454	1151
2454	1848
2454	5748
2461	7296
2461	8745
2468	9069
2489	9229
2489	9976
2498	7850
2503	2033
2515	8740
2516	3580
2525	5944
2538	8956
2553	6773
2568	6710
2575	5378
2614	9250
2614	9589
2705	7357
2710	9490
2710	9725
2719	6928
2740	8412
2789	9566
2809	6701
2838	9907
2845	8343
2852	4647
2852	9592
2871	243
2877	3612
2877	8745
2882	9407
2882	9589
2885	3444
2885	4729
2893	5460
2914	6804
2932	6549
2932	9499
2932	9725
2940	5656
2940	6987
2959	4260
2990	3369
3006	8233
3006	9000
3022	9991
3023	8233
3095	9000
3132	6143
3133	8662
3157	8839
3157	9218
3159	8238
3159	9647
3164	3373
3166	7754
3166	9989
3168	3754
3168	6878
3168	8174
3168	9284
3179	1860
3196	5255
3197	9739
3216	1021
3219	1305
3244	6495
3295	1942
3295	5221
3295	8160
3325	4147
3325	9299
3325	9715
3334	180
3348	4955
3359	8151
3360	9283
3367	9422
3368	4696
3369	2990
3369	9912
3373	3164
3383	4463
3383	8911
3383	9953
3388	7113
3389	5747
3389	7252
3415	2057
3415	8241
3422	8505
3444	2885
3449	9195
3479	9832
3507	4907
3555	9465
3555	9558
3580	2516
3580	8489
3580	9715
3593	9218
3593	9500
3605	9717
3605	9815
3612	2877
3614	5741
3691	1347
3712	9900
3726	156
3726	5596
3726	7015
3726	8348
3736	8022
3754	3168
3754	9369
3764	7352
3774	1548
3774	8849
3776	7754
3801	243
3853	1283
3853	6799
3896	9155
3917	4427
3934	9250
3955	9887
3967	9734
3968	1472
3968	6127
4040	669
4051	9229
4059	1643
4059	5077
4101	7913
4124	788
4134	8858
4147	3325
4147	7280
4147	9715
4180	4512
4180	8553
4192	7626
4198	7942
4198	8482
4220	1452
4220	6104
4241	6104
4260	836
4260	2959
4261	5221
4261	9989
4266	7280
4332	8856
4332	9677
4333	9953
4340	8524
4340	9630
4347	8101
4347	9354
4380	6777
4380	7130
4392	7454
4392	8194
4397	6231
4397	9525
4427	3917
4435	1300
4435	9647
4457	6463
4463	3383
4465	9957
4472	4641
4475	7115
4475	9400
4490	8665
4506	5406
4512	4180
4512	8959
4512	9435
4526	8497
4526	9876
4526	9903
4542	9876
4548	7115
4548	7942
4565	9107
4567	5246
4585	8101
4585	8809
4585	9354
4587	5429
4587	6463
4600	9829
4602	9744
4608	6396
4608	7044
4638	7530
4638	8497
4638	9744
4638	9827
4641	4472
4643	961
4643	5395
4643	8849
4647	2852
4647	4824
4656	7499
4660	1805
4660	7454
4663	6326
4663	6518
4696	3368
4710	189
4728	9887
4729	2885
4729	9328
4738	6131
4738	8839
4789	8677
4804	9991
4810	7180
4814	4876
4814	8591
4814	8956
4814	9677
4814	9953
4823	2235
4823	9196
4824	4647
4824	7673
4824	8489
4824	9715
4847	1205
4847	9790
4876	4814
4876	9566
4876	9953
4907	3507
4907	9499
4910	7128
4910	8388
4926	1117
4926	7352
4944	1253
4944	5596
4950	6604
4955	3348
4955	8687
5002	669
5037	7731
5039	9806
5071	6121
5071	9816
5073	6878
5073	8715
5073	9589
5077	4059
5086	900
5086	6447
5086	9816
5096	248
5096	9815
5126	8767
5141	9026
5157	6161
5184	8677
5184	9717
5221	1596
5221	3295
5221	4261
5221	8160
5221	8852
5227	7230
5227	9752
5239	6903
5239	8898
5246	4567
5252	9739
5255	3196
5255	8745
5255	9827
5259	6712
5259	9112
5288	6871
5290	9465
5290	9957
5307	9829
5311	9490
5318	1130
5335	9250
5353	9715
5371	1951
5371	7488
5372	9881
5378	2575
5392	6682
5394	7785
5394	9827
5395	4643
5406	96
5406	4506
5409	7308
5424	9832
5429	4587
5429	9758
5440	6828
5440	7579
5442	8423
5442	9887
5457	9213
5460	785
5460	2893
5487	9112
5487	9876
5513	8343
5513	8662
5526	8986
5533	8238
5533	8767
5538	8343
5538	9680
5551	5775
5555	2123
5565	8704
5572	5640
5572	7604
5572	8297
5591	9500
5596	354
5596	3726
5596	4944
5603	8994
5609	1333
5612	24
5612	8816
5620	470
5620	7830
5622	219
5622	1883
5622	9912
5640	5572
5640	8866
5642	8457
5656	2940
5656	8194
5656	9900
5677	1657
5677	7841
5691	6215
5699	5911
5717	9680
5717	9806
5717	9903
5722	839
5722	9806
5727	7113
5727	8048
5741	2021
5741	3614
5747	3389
5747	8825
5747	9630
5748	1433
5748	2454
5748	7015
5748	7115
5748	8571
5763	9900
5773	9112
5774	8308
5774	9706
5775	5551
5775	9827
5778	6664
5823	9265
5861	8201
5876	9629
5876	9876
5891	8421
5891	8543
5891	9829
5897	6452
5897	7451
5911	5699
5917	8354
5917	9885
5942	8629
5944	2525
5944	8510
5962	9752
5991	8986
6030	8646
6030	9631
6045	6495
6100	8105
6100	8617
6100	9354
6100	9496
6104	4220
6104	4241
6107	9335
6121	5071
6125	8072
6125	8420
6127	3968
6127	8482
6128	8767
6131	4738
6131	8839
6143	3132
6143	6735
6143	7604
6157	8547
6157	9499
6159	1567
6159	6400
6159	8495
6161	5157
6189	866
6192	8524
6192	8764
6204	7296
6204	7784
6214	9119
6215	5691
6215	7015
6231	2061
6231	4397
6231	8048
6231	9525
6285	8534
6314	9739
6322	9630
6322	9976
6323	2110
6326	4663
6326	8693
6326	9354
6396	4608
6400	6159
6409	9677
6409	9789
6410	2345
6417	8297
6417	8524
6417	9827
6419	9876
6447	5086
6452	5897
6460	6910
6463	2007
6463	4457
6463	4587
6463	8715
6463	9490
6463	9589
6469	1665
6469	9885
6478	843
6478	8201
6490	8201
6490	8956
6495	3244
6495	6045
6518	798
6518	4663
6518	8950
6523	2013
6549	1086
6549	2932
6549	9490
6549	9499
6549	9725
6565	9876
6568	8022
6589	9976
6595	9485
6604	4950
6604	9806
6637	9319
6660	1334
6664	5778
6667	7308
6667	9815
6682	5392
6682	9558
6691	9509
6701	1895
6701	2809
6709	7015
6709	8412
6709	8553
6710	2568
6710	9041
6710	9457
6712	2368
6712	5259
6712	8852
6735	6143
6735	7913
6744	7773
6744	9795
6752	8361
6752	8412
6767	7075
6767	8698
6771	9976
6773	2553
6773	7260
6773	7735
6775	8127
6775	9407
6777	4380
6777	8662
6792	8606
6799	3853
6802	8056
6802	9489
6804	2914
6804	9219
6828	5440
6828	9407
6828	9417
6829	8693
6871	5288
6871	8235
6871	9093
6871	9281
6878	3168
6878	5073
6897	6910
6897	8655
6903	5239
6903	8715
6910	6460
6910	6897
6910	7075
6910	8698
6928	2719
6957	7257
6957	9069
6971	9167
6987	2940
6996	7357
6996	9717
6996	9815
7015	3726
7015	5748
7015	6215
7015	6709
7015	8348
7017	8421
7017	9577
7023	9202
7044	4608
7044	9195
7044	9499
7049	8252
7075	6767
7075	6910
7075	8698
7075	8852
7100	7357
7100	9717
7100	9815
7113	3388
7113	5727
7115	4475
7115	4548
7115	5748
7128	4910
7128	8698
7128	9180
7130	4380
7131	9725
7131	9907
7180	4810
7190	7506
7210	499
7210	9496
7210	9653
7230	676
7230	1639
7230	5227
7230	8853
7230	9490
7243	676
7243	9789
7252	3389
7252	8728
7256	2198
7256	8849
7257	6957
7260	6773
7280	4147
7280	4266
7280	9489
7296	2449
7296	2461
7296	6204
7296	8482
7296	8736
7308	1640
7308	5409
7308	6667
7352	3764
7352	4926
7352	8012
7352	8950
7352	9680
7357	2705
7357	6996
7357	7100
7357	9717
7357	9815
7363	7841
7363	8151
7416	204
7416	1998
7446	9261
7448	9571
7451	5897
7451	8839
7454	4392
7454	4660
7454	8151
7488	5371
7488	9706
7499	4656
7499	9789
7502	8665
7502	9809
7506	7190
7506	7630
7506	9647
7530	4638
7530	9328
7530	9827
7543	126
7579	123
7579	5440
7579	8529
7579	9407
7604	5572
7604	6143
7626	4192
7626	8430
7626	9758
7630	7506
7630	9647
7657	8740
7657	8875
7673	4824
7673	8252
7673	9299
7673	9715
7680	8134
7680	9715
7702	9180
7731	5037
7731	8950
7735	1375
7735	6773
7753	7919
7753	9706
7754	1699
7754	3166
7754	3776
7754	8142
7754	9457
7769	1122
7769	9026
7773	6744
7773	7819
7773	8985
7784	6204
7784	9907
7785	1545
7785	5394
7785	9827
7785	9876
7799	8849
7819	86
7819	7773
7819	8241
7819	9250
7830	5620
7841	1657
7841	5677
7841	7363
7850	2498
7883	1118
7883	2008
7883	9422
7892	8764
7910	9871
7913	4101
7913	6735
7913	8767
7913	9647
7919	7753
7941	8767
7941	9566
7942	4198
7942	4548
7949	8629
7970	8893
7990	9752
7990	9949
8012	7352
8022	3736
8022	6568
8022	8376
8048	5727
8048	6231
8048	8956
8056	6802
8056	9172
8072	6125
8101	4347
8101	4585
8101	8533
8105	6100
8105	8617
8105	9106
8127	6775
8127	8529
8134	7680
8135	954
8142	7754
8142	9725
8151	3359
8151	7363
8151	7454
8151	9717
8160	3295
8160	5221
8160	9026
8167	8497
8167	8825
8167	9680
8174	3168
8174	9202
8194	1578
8194	4392
8194	5656
8194	9490
8201	2033
8201	5861
8201	6478
8201	6490
8201	8533
8201	9229
8233	3006
8233	3023
8233	8849
8235	6871
8235	9281
8238	3159
8238	5533
8238	8767
8241	3415
8241	7819
8252	7049
8252	7673
8297	5572
8297	6417
8297	8420
8308	5774
8308	9136
8321	9369
8334	9744
8343	2845
8343	5513
8343	5538
8348	3726
8348	7015
8354	5917
8354	9725
8361	6752
8361	8591
8361	9885
8376	8022
8376	9758
8378	2377
8388	4910
8388	8852
8388	9276
8388	9457
8395	1065
8410	9195
8410	9434
8410	9949
8412	1656
8412	2740
8412	6709
8412	6752
8420	6125
8420	8297
8420	8959
8421	5891
8421	7017
8423	59
8423	5442
8423	8736
8423	8745
8423	9200
8423	9770
8430	7626
8443	1484
8443	9804
8457	5642
8457	8875
8460	2248
8482	4198
8482	6127
8482	7296
8482	8721
8483	1068
8483	9354
8489	1982
8489	3580
8489	4824
8489	9806
8495	6159
8497	4526
8497	4638
8497	8167
8497	9680
8505	3422
8505	8571
8510	5944
8524	4340
8524	6192
8524	6417
8524	8911
8524	9167
8529	7579
8529	8127
8529	9407
8533	680
8533	8101
8533	8201
8533	8809
8533	9195
8533	9354
8533	9592
8534	6285
8543	5891
8543	8816
8543	9474
8543	9829
8547	6157
8553	4180
8553	6709
8571	5748
8571	8505
8571	9136
8571	9489
8591	4814
8591	8361
8591	8745
8591	9953
8606	1130
8606	6792
8606	9496
8617	6100
8617	8105
8617	8728
8629	5942
8629	7949
8629	9949
8641	9770
8646	569
8646	6030
8646	9953
8655	1674
8655	6897
8662	3133
8662	5513
8662	6777
8662	8950
8665	4490
8665	7502
8665	8767
8677	81
8677	4789
8677	5184
8677	9136
8687	4955
8687	9229
8687	9976
8693	6326
8693	6829
8698	6767
8698	6910
8698	7075
8698	7128
8704	5565
8704	8856
8704	9725
8715	5073
8715	6463
8715	6903
8715	9589
8721	8482
8728	7252
8728	8617
8728	9991
8736	59
8736	7296
8736	8423
8736	8745
8736	9407
8736	9806
8736	9907
8740	2248
8740	2515
8740	7657
8745	2461
8745	2877
8745	5255
8745	8423
8745	8591
8745	8736
8753	2033
8764	6192
8764	7892
8767	5126
8767	5533
8767	6128
8767	7913
8767	7941
8767	8238
8767	8665
8809	4585
8809	8533
8809	9195
8809	9354
8809	9734
8816	5612
8816	8543
8825	5747
8825	8167
8825	9630
8839	3157
8839	4738
8839	6131
8839	7451
8839	9218
8849	3774
8849	4643
8849	7256
8849	7799
8849	8233
8849	9715
8852	1942
8852	5221
8852	6712
8852	7075
8852	8388
8853	7230
8853	9795
8856	1545
8856	4332
8856	8704
8856	9677
8858	4134
8863	679
8866	5640
8866	9400
8875	1791
8875	7657
8875	8457
8893	934
8893	7970
8893	9000
8893	9200
8898	1333
8898	5239
8904	9490
8904	9499
8904	9725
8904	9744
8911	432
8911	3383
8911	8524
8911	9229
8911	9732
8950	6518
8950	7352
8950	7731
8950	8662
8956	2538
8956	4814
8956	6490
8956	8048
8956	9566
8956	9907
8959	4512
8959	8420
8959	9499
8959	9957
8985	1364
8985	7773
8986	172
8986	5526
8986	5991
8994	1021
8994	5603
8994	9265
9000	394
9000	3006
9000	3095
9000	8893
9011	111
9011	1714
9026	947
9026	5141
9026	7769
9026	8160
9026	9278
9029	1788
9041	6710
9041	9261
9041	9706
9058	9474
9069	1375
9069	2468
9069	6957
9069	9739
9093	6871
9106	8105
9106	9202
9107	656
9107	4565
9112	1151
9112	5259
9112	5487
9112	5773
9119	6214
9119	9912
9136	8308
9136	8571
9136	8677
9155	3896
9167	6971
9167	8524
9167	9677
9172	1518
9172	2075
9172	8056
9180	7128
9180	7702
9195	3449
9195	7044
9195	8410
9195	8533
9195	8809
9195	9332
9196	954
9196	4823
9200	1982
9200	8423
9200	8893
9202	2048
9202	7023
9202	8174
9202	9106
9213	5457
9218	1913
9218	3157
9218	3593
9218	8839
9218	9790
9219	2154
9219	6804
9229	2489
9229	4051
9229	8201
9229	8687
9229	8911
9229	9976
9250	2614
9250	3934
9250	5335
9250	7819
9261	7446
9261	9041
9261	9647
9261	9706
9261	9900
9265	5823
9265	8994
9276	8388
9278	947
9278	9026
9278	9283
9281	6871
9281	8235
9283	3360
9283	9278
9284	3168
9299	3325
9299	7673
9299	9417
9299	9630
9299	9715
9319	740
9319	2048
9319	6637
9328	4729
9328	7530
9332	9195
9335	6107
9335	9725
9354	4347
9354	4585
9354	6100
9354	6326
9354	8483
9354	8533
9354	8809
9369	3754
9369	8321
9369	9832
9400	4475
9400	8866
9407	2882
9407	6775
9407	6828
9407	7579
9407	8529
9407	8736
9417	6828
9417	9299
9422	3367
9422	7883
9422	9680
9422	9976
9434	8410
9434	9744
9435	4512
9457	6710
9457	7754
9457	8388
9457	9989
9465	3555
9465	5290
9465	9558
9474	394
9474	8543
9474	9058
9485	57
9485	526
9485	1987
9485	6595
9489	6802
9489	7280
9489	8571
9490	2710
9490	5311
9490	6463
9490	6549
9490	7230
9490	8194
9490	8904
9490	9499
9490	9725
9496	6100
9496	7210
9496	8606
9499	2932
9499	4907
9499	6157
9499	6549
9499	7044
9499	8904
9499	8959
9499	9490
9499	9725
9499	9758
9500	3593
9500	5591
9509	644
9509	6691
9525	2061
9525	4397
9525	6231
9558	204
9558	3555
9558	6682
9558	9465
9566	483
9566	1927
9566	2789
9566	4876
9566	7941
9566	8956
9566	9953
9571	7448
9577	7017
9577	9717
9577	9989
9589	2614
9589	2882
9589	5073
9589	6463
9589	8715
9592	2852
9592	8533
9629	1873
9629	5876
9630	4340
9630	5747
9630	6322
9630	8825
9630	9299
9631	6030
9647	1300
9647	3159
9647	4435
9647	7506
9647	7630
9647	7913
9647	9261
9647	9832
9653	7210
9653	9787
9677	1545
9677	4332
9677	4814
9677	6409
9677	8856
9677	9167
9680	1767
9680	2440
9680	5538
9680	5717
9680	7352
9680	8167
9680	8497
9680	9422
9680	9903
9706	5774
9706	7488
9706	7753
9706	9041
9706	9261
9706	9991
9715	1982
9715	3325
9715	3580
9715	4147
9715	4824
9715	5353
9715	7673
9715	7680
9715	8849
9715	9299
9717	3605
9717	5184
9717	6996
9717	7100
9717	7357
9717	8151
9717	9577
9717	9815
9721	1748
9725	2710
9725	2932
9725	6549
9725	7131
9725	8142
9725	8354
9725	8704
9725	8904
9725	9335
9725	9490
9725	9499
9732	1434
9732	1576
9732	1898
9732	2077
9732	8911
9734	1334
9734	3967
9734	8809
9739	475
9739	3197
9739	5252
9739	6314
9739	9069
9739	9832
9744	4602
9744	4638
9744	8334
9744	8904
9744	9434
9752	5227
9752	5962
9752	7990
9758	5429
9758	7626
9758	8376
9758	9499
9770	8423
9770	8641
9770	9900
9787	9653
9789	6409
9789	7243
9789	7499
9790	4847
9790	9218
9795	123
9795	1860
9795	6744
9795	8853
9804	8443
9806	5039
9806	5717
9806	5722
9806	6604
9806	8489
9806	8736
9809	2077
9809	7502
9815	1391
9815	3605
9815	5096
9815	6667
9815	6996
9815	7100
9815	7357
9815	9717
9816	1661
9816	5071
9816	5086
9827	4638
9827	5255
9827	5394
9827	5775
9827	6417
9827	7530
9827	7785
9827	9957
9829	4600
9829	5307
9829	5891
9829	8543
9832	3479
9832	5424
9832	9369
9832	9647
9832	9739
9871	7910
9876	4526
9876	4542
9876	5487
9876	5876
9876	6419
9876	6565
9876	7785
9881	57
9881	5372
9885	1665
9885	5917
9885	6469
9885	8361
9887	1732
9887	3955
9887	4728
9887	5442
9900	3712
9900	5656
9900	5763
9900	9261
9900	9770
9903	4526
9903	5717
9903	9680
9907	1913
9907	2838
9907	7131
9907	7784
9907	8736
9907	8956
9912	3369
9912	5622
9912	9119
9949	7990
9949	8410
9949	8629
9953	3383
9953	4333
9953	4814
9953	4876
9953	8591
9953	8646
9953	9566
9957	1674
9957	2398
9957	4465
9957	5290
9957	8959
9957	9827
9976	2489
9976	6322
9976	6589
9976	6771
9976	8687
9976	9229
9976	9422
9989	1699
9989	1898
9989	3166
9989	4261
9989	9457
9989	9577
9991	109
9991	200
9991	1552
9991	1965
9991	3022
9991	4804
9991	8728
9991	9706
