2	1667
2	8404
2	8554
21	5826
25	7237
25	9338
36	8721
44	2533
45	9896
48	9740
58	7501
78	6060
78	7469
82	6839
83	8705
90	6465
90	9589
91	7941
92	9332
119	4459
139	9295
139	9723
141	1434
141	9759
143	9424
150	7939
152	6149
203	9727
217	6794
248	8928
264	1119
265	9992
285	6351
293	7668
296	3129
341	9394
356	6269
356	9589
396	6839
396	9823
396	9846
420	6427
435	8286
454	3233
462	9870
463	2003
463	8705
482	9368
495	3973
519	9955
550	8451
561	8066
587	4011
650	9750
745	2455
802	9733
868	7620
871	5898
871	8725
890	8910
932	8935
1000	7934
1000	8485
1034	9955
1035	1283
1040	9882
1041	7194
1053	3652
1059	4778
1059	9479
1059	9771
1066	4338
1069	5636
1069	8655
1073	7323
1073	8937
1076	4800
1093	9322
1110	1968
1119	264
1143	9915
1150	3353
1151	2454
1153	9061
1166	7910
1219	6948
1222	7910
1245	9846
1268	6708
1268	9992
1273	6236
1283	1035
1296	1689
1296	2747
1296	6140
1326	6303
1331	8666
1331	9704
1347	4305
1361	6466
1421	9791
1434	141
1438	9321
1443	9958
1521	9915
1534	9439
1543	8269
1543	9763
1584	4712
1584	7480
1609	2744
1609	8502
1615	8577
1626	9890
1642	3870
1658	5283
1660	9548
1667	2
1668	3996
1689	1296
1730	9870
1742	7099
1796	6258
1796	7919
1796	9384
1802	7895
1802	8203
1825	9870
1831	9597
1833	3274
1833	6760
1833	9808
1837	9996
1847	7684
1857	9808
1943	7972
1963	8996
1968	1110
1968	5322
1970	9439
1995	6632
2003	463
2008	7335
2024	5636
2039	3970
2039	8178
2063	8833
2077	5459
2087	4422
2137	4290
2210	7469
2225	7484
2225	7965
2250	6884
2287	5459
2287	9094
2287	9597
2312	6012
2312	8718
2312	9547
2338	9136
2342	9049
2364	3862
2368	6289
2372	5439
2379	8203
2385	9823
2421	5357
2424	8433
2430	9733
2436	9871
2454	1151
2455	745
2459	7527
2459	9368
2467	9364
2493	6888
2504	8996
2506	8237
2510	9011
2533	44
2540	9938
2543	2713
2573	8748
2586	9729
2591	8022
2604	5142
2625	7940
2634	4354
2683	9174
2703	8758
2713	2543
2713	9322
2744	1609
2744	7453
2747	1296
2759	9992
2769	6068
2769	7570
2780	9424
2789	7948
2799	8407
2810	6403
2810	9656
2853	7972
2853	8910
2895	5629
2925	6837
2963	9996
2970	7620
3015	8733
3015	8894
3015	9894
3031	7839
3031	9759
3051	8941
3051	9336
3085	7361
3085	9100
3085	9394
3098	8833
3129	296
3181	5453
3199	9704
3217	5934
3219	5766
3230	8249
3233	454
3233	9024
3274	1833
3319	8407
3319	9759
3344	7628
3344	7755
3353	1150
3353	8906
3379	6105
3379	7628
3408	5397
3428	9727
3451	6297
3451	6963
3465	4817
3494	5237
3496	7220
3518	8773
3532	8489
3537	8530
3543	5397
3562	8729
3591	8791
3630	7938
3639	8489
3639	9773
3643	7535
3643	8970
3647	5225
3652	1053
3652	8705
3652	9321
3654	5551
3687	3992
3708	9955
3774	8237
3774	9175
3783	8264
3784	6422
3830	9032
3846	8178
3862	2364
3862	5754
3865	6068
3866	9321
3870	1642
3870	7002
3871	9685
3874	4712
3874	8679
3926	6884
3948	9763
3970	2039
3970	4185
3973	495
3981	5050
3992	3687
3996	1668
3996	9011
4002	6819
4002	8178
4007	5743
4011	587
4067	9240
4081	7570
4081	8996
4150	8224
4185	3970
4185	9791
4193	5031
4194	9710
4196	9393
4204	8850
4212	8937
4234	4516
4234	6589
4246	8941
4290	2137
4305	1347
4334	7483
4338	1066
4338	8935
4349	8729
4354	2634
4354	9394
4379	7755
4379	9775
4394	7967
4416	6010
4416	7501
4422	2087
4422	8679
4445	4697
4445	9394
4459	119
4516	4234
4516	4749
4558	5617
4558	7237
4558	8679
4565	7379
4565	8224
4565	8237
4604	7742
4604	8066
4617	7838
4649	9733
4663	8756
4697	4445
4712	1584
4712	3874
4712	6107
4719	9338
4719	9426
4719	9996
4749	4516
4749	9338
4749	9415
4778	1059
4792	6064
4800	1076
4816	8592
4817	3465
4826	8627
4826	9032
4869	5453
4872	9729
4872	9759
4877	9136
4877	9741
4878	6948
4881	5522
4937	7939
5004	5522
5004	7342
5014	8473
5031	4193
5050	3981
5050	6102
5058	5219
5058	8178
5061	9745
5072	8791
5079	9368
5079	9791
5103	8718
5128	7395
5131	5646
5131	9204
5142	2604
5147	7441
5159	9729
5190	6258
5197	8521
5209	6297
5219	5058
5219	8502
5219	8748
5225	3647
5237	3494
5247	9624
5252	7294
5252	8640
5252	9305
5252	9652
5260	9733
5282	6819
5283	1658
5283	7002
5291	5322
5291	5646
5322	1968
5322	5291
5322	5603
5332	7480
5335	9082
5346	5523
5346	9870
5357	2421
5357	9915
5367	9174
5383	8952
5397	3408
5397	3543
5397	7941
5397	9547
5437	7094
5439	2372
5453	3181
5453	4869
5453	6919
5453	7838
5453	8457
5459	2077
5459	2287
5459	8545
5459	9597
5489	8987
5498	8937
5522	4881
5522	5004
5523	5346
5546	9759
5548	8097
5548	8797
5551	3654
5551	6033
5569	9759
5603	5322
5603	7099
5615	6019
5615	9857
5617	4558
5617	7121
5629	2895
5629	5743
5636	1069
5636	2024
5636	7191
5646	5131
5646	5291
5646	7184
5646	8910
5646	9305
5654	8251
5677	6064
5677	9958
5742	9338
5743	4007
5743	5629
5754	3862
5754	7705
5766	3219
5766	9011
5766	9992
5826	21
5826	7592
5866	6341
5866	9775
5886	8758
5898	871
5911	8733
5911	9061
5924	7820
5934	3217
5934	7220
5934	9896
5989	8530
6003	9109
6003	9745
6004	8906
6010	4416
6010	9384
6012	2312
6012	8122
6012	8718
6019	5615
6030	7581
6030	9704
6033	5551
6033	7895
6059	9857
6060	78
6060	7044
6060	8251
6064	4792
6064	5677
6068	2769
6068	3865
6102	5050
6102	7598
6105	3379
6105	8639
6105	9109
6105	9745
6107	4712
6140	1296
6140	8441
6145	9791
6149	152
6183	7921
6236	1273
6239	9597
6258	1796
6258	5190
6263	6831
6269	356
6284	8502
6289	2368
6289	9994
6297	3451
6297	5209
6303	1326
6303	7427
6303	7684
6303	8689
6308	6696
6341	5866
6341	9775
6351	285
6393	9137
6393	9426
6393	9740
6403	2810
6403	7941
6422	3784
6427	420
6427	8451
6465	90
6466	1361
6522	6977
6522	9082
6526	9737
6535	8097
6562	9896
6589	4234
6589	8247
6589	8981
6594	6895
6605	6963
6632	1995
6632	7484
6635	7684
6635	8689
6644	7343
6644	9656
6645	9915
6671	7967
6686	6956
6686	9584
6696	6308
6696	8017
6708	1268
6708	7501
6726	8433
6739	8935
6739	9478
6746	8881
6760	1833
6760	9026
6766	7972
6766	8910
6766	9656
6794	217
6794	7441
6794	8485
6819	4002
6819	5282
6819	9896
6831	6263
6831	8689
6837	2925
6839	82
6839	396
6839	9823
6839	9846
6879	8718
6884	2250
6884	3926
6884	9100
6884	9175
6888	2493
6888	7839
6892	7399
6892	8508
6892	9890
6895	6594
6902	8527
6902	8970
6916	7833
6916	9958
6919	5453
6948	1219
6948	4878
6950	7026
6950	7581
6950	7620
6956	6686
6960	8679
6963	3451
6963	6605
6963	9597
6977	6522
6977	9082
6977	9511
6981	7484
6981	8247
6986	8530
6995	9710
6995	9823
7002	3870
7002	5283
7006	9543
7026	6950
7026	8797
7026	9011
7026	9994
7033	9415
7044	6060
7044	7761
7082	9597
7082	9773
7094	5437
7094	8078
7094	9393
7099	1742
7099	5603
7121	5617
7121	8741
7121	9191
7123	8433
7184	5646
7184	7220
7184	9846
7191	5636
7191	7972
7191	8827
7194	1041
7200	9857
7213	8051
7220	3496
7220	5934
7220	7184
7220	9029
7237	25
7237	4558
7266	7662
7294	5252
7294	9384
7323	1073
7335	2008
7335	9624
7342	5004
7342	9057
7342	9740
7343	6644
7343	7591
7343	8695
7343	9032
7361	3085
7361	9896
7369	7934
7379	4565
7379	7620
7379	8080
7379	8237
7395	5128
7399	6892
7399	8049
7427	6303
7441	5147
7441	6794
7441	8441
7453	2744
7453	8545
7453	9082
7453	9511
7469	78
7469	2210
7469	8721
7469	9746
7479	9771
7480	1584
7480	5332
7480	7770
7483	4334
7483	7885
7483	8272
7484	2225
7484	6632
7484	6981
7501	58
7501	4416
7501	6708
7507	8748
7507	9547
7527	2459
7527	7940
7535	3643
7535	8987
7535	9871
7570	2769
7570	4081
7570	8216
7577	8098
7581	6030
7581	6950
7581	9996
7591	7343
7592	5826
7595	8080
7598	6102
7598	9546
7614	9808
7620	868
7620	2970
7620	6950
7620	7379
7620	8080
7620	8272
7628	3344
7628	3379
7660	9338
7660	9773
7662	7266
7662	9710
7668	293
7668	8489
7684	1847
7684	6303
7684	6635
7704	7885
7704	8797
7705	5754
7705	8952
7733	8441
7742	4604
7742	7910
7742	9955
7747	8689
7755	3344
7755	4379
7755	9775
7761	7044
7761	8308
7770	7480
7782	8881
7802	9338
7802	9846
7811	7874
7812	9147
7820	5924
7833	6916
7833	8545
7833	8935
7838	4617
7838	5453
7838	8247
7838	9191
7838	9775
7839	3031
7839	6888
7839	9759
7874	7811
7874	8725
7874	8970
7874	9056
7885	7483
7885	7704
7885	8199
7885	9026
7885	9973
7895	1802
7895	6033
7910	1166
7910	1222
7910	7742
7910	9871
7919	1796
7921	6183
7934	1000
7934	7369
7934	8952
7938	3630
7938	8247
7938	9061
7939	150
7939	4937
7940	2625
7940	7527
7940	9771
7941	91
7941	5397
7941	6403
7941	9305
7948	2789
7948	8832
7965	2225
7965	8540
7965	8927
7967	4394
7967	6671
7972	1943
7972	2853
7972	6766
7972	7191
7972	9624
7992	9870
8000	9727
8017	6696
8017	8422
8022	2591
8049	7399
8049	8925
8051	7213
8051	8485
8051	9100
8051	9415
8066	561
8066	4604
8068	8422
8078	7094
8078	8545
8078	9543
8080	7379
8080	7595
8080	7620
8080	8237
8097	5548
8097	6535
8097	8981
8097	9424
8098	7577
8098	9528
8122	6012
8122	9518
8122	9741
8124	9938
8148	9894
8178	2039
8178	3846
8178	4002
8178	5058
8199	7885
8199	8713
8199	8907
8203	1802
8203	2379
8216	7570
8224	4150
8224	4565
8224	9322
8237	2506
8237	3774
8237	4565
8237	7379
8237	8080
8237	9548
8244	9338
8244	9857
8247	6589
8247	6981
8247	7838
8247	7938
8249	3230
8251	5654
8251	6060
8251	8308
8251	9094
8251	9204
8251	9992
8264	3783
8264	9528
8269	1543
8269	8492
8269	8521
8272	7483
8272	7620
8272	9791
8286	435
8286	9894
8308	7761
8308	8251
8308	9136
8404	2
8404	9741
8407	2799
8407	3319
8407	8554
8408	8415
8415	8408
8422	8017
8422	8068
8422	9733
8422	9958
8428	8689
8428	8925
8433	2424
8433	6726
8433	7123
8441	6140
8441	7441
8441	7733
8451	550
8451	6427
8451	8718
8457	5453
8457	9191
8473	5014
8473	9511
8485	1000
8485	6794
8485	8051
8485	9439
8489	3532
8489	3639
8489	7668
8492	8269
8492	9992
8502	1609
8502	5219
8502	6284
8502	9890
8508	6892
8508	9322
8514	9727
8514	9922
8514	9994
8521	5197
8521	8269
8521	8530
8527	6902
8527	9338
8527	9378
8530	3537
8530	5989
8530	6986
8530	8521
8540	7965
8545	5459
8545	7453
8545	7833
8545	8078
8554	2
8554	8407
8554	9378
8571	9136
8577	1615
8592	4816
8592	9652
8621	8756
8627	4826
8627	9775
8639	6105
8639	9745
8640	5252
8640	9305
8640	9652
8655	1069
8655	9175
8666	1331
8666	9049
8679	3874
8679	4422
8679	4558
8679	6960
8679	9882
8689	6303
8689	6635
8689	6831
8689	7747
8689	8428
8695	7343
8705	83
8705	463
8705	3652
8705	9321
8713	8199
8713	9882
8718	2312
8718	5103
8718	6012
8718	6879
8718	8451
8721	36
8721	7469
8721	9746
8725	871
8725	7874
8725	8841
8725	8970
8725	9750
8729	3562
8729	4349
8733	3015
8733	5911
8733	8894
8733	9137
8741	7121
8741	9773
8741	9958
8748	2573
8748	5219
8748	7507
8748	9426
8756	4663
8756	8621
8756	9394
8756	9829
8758	2703
8758	5886
8758	9057
8758	9947
8773	3518
8773	8906
8773	9871
8791	3591
8791	5072
8797	5548
8797	7026
8797	7704
8797	8907
8810	9619
8827	7191
8827	9740
8832	7948
8832	9191
8833	2063
8833	3098
8833	9426
8841	8725
8841	9061
8848	9759
8850	4204
8850	9366
8881	6746
8881	7782
8894	3015
8894	8733
8894	9137
8906	3353
8906	6004
8906	8773
8906	9543
8907	8199
8907	8797
8907	9305
8907	9750
8910	890
8910	2853
8910	5646
8910	6766
8910	9305
8925	8049
8925	8428
8927	7965
8927	9547
8928	248
8935	932
8935	4338
8935	6739
8935	7833
8937	1073
8937	4212
8937	5498
8941	3051
8941	4246
8941	9336
8946	9922
8952	5383
8952	7705
8952	7934
8970	3643
8970	6902
8970	7874
8970	8725
8970	9916
8981	6589
8981	8097
8987	5489
8987	7535
8987	9364
8996	1963
8996	2504
8996	4081
9011	2510
9011	3996
9011	5766
9011	7026
9011	9393
9024	3233
9026	6760
9026	7885
9026	9973
9029	7220
9029	9823
9032	3830
9032	4826
9032	7343
9049	2342
9049	8666
9056	7874
9057	7342
9057	8758
9057	9947
9061	1153
9061	5911
9061	7938
9061	8841
9082	5335
9082	6522
9082	6977
9082	7453
9082	9511
9082	9896
9083	9704
9094	2287
9094	8251
9100	3085
9100	6884
9100	8051
9100	9384
9109	6003
9109	6105
9136	2338
9136	4877
9136	8308
9136	8571
9137	6393
9137	8733
9137	8894
9147	7812
9147	9685
9147	9771
9174	2683
9174	5367
9175	3774
9175	6884
9175	8655
9191	7121
9191	7838
9191	8457
9191	8832
9204	5131
9204	8251
9240	4067
9240	9955
9295	139
9295	9723
9295	9916
9305	5252
9305	5646
9305	7941
9305	8640
9305	8907
9305	8910
9305	9652
9321	1438
9321	3652
9321	3866
9321	8705
9321	9829
9322	1093
9322	2713
9322	8224
9322	8508
9332	92
9336	3051
9336	8941
9338	25
9338	4719
9338	4749
9338	5742
9338	7660
9338	7802
9338	8244
9338	8527
9338	9415
9364	2467
9364	8987
9366	8850
9366	9846
9368	482
9368	2459
9368	5079
9378	8527
9378	8554
9384	1796
9384	6010
9384	7294
9384	9100
9393	4196
9393	7094
9393	9011
9394	341
9394	3085
9394	4354
9394	4445
9394	8756
9415	4749
9415	7033
9415	8051
9415	9338
9415	9829
9424	143
9424	2780
9424	8097
9424	9791
9426	4719
9426	6393
9426	8748
9426	8833
9426	9740
9439	1534
9439	1970
9439	8485
9478	6739
9478	9547
9478	9973
9479	1059
9479	9685
9511	6977
9511	7453
9511	8473
9511	9082
9518	8122
9518	9741
9528	8098
9528	8264
9528	9546
9543	7006
9543	8078
9543	8906
9546	7598
9546	9528
9546	9589
9547	2312
9547	5397
9547	7507
9547	8927
9547	9478
9547	9808
9548	1660
9548	8237
9584	6686
9589	90
9589	356
9589	9546
9597	1831
9597	2287
9597	5459
9597	6239
9597	6963
9597	7082
9614	9896
9614	9958
9619	8810
9624	5247
9624	7335
9624	7972
9652	5252
9652	8592
9652	8640
9652	9305
9656	2810
9656	6644
9656	6766
9685	3871
9685	9147
9685	9479
9704	1331
9704	3199
9704	6030
9704	9083
9704	9882
9710	4194
9710	6995
9710	7662
9723	139
9723	9295
9723	9922
9727	203
9727	3428
9727	8000
9727	8514
9727	9973
9729	2586
9729	4872
9729	5159
9729	9938
9733	802
9733	2430
9733	4649
9733	5260
9733	8422
9737	6526
9737	9890
9740	48
9740	6393
9740	7342
9740	8827
9740	9426
9741	4877
9741	8122
9741	8404
9741	9518
9745	5061
9745	6003
9745	6105
9745	8639
9746	7469
9746	8721
9746	9791
9750	650
9750	8725
9750	8907
9759	141
9759	3031
9759	3319
9759	4872
9759	5546
9759	5569
9759	7839
9759	8848
9763	1543
9763	3948
9771	1059
9771	7479
9771	7940
9771	9147
9771	9996
9773	3639
9773	7082
9773	7660
9773	8741
9775	4379
9775	5866
9775	6341
9775	7755
9775	7838
9775	8627
9775	9894
9791	1421
9791	4185
9791	5079
9791	6145
9791	8272
9791	9424
9791	9746
9808	1833
9808	1857
9808	7614
9808	9547
9823	396
9823	2385
9823	6839
9823	6995
9823	9029
9823	9846
9829	8756
9829	9321
9829	9415
9846	396
9846	1245
9846	6839
9846	7184
9846	7802
9846	9366
9846	9823
9857	5615
9857	6059
9857	7200
9857	8244
9857	9996
9870	462
9870	1730
9870	1825
9870	5346
9870	7992
9871	2436
9871	7535
9871	7910
9871	8773
9882	1040
9882	8679
9882	8713
9882	9704
9882	9994
9890	1626
9890	6892
9890	8502
9890	9737
9894	3015
9894	8148
9894	8286
9894	9775
9896	45
9896	5934
9896	6562
9896	6819
9896	7361
9896	9082
9896	9614
9915	1143
9915	1521
9915	5357
9915	6645
9916	8970
9916	9295
9922	8514
9922	8946
9922	9723
9938	2540
9938	8124
9938	9729
9938	9994
9947	8758
9947	9057
9955	519
9955	1034
9955	3708
9955	7742
9955	9240
9958	1443
9958	5677
9958	6916
9958	8422
9958	8741
9958	9614
9973	7885
9973	9026
9973	9478
9973	9727
9992	265
9992	1268
9992	2759
9992	5766
9992	8251
9992	8492
9994	6289
9994	7026
9994	8514
9994	9882
9994	9938
9996	1837
9996	2963
9996	4719
9996	7581
9996	9771
9996	9857
