0.00029397460514	0.0116396808576	0.0116475624427
0.00029397460514	0.035563063994	0.0355871448361
0.00029397460514	0.0405536776412	0.040581137781
0.00029397460514	0.0500221520806	0.0500560236151
0.000293974605141	0.099976606932	0.100044304161
0.000293974605141	0.131687956244	0.131777126201
0.000293974605141	0.200088608322	0.20022409446
0.000293974605141	0.249830831876	0.25
0.000293974605141	0.272073870135	0.272258099703
0.000293974605141	0.666667389029	0.66711880998
0.000293974605141	0.522490446129	0.522844240447
0.000293974605141	0.538286187991	0.53865067809
0.000293974605141	0.66711880998	0.667570536602
0.000293974605141	0.00117716416895	0.00117796126294
0.000293974605141	0.00117796126294	0.00117875889667
0.000293974605141	0.00160827135713	0.00160936036703
0.000293974605141	0.0016324006862	0.00163350603481
0.000293974605141	0.00188940597043	0.00189068534521
0.000293974605141	0.0031095002263	0.00311160576434
0.000293974605141	0.00365800671175	0.00366048366037
0.000293974605141	0.00815286836781	0.00815838892521
0.000293974605141	0.0178659863496	0.0178780839574
0.000293974605141	0.0243759382807	0.0243924439767
0.000293974605141	0.0720467980564	0.0720955831547
0.000293974605141	0.111111351899	0.111186588805
0.000293974605141	0.166666847257	0.166779702495
0.000293974605141	0.272258099703	0.272442454019
0.000587949210281	0.0137393077352	0.0137579206487
0.000587949210281	0.131777126201	0.131955647295
0.000587949210281	0.199817911023	0.200088608322
0.000587949210281	0.00264682139636	0.00265040709795
0.000587949210281	0.0116475624427	0.0116633416273
0.000587949210281	0.0355149511831	0.035563063994
0.000881923815422	0.771627551847	0.773196091571
0.000881923815422	0.017829742621	0.0178659863496
0.000881923815422	0.0293036982897	0.0293632659071
0.00117589842056	0.142541421797	0.142927890797
0.00117589842056	0.040581137781	0.0406911644074
0.00117589842056	0.0498868949869	0.0500221520806
0.0014698730257	0.00462964467885	0.00464534029298
0.0014698730257	0.0833334236286	0.0836159440706
0.0014698730257	0.100044304161	0.100383478526
0.00176384763084	0.00265040709795	0.0026611933748
0.00176384763084	0.00364318017811	0.00365800671175
0.00176384763084	0.166779702495	0.167458440507
0.00205782223598	0.0026611933748	0.00267383285737
0.00205782223598	0.00577275839942	0.00580017642919
0.00235179684112	0.0293632659071	0.0295227055374
0.00293974605141	0.0012994432776	0.00130826906646
0.00293974605141	0.00160936036703	0.00162029110563
0.00323372065655	0.00162029110563	0.0016324006862
0.00352769526169	0.522844240447	0.527108504804
0.00470359368225	0.0275904443115	0.0278908845519
0.00470359368225	0.131955647295	0.133392550085
0.00529154289253	0.142927890797	0.144680009204
0.00529154289253	0.197398056049	0.199817911023
0.00558551749767	0.027237872137	0.0275904443115
0.00587949210281	0.0137579206487	0.0139454422759
0.00676141591823	0.0416667118143	0.0423204858418
0.00734936512852	0.00580017642919	0.00589916534824
0.00911321275936	0.00589916534824	0.00602426103675
0.00911321275936	0.527108504804	0.538286187991
0.0102891111799	0.0406911644074	0.0416667118143
0.0105830857851	0.0018439205209	0.00188940597043
0.0117589842056	0.324429421129	0.333333694514
0.0191083493341	0.5	0.522490446129
0.0214601461753	0.00815838892521	0.00857165240313
0.0214601461753	0.0278908845519	0.0293036982897
0.0235179684112	0.0682490665739	0.0720467980564
0.0235179684112	0.333333694514	0.351882107399
0.0267516890678	0.0500560236151	0.0532363211048
0.0276336128832	0.381141455108	0.40618118339
0.0276336128832	0.0128923247963	0.0137393077352
0.0288095113038	0.133392550085	0.142541421797
0.0338070795912	0.0836159440706	0.0903849614537
0.0346890034066	0.351882107399	0.381141455108
0.0367468256426	0.25	0.272073870135
0.0382166986683	0.0625	0.0682490665739
0.0393925970888	0.20022409446	0.219234518683
0.0423323431402	0.00117875889667	0.0012994432776
0.0423323431402	0.00189068534521	0.00208425859507
0.0435082415608	0.0116633416273	0.0128923247963
0.043802216166	0.0139454422759	0.0154253315871
0.043802216166	0.0903849614537	0.099976606932
0.0440961907711	0.100383478526	0.111111351899
0.0479178606379	0.0243924439767	0.027237872137
0.0499756828739	0.00412640620356	0.00462964467885
0.0520335051099	0.00366048366037	0.00412640620356
0.0526214543202	0.00163350603481	0.0018439205209
0.054385301951	0.0178780839574	0.0202631180414
0.0567370987921	0.219234518683	0.249830831876
0.0567370987921	0.0355871448361	0.0405536776412
0.0602647940538	0.0101315590207	0.0116396808576
0.0614406924744	0.144680009204	0.166666847257
0.0629105655001	0.0154253315871	0.017829742621
0.0629105655001	0.667570536602	0.771627551847
0.0629105655001	0.0720955831547	0.0833334236286
0.0649683877361	0.00702007969956	0.00815286836781
0.0655563369464	0.00267383285737	0.0031095002263
0.0664382607618	0.00602426103675	0.00702007969956
0.0684960829978	0.00311160576434	0.00364318017811
0.0696719814183	0.0532363211048	0.0625
0.0714358290492	0.167458440507	0.197398056049
0.0714358290492	0.0423204858418	0.0498868949869
0.0726117274697	0.00857165240313	0.0101315590207
0.0734936512852	0.111186588805	0.131687956244
0.0758454481263	0.272442454019	0.324429421129
0.0802550672034	0.0202631180414	0.0243759382807
0.0802550672034	0.0295227055374	0.0355149511831
0.0811369910188	0.0009765625	0.00117716416895
0.0896622545679	0.00130826906646	0.00160827135713
0.0902502037782	0.40618118339	0.5
0.0926020006193	0.53865067809	0.666667389029
0.0943658482501	0.00464534029298	0.00577275839942
0.103773035615	0.00208425859507	0.00264682139636
0.111710349953	0.773196091571	1
