0 0.0
0.0009765625 1049.50777435
0.000977223760442 1116.82351705
0.000979210229541 1100.33229898
0.000983195290039 712.110127696
0.000996596325366 1885.61825767
0.00111511348044 1512.32848524
0.00113184382883 3287.76766586
0.00113337716018 2310.12660647
0.00118756859499 2521.01405597
0.00119320901657 3623.78314704
0.00120947255684 5305.86111997
0.00125110784939 7135.55685164
0.00125195501291 4717.90297492
0.0012950527359 8758.2463326
0.0012994432776 8829.93174217
0.0013038487043 10616.2326211
0.00130473158028 8375.75417773
0.00132520354898 9494.33721569
0.0013305966874 10272.0779621
0.00135238961897 10901.341372
0.00136249698239 12248.8805398
0.00140178846679 13286.5363987
0.00145102597667 14677.2217705
0.00145200851089 16020.7161349
0.00145989277352 16877.7820045
0.00148179593867 15733.6845878
0.00148984194409 15205.8003718
0.00150810555575 15648.7727223
0.00151219444472 16484.4614958
0.00157487509301 17781.4218076
0.00160283735121 19340.3851485
0.0017455418055 22312.1420998
0.00174672376543 23631.6589261
0.0017479065257 21404.4583193
0.00182652892081 22730.8020967
0.00183024183019 23761.7388903
0.001953125 25077.2792631
0.00215163404557 27844.2777118
0.00215309098302 27634.9599317
0.00221668146647 28207.9403147
0.00232424289774 29888.7208315
0.00232896754411 29435.5244528
0.00244032508444 31447.2627813
0.00247358692265 31032.4426697
0.00255354774597 32074.3018468
0.00273979041254 33137.4343251
0.00274907896406 32460.355076
0.00299992183261 33765.0459029
0.00300195317176 34078.2278981
0.00313910785189 35158.3923555
0.00330258749857 35892.1602108
0.0033250185969 35369.9250815
0.00333403363687 35686.1780726
0.0033955278073 36233.4514331
0.00341165505117 36972.1390752
0.003601497205 36577.9787391
0.0037381066285 37452.0045223
0.00398099217218 37946.7453662
0.00409025428078 38623.8353009
0.00440047507269 38933.1988047
0.00522599650441 41744.7072309
0.00523307626583 41243.8085102
0.00574936041156 42770.4855469
0.00575325347996 43437.3578656
0.00576885213258 42813.1697019
0.00614368648748 43649.9513313
0.00614784656617 43668.4813884
0.0061561751762 43063.4244848
0.00642438219017 44747.2838009
0.00692099564609 45860.5041885
0.00693506442393 45766.1921304
0.00734081647678 45549.4862213
0.0074711543091 45753.8695429
0.00748127563046 46221.8413154
0.00786023991061 46435.4387974
0.00789757254728 46487.5499577
0.00841072168735 47237.7054749
0.00841641684516 47232.7356525
0.00842781873248 46907.5134484
0.00901194789434 47707.7959469
0.00926555910673 47786.8569521
0.00988096175517 48519.4253144
0.0105872855854 49504.9501971
0.0105944545614 49366.3751535
0.0113287524931 49986.8945497
0.0116791421882 50035.7643198
0.0120322217833 50630.1796643
0.0122541486076 49998.1362012
0.0122790584476 50181.7847011
0.0125140059038 50410.6698208
0.0142026572586 51662.8630309
0.0142122743137 51696.9409831
0.0148113973214 51768.2037034
0.0148214265731 51952.762815
0.0156038611389 52215.1053741
0.0163278264415 52716.4504146
0.016338882514 52405.9489721
0.0169127821488 52998.5915729
0.0169242343127 52756.5309801
0.0187709885165 53602.0750703
0.0189753911799 53562.6860821
0.0189882399997 53625.9793552
0.0207348744938 53709.7129791
0.0209039860177 54054.4640152
0.0218738588221 53962.6419835
0.0219183233003 54212.158077
0.0220821344211 54248.1904038
0.0220970869121 53984.881769
0.0262958066258 54911.696412
0.0263136123236 54784.8421429
0.0293433965927 55195.2928259
0.0293632659071 55067.551182
0.0294827646496 55113.1569004
0.0295827183457 55097.324784
0.0332129717541 55137.8280206
0.0333481375212 55408.6309914
0.0360722006434 55446.5593092
0.0379764799994 55543.5386967
0.0403893065743 55780.6009201
0.0462446309604 55785.129622
0.0471613883623 55715.5465462
0.0513950575214 56088.2173704
0.0514298586923 55998.6757375
0.0620363584492 56114.5434095
0.0620783651716 56113.9294952
0.062120400338 56113.4865525
0.0621624639677 56020.9252504
0.0639118191612 56227.7477347
0.0642153718199 56227.8565501
0.065090632793 56205.419927
0.0712224839684 56304.7719639
0.0716092150133 56379.7635477
0.0716577038107 56381.5184025
0.0718519875552 56429.2040766
0.0809976261869 56236.4996488
0.0810524721657 56311.6661993
0.089169572604 56183.6114357
0.0892299520585 56360.0755355
0.0919275196398 56208.2708461
0.0921767604303 56442.7613444
0.0992349539867 56333.5850323
0.0993021490198 56222.0430854
0.100044304161 56221.3882164
0.102859717385 56187.6991918
0.111111351899 55970.7828303
0.124746419482 55914.150567
0.124915415938 55881.8816614
0.125 55773.6348665
0.126190208371 55971.8651166
0.126275655634 55986.0547894
0.126361160756 55760.364064
0.130357624736 55705.5905785
0.130534222803 55696.0583899
0.138264990829 55538.7886924
0.142348579345 55418.394959
0.148650889375 55066.8279891
0.148751545455 54978.5959854
0.148852269692 55340.4232365
0.152937661512 55021.1657952
0.153872218989 54801.721902
0.154393882992 54815.4149062
0.158095388083 54949.0839799
0.166666847257 54420.9360994
0.16689263415 54129.9386281
0.167005642276 54207.3745477
0.172988735245 54145.1768455
0.181874555222 53481.518072
0.189157023432 53659.7946481
0.189541535758 53395.6107932
0.190958113613 53839.3006471
0.200088608322 52629.5006218
0.20022409446 52691.7709015
0.21122257462 52719.1330352
0.211365599909 52374.3306868
0.216286515108 52644.5482445
0.224035129529 52091.7107655
0.224338634375 52190.7565567
0.235702515789 51711.4305454
0.235862117197 51822.6133031
0.236821997698 51844.689309
0.248145433797 51385.0421099
0.25 50458.2274948
0.250169282673 50012.9987004
0.250338679973 50272.0194827
0.250508191977 50198.3318741
0.251868426687 49952.1035224
0.254783499019 49972.5233892
0.26177627397 50169.4021945
0.266785100169 49950.3681588
0.285662350849 49830.8925587
0.285855781594 49460.3509681
0.286243036108 48974.7400222
0.290931214694 48672.7423057
0.300539182863 48651.2119396
0.326854111484 48349.2850119
0.333333694514 46499.1804987
0.334463776282 46321.3775781
0.348327341513 46160.1131125
0.370960102997 45941.5633561
0.371211291468 45820.7781213
0.377546582287 45176.3449436
0.378314046863 45211.2722272
0.400177216645 44226.0225312
0.400448188921 44257.784416
0.428493061982 43185.3487629
0.429073550057 42774.0554871
0.448373661183 42482.7257903
0.490612620052 42141.1225068
0.5 36061.5618341
0.5485857538 35966.8459691
0.550445592061 35999.1204057
0.562498781016 35328.8972554
0.59500618182 34860.3212552
0.599047450122 34118.3580301
0.600265174554 33355.6028437
0.600671632528 32824.3095263
0.601078365726 32892.8459899
0.620928906037 33185.7734148
0.666667389029 29645.0842768
0.70138634561 28607.7542403
0.70328799691 29849.6640536
0.750507034813 27426.8697299
0.751015226162 27581.9391071
0.751523761622 27484.0595407
0.753561349247 28040.3339243
0.800354433289 26835.8771037
0.979234683266 27228.228137
0.981225240104 26389.7198282
0.996621213273 26587.7009567
1 0.0
