9	8883
9	9880
10	7255
10	8113
41	8270
46	4799
46	8782
46	9535
50	3825
50	9181
50	9468
50	9636
59	1656
59	1959
59	8736
59	9159
62	2810
62	6303
62	8398
62	9853
137	7985
137	8990
156	206
156	3726
156	7668
156	9877
183	2273
183	5898
183	6985
183	9201
183	9932
206	156
215	3343
215	6066
215	9279
215	9649
219	6038
219	9901
265	6215
265	7566
288	8748
290	6604
290	8818
290	9477
290	9950
307	5042
307	9763
338	1690
338	3184
338	7127
338	7857
338	9888
341	3726
396	6839
396	9823
496	3972
496	6784
540	6611
542	4733
593	8990
593	9320
601	3176
601	7431
631	4763
631	6215
631	6670
631	6865
631	7777
635	4890
649	1417
649	7473
662	7898
662	8512
662	9082
672	8627
684	3692
684	3825
688	6611
688	9901
695	3220
695	4882
695	5949
695	9501
718	6065
718	9868
730	8416
730	9279
730	9600
747	8764
748	8797
773	1808
773	4788
773	6581
773	8617
783	3449
783	8322
803	3662
803	8393
803	9683
804	9289
804	9722
804	9803
808	2642
808	6827
808	9813
808	9881
808	9932
817	6215
817	6587
817	8754
836	8352
839	933
839	5722
839	8431
906	5514
906	6827
906	8240
906	8590
929	7152
929	7937
933	839
933	1636
933	4859
933	5679
933	6587
933	7494
933	9178
934	9572
940	3149
962	9487
962	9880
994	9025
994	9940
1022	9572
1082	3149
1101	8646
1101	9787
1132	1417
1132	8214
1137	9634
1150	5815
1150	9025
1164	8393
1164	9617
1164	9692
1193	3885
1193	9690
1200	8102
1200	8793
1261	6038
1265	9294
1265	9476
1265	9838
1273	6066
1273	6236
1273	9932
1276	6797
1289	3101
1289	7406
1307	3885
1307	9815
1310	6428
1310	6611
1344	6395
1344	6797
1344	8457
1354	4890
1354	7622
1354	9999
1378	7937
1412	5006
1412	5261
1412	8291
1417	649
1417	1132
1417	3692
1417	4575
1417	7032
1417	7473
1417	9287
1477	8797
1486	4788
1486	8786
1532	9385
1533	6977
1533	8512
1533	9761
1562	6839
1562	8159
1562	8898
1576	6749
1576	7914
1590	4908
1590	8214
1590	9195
1636	933
1636	7706
1636	7867
1636	9152
1636	9234
1648	7489
1651	8433
1651	9676
1655	7898
1655	9211
1656	59
1656	3184
1656	4604
1656	5762
1656	8412
1656	9102
1656	9159
1659	6325
1670	7857
1670	8883
1670	9209
1670	9756
1678	7566
1678	8311
1678	8501
1678	9170
1678	9722
1678	9866
1690	338
1690	7152
1724	5023
1724	9923
1738	6946
1738	9143
1754	3728
1754	4412
1754	4890
1754	9983
1764	3988
1764	7926
1764	8499
1775	2432
1775	9120
1798	7406
1798	8596
1798	9486
1808	773
1808	4788
1808	6951
1808	7851
1808	8108
1808	8795
1808	8827
1808	9665
1815	5679
1815	7709
1830	8334
1830	8764
1863	7303
1863	7489
1863	9843
1872	6749
1872	8272
1897	9955
1959	59
1959	9154
2043	3039
2043	7757
2043	9435
2051	6670
2051	8622
2052	6477
2052	6484
2052	7709
2064	6325
2069	7319
2069	9201
2099	2668
2099	6985
2131	6036
2131	6277
2131	6391
2131	6614
2131	8348
2131	9231
2161	2437
2161	4603
2161	5216
2161	8622
2161	8888
2161	9524
2161	9683
2161	9720
2165	8334
2165	9993
2177	2392
2177	4009
2177	9940
2188	5949
2213	7097
2234	6475
2234	8820
2241	8102
2241	8797
2248	9538
2248	9733
2249	7569
2249	9358
2249	9857
2273	183
2273	2548
2273	4630
2273	7029
2273	8526
2273	9932
2281	6242
2281	6544
2281	9646
2328	8883
2328	9147
2328	9209
2328	9880
2333	3678
2334	6946
2374	8159
2374	9201
2384	3207
2384	7278
2384	8877
2384	9071
2384	9168
2384	9463
2384	9712
2384	9744
2387	5241
2387	9884
2392	2177
2392	6749
2392	9281
2392	9839
2392	9923
2398	5926
2416	9584
2432	1775
2432	3085
2432	3327
2432	5916
2432	6563
2432	8695
2432	9476
2432	9688
2437	2161
2437	8436
2437	9535
2446	6946
2446	8574
2446	8888
2446	9437
2460	7752
2467	3107
2467	9359
2467	9758
2476	4345
2476	9782
2478	5023
2478	9399
2478	9720
2512	3083
2512	5073
2512	6058
2512	6440
2512	7303
2512	7476
2512	9120
2512	9412
2538	8044
2538	8956
2548	2273
2548	5168
2548	7756
2560	6522
2560	6956
2560	7153
2560	7920
2560	8640
2560	9523
2560	9584
2566	4788
2619	7228
2619	9272
2642	808
2642	8291
2642	8764
2653	9383
2661	2901
2661	8567
2661	9260
2668	2099
2668	6083
2668	8044
2668	8990
2687	7029
2687	9082
2687	9281
2687	9283
2687	9839
2710	9490
2710	9831
2736	8834
2736	8990
2736	9320
2736	9597
2741	6186
2741	6484
2741	8929
2756	5052
2756	9456
2756	9733
2757	7870
2757	8849
2761	3777
2761	4830
2761	5328
2761	8744
2761	8752
2761	8815
2761	8956
2761	9634
2761	9729
2802	5414
2802	7843
2802	9254
2810	62
2810	3726
2810	4574
2810	5315
2810	6243
2810	6403
2810	8553
2810	9656
2810	9884
2818	8622
2818	9201
2901	2661
2901	7843
2901	8695
2901	9289
2901	9695
2901	9722
2901	9866
2911	5934
2911	8416
2933	7029
2933	8068
2933	8240
2933	8689
2933	9813
2957	9667
2969	6437
2969	9320
2969	9665
2998	8159
2998	9654
2998	9667
3011	3825
3011	3885
3011	5168
3011	6731
3011	8072
3011	8512
3017	7898
3017	7937
3020	6277
3020	8309
3020	9213
3030	8878
3030	9548
3030	9862
3033	9880
3039	2043
3039	7799
3045	4315
3045	6977
3045	8499
3073	7097
3073	7955
3083	2512
3083	9412
3085	2432
3090	3825
3090	9690
3101	1289
3101	9289
3107	2467
3149	940
3149	1082
3149	8370
3149	8818
3165	4521
3165	6010
3165	6464
3165	9289
3165	9418
3176	601
3176	5400
3176	5662
3176	6788
3176	7198
3176	9052
3176	9130
3176	9289
3176	9935
3184	338
3184	1656
3184	9173
3202	6946
3202	9169
3207	2384
3220	695
3220	9634
3220	9880
3221	9890
3246	5816
3246	7702
3246	7898
3246	9695
3246	9761
3305	4831
3305	9168
3327	2432
3327	9700
3343	215
3343	4713
3359	8522
3359	9260
3359	9824
3360	7228
3360	7233
3360	7762
3360	8652
3360	9283
3360	9636
3365	8366
3365	8652
3365	9636
3399	8866
3399	9887
3407	5155
3407	9867
3449	783
3449	4975
3449	6977
3449	7898
3449	8298
3449	8491
3449	9195
3449	9201
3449	9962
3483	7097
3483	7329
3483	9647
3511	6839
3511	9665
3536	5256
3547	4189
3547	5605
3547	6242
3547	9005
3553	5926
3553	9646
3618	6277
3626	3773
3626	5141
3626	6126
3626	6175
3626	8627
3626	9385
3662	803
3662	6568
3662	7269
3662	7870
3662	8486
3678	2333
3678	7111
3678	9932
3687	6985
3692	684
3692	1417
3692	6731
3692	9168
3708	6944
3708	8943
3708	9445
3708	9803
3708	9946
3708	9955
3715	4068
3715	7037
3715	8415
3715	9584
3717	4604
3723	8849
3723	9792
3726	156
3726	341
3726	2810
3726	5596
3726	7015
3726	8348
3726	8676
3726	9211
3726	9656
3726	9690
3728	1754
3728	5542
3728	7622
3728	8436
3728	8932
3728	9477
3728	9950
3773	3626
3773	3972
3773	7752
3773	9647
3773	9900
3777	2761
3777	4788
3777	6437
3777	6917
3777	7807
3777	8113
3777	8752
3777	8907
3783	7843
3807	5926
3823	6917
3825	50
3825	684
3825	3011
3825	3090
3825	6731
3825	8072
3825	9413
3829	8291
3829	9787
3835	7595
3835	8352
3837	5830
3837	6168
3837	6239
3837	8309
3837	9114
3837	9792
3843	8154
3843	9175
3843	9572
3864	3885
3864	7951
3878	5023
3878	8782
3878	8793
3878	9611
3881	7699
3881	8875
3881	8991
3881	9105
3881	9116
3881	9385
3885	1193
3885	1307
3885	3011
3885	3864
3885	4866
3885	5930
3885	7814
3885	7951
3885	8957
3885	9767
3914	6325
3914	7626
3914	7892
3914	8764
3972	496
3972	3773
3972	9858
3972	9883
3972	9980
3977	7752
3977	9669
3988	1764
3988	9477
3997	8486
3997	9868
4001	8809
4001	9831
4009	2177
4009	5162
4009	6035
4009	8334
4009	9783
4040	4207
4040	5720
4040	9346
4068	3715
4068	6083
4068	7857
4068	9324
4068	9880
4068	9999
4082	9538
4082	9787
4104	4763
4104	6475
4109	6014
4109	8366
4109	9763
4112	6325
4112	7286
4112	7319
4112	7843
4112	8782
4112	9722
4112	9866
4182	6611
4182	9509
4189	3547
4193	5972
4193	9962
4207	4040
4207	6186
4207	9522
4209	6437
4209	6985
4209	9480
4209	9980
4246	7898
4246	9634
4246	9810
4257	6001
4265	8486
4265	8883
4315	3045
4315	4603
4315	6839
4315	7097
4328	4643
4328	7621
4328	8102
4328	8797
4345	2476
4345	8159
4345	8898
4345	9030
4386	7489
4390	6242
4398	8393
4398	9617
4405	8627
4412	1754
4412	5949
4412	7029
4412	9286
4412	9501
4427	6977
4427	7898
4427	9511
4427	9695
4481	7867
4481	8044
4481	9147
4488	7406
4493	8214
4493	9526
4521	3165
4521	5637
4549	5168
4549	6464
4552	6475
4552	9676
4574	2810
4574	8301
4575	1417
4575	8892
4575	9791
4575	9795
4589	6001
4589	9883
4603	2161
4603	4315
4603	6827
4603	8159
4603	8574
4603	8888
4603	9437
4603	9683
4603	9758
4604	1656
4604	3717
4604	6475
4604	8641
4604	8834
4604	8990
4604	9320
4607	6236
4607	7029
4607	7111
4607	8526
4607	9487
4607	9813
4612	6379
4612	7611
4612	7835
4612	9213
4612	9763
4628	9548
4630	2273
4630	7980
4630	9915
4643	4328
4643	5395
4643	8849
4643	9322
4643	9983
4652	4831
4652	5306
4652	6066
4652	7345
4652	9813
4707	6977
4707	9763
4713	3343
4713	7431
4713	8736
4713	9200
4713	9824
4733	542
4733	6440
4733	7946
4733	9071
4763	631
4763	4104
4763	7029
4763	8068
4763	9813
4763	9932
4788	773
4788	1486
4788	1808
4788	2566
4788	3777
4788	6581
4788	7565
4788	8786
4788	9468
4799	46
4799	5168
4799	6836
4825	5582
4825	8013
4825	8334
4825	8877
4825	9071
4825	9744
4827	7489
4830	2761
4830	5021
4831	3305
4831	4652
4831	5514
4831	5898
4831	7345
4831	8068
4831	8240
4831	8399
4836	8764
4836	9609
4837	9324
4846	7611
4846	7752
4859	933
4859	7701
4859	7824
4866	3885
4866	6380
4866	7406
4866	9260
4866	9477
4866	9487
4866	9705
4867	9867
4867	9975
4882	695
4882	9347
4882	9890
4890	635
4890	1354
4890	1754
4890	6242
4890	7607
4890	8432
4890	8666
4890	9178
4890	9591
4895	7898
4895	9856
4898	8334
4908	1590
4908	8214
4908	8818
4908	9195
4914	4956
4914	5761
4914	6157
4914	7097
4914	7228
4914	8004
4914	8370
4914	9933
4956	4914
4956	6157
4956	8004
4956	8370
4973	7824
4975	3449
4975	8095
4975	8491
4975	8512
4975	9511
4987	5125
4987	6652
4987	7419
4987	9111
4987	9839
4987	9870
4987	9923
5006	1412
5006	9288
5018	6083
5018	9223
5018	9433
5018	9545
5021	4830
5021	8929
5021	9823
5023	1724
5023	2478
5023	3878
5023	8793
5023	9611
5023	9733
5042	307
5042	8875
5047	5285
5052	2756
5052	5911
5052	8159
5052	8366
5052	9113
5052	9333
5073	2512
5073	9906
5075	9111
5075	9868
5112	7565
5112	9170
5112	9971
5120	6168
5120	6238
5120	7029
5120	7946
5121	6242
5121	9322
5125	4987
5125	6577
5125	7891
5125	9486
5125	9875
5125	9880
5134	8415
5134	9548
5134	9646
5141	3626
5141	9026
5151	7752
5155	3407
5155	6239
5155	8517
5155	8652
5155	8748
5155	8782
5155	8902
5155	9332
5155	9503
5155	9867
5155	9975
5162	4009
5168	2548
5168	3011
5168	4549
5168	4799
5168	9853
5178	7123
5178	8433
5178	9228
5182	5474
5216	2161
5216	8646
5226	6038
5226	7920
5226	9151
5226	9213
5226	9792
5233	8575
5233	9668
5233	9853
5241	2387
5241	5793
5241	6215
5241	9870
5251	6839
5251	9823
5251	9851
5256	3536
5256	7100
5256	7699
5256	9105
5256	9758
5261	1412
5261	8796
5261	9288
5261	9437
5284	9223
5285	5047
5285	5560
5285	7466
5285	8334
5285	9071
5306	4652
5306	7920
5306	8240
5306	8526
5306	9813
5306	9932
5315	2810
5315	7015
5316	9201
5328	2761
5328	8752
5336	6325
5362	5514
5362	8809
5362	9831
5371	6956
5371	9399
5371	9634
5380	6836
5380	9970
5383	6186
5383	7681
5383	7824
5383	9526
5393	7419
5394	9827
5395	4643
5395	7303
5395	8567
5396	8214
5396	9609
5400	3176
5400	8590
5400	8714
5400	9333
5414	2802
5414	7937
5414	8525
5444	6611
5474	5182
5474	5831
5474	6885
5474	6917
5474	8752
5474	8907
5514	906
5514	4831
5514	5362
5514	5762
5514	6827
5514	7029
5514	7242
5514	8068
5514	9857
5514	9932
5515	6475
5515	8915
5515	9385
5515	9597
5539	8406
5539	9476
5542	3728
5542	6611
5542	8159
5542	8433
5542	9228
5546	6325
5546	7920
5546	9944
5548	8797
5548	9352
5550	7708
5550	7843
5550	8136
5550	8979
5550	9435
5558	8424
5558	9324
5560	5285
5560	7565
5560	9071
5560	9452
5560	9744
5560	9851
5560	9862
5561	6083
5574	5903
5574	8433
5574	9611
5574	9838
5582	4825
5582	7595
5582	7811
5596	3726
5596	9656
5605	3547
5605	9324
5632	6065
5632	7604
5632	8919
5632	9945
5637	4521
5637	7419
5637	9791
5644	6327
5644	8695
5662	3176
5662	9286
5679	933
5679	1815
5679	7955
5679	8352
5679	9154
5698	7849
5698	8269
5698	9468
5720	4040
5720	8990
5720	9346
5720	9526
5720	9617
5722	839
5722	6175
5722	7029
5722	8696
5722	9113
5761	4914
5761	9358
5762	1656
5762	5514
5762	9159
5765	6652
5765	6813
5765	8417
5765	9111
5793	5241
5793	8915
5793	9880
5815	1150
5815	6200
5815	7811
5815	9346
5815	9476
5815	9618
5815	9688
5815	9692
5815	9940
5816	3246
5816	6508
5816	6522
5816	6889
5816	8491
5816	9511
5830	3837
5831	5474
5831	9173
5847	5913
5847	6083
5847	7022
5847	7360
5847	7708
5847	9147
5847	9756
5847	9880
5898	183
5898	4831
5898	7008
5898	8004
5903	5574
5903	7111
5903	7955
5903	9900
5911	5052
5911	9254
5911	9843
5913	5847
5913	7022
5913	7750
5913	8519
5913	9324
5913	9486
5913	9868
5913	9880
5916	2432
5916	7811
5916	9688
5916	9744
5916	9940
5926	2398
5926	3553
5926	3807
5926	7739
5926	8878
5926	9548
5926	9761
5930	3885
5934	2911
5934	7152
5934	9824
5934	9896
5945	6475
5945	8811
5945	8820
5945	8834
5945	9320
5945	9656
5949	695
5949	2188
5949	4412
5949	7290
5949	7971
5949	9286
5949	9827
5949	9900
5949	9970
5972	4193
5972	7276
5972	9477
5972	9890
5977	6010
5977	6464
5977	8526
5978	7569
5978	9512
5978	9851
6001	4257
6001	4589
6001	7269
6001	7870
6001	7892
6001	7980
6001	8227
6001	9022
6001	9181
6004	9201
6009	7406
6010	3165
6010	5977
6014	4109
6014	6430
6014	6609
6014	7211
6014	7739
6014	9111
6014	9839
6027	8236
6027	8676
6027	9903
6035	4009
6035	9168
6035	9359
6035	9980
6036	2131
6036	6793
6036	8877
6036	9071
6036	9744
6037	8725
6037	8990
6037	9783
6038	219
6038	1261
6038	5226
6038	7331
6038	9151
6038	9512
6038	9813
6055	8352
6055	9548
6055	9675
6055	9699
6058	2512
6065	718
6065	5632
6065	7183
6065	7487
6065	7581
6065	8424
6065	8919
6065	9111
6065	9265
6065	9692
6065	9945
6066	215
6066	1273
6066	4652
6066	6827
6066	6985
6066	7345
6066	8433
6066	8526
6066	9523
6066	9932
6068	7569
6068	9412
6083	2668
6083	4068
6083	5018
6083	5561
6083	5847
6083	6360
6083	6581
6083	7022
6083	8560
6083	8858
6083	8883
6083	8929
6083	9324
6083	9880
6114	6805
6114	7909
6126	3626
6126	6430
6126	9881
6129	8501
6129	9130
6157	4914
6157	4956
6157	8818
6168	3837
6168	5120
6168	7152
6168	7255
6168	8915
6168	9584
6168	9763
6175	3626
6175	5722
6175	8574
6186	2741
6186	4207
6186	5383
6186	9890
6200	5815
6200	9052
6200	9147
6200	9782
6213	6327
6213	9933
6215	265
6215	631
6215	817
6215	5241
6215	7015
6215	8754
6236	1273
6236	4607
6236	6985
6236	8240
6236	9932
6238	5120
6238	8752
6239	3837
6239	5155
6239	8517
6239	9597
6239	9867
6242	2281
6242	3547
6242	4390
6242	4890
6242	5121
6242	7988
6242	8236
6242	9025
6242	9264
6242	9901
6242	9946
6243	2810
6243	6709
6243	7015
6243	7672
6243	8553
6260	8102
6260	8797
6277	2131
6277	3020
6277	3618
6277	8432
6277	9487
6277	9980
6303	62
6303	6604
6303	7684
6303	8689
6321	6638
6321	9446
6325	1659
6325	2064
6325	3914
6325	4112
6325	5336
6325	5546
6325	9169
6325	9523
6325	9700
6325	9886
6327	5644
6327	6213
6327	6709
6327	7762
6327	7908
6327	8561
6327	8591
6327	9358
6327	9838
6327	9962
6360	6083
6360	7744
6360	9324
6360	9880
6360	9881
6379	4612
6379	9114
6379	9223
6379	9792
6380	4866
6380	6720
6380	7199
6380	9000
6380	9487
6381	7015
6391	2131
6391	8834
6391	8932
6391	9597
6391	9690
6395	1344
6395	9634
6395	9665
6403	2810
6403	8375
6413	7266
6413	7622
6413	9477
6428	1310
6428	7701
6428	8365
6430	6014
6430	6126
6430	7242
6437	2969
6437	3777
6437	4209
6437	7681
6437	8218
6437	9480
6440	2512
6440	4733
6440	9120
6440	9412
6464	3165
6464	4549
6464	5977
6464	9993
6475	2234
6475	4104
6475	4552
6475	4604
6475	5515
6475	5945
6475	7985
6475	8561
6475	8811
6475	8820
6475	8990
6475	9320
6477	2052
6477	7709
6477	9584
6477	9971
6484	2052
6484	2741
6484	6538
6484	7709
6484	8821
6508	5816
6508	6889
6508	6977
6508	8298
6508	9082
6508	9695
6508	9761
6516	8486
6516	9201
6516	9227
6519	7489
6519	8416
6519	8929
6519	9279
6519	9545
6519	9600
6519	9862
6522	2560
6522	5816
6522	6977
6522	8512
6522	9082
6522	9695
6522	9761
6538	6484
6538	7420
6538	9655
6544	2281
6545	7701
6545	8136
6545	9005
6545	9526
6545	9675
6563	2432
6563	8957
6563	9933
6568	3662
6568	6577
6568	9385
6568	9486
6568	9875
6577	5125
6577	6568
6577	9486
6577	9875
6581	773
6581	4788
6581	6083
6581	8617
6581	9181
6581	9468
6587	817
6587	933
6587	6656
6587	6831
6587	6923
6587	7494
6587	8205
6587	8743
6587	9526
6604	290
6604	6303
6604	6711
6604	7849
6604	8774
6604	9477
6608	7824
6608	7914
6608	8965
6608	9152
6609	6014
6609	9881
6611	540
6611	688
6611	1310
6611	4182
6611	5444
6611	5542
6611	6883
6611	9717
6614	2131
6614	8999
6638	6321
6638	7420
6638	8013
6638	9024
6638	9655
6652	4987
6652	5765
6652	9244
6652	9572
6652	9617
6652	9923
6656	6587
6656	8646
6670	631
6670	2051
6670	9810
6690	6988
6690	7296
6690	7812
6690	8125
6690	8557
6690	8736
6690	9200
6709	6243
6709	6327
6709	7015
6709	8412
6709	8553
6709	9656
6711	6604
6711	7266
6711	7622
6711	9477
6711	9950
6720	6380
6720	7811
6720	8512
6720	9487
6731	3011
6731	3692
6731	3825
6731	8072
6745	7345
6745	8849
6745	8991
6745	9105
6749	1576
6749	1872
6749	2392
6749	7286
6749	7604
6749	7849
6749	8412
6749	8782
6749	8878
6749	9170
6749	9289
6749	9722
6749	9866
6784	496
6784	6965
6784	8309
6784	9501
6784	9950
6788	3176
6788	9052
6788	9935
6793	6036
6793	7278
6793	7565
6793	8334
6793	8877
6793	9071
6793	9744
6797	1276
6797	1344
6797	6965
6797	8124
6797	8815
6797	8892
6797	8966
6797	9476
6797	9688
6797	9782
6797	9940
6805	6114
6805	7569
6805	8652
6805	9358
6805	9617
6805	9651
6805	9857
6805	9962
6813	5765
6813	7739
6813	9111
6813	9244
6813	9281
6813	9839
6816	7681
6816	8406
6816	9524
6827	808
6827	906
6827	4603
6827	5514
6827	6066
6827	6985
6827	8068
6827	8468
6827	8943
6827	9335
6827	9399
6827	9477
6827	9727
6827	9795
6827	9813
6827	9932
6831	6587
6831	7971
6831	8689
6831	9386
6831	9887
6836	4799
6836	5380
6836	9681
6839	396
6839	1562
6839	3511
6839	4315
6839	5251
6839	9767
6839	9823
6839	9851
6839	9892
6865	631
6865	8348
6865	8553
6865	8754
6865	9322
6865	9656
6883	6611
6883	9211
6885	5474
6885	7955
6885	9676
6887	7762
6889	5816
6889	6508
6889	7898
6889	9511
6889	9761
6891	9867
6917	3777
6917	3823
6917	5474
6917	7892
6917	8752
6917	8883
6923	6587
6923	7701
6923	8136
6923	8205
6923	8214
6923	8249
6923	9526
6944	3708
6944	9890
6946	1738
6946	2334
6946	2446
6946	3202
6946	7397
6946	9000
6946	9071
6946	9143
6951	1808
6951	9999
6956	2560
6956	5371
6956	7037
6965	6784
6965	6797
6965	8563
6965	9476
6965	9600
6977	1533
6977	3045
6977	3449
6977	4427
6977	4707
6977	6508
6977	6522
6977	7702
6977	8979
6977	9082
6977	9446
6977	9511
6977	9761
6985	183
6985	2099
6985	3687
6985	4209
6985	6066
6985	6236
6985	6827
6985	7008
6985	7029
6985	7152
6985	7263
6985	9716
6985	9813
6985	9932
6988	6690
6988	7937
6988	8892
6988	9594
6988	9795
6988	9999
7008	5898
7008	6985
7008	8068
7008	8526
7008	9813
7008	9932
7015	3726
7015	5315
7015	6215
7015	6243
7015	6381
7015	6709
7015	7595
7015	7672
7015	8348
7015	8567
7015	9761
7022	5847
7022	5913
7022	6083
7022	7857
7022	8519
7022	8883
7022	9756
7022	9892
7029	2273
7029	2687
7029	2933
7029	4412
7029	4607
7029	4763
7029	5120
7029	5514
7029	5722
7029	6985
7029	7797
7029	8218
7029	8526
7029	9024
7029	9676
7029	9932
7032	1417
7032	9727
7032	9884
7037	3715
7037	6956
7037	9446
7037	9584
7095	7824
7095	7959
7095	8764
7097	2213
7097	3073
7097	3483
7097	4315
7097	4914
7097	9159
7097	9944
7100	5256
7100	8990
7100	9175
7100	9717
7100	9815
7100	9866
7111	3678
7111	4607
7111	5903
7111	9900
7111	9955
7119	9294
7119	9729
7119	9795
7119	9838
7123	5178
7123	8433
7123	9228
7127	338
7152	929
7152	1690
7152	5934
7152	6168
7152	6985
7152	8575
7152	8617
7152	9025
7152	9264
7152	9335
7152	9393
7152	9522
7152	9901
7153	2560
7183	6065
7183	9803
7187	9120
7187	9412
7187	9839
7198	3176
7199	6380
7199	9867
7211	6014
7211	9322
7211	9950
7228	2619
7228	3360
7228	4914
7228	8575
7228	9413
7228	9694
7233	3360
7233	9915
7238	9676
7242	5514
7242	6430
7242	7306
7242	8334
7242	9175
7242	9881
7255	10
7255	6168
7255	9591
7263	6985
7263	9764
7266	6413
7266	6711
7266	8774
7266	9477
7266	9950
7269	3662
7269	6001
7269	9254
7269	9435
7276	5972
7276	7709
7278	2384
7278	6793
7278	7466
7278	9071
7278	9783
7286	4112
7286	6749
7286	8311
7286	8782
7286	8796
7286	9170
7290	5949
7290	9286
7290	9501
7290	9634
7290	9683
7296	6690
7296	8736
7303	1863
7303	2512
7303	5395
7303	9322
7303	9795
7304	8652
7306	7242
7306	9324
7306	9810
7306	9881
7319	2069
7319	4112
7319	7780
7319	9729
7329	3483
7329	9490
7329	9887
7331	6038
7331	8560
7331	9051
7331	9120
7331	9463
7345	4652
7345	4831
7345	6066
7345	6745
7345	8240
7345	8365
7345	9386
7345	9932
7360	5847
7360	9200
7360	9962
7394	8159
7394	8459
7394	8639
7394	8898
7394	9081
7394	9272
7394	9456
7394	9654
7394	9667
7397	6946
7406	1289
7406	1798
7406	4488
7406	4866
7406	6009
7406	8249
7406	8375
7406	8596
7406	8992
7419	4987
7419	5393
7419	5637
7419	7926
7419	8501
7419	9300
7419	9971
7420	6538
7420	6638
7420	9024
7420	9935
7431	601
7431	4713
7431	9694
7466	5285
7466	7278
7466	7565
7466	9071
7466	9744
7466	9879
7473	649
7473	1417
7473	7739
7473	8072
7476	2512
7479	7617
7479	7777
7479	8334
7479	8999
7479	9223
7479	9281
7487	6065
7487	8919
7487	9945
7489	1648
7489	1863
7489	4386
7489	4827
7489	6519
7489	8406
7489	8764
7489	9524
7494	933
7494	6587
7494	7824
7494	8068
7494	8743
7494	9178
7494	9548
7494	9712
7494	9844
7565	4788
7565	5112
7565	5560
7565	6793
7565	7466
7565	8334
7565	8818
7565	9071
7565	9744
7565	9795
7566	265
7566	1678
7566	8218
7566	8943
7566	9081
7566	9260
7569	2249
7569	5978
7569	6068
7569	6805
7569	7908
7569	8938
7569	9512
7569	9857
7569	9962
7581	6065
7581	9945
7590	8561
7590	8818
7590	9636
7590	9962
7595	3835
7595	5582
7595	7015
7597	8417
7597	9198
7597	9880
7604	5632
7604	6749
7605	9178
7605	9675
7605	9944
7607	4890
7607	9999
7611	4612
7611	4846
7611	9025
7611	9695
7611	9758
7611	9870
7617	7479
7617	9877
7621	4328
7621	8102
7621	8797
7622	1354
7622	3728
7622	6413
7622	6711
7622	8436
7622	8591
7622	9247
7622	9477
7622	9950
7626	3914
7626	8159
7626	8430
7626	8563
7626	9758
7668	156
7672	6243
7672	7015
7672	9656
7681	5383
7681	6437
7681	6816
7684	6303
7684	9853
7684	9887
7699	3881
7699	5256
7699	8991
7699	9105
7699	9289
7699	9839
7699	9843
7701	4859
7701	6428
7701	6545
7701	6923
7701	8136
7701	9178
7702	3246
7702	6977
7702	7898
7702	8269
7702	8298
7702	8491
7702	8512
7702	9082
7702	9511
7702	9695
7702	9761
7706	1636
7706	9154
7706	9591
7708	5550
7708	5847
7708	8563
7708	8979
7708	9866
7709	1815
7709	2052
7709	6477
7709	6484
7709	7276
7709	8931
7709	9761
7739	5926
7739	6014
7739	6813
7739	7473
7739	9111
7739	9399
7739	9839
7739	9923
7744	6360
7744	7857
7744	8519
7744	9147
7744	9209
7744	9324
7744	9393
7744	9880
7750	5913
7750	8270
7750	9281
7750	9346
7750	9649
7750	9839
7750	9923
7752	2460
7752	3773
7752	3977
7752	4846
7752	5151
7752	8083
7752	9044
7752	9509
7752	9669
7752	9791
7756	2548
7756	7937
7757	2043
7757	7937
7757	8525
7757	8676
7762	3360
7762	6327
7762	6887
7762	9283
7762	9446
7762	9636
7762	9857
7777	631
7777	7479
7777	8999
7780	7319
7796	9170
7796	9523
7797	7029
7799	3039
7799	8849
7799	9452
7807	3777
7807	8341
7807	8815
7807	8907
7807	9815
7807	9906
7811	5582
7811	5815
7811	5916
7811	6720
7811	9051
7811	9692
7811	9700
7811	9900
7811	9940
7812	6690
7812	9147
7812	9200
7814	3885
7814	7951
7814	9487
7814	9535
7814	9903
7824	4859
7824	4973
7824	5383
7824	6608
7824	7095
7824	7494
7824	8743
7824	9051
7824	9178
7824	9526
7834	8214
7834	9195
7834	9844
7835	4612
7840	7898
7840	9896
7843	2802
7843	2901
7843	3783
7843	4112
7843	5550
7843	8412
7843	8782
7843	8811
7843	9170
7843	9722
7843	9866
7849	5698
7849	6604
7849	6749
7849	8436
7849	9152
7849	9477
7849	9950
7851	1808
7851	8849
7851	9181
7851	9468
7851	9509
7851	9971
7857	338
7857	1670
7857	4068
7857	7022
7857	7744
7857	8319
7857	9147
7857	9209
7857	9324
7867	1636
7867	4481
7867	8965
7867	9152
7870	2757
7870	3662
7870	6001
7870	8517
7891	5125
7891	8858
7891	9358
7891	9944
7892	3914
7892	6001
7892	6917
7892	7959
7892	8639
7892	8764
7892	9944
7898	662
7898	1655
7898	3017
7898	3246
7898	3449
7898	4246
7898	4427
7898	4895
7898	6889
7898	7702
7898	7840
7898	8512
7898	9082
7898	9114
7898	9198
7898	9511
7898	9695
7908	6327
7908	7569
7908	8154
7908	9283
7908	9358
7908	9636
7908	9857
7908	9962
7909	6114
7909	8622
7909	8888
7909	9102
7909	9437
7909	9683
7909	9758
7914	1576
7914	6608
7914	8888
7920	2560
7920	5226
7920	5306
7920	5546
7920	8399
7920	9548
7920	9862
7926	1764
7926	7419
7927	8652
7937	929
7937	1378
7937	3017
7937	5414
7937	6988
7937	7756
7937	7757
7937	8188
7937	8525
7937	8948
7937	9063
7937	9254
7937	9782
7937	9881
7946	4733
7946	5120
7951	3864
7951	3885
7951	7814
7951	9487
7955	3073
7955	5679
7955	5903
7955	6885
7955	9346
7959	7095
7959	7892
7959	8764
7959	9151
7971	5949
7971	6831
7971	9286
7971	9634
7980	4630
7980	6001
7985	137
7985	6475
7985	9654
7988	6242
7988	8236
7988	9264
7988	9335
7988	9393
7988	9476
7988	9901
7988	9906
8004	4914
8004	4956
8004	5898
8004	8370
8004	8818
8013	4825
8013	6638
8013	9877
8013	9884
8023	9201
8044	2538
8044	2668
8044	4481
8044	9923
8057	8748
8057	8793
8057	9399
8057	9611
8068	2933
8068	4763
8068	4831
8068	5514
8068	6827
8068	7008
8068	7494
8068	8526
8068	9286
8068	9813
8068	9932
8072	3011
8072	3825
8072	6731
8072	7473
8072	9971
8083	7752
8083	9086
8083	9617
8095	4975
8095	9081
8095	9260
8095	9940
8102	1200
8102	2241
8102	4328
8102	6260
8102	7621
8102	8797
8108	1808
8108	9452
8108	9892
8113	10
8113	3777
8113	8457
8113	9857
8113	9945
8124	6797
8124	9945
8125	6690
8125	9955
8136	5550
8136	6545
8136	6923
8136	7701
8136	9526
8136	9971
8154	3843
8154	7908
8154	8652
8154	9358
8154	9636
8154	9857
8154	9962
8159	1562
8159	2374
8159	2998
8159	4345
8159	4603
8159	5052
8159	5542
8159	7394
8159	7626
8159	9352
8159	9383
8159	9597
8159	9654
8159	9667
8188	7937
8188	8525
8188	8591
8188	8877
8188	8948
8188	9254
8188	9548
8199	8866
8199	8907
8199	9468
8205	6587
8205	6923
8205	8272
8205	8743
8205	9178
8214	1132
8214	1590
8214	4493
8214	4908
8214	5396
8214	6923
8214	7834
8214	9111
8214	9195
8218	6437
8218	7029
8218	7566
8218	9289
8227	6001
8227	9286
8236	6027
8236	6242
8236	7988
8236	8365
8236	9025
8236	9264
8236	9335
8236	9393
8236	9617
8236	9764
8236	9901
8240	906
8240	2933
8240	4831
8240	5306
8240	6236
8240	7345
8240	9526
8240	9813
8240	9932
8249	6923
8249	7406
8249	8375
8249	8596
8249	8992
8269	5698
8269	7702
8269	9758
8270	41
8270	7750
8270	9111
8270	9244
8270	9923
8272	1872
8272	8205
8272	9669
8272	9791
8291	1412
8291	2642
8291	3829
8291	8919
8291	9824
8291	9831
8298	3449
8298	6508
8298	7702
8298	8491
8298	9082
8298	9511
8298	9695
8298	9761
8298	9843
8301	4574
8301	8526
8301	9522
8301	9795
8309	3020
8309	3837
8309	6784
8309	8553
8309	8915
8309	9114
8309	9792
8311	1678
8311	7286
8311	8457
8311	8782
8311	9170
8311	9289
8311	9722
8311	9866
8319	7857
8319	8883
8319	9209
8319	9324
8319	9756
8319	9880
8322	783
8322	9976
8334	1830
8334	2165
8334	4009
8334	4825
8334	4898
8334	5285
8334	6793
8334	7242
8334	7479
8334	7565
8334	8877
8334	9071
8334	9538
8334	9744
8334	9792
8341	7807
8341	8898
8341	8979
8341	9201
8348	2131
8348	3726
8348	6865
8348	7015
8348	8990
8348	9105
8348	9347
8348	9654
8348	9656
8348	9839
8352	836
8352	3835
8352	5679
8352	6055
8352	8522
8352	9025
8352	9335
8352	9463
8365	6428
8365	7345
8365	8236
8365	8575
8365	9243
8365	9264
8365	9335
8365	9393
8365	9901
8366	3365
8366	4109
8366	5052
8366	8956
8366	9289
8366	9823
8370	3149
8370	4914
8370	4956
8370	8004
8375	6403
8375	7406
8375	8249
8375	8596
8375	8902
8375	8992
8375	9143
8375	9827
8393	803
8393	1164
8393	4398
8393	8491
8393	9086
8393	9283
8393	9617
8398	62
8398	9668
8398	9853
8398	9887
8398	9946
8398	9975
8399	4831
8399	7920
8399	8459
8399	9300
8399	9535
8400	8622
8400	9332
8406	5539
8406	6816
8406	7489
8406	9524
8406	9787
8406	9980
8412	1656
8412	6709
8412	6749
8412	7843
8412	8782
8412	9289
8412	9399
8412	9722
8412	9866
8415	3715
8415	5134
8416	730
8416	2911
8416	6519
8416	8929
8416	9600
8417	5765
8417	7597
8417	9111
8417	9244
8417	9611
8417	9923
8424	5558
8424	6065
8424	8839
8424	9168
8424	9264
8430	7626
8430	9853
8431	839
8432	4890
8432	6277
8432	9113
8432	9667
8432	9839
8432	9999
8433	1651
8433	5178
8433	5542
8433	5574
8433	6066
8433	7123
8433	9228
8433	9435
8436	2437
8436	3728
8436	7622
8436	7849
8436	8932
8436	9477
8442	8449
8442	8617
8442	8786
8442	8795
8442	8931
8442	9181
8442	9463
8442	9468
8449	8442
8449	8617
8449	8786
8449	8795
8449	9618
8457	1344
8457	8113
8457	8311
8457	8652
8457	8875
8457	9173
8457	9341
8457	9940
8459	7394
8459	8399
8459	8898
8459	9272
8459	9284
8459	9667
8468	6827
8468	9341
8468	9970
8486	3662
8486	3997
8486	4265
8486	6516
8486	9839
8486	9868
8486	9886
8491	3449
8491	4975
8491	5816
8491	7702
8491	8298
8491	8393
8491	9082
8491	9511
8491	9695
8491	9761
8499	1764
8499	3045
8499	9284
8501	1678
8501	6129
8501	7419
8501	8907
8512	662
8512	1533
8512	3011
8512	4975
8512	6522
8512	6720
8512	7702
8512	7898
8512	8786
8512	9511
8512	9695
8512	9761
8516	9940
8517	5155
8517	6239
8517	7870
8517	8902
8517	9867
8517	9877
8517	9975
8519	5913
8519	7022
8519	7744
8519	9147
8519	9209
8519	9324
8519	9880
8522	3359
8522	8352
8522	9649
8522	9879
8525	5414
8525	7757
8525	7937
8525	8188
8525	8617
8525	8948
8525	9130
8525	9254
8526	2273
8526	4607
8526	5306
8526	5977
8526	6066
8526	7008
8526	7029
8526	8068
8526	8301
8526	8875
8526	9647
8526	9813
8526	9932
8553	2810
8553	6243
8553	6709
8553	6865
8553	8309
8553	9486
8553	9634
8553	9656
8557	6690
8557	9223
8557	9433
8557	9526
8557	9617
8557	9839
8560	6083
8560	7331
8561	6327
8561	6475
8561	7590
8561	8652
8561	9283
8561	9358
8561	9857
8561	9962
8563	6965
8563	7626
8563	7708
8563	9803
8567	2661
8567	5395
8567	7015
8567	8774
8567	9744
8574	2446
8574	4603
8574	6175
8574	8622
8574	8888
8574	9437
8574	9683
8575	5233
8575	7152
8575	7228
8575	8365
8575	8839
8575	9025
8575	9264
8575	9335
8575	9843
8575	9901
8590	906
8590	5400
8590	8714
8590	8932
8591	6327
8591	7622
8591	8188
8591	9385
8591	9756
8591	9851
8596	1798
8596	7406
8596	8249
8596	8375
8596	8992
8617	773
8617	6581
8617	7152
8617	8442
8617	8449
8617	8525
8617	9286
8617	9456
8617	9618
8622	2051
8622	2161
8622	2818
8622	7909
8622	8400
8622	8574
8622	8888
8622	9102
8622	9284
8622	9545
8622	9683
8622	9758
8622	9976
8627	672
8627	3626
8627	4405
8639	7394
8639	7892
8639	9063
8639	9413
8639	9694
8640	2560
8641	4604
8641	9906
8641	9993
8646	1101
8646	5216
8646	6656
8646	8652
8652	3360
8652	3365
8652	5155
8652	6805
8652	7304
8652	7927
8652	8154
8652	8457
8652	8561
8652	8646
8652	9063
8652	9283
8652	9636
8652	9962
8654	8849
8654	9591
8654	9983
8666	4890
8666	9030
8666	9152
8666	9634
8666	9999
8676	3726
8676	6027
8676	7757
8676	9716
8676	9903
8689	2933
8689	6303
8689	6831
8689	9591
8689	9668
8689	9853
8689	9866
8689	9887
8695	2432
8695	2901
8695	5644
8695	8948
8695	9347
8695	9468
8696	5722
8696	9435
8696	9877
8714	5400
8714	8590
8725	6037
8725	9827
8725	9879
8736	59
8736	4713
8736	6690
8736	7296
8736	9147
8743	6587
8743	7494
8743	7824
8743	8205
8743	9178
8743	9332
8743	9526
8743	9884
8744	2761
8744	9888
8744	9906
8748	288
8748	5155
8748	8057
8752	2761
8752	3777
8752	5328
8752	5474
8752	6238
8752	6917
8752	8907
8752	8915
8754	817
8754	6215
8754	6865
8754	9231
8754	9823
8764	747
8764	1830
8764	2642
8764	3914
8764	4836
8764	7095
8764	7489
8764	7892
8764	7959
8764	9933
8774	6604
8774	7266
8774	8567
8774	8932
8774	9477
8774	9611
8774	9712
8774	9950
8782	46
8782	3878
8782	4112
8782	5155
8782	6749
8782	7286
8782	7843
8782	8311
8782	8412
8782	9170
8782	9289
8782	9681
8782	9722
8782	9813
8782	9866
8786	1486
8786	4788
8786	8442
8786	8449
8786	8512
8786	9181
8786	9260
8786	9468
8793	1200
8793	3878
8793	5023
8793	8057
8793	9611
8795	1808
8795	8442
8795	8449
8795	9181
8795	9468
8795	9618
8795	9933
8796	5261
8796	7286
8796	9617
8796	9884
8797	748
8797	1477
8797	2241
8797	4328
8797	5548
8797	6260
8797	7621
8797	8102
8797	8907
8809	4001
8809	5362
8809	9195
8809	9358
8809	9831
8811	5945
8811	6475
8811	7843
8811	8820
8811	8834
8811	8990
8811	9279
8811	9320
8815	2761
8815	6797
8815	7807
8818	290
8818	3149
8818	4908
8818	6157
8818	7565
8818	7590
8818	8004
8818	9887
8820	2234
8820	5945
8820	6475
8820	8811
8820	8834
8820	8990
8820	9320
8820	9346
8821	6484
8821	8919
8827	1808
8834	2736
8834	4604
8834	5945
8834	6391
8834	8811
8834	8820
8834	8990
8834	9320
8839	8424
8839	8575
8839	9231
8849	2757
8849	3723
8849	4643
8849	6745
8849	7799
8849	7851
8849	8654
8849	9983
8858	6083
8858	7891
8858	9844
8866	3399
8866	8199
8866	9480
8872	8915
8872	9114
8872	9213
8872	9763
8872	9792
8875	3881
8875	5042
8875	8457
8875	8526
8875	9940
8877	2384
8877	4825
8877	6036
8877	6793
8877	8188
8877	8334
8877	9071
8877	9744
8877	9767
8878	3030
8878	5926
8878	6749
8878	9548
8878	9646
8878	9862
8883	9
8883	1670
8883	2328
8883	4265
8883	6083
8883	6917
8883	7022
8883	8319
8883	9209
8883	9756
8883	9983
8888	2161
8888	2446
8888	4603
8888	7909
8888	7914
8888	8574
8888	8622
8888	9030
8888	9086
8888	9102
8888	9437
8888	9683
8888	9758
8888	9787
8888	9881
8892	4575
8892	6797
8892	6988
8898	1562
8898	4345
8898	7394
8898	8341
8898	8459
8898	9272
8898	9654
8898	9667
8898	9810
8902	5155
8902	8375
8902	8517
8902	9867
8902	9975
8907	3777
8907	5474
8907	7807
8907	8199
8907	8501
8907	8752
8907	8797
8907	9875
8915	5515
8915	5793
8915	6168
8915	8309
8915	8752
8915	8872
8915	9114
8915	9763
8915	9792
8915	9950
8919	5632
8919	6065
8919	7487
8919	8291
8919	8821
8919	9945
8929	2741
8929	5021
8929	6083
8929	6519
8929	8416
8929	9279
8929	9545
8929	9600
8931	7709
8931	8442
8931	9857
8932	3728
8932	6391
8932	8436
8932	8590
8932	8774
8932	9477
8932	9950
8938	7569
8938	9503
8938	9655
8943	3708
8943	6827
8943	7566
8943	9445
8943	9803
8943	9946
8943	9975
8948	7937
8948	8188
8948	8525
8948	8695
8948	9254
8948	9445
8948	9853
8956	2538
8956	2761
8956	8366
8957	3885
8957	6563
8965	6608
8965	7867
8965	9152
8965	9281
8966	6797
8966	9476
8966	9511
8966	9688
8966	9692
8966	9700
8979	5550
8979	6977
8979	7708
8979	8341
8990	137
8990	593
8990	2668
8990	2736
8990	4604
8990	5720
8990	6037
8990	6475
8990	7100
8990	8348
8990	8811
8990	8820
8990	8834
8990	9320
8991	3881
8991	6745
8991	7699
8991	9234
8991	9281
8992	7406
8992	8249
8992	8375
8992	8596
8992	9223
8992	9300
8992	9688
8999	6614
8999	7479
8999	7777
9000	6380
9000	6946
9000	9611
9005	3547
9005	6545
9013	9880
9022	6001
9022	9265
9022	9399
9024	6638
9024	7029
9024	7420
9025	994
9025	1150
9025	6242
9025	7152
9025	7611
9025	8236
9025	8352
9025	8575
9025	9264
9025	9335
9025	9901
9026	5141
9030	4345
9030	8666
9030	8888
9044	7752
9044	9733
9051	7331
9051	7811
9051	7824
9051	9688
9051	9692
9051	9700
9052	3176
9052	6200
9052	6788
9052	9063
9052	9935
9063	7937
9063	8639
9063	8652
9063	9052
9063	9130
9063	9935
9071	2384
9071	4733
9071	4825
9071	5285
9071	5560
9071	6036
9071	6793
9071	6946
9071	7278
9071	7466
9071	7565
9071	8334
9071	8877
9071	9227
9071	9294
9071	9700
9071	9744
9081	7394
9081	7566
9081	8095
9081	9260
9082	662
9082	2687
9082	6508
9082	6522
9082	6977
9082	7702
9082	7898
9082	8298
9082	8491
9082	9433
9082	9511
9082	9695
9082	9699
9082	9761
9082	9896
9086	8083
9086	8393
9086	8888
9086	9437
9086	9617
9086	9866
9102	1656
9102	7909
9102	8622
9102	8888
9102	9437
9102	9545
9102	9683
9102	9758
9105	3881
9105	5256
9105	6745
9105	7699
9105	8348
9105	9733
9111	4987
9111	5075
9111	5765
9111	6014
9111	6065
9111	6813
9111	7739
9111	8214
9111	8270
9111	8417
9111	9244
9111	9538
9111	9831
9111	9839
9111	9923
9113	5052
9113	5722
9113	8432
9114	3837
9114	6379
9114	7898
9114	8309
9114	8872
9114	8915
9114	9213
9114	9617
9114	9763
9114	9792
9116	3881
9120	1775
9120	2512
9120	6440
9120	7187
9120	7331
9120	9412
9130	3176
9130	6129
9130	8525
9130	9063
9130	9935
9143	1738
9143	6946
9143	8375
9147	2328
9147	4481
9147	5847
9147	6200
9147	7744
9147	7812
9147	7857
9147	8519
9147	8736
9147	9324
9147	9756
9147	9880
9151	5226
9151	6038
9151	7959
9151	9795
9152	1636
9152	6608
9152	7849
9152	7867
9152	8666
9152	8965
9152	9550
9154	1959
9154	5679
9154	7706
9154	9511
9154	9591
9159	59
9159	1656
9159	5762
9159	7097
9159	9213
9159	9223
9168	2384
9168	3305
9168	3692
9168	6035
9168	8424
9168	9359
9169	3202
9169	6325
9169	9945
9170	1678
9170	5112
9170	6749
9170	7286
9170	7796
9170	7843
9170	8311
9170	8782
9170	9289
9170	9722
9170	9866
9173	3184
9173	5831
9173	8457
9173	9260
9175	3843
9175	7100
9175	7242
9175	9463
9175	9572
9178	933
9178	4890
9178	7494
9178	7605
9178	7701
9178	7824
9178	8205
9178	8743
9178	9526
9181	50
9181	6001
9181	6581
9181	7851
9181	8442
9181	8786
9181	8795
9181	9437
9181	9468
9181	9618
9181	9646
9195	1590
9195	3449
9195	4908
9195	7834
9195	8214
9195	8809
9195	9332
9198	7597
9198	7898
9200	4713
9200	6690
9200	7360
9200	7812
9200	9676
9200	9722
9200	9783
9200	9901
9201	183
9201	2069
9201	2374
9201	2818
9201	3449
9201	5316
9201	6004
9201	6516
9201	8023
9201	8341
9209	1670
9209	2328
9209	7744
9209	7857
9209	8319
9209	8519
9209	8883
9209	9435
9209	9634
9209	9756
9209	9880
9211	1655
9211	3726
9211	6883
9211	9890
9213	3020
9213	4612
9213	5226
9213	8872
9213	9114
9213	9159
9213	9503
9213	9763
9223	5018
9223	5284
9223	6379
9223	7479
9223	8557
9223	8992
9223	9159
9227	6516
9227	9071
9227	9385
9227	9787
9228	5178
9228	5542
9228	7123
9228	8433
9231	2131
9231	8754
9231	8839
9231	9681
9231	9763
9234	1636
9234	8991
9234	9744
9234	9892
9234	9976
9243	8365
9243	9827
9244	6652
9244	6813
9244	8270
9244	8417
9244	9111
9244	9839
9244	9923
9247	7622
9247	9971
9254	2802
9254	5911
9254	7269
9254	7937
9254	8188
9254	8525
9254	8948
9260	2661
9260	3359
9260	4866
9260	7566
9260	8095
9260	8786
9260	9081
9260	9173
9260	9867
9264	6242
9264	7152
9264	7988
9264	8236
9264	8365
9264	8424
9264	8575
9264	9025
9264	9335
9264	9901
9265	6065
9265	9022
9265	9636
9272	2619
9272	7394
9272	8459
9272	8898
9272	9654
9272	9667
9279	215
9279	730
9279	6519
9279	8811
9279	8929
9279	9545
9279	9600
9279	9675
9279	9795
9281	2392
9281	2687
9281	6813
9281	7479
9281	7750
9281	8965
9281	8991
9281	9839
9281	9923
9283	2687
9283	3360
9283	7762
9283	7908
9283	8393
9283	8561
9283	8652
9283	9636
9283	9857
9283	9962
9284	8459
9284	8499
9284	8622
9286	4412
9286	5662
9286	5949
9286	7290
9286	7971
9286	8068
9286	8227
9286	8617
9286	9634
9287	1417
9287	9463
9288	5006
9288	5261
9288	9503
9289	804
9289	2901
9289	3101
9289	3165
9289	3176
9289	6749
9289	7699
9289	8218
9289	8311
9289	8366
9289	8412
9289	8782
9289	9170
9289	9433
9289	9522
9289	9722
9289	9866
9289	9903
9294	1265
9294	7119
9294	9071
9294	9729
9294	9838
9300	7419
9300	8399
9300	8992
9320	593
9320	2736
9320	2969
9320	4604
9320	5945
9320	6475
9320	8811
9320	8820
9320	8834
9320	8990
9322	4643
9322	5121
9322	6865
9322	7211
9322	7303
9322	9831
9324	4068
9324	4837
9324	5558
9324	5605
9324	5913
9324	6083
9324	6360
9324	7306
9324	7744
9324	7857
9324	8319
9324	8519
9324	9147
9324	9509
9324	9756
9324	9880
9332	5155
9332	8400
9332	8743
9332	9195
9333	5052
9333	5400
9333	9712
9335	6827
9335	7152
9335	7988
9335	8236
9335	8352
9335	8365
9335	8575
9335	9025
9335	9264
9335	9393
9335	9503
9341	8457
9341	8468
9341	9945
9346	4040
9346	5720
9346	5815
9346	7750
9346	7955
9346	8820
9347	4882
9347	8348
9347	8695
9347	9476
9347	9535
9347	9862
9347	9890
9352	5548
9352	8159
9358	2249
9358	5761
9358	6327
9358	6805
9358	7891
9358	7908
9358	8154
9358	8561
9358	8809
9358	9636
9358	9720
9358	9857
9358	9962
9359	2467
9359	6035
9359	9168
9383	2653
9383	8159
9385	1532
9385	3626
9385	3881
9385	5515
9385	6568
9385	8591
9385	9227
9385	9597
9386	6831
9386	7345
9393	7152
9393	7744
9393	7988
9393	8236
9393	8365
9393	9335
9393	9522
9393	9880
9393	9901
9399	2478
9399	5371
9399	6827
9399	7739
9399	8057
9399	8412
9399	9022
9399	9445
9399	9803
9399	9946
9412	2512
9412	3083
9412	6068
9412	6440
9412	7187
9412	9120
9412	9683
9412	9838
9413	3825
9413	7228
9413	8639
9413	9694
9413	9879
9413	9886
9418	3165
9418	9823
9433	5018
9433	8557
9433	9082
9433	9289
9433	9880
9435	2043
9435	5550
9435	7269
9435	8433
9435	8696
9435	9209
9435	9487
9435	9705
9437	2446
9437	4603
9437	5261
9437	7909
9437	8574
9437	8888
9437	9086
9437	9102
9437	9181
9437	9609
9437	9683
9437	9758
9445	3708
9445	8943
9445	8948
9445	9399
9445	9675
9445	9803
9445	9824
9445	9946
9446	6321
9446	6977
9446	7037
9446	7762
9452	5560
9452	7799
9452	8108
9452	9962
9456	2756
9456	7394
9456	8617
9456	9877
9463	2384
9463	7331
9463	8352
9463	8442
9463	9175
9463	9287
9463	9700
9463	9884
9468	50
9468	4788
9468	5698
9468	6581
9468	7851
9468	8199
9468	8442
9468	8695
9468	8786
9468	8795
9468	9181
9468	9618
9468	9879
9476	1265
9476	2432
9476	5539
9476	5815
9476	6797
9476	6965
9476	7988
9476	8966
9476	9347
9476	9688
9476	9692
9476	9700
9476	9853
9476	9940
9476	9945
9477	290
9477	3728
9477	3988
9477	4866
9477	5972
9477	6413
9477	6604
9477	6711
9477	6827
9477	7266
9477	7622
9477	7849
9477	8436
9477	8774
9477	8932
9477	9950
9477	9983
9480	4209
9480	6437
9480	8866
9480	9535
9486	1798
9486	5125
9486	5913
9486	6568
9486	6577
9486	8553
9486	9875
9487	962
9487	4607
9487	4866
9487	6277
9487	6380
9487	6720
9487	7814
9487	7951
9487	9435
9487	9526
9490	2710
9490	7329
9490	9783
9501	695
9501	4412
9501	6784
9501	7290
9501	9634
9503	5155
9503	8938
9503	9213
9503	9288
9503	9335
9509	4182
9509	7752
9509	7851
9509	9324
9509	9764
9511	4427
9511	4975
9511	5816
9511	6889
9511	6977
9511	7702
9511	7898
9511	8298
9511	8491
9511	8512
9511	8966
9511	9082
9511	9154
9511	9695
9511	9761
9512	5978
9512	6038
9512	7569
9522	4207
9522	7152
9522	8301
9522	9289
9522	9393
9523	2560
9523	6066
9523	6325
9523	7796
9523	9870
9524	2161
9524	6816
9524	7489
9524	8406
9526	4493
9526	5383
9526	5720
9526	6545
9526	6587
9526	6923
9526	7824
9526	8136
9526	8240
9526	8557
9526	8743
9526	9178
9526	9487
9526	9617
9526	9906
9535	46
9535	2437
9535	7814
9535	8399
9535	9347
9535	9480
9535	9700
9535	9890
9535	9903
9538	2248
9538	4082
9538	8334
9538	9111
9538	9787
9545	5018
9545	6519
9545	8622
9545	8929
9545	9102
9545	9279
9545	9600
9548	3030
9548	4628
9548	5134
9548	5926
9548	6055
9548	7494
9548	7920
9548	8188
9548	8878
9548	9646
9550	9152
9550	9758
9572	934
9572	1022
9572	3843
9572	6652
9572	9175
9572	9999
9584	2416
9584	2560
9584	3715
9584	6168
9584	6477
9584	7037
9584	9839
9591	4890
9591	7255
9591	7706
9591	8654
9591	8689
9591	9154
9594	6988
9594	9795
9597	2736
9597	5515
9597	6239
9597	6391
9597	8159
9597	9385
9600	730
9600	6519
9600	6965
9600	8416
9600	8929
9600	9279
9600	9545
9609	4836
9609	5396
9609	9437
9609	9692
9609	9824
9609	9827
9611	3878
9611	5023
9611	5574
9611	8057
9611	8417
9611	8774
9611	8793
9611	9000
9617	1164
9617	4398
9617	5720
9617	6652
9617	6805
9617	8083
9617	8236
9617	8393
9617	8557
9617	8796
9617	9086
9617	9114
9617	9526
9618	5815
9618	8449
9618	8617
9618	8795
9618	9181
9618	9468
9618	9923
9618	9983
9634	1137
9634	2761
9634	3220
9634	4246
9634	5371
9634	6395
9634	7290
9634	7971
9634	8553
9634	8666
9634	9209
9634	9286
9634	9501
9634	9844
9636	50
9636	3360
9636	3365
9636	7590
9636	7762
9636	7908
9636	8154
9636	8652
9636	9265
9636	9283
9636	9358
9636	9815
9636	9857
9646	2281
9646	3553
9646	5134
9646	8878
9646	9181
9646	9548
9646	9862
9647	3483
9647	3773
9647	8526
9649	215
9649	7750
9649	8522
9649	9761
9651	6805
9654	2998
9654	7394
9654	7985
9654	8159
9654	8348
9654	8898
9654	9272
9654	9667
9655	6538
9655	6638
9655	8938
9656	2810
9656	3726
9656	5596
9656	5945
9656	6709
9656	6865
9656	7672
9656	8348
9656	8553
9656	9843
9656	9993
9665	1808
9665	2969
9665	3511
9665	6395
9665	9853
9667	2957
9667	2998
9667	7394
9667	8159
9667	8432
9667	8459
9667	8898
9667	9272
9667	9654
9668	5233
9668	8398
9668	8689
9668	9853
9668	9887
9669	3977
9669	7752
9669	8272
9669	9675
9669	9791
9669	9838
9675	6055
9675	6545
9675	7605
9675	9279
9675	9445
9675	9669
9676	1651
9676	4552
9676	6885
9676	7029
9676	7238
9676	9200
9681	6836
9681	8782
9681	9231
9683	803
9683	2161
9683	4603
9683	7290
9683	7909
9683	8574
9683	8622
9683	8888
9683	9102
9683	9412
9683	9437
9683	9758
9688	2432
9688	5815
9688	5916
9688	6797
9688	8966
9688	8992
9688	9051
9688	9476
9688	9692
9688	9700
9688	9940
9690	1193
9690	3090
9690	3726
9690	6391
9690	9782
9690	9858
9692	1164
9692	5815
9692	6065
9692	7811
9692	8966
9692	9051
9692	9476
9692	9609
9692	9688
9692	9722
9692	9940
9694	7228
9694	7431
9694	8639
9694	9413
9694	9886
9695	2901
9695	3246
9695	4427
9695	6508
9695	6522
9695	7611
9695	7702
9695	7898
9695	8298
9695	8491
9695	8512
9695	9082
9695	9511
9695	9761
9699	6055
9699	9082
9699	9717
9699	9945
9700	3327
9700	6325
9700	7811
9700	8966
9700	9051
9700	9071
9700	9463
9700	9476
9700	9535
9700	9688
9700	9843
9700	9940
9705	4866
9705	9435
9712	2384
9712	7494
9712	8774
9712	9333
9716	6985
9716	8676
9716	9903
9716	9976
9717	6611
9717	7100
9717	9699
9717	9791
9717	9815
9720	2161
9720	2478
9720	9358
9722	804
9722	1678
9722	2901
9722	4112
9722	6749
9722	7843
9722	8311
9722	8412
9722	8782
9722	9170
9722	9200
9722	9289
9722	9692
9722	9866
9727	6827
9727	7032
9727	9884
9729	2761
9729	7119
9729	7319
9729	9294
9733	2248
9733	2756
9733	5023
9733	9044
9733	9105
9733	9764
9744	2384
9744	4825
9744	5560
9744	5916
9744	6036
9744	6793
9744	7466
9744	7565
9744	8334
9744	8567
9744	8877
9744	9071
9744	9234
9756	1670
9756	5847
9756	7022
9756	8319
9756	8591
9756	8883
9756	9147
9756	9209
9756	9324
9756	9880
9758	2467
9758	4603
9758	5256
9758	7611
9758	7626
9758	7909
9758	8269
9758	8622
9758	8888
9758	9102
9758	9437
9758	9550
9758	9683
9758	9906
9761	1533
9761	3246
9761	5926
9761	6508
9761	6522
9761	6889
9761	6977
9761	7015
9761	7702
9761	7709
9761	8298
9761	8491
9761	8512
9761	9082
9761	9511
9761	9649
9761	9695
9761	9896
9761	9950
9763	307
9763	4109
9763	4612
9763	4707
9763	6168
9763	8872
9763	8915
9763	9114
9763	9213
9763	9231
9763	9792
9764	7263
9764	8236
9764	9509
9764	9733
9767	3885
9767	6839
9767	8877
9767	9980
9782	2476
9782	6200
9782	6797
9782	7937
9782	9690
9783	4009
9783	6037
9783	7278
9783	9200
9783	9490
9783	9843
9787	1101
9787	3829
9787	4082
9787	8406
9787	8888
9787	9227
9787	9538
9791	4575
9791	5637
9791	7752
9791	8272
9791	9669
9791	9717
9792	3723
9792	3837
9792	5226
9792	6379
9792	8309
9792	8334
9792	8872
9792	8915
9792	9114
9792	9763
9792	9839
9795	4575
9795	6827
9795	6988
9795	7119
9795	7303
9795	7565
9795	8301
9795	9151
9795	9279
9795	9594
9795	9993
9803	804
9803	3708
9803	7183
9803	8563
9803	8943
9803	9399
9803	9445
9803	9946
9810	4246
9810	6670
9810	7306
9810	8898
9813	808
9813	2933
9813	4607
9813	4652
9813	4763
9813	5306
9813	6038
9813	6827
9813	6985
9813	7008
9813	8068
9813	8240
9813	8526
9813	8782
9813	9915
9813	9932
9815	1307
9815	7100
9815	7807
9815	9636
9815	9717
9815	9950
9823	396
9823	5021
9823	5251
9823	6839
9823	8366
9823	8754
9823	9418
9823	9851
9824	3359
9824	4713
9824	5934
9824	8291
9824	9445
9824	9609
9827	5394
9827	5949
9827	8375
9827	8725
9827	9243
9827	9609
9827	9970
9831	2710
9831	4001
9831	5362
9831	8291
9831	8809
9831	9111
9831	9322
9838	1265
9838	5574
9838	6327
9838	7119
9838	9294
9838	9412
9838	9669
9838	9903
9839	2392
9839	2687
9839	4987
9839	6014
9839	6813
9839	7187
9839	7699
9839	7739
9839	7750
9839	8348
9839	8432
9839	8486
9839	8557
9839	9111
9839	9244
9839	9281
9839	9584
9839	9792
9839	9923
9843	1863
9843	5911
9843	7699
9843	8298
9843	8575
9843	9656
9843	9700
9843	9783
9844	7494
9844	7834
9844	8858
9844	9634
9851	5251
9851	5560
9851	5978
9851	6839
9851	8591
9851	9823
9853	62
9853	5168
9853	5233
9853	7684
9853	8398
9853	8430
9853	8689
9853	8948
9853	9476
9853	9665
9853	9668
9853	9887
9853	9923
9853	9980
9856	4895
9856	9975
9856	9993
9857	2249
9857	5514
9857	6805
9857	7569
9857	7762
9857	7908
9857	8113
9857	8154
9857	8561
9857	8931
9857	9283
9857	9358
9857	9636
9857	9962
9858	3972
9858	9690
9862	3030
9862	5560
9862	6519
9862	7920
9862	8878
9862	9347
9862	9646
9866	1678
9866	2901
9866	4112
9866	6749
9866	7100
9866	7708
9866	7843
9866	8311
9866	8412
9866	8689
9866	8782
9866	9086
9866	9170
9866	9289
9866	9722
9866	9888
9867	3407
9867	4867
9867	5155
9867	6239
9867	6891
9867	7199
9867	8517
9867	8902
9867	9260
9867	9962
9867	9975
9868	718
9868	3997
9868	5075
9868	5913
9868	8486
9870	4987
9870	5241
9870	7611
9870	9523
9870	9970
9875	5125
9875	6568
9875	6577
9875	8907
9875	9486
9877	156
9877	7617
9877	8013
9877	8517
9877	8696
9877	9456
9879	7466
9879	8522
9879	8725
9879	9413
9879	9468
9879	9923
9880	9
9880	962
9880	2328
9880	3033
9880	3220
9880	4068
9880	5125
9880	5793
9880	5847
9880	5913
9880	6083
9880	6360
9880	7597
9880	7744
9880	8319
9880	8519
9880	9013
9880	9147
9880	9209
9880	9324
9880	9393
9880	9433
9880	9756
9881	808
9881	6126
9881	6360
9881	6609
9881	7242
9881	7306
9881	7937
9881	8888
9883	3972
9883	4589
9884	2387
9884	2810
9884	7032
9884	8013
9884	8743
9884	8796
9884	9463
9884	9727
9886	6325
9886	8486
9886	9413
9886	9694
9887	3399
9887	6831
9887	7329
9887	7684
9887	8398
9887	8689
9887	8818
9887	9668
9887	9853
9888	338
9888	8744
9888	9866
9890	3221
9890	4882
9890	5972
9890	6186
9890	6944
9890	9211
9890	9347
9890	9535
9892	6839
9892	7022
9892	8108
9892	9234
9896	5934
9896	7840
9896	9082
9896	9761
9900	3773
9900	5903
9900	5949
9900	7111
9900	7811
9900	9970
9901	219
9901	688
9901	6242
9901	7152
9901	7988
9901	8236
9901	8365
9901	8575
9901	9025
9901	9200
9901	9264
9901	9393
9903	6027
9903	7814
9903	8676
9903	9289
9903	9535
9903	9716
9903	9838
9906	5073
9906	7807
9906	7988
9906	8641
9906	8744
9906	9526
9906	9758
9915	4630
9915	7233
9915	9813
9923	1724
9923	2392
9923	4987
9923	6652
9923	7739
9923	7750
9923	8044
9923	8270
9923	8417
9923	9111
9923	9244
9923	9281
9923	9618
9923	9839
9923	9853
9923	9879
9932	183
9932	808
9932	1273
9932	2273
9932	3678
9932	4763
9932	5306
9932	5514
9932	6066
9932	6236
9932	6827
9932	6985
9932	7008
9932	7029
9932	7345
9932	8068
9932	8240
9932	8526
9932	9813
9932	9946
9933	4914
9933	6213
9933	6563
9933	8764
9933	8795
9935	3176
9935	6788
9935	7420
9935	9052
9935	9063
9935	9130
9940	994
9940	2177
9940	5815
9940	5916
9940	6797
9940	7811
9940	8095
9940	8457
9940	8516
9940	8875
9940	9476
9940	9688
9940	9692
9940	9700
9944	5546
9944	7097
9944	7605
9944	7891
9944	7892
9945	5632
9945	6065
9945	7487
9945	7581
9945	8113
9945	8124
9945	8919
9945	9169
9945	9341
9945	9476
9945	9699
9946	3708
9946	6242
9946	8398
9946	8943
9946	9399
9946	9445
9946	9803
9946	9932
9950	290
9950	3728
9950	6711
9950	6784
9950	7211
9950	7266
9950	7622
9950	7849
9950	8774
9950	8915
9950	8932
9950	9477
9950	9761
9950	9815
9955	1897
9955	3708
9955	7111
9955	8125
9962	3449
9962	4193
9962	6327
9962	6805
9962	7360
9962	7569
9962	7590
9962	7908
9962	8154
9962	8561
9962	8652
9962	9283
9962	9358
9962	9452
9962	9857
9962	9867
9970	5380
9970	5949
9970	8468
9970	9827
9970	9870
9970	9900
9971	5112
9971	6477
9971	7419
9971	7851
9971	8072
9971	8136
9971	9247
9975	4867
9975	5155
9975	8398
9975	8517
9975	8902
9975	8943
9975	9856
9975	9867
9976	8322
9976	8622
9976	9234
9976	9716
9980	3972
9980	4209
9980	6035
9980	6277
9980	8406
9980	9767
9980	9853
9983	1754
9983	4643
9983	8654
9983	8849
9983	8883
9983	9477
9983	9618
9993	2165
9993	6464
9993	8641
9993	9656
9993	9795
9993	9856
9999	1354
9999	4068
9999	6951
9999	6988
9999	7607
9999	8432
9999	8666
9999	9572
