10	6025
12	5846
12	7856
12	8228
12	8749
12	9971
37	3166
37	5856
37	6557
37	6702
37	6896
37	7990
40	2935
40	9517
40	9699
40	9750
40	9952
43	8753
57	9881
71	4297
71	4866
71	6380
71	7815
76	8302
76	9740
99	4237
99	9183
132	2746
132	5084
142	6619
142	8749
142	9217
142	9390
142	9418
142	9638
142	9971
155	1133
155	5336
155	9182
155	9958
162	2683
162	6702
162	9528
162	9905
201	5179
201	6300
201	9515
251	2420
251	4866
251	9441
300	1826
300	8234
300	8922
305	6670
305	9869
309	6762
328	7508
328	8770
428	2071
428	8199
428	9404
450	9395
450	9418
465	5610
465	8092
465	8939
465	9958
471	6994
504	9506
504	9777
515	8415
515	9881
559	7713
573	7581
573	9698
576	650
576	8458
576	9251
588	1957
588	3862
588	4263
588	4926
588	6835
588	9273
588	9629
610	8161
631	6670
631	9852
638	9318
638	9466
638	9956
650	576
650	5156
650	8128
650	9348
650	9517
650	9750
650	9952
659	7931
659	9114
671	2775
710	8526
710	8609
715	2227
715	2640
715	2746
715	5816
715	9695
715	9761
715	9991
741	2505
741	6685
741	7233
741	7316
741	8037
741	8055
741	9947
744	9114
744	9418
751	6720
764	7931
764	9632
795	8447
795	9204
800	5900
800	9266
802	9733
828	3556
828	5969
828	8733
832	4350
832	8477
832	9760
834	4926
838	3524
841	7033
851	5446
858	7433
858	9506
878	3588
878	8766
878	9947
895	7033
895	8770
898	6122
925	9539
950	8671
950	8686
950	9993
995	5704
995	7992
995	8149
995	8161
1022	6122
1022	9508
1022	9572
1025	5751
1025	9730
1055	5856
1055	9905
1088	4533
1088	7630
1088	9972
1094	3849
1094	4153
1094	8222
1094	8909
1123	1413
1123	7657
1123	8422
1133	155
1138	6510
1192	2526
1192	5183
1192	9068
1222	2382
1222	5586
1222	7506
1222	7630
1222	7910
1222	9629
1222	9647
1229	8415
1241	8440
1241	8473
1241	9417
1263	8515
1263	8953
1297	7139
1297	7201
1337	8017
1337	9504
1337	9514
1337	9730
1337	9733
1346	3753
1346	9313
1375	7735
1375	9079
1375	9699
1375	9952
1389	3715
1392	1442
1392	5911
1392	7599
1405	2907
1405	4595
1405	5547
1405	7180
1405	8092
1405	8686
1405	9539
1413	1123
1413	7535
1425	2395
1436	5138
1436	8336
1442	1392
1442	3491
1442	6280
1442	9330
1442	9717
1447	7188
1447	9819
1493	5697
1533	4466
1533	8512
1533	9761
1537	7033
1550	2503
1556	1572
1556	2935
1556	4016
1556	5235
1556	7335
1556	8243
1556	9337
1559	2078
1559	4641
1559	5586
1559	9434
1561	9624
1572	1556
1572	3674
1572	8311
1572	9517
1572	9699
1572	9750
1572	9952
1575	9434
1575	9624
1622	2186
1622	2370
1622	6047
1622	6616
1622	7053
1622	8092
1622	9313
1622	9594
1632	4640
1632	5213
1632	5720
1632	5900
1632	6838
1632	7810
1632	7847
1632	8296
1662	9756
1662	9880
1728	4567
1728	6929
1728	7063
1728	7335
1728	7599
1728	9166
1728	9511
1735	8246
1747	9654
1757	7506
1757	7630
1776	9428
1786	2370
1786	3305
1786	6380
1809	9316
1809	9418
1826	300
1826	8458
1904	2527
1904	3835
1904	4648
1904	5172
1904	5947
1904	7372
1904	8481
1904	8680
1905	6510
1905	7674
1905	9649
1916	9175
1927	4595
1927	9597
1943	6380
1943	7884
1957	588
1957	8222
1957	8246
1985	4641
1985	6557
1985	8983
1985	9372
1985	9970
2033	2503
2033	8753
2037	8786
2037	9061
2070	6889
2070	9595
2070	9783
2071	428
2071	6173
2071	7227
2071	7749
2071	9005
2071	9050
2071	9237
2071	9404
2078	1559
2078	3748
2078	9434
2078	9616
2087	4422
2087	6276
2087	6896
2087	9905
2088	4554
2088	9564
2088	9643
2186	1622
2186	3329
2186	5552
2186	6746
2186	9131
2186	9313
2186	9795
2213	8804
2227	715
2227	9695
2227	9761
2228	8520
2236	2910
2236	8753
2241	5282
2241	7884
2241	8698
2262	9313
2262	9594
2272	9517
2272	9699
2272	9750
2272	9952
2282	5213
2282	7810
2333	3849
2333	7899
2341	8848
2341	9061
2341	9602
2341	9995
2364	3862
2364	9269
2370	1622
2370	1786
2370	6747
2370	7535
2370	8715
2370	9095
2370	9798
2370	9893
2381	4736
2381	9515
2382	1222
2382	3822
2395	1425
2395	4622
2395	6702
2395	8788
2395	9905
2419	8210
2419	8234
2419	8758
2420	251
2420	6585
2420	6720
2420	7599
2420	7714
2428	4827
2428	9375
2428	9627
2436	4805
2449	8569
2449	9421
2451	3004
2451	8161
2471	3446
2471	6916
2471	8885
2471	9173
2471	9539
2503	1550
2503	2033
2503	4129
2503	5541
2503	9595
2505	741
2505	8953
2510	5183
2510	6881
2510	7402
2510	9830
2514	3491
2514	6240
2514	6994
2518	6607
2518	8609
2518	9629
2526	1192
2527	1904
2534	2775
2534	7390
2534	8156
2534	8931
2534	9320
2534	9530
2534	9958
2552	8514
2552	9819
2552	9841
2617	8149
2617	8161
2618	8639
2618	8885
2618	9250
2618	9374
2618	9822
2618	9958
2640	715
2640	9316
2644	4177
2644	5704
2644	6300
2644	8161
2644	8190
2649	7390
2649	9530
2649	9552
2682	9750
2683	162
2683	3282
2683	9313
2693	6996
2693	7578
2693	9677
2693	9761
2715	5564
2715	9952
2739	5690
2739	5938
2739	8149
2739	9542
2743	5610
2743	9182
2743	9374
2743	9539
2744	4068
2744	8512
2744	9761
2746	132
2746	715
2746	7077
2746	7082
2746	9248
2746	9678
2746	9697
2746	9919
2763	2813
2763	3468
2763	9565
2763	9571
2775	671
2775	2534
2775	2921
2775	3355
2775	5446
2775	6544
2775	7755
2775	9576
2775	9775
2813	2763
2813	3004
2813	6291
2813	6738
2813	8869
2813	9571
2813	9841
2827	8770
2851	4237
2851	4440
2851	8149
2868	8234
2907	1405
2907	9182
2907	9374
2907	9421
2910	2236
2910	8415
2910	8787
2910	9503
2921	2775
2921	9114
2934	4456
2934	8316
2934	9629
2935	40
2935	1556
2935	7859
2935	9337
2935	9953
2942	9595
2942	9953
2945	4595
2945	6286
2945	9953
2952	6920
2952	8520
2952	9803
2981	8081
2981	8679
2997	6995
2997	9798
3004	2451
3004	2813
3004	8149
3011	3825
3011	5985
3011	8512
3025	6762
3025	9623
3072	4017
3072	5589
3072	5610
3072	8761
3072	9539
3072	9958
3082	8457
3082	9333
3085	3329
3085	3753
3111	6858
3111	7236
3111	8974
3111	9292
3111	9374
3111	9421
3111	9539
3111	9657
3136	7433
3138	8293
3138	8341
3138	9869
3152	5457
3152	6842
3152	7024
3152	7443
3152	7671
3152	8273
3152	9513
3153	8156
3153	9803
3159	4016
3159	5889
3159	9647
3166	37
3166	7754
3166	9467
3166	9698
3233	6510
3233	9024
3233	9629
3243	9881
3259	4502
3259	9333
3259	9654
3264	5793
3272	9595
3280	4477
3280	8419
3280	8460
3280	9514
3280	9733
3282	2683
3282	5213
3282	8273
3282	9131
3282	9594
3282	9795
3299	7599
3299	9947
3305	1786
3305	8440
3305	9869
3329	2186
3329	3085
3329	5437
3329	6380
3329	6528
3329	9173
3329	9819
3329	9841
3355	2775
3355	6616
3355	7755
3355	9422
3364	7033
3364	9783
3374	4805
3391	6880
3391	7645
3391	8515
3391	9076
3391	9912
3402	5446
3402	9798
3446	2471
3446	4678
3446	8885
3446	9374
3446	9539
3463	5555
3463	9654
3468	2763
3468	8869
3468	9571
3491	1442
3491	2514
3491	4501
3491	4550
3491	7438
3491	8313
3491	9778
3524	838
3524	8959
3524	9843
3524	9995
3556	828
3556	9698
3565	4456
3565	6412
3565	8316
3584	5586
3584	5668
3584	7599
3588	878
3588	4808
3588	5958
3588	8374
3588	9333
3613	3896
3613	9920
3674	1572
3674	6122
3674	7436
3674	9175
3680	8885
3680	9330
3680	9421
3680	9539
3680	9958
3715	1389
3715	3995
3715	4068
3715	4275
3715	5082
3715	5373
3715	8200
3715	8415
3728	7622
3728	9477
3748	2078
3748	9195
3748	9434
3749	4494
3749	7975
3753	1346
3753	3085
3753	4502
3753	4991
3753	7158
3753	9477
3798	4494
3798	7714
3810	4494
3810	6025
3818	7053
3818	9511
3822	2382
3822	9307
3822	9539
3822	9931
3825	3011
3835	1904
3835	8228
3849	1094
3849	2333
3849	7899
3849	8503
3849	9542
3849	9597
3862	588
3862	2364
3874	8679
3874	9390
3886	5969
3886	7335
3889	6132
3894	5586
3894	8745
3896	3613
3896	5865
3896	7358
3896	8838
3896	9155
3896	9517
3896	9699
3896	9750
3896	9952
3896	9970
3914	6325
3914	7892
3917	4427
3917	6132
3917	9695
3917	9761
3917	9779
3995	3715
4016	1556
4016	3159
4016	9901
4017	3072
4017	7236
4017	9322
4017	9421
4017	9539
4017	9958
4020	5173
4020	5416
4037	8316
4037	9740
4051	9441
4051	9595
4058	6528
4063	5699
4063	6557
4063	6843
4063	8520
4068	2744
4068	3715
4068	6025
4068	6083
4068	7496
4068	7857
4068	8336
4068	9324
4068	9880
4068	9999
4073	7714
4083	5594
4083	5751
4083	8939
4083	9931
4088	6954
4088	7804
4088	9299
4088	9467
4088	9750
4088	9801
4111	9339
4111	9573
4118	8246
4118	9316
4126	4261
4126	6047
4126	6380
4126	6810
4126	6979
4126	8502
4126	9090
4126	9619
4126	9775
4129	2503
4153	1094
4153	9324
4154	8161
4154	9203
4154	9822
4177	2644
4177	8557
4177	9991
4183	4858
4183	6819
4183	7317
4183	9514
4184	4237
4184	9732
4188	4808
4188	8698
4236	9698
4237	99
4237	2851
4237	4184
4237	5207
4237	6300
4237	8420
4237	9515
4237	9542
4237	9919
4261	4126
4263	588
4263	6929
4263	8246
4263	9166
4263	9444
4264	7630
4264	8816
4264	9559
4264	9647
4270	8900
4270	9250
4270	9629
4270	9959
4275	3715
4275	6662
4275	8703
4297	71
4297	4555
4297	6380
4297	9460
4302	5751
4350	832
4350	4466
4350	4728
4350	4827
4350	6816
4350	7674
4350	8311
4350	8703
4350	9375
4350	9524
4379	5446
4379	7755
4379	8209
4379	9775
4383	5661
4383	9858
4401	8209
4401	9147
4401	9302
4401	9856
4410	8440
4410	9007
4410	9667
4410	9869
4422	2087
4422	8679
4422	9131
4422	9912
4427	3917
4427	7898
4427	9511
4427	9564
4427	9695
4427	9852
4438	9302
4438	9856
4440	2851
4440	5179
4440	5690
4440	7638
4440	8161
4440	9542
4441	8804
4456	2934
4456	3565
4456	5981
4456	8296
4456	8316
4464	8564
4464	9235
4464	9881
4464	9953
4466	1533
4466	4350
4466	8307
4466	9313
4466	9422
4466	9795
4477	3280
4477	7496
4477	8313
4477	9092
4477	9248
4477	9514
4477	9733
4494	3749
4494	3798
4494	3810
4494	5445
4494	5780
4494	7418
4494	7975
4494	8804
4501	3491
4501	4758
4501	6187
4501	8296
4501	9000
4502	3259
4502	3753
4502	6791
4502	7270
4502	8164
4502	9799
4533	1088
4533	8900
4535	6899
4535	8794
4535	9698
4550	3491
4550	9624
4550	9778
4554	2088
4554	6075
4554	9517
4555	4297
4555	6585
4555	6647
4555	6720
4555	6842
4558	8679
4567	1728
4567	4736
4588	6720
4588	8823
4595	1405
4595	1927
4595	2945
4595	4941
4595	6286
4595	6391
4595	7384
4595	8799
4595	8848
4595	9093
4595	9953
4603	9819
4616	8786
4616	9506
4616	9707
4616	9777
4622	2395
4622	8564
4622	9830
4640	1632
4640	7892
4640	9542
4641	1559
4641	1985
4641	8633
4641	9372
4648	1904
4648	9714
4678	3446
4690	8512
4690	9082
4690	9183
4690	9511
4690	9695
4728	4350
4736	2381
4736	4567
4736	4833
4736	6995
4736	8149
4736	8651
4736	9542
4742	7180
4742	8770
4758	4501
4779	7534
4779	9044
4779	9092
4779	9486
4779	9956
4805	2436
4805	3374
4805	4911
4805	8336
4805	9324
4805	9756
4808	3588
4808	4188
4808	6607
4808	8030
4808	9092
4827	2428
4827	4350
4827	5976
4827	9564
4833	4736
4833	8848
4833	8950
4856	8281
4856	9173
4856	9819
4856	9841
4858	4183
4858	9417
4866	71
4866	251
4866	6380
4866	9477
4866	9487
4866	9958
4911	4805
4911	9398
4911	9756
4911	9881
4925	5446
4925	7589
4926	588
4926	834
4926	7352
4926	7984
4926	8760
4926	9693
4941	4595
4941	8026
4941	8293
4991	3753
4991	7485
4991	9348
5002	8293
5002	9092
5002	9251
5002	9626
5036	8336
5036	9147
5036	9880
5039	9460
5052	5751
5052	5911
5052	9333
5082	3715
5084	132
5084	8415
5084	9959
5114	8153
5114	9068
5114	9506
5132	9417
5132	9707
5132	9959
5134	8415
5134	9905
5138	1436
5138	5751
5138	9678
5156	650
5156	9339
5156	9623
5170	6528
5172	1904
5172	8866
5172	9306
5173	4020
5173	8389
5173	8728
5173	9959
5179	201
5179	4440
5179	5690
5179	9542
5183	1192
5183	2510
5183	7302
5183	8153
5183	8312
5183	8458
5183	9068
5184	7496
5184	8092
5184	9068
5184	9374
5184	9421
5184	9717
5184	9958
5199	6045
5199	7201
5199	9528
5199	9560
5199	9564
5199	9848
5199	9942
5207	4237
5208	6662
5208	7033
5208	7506
5208	9044
5208	9783
5213	1632
5213	2282
5213	3282
5213	5878
5213	7810
5213	8419
5235	1556
5235	5627
5235	9102
5241	5793
5241	8421
5241	9623
5259	9092
5282	2241
5282	6819
5282	7317
5282	8686
5306	8526
5306	9131
5306	9813
5329	7291
5329	9819
5336	155
5336	6325
5336	7031
5336	7433
5336	7749
5336	9374
5336	9421
5336	9534
5336	9539
5336	9958
5340	5958
5360	6899
5360	9698
5365	9273
5365	9320
5365	9856
5368	9320
5370	6979
5370	8415
5373	3715
5373	6226
5373	9122
5373	9743
5378	6380
5411	8868
5411	9140
5411	9248
5411	9455
5411	9654
5416	4020
5416	7043
5416	7509
5416	7645
5416	8959
5416	9367
5416	9743
5416	9748
5416	9869
5423	8569
5423	9517
5423	9775
5437	3329
5437	8728
5445	4494
5446	851
5446	2775
5446	3402
5446	4379
5446	4925
5446	9422
5457	3152
5457	8296
5457	8733
5466	8164
5470	8302
5470	8415
5470	9418
5498	7505
5528	7992
5528	9064
5528	9623
5528	9698
5541	2503
5541	9858
5544	8733
5547	1405
5549	8234
5549	8687
5552	2186
5552	7418
5552	7599
5555	3463
5555	9296
5555	9542
5564	2715
5564	5586
5573	9947
5586	1222
5586	1559
5586	3584
5586	3894
5586	5564
5586	7468
5586	8745
5589	3072
5589	5610
5589	7657
5589	8092
5589	8885
5589	9560
5589	9803
5589	9958
5594	4083
5594	9993
5610	465
5610	2743
5610	3072
5610	5589
5610	9539
5610	9958
5627	5235
5635	5699
5635	6762
5635	9803
5652	6838
5652	9292
5661	4383
5661	5684
5661	7496
5661	8768
5661	9047
5668	3584
5668	5981
5668	8316
5670	8200
5670	8415
5670	9195
5671	9707
5671	9777
5684	5661
5686	8222
5686	9517
5686	9912
5690	2739
5690	4440
5690	5179
5690	7036
5690	8149
5690	8161
5690	8983
5690	9542
5697	1493
5697	9647
5699	4063
5699	5635
5699	5911
5699	7638
5699	9602
5699	9843
5704	995
5704	2644
5704	9542
5720	1632
5720	8990
5720	9581
5751	1025
5751	4083
5751	4302
5751	5052
5751	5138
5751	7149
5751	8017
5751	8464
5751	9732
5751	9794
5751	9957
5780	4494
5780	8868
5793	3264
5793	5241
5793	6187
5793	7992
5793	8915
5793	9339
5793	9880
5816	715
5816	6889
5816	9511
5824	7433
5824	9398
5824	9778
5846	12
5846	9506
5856	37
5856	1055
5856	6276
5856	6702
5856	9905
5865	3896
5878	5213
5878	7505
5878	9302
5889	3159
5900	800
5900	1632
5900	8703
5900	9783
5911	1392
5911	5052
5911	5699
5911	8733
5911	9061
5911	9843
5916	8753
5938	2739
5945	8820
5945	9320
5947	1904
5947	9251
5947	9886
5953	6380
5953	6720
5953	7759
5953	9487
5953	9779
5958	3588
5958	5340
5958	7506
5958	9131
5958	9292
5969	828
5969	3886
5969	6762
5969	6994
5969	7381
5969	7409
5969	8905
5976	4827
5976	9428
5976	9901
5981	4456
5981	5668
5981	6122
5981	7652
5981	9707
5984	9517
5985	3011
5985	6929
5985	7289
6025	10
6025	3810
6025	4068
6025	8402
6025	8457
6045	5199
6045	9560
6045	9942
6047	1622
6047	4126
6047	8153
6047	9594
6047	9795
6065	7581
6065	7714
6075	4554
6075	7053
6075	9559
6082	7036
6083	4068
6083	9324
6083	9880
6103	9506
6106	9858
6110	9122
6110	9647
6122	898
6122	1022
6122	3674
6122	5981
6122	7571
6122	8655
6122	9061
6122	9508
6122	9572
6122	9616
6122	9623
6128	8156
6128	9372
6128	9779
6132	3889
6132	3917
6132	6889
6132	8512
6132	9024
6132	9082
6132	9237
6132	9511
6132	9695
6132	9761
6150	6609
6150	6714
6150	7043
6150	9235
6150	9881
6173	2071
6173	7534
6187	4501
6187	5793
6187	7082
6187	8503
6187	9248
6187	9573
6187	9919
6187	9972
6226	5373
6226	7722
6226	8055
6226	8200
6226	8768
6226	9513
6228	8633
6240	2514
6240	6762
6240	6994
6240	7381
6247	7033
6247	8209
6247	9699
6276	2087
6276	5856
6276	9235
6276	9905
6280	1442
6286	2945
6286	4595
6286	7409
6291	2813
6291	9571
6300	201
6300	2644
6300	4237
6300	9515
6305	8458
6323	8161
6325	3914
6325	5336
6325	9700
6325	9886
6334	7571
6334	9595
6351	6838
6351	7433
6351	7810
6351	9581
6380	71
6380	1786
6380	1943
6380	3329
6380	4126
6380	4297
6380	4866
6380	5378
6380	5953
6380	6720
6380	7199
6380	7842
6380	9000
6380	9337
6380	9487
6391	4595
6391	8307
6391	9597
6391	9953
6410	7496
6412	3565
6412	6588
6412	6842
6412	7190
6412	9398
6426	7652
6426	9595
6431	6528
6452	7856
6452	9632
6462	8443
6501	8575
6501	9539
6510	1138
6510	1905
6510	3233
6510	6820
6510	7438
6510	8930
6510	9810
6510	9910
6510	9963
6528	3329
6528	4058
6528	5170
6528	6431
6528	6747
6528	7779
6528	8315
6528	8514
6528	9173
6528	9841
6534	9798
6544	2775
6544	7838
6544	8281
6544	9270
6544	9422
6545	7031
6545	9005
6557	37
6557	1985
6557	4063
6585	2420
6585	4555
6585	9487
6585	9771
6588	6412
6588	8161
6588	9743
6588	9970
6593	7468
6593	7635
6593	7680
6593	7804
6593	9250
6593	9299
6593	9539
6599	7053
6607	2518
6607	4808
6609	6150
6609	7346
6609	9743
6609	9881
6616	1622
6616	3355
6616	7838
6616	9134
6616	9422
6616	9477
6616	9559
6616	9775
6619	142
6619	8749
6619	9799
6621	7508
6621	7542
6621	9417
6647	4555
6647	7199
6647	7346
6647	7856
6647	8758
6647	9203
6647	9947
6662	4275
6662	5208
6662	7033
6662	9783
6670	305
6670	631
6670	8161
6670	8895
6670	9810
6670	9852
6685	741
6685	7374
6685	8758
6685	8953
6685	9515
6685	9947
6690	8557
6690	8745
6702	37
6702	162
6702	2395
6702	5856
6702	6896
6702	7496
6702	7713
6702	9547
6702	9595
6714	6150
6714	7505
6717	8447
6717	8848
6720	751
6720	2420
6720	4555
6720	4588
6720	5953
6720	6380
6720	8512
6720	8730
6720	9487
6738	2813
6738	8210
6746	2186
6746	9515
6746	9861
6747	2370
6747	6528
6747	8715
6747	9095
6747	9893
6762	309
6762	3025
6762	5635
6762	5969
6762	6240
6762	6777
6762	6994
6762	7120
6762	7381
6762	7409
6762	8905
6762	8964
6762	9370
6777	6762
6777	8905
6777	9836
6791	4502
6791	7270
6791	8164
6791	9799
6791	9841
6794	9418
6810	4126
6810	9090
6810	9958
6816	4350
6816	8874
6816	9524
6819	4183
6819	5282
6819	9333
6819	9441
6820	6510
6820	8930
6820	9856
6820	9910
6835	588
6835	9166
6838	1632
6838	5652
6838	6351
6838	7149
6838	8885
6838	9223
6842	3152
6842	4555
6842	6412
6842	7671
6842	9972
6843	4063
6843	7031
6843	7257
6843	9886
6858	3111
6858	7674
6858	9050
6858	9649
6880	3391
6880	8415
6880	9076
6881	2510
6881	8922
6881	9250
6881	9547
6887	8458
6887	9534
6889	2070
6889	5816
6889	6132
6889	7317
6889	7898
6889	8107
6889	9511
6889	9761
6896	37
6896	2087
6896	6702
6896	9508
6896	9905
6897	7645
6897	8655
6897	9175
6897	9508
6897	9572
6899	4535
6899	5360
6899	7372
6899	8081
6899	8228
6916	2471
6916	8885
6916	9182
6916	9374
6916	9421
6916	9539
6916	9958
6920	2952
6920	8758
6920	8953
6920	9203
6920	9374
6920	9947
6929	1728
6929	4263
6929	5985
6929	8209
6929	9564
6948	7036
6948	8156
6954	4088
6954	8671
6954	8939
6954	9698
6978	9428
6978	9953
6979	4126
6979	5370
6979	8243
6979	8370
6979	9090
6994	471
6994	2514
6994	5969
6994	6240
6994	6762
6994	8164
6994	8905
6994	9395
6995	2997
6995	4736
6995	9798
6996	2693
6996	7357
6996	8922
6996	9330
6996	9717
7024	3152
7024	7671
7024	9375
7024	9972
7029	8526
7029	9024
7031	5336
7031	6545
7031	6843
7031	9248
7031	9848
7033	841
7033	895
7033	1537
7033	3364
7033	5208
7033	6247
7033	6662
7033	9415
7033	9783
7036	5690
7036	6082
7036	6948
7036	7053
7036	8866
7036	9092
7043	5416
7043	6150
7043	7509
7043	9422
7043	9748
7053	1622
7053	3818
7053	6075
7053	6599
7053	7036
7053	8605
7053	8918
7053	9595
7053	9987
7063	1728
7077	2746
7082	2746
7082	6187
7082	9466
7082	9597
7082	9678
7082	9919
7120	6762
7124	7402
7124	7505
7124	9302
7124	9856
7128	8698
7128	9506
7128	9707
7128	9777
7139	1297
7139	9064
7139	9517
7148	7496
7148	7657
7148	9092
7148	9302
7148	9514
7148	9956
7149	5751
7149	6838
7149	9314
7158	3753
7158	9395
7162	9595
7171	8605
7171	8922
7171	9330
7171	9466
7171	9717
7174	9760
7179	8316
7179	9623
7179	9912
7180	1405
7180	4742
7180	8374
7180	9372
7180	9573
7185	8284
7185	9428
7185	9810
7188	1447
7188	8514
7188	9698
7188	9819
7188	9841
7190	6412
7190	7506
7196	7859
7196	7881
7196	8770
7199	6380
7199	6647
7199	7257
7201	1297
7201	5199
7201	7630
7201	7838
7201	9269
7217	7335
7217	8161
7218	7779
7218	8336
7218	8716
7218	9504
7218	9576
7227	2071
7227	9404
7233	741
7233	9912
7236	3111
7236	4017
7236	8885
7236	9182
7236	9374
7236	9539
7236	9958
7238	8715
7238	9517
7238	9972
7254	7302
7254	8473
7254	9699
7254	9854
7257	6843
7257	7199
7257	9421
7257	9798
7270	4502
7270	6791
7270	9007
7270	9799
7286	8311
7286	8703
7286	9170
7289	5985
7289	8804
7289	9374
7289	9947
7291	5329
7291	9095
7291	9173
7291	9748
7291	9819
7291	9841
7302	5183
7302	7254
7302	7496
7302	9854
7316	741
7316	8228
7316	9158
7316	9296
7317	4183
7317	5282
7317	6889
7334	8990
7334	9320
7335	1556
7335	1728
7335	3886
7335	7217
7335	9261
7335	9624
7335	9778
7335	9972
7346	6609
7346	6647
7346	7856
7346	8758
7346	8953
7346	9760
7346	9947
7352	4926
7352	8950
7352	9858
7357	6996
7357	8922
7357	9330
7357	9717
7357	9931
7358	3896
7358	9333
7366	7485
7366	8447
7366	8848
7366	9956
7372	1904
7372	6899
7372	7583
7372	8092
7372	8804
7372	9306
7372	9493
7372	9698
7372	9733
7374	6685
7374	7638
7374	9697
7381	5969
7381	6240
7381	6762
7381	8905
7381	9534
7384	4595
7384	8164
7384	9061
7390	2534
7390	2649
7390	8931
7390	9530
7390	9597
7402	2510
7402	7124
7402	7582
7402	8006
7402	9597
7402	9822
7402	9856
7409	5969
7409	6286
7409	6762
7409	8905
7418	4494
7418	5552
7433	858
7433	3136
7433	5336
7433	5824
7433	6351
7433	7884
7433	8745
7433	9444
7436	3674
7436	8311
7438	3491
7438	6510
7438	7857
7438	9624
7438	9778
7443	3152
7443	7671
7443	9079
7443	9972
7468	5586
7468	6593
7468	8745
7485	4991
7485	7366
7485	8447
7485	9204
7485	9667
7496	4068
7496	4477
7496	5184
7496	5661
7496	6410
7496	6702
7496	7148
7496	7302
7496	9044
7496	9092
7496	9514
7496	9956
7505	5498
7505	5878
7505	6714
7505	7124
7505	8302
7505	9302
7505	9856
7506	1222
7506	1757
7506	5208
7506	5958
7506	7190
7506	7630
7506	9418
7506	9632
7506	9647
7506	9858
7508	328
7508	6621
7508	9733
7509	5416
7509	7043
7509	8420
7509	8959
7509	9748
7534	4779
7534	6173
7534	7992
7534	9080
7535	1413
7535	2370
7535	9296
7542	6621
7542	8609
7542	9602
7571	6122
7571	6334
7571	9306
7578	2693
7578	9677
7581	573
7581	6065
7582	7402
7582	8760
7582	9856
7583	7372
7583	8481
7583	9432
7583	9698
7589	4925
7589	9699
7599	1392
7599	1728
7599	2420
7599	3299
7599	3584
7599	5552
7622	3728
7622	9422
7622	9477
7622	9528
7622	9559
7630	1088
7630	1222
7630	1757
7630	4264
7630	7201
7630	7506
7630	9647
7635	6593
7635	9714
7635	9858
7638	4440
7638	5699
7638	7374
7638	8872
7638	9539
7645	3391
7645	5416
7645	6897
7645	8302
7652	5981
7652	6426
7652	8687
7652	9595
7657	1123
7657	5589
7657	7148
7657	8017
7657	9044
7657	9092
7657	9514
7657	9733
7661	9760
7661	9801
7671	3152
7671	6842
7671	7024
7671	7443
7671	9886
7674	1905
7674	4350
7674	6858
7674	9050
7674	9467
7674	9649
7677	8931
7677	9140
7677	9654
7680	6593
7680	7804
7680	9467
7695	9079
7695	9155
7695	9517
7695	9699
7695	9750
7695	9952
7696	8055
7696	8415
7696	8768
7696	9047
7696	9539
7713	559
7713	6702
7714	2420
7714	3798
7714	4073
7714	6065
7714	8766
7714	8862
7714	9218
7722	6226
7722	8055
7722	8415
7722	9047
7735	1375
7735	9306
7735	9901
7749	2071
7749	5336
7749	7990
7754	3166
7754	8228
7754	9632
7755	2775
7755	3355
7755	4379
7755	9422
7755	9775
7758	8374
7759	5953
7759	9418
7779	6528
7779	7218
7779	8092
7779	8686
7779	8716
7779	9504
7779	9576
7804	4088
7804	6593
7804	7680
7810	1632
7810	2282
7810	5213
7810	6351
7810	7872
7815	71
7822	8974
7822	9421
7838	6544
7838	6616
7838	7201
7838	9775
7842	6380
7842	9594
7847	1632
7847	9428
7856	12
7856	6452
7856	6647
7856	7346
7856	9203
7856	9947
7857	4068
7857	7438
7857	8006
7857	8974
7857	9147
7857	9324
7857	9455
7859	2935
7859	7196
7859	7881
7872	7810
7872	8312
7872	8605
7881	7196
7881	7859
7881	8770
7881	8799
7884	1943
7884	2241
7884	7433
7892	3914
7892	4640
7892	8639
7898	4427
7898	6889
7898	8512
7898	9082
7898	9114
7898	9511
7898	9695
7899	2333
7899	3849
7899	8502
7899	9390
7910	1222
7910	9158
7910	9848
7931	659
7931	764
7931	9068
7931	9629
7931	9799
7932	8200
7932	8315
7932	8415
7932	8619
7932	8768
7975	3749
7975	4494
7975	8869
7975	9158
7984	4926
7984	9203
7984	9467
7990	37
7990	7749
7990	8281
7990	8984
7990	9005
7992	995
7992	5528
7992	5793
7992	7534
7992	8421
7992	9339
7994	9819
7994	9856
8006	7402
8006	7857
8017	1337
8017	5751
8017	7657
8017	8422
8017	8442
8017	9044
8017	9080
8017	9092
8017	9428
8017	9514
8017	9647
8017	9956
8019	8458
8019	8575
8026	4941
8026	8758
8026	9678
8026	9869
8030	4808
8030	9217
8037	741
8037	8341
8037	9693
8055	741
8055	6226
8055	7696
8055	7722
8055	9524
8081	2981
8081	6899
8081	8679
8092	465
8092	1405
8092	1622
8092	5184
8092	5589
8092	7372
8092	7779
8092	8885
8092	9316
8092	9337
8092	9374
8092	9421
8092	9539
8092	9912
8092	9958
8107	6889
8107	8156
8128	650
8128	8419
8128	8639
8128	9524
8128	9547
8128	9963
8149	995
8149	2617
8149	2739
8149	2851
8149	3004
8149	4736
8149	5690
8149	9367
8149	9460
8149	9542
8149	9869
8149	9947
8153	5114
8153	5183
8153	6047
8153	9068
8153	9506
8156	2534
8156	3153
8156	6128
8156	6948
8156	8107
8156	9861
8161	610
8161	995
8161	2451
8161	2617
8161	2644
8161	4154
8161	4440
8161	5690
8161	6323
8161	6588
8161	6670
8161	7217
8161	9515
8161	9528
8161	9542
8164	4502
8164	5466
8164	6791
8164	6994
8164	7384
8190	2644
8190	9970
8199	428
8199	8749
8199	8866
8199	9237
8199	9404
8200	3715
8200	5670
8200	6226
8200	7932
8200	9047
8209	4379
8209	4401
8209	6247
8209	6929
8209	8302
8209	8786
8209	9942
8209	9959
8210	2419
8210	6738
8210	8698
8222	1094
8222	1957
8222	5686
8222	9858
8222	9912
8228	12
8228	3835
8228	6899
8228	7316
8228	7754
8228	9306
8228	9698
8234	300
8234	2419
8234	2868
8234	5549
8234	8753
8234	9514
8243	1556
8243	6979
8243	9134
8243	9337
8243	9748
8246	1735
8246	1957
8246	4118
8246	4263
8246	8281
8246	9166
8246	9455
8249	9513
8249	9819
8249	9822
8273	3152
8273	3282
8273	9273
8273	9581
8281	4856
8281	6544
8281	7990
8281	8246
8281	8730
8281	9322
8284	7185
8284	9698
8284	9852
8290	8569
8290	9493
8293	3138
8293	4941
8293	5002
8293	9813
8296	1632
8296	4456
8296	4501
8296	5457
8302	76
8302	5470
8302	7505
8302	7645
8302	8209
8307	4466
8307	6391
8307	9597
8311	1572
8311	4350
8311	7286
8311	7436
8311	8457
8311	9170
8312	5183
8312	7872
8312	9514
8312	9581
8313	3491
8313	4477
8313	8422
8313	8460
8313	9044
8313	9571
8313	9956
8315	6528
8315	7932
8316	2934
8316	3565
8316	4037
8316	4456
8316	5668
8316	7179
8316	9794
8336	1436
8336	4068
8336	4805
8336	5036
8336	7218
8336	9147
8336	9324
8336	9880
8336	9881
8341	3138
8341	8037
8341	9517
8341	9693
8342	9313
8342	9798
8347	9539
8370	6979
8370	9595
8374	3588
8374	7180
8374	7758
8374	8503
8374	8766
8389	5173
8389	8900
8389	9647
8389	9959
8402	6025
8402	8609
8415	515
8415	1229
8415	2910
8415	3715
8415	5084
8415	5134
8415	5370
8415	5470
8415	5670
8415	6880
8415	7696
8415	7722
8415	7932
8415	8768
8415	8984
8415	9047
8419	3280
8419	5213
8419	8128
8419	9093
8419	9372
8419	9700
8419	9839
8420	4237
8420	7509
8420	8959
8420	8984
8420	9572
8420	9748
8421	5241
8421	7992
8421	9333
8421	9623
8421	9799
8422	1123
8422	8017
8422	8313
8422	9092
8422	9514
8422	9733
8422	9912
8422	9956
8422	9958
8422	9993
8440	1241
8440	3305
8440	4410
8440	9869
8440	9971
8440	9999
8442	8017
8442	8449
8442	8786
8442	8931
8442	9463
8443	6462
8443	9560
8443	9869
8447	795
8447	6717
8447	7366
8447	7485
8447	8848
8447	8868
8447	8939
8447	9514
8447	9801
8449	8442
8449	8786
8457	3082
8457	6025
8457	8311
8457	8895
8457	9173
8458	576
8458	1826
8458	5183
8458	6305
8458	6887
8458	8019
8458	9134
8458	9251
8458	9307
8458	9463
8460	3280
8460	8313
8460	8520
8460	9044
8460	9514
8460	9760
8460	9956
8464	5751
8464	9730
8464	9794
8464	9963
8473	1241
8473	7254
8473	8862
8473	9218
8473	9463
8473	9511
8473	9576
8477	832
8477	8930
8477	9375
8477	9524
8477	9901
8481	1904
8481	7583
8481	9306
8481	9698
8481	9999
8482	9306
8482	9487
8483	9698
8483	9869
8502	4126
8502	7899
8502	9090
8503	3849
8503	6187
8503	8374
8512	1533
8512	2744
8512	3011
8512	4690
8512	6132
8512	6720
8512	7898
8512	8770
8512	8786
8512	9064
8512	9511
8512	9695
8512	9761
8514	2552
8514	6528
8514	7188
8514	9173
8514	9841
8515	1263
8515	3391
8515	8770
8515	9798
8520	2228
8520	2952
8520	4063
8520	8460
8520	9092
8520	9322
8520	9414
8526	710
8526	5306
8526	7029
8526	9647
8526	9813
8529	8974
8529	9182
8529	9565
8557	4177
8557	6690
8557	8728
8557	8885
8557	8973
8557	9223
8557	9539
8557	9839
8564	4464
8564	4622
8564	9235
8564	9880
8564	9971
8569	2449
8569	5423
8569	8290
8569	9217
8569	9261
8569	9493
8575	6501
8575	8019
8575	9542
8575	9843
8575	9901
8605	7053
8605	7171
8605	7872
8609	710
8609	2518
8609	7542
8609	8402
8619	7932
8619	8758
8619	9130
8633	4641
8633	6228
8639	2618
8639	7892
8639	8128
8651	4736
8655	6122
8655	6897
8655	8799
8655	9175
8655	9508
8655	9572
8671	950
8671	6954
8671	8939
8671	9993
8671	9999
8679	2981
8679	3874
8679	4422
8679	4558
8679	8081
8679	9647
8680	1904
8680	9542
8680	9730
8680	9794
8680	9931
8686	950
8686	1405
8686	5282
8686	7779
8686	8716
8686	9114
8686	9504
8686	9576
8687	5549
8687	7652
8687	9170
8687	9595
8687	9643
8687	9756
8698	2241
8698	4188
8698	7128
8698	8210
8703	4275
8703	4350
8703	5900
8703	7286
8703	9643
8703	9783
8715	2370
8715	6747
8715	7238
8715	9095
8715	9559
8715	9886
8715	9893
8716	7218
8716	7779
8716	8686
8716	9504
8716	9576
8728	5173
8728	5437
8728	8557
8728	9223
8728	9991
8730	6720
8730	8281
8730	9714
8733	828
8733	5457
8733	5544
8733	5911
8733	9330
8733	9374
8733	9730
8745	3894
8745	5586
8745	6690
8745	7433
8745	7468
8745	8953
8749	12
8749	142
8749	6619
8749	8199
8749	8974
8749	9444
8749	9638
8749	9971
8753	43
8753	2033
8753	2236
8753	5916
8753	8234
8753	8787
8753	8823
8753	9114
8753	9224
8753	9503
8753	9552
8753	9733
8753	9771
8753	9813
8758	2419
8758	6647
8758	6685
8758	6920
8758	7346
8758	8026
8758	8619
8758	9203
8758	9693
8758	9947
8760	4926
8760	7582
8760	9130
8760	9869
8761	3072
8761	9352
8766	878
8766	7714
8766	8374
8766	8983
8766	9733
8768	5661
8768	6226
8768	7696
8768	7932
8768	8415
8768	9942
8770	328
8770	895
8770	2827
8770	4742
8770	7196
8770	7881
8770	8512
8770	8515
8774	9306
8774	9477
8774	9905
8786	2037
8786	4616
8786	8209
8786	8442
8786	8449
8786	8512
8786	9339
8787	2910
8787	8753
8787	9182
8787	9195
8787	9224
8787	9503
8788	2395
8788	9395
8791	9251
8791	9517
8791	9657
8794	4535
8794	9819
8799	4595
8799	7881
8799	8655
8799	9269
8804	2213
8804	4441
8804	4494
8804	7289
8804	7372
8804	9513
8816	4264
8816	9395
8820	5945
8820	8990
8820	9320
8823	4588
8823	8753
8838	3896
8838	9539
8838	9995
8848	2341
8848	4595
8848	4833
8848	6717
8848	7366
8848	8447
8862	7714
8862	8473
8862	9218
8866	5172
8866	7036
8866	8199
8866	9270
8866	9377
8868	5411
8868	5780
8868	8447
8868	9251
8869	2813
8869	3468
8869	7975
8869	9571
8869	9594
8872	7638
8872	8915
8872	9114
8872	9657
8874	6816
8874	9524
8874	9743
8874	9959
8885	2471
8885	2618
8885	3446
8885	3680
8885	5589
8885	6838
8885	6916
8885	7236
8885	8092
8885	8557
8885	9155
8885	9421
8885	9539
8885	9931
8885	9958
8895	6670
8895	8457
8895	9852
8900	4270
8900	4533
8900	8389
8900	9959
8905	5969
8905	6762
8905	6777
8905	6994
8905	7381
8905	7409
8909	1094
8909	9958
8915	5793
8915	8872
8915	9114
8915	9372
8915	9528
8918	7053
8918	9756
8922	300
8922	6881
8922	6996
8922	7171
8922	7357
8922	9330
8922	9717
8930	6510
8930	6820
8930	8477
8930	9910
8930	9957
8930	9993
8931	2534
8931	7390
8931	7677
8931	8442
8931	9460
8931	9530
8939	465
8939	4083
8939	6954
8939	8447
8939	8671
8939	9573
8939	9910
8939	9993
8950	4833
8950	7352
8950	9418
8953	1263
8953	2505
8953	6685
8953	6920
8953	7346
8953	8745
8953	9203
8953	9370
8953	9623
8953	9947
8959	3524
8959	5416
8959	7509
8959	8420
8959	9748
8959	9957
8964	6762
8964	9564
8964	9619
8973	8557
8973	9991
8974	3111
8974	7822
8974	7857
8974	8529
8974	8749
8974	9269
8974	9330
8974	9565
8983	1985
8983	5690
8983	8766
8983	9170
8983	9861
8984	7990
8984	8415
8984	8420
8984	9005
8984	9367
8984	9602
8984	9970
8990	5720
8990	7334
8990	8820
8990	9080
8990	9320
8990	9428
8990	9638
9000	4501
9000	6380
9005	2071
9005	6545
9005	7990
9005	8984
9005	9991
9007	4410
9007	7270
9007	9869
9007	9910
9007	9958
9024	3233
9024	6132
9024	7029
9044	4779
9044	5208
9044	7496
9044	7657
9044	8017
9044	8313
9044	8460
9044	9092
9044	9513
9044	9514
9044	9733
9044	9956
9047	5661
9047	7696
9047	7722
9047	8200
9047	8415
9050	2071
9050	6858
9050	7674
9050	9352
9050	9460
9050	9649
9050	9698
9061	2037
9061	2341
9061	5911
9061	6122
9061	7384
9061	9602
9061	9714
9061	9843
9061	9995
9064	5528
9064	7139
9064	8512
9064	9841
9068	1192
9068	5114
9068	5183
9068	5184
9068	7931
9068	8153
9076	3391
9076	6880
9076	9597
9079	1375
9079	7443
9079	7695
9079	9155
9079	9517
9079	9699
9079	9750
9079	9760
9079	9952
9080	7534
9080	8017
9080	8990
9082	4690
9082	6132
9082	7898
9082	9511
9082	9695
9082	9699
9082	9761
9090	4126
9090	6810
9090	6979
9090	8502
9090	9514
9092	4477
9092	4779
9092	4808
9092	5002
9092	5259
9092	7036
9092	7148
9092	7496
9092	7657
9092	8017
9092	8422
9092	8520
9092	9044
9092	9514
9092	9714
9092	9733
9092	9956
9093	4595
9093	8419
9095	2370
9095	6747
9095	7291
9095	8715
9095	9390
9095	9893
9095	9901
9102	5235
9102	9415
9102	9779
9114	659
9114	744
9114	2921
9114	7898
9114	8686
9114	8753
9114	8872
9114	8915
9122	5373
9122	6110
9122	9204
9122	9370
9130	8619
9130	8760
9130	9417
9130	9552
9131	2186
9131	3282
9131	4422
9131	5306
9131	5958
9131	9594
9134	6616
9134	8243
9134	8458
9134	9251
9134	9463
9140	5411
9140	7677
9140	9667
9147	4401
9147	5036
9147	7857
9147	8336
9147	9324
9147	9565
9147	9756
9147	9771
9147	9880
9155	3896
9155	7695
9155	8885
9155	9079
9155	9517
9155	9699
9155	9750
9155	9952
9158	7316
9158	7910
9158	7975
9158	9302
9158	9398
9158	9415
9166	1728
9166	4263
9166	6835
9166	8246
9170	7286
9170	8311
9170	8687
9170	8983
9173	2471
9173	3329
9173	4856
9173	6528
9173	7291
9173	8457
9173	8514
9173	9740
9173	9819
9173	9841
9175	1916
9175	3674
9175	6897
9175	8655
9175	9224
9175	9463
9175	9508
9175	9572
9182	155
9182	2743
9182	2907
9182	6916
9182	7236
9182	8529
9182	8787
9182	9374
9182	9421
9182	9539
9182	9958
9183	99
9183	4690
9183	9250
9183	9822
9195	3748
9195	5670
9195	8787
9195	9395
9195	9931
9203	4154
9203	6647
9203	6920
9203	7856
9203	7984
9203	8758
9203	8953
9203	9947
9204	795
9204	7485
9204	9122
9204	9428
9204	9678
9217	142
9217	8030
9217	8569
9217	9539
9218	7714
9218	8473
9218	8862
9223	6838
9223	8557
9223	8728
9224	8753
9224	8787
9224	9175
9235	4464
9235	6150
9235	6276
9235	8564
9235	9313
9235	9352
9235	9456
9235	9881
9237	2071
9237	6132
9237	8199
9237	9404
9248	2746
9248	4477
9248	5411
9248	6187
9248	7031
9248	9370
9248	9919
9250	2618
9250	4270
9250	6593
9250	6881
9250	9183
9250	9778
9251	576
9251	5002
9251	5947
9251	8458
9251	8791
9251	8868
9251	9134
9251	9307
9261	7335
9261	8569
9261	9647
9261	9803
9266	800
9266	9390
9266	9428
9269	2364
9269	7201
9269	8799
9269	8974
9269	9861
9269	9959
9270	6544
9270	8866
9270	9422
9270	9920
9273	588
9273	5365
9273	8273
9273	9647
9292	3111
9292	5652
9292	5958
9296	5555
9296	7316
9296	7535
9298	9733
9299	4088
9299	6593
9299	9417
9299	9467
9299	9848
9299	9858
9302	4401
9302	4438
9302	5878
9302	7124
9302	7148
9302	7505
9302	9158
9302	9856
9306	5172
9306	7372
9306	7571
9306	7735
9306	8228
9306	8481
9306	8482
9306	8774
9306	9432
9306	9698
9307	3822
9307	8458
9307	9251
9307	9463
9313	1346
9313	1622
9313	2186
9313	2262
9313	2683
9313	4466
9313	8342
9313	9235
9313	9594
9313	9756
9313	9795
9314	7149
9314	9886
9316	1809
9316	2640
9316	4118
9316	8092
9316	9571
9316	9654
9318	638
9318	9466
9318	9952
9320	2534
9320	5365
9320	5368
9320	5945
9320	7334
9320	8820
9320	8990
9320	9455
9322	4017
9322	8281
9322	8520
9322	9626
9322	9748
9324	4068
9324	4153
9324	4805
9324	6083
9324	7857
9324	8336
9324	9147
9324	9756
9324	9854
9324	9880
9330	1442
9330	3680
9330	6996
9330	7171
9330	7357
9330	8733
9330	8922
9330	8974
9330	9626
9330	9717
9333	3082
9333	3259
9333	3588
9333	5052
9333	6819
9333	7358
9333	8421
9337	1556
9337	2935
9337	6380
9337	8092
9337	8243
9339	4111
9339	5156
9339	5793
9339	7992
9339	8786
9339	9623
9339	9893
9348	650
9348	4991
9352	8761
9352	9050
9352	9235
9352	9564
9352	9624
9352	9910
9367	5416
9367	8149
9367	8984
9367	9581
9370	6762
9370	8953
9370	9122
9370	9248
9370	9573
9370	9678
9370	9919
9372	1985
9372	4641
9372	6128
9372	7180
9372	8419
9372	8915
9372	9632
9372	9738
9372	9775
9374	2618
9374	2743
9374	2907
9374	3111
9374	3446
9374	5184
9374	5336
9374	6916
9374	6920
9374	7236
9374	7289
9374	8092
9374	8733
9374	9182
9374	9958
9375	2428
9375	4350
9375	7024
9375	8477
9375	9524
9375	9810
9375	9942
9377	8866
9377	9841
9377	9843
9390	142
9390	3874
9390	7899
9390	9095
9390	9266
9390	9524
9395	450
9395	6994
9395	7158
9395	8788
9395	8816
9395	9195
9395	9493
9395	9822
9398	4911
9398	5824
9398	6412
9398	9158
9398	9602
9404	428
9404	2071
9404	7227
9404	8199
9404	9237
9404	9571
9404	9942
9414	8520
9414	9657
9415	7033
9415	9102
9415	9158
9415	9822
9417	1241
9417	4858
9417	5132
9417	6621
9417	9130
9417	9299
9417	9910
9418	142
9418	450
9418	744
9418	1809
9418	5470
9418	6794
9418	7506
9418	7759
9418	8950
9418	9432
9421	2449
9421	2907
9421	3111
9421	3680
9421	4017
9421	5184
9421	5336
9421	6916
9421	7257
9421	7822
9421	8092
9421	8885
9421	9182
9421	9456
9421	9539
9421	9958
9422	3355
9422	4466
9422	5446
9422	6544
9422	6616
9422	7043
9422	7622
9422	7755
9422	9270
9422	9432
9422	9775
9428	1776
9428	5976
9428	6978
9428	7185
9428	7847
9428	8017
9428	8990
9428	9204
9428	9266
9428	9826
9432	7583
9432	9306
9432	9418
9432	9422
9432	9698
9434	1559
9434	1575
9434	2078
9434	3748
9434	9487
9434	9528
9434	9756
9434	9771
9441	251
9441	4051
9441	6819
9441	9573
9441	9693
9444	4263
9444	7433
9444	8749
9444	9515
9455	5411
9455	7857
9455	8246
9455	9320
9456	9235
9456	9421
9460	4297
9460	5039
9460	8149
9460	8931
9460	9050
9460	9530
9460	9552
9463	8442
9463	8458
9463	8473
9463	9134
9463	9175
9463	9307
9463	9619
9463	9700
9466	638
9466	7082
9466	7171
9466	9318
9467	3166
9467	4088
9467	7674
9467	7680
9467	7984
9467	9299
9477	3728
9477	3753
9477	4866
9477	6616
9477	7622
9477	8774
9477	9559
9477	9643
9486	4779
9487	4866
9487	5953
9487	6380
9487	6585
9487	6720
9487	8482
9487	9434
9493	7372
9493	8290
9493	8569
9493	9395
9493	9839
9493	9991
9503	2910
9503	8753
9503	8787
9504	1337
9504	7218
9504	7779
9504	8686
9504	8716
9504	9576
9506	504
9506	858
9506	4616
9506	5114
9506	5846
9506	6103
9506	7128
9506	8153
9506	9707
9506	9777
9508	1022
9508	6122
9508	6896
9508	6897
9508	8655
9508	9175
9508	9572
9508	9901
9511	1728
9511	3818
9511	4427
9511	4690
9511	5816
9511	6132
9511	6889
9511	7898
9511	8473
9511	8512
9511	9082
9511	9513
9511	9695
9511	9761
9511	9830
9513	3152
9513	6226
9513	8249
9513	8804
9513	9044
9513	9511
9513	9677
9514	1337
9514	3280
9514	4183
9514	4477
9514	7148
9514	7496
9514	7657
9514	8017
9514	8234
9514	8312
9514	8422
9514	8447
9514	8460
9514	9044
9514	9090
9514	9092
9514	9733
9514	9813
9514	9956
9515	201
9515	2381
9515	4237
9515	6300
9515	6685
9515	6746
9515	8161
9515	9444
9515	9542
9517	40
9517	650
9517	1572
9517	2272
9517	3896
9517	4554
9517	5423
9517	5686
9517	5984
9517	7139
9517	7238
9517	7695
9517	8341
9517	8791
9517	9079
9517	9155
9517	9565
9517	9699
9517	9750
9517	9952
9524	4350
9524	6816
9524	8055
9524	8128
9524	8477
9524	8874
9524	9375
9524	9390
9528	162
9528	5199
9528	7622
9528	8161
9528	8915
9528	9434
9528	9560
9528	9627
9528	9848
9528	9942
9530	2534
9530	2649
9530	7390
9530	8931
9530	9460
9530	9893
9534	5336
9534	6887
9534	7381
9534	9893
9539	925
9539	1405
9539	2471
9539	2743
9539	3072
9539	3111
9539	3446
9539	3680
9539	3822
9539	4017
9539	5336
9539	5610
9539	6501
9539	6593
9539	6916
9539	7236
9539	7638
9539	7696
9539	8092
9539	8347
9539	8557
9539	8838
9539	8885
9539	9182
9539	9217
9539	9421
9539	9958
9542	2739
9542	3849
9542	4237
9542	4440
9542	4640
9542	4736
9542	5179
9542	5555
9542	5690
9542	5704
9542	8149
9542	8161
9542	8575
9542	8680
9542	9515
9542	9760
9542	9958
9547	6702
9547	6881
9547	8128
9547	9777
9547	9798
9552	2649
9552	8753
9552	9130
9552	9460
9552	9893
9559	4264
9559	6075
9559	6616
9559	7622
9559	8715
9559	9477
9559	9643
9560	5199
9560	5589
9560	6045
9560	8443
9560	9528
9560	9627
9560	9848
9560	9942
9564	2088
9564	4427
9564	4827
9564	5199
9564	6929
9564	8964
9564	9352
9564	9619
9564	9707
9565	2763
9565	8529
9565	8974
9565	9147
9565	9517
9571	2763
9571	2813
9571	3468
9571	6291
9571	8313
9571	8869
9571	9316
9571	9404
9572	1022
9572	6122
9572	6897
9572	8420
9572	8655
9572	9175
9572	9508
9572	9999
9573	4111
9573	6187
9573	7180
9573	8939
9573	9370
9573	9441
9573	9920
9576	2775
9576	7218
9576	7779
9576	8473
9576	8686
9576	8716
9576	9504
9576	9647
9581	5720
9581	6351
9581	8273
9581	8312
9581	9367
9581	9732
9581	9991
9594	1622
9594	2262
9594	3282
9594	6047
9594	7842
9594	8869
9594	9131
9594	9313
9594	9795
9595	2070
9595	2503
9595	2942
9595	3272
9595	4051
9595	6334
9595	6426
9595	6702
9595	7053
9595	7162
9595	7652
9595	8370
9595	8687
9595	9695
9597	1927
9597	3849
9597	6391
9597	7082
9597	7390
9597	7402
9597	8307
9597	9076
9597	9869
9597	9953
9602	2341
9602	5699
9602	7542
9602	8984
9602	9061
9602	9398
9602	9843
9602	9858
9602	9970
9602	9995
9616	2078
9616	6122
9619	4126
9619	8964
9619	9463
9619	9564
9619	9654
9623	3025
9623	5156
9623	5241
9623	5528
9623	6122
9623	7179
9623	8421
9623	8953
9623	9339
9624	1561
9624	1575
9624	4550
9624	7335
9624	7438
9624	9352
9624	9778
9626	5002
9626	9322
9626	9330
9626	9750
9627	2428
9627	9528
9627	9560
9627	9798
9627	9848
9627	9942
9629	588
9629	1222
9629	2518
9629	2934
9629	3233
9629	4270
9629	7931
9632	764
9632	6452
9632	7506
9632	7754
9632	9372
9632	9830
9632	9893
9638	142
9638	8749
9638	8990
9638	9971
9643	2088
9643	8687
9643	8703
9643	9477
9643	9559
9643	9761
9647	1222
9647	3159
9647	4264
9647	5697
9647	6110
9647	7506
9647	7630
9647	8017
9647	8389
9647	8526
9647	8679
9647	9261
9647	9273
9647	9576
9649	1905
9649	6858
9649	7674
9649	9050
9649	9738
9649	9761
9649	9947
9654	1747
9654	3259
9654	3463
9654	5411
9654	7677
9654	9316
9654	9619
9654	9667
9654	9953
9657	3111
9657	8791
9657	8872
9657	9414
9667	4410
9667	7485
9667	9140
9667	9654
9677	2693
9677	7578
9677	9513
9678	2746
9678	5138
9678	7082
9678	8026
9678	9204
9678	9370
9678	9854
9678	9869
9678	9919
9693	4926
9693	8037
9693	8341
9693	8758
9693	9441
9693	9972
9695	715
9695	2227
9695	3917
9695	4427
9695	4690
9695	6132
9695	7898
9695	8512
9695	9082
9695	9511
9695	9595
9695	9761
9695	9957
9697	2746
9697	7374
9698	573
9698	3166
9698	3556
9698	4236
9698	4535
9698	5360
9698	5528
9698	6954
9698	7188
9698	7372
9698	7583
9698	8228
9698	8284
9698	8481
9698	8483
9698	9050
9698	9306
9698	9432
9699	40
9699	1375
9699	1572
9699	2272
9699	3896
9699	6247
9699	7254
9699	7589
9699	7695
9699	9079
9699	9082
9699	9155
9699	9517
9699	9717
9699	9750
9699	9952
9700	6325
9700	8419
9700	9463
9700	9843
9707	4616
9707	5132
9707	5671
9707	5981
9707	7128
9707	9506
9707	9564
9707	9777
9714	4648
9714	7635
9714	8730
9714	9061
9714	9092
9714	9750
9714	9848
9714	9858
9717	1442
9717	5184
9717	6996
9717	7171
9717	7357
9717	8922
9717	9330
9717	9699
9730	1025
9730	1337
9730	8464
9730	8680
9730	8733
9730	9794
9730	9886
9732	4184
9732	5751
9732	9581
9733	802
9733	1337
9733	3280
9733	4477
9733	7372
9733	7508
9733	7657
9733	8422
9733	8753
9733	8766
9733	9044
9733	9092
9733	9298
9733	9514
9733	9956
9738	9372
9738	9649
9738	9798
9738	9880
9740	76
9740	4037
9740	9173
9743	5373
9743	5416
9743	6588
9743	6609
9743	8874
9748	5416
9748	7043
9748	7291
9748	7509
9748	8243
9748	8420
9748	8959
9748	9322
9750	40
9750	650
9750	1572
9750	2272
9750	2682
9750	3896
9750	4088
9750	7695
9750	9079
9750	9155
9750	9517
9750	9626
9750	9699
9750	9714
9750	9794
9750	9952
9756	1662
9756	4805
9756	4911
9756	8687
9756	8918
9756	9147
9756	9313
9756	9324
9756	9434
9756	9880
9760	832
9760	7174
9760	7346
9760	7661
9760	8460
9760	9079
9760	9542
9761	715
9761	1533
9761	2227
9761	2693
9761	2744
9761	3917
9761	6132
9761	6889
9761	8512
9761	9082
9761	9511
9761	9643
9761	9649
9761	9695
9771	6585
9771	8753
9771	9147
9771	9434
9775	2775
9775	4126
9775	4379
9775	5423
9775	6616
9775	7755
9775	7838
9775	9372
9775	9422
9775	9920
9777	504
9777	4616
9777	5671
9777	7128
9777	9506
9777	9547
9777	9707
9778	3491
9778	4550
9778	5824
9778	7335
9778	7438
9778	9250
9778	9624
9779	3917
9779	5953
9779	6128
9779	9102
9779	9856
9783	2070
9783	3364
9783	5208
9783	5900
9783	6662
9783	7033
9783	8703
9783	9843
9783	9912
9794	5751
9794	8316
9794	8464
9794	8680
9794	9730
9794	9750
9794	9952
9795	2186
9795	3282
9795	4466
9795	6047
9795	9313
9795	9594
9795	9993
9798	2370
9798	2997
9798	3402
9798	6534
9798	6995
9798	7257
9798	8342
9798	8515
9798	9547
9798	9627
9798	9738
9799	4502
9799	6619
9799	6791
9799	7270
9799	7931
9799	8421
9801	4088
9801	7661
9801	8447
9803	2952
9803	3153
9803	5589
9803	5635
9803	9261
9810	6510
9810	6670
9810	7185
9810	9375
9813	5306
9813	8293
9813	8526
9813	8753
9813	9514
9819	1447
9819	2552
9819	3329
9819	4603
9819	4856
9819	5329
9819	7188
9819	7291
9819	7994
9819	8249
9819	8794
9819	9173
9819	9841
9819	9931
9822	2618
9822	4154
9822	7402
9822	8249
9822	9183
9822	9395
9822	9415
9822	9953
9826	9428
9830	2510
9830	4622
9830	9511
9830	9632
9836	6777
9836	9947
9839	8419
9839	8557
9839	9493
9841	2552
9841	2813
9841	3329
9841	4856
9841	6528
9841	6791
9841	7188
9841	7291
9841	8514
9841	9064
9841	9173
9841	9377
9841	9819
9843	3524
9843	5699
9843	5911
9843	8575
9843	9061
9843	9377
9843	9602
9843	9700
9843	9783
9843	9995
9848	5199
9848	7031
9848	7910
9848	9299
9848	9528
9848	9560
9848	9627
9848	9714
9848	9942
9852	631
9852	4427
9852	6670
9852	8284
9852	8895
9852	9893
9854	7254
9854	7302
9854	9324
9854	9678
9856	4401
9856	4438
9856	5365
9856	6820
9856	7124
9856	7402
9856	7505
9856	7582
9856	7994
9856	9302
9856	9779
9856	9993
9858	4383
9858	5541
9858	6106
9858	7352
9858	7506
9858	7635
9858	8222
9858	9299
9858	9602
9858	9714
9861	6746
9861	8156
9861	8983
9861	9269
9869	305
9869	3138
9869	3305
9869	4410
9869	5416
9869	8026
9869	8149
9869	8440
9869	8443
9869	8483
9869	8760
9869	9007
9869	9597
9869	9678
9869	9919
9880	1662
9880	4068
9880	5036
9880	5793
9880	6083
9880	8336
9880	8564
9880	9147
9880	9324
9880	9738
9880	9756
9881	57
9881	515
9881	3243
9881	4464
9881	4911
9881	6150
9881	6609
9881	8336
9881	9235
9886	5947
9886	6325
9886	6843
9886	7671
9886	8715
9886	9314
9886	9730
9886	9958
9893	2370
9893	6747
9893	8715
9893	9095
9893	9339
9893	9530
9893	9534
9893	9552
9893	9632
9893	9852
9901	4016
9901	5976
9901	7735
9901	8477
9901	8575
9901	9095
9901	9508
9905	162
9905	1055
9905	2087
9905	2395
9905	5134
9905	5856
9905	6276
9905	6896
9905	8774
9910	6510
9910	6820
9910	8930
9910	8939
9910	9007
9910	9352
9910	9417
9912	3391
9912	4422
9912	5686
9912	7179
9912	7233
9912	8092
9912	8222
9912	8422
9912	9783
9919	2746
9919	4237
9919	6187
9919	7082
9919	9248
9919	9370
9919	9678
9919	9869
9919	9956
9920	3613
9920	9270
9920	9573
9920	9775
9931	3822
9931	4083
9931	7357
9931	8680
9931	8885
9931	9195
9931	9819
9931	9993
9942	5199
9942	6045
9942	8209
9942	8768
9942	9375
9942	9404
9942	9528
9942	9560
9942	9627
9942	9848
9947	741
9947	878
9947	3299
9947	5573
9947	6647
9947	6685
9947	6920
9947	7289
9947	7346
9947	7856
9947	8149
9947	8758
9947	8953
9947	9203
9947	9649
9947	9836
9952	40
9952	650
9952	1375
9952	1572
9952	2272
9952	2715
9952	3896
9952	7695
9952	9079
9952	9155
9952	9318
9952	9517
9952	9699
9952	9750
9952	9794
9953	2935
9953	2942
9953	2945
9953	4464
9953	4595
9953	6391
9953	6978
9953	9597
9953	9654
9953	9822
9956	638
9956	4779
9956	7148
9956	7366
9956	7496
9956	8017
9956	8313
9956	8422
9956	8460
9956	9044
9956	9092
9956	9514
9956	9733
9956	9919
9957	5751
9957	8930
9957	8959
9957	9695
9958	155
9958	465
9958	2534
9958	2618
9958	3072
9958	3680
9958	4017
9958	4866
9958	5184
9958	5336
9958	5589
9958	5610
9958	6810
9958	6916
9958	7236
9958	8092
9958	8422
9958	8885
9958	8909
9958	9007
9958	9182
9958	9374
9958	9421
9958	9539
9958	9542
9958	9886
9959	4270
9959	5084
9959	5132
9959	5173
9959	8209
9959	8389
9959	8874
9959	8900
9959	9269
9963	6510
9963	8128
9963	8464
9970	1985
9970	3896
9970	6588
9970	8190
9970	8984
9970	9602
9971	12
9971	142
9971	8440
9971	8564
9971	8749
9971	9638
9972	1088
9972	6187
9972	6842
9972	7024
9972	7238
9972	7335
9972	7443
9972	9693
9987	7053
9991	715
9991	4177
9991	8728
9991	8973
9991	9005
9991	9493
9991	9581
9993	950
9993	5594
9993	8422
9993	8671
9993	8930
9993	8939
9993	9795
9993	9856
9993	9931
9995	2341
9995	3524
9995	8838
9995	9061
9995	9602
9995	9843
9999	4068
9999	8440
9999	8481
9999	8671
9999	9572
