27	5320
35	3578
41	5343
41	6873
41	9053
65	6007
70	8899
84	906
84	5109
84	5622
84	8699
84	8969
84	9813
84	9932
93	8576
93	8974
99	6067
99	8366
110	296
110	4751
110	9099
110	9236
126	8957
137	8510
137	8705
137	8990
137	9072
137	9321
152	4172
152	6149
152	7647
152	9753
161	1350
161	9311
187	6007
202	3411
202	7428
202	9054
216	906
216	6701
216	8193
219	5575
219	5622
219	6038
233	1446
233	9972
245	7362
245	9512
245	9546
247	740
247	6190
247	7718
268	769
268	5320
268	8604
268	9108
268	9825
286	6007
296	110
296	3129
296	9262
307	9252
307	9826
316	5433
322	323
322	5356
322	6175
322	7315
322	8663
322	9473
322	9873
323	322
323	1986
324	7426
324	8272
324	9943
324	9984
340	1774
340	5431
340	9053
341	9394
344	9381
345	8782
345	9669
389	2039
389	9909
390	7155
391	3976
391	5935
439	1668
439	8371
439	8999
439	9793
464	6028
492	7426
492	9785
492	9914
497	9099
500	8633
516	6200
516	7944
516	8203
516	9990
522	951
522	6971
522	7681
522	8434
522	9258
527	8717
527	8955
527	9825
527	9929
538	8354
538	9249
538	9669
538	9673
556	7727
556	9787
560	5894
560	9163
560	9403
573	9698
585	8976
585	9538
585	9908
595	5622
621	9583
621	9669
624	3844
624	5958
624	7065
624	7758
624	8766
674	6625
675	6578
675	8844
675	9022
675	9265
675	9755
703	5514
703	7852
703	8193
703	9813
714	4666
714	7048
714	8485
714	9990
724	3082
730	8700
730	9794
740	247
740	9458
754	6250
754	9339
754	9623
769	268
769	5044
769	8955
769	9825
875	1614
875	6070
875	8976
875	9538
875	9787
887	8749
899	5665
899	6789
899	7659
899	9801
902	9113
902	9236
902	9798
906	84
906	216
906	5514
906	8590
907	6773
907	7351
921	5254
921	9471
941	7594
941	8887
941	9753
951	522
951	7594
951	8887
958	9981
958	9984
975	8560
1026	9990
1053	3652
1066	4338
1066	6873
1066	9194
1066	9407
1069	4138
1090	4015
1090	8737
1090	9482
1092	7568
1092	9952
1124	9972
1136	9163
1136	9602
1142	5220
1142	6175
1142	8786
1142	9736
1145	8943
1145	9806
1145	9946
1213	6653
1232	5831
1232	7680
1232	9075
1232	9943
1252	9369
1252	9702
1252	9863
1261	6038
1261	7048
1261	8737
1289	9215
1301	8611
1350	161
1350	7805
1350	8546
1350	9303
1350	9346
1350	9402
1352	3669
1352	8231
1352	8974
1365	5091
1365	9794
1368	9053
1412	4605
1412	8291
1431	9108
1431	9565
1438	9321
1438	9569
1438	9638
1446	233
1446	6155
1446	9972
1453	3230
1453	6760
1453	7818
1453	8611
1453	9594
1453	9642
1453	9786
1485	8560
1487	3761
1487	9142
1487	9401
1559	4641
1559	4904
1579	2100
1614	875
1618	3745
1618	6070
1618	9542
1628	5348
1628	9568
1628	9981
1649	5433
1668	439
1668	3996
1668	7046
1668	8565
1668	9167
1668	9375
1668	9777
1668	9909
1681	4397
1681	9108
1681	9693
1683	7391
1683	9054
1705	5348
1705	6911
1705	9531
1710	8974
1732	7456
1732	9693
1732	9887
1759	2797
1759	7362
1759	9582
1761	6698
1761	7208
1761	9716
1774	340
1774	4901
1774	5265
1774	5431
1774	7048
1774	9053
1849	8775
1849	8816
1849	9311
1849	9430
1883	5622
1883	9151
1927	2547
1927	7311
1986	323
1986	6804
1997	4469
2031	6468
2031	6769
2031	7065
2031	9809
2039	389
2039	6546
2039	6825
2040	7311
2040	8170
2040	9198
2040	9825
2056	8999
2056	9771
2056	9793
2097	5517
2097	7623
2100	1579
2100	2663
2100	5109
2100	5360
2100	8560
2147	6149
2147	7594
2147	9753
2147	9917
2164	6019
2164	9458
2202	9693
2219	2390
2219	3574
2219	6506
2219	7351
2219	9350
2219	9417
2219	9731
2228	4704
2228	8126
2228	9402
2240	8833
2240	8887
2240	9711
2293	9917
2304	5517
2304	9364
2304	9722
2332	5120
2332	9053
2390	2219
2390	9417
2391	6070
2410	6690
2410	9369
2413	8974
2413	9648
2445	3669
2445	5496
2445	9648
2445	9933
2487	8077
2487	9755
2488	5742
2488	9711
2508	8957
2519	4582
2519	5709
2522	5044
2522	8524
2547	1927
2547	5517
2547	9858
2552	8224
2552	8803
2552	9819
2600	5418
2600	6190
2600	9736
2610	4748
2610	4990
2610	5009
2610	5493
2610	5800
2610	6568
2610	9686
2610	9935
2619	6760
2619	8737
2631	5393
2631	9619
2663	2100
2663	3207
2663	4812
2663	5681
2663	8571
2663	9268
2663	9676
2683	9141
2683	9174
2689	3162
2725	6155
2725	6512
2725	9530
2729	4891
2729	6213
2729	7585
2759	9018
2759	9065
2759	9534
2788	7907
2788	8224
2788	8281
2788	8604
2788	9684
2788	9785
2797	1759
2797	5803
2797	8126
2797	8283
2797	9075
2797	9398
2797	9791
2797	9943
2848	7428
2848	9594
2848	9648
2848	9659
2848	9825
2863	7598
2863	8702
2882	4138
2882	9373
2882	9407
2900	6155
2900	8976
2900	9474
2900	9787
2900	9809
2936	3689
2936	5575
2936	9053
2936	9321
2943	8668
2943	8749
2943	9638
2948	8321
2968	3967
2968	8783
2968	9822
2979	6889
2979	9200
2979	9438
2995	4751
2995	6995
2995	9099
2995	9113
2995	9798
3082	724
3082	8438
3082	9430
3087	4474
3087	6971
3087	8495
3093	6625
3110	8565
3129	296
3129	7907
3129	9917
3162	2689
3162	4605
3162	6472
3162	6664
3162	9113
3162	9236
3162	9798
3175	5091
3175	7673
3194	4172
3194	8769
3194	9438
3194	9794
3206	6007
3206	8663
3206	8708
3207	2663
3211	5626
3211	6789
3230	1453
3230	3791
3230	8155
3235	9075
3261	4429
3261	8611
3264	5793
3278	3795
3278	9935
3288	5742
3288	7011
3288	9602
3288	9711
3328	6019
3328	9674
3385	4713
3385	4965
3385	5254
3385	9236
3411	202
3419	6626
3419	8379
3419	9498
3422	5209
3422	7428
3422	8505
3422	9740
3447	4575
3447	9858
3456	6626
3456	9786
3456	9794
3521	6789
3521	9474
3530	7123
3530	7447
3530	9228
3574	2219
3578	35
3578	4956
3578	7351
3578	8510
3578	8705
3578	9053
3578	9321
3583	6971
3598	4989
3598	8696
3598	9205
3622	6149
3622	8702
3652	1053
3652	5575
3652	5710
3652	7703
3652	8510
3652	8705
3652	9053
3652	9103
3652	9321
3653	3976
3653	4919
3668	4429
3668	8782
3668	9405
3668	9722
3669	1352
3669	2445
3669	6213
3669	9933
3675	8134
3689	2936
3689	4153
3689	8510
3689	8705
3689	8783
3689	9053
3689	9321
3712	4704
3745	1618
3745	9677
3761	1487
3761	4830
3761	9489
3766	5343
3766	5966
3766	6873
3766	7494
3766	8510
3766	9053
3766	9321
3768	5722
3768	8686
3768	8783
3768	9676
3778	5528
3791	3230
3791	6527
3791	8865
3791	9075
3791	9538
3791	9583
3791	9673
3791	9943
3791	9984
3793	3878
3793	8603
3795	3278
3795	6042
3795	9113
3795	9236
3795	9798
3808	5656
3808	7613
3808	8485
3808	8780
3808	9929
3821	8708
3828	9927
3828	9943
3834	6911
3834	9028
3834	9771
3834	9793
3836	7368
3836	9398
3836	9583
3836	9669
3836	9984
3844	624
3849	9236
3849	9542
3861	6067
3878	3793
3878	6527
3878	8681
3878	8782
3878	8793
3878	9611
3916	9381
3929	5368
3929	8313
3945	8702
3955	8783
3955	9887
3967	2968
3967	4175
3967	8702
3967	9822
3974	5395
3976	391
3976	3653
3976	4905
3976	7065
3976	7579
3976	8529
3976	9264
3976	9401
3976	9565
3976	9880
3977	6796
3977	7752
3977	8005
3977	9075
3977	9369
3977	9669
3977	9785
3977	9984
3996	1668
4015	1090
4015	5912
4015	7368
4015	8024
4015	8272
4015	8500
4015	9659
4015	9669
4015	9791
4015	9943
4046	5516
4046	9108
4105	9381
4120	4397
4120	8204
4120	9693
4122	7327
4122	9194
4122	9626
4138	1069
4138	2882
4138	4647
4138	6038
4138	6082
4138	6598
4138	7036
4138	7788
4153	3689
4153	7229
4172	152
4172	3194
4172	8366
4172	8769
4175	3967
4175	8293
4175	8801
4175	8916
4179	4751
4179	9099
4179	9236
4179	9798
4185	5531
4185	5940
4185	7336
4185	7807
4185	9791
4185	9877
4266	9813
4328	4643
4328	8198
4328	8426
4328	9864
4338	1066
4338	6971
4338	7623
4338	8057
4347	8611
4354	9065
4354	9394
4354	9605
4354	9679
4374	8717
4374	8999
4376	7336
4376	9174
4376	9673
4392	4666
4392	7011
4392	7337
4392	7454
4392	8194
4392	9639
4397	1681
4397	4120
4397	4527
4420	6149
4420	7538
4420	7594
4429	3261
4429	3668
4429	4889
4429	6629
4429	6995
4429	7566
4429	8143
4429	9099
4429	9113
4429	9236
4429	9798
4434	8957
4445	4697
4445	8663
4445	9394
4445	9660
4445	9828
4469	1997
4469	4602
4469	4618
4469	4811
4469	5207
4469	6546
4469	8546
4469	8627
4469	9053
4469	9121
4469	9965
4474	3087
4474	6527
4474	7510
4474	8854
4474	8887
4474	8931
4474	9530
4474	9914
4484	6789
4484	7515
4484	8783
4484	9489
4492	6250
4492	8107
4492	9005
4520	4545
4520	8569
4520	8577
4520	9407
4520	9565
4527	4397
4527	7658
4527	8577
4527	9194
4527	9401
4527	9565
4528	6494
4528	7532
4528	9645
4545	4520
4545	8739
4545	9158
4546	9787
4546	9914
4546	9972
4575	3447
4575	6468
4575	7905
4575	9141
4575	9791
4575	9795
4575	9864
4578	8005
4578	8295
4578	9702
4582	2519
4582	6934
4582	7311
4582	7331
4582	8560
4582	9249
4587	7327
4594	5463
4594	8668
4594	9158
4594	9249
4594	9638
4594	9679
4594	9971
4602	4469
4602	9747
4605	1412
4605	3162
4605	6494
4605	8291
4605	8500
4605	8931
4605	9877
4618	4469
4618	8286
4628	6590
4632	9943
4641	1559
4641	8633
4641	8833
4641	9679
4643	4328
4643	5395
4647	4138
4647	9736
4666	714
4666	4392
4666	7728
4666	9213
4666	9639
4666	9929
4681	8974
4681	9005
4681	9648
4681	9933
4693	8543
4693	9053
4697	4445
4697	9828
4704	2228
4704	3712
4704	8224
4713	3385
4713	8510
4713	8736
4713	9200
4717	5622
4717	6038
4717	9151
4717	9932
4737	9108
4746	5044
4746	7123
4746	9565
4747	6175
4747	9473
4747	9782
4747	9826
4748	2610
4751	110
4751	2995
4751	4179
4751	6472
4751	7515
4751	9113
4770	9053
4770	9305
4786	6228
4786	7962
4811	4469
4811	9022
4812	2663
4812	8847
4812	9693
4815	5133
4815	6902
4815	9538
4815	9787
4830	3761
4830	6936
4830	9556
4838	7426
4838	7623
4838	7982
4838	8865
4838	9791
4838	9984
4842	6007
4842	8543
4848	6250
4868	7311
4868	9075
4868	9639
4868	9741
4889	4429
4889	9099
4889	9113
4889	9798
4891	2729
4891	7046
4891	7656
4891	8702
4901	1774
4901	5431
4901	6873
4901	9053
4901	9321
4904	1559
4904	9771
4904	9825
4905	3976
4905	7648
4905	9755
4914	4956
4914	9933
4918	6995
4918	9773
4919	3653
4919	7673
4919	8702
4919	8847
4919	9772
4919	9794
4919	9972
4921	7603
4921	8107
4921	8485
4921	9639
4921	9929
4926	9471
4926	9693
4956	3578
4956	4914
4956	5631
4956	8807
4956	9121
4965	3385
4973	5496
4973	8265
4973	9364
4973	9674
4973	9749
4973	9869
4986	6155
4986	8649
4986	9538
4988	5123
4988	5517
4988	9072
4988	9822
4988	9858
4989	3598
4989	8077
4989	9265
4989	9874
4990	2610
4990	8313
4990	9724
5002	8198
5002	8293
5002	8801
5002	9626
5009	2610
5009	9686
5044	769
5044	2522
5044	4746
5044	8717
5044	9451
5044	9825
5091	1365
5091	3175
5091	8594
5091	9782
5093	9099
5109	84
5109	2100
5109	5961
5109	7805
5109	8224
5109	8281
5109	9236
5109	9397
5109	9684
5109	9909
5112	6619
5112	8668
5112	9638
5112	9971
5120	2332
5120	8801
5123	4988
5129	5631
5129	8603
5129	9018
5129	9534
5133	4815
5133	6344
5133	7648
5133	8976
5133	9108
5133	9583
5151	6680
5151	7752
5151	7982
5151	8865
5151	9075
5151	9984
5165	6153
5165	8426
5166	9473
5166	9826
5166	9873
5187	6775
5187	8295
5187	8739
5187	9401
5187	9407
5187	9990
5196	6494
5196	6653
5196	7011
5196	8203
5196	8867
5196	9771
5196	9793
5207	4469
5207	8005
5209	3422
5209	6297
5209	6793
5209	7515
5209	8034
5209	8505
5209	8997
5209	9448
5209	9498
5209	9607
5220	1142
5220	8431
5220	9931
5247	5496
5247	8632
5254	921
5254	3385
5254	8510
5254	9198
5254	9448
5254	9602
5265	1774
5265	9493
5272	6155
5306	8699
5306	9813
5306	9932
5312	5978
5312	7362
5312	7598
5312	8783
5312	9512
5312	9546
5316	6625
5316	9471
5316	9837
5320	27
5320	268
5320	5978
5320	7311
5320	8297
5320	8524
5320	9825
5341	9639
5343	41
5343	3766
5343	8193
5343	8510
5343	8705
5343	9321
5343	9512
5348	1628
5348	1705
5348	7598
5348	8705
5348	9568
5356	322
5360	2100
5360	6414
5360	8627
5360	9174
5360	9698
5368	3929
5368	9990
5369	8438
5369	9054
5369	9205
5393	2631
5393	6007
5393	6940
5393	9249
5393	9400
5393	9429
5395	3974
5395	4643
5395	6512
5395	7303
5395	8567
5395	8632
5395	8962
5395	8976
5396	6907
5396	7428
5396	9785
5404	7728
5404	7788
5404	9402
5404	9407
5418	2600
5423	7538
5423	8569
5423	8887
5423	9753
5431	340
5431	1774
5431	4901
5431	8510
5431	8659
5431	8705
5431	8917
5431	9321
5431	9698
5431	9946
5433	316
5433	1649
5433	7510
5433	9261
5463	4594
5463	8633
5463	8749
5463	9638
5463	9971
5493	2610
5496	2445
5496	4973
5496	5247
5496	8265
5496	8313
5496	9359
5496	9364
5514	703
5514	906
5514	9932
5516	4046
5516	7155
5517	2097
5517	2304
5517	2547
5517	4988
5517	8294
5517	9401
5517	9858
5528	3778
5528	6250
5528	9623
5528	9698
5528	9766
5528	9870
5531	4185
5531	8231
5531	8974
5531	9648
5538	6155
5538	7648
5538	8649
5538	9680
5563	9121
5563	9716
5565	6825
5575	219
5575	2936
5575	3652
5575	6873
5575	8510
5575	8705
5575	9321
5584	7493
5584	7659
5584	7727
5584	7752
5622	84
5622	219
5622	595
5622	1883
5622	4717
5622	8516
5622	9151
5623	7294
5626	3211
5626	5665
5626	7493
5626	7659
5626	7787
5631	4956
5631	5129
5631	5823
5631	7613
5631	9018
5633	6086
5633	9148
5633	9381
5633	9917
5642	6936
5642	8438
5642	9430
5644	6442
5645	6698
5645	7978
5645	9409
5656	3808
5656	6645
5656	7337
5656	7391
5656	8074
5656	8194
5656	8333
5656	9639
5656	9929
5664	8749
5664	8854
5664	9971
5665	899
5665	5626
5665	6789
5665	7787
5681	2663
5709	2519
5709	8964
5709	9403
5709	9619
5709	9724
5710	3652
5722	3768
5722	6175
5722	7315
5722	8696
5722	9113
5722	9252
5722	9473
5722	9749
5722	9806
5722	9826
5742	2488
5742	3288
5742	9602
5742	9935
5755	7359
5755	8569
5755	9493
5793	3264
5793	6153
5793	7208
5793	8775
5793	9339
5793	9880
5796	8705
5796	9108
5800	2610
5803	2797
5803	9099
5805	6228
5805	9207
5805	9820
5807	6789
5807	7493
5807	7659
5816	6889
5821	6653
5821	9875
5823	5631
5823	9163
5823	9265
5823	9403
5823	9724
5823	9755
5831	1232
5831	7223
5831	9471
5831	9819
5866	7673
5867	8198
5867	8801
5867	8916
5867	9874
5894	560
5894	7804
5894	8463
5894	9782
5902	8696
5902	9716
5902	9820
5912	4015
5912	6907
5915	8611
5915	9786
5935	391
5935	6995
5935	7078
5935	7527
5940	4185
5940	8737
5944	6873
5944	8510
5944	8705
5944	9053
5944	9321
5944	9386
5958	624
5958	8847
5961	5109
5961	9397
5961	9909
5966	3766
5968	6086
5968	6153
5968	6466
5968	8529
5968	8577
5968	8739
5968	9101
5968	9194
5968	9407
5968	9568
5968	9927
5978	5312
5978	5320
5978	9512
5978	9546
6007	65
6007	187
6007	286
6007	3206
6007	4842
6007	5393
6019	2164
6019	3328
6019	6190
6019	8659
6028	464
6028	6494
6028	7515
6028	8034
6028	8505
6028	9498
6037	7804
6037	8321
6037	8990
6037	9443
6037	9702
6037	9863
6038	219
6038	1261
6038	4138
6038	4717
6038	6082
6038	7331
6038	8994
6038	9151
6038	9438
6038	9512
6038	9813
6042	3795
6042	8438
6042	9430
6067	99
6067	3861
6067	7391
6067	8204
6067	8631
6070	875
6070	1618
6070	2391
6070	6155
6070	7648
6070	9538
6070	9787
6082	4138
6082	6038
6082	7036
6082	9151
6086	5633
6086	5968
6086	9350
6100	8442
6100	8617
6106	7658
6106	8886
6106	9754
6106	9858
6114	7921
6149	152
6149	2147
6149	3622
6149	4420
6149	7538
6149	7881
6149	8677
6149	8887
6149	9274
6153	5165
6153	5793
6153	5968
6153	8067
6153	8861
6153	8886
6153	9629
6153	9754
6155	1446
6155	2725
6155	2900
6155	4986
6155	5272
6155	5538
6155	6070
6155	6902
6155	9018
6155	9308
6155	9528
6155	9538
6155	9722
6155	9908
6175	322
6175	1142
6175	4747
6175	5722
6175	9473
6175	9605
6190	247
6190	2600
6190	6019
6190	7155
6190	7223
6190	7426
6190	7623
6190	9075
6190	9158
6190	9581
6190	9583
6190	9791
6190	9943
6190	9984
6200	516
6200	6598
6200	7726
6200	9782
6213	2729
6213	3669
6213	8034
6213	8974
6213	9648
6213	9933
6213	9981
6228	4786
6228	5805
6228	7444
6228	8001
6228	8367
6228	8633
6228	9142
6228	9680
6250	754
6250	4492
6250	4848
6250	5528
6250	7084
6250	7208
6250	7518
6250	8775
6250	9339
6255	9702
6255	9863
6255	9984
6274	8976
6274	9538
6274	9787
6274	9908
6295	7510
6295	9407
6295	9626
6295	9772
6297	5209
6309	6936
6309	7658
6338	8848
6338	9346
6338	9411
6344	5133
6344	9113
6344	9931
6348	6773
6352	7426
6352	8272
6352	8936
6352	9075
6352	9556
6352	9583
6352	9669
6352	9754
6352	9791
6352	9943
6358	7447
6358	8529
6358	8546
6358	8700
6358	8783
6358	9228
6358	9711
6383	7623
6383	8426
6389	8590
6389	9163
6389	9403
6389	9619
6389	9724
6389	9755
6393	7538
6393	8603
6393	9137
6393	9740
6414	5360
6414	9101
6414	9432
6414	9698
6417	7311
6417	8297
6417	8524
6417	9451
6417	9825
6417	9935
6418	8077
6418	8204
6418	8964
6418	9403
6418	9724
6418	9755
6418	9874
6434	8594
6434	8739
6434	9101
6434	9401
6434	9565
6442	5644
6442	7060
6442	8749
6442	9638
6442	9789
6442	9971
6466	5968
6466	6775
6466	8594
6466	9101
6466	9565
6468	2031
6468	4575
6468	9693
6472	3162
6472	4751
6472	9099
6472	9113
6472	9236
6472	9798
6472	9952
6486	8567
6486	8632
6486	8801
6494	4528
6494	4605
6494	5196
6494	6028
6494	6653
6494	6907
6494	7728
6494	7940
6494	8617
6494	8867
6494	9028
6494	9471
6494	9771
6494	9793
6505	7538
6505	7594
6505	8887
6505	9753
6506	2219
6506	9417
6506	9943
6512	2725
6512	5395
6512	9493
6512	9731
6519	8700
6519	9536
6527	3791
6527	3878
6527	4474
6527	8057
6527	8617
6527	8681
6527	8777
6527	8793
6527	9054
6527	9611
6527	9684
6546	2039
6546	4469
6568	2610
6568	8001
6568	9394
6568	9753
6568	9875
6575	7129
6575	8677
6575	9981
6578	675
6578	9558
6585	9771
6590	4628
6590	8204
6590	9265
6590	9403
6590	9755
6590	9874
6598	4138
6598	6200
6598	7726
6610	7940
6610	8576
6619	5112
6619	8668
6619	8749
6625	674
6625	3093
6625	5316
6625	6954
6625	7294
6625	8400
6626	3419
6626	3456
6626	8438
6626	9430
6629	4429
6629	9395
6645	5656
6645	9825
6651	7362
6651	8847
6651	9972
6653	1213
6653	5196
6653	5821
6653	6494
6653	8371
6653	8867
6653	8999
6653	9771
6653	9793
6664	3162
6664	6995
6664	9099
6664	9113
6664	9215
6664	9236
6664	9798
6680	5151
6680	9864
6685	7151
6685	9075
6685	9099
6690	2410
6690	8736
6690	9200
6697	9163
6698	1761
6698	5645
6698	7084
6698	7377
6698	7962
6698	8633
6698	9716
6698	9792
6698	9858
6701	216
6701	7222
6701	8696
6717	8848
6717	8976
6721	9275
6721	9556
6760	1453
6760	2619
6760	8107
6760	8737
6760	9786
6768	8627
6768	8702
6768	9200
6769	2031
6769	9308
6769	9809
6773	907
6773	6348
6773	7571
6773	7629
6773	9405
6773	9626
6775	5187
6775	6466
6775	7065
6775	9194
6775	9407
6789	899
6789	3211
6789	3521
6789	4484
6789	5665
6789	5807
6789	7493
6789	7659
6789	7747
6789	8064
6789	8643
6789	9236
6789	9305
6793	5209
6796	3977
6796	7368
6796	8569
6796	8865
6796	9158
6796	9398
6796	9943
6804	1986
6804	8523
6804	8705
6804	9219
6804	9482
6813	8077
6813	9167
6814	7169
6814	8204
6825	2039
6825	5565
6825	7078
6825	8689
6825	9747
6825	9825
6825	9853
6825	9887
6870	8643
6873	41
6873	1066
6873	3766
6873	4901
6873	5575
6873	5944
6873	8663
6873	8705
6873	8957
6873	9053
6873	9321
6873	9639
6878	7758
6878	8569
6878	9493
6878	9792
6889	2979
6889	5816
6889	7317
6889	7898
6889	8107
6889	9199
6902	4815
6902	6155
6902	7727
6902	9908
6907	5396
6907	5912
6907	6494
6907	9929
6911	1705
6911	3834
6911	7777
6911	8867
6911	8999
6911	9771
6911	9793
6929	8976
6929	9582
6934	4582
6934	8560
6934	8917
6934	9755
6936	4830
6936	5642
6936	6309
6936	9445
6940	5393
6940	8997
6940	9262
6940	9693
6954	6625
6954	9698
6971	522
6971	3087
6971	3583
6971	4338
6971	7681
6971	8565
6971	9167
6971	9448
6971	9792
6975	8495
6975	8702
6975	8801
6995	2995
6995	4429
6995	4918
6995	5935
6995	6664
6995	9099
6995	9113
6995	9236
6995	9798
7011	3288
7011	4392
7011	5196
7011	8076
7011	8867
7011	9771
7011	9793
7036	4138
7036	6082
7036	9151
7046	1668
7046	4891
7046	9754
7046	9873
7048	714
7048	1261
7048	1774
7048	8064
7048	8505
7060	6442
7060	8427
7060	9022
7060	9305
7060	9411
7065	624
7065	2031
7065	3976
7065	6775
7065	8294
7065	8594
7065	9194
7065	9401
7065	9405
7065	9407
7065	9445
7065	9702
7078	5935
7078	6825
7078	9772
7078	9887
7084	6250
7084	6698
7084	7829
7084	7953
7084	8633
7084	9200
7084	9680
7084	9716
7084	9820
7088	8224
7088	8281
7088	9397
7099	8749
7123	3530
7123	4746
7123	9228
7129	6575
7129	8529
7139	8957
7151	6685
7151	7856
7151	8801
7151	9971
7155	390
7155	5516
7155	6190
7169	6814
7169	9530
7208	1761
7208	5793
7208	6250
7208	9311
7208	9623
7208	9791
7208	9870
7222	6701
7222	8193
7222	9530
7223	5831
7223	6190
7229	4153
7245	8575
7245	9101
7245	9249
7245	9264
7245	9626
7245	9908
7279	8696
7279	9205
7294	5623
7294	6625
7294	9228
7302	9556
7302	9583
7303	5395
7303	9795
7311	1927
7311	2040
7311	4582
7311	4868
7311	5320
7311	6417
7311	8297
7311	8485
7311	8717
7311	8887
7311	8955
7311	9265
7311	9623
7311	9825
7315	322
7315	5722
7315	7629
7315	9252
7315	9826
7317	6889
7317	9072
7327	4122
7327	4587
7327	9397
7331	4582
7331	6038
7331	8560
7336	4185
7336	4376
7336	9215
7337	4392
7337	5656
7337	7566
7337	8194
7337	9639
7337	9929
7342	9669
7342	9740
7351	907
7351	2219
7351	3578
7351	8576
7351	9065
7351	9394
7351	9828
7359	5755
7359	8848
7362	245
7362	1759
7362	5312
7362	6651
7362	7598
7362	8847
7362	9075
7362	9512
7362	9546
7368	3836
7368	4015
7368	6796
7368	8272
7368	8367
7368	8565
7368	8865
7368	9158
7368	9398
7377	6698
7391	1683
7391	5656
7391	6067
7391	7603
7391	8107
7391	8485
7391	9639
7426	324
7426	492
7426	4838
7426	6190
7426	6352
7426	8576
7426	9075
7426	9158
7426	9371
7426	9583
7426	9669
7426	9984
7428	202
7428	2848
7428	3422
7428	5396
7428	7978
7428	9054
7428	9538
7444	6228
7444	9451
7444	9858
7447	3530
7447	6358
7447	9228
7454	4392
7454	9785
7456	1732
7456	9917
7483	8272
7493	5584
7493	5626
7493	5807
7493	6789
7493	7787
7494	3766
7494	7852
7494	8174
7494	9582
7510	4474
7510	5433
7510	6295
7510	8333
7510	9261
7515	4484
7515	4751
7515	5209
7515	6028
7515	7727
7515	8034
7515	9448
7515	9530
7517	7659
7517	7953
7518	6250
7527	5935
7527	7940
7527	9568
7532	4528
7532	9645
7538	4420
7538	5423
7538	6149
7538	6393
7538	6505
7538	7594
7538	9753
7566	4429
7566	7337
7566	8943
7566	9684
7568	1092
7568	8529
7568	8962
7568	9307
7568	9416
7571	6773
7571	9405
7578	8565
7578	8631
7578	9677
7579	3976
7579	8295
7579	8529
7579	8577
7579	9101
7579	9194
7579	9407
7579	9565
7585	2729
7585	8231
7585	8371
7585	8974
7585	9648
7585	9933
7594	941
7594	951
7594	2147
7594	4420
7594	6505
7594	7538
7594	8314
7594	8887
7594	9753
7598	2863
7598	5312
7598	5348
7598	7362
7598	9512
7598	9546
7598	9716
7600	7705
7600	7907
7600	9148
7600	9381
7600	9917
7603	4921
7603	7391
7603	8749
7603	9075
7603	9639
7603	9929
7613	3808
7613	5631
7613	9534
7620	8107
7620	8272
7620	8736
7623	2097
7623	4338
7623	4838
7623	6190
7623	6383
7623	8426
7629	6773
7629	7315
7629	9101
7629	9199
7629	9405
7647	152
7647	9228
7647	9795
7648	4905
7648	5133
7648	5538
7648	6070
7648	7933
7648	8649
7648	8976
7648	9538
7648	9908
7656	4891
7656	9607
7658	4527
7658	6106
7658	6309
7658	8481
7658	9432
7658	9698
7659	899
7659	5584
7659	5626
7659	5807
7659	6789
7659	7517
7659	7787
7659	9448
7664	8224
7664	8780
7664	9607
7664	9669
7664	9678
7673	3175
7673	4919
7673	5866
7673	7804
7673	8463
7673	9782
7673	9813
7673	9908
7675	8107
7675	9249
7680	1232
7680	7804
7680	8134
7680	9782
7681	522
7681	6971
7681	8565
7681	9167
7681	9375
7695	8999
7695	9471
7695	9952
7703	3652
7703	7869
7705	7600
7705	7907
7705	9148
7705	9163
7705	9381
7718	247
7718	8994
7718	9344
7718	9403
7718	9458
7718	9568
7726	6200
7726	6598
7726	8224
7726	8434
7727	556
7727	5584
7727	6902
7727	7515
7727	8649
7727	8801
7727	9538
7727	9787
7727	9794
7727	9908
7728	4666
7728	5404
7728	6494
7728	9369
7747	6789
7747	8689
7747	9053
7747	9398
7747	9789
7747	9858
7752	3977
7752	5151
7752	5584
7752	7982
7752	8865
7752	9158
7752	9398
7752	9669
7752	9791
7752	9984
7758	624
7758	6878
7758	9283
7760	9972
7760	9981
7777	6911
7777	7940
7777	8076
7777	8999
7777	9028
7777	9771
7777	9793
7787	5626
7787	5665
7787	7493
7787	7659
7788	4138
7788	5404
7804	5894
7804	6037
7804	7673
7804	7680
7804	9825
7805	1350
7805	5109
7805	8286
7805	9965
7807	4185
7807	9258
7807	9369
7818	1453
7818	9629
7829	7084
7829	8931
7852	703
7852	7494
7852	8699
7852	9813
7852	9932
7856	7151
7856	8801
7857	8974
7865	8575
7865	8749
7869	7703
7869	8789
7869	9339
7869	9530
7869	9731
7869	9864
7881	6149
7881	8426
7881	9837
7898	6889
7898	9198
7905	4575
7905	9141
7905	9594
7907	2788
7907	3129
7907	7600
7907	7705
7907	8887
7907	9148
7907	9917
7910	8700
7910	9158
7910	9536
7910	9676
7921	6114
7921	8379
7921	8510
7933	7648
7933	8976
7933	9174
7933	9538
7933	9787
7933	9908
7940	6494
7940	6610
7940	7527
7940	7777
7940	8076
7940	8371
7940	8867
7940	8964
7940	8999
7940	9028
7940	9449
7940	9771
7940	9793
7944	516
7944	9792
7951	8231
7951	8801
7953	7084
7953	7517
7953	8057
7953	8717
7953	8777
7953	8793
7953	9611
7962	4786
7962	6698
7978	5645
7978	7428
7978	9471
7982	4838
7982	5151
7982	7752
7982	8611
7982	9075
7982	9158
7982	9398
7982	9583
7982	9771
7982	9791
7982	9984
8001	6228
8001	6568
8001	8331
8001	9875
8005	3977
8005	4578
8005	5207
8005	9877
8024	4015
8031	8663
8031	8708
8031	9638
8031	9931
8034	5209
8034	6028
8034	6213
8034	7515
8034	8505
8034	8633
8034	9498
8057	4338
8057	6527
8057	7953
8057	8681
8057	8749
8057	8777
8057	8793
8057	9072
8057	9321
8057	9611
8064	6789
8064	7048
8067	6153
8074	5656
8074	9471
8074	9568
8076	7011
8076	7777
8076	7940
8076	8371
8076	8867
8076	9028
8076	9771
8076	9793
8076	9927
8077	2487
8077	4989
8077	6418
8077	6813
8077	8204
8077	9060
8077	9163
8077	9403
8077	9755
8077	9874
8107	4492
8107	4921
8107	6760
8107	6889
8107	7391
8107	7620
8107	7675
8107	8174
8107	8194
8107	8485
8107	9639
8107	9929
8126	2228
8126	2797
8126	9403
8134	3675
8134	7680
8134	8848
8134	8943
8134	9158
8134	9238
8134	9673
8134	9825
8143	4429
8143	9773
8155	3230
8170	2040
8170	9755
8174	7494
8174	8107
8174	8997
8174	9582
8193	216
8193	703
8193	5343
8193	7222
8193	9236
8193	9952
8194	4392
8194	5656
8194	7337
8194	8107
8194	9215
8194	9929
8198	4328
8198	5002
8198	5867
8198	8293
8198	8801
8198	8916
8203	516
8203	5196
8204	4120
8204	6067
8204	6418
8204	6590
8204	6814
8204	8077
8204	8964
8204	9005
8204	9022
8204	9163
8204	9619
8204	9874
8208	8899
8208	8957
8208	9583
8224	2552
8224	2788
8224	4704
8224	5109
8224	7088
8224	7664
8224	7726
8224	8281
8224	8379
8224	8604
8224	9407
8224	9684
8224	9909
8231	1352
8231	5531
8231	7585
8231	7951
8231	8974
8231	9648
8265	4973
8265	5496
8265	9364
8265	9887
8272	324
8272	4015
8272	6352
8272	7368
8272	7483
8272	7620
8272	9398
8272	9669
8272	9791
8272	9943
8272	9984
8281	2788
8281	5109
8281	7088
8281	8224
8281	9397
8281	9702
8281	9909
8283	2797
8283	9531
8283	9794
8283	9880
8283	9914
8284	9698
8286	4618
8286	7805
8286	8546
8286	9198
8286	9402
8286	9965
8291	1412
8291	4605
8291	9474
8293	4175
8293	5002
8293	8198
8293	8801
8293	8916
8293	9813
8294	5517
8294	7065
8294	8295
8294	8529
8294	8577
8294	8594
8294	8739
8294	9101
8294	9194
8294	9407
8295	4578
8295	5187
8295	7579
8295	8294
8295	8529
8295	8594
8295	9401
8295	9407
8295	9565
8295	9794
8297	5320
8297	6417
8297	7311
8297	9451
8297	9773
8297	9825
8313	3929
8313	4990
8313	5496
8313	9075
8314	7594
8314	9167
8321	2948
8321	6037
8321	9207
8321	9236
8321	9369
8321	9443
8321	9702
8321	9863
8331	8001
8331	9262
8331	9875
8333	5656
8333	7510
8333	8686
8354	538
8354	8990
8354	9568
8366	99
8366	4172
8366	9268
8366	9794
8367	6228
8367	7368
8367	8633
8367	9167
8367	9680
8367	9716
8367	9820
8371	439
8371	6653
8371	7585
8371	7940
8371	8076
8371	8999
8371	9028
8371	9771
8371	9793
8379	3419
8379	7921
8379	8224
8379	8696
8379	9205
8379	9249
8400	6625
8400	9207
8400	9395
8400	9417
8426	4328
8426	5165
8426	6383
8426	7623
8426	7881
8426	9558
8427	7060
8427	9065
8427	9249
8427	9828
8431	5220
8431	9990
8434	522
8434	7726
8438	3082
8438	5369
8438	5642
8438	6042
8438	6626
8438	9018
8438	9275
8438	9430
8438	9971
8442	6100
8442	8617
8442	8786
8442	8931
8442	9605
8442	9984
8463	5894
8463	7673
8463	9782
8463	9909
8481	7658
8481	9698
8481	9724
8485	714
8485	3808
8485	4921
8485	7311
8485	7391
8485	8107
8485	9639
8485	9929
8495	3087
8495	6975
8495	8576
8495	9466
8500	4015
8500	4605
8500	9972
8505	3422
8505	5209
8505	6028
8505	7048
8505	8034
8505	8571
8505	8886
8505	9311
8505	9448
8505	9984
8510	137
8510	3578
8510	3652
8510	3689
8510	3766
8510	4713
8510	5254
8510	5343
8510	5431
8510	5575
8510	5944
8510	7921
8510	8705
8510	9053
8510	9321
8510	9693
8516	5622
8523	6804
8524	2522
8524	5320
8524	6417
8524	9167
8524	9451
8524	9538
8524	9825
8529	3976
8529	5968
8529	6358
8529	7129
8529	7568
8529	7579
8529	8294
8529	8295
8529	8739
8529	8974
8529	9401
8529	9407
8529	9565
8543	4693
8543	4842
8543	8816
8543	9474
8546	1350
8546	4469
8546	6358
8546	8286
8546	9402
8546	9965
8560	975
8560	1485
8560	2100
8560	4582
8560	6934
8560	7331
8560	9394
8560	9794
8560	9965
8565	1668
8565	3110
8565	6971
8565	7368
8565	7578
8565	7681
8565	9167
8565	9375
8565	9822
8567	5395
8567	6486
8569	4520
8569	5423
8569	5755
8569	6796
8569	6878
8569	9261
8569	9493
8571	2663
8571	8505
8571	9489
8571	9531
8575	7245
8575	7865
8575	9264
8575	9542
8575	9622
8576	93
8576	6610
8576	7351
8576	7426
8576	8495
8576	9819
8577	4520
8577	4527
8577	5968
8577	7579
8577	8294
8577	8594
8577	9101
8577	9401
8590	906
8590	6389
8590	9215
8590	9249
8590	9673
8594	5091
8594	6434
8594	6466
8594	7065
8594	8294
8594	8295
8594	8577
8594	9101
8594	9194
8594	9401
8594	9933
8603	3793
8603	5129
8603	6393
8603	8681
8603	9344
8603	9981
8604	268
8604	2788
8604	8224
8604	8796
8604	8999
8604	9397
8604	9684
8604	9909
8611	1301
8611	1453
8611	3261
8611	4347
8611	5915
8611	7982
8611	9307
8617	6100
8617	6494
8617	6527
8617	8442
8617	9622
8627	4469
8627	5360
8627	6768
8627	9028
8627	9252
8627	9826
8627	9873
8631	6067
8631	7578
8632	5247
8632	5395
8632	6486
8633	500
8633	4641
8633	5463
8633	6228
8633	6698
8633	7084
8633	8034
8633	8367
8633	8689
8633	9283
8643	6789
8643	6870
8643	8910
8643	9148
8643	9605
8643	9736
8649	4986
8649	5538
8649	7648
8649	7727
8649	8789
8649	8976
8649	9538
8649	9660
8649	9787
8649	9908
8659	5431
8659	6019
8659	9238
8660	8848
8660	9556
8660	9674
8663	322
8663	3206
8663	4445
8663	6873
8663	8031
8663	8708
8663	8981
8663	9931
8668	2943
8668	4594
8668	5112
8668	6619
8668	8749
8668	9638
8668	9971
8677	6149
8677	6575
8677	8962
8677	8997
8680	9542
8680	9794
8680	9931
8681	3878
8681	6527
8681	8057
8681	8603
8681	8777
8681	8793
8681	9611
8681	9870
8686	3768
8686	8333
8686	9984
8689	6825
8689	7747
8689	8633
8689	9853
8689	9887
8696	3598
8696	5722
8696	5902
8696	6701
8696	7279
8696	8379
8696	9205
8696	9877
8699	84
8699	5306
8699	7852
8699	9795
8699	9932
8700	730
8700	6358
8700	6519
8700	7910
8700	8844
8700	9381
8700	9536
8700	9753
8702	2863
8702	3622
8702	3945
8702	3967
8702	4891
8702	4919
8702	6768
8702	6975
8705	137
8705	3578
8705	3652
8705	3689
8705	5343
8705	5348
8705	5431
8705	5575
8705	5796
8705	5944
8705	6804
8705	6873
8705	8510
8705	9053
8705	9321
8705	9674
8708	3206
8708	3821
8708	8031
8708	8663
8708	9674
8708	9777
8708	9931
8717	527
8717	4374
8717	5044
8717	7311
8717	7953
8717	9451
8736	4713
8736	6690
8736	7620
8736	8833
8736	9407
8736	9806
8737	1090
8737	1261
8737	2619
8737	5940
8737	6760
8737	9786
8737	9809
8739	4545
8739	5187
8739	5968
8739	6434
8739	8294
8739	8529
8739	9101
8739	9194
8739	9401
8739	9565
8739	9931
8749	887
8749	2943
8749	5463
8749	5664
8749	6442
8749	6619
8749	7099
8749	7603
8749	7865
8749	8057
8749	8668
8749	8974
8749	9638
8749	9971
8766	624
8769	3194
8769	4172
8769	9493
8769	9678
8769	9794
8775	1849
8775	5793
8775	6250
8775	9339
8775	9870
8777	6527
8777	7953
8777	8057
8777	8681
8777	9611
8777	9864
8780	3808
8780	7664
8780	8999
8780	9405
8780	9409
8780	9678
8782	345
8782	3668
8782	3878
8782	9722
8782	9813
8783	2968
8783	3689
8783	3768
8783	3955
8783	4484
8783	5312
8783	6358
8783	9113
8783	9489
8786	1142
8786	8442
8786	9148
8786	9258
8786	9339
8789	7869
8789	8649
8789	9731
8793	3878
8793	6527
8793	7953
8793	8057
8793	8681
8793	9611
8796	8604
8796	8936
8796	9108
8796	9458
8796	9740
8801	4175
8801	5002
8801	5120
8801	5867
8801	6486
8801	6975
8801	7151
8801	7727
8801	7856
8801	7951
8801	8198
8801	8293
8801	8916
8801	9053
8801	9411
8801	9747
8803	2552
8807	4956
8816	1849
8816	8543
8816	9274
8816	9311
8816	9395
8816	9669
8816	9766
8833	2240
8833	4641
8833	8736
8833	9198
8844	675
8844	8700
8844	9398
8847	4812
8847	4919
8847	5958
8847	6651
8847	7362
8847	9252
8847	9972
8848	6338
8848	6717
8848	7359
8848	8134
8848	8660
8848	9373
8848	9736
8854	4474
8854	5664
8854	9530
8854	9806
8854	9914
8857	8976
8861	6153
8861	9236
8861	9629
8861	9754
8861	9870
8865	3791
8865	4838
8865	5151
8865	6796
8865	7368
8865	7752
8865	9103
8865	9158
8865	9398
8865	9791
8865	9943
8865	9984
8867	5196
8867	6494
8867	6653
8867	6911
8867	7011
8867	7940
8867	8076
8867	8999
8867	9028
8867	9163
8867	9429
8867	9771
8867	9793
8867	9887
8886	6106
8886	6153
8886	8505
8886	9493
8886	9498
8886	9754
8886	9981
8887	941
8887	951
8887	2240
8887	4474
8887	5423
8887	6149
8887	6505
8887	7311
8887	7594
8887	7907
8887	9753
8899	70
8899	8208
8899	8957
8910	8643
8910	9305
8910	9813
8916	4175
8916	5867
8916	8198
8916	8293
8916	8801
8917	5431
8917	6934
8917	9394
8917	9731
8931	4474
8931	4605
8931	7829
8931	8442
8931	9530
8931	9806
8936	6352
8936	8796
8943	1145
8943	7566
8943	8134
8943	9445
8943	9946
8955	527
8955	769
8955	7311
8955	9451
8955	9825
8955	9875
8957	126
8957	2508
8957	4434
8957	6873
8957	7139
8957	8208
8957	8899
8957	9458
8962	5395
8962	7568
8962	8677
8962	9307
8964	5709
8964	6418
8964	7940
8964	8204
8964	9022
8964	9060
8964	9163
8964	9265
8964	9403
8964	9619
8964	9755
8969	84
8969	9528
8969	9642
8969	9684
8974	93
8974	1352
8974	1710
8974	2413
8974	4681
8974	5531
8974	6213
8974	7585
8974	7857
8974	8231
8974	8529
8974	8749
8974	9565
8974	9582
8974	9933
8976	585
8976	875
8976	2900
8976	5133
8976	5395
8976	6274
8976	6717
8976	6929
8976	7648
8976	7933
8976	8649
8976	8857
8976	9386
8976	9908
8981	8663
8981	9887
8990	137
8990	6037
8990	8354
8990	9638
8994	6038
8994	7718
8994	9199
8994	9265
8994	9458
8997	5209
8997	6940
8997	8174
8997	8677
8997	9623
8997	9933
8999	439
8999	2056
8999	4374
8999	6653
8999	6911
8999	7695
8999	7777
8999	7940
8999	8371
8999	8604
8999	8780
8999	8867
8999	9028
8999	9531
8999	9771
8999	9793
9005	4492
9005	4681
9005	8204
9018	2759
9018	5129
9018	5631
9018	6155
9018	8438
9018	9753
9022	675
9022	4811
9022	7060
9022	8204
9022	8964
9022	9265
9022	9403
9022	9724
9022	9755
9022	9874
9028	3834
9028	6494
9028	7777
9028	7940
9028	8076
9028	8371
9028	8627
9028	8867
9028	8999
9028	9443
9028	9771
9028	9793
9053	41
9053	340
9053	1368
9053	1774
9053	2332
9053	2936
9053	3578
9053	3652
9053	3689
9053	3766
9053	4469
9053	4693
9053	4770
9053	4901
9053	5944
9053	6873
9053	7747
9053	8510
9053	8705
9053	8801
9053	9321
9053	9482
9053	9677
9053	9886
9054	202
9054	1683
9054	5369
9054	6527
9054	7428
9060	8077
9060	8964
9060	9629
9060	9984
9065	2759
9065	4354
9065	7351
9065	8427
9065	9405
9065	9679
9065	9875
9072	137
9072	4988
9072	7317
9072	8057
9072	9673
9075	1232
9075	2797
9075	3235
9075	3791
9075	3977
9075	4868
9075	5151
9075	6190
9075	6352
9075	6685
9075	7362
9075	7426
9075	7603
9075	7982
9075	8313
9075	9205
9075	9228
9075	9398
9075	9669
9075	9740
9075	9791
9075	9943
9099	110
9099	497
9099	2995
9099	4179
9099	4429
9099	4889
9099	5093
9099	5803
9099	6472
9099	6664
9099	6685
9099	6995
9099	9113
9099	9236
9099	9538
9099	9798
9099	9869
9101	5968
9101	6414
9101	6434
9101	6466
9101	7245
9101	7579
9101	7629
9101	8294
9101	8577
9101	8594
9101	8739
9101	9194
9101	9401
9101	9565
9101	9731
9103	3652
9103	8865
9103	9402
9108	268
9108	1431
9108	1681
9108	4046
9108	4737
9108	5133
9108	5796
9108	8796
9108	9645
9113	902
9113	2995
9113	3162
9113	3795
9113	4429
9113	4751
9113	4889
9113	5722
9113	6344
9113	6472
9113	6664
9113	6995
9113	8783
9113	9099
9113	9236
9113	9798
9121	4469
9121	4956
9121	5563
9137	6393
9137	9659
9141	2683
9141	4575
9141	7905
9141	9594
9142	1487
9142	6228
9142	9252
9142	9648
9142	9809
9148	5633
9148	7600
9148	7705
9148	7907
9148	8643
9148	8786
9148	9381
9148	9432
9148	9914
9148	9917
9151	1883
9151	4717
9151	5622
9151	6038
9151	6082
9151	7036
9151	9795
9158	4545
9158	4594
9158	6190
9158	6796
9158	7368
9158	7426
9158	7752
9158	7910
9158	7982
9158	8134
9158	8865
9158	9398
9158	9583
9158	9669
9158	9791
9158	9984
9163	560
9163	1136
9163	5823
9163	6389
9163	6697
9163	7705
9163	8077
9163	8204
9163	8867
9163	8964
9163	9265
9163	9358
9163	9499
9163	9534
9163	9619
9163	9724
9163	9755
9163	9874
9167	1668
9167	6813
9167	6971
9167	7681
9167	8314
9167	8367
9167	8524
9167	8565
9167	9375
9167	9677
9174	2683
9174	4376
9174	5360
9174	7933
9174	9344
9174	9432
9174	9772
9194	1066
9194	4122
9194	4527
9194	5968
9194	6775
9194	7065
9194	7579
9194	8294
9194	8594
9194	8739
9194	9101
9194	9401
9194	9407
9194	9565
9194	9887
9198	2040
9198	5254
9198	7898
9198	8286
9198	8833
9198	9373
9198	9747
9199	6889
9199	7629
9199	8994
9199	9402
9200	2979
9200	4713
9200	6690
9200	6768
9200	7084
9200	9438
9200	9676
9200	9722
9205	3598
9205	5369
9205	7279
9205	8379
9205	8696
9205	9075
9205	9766
9207	5805
9207	8321
9207	8400
9207	9395
9213	4666
9215	1289
9215	6664
9215	7336
9215	8194
9215	8590
9215	9249
9215	9673
9215	9965
9219	6804
9228	3530
9228	6358
9228	7123
9228	7294
9228	7447
9228	7647
9228	9075
9228	9981
9236	110
9236	902
9236	3162
9236	3385
9236	3795
9236	3849
9236	4179
9236	4429
9236	5109
9236	6472
9236	6664
9236	6789
9236	6995
9236	8193
9236	8321
9236	8861
9236	9099
9236	9113
9236	9741
9236	9798
9238	8134
9238	8659
9238	9771
9249	538
9249	4582
9249	4594
9249	5393
9249	7245
9249	7675
9249	8379
9249	8427
9249	8590
9249	9215
9249	9673
9249	9753
9249	9772
9252	307
9252	5722
9252	7315
9252	8627
9252	8847
9252	9142
9252	9397
9252	9473
9252	9826
9252	9873
9258	522
9258	7807
9258	8786
9258	9660
9261	5433
9261	7510
9261	8569
9261	9611
9262	296
9262	6940
9262	8331
9262	9401
9262	9429
9262	9794
9264	3976
9264	7245
9264	8575
9264	9622
9265	675
9265	4989
9265	5823
9265	6590
9265	7311
9265	8964
9265	8994
9265	9022
9265	9163
9265	9403
9265	9619
9265	9874
9268	2663
9268	8366
9268	9789
9274	6149
9274	8816
9274	9283
9274	9407
9274	9607
9274	9869
9274	9965
9275	6721
9275	8438
9283	7758
9283	8633
9283	9274
9303	1350
9303	9785
9305	4770
9305	6789
9305	7060
9305	8910
9305	9386
9305	9972
9307	7568
9307	8611
9307	8962
9308	6155
9308	6769
9308	9401
9311	161
9311	1849
9311	7208
9311	8505
9311	8816
9321	137
9321	1438
9321	2936
9321	3578
9321	3652
9321	3689
9321	3766
9321	4901
9321	5343
9321	5431
9321	5575
9321	5944
9321	6873
9321	8057
9321	8510
9321	8705
9321	9053
9339	754
9339	5793
9339	6250
9339	7869
9339	8775
9339	8786
9339	9623
9339	9870
9344	7718
9344	8603
9344	9174
9344	9458
9344	9530
9344	9864
9346	1350
9346	6338
9346	9474
9346	9581
9350	2219
9350	6086
9350	9569
9358	9163
9359	5496
9359	9364
9359	9869
9364	2304
9364	4973
9364	5496
9364	8265
9364	9359
9364	9498
9364	9869
9369	1252
9369	2410
9369	3977
9369	7728
9369	7807
9369	8321
9369	9443
9369	9702
9369	9863
9371	7426
9371	9416
9373	2882
9373	8848
9373	9198
9373	9531
9375	1668
9375	7681
9375	8565
9375	9167
9375	9558
9381	344
9381	3916
9381	4105
9381	5633
9381	7600
9381	7705
9381	8700
9381	9148
9381	9623
9381	9917
9386	5944
9386	8976
9386	9305
9386	9777
9394	341
9394	4354
9394	4445
9394	6568
9394	7351
9394	8560
9394	8917
9394	9679
9394	9828
9395	6629
9395	8400
9395	8816
9395	9207
9395	9493
9395	9822
9397	5109
9397	5961
9397	7088
9397	7327
9397	8281
9397	8604
9397	9252
9397	9449
9397	9684
9398	2797
9398	3836
9398	6796
9398	7368
9398	7747
9398	7752
9398	7982
9398	8272
9398	8844
9398	8865
9398	9075
9398	9158
9398	9583
9398	9602
9398	9669
9398	9791
9398	9943
9398	9984
9400	5393
9400	9466
9401	1487
9401	3976
9401	4527
9401	5187
9401	5517
9401	6434
9401	7065
9401	8295
9401	8529
9401	8577
9401	8594
9401	8739
9401	9101
9401	9194
9401	9262
9401	9308
9401	9407
9402	1350
9402	2228
9402	5404
9402	8286
9402	8546
9402	9103
9402	9199
9403	560
9403	5709
9403	5823
9403	6389
9403	6418
9403	6590
9403	7718
9403	8077
9403	8126
9403	8964
9403	9022
9403	9265
9403	9622
9403	9711
9403	9724
9403	9755
9403	9874
9405	3668
9405	6773
9405	7065
9405	7571
9405	7629
9405	8780
9405	9065
9405	9416
9407	1066
9407	2882
9407	4520
9407	5187
9407	5404
9407	5968
9407	6295
9407	6775
9407	7065
9407	7579
9407	8224
9407	8294
9407	8295
9407	8529
9407	8736
9407	9194
9407	9274
9407	9401
9407	9565
9407	9724
9407	9984
9409	5645
9409	8780
9409	9669
9411	6338
9411	7060
9411	8801
9416	7568
9416	9371
9416	9405
9416	9493
9417	2219
9417	2390
9417	6506
9417	8400
9417	9679
9429	5393
9429	8867
9429	9262
9429	9623
9430	1849
9430	3082
9430	5642
9430	6042
9430	6626
9430	8438
9430	9607
9430	9914
9430	9981
9432	6414
9432	7658
9432	9148
9432	9174
9432	9698
9438	2979
9438	3194
9438	6038
9438	9200
9443	6037
9443	8321
9443	9028
9443	9369
9443	9471
9443	9673
9443	9674
9443	9702
9443	9766
9443	9863
9443	9990
9445	6936
9445	7065
9445	8943
9445	9946
9448	5209
9448	5254
9448	6971
9448	7515
9448	7659
9448	8505
9448	9498
9449	7940
9449	9397
9449	9785
9449	9801
9451	5044
9451	6417
9451	7444
9451	8297
9451	8524
9451	8717
9451	8955
9451	9825
9458	740
9458	2164
9458	7718
9458	8796
9458	8957
9458	8994
9458	9344
9458	9722
9458	9909
9466	8495
9466	9400
9466	9809
9466	9864
9471	921
9471	4926
9471	5316
9471	5831
9471	6494
9471	7695
9471	7978
9471	8074
9471	9443
9471	9819
9473	322
9473	4747
9473	5166
9473	5722
9473	6175
9473	9252
9473	9669
9473	9826
9473	9873
9474	2900
9474	3521
9474	8291
9474	8543
9474	9346
9474	9581
9474	9716
9482	1090
9482	6804
9482	9053
9482	9642
9482	9679
9482	9771
9489	3761
9489	4484
9489	8571
9489	8783
9493	5265
9493	5755
9493	6512
9493	6878
9493	8569
9493	8769
9493	8886
9493	9395
9493	9416
9498	3419
9498	5209
9498	6028
9498	8034
9498	8886
9498	9364
9498	9448
9499	9163
9512	245
9512	5312
9512	5343
9512	5978
9512	6038
9512	7362
9512	7598
9512	9546
9528	6155
9528	8969
9528	9546
9528	9785
9530	2725
9530	4474
9530	7169
9530	7222
9530	7515
9530	7869
9530	8854
9530	8931
9530	9344
9530	9806
9530	9914
9531	1705
9531	8283
9531	8571
9531	8999
9531	9373
9534	2759
9534	5129
9534	7613
9534	9163
9536	6519
9536	7910
9536	8700
9536	9943
9538	585
9538	875
9538	3791
9538	4815
9538	4986
9538	6070
9538	6155
9538	6274
9538	7428
9538	7648
9538	7727
9538	7933
9538	8524
9538	8649
9538	9099
9538	9787
9538	9908
9542	1618
9542	3849
9542	8575
9542	8680
9546	245
9546	5312
9546	5978
9546	7362
9546	7598
9546	9512
9546	9528
9546	9785
9556	4830
9556	6352
9556	6721
9556	7302
9556	8660
9556	9917
9558	6578
9558	8426
9558	9375
9565	1431
9565	3976
9565	4520
9565	4527
9565	4746
9565	6434
9565	6466
9565	7579
9565	8295
9565	8529
9565	8739
9565	8974
9565	9101
9565	9194
9565	9407
9568	1628
9568	5348
9568	5968
9568	7527
9568	7718
9568	8074
9568	8354
9569	1438
9569	9350
9569	9785
9581	6190
9581	9346
9581	9474
9581	9605
9582	1759
9582	6929
9582	7494
9582	8174
9582	8974
9583	621
9583	3791
9583	3836
9583	5133
9583	6190
9583	6352
9583	7302
9583	7426
9583	7982
9583	8208
9583	9158
9583	9398
9583	9669
9583	9791
9583	9943
9594	1453
9594	2848
9594	7905
9594	9141
9594	9795
9602	1136
9602	3288
9602	5254
9602	5742
9602	9398
9602	9711
9602	9858
9602	9946
9605	4354
9605	6175
9605	8442
9605	8643
9605	9581
9607	5209
9607	7656
9607	7664
9607	9274
9607	9430
9607	9678
9607	9773
9611	3878
9611	6527
9611	7953
9611	8057
9611	8681
9611	8777
9611	8793
9611	9261
9619	2631
9619	5709
9619	6389
9619	8204
9619	8964
9619	9163
9619	9265
9619	9724
9619	9874
9619	9875
9622	8575
9622	8617
9622	9264
9622	9403
9622	9813
9622	9908
9623	754
9623	5528
9623	7208
9623	7311
9623	8997
9623	9339
9623	9381
9623	9429
9623	9870
9623	9946
9626	4122
9626	5002
9626	6295
9626	6773
9626	7245
9626	9772
9629	6153
9629	7818
9629	8861
9629	9060
9629	9754
9629	9877
9629	9981
9638	1438
9638	2943
9638	4594
9638	5112
9638	5463
9638	6442
9638	8031
9638	8668
9638	8749
9638	8990
9638	9971
9638	9981
9639	4392
9639	4666
9639	4868
9639	4921
9639	5341
9639	5656
9639	6873
9639	7337
9639	7391
9639	7603
9639	8107
9639	8485
9639	9887
9639	9929
9642	1453
9642	8969
9642	9482
9645	4528
9645	7532
9645	9108
9645	9886
9648	2413
9648	2445
9648	2848
9648	4681
9648	5531
9648	6213
9648	7585
9648	8231
9648	9142
9648	9659
9648	9933
9659	2848
9659	4015
9659	9137
9659	9648
9660	4445
9660	8649
9660	9258
9669	345
9669	538
9669	621
9669	3836
9669	3977
9669	4015
9669	6352
9669	7342
9669	7426
9669	7664
9669	7752
9669	8272
9669	8816
9669	9075
9669	9158
9669	9398
9669	9409
9669	9473
9669	9583
9669	9791
9669	9943
9669	9984
9673	538
9673	3791
9673	4376
9673	8134
9673	8590
9673	9072
9673	9215
9673	9249
9673	9443
9674	3328
9674	4973
9674	8660
9674	8705
9674	8708
9674	9443
9676	2663
9676	3768
9676	7910
9676	9200
9677	3745
9677	7578
9677	9053
9677	9167
9678	7664
9678	8769
9678	8780
9678	9607
9678	9766
9678	9773
9678	9869
9679	4354
9679	4594
9679	4641
9679	9065
9679	9394
9679	9417
9679	9482
9679	9828
9680	5538
9680	6228
9680	7084
9680	8367
9680	9716
9680	9820
9684	2788
9684	5109
9684	6527
9684	7566
9684	8224
9684	8604
9684	8969
9684	9397
9684	9873
9684	9909
9686	2610
9686	5009
9686	9935
9693	1681
9693	1732
9693	2202
9693	4120
9693	4812
9693	4926
9693	6468
9693	6940
9693	8510
9693	9711
9693	9837
9693	9972
9698	573
9698	5360
9698	5431
9698	5528
9698	6414
9698	6954
9698	7658
9698	8284
9698	8481
9698	9432
9698	9724
9702	1252
9702	4578
9702	6037
9702	6255
9702	7065
9702	8281
9702	8321
9702	9369
9702	9443
9702	9863
9711	2240
9711	2488
9711	3288
9711	6358
9711	9403
9711	9602
9711	9693
9711	9864
9716	1761
9716	5563
9716	5902
9716	6698
9716	7084
9716	7598
9716	8367
9716	9474
9716	9680
9716	9749
9716	9820
9716	9952
9722	2304
9722	3668
9722	6155
9722	8782
9722	9200
9722	9458
9722	9929
9724	4990
9724	5709
9724	5823
9724	6389
9724	6418
9724	8481
9724	9022
9724	9163
9724	9403
9724	9407
9724	9619
9724	9698
9724	9755
9724	9874
9731	2219
9731	6512
9731	7869
9731	8789
9731	8917
9731	9101
9731	9787
9736	1142
9736	2600
9736	4647
9736	8643
9736	8848
9736	9875
9740	3422
9740	6393
9740	7342
9740	8796
9740	9075
9741	4868
9741	9236
9747	4602
9747	6825
9747	8801
9747	9198
9749	4973
9749	5722
9749	9716
9749	9754
9749	9785
9753	152
9753	941
9753	2147
9753	5423
9753	6505
9753	6568
9753	7538
9753	7594
9753	8700
9753	8887
9753	9018
9753	9249
9754	6106
9754	6153
9754	6352
9754	7046
9754	8861
9754	8886
9754	9629
9754	9749
9754	9837
9754	9981
9755	675
9755	2487
9755	4905
9755	5823
9755	6389
9755	6418
9755	6590
9755	6934
9755	8077
9755	8170
9755	8964
9755	9022
9755	9163
9755	9403
9755	9724
9755	9874
9766	5528
9766	8816
9766	9205
9766	9443
9766	9678
9771	2056
9771	3834
9771	4904
9771	5196
9771	6494
9771	6585
9771	6653
9771	6911
9771	7011
9771	7777
9771	7940
9771	7982
9771	8076
9771	8371
9771	8867
9771	8999
9771	9028
9771	9238
9771	9482
9771	9793
9771	9828
9772	4919
9772	6295
9772	7078
9772	9174
9772	9249
9772	9626
9773	4918
9773	8143
9773	8297
9773	9607
9773	9678
9773	9787
9777	1668
9777	8708
9777	9386
9782	4747
9782	5091
9782	5894
9782	6200
9782	7673
9782	7680
9782	8463
9782	9990
9785	492
9785	2788
9785	3977
9785	5396
9785	7454
9785	9303
9785	9449
9785	9528
9785	9546
9785	9569
9785	9749
9785	9801
9786	1453
9786	3456
9786	5915
9786	6760
9786	8737
9786	9798
9787	556
9787	875
9787	2900
9787	4546
9787	4815
9787	6070
9787	6274
9787	7727
9787	7933
9787	8649
9787	9538
9787	9731
9787	9773
9787	9908
9789	6442
9789	7747
9789	9268
9791	2797
9791	4015
9791	4185
9791	4575
9791	4838
9791	6190
9791	6352
9791	7208
9791	7752
9791	7982
9791	8272
9791	8865
9791	9075
9791	9158
9791	9398
9791	9583
9791	9669
9791	9943
9791	9984
9792	6698
9792	6878
9792	6971
9792	7944
9793	439
9793	2056
9793	3834
9793	5196
9793	6494
9793	6653
9793	6911
9793	7011
9793	7777
9793	7940
9793	8076
9793	8371
9793	8867
9793	8999
9793	9028
9793	9771
9794	730
9794	1365
9794	3194
9794	3456
9794	4919
9794	7727
9794	8283
9794	8295
9794	8366
9794	8560
9794	8680
9794	8769
9794	9262
9794	9952
9795	4575
9795	7303
9795	7647
9795	8699
9795	9151
9795	9594
9798	902
9798	2995
9798	3162
9798	3795
9798	4179
9798	4429
9798	4889
9798	6472
9798	6664
9798	6995
9798	9099
9798	9113
9798	9236
9798	9786
9801	899
9801	9449
9801	9785
9806	1145
9806	5722
9806	8736
9806	8854
9806	8931
9806	9530
9806	9914
9809	2031
9809	2900
9809	6769
9809	8737
9809	9142
9809	9466
9809	9909
9813	84
9813	703
9813	4266
9813	5306
9813	6038
9813	7673
9813	7852
9813	8293
9813	8782
9813	8910
9813	9622
9813	9932
9819	2552
9819	5831
9819	8576
9819	9471
9819	9931
9820	5805
9820	5902
9820	7084
9820	8367
9820	9680
9820	9716
9820	9908
9820	9984
9822	2968
9822	3967
9822	4988
9822	8565
9822	9395
9825	268
9825	527
9825	769
9825	2040
9825	2848
9825	4904
9825	5044
9825	5320
9825	6417
9825	6645
9825	6825
9825	7311
9825	7804
9825	8134
9825	8297
9825	8524
9825	8955
9825	9451
9826	307
9826	4747
9826	5166
9826	5722
9826	7315
9826	8627
9826	9252
9826	9473
9826	9873
9828	4445
9828	4697
9828	7351
9828	8427
9828	9394
9828	9679
9828	9771
9837	5316
9837	7881
9837	9693
9837	9754
9853	6825
9853	8689
9853	9887
9858	2547
9858	3447
9858	4988
9858	5517
9858	6106
9858	6698
9858	7444
9858	7747
9858	9602
9863	1252
9863	6037
9863	6255
9863	8321
9863	9369
9863	9443
9863	9702
9864	4328
9864	4575
9864	6680
9864	7869
9864	8777
9864	9344
9864	9466
9864	9711
9869	4973
9869	9099
9869	9274
9869	9359
9869	9364
9869	9678
9870	5528
9870	7208
9870	8681
9870	8775
9870	8861
9870	9339
9870	9623
9873	322
9873	5166
9873	7046
9873	8627
9873	9252
9873	9473
9873	9684
9873	9826
9874	4989
9874	5867
9874	6418
9874	6590
9874	8077
9874	8204
9874	9022
9874	9163
9874	9265
9874	9403
9874	9619
9874	9724
9874	9755
9875	5821
9875	6568
9875	8001
9875	8331
9875	8955
9875	9065
9875	9619
9875	9736
9877	4185
9877	4605
9877	8005
9877	8696
9877	9629
9880	3976
9880	5793
9880	8283
9886	9053
9886	9645
9887	1732
9887	3955
9887	6825
9887	7078
9887	8265
9887	8689
9887	8867
9887	8981
9887	9194
9887	9639
9887	9853
9908	585
9908	6155
9908	6274
9908	6902
9908	7245
9908	7648
9908	7673
9908	7727
9908	7933
9908	8649
9908	8976
9908	9538
9908	9622
9908	9787
9908	9820
9909	389
9909	1668
9909	5109
9909	5961
9909	8224
9909	8281
9909	8463
9909	8604
9909	9458
9909	9684
9909	9809
9914	492
9914	4474
9914	4546
9914	8283
9914	8854
9914	9148
9914	9430
9914	9530
9914	9806
9917	2147
9917	2293
9917	3129
9917	5633
9917	7456
9917	7600
9917	7907
9917	9148
9917	9381
9917	9556
9927	3828
9927	5968
9927	8076
9929	527
9929	3808
9929	4666
9929	4921
9929	5656
9929	6907
9929	7337
9929	7603
9929	8107
9929	8194
9929	8485
9929	9639
9929	9722
9931	5220
9931	6344
9931	8031
9931	8663
9931	8680
9931	8708
9931	8739
9931	9819
9932	84
9932	4717
9932	5306
9932	5514
9932	7852
9932	8699
9932	9813
9932	9946
9933	2445
9933	3669
9933	4681
9933	4914
9933	6213
9933	7585
9933	8594
9933	8974
9933	8997
9933	9648
9935	2610
9935	3278
9935	5742
9935	6417
9935	9686
9943	324
9943	1232
9943	2797
9943	3791
9943	3828
9943	4015
9943	4632
9943	6190
9943	6352
9943	6506
9943	6796
9943	8272
9943	8865
9943	9075
9943	9398
9943	9536
9943	9583
9943	9669
9943	9791
9943	9984
9946	1145
9946	5431
9946	8943
9946	9445
9946	9602
9946	9623
9946	9932
9952	1092
9952	6472
9952	7695
9952	8193
9952	9716
9952	9794
9965	4469
9965	7805
9965	8286
9965	8546
9965	8560
9965	9215
9965	9274
9971	4594
9971	5112
9971	5463
9971	5664
9971	6442
9971	7151
9971	8438
9971	8668
9971	8749
9971	9638
9972	233
9972	1124
9972	1446
9972	4546
9972	4919
9972	6651
9972	7760
9972	8500
9972	8847
9972	9305
9972	9693
9981	958
9981	1628
9981	6213
9981	6575
9981	7760
9981	8603
9981	8886
9981	9228
9981	9430
9981	9629
9981	9638
9981	9754
9984	324
9984	958
9984	3791
9984	3836
9984	3977
9984	4838
9984	5151
9984	6190
9984	6255
9984	7426
9984	7752
9984	7982
9984	8272
9984	8442
9984	8505
9984	8686
9984	8865
9984	9060
9984	9158
9984	9398
9984	9407
9984	9669
9984	9791
9984	9820
9984	9943
9990	516
9990	714
9990	1026
9990	5187
9990	5368
9990	8431
9990	9443
9990	9782
