10	8113
12	8228
12	8749
12	9719
12	9971
15	8830
22	7242
36	4413
36	6683
36	8615
36	8721
36	8760
36	9022
36	9838
48	8280
48	9219
48	9628
65	3786
65	6982
66	4568
66	6445
66	6490
66	9888
110	7437
110	8881
110	9099
133	6899
133	8728
133	9584
133	9986
158	1971
158	2195
158	3135
158	3933
158	7778
158	9354
158	9831
160	8830
160	9570
177	9766
177	9778
180	1911
180	3334
180	6334
180	7372
180	7837
180	8817
180	9129
208	2529
208	9784
237	8771
248	5096
248	7547
248	8928
248	9856
280	5943
319	5805
319	9903
362	7022
401	1023
401	7894
401	8507
401	9616
412	7251
412	8816
420	6427
420	8876
420	9035
420	9274
426	494
426	5967
426	7556
426	7712
426	9234
426	9685
437	7351
437	8816
437	9396
494	426
494	9462
494	9626
494	9772
497	1231
497	9099
497	9176
497	9889
497	9953
497	9994
500	5008
500	7182
500	7882
500	8545
500	8585
500	8633
500	9903
538	8354
538	9918
552	6163
552	8539
556	7300
598	6281
598	9462
598	9626
598	9772
639	6857
643	1106
676	7243
680	8533
680	9831
701	6759
708	2925
708	9726
720	6982
720	9475
751	6346
751	6832
751	7812
772	8648
772	9830
787	2925
787	7539
799	3478
799	4965
799	9263
801	8794
801	9343
801	9690
801	9833
809	8262
849	5889
869	4386
869	8244
869	9570
869	9616
902	5914
921	9471
922	9086
922	9701
926	8484
926	9071
926	9086
931	7513
931	9442
931	9568
948	2516
948	3068
948	4211
948	7374
948	7745
948	8228
949	2749
949	9881
959	9593
1023	401
1023	4847
1027	3564
1027	8961
1027	9442
1027	9698
1048	2163
1048	2689
1048	5915
1100	8224
1100	8830
1100	9570
1106	643
1106	3757
1106	8664
1106	8887
1106	9692
1106	9871
1113	4236
1113	9930
1127	5933
1127	6492
1127	9035
1128	7243
1143	3331
1143	7626
1143	8113
1143	8972
1143	9442
1146	8013
1146	9664
1156	4180
1156	4804
1156	5249
1156	5933
1156	8031
1156	8663
1156	9612
1173	8280
1190	7812
1190	9044
1205	4847
1205	8173
1231	497
1231	4804
1231	9889
1300	5889
1357	5099
1357	6913
1357	7745
1357	8173
1364	5750
1364	9783
1377	7658
1402	7629
1402	9129
1466	6127
1496	5754
1496	9993
1515	1990
1515	4621
1515	6768
1515	8508
1604	2516
1604	4520
1604	6297
1604	8116
1604	9347
1604	9616
1604	9852
1604	9997
1620	6997
1661	2672
1682	3786
1682	6655
1682	6952
1682	7192
1682	8402
1682	9098
1682	9735
1682	9961
1753	4792
1753	7278
1753	8301
1770	5535
1770	5991
1770	7179
1770	7363
1770	7372
1770	8147
1770	8386
1770	9563
1771	6806
1771	8357
1771	8662
1775	3844
1775	7961
1775	9120
1775	9365
1775	9450
1793	8653
1793	9701
1793	9897
1797	3707
1833	3274
1833	6063
1833	6745
1833	6760
1833	8518
1833	9525
1833	9605
1833	9808
1843	8484
1843	9756
1854	3707
1854	6305
1854	7890
1856	2163
1856	8816
1865	8339
1865	9881
1886	2925
1904	3835
1904	5172
1904	7372
1904	8481
1906	7056
1911	180
1911	6846
1911	7733
1911	8921
1916	7122
1916	7976
1932	2163
1932	8690
1949	3429
1949	8876
1949	9274
1960	2209
1960	3414
1960	7826
1960	8413
1970	7944
1970	9998
1971	158
1971	8101
1971	9354
1971	9831
1971	9977
1990	1515
1990	9565
2005	3900
2005	8357
2005	9211
2005	9811
2078	9085
2078	9354
2078	9616
2078	9872
2110	6323
2110	8609
2110	9120
2146	8640
2146	9723
2150	3757
2150	7918
2150	9085
2157	3192
2157	3323
2157	3551
2157	6088
2157	6220
2157	7878
2157	8086
2157	8640
2163	1048
2163	1856
2163	1932
2163	5763
2163	6998
2163	8816
2163	9046
2163	9210
2195	158
2209	1960
2209	6936
2209	7278
2209	8334
2209	8877
2209	9744
2216	6467
2216	7299
2216	9701
2260	9274
2326	5692
2335	2878
2335	5755
2397	5594
2397	9366
2397	9489
2397	9970
2404	4825
2404	7565
2404	9744
2424	6603
2424	8402
2424	8817
2450	2878
2450	6629
2450	7668
2450	9365
2453	7122
2456	2925
2459	5889
2516	948
2516	1604
2516	3580
2516	6492
2516	9570
2516	9616
2529	208
2529	3784
2529	6126
2529	6812
2529	8275
2529	9884
2529	9926
2533	7645
2535	4688
2535	8480
2535	9592
2535	9662
2541	3135
2541	4211
2557	4004
2557	9200
2557	9692
2559	8423
2559	9200
2619	6760
2619	8506
2669	5889
2669	9686
2672	1661
2672	6002
2672	7258
2672	7324
2672	8998
2672	9585
2672	9676
2687	8278
2689	1048
2689	8183
2710	6619
2710	7353
2710	9701
2710	9725
2710	9831
2745	7192
2745	8301
2745	9362
2745	9662
2745	9845
2749	949
2749	8224
2749	8489
2749	9022
2832	2937
2832	6388
2832	9858
2834	7645
2852	3786
2852	8402
2852	9592
2852	9662
2852	9735
2855	5435
2855	8491
2855	9784
2878	2335
2878	2450
2903	6127
2911	7216
2911	9174
2911	9432
2911	9442
2925	708
2925	787
2925	1886
2925	2456
2925	3352
2925	6543
2925	6837
2925	7437
2925	8322
2936	7547
2937	2832
2937	7116
2937	7238
2937	8045
2937	8771
2943	4086
2943	7549
2943	7992
2943	8668
2943	8749
2943	9713
2943	9719
2955	5755
2957	4304
2957	6619
2957	9748
2960	5096
2960	9341
2960	9651
2960	9969
2984	9091
2984	9391
2984	9854
2984	9927
2991	3373
2991	6718
2991	8480
2991	8588
2991	9522
2991	9592
2991	9626
2991	9744
3012	7745
3012	8826
3012	9570
3012	9616
3068	948
3068	6629
3068	8826
3068	9570
3068	9616
3069	5642
3069	7028
3069	8828
3069	9757
3079	8276
3079	8354
3079	8895
3079	9022
3079	9616
3079	9852
3090	9442
3090	9690
3091	4236
3091	4535
3091	7372
3091	7658
3091	9432
3135	158
3135	2541
3135	3429
3135	3925
3135	5004
3135	9790
3178	4236
3178	6773
3178	9642
3192	2157
3192	6346
3193	3334
3193	9129
3207	5759
3221	6861
3221	7948
3221	8130
3221	8183
3221	8832
3221	9436
3221	9834
3221	9890
3231	6492
3231	9459
3263	6857
3263	8853
3263	9786
3273	9458
3273	9692
3274	1833
3274	6445
3274	6651
3274	7375
3274	7700
3274	8357
3274	8518
3274	8644
3274	9811
3291	4197
3291	5976
3291	9428
3310	8653
3310	9701
3310	9897
3317	5896
3317	7396
3321	6659
3321	9475
3323	2157
3331	1143
3331	6913
3331	7890
3334	180
3334	3193
3334	6632
3334	7629
3334	8224
3334	8739
3334	9089
3334	9274
3338	5116
3338	7697
3338	8481
3338	9174
3338	9698
3352	2925
3352	6606
3352	9595
3352	9808
3353	9120
3359	8151
3373	2991
3373	7778
3376	7398
3393	7917
3393	9428
3404	6846
3404	8151
3404	9977
3414	1960
3420	6997
3429	1949
3429	3135
3429	3576
3429	4447
3429	5590
3429	6492
3429	8881
3429	9035
3429	9274
3438	7812
3478	799
3478	3993
3478	4946
3478	5096
3478	6039
3478	6390
3478	6397
3478	6997
3478	7904
3510	6406
3510	7028
3542	8828
3542	9187
3542	9628
3542	9757
3542	9918
3551	2157
3560	7258
3560	8480
3560	8506
3560	9585
3560	9592
3560	9845
3564	1027
3572	4360
3572	9522
3572	9735
3576	3429
3576	4065
3576	8684
3576	9563
3580	2516
3580	4213
3580	6184
3580	8489
3580	8966
3580	9695
3604	8653
3604	9071
3626	3773
3626	6011
3626	6126
3628	4688
3628	5889
3628	7374
3628	9967
3692	9616
3707	1797
3707	1854
3707	5484
3707	5805
3707	8143
3707	8376
3707	8830
3707	9176
3707	9765
3707	9889
3750	5832
3750	7564
3750	7665
3750	9930
3757	1106
3757	2150
3757	5079
3757	8041
3757	8648
3757	8708
3757	9037
3757	9325
3757	9423
3773	3626
3777	7531
3777	8113
3781	4360
3781	6108
3781	9662
3781	9695
3781	9735
3781	9845
3784	2529
3784	9450
3786	65
3786	1682
3786	2852
3786	6517
3786	8351
3786	8588
3786	9592
3786	9662
3786	9701
3786	9766
3801	6427
3801	6659
3801	9035
3801	9274
3803	6524
3803	9626
3803	9772
3809	6913
3809	6952
3809	7258
3835	1904
3835	5222
3835	7769
3835	8228
3835	9174
3844	1775
3844	6305
3844	9450
3844	9652
3862	5249
3862	5754
3862	8338
3872	8229
3872	9649
3876	9274
3900	2005
3900	8276
3900	8357
3900	9234
3900	9605
3915	6837
3915	7031
3915	9643
3917	8491
3917	9695
3925	3135
3925	7658
3925	9790
3933	158
3933	4854
3933	7887
3933	8101
3933	9354
3933	9831
3952	9570
3957	7094
3957	9642
3961	8809
3961	9325
3961	9354
3961	9831
3968	5004
3968	6127
3993	3478
3993	9366
4004	2557
4004	5754
4004	8966
4004	9445
4006	6231
4006	7337
4006	7603
4033	7564
4033	8564
4033	8658
4033	9235
4051	4324
4051	8301
4051	9365
4051	9595
4065	3576
4065	8684
4065	9616
4077	9274
4077	9709
4086	2943
4086	6305
4086	6619
4086	6899
4086	9719
4086	9971
4107	7359
4107	9277
4123	9274
4131	6691
4131	9106
4161	9831
4180	1156
4180	8663
4197	3291
4197	7733
4197	8151
4197	8831
4197	9187
4211	948
4211	2541
4211	7745
4211	8116
4211	8826
4211	8830
4211	9263
4213	3580
4213	7219
4213	7419
4213	8489
4222	7108
4222	9626
4222	9772
4229	6998
4229	8027
4229	8609
4229	9412
4236	1113
4236	3091
4236	3178
4236	5359
4236	6558
4236	7658
4236	7697
4236	9243
4236	9442
4236	9698
4241	7359
4241	7995
4262	5172
4262	8481
4262	9174
4262	9432
4262	9698
4267	5490
4267	6913
4267	8157
4267	9471
4267	9808
4267	9881
4301	7583
4301	7697
4301	9174
4301	9306
4304	2957
4324	4051
4324	9769
4360	3572
4360	3781
4360	6485
4360	7548
4360	9522
4360	9735
4386	869
4386	8826
4386	9570
4386	9616
4394	6793
4394	7967
4401	5096
4401	9147
4401	9856
4411	6462
4411	7918
4411	9071
4411	9637
4411	9765
4413	36
4413	9525
4447	3429
4447	9901
4463	5185
4465	7928
4465	9766
4465	9778
4468	9643
4484	7778
4484	8390
4484	9489
4485	4891
4485	8338
4500	9881
4520	1604
4520	4545
4520	7372
4520	8569
4520	9407
4520	9565
4527	7658
4527	9194
4527	9565
4533	5556
4533	8238
4533	9997
4534	5319
4534	8876
4534	9035
4534	9274
4535	3091
4535	6899
4535	7398
4535	7769
4535	8406
4535	8794
4535	8961
4535	9174
4535	9698
4544	4965
4544	6759
4544	8456
4544	8952
4544	9442
4544	9723
4545	4520
4545	8739
4545	9997
4568	66
4568	8302
4568	9872
4621	1515
4621	6612
4621	6768
4621	7243
4621	8173
4621	8948
4629	6297
4629	7745
4629	8588
4629	8830
4629	9570
4629	9616
4629	9686
4638	9593
4638	9698
4638	9744
4638	9985
4652	6857
4652	7345
4688	2535
4688	3628
4688	7468
4688	7812
4694	6057
4694	7466
4694	8911
4694	9071
4694	9698
4694	9744
4779	6574
4779	9044
4779	9092
4792	1753
4792	6046
4792	8334
4792	8586
4792	8877
4792	9744
4803	6297
4803	8116
4803	8830
4803	9570
4804	1156
4804	1231
4804	8143
4804	8927
4804	9176
4804	9547
4804	9889
4825	2404
4825	8013
4825	8334
4825	8877
4825	9071
4825	9744
4827	5976
4827	9926
4847	1023
4847	1205
4847	5754
4847	7299
4847	9790
4854	3933
4854	8809
4854	9831
4891	4485
4891	5832
4891	9085
4891	9784
4899	6895
4899	6899
4899	8484
4899	9152
4899	9748
4916	7316
4916	7468
4916	7961
4916	8539
4916	8828
4916	9628
4916	9918
4916	9983
4946	3478
4946	9895
4965	799
4965	4544
4965	6718
5004	3135
5004	3968
5004	5522
5004	7299
5004	9790
5008	500
5008	5562
5008	5819
5008	6830
5008	9867
5026	5535
5026	9592
5046	7645
5046	8480
5046	8491
5046	9881
5046	9970
5058	8830
5058	9766
5059	8545
5059	8966
5059	9126
5059	9692
5079	3757
5079	6471
5079	8229
5081	8402
5081	8411
5081	9479
5081	9522
5081	9662
5081	9845
5096	248
5096	2960
5096	3478
5096	4401
5096	7028
5096	9840
5096	9856
5099	1357
5099	8234
5099	8828
5099	9442
5099	9555
5099	9994
5116	3338
5116	5172
5116	5367
5116	6420
5116	6659
5116	8338
5116	9432
5116	9442
5132	6760
5132	7890
5172	1904
5172	4262
5172	5116
5172	7531
5172	7697
5172	9099
5172	9306
5172	9442
5185	4463
5185	5594
5185	6414
5185	7769
5185	8515
5185	8961
5185	9306
5185	9432
5185	9442
5185	9736
5222	3835
5222	7372
5222	9174
5222	9306
5222	9442
5227	8411
5227	9834
5249	1156
5249	3862
5249	7025
5249	7076
5249	9176
5294	7244
5294	8830
5294	9210
5294	9230
5294	9555
5319	4534
5319	6096
5319	6127
5319	9652
5327	7564
5327	7944
5327	9235
5327	9471
5327	9637
5327	9881
5351	6691
5359	4236
5359	5750
5359	9170
5360	6414
5360	6899
5360	9174
5360	9442
5360	9698
5366	6011
5366	9489
5367	5116
5367	6063
5367	7658
5367	8228
5367	9174
5367	9442
5376	8828
5376	9831
5386	9211
5386	9725
5386	9760
5435	2855
5435	6655
5435	7116
5435	7967
5435	8234
5435	8632
5460	6573
5460	8961
5460	9584
5464	6485
5464	8402
5464	8588
5464	9522
5464	9845
5484	3707
5484	8342
5486	8149
5486	8402
5490	4267
5490	8456
5520	7192
5520	9458
5520	9459
5520	9735
5522	5004
5522	7316
5522	7448
5522	8444
5522	9790
5535	1770
5535	5026
5535	9889
5549	5943
5549	8234
5549	9690
5556	4533
5556	6323
5561	5805
5561	9840
5562	5008
5562	6268
5562	6608
5562	7867
5562	7914
5562	7961
5562	8965
5562	9152
5562	9732
5562	9917
5562	9970
5573	5759
5590	3429
5590	6427
5590	8876
5590	9274
5594	2397
5594	5185
5594	6552
5594	9993
5642	3069
5642	6936
5642	8113
5692	2326
5692	6126
5692	7353
5692	8564
5692	9235
5692	9881
5702	9475
5728	8830
5728	9525
5750	1364
5750	5359
5750	6671
5750	8357
5754	1496
5754	3862
5754	4004
5754	4847
5754	6096
5754	6612
5754	8338
5755	2335
5755	2955
5755	6313
5755	6799
5755	7359
5755	7995
5755	8290
5755	8569
5755	9493
5759	3207
5759	5573
5759	6397
5759	7904
5759	9054
5759	9274
5759	9840
5763	2163
5763	8615
5764	7207
5764	7887
5764	8640
5764	9652
5764	9739
5784	7299
5789	8812
5789	8827
5789	9344
5792	7866
5792	7948
5792	8832
5795	6429
5795	8134
5795	9633
5795	9867
5805	319
5805	3707
5805	5561
5819	5008
5819	6360
5819	6716
5819	6719
5819	8402
5819	8480
5819	8506
5819	8816
5819	8928
5819	9459
5819	9735
5819	9838
5819	9845
5828	7299
5828	7363
5828	7733
5828	9341
5828	9428
5832	3750
5832	4891
5884	7028
5884	9219
5884	9628
5884	9757
5884	9918
5889	849
5889	1300
5889	2459
5889	2669
5889	3628
5889	6485
5889	7564
5889	8586
5889	9054
5889	9709
5896	3317
5896	7812
5914	902
5914	5976
5914	7745
5914	8116
5914	8244
5914	8826
5914	8830
5914	9616
5914	9872
5915	1048
5915	6108
5915	6438
5915	9786
5933	1127
5933	1156
5933	6427
5933	6492
5933	8876
5933	9274
5933	9983
5943	280
5943	5549
5943	9343
5943	9442
5943	9690
5957	6127
5957	9834
5957	9872
5967	426
5967	9395
5968	6080
5968	6466
5968	8739
5968	9101
5968	9194
5968	9407
5968	9568
5968	9927
5976	3291
5976	4827
5976	5914
5976	7299
5976	8921
5976	9187
5976	9428
5976	9901
5991	1770
5991	7179
5991	9563
5991	9833
6002	2672
6002	9598
6011	3626
6011	5366
6011	8134
6039	3478
6039	6046
6042	8113
6046	4792
6046	6039
6046	7243
6046	7278
6046	8334
6046	9242
6046	9744
6052	8888
6052	9713
6057	4694
6057	9778
6063	1833
6063	5367
6063	9211
6063	9811
6065	7183
6065	9692
6080	5968
6088	2157
6096	5319
6096	5754
6096	9243
6106	7658
6106	8886
6106	9858
6108	3781
6108	5915
6126	2529
6126	3626
6126	5692
6126	6430
6126	6866
6126	7122
6126	7948
6126	8658
6126	9235
6126	9881
6127	1466
6127	2903
6127	3968
6127	5319
6127	5957
6127	8482
6128	6907
6128	9120
6134	7122
6134	8816
6163	552
6163	9977
6184	3580
6184	8442
6184	8887
6220	2157
6231	4006
6231	9525
6235	6388
6235	6897
6243	8588
6243	9698
6244	9462
6244	9626
6244	9772
6268	5562
6268	7116
6268	9593
6281	598
6281	8027
6281	9362
6297	1604
6297	4629
6297	4803
6297	8830
6297	8872
6297	9570
6297	9616
6305	1854
6305	3844
6305	4086
6305	7207
6305	7887
6305	8640
6305	9350
6305	9739
6313	5755
6313	6857
6313	6941
6323	2110
6323	5556
6323	7539
6323	9442
6323	9686
6329	8720
6329	9769
6334	180
6334	9595
6339	6793
6339	9723
6340	9475
6346	751
6346	3192
6346	7116
6346	9612
6346	9651
6346	9969
6360	5819
6360	9881
6366	8720
6366	9129
6388	2832
6388	6235
6388	9442
6388	9593
6388	9858
6390	3478
6390	6429
6390	7366
6390	9633
6390	9736
6397	3478
6397	5759
6397	6768
6397	8928
6397	9840
6397	9856
6404	7301
6404	9210
6404	9719
6404	9971
6406	3510
6406	7778
6406	8489
6406	9035
6406	9187
6406	9366
6406	9489
6406	9970
6414	5185
6414	5360
6414	7243
6414	7544
6414	7630
6414	7697
6414	8228
6414	8521
6414	8810
6414	9101
6414	9306
6414	9432
6414	9442
6414	9698
6414	9737
6415	8952
6415	9471
6415	9828
6420	5116
6420	7564
6420	8143
6420	9176
6420	9547
6420	9778
6420	9856
6420	9889
6427	420
6427	3801
6427	5590
6427	5933
6427	6492
6427	7826
6427	8876
6427	9035
6429	5795
6429	6390
6429	7890
6429	9458
6429	9633
6429	9726
6429	9927
6430	6126
6430	7242
6430	7564
6430	8658
6430	9471
6436	6997
6438	5915
6438	8507
6438	8827
6445	66
6445	3274
6445	8948
6445	9983
6446	7547
6446	9889
6462	4411
6462	9765
6466	5968
6466	9101
6466	9565
6467	2216
6467	9701
6467	9725
6467	9897
6469	6779
6469	9377
6469	9450
6469	9784
6471	5079
6471	6846
6471	7917
6471	8151
6485	4360
6485	5464
6485	5889
6485	6517
6485	8586
6490	66
6490	8302
6492	1127
6492	2516
6492	3231
6492	3429
6492	5933
6492	6427
6492	6671
6492	6941
6492	7977
6492	8803
6492	8876
6492	9035
6492	9274
6492	9895
6492	9897
6507	7244
6507	7918
6507	8459
6507	8831
6517	3786
6517	6485
6517	8173
6517	8275
6517	9593
6517	9884
6517	9926
6524	3803
6524	9462
6524	9626
6524	9772
6543	2925
6543	9760
6543	9783
6552	5594
6552	9152
6552	9200
6552	9570
6552	9732
6558	4236
6558	9757
6573	5460
6573	8229
6573	8853
6573	9861
6574	4779
6574	6608
6574	8357
6574	9044
6574	9306
6574	9733
6591	8113
6601	9393
6601	9493
6601	9901
6603	2424
6603	8276
6603	8357
6603	8643
6603	8644
6603	9211
6603	9605
6603	9811
6606	3352
6606	7867
6606	7914
6606	8965
6606	9152
6606	9732
6608	5562
6608	6574
6608	7914
6608	8965
6608	9152
6608	9732
6611	6691
6611	6883
6611	8772
6611	9569
6612	4621
6612	5754
6619	2710
6619	2957
6619	4086
6619	7301
6619	8668
6619	8749
6619	8952
6619	9719
6629	2450
6629	3068
6629	8507
6629	9395
6630	7547
6630	8958
6630	9783
6632	3334
6651	3274
6651	8225
6651	9404
6655	1682
6655	5435
6655	7967
6659	3321
6659	3801
6659	5116
6659	7583
6659	7697
6659	8481
6659	8961
6659	9432
6659	9698
6671	5750
6671	6492
6671	7967
6671	8816
6671	9046
6671	9529
6683	36
6683	8760
6691	4131
6691	5351
6691	6611
6691	6883
6691	7660
6691	8772
6691	9350
6691	9509
6691	9569
6691	9607
6705	6895
6705	7645
6705	7894
6705	9887
6716	5819
6716	7192
6716	8301
6716	8588
6716	9459
6716	9522
6716	9845
6718	2991
6718	4965
6719	5819
6719	7337
6719	7667
6719	8147
6730	9626
6745	1833
6745	7345
6745	8629
6749	7604
6749	8782
6749	8878
6749	9170
6749	9289
6749	9722
6758	8507
6758	9897
6759	701
6759	4544
6759	7244
6759	7837
6759	8322
6759	9365
6760	1833
6760	2619
6760	5132
6760	9786
6768	1515
6768	4621
6768	6397
6768	9200
6773	3178
6773	7629
6773	9089
6773	9129
6773	9626
6779	6469
6779	8228
6779	9897
6787	9643
6793	4394
6793	6339
6793	7278
6793	7565
6793	8334
6793	8877
6793	9071
6793	9593
6793	9628
6793	9744
6799	5755
6799	6833
6799	7337
6806	1771
6806	8662
6812	2529
6812	7697
6812	8648
6812	9447
6812	9555
6812	9994
6830	5008
6830	7531
6832	751
6832	7812
6832	7837
6832	9170
6833	6799
6833	8076
6833	8664
6833	8867
6833	9771
6837	2925
6837	3915
6837	8157
6837	8658
6837	9235
6837	9881
6846	1911
6846	3404
6846	6471
6846	7299
6846	7531
6846	7916
6846	8658
6846	8921
6846	9187
6857	639
6857	3263
6857	4652
6857	6313
6857	7345
6861	3221
6861	9445
6861	9946
6866	6126
6866	8585
6866	9044
6866	9569
6883	6611
6883	6691
6883	8772
6883	9211
6883	9569
6895	4899
6895	6705
6895	7043
6895	8484
6895	9612
6895	9748
6895	9971
6897	6235
6897	7645
6897	9980
6899	133
6899	4086
6899	4535
6899	4899
6899	5360
6899	7372
6899	7769
6899	8081
6899	8228
6899	8961
6899	9442
6907	6128
6913	1357
6913	3331
6913	3809
6913	4267
6913	8760
6936	2209
6936	5642
6936	8393
6936	9086
6936	9348
6936	9445
6936	9831
6941	6313
6941	6492
6941	8569
6941	9493
6941	9811
6952	1682
6952	3809
6952	8173
6952	9471
6973	7548
6973	8336
6973	8536
6973	9362
6973	9479
6973	9685
6982	65
6982	720
6982	8238
6982	9997
6997	1620
6997	3420
6997	3478
6997	6436
6997	7261
6997	8690
6997	9728
6997	9840
6997	9856
6998	2163
6998	4229
6998	8402
6999	9692
6999	9695
7002	8491
7002	8708
7022	362
7022	8867
7022	8883
7022	9369
7022	9756
7025	5249
7028	3069
7028	3510
7028	5096
7028	5884
7028	7340
7028	8280
7028	8411
7028	8828
7028	9757
7028	9918
7031	3915
7031	8456
7043	6895
7043	8484
7043	9748
7056	1906
7056	9365
7076	5249
7076	9525
7076	9568
7088	8224
7088	8411
7094	3957
7094	8262
7094	8357
7094	8644
7094	9211
7094	9393
7094	9605
7094	9811
7108	4222
7108	9462
7108	9626
7108	9772
7110	7437
7110	8536
7110	8881
7110	9234
7110	9593
7110	9685
7116	2937
7116	5435
7116	6268
7116	6346
7116	9593
7116	9858
7122	1916
7122	2453
7122	6126
7122	6134
7122	9078
7122	9573
7179	1770
7179	5991
7179	7547
7179	8386
7179	9563
7182	500
7183	6065
7183	9616
7192	1682
7192	2745
7192	5520
7192	6716
7192	8301
7192	8720
7192	9459
7192	9735
7192	9834
7199	8411
7199	9867
7207	5764
7207	6305
7207	7887
7207	8640
7207	9652
7207	9676
7207	9719
7207	9739
7207	9854
7216	2911
7216	9145
7219	4213
7219	8041
7219	9692
7238	2937
7238	8456
7238	8830
7238	8998
7238	9676
7238	9701
7238	9918
7242	22
7242	6430
7242	8157
7242	8334
7242	8690
7242	9235
7242	9471
7242	9881
7243	676
7243	1128
7243	4621
7243	6046
7243	6414
7243	7878
7243	8653
7243	9993
7244	5294
7244	6507
7244	6759
7251	412
7258	2672
7258	3560
7258	3809
7258	7758
7258	9475
7261	6997
7261	9078
7261	9277
7261	9980
7275	7345
7275	9243
7275	9845
7275	9856
7278	1753
7278	2209
7278	6046
7278	6793
7278	7466
7278	8609
7278	9071
7278	9783
7299	2216
7299	4847
7299	5004
7299	5784
7299	5828
7299	5976
7299	6846
7299	7363
7299	7547
7299	7917
7299	8151
7299	8921
7300	556
7300	9722
7300	9735
7300	9861
7300	9888
7300	9933
7301	6404
7301	6619
7301	9719
7301	9971
7316	4916
7316	5522
7316	7544
7316	8228
7316	9871
7324	2672
7326	7769
7326	9365
7331	9120
7337	4006
7337	6719
7337	6799
7337	9903
7340	7028
7340	9101
7340	9133
7345	4652
7345	6745
7345	6857
7345	7275
7345	7721
7351	437
7351	9145
7351	9396
7351	9828
7353	2710
7353	5692
7353	9106
7353	9701
7353	9709
7353	9952
7359	4107
7359	4241
7359	5755
7359	8484
7359	8721
7359	9277
7359	9442
7359	9780
7363	1770
7363	5828
7363	7299
7363	7917
7363	8151
7363	8921
7363	9187
7366	6390
7366	8447
7366	8644
7366	9633
7366	9722
7372	180
7372	1770
7372	1904
7372	3091
7372	4520
7372	5222
7372	6899
7372	7583
7372	7769
7372	9306
7372	9493
7372	9698
7372	9733
7374	948
7374	3628
7374	9697
7375	3274
7375	7700
7375	8305
7385	8720
7385	9046
7388	9243
7388	9985
7396	3317
7396	9735
7396	9867
7396	9952
7398	3376
7398	4535
7398	8406
7398	8582
7398	9790
7419	4213
7419	7583
7419	8305
7419	9971
7420	7544
7420	7717
7420	7837
7437	110
7437	2925
7437	7110
7437	7556
7437	9479
7437	9685
7448	5522
7448	9969
7453	8305
7453	8491
7453	8545
7453	9511
7453	9695
7453	9834
7466	4694
7466	7278
7466	7565
7466	8941
7466	8998
7466	9071
7466	9744
7468	4688
7468	4916
7468	9211
7469	8721
7469	9277
7469	9471
7469	9780
7479	7551
7479	7617
7479	8334
7479	8867
7479	9350
7479	9771
7513	931
7513	9568
7513	9692
7531	3777
7531	5172
7531	6830
7531	6846
7531	8721
7539	787
7539	6323
7544	6414
7544	7316
7544	7420
7544	8664
7544	9792
7544	9871
7547	248
7547	2936
7547	6446
7547	6630
7547	7179
7547	7299
7547	8958
7547	9185
7548	4360
7548	6973
7548	7556
7548	8536
7548	9234
7548	9362
7548	9479
7548	9685
7549	2943
7549	8617
7551	7479
7551	8076
7551	9489
7551	9771
7556	426
7556	7437
7556	7548
7556	9277
7556	9362
7556	9592
7556	9685
7564	3750
7564	4033
7564	5327
7564	5889
7564	6420
7564	6430
7564	8157
7564	8658
7564	8888
7564	9471
7564	9881
7565	2404
7565	6793
7565	7466
7565	8334
7565	9071
7565	9744
7583	4301
7583	6659
7583	7372
7583	7419
7583	7697
7583	8481
7583	8629
7583	8961
7583	9432
7583	9442
7583	9698
7593	8817
7593	8888
7593	9050
7593	9649
7603	4006
7603	8749
7604	6749
7617	7479
7626	1143
7626	7890
7629	1402
7629	3334
7629	6773
7629	9089
7629	9101
7629	9129
7629	9133
7629	9852
7630	6414
7630	8586
7645	2533
7645	2834
7645	5046
7645	6705
7645	6897
7645	8302
7658	1377
7658	3091
7658	3925
7658	4236
7658	4527
7658	5367
7658	6106
7658	7769
7658	8481
7658	8961
7658	9432
7658	9698
7660	6691
7660	9509
7660	9607
7665	3750
7665	8928
7665	9396
7667	6719
7667	8704
7667	9404
7668	2450
7668	8489
7668	9529
7697	3338
7697	4236
7697	4301
7697	5172
7697	6414
7697	6659
7697	6812
7697	7583
7697	8228
7697	8684
7697	9174
7697	9698
7697	9737
7700	3274
7700	7375
7712	426
7712	9362
7712	9479
7712	9685
7717	7420
7717	7948
7717	9432
7717	9633
7721	7345
7721	9592
7733	1911
7733	4197
7733	5828
7733	8151
7733	8921
7736	8966
7736	9391
7736	9692
7736	9970
7745	948
7745	1357
7745	3012
7745	4211
7745	4629
7745	5914
7745	7976
7745	8830
7745	9325
7745	9570
7754	8207
7754	8228
7754	8357
7754	9632
7754	9980
7758	7258
7758	9838
7769	3835
7769	4535
7769	5185
7769	6899
7769	7326
7769	7372
7769	7658
7769	8116
7769	9174
7769	9306
7769	9432
7769	9442
7769	9766
7778	158
7778	3373
7778	4484
7778	6406
7778	9366
7778	9489
7778	9612
7778	9970
7812	751
7812	1190
7812	3438
7812	4688
7812	5896
7812	6832
7812	7866
7812	8207
7812	8423
7812	9147
7812	9200
7826	1960
7826	6427
7826	8521
7837	180
7837	6759
7837	6832
7837	7420
7837	8592
7837	9085
7866	5792
7866	7812
7866	7948
7866	8832
7866	9436
7867	5562
7867	6606
7867	8965
7867	9152
7867	9544
7867	9732
7867	9748
7878	2157
7878	7243
7878	9897
7882	500
7882	9450
7887	3933
7887	5764
7887	6305
7887	7207
7887	9652
7887	9739
7890	1854
7890	3331
7890	5132
7890	6429
7890	7626
7890	8895
7890	9442
7892	8720
7892	9998
7894	401
7894	6705
7894	8190
7894	8643
7894	9828
7894	9867
7894	9918
7904	3478
7904	5759
7904	8928
7904	9840
7904	9856
7909	8888
7909	9450
7909	9701
7914	5562
7914	6606
7914	6608
7914	8888
7914	9732
7916	6846
7916	8447
7916	9585
7916	9633
7916	9726
7917	3393
7917	6471
7917	7299
7917	7363
7917	8633
7917	9428
7918	2150
7918	4411
7918	6507
7918	9230
7928	4465
7928	9085
7928	9633
7944	1970
7944	5327
7944	9792
7944	9845
7944	9998
7948	3221
7948	5792
7948	6126
7948	7717
7948	7866
7948	8130
7948	8632
7948	8832
7948	9436
7948	9933
7961	1775
7961	4916
7961	5562
7961	9450
7961	9871
7961	9954
7967	4394
7967	5435
7967	6655
7967	6671
7967	9243
7976	1916
7976	7745
7976	9616
7977	6492
7977	9396
7977	9525
7977	9612
7985	8836
7985	8927
7985	9176
7985	9547
7992	2943
7992	9555
7994	8966
7994	9856
7995	4241
7995	5755
7995	8812
7995	8827
7995	9210
7995	9344
7995	9458
7995	9637
7995	9735
8013	1146
8013	4825
8013	8533
8013	9529
8013	9884
8027	4229
8027	6281
8027	8482
8027	8609
8027	9120
8027	9412
8027	9649
8031	1156
8031	8663
8031	8708
8041	3757
8041	7219
8041	9037
8041	9325
8041	9423
8045	2937
8045	9573
8045	9593
8045	9701
8057	8749
8057	9050
8076	6833
8076	7551
8076	8867
8076	9176
8076	9771
8076	9927
8081	6899
8086	2157
8086	8521
8101	1971
8101	3933
8101	8280
8101	8533
8101	9831
8113	10
8113	1143
8113	3777
8113	5642
8113	6042
8113	6591
8113	8288
8113	8812
8113	9391
8113	9857
8116	1604
8116	4211
8116	4803
8116	5914
8116	7769
8116	8826
8116	9570
8116	9616
8130	3221
8130	7948
8130	8832
8130	9436
8134	5795
8134	6011
8134	8447
8134	9633
8134	9664
8143	3707
8143	4804
8143	6420
8143	8376
8143	9889
8147	1770
8147	6719
8147	8582
8147	8941
8149	5486
8151	3359
8151	3404
8151	4197
8151	6471
8151	7299
8151	7363
8151	7733
8151	9022
8151	9187
8151	9371
8151	9428
8151	9432
8157	4267
8157	6837
8157	7242
8157	7564
8157	8564
8157	9881
8173	1205
8173	1357
8173	4621
8173	6517
8173	6952
8173	9133
8173	9725
8183	2689
8183	3221
8183	8632
8183	9565
8190	7894
8190	8390
8190	9366
8190	9489
8190	9970
8207	7754
8207	7812
8207	9432
8207	9756
8221	8447
8221	9697
8224	1100
8224	2749
8224	3334
8224	7088
8224	9354
8224	9407
8225	6651
8225	9831
8228	12
8228	948
8228	3835
8228	5367
8228	6414
8228	6779
8228	6899
8228	7316
8228	7697
8228	7754
8228	8961
8228	9174
8228	9306
8228	9698
8229	3872
8229	5079
8229	6573
8229	9359
8229	9442
8234	5099
8234	5435
8234	5549
8234	8288
8238	4533
8238	6982
8238	9997
8244	869
8244	5914
8244	8830
8244	9569
8244	9570
8244	9616
8244	9857
8262	809
8262	7094
8262	8276
8262	8357
8262	8518
8262	8629
8262	9211
8262	9230
8262	9605
8262	9811
8275	2529
8275	6517
8275	9926
8276	3079
8276	3900
8276	6603
8276	8262
8276	8643
8276	8644
8276	9605
8276	9811
8278	2687
8278	8888
8278	9833
8280	48
8280	1173
8280	7028
8280	8101
8280	8828
8280	9219
8280	9628
8280	9757
8280	9918
8288	8113
8288	8234
8288	8470
8288	9980
8290	5755
8290	8569
8290	9493
8290	9834
8301	1753
8301	2745
8301	4051
8301	6716
8301	7192
8301	8506
8301	8508
8301	8609
8301	8728
8301	9522
8301	9592
8301	9598
8301	9662
8301	9735
8301	9845
8302	4568
8302	6490
8302	7645
8302	8658
8302	8827
8302	9462
8302	9642
8302	9872
8305	7375
8305	7419
8305	7453
8322	2925
8322	6759
8322	8356
8322	8928
8322	9365
8322	9786
8322	9985
8334	2209
8334	4792
8334	4825
8334	6046
8334	6793
8334	7242
8334	7479
8334	7565
8334	8877
8334	9071
8334	9538
8334	9744
8334	9792
8334	9969
8336	6973
8336	9147
8336	9881
8338	3862
8338	4485
8338	5116
8338	5754
8338	8684
8339	1865
8339	9086
8339	9626
8339	9867
8342	5484
8342	9210
8342	9423
8351	3786
8351	9538
8354	538
8354	3079
8354	8356
8354	8383
8354	8582
8354	9341
8354	9568
8354	9725
8354	9845
8356	8322
8356	8354
8356	8383
8356	9778
8357	1771
8357	2005
8357	3274
8357	3900
8357	5750
8357	6574
8357	6603
8357	7094
8357	7754
8357	8262
8357	8518
8357	9129
8357	9211
8376	3707
8376	8143
8376	8836
8376	9889
8376	9954
8383	8354
8383	8356
8383	9970
8386	1770
8386	7179
8386	9563
8390	4484
8390	8190
8390	9366
8390	9428
8390	9489
8390	9970
8390	9998
8393	6936
8393	8491
8393	9086
8393	9194
8393	9348
8402	1682
8402	2424
8402	2852
8402	5081
8402	5464
8402	5486
8402	5819
8402	6998
8402	8506
8402	8588
8402	8609
8402	8640
8402	9459
8402	9522
8402	9592
8402	9735
8402	9845
8402	9946
8406	4535
8406	7398
8406	9780
8406	9980
8411	5081
8411	5227
8411	7028
8411	7088
8411	7199
8411	9750
8413	1960
8413	8886
8413	9757
8423	2559
8423	7812
8423	9200
8436	8704
8436	9643
8442	6184
8442	8617
8442	9605
8442	9701
8444	5522
8447	7366
8447	7916
8447	8134
8447	8221
8447	9633
8456	4544
8456	5490
8456	7031
8456	7238
8456	9106
8456	9888
8459	6507
8459	8592
8470	8288
8470	9442
8470	9980
8480	2535
8480	2991
8480	3560
8480	5046
8480	5819
8480	8853
8480	9592
8480	9735
8480	9845
8481	1904
8481	3338
8481	4262
8481	6659
8481	7583
8481	7658
8481	8961
8481	9306
8481	9442
8481	9698
8481	9888
8482	6127
8482	8027
8482	8721
8482	9277
8482	9306
8482	9780
8484	926
8484	1843
8484	4899
8484	6895
8484	7043
8484	7359
8484	9299
8484	9344
8484	9690
8484	9748
8489	2749
8489	3580
8489	4213
8489	6406
8489	7668
8489	8760
8491	2855
8491	3917
8491	5046
8491	7002
8491	7453
8491	8393
8491	9511
8491	9695
8506	2619
8506	3560
8506	5819
8506	8301
8506	8402
8506	9022
8506	9235
8506	9592
8506	9662
8506	9735
8506	9845
8507	401
8507	6438
8507	6629
8507	6758
8508	1515
8508	8301
8508	9365
8508	9595
8508	9831
8508	9946
8515	5185
8515	9857
8518	1833
8518	3274
8518	8262
8518	8357
8518	8644
8518	9133
8518	9605
8518	9811
8518	9970
8521	6414
8521	7826
8521	8086
8521	9993
8533	680
8533	8013
8533	8101
8533	8664
8533	8809
8533	9354
8533	9592
8533	9831
8536	6973
8536	7110
8536	7548
8536	9362
8536	9690
8539	552
8539	4916
8539	8827
8539	9210
8539	9344
8539	9637
8545	500
8545	5059
8545	7453
8545	9697
8564	4033
8564	5692
8564	8157
8564	8658
8564	9235
8564	9471
8564	9628
8564	9971
8569	4520
8569	5755
8569	6941
8569	8290
8569	9493
8582	7398
8582	8147
8582	8354
8582	9341
8582	9370
8585	500
8585	6866
8585	9044
8585	9092
8585	9733
8586	4792
8586	5889
8586	6485
8586	7630
8586	9736
8586	9985
8588	2991
8588	3786
8588	4629
8588	5464
8588	6243
8588	6716
8588	8402
8588	9459
8588	9522
8588	9662
8588	9735
8588	9897
8592	7837
8592	8459
8592	9652
8609	2110
8609	4229
8609	7278
8609	8027
8609	8301
8609	8402
8609	9120
8609	9412
8615	36
8615	5763
8615	8861
8615	9325
8615	9728
8617	7549
8617	8442
8617	8728
8629	6745
8629	7583
8629	8262
8629	8739
8629	9120
8632	5435
8632	7948
8632	8183
8633	500
8633	7917
8633	9903
8640	2146
8640	2157
8640	5764
8640	6305
8640	7207
8640	8402
8640	9652
8643	6603
8643	7894
8643	8276
8643	9211
8643	9605
8643	9736
8644	3274
8644	6603
8644	7094
8644	7366
8644	8276
8644	8518
8644	9605
8644	9784
8644	9811
8648	772
8648	3757
8648	6812
8653	1793
8653	3310
8653	3604
8653	7243
8653	9234
8653	9701
8653	9725
8653	9760
8653	9897
8658	4033
8658	6126
8658	6430
8658	6837
8658	6846
8658	7564
8658	8302
8658	8564
8658	8836
8658	9242
8658	9881
8662	1771
8662	6806
8663	1156
8663	4180
8663	8031
8663	8708
8663	9861
8664	1106
8664	6833
8664	7544
8664	8533
8664	9447
8664	9871
8668	2943
8668	6619
8668	8749
8668	9651
8668	9719
8668	9733
8668	9971
8684	3576
8684	4065
8684	7697
8684	8338
8684	8817
8684	9662
8690	1932
8690	6997
8690	7242
8690	9643
8690	9889
8704	7667
8704	8436
8704	9404
8704	9633
8704	9725
8708	3757
8708	7002
8708	8031
8708	8663
8720	6329
8720	6366
8720	7192
8720	7385
8720	7892
8720	9769
8720	9927
8721	36
8721	7359
8721	7469
8721	7531
8721	8482
8721	9780
8728	133
8728	8301
8728	8617
8728	9946
8739	3334
8739	4545
8739	5968
8739	8629
8739	8828
8739	9101
8739	9194
8739	9565
8741	9395
8741	9888
8749	12
8749	2943
8749	6619
8749	7603
8749	8057
8749	8668
8749	8974
8749	9719
8749	9971
8760	36
8760	6683
8760	6913
8760	8489
8771	237
8771	2937
8772	6611
8772	6691
8772	6883
8772	8817
8772	9569
8772	9890
8775	9522
8782	6749
8782	9170
8782	9289
8782	9722
8794	801
8794	4535
8794	9343
8794	9570
8794	9690
8803	6492
8803	9306
8809	3961
8809	4854
8809	8533
8809	9354
8809	9831
8809	9985
8810	6414
8812	5789
8812	7995
8812	8113
8812	9210
8812	9458
8812	9637
8812	9980
8816	412
8816	437
8816	1856
8816	2163
8816	5819
8816	6134
8816	6671
8816	9046
8816	9274
8816	9395
8816	9766
8817	180
8817	2424
8817	7593
8817	8684
8817	8772
8817	9089
8817	9649
8817	9652
8826	3012
8826	3068
8826	4211
8826	4386
8826	5914
8826	8116
8826	8830
8826	9616
8827	5789
8827	6438
8827	7995
8827	8302
8827	8539
8827	9210
8827	9219
8827	9344
8827	9404
8827	9458
8828	3069
8828	3542
8828	4916
8828	5099
8828	5376
8828	7028
8828	8280
8828	8739
8828	9219
8828	9628
8828	9757
8828	9918
8830	15
8830	160
8830	1100
8830	3707
8830	4211
8830	4629
8830	4803
8830	5058
8830	5294
8830	5728
8830	5914
8830	6297
8830	7238
8830	7745
8830	8244
8830	8826
8830	9544
8830	9570
8830	9616
8830	9993
8831	4197
8831	6507
8831	9174
8831	9187
8831	9442
8831	9895
8832	3221
8832	5792
8832	7866
8832	7948
8832	8130
8832	9436
8832	9748
8836	7985
8836	8376
8836	8658
8836	8927
8836	9547
8836	9628
8853	3263
8853	6573
8853	8480
8861	8615
8861	9692
8867	6833
8867	7022
8867	7479
8867	8076
8867	9442
8867	9771
8867	9887
8872	6297
8872	9489
8872	9792
8876	420
8876	1949
8876	4534
8876	5590
8876	5933
8876	6427
8876	6492
8876	9035
8876	9274
8877	2209
8877	4792
8877	4825
8877	6793
8877	8334
8877	9071
8877	9723
8877	9739
8877	9744
8878	6749
8878	9917
8881	110
8881	3429
8881	7110
8881	9126
8881	9529
8883	7022
8883	9756
8883	9983
8886	6106
8886	8413
8886	9493
8887	1106
8887	6184
8887	9628
8887	9690
8887	9985
8888	6052
8888	7564
8888	7593
8888	7909
8888	7914
8888	8278
8888	9086
8888	9881
8895	3079
8895	7890
8895	9652
8895	9852
8911	4694
8911	9732
8921	1911
8921	5976
8921	6846
8921	7299
8921	7363
8921	7733
8921	9428
8921	9834
8921	9901
8927	4804
8927	7985
8927	8836
8927	9176
8927	9547
8927	9889
8928	248
8928	5819
8928	6397
8928	7665
8928	7904
8928	8322
8928	9120
8928	9840
8928	9856
8941	7466
8941	8147
8941	9632
8941	9766
8948	4621
8948	6445
8948	9445
8952	4544
8952	6415
8952	6619
8952	9235
8952	9917
8958	6630
8958	7547
8958	9098
8958	9993
8961	1027
8961	4535
8961	5185
8961	5460
8961	6659
8961	6899
8961	7583
8961	7658
8961	8228
8961	8481
8961	9174
8961	9306
8961	9432
8961	9442
8961	9698
8961	9997
8965	5562
8965	6606
8965	6608
8965	7867
8965	9152
8965	9442
8965	9732
8965	9998
8966	3580
8966	4004
8966	5059
8966	7736
8966	7994
8966	9511
8966	9531
8966	9692
8972	1143
8972	9828
8974	8749
8974	9330
8974	9565
8974	9933
8993	9347
8993	9670
8993	9792
8993	9890
8993	9977
8998	2672
8998	7238
8998	7466
8998	9871
9022	36
9022	2749
9022	3079
9022	8151
9022	8506
9022	9299
9022	9592
9022	9889
9035	420
9035	1127
9035	3429
9035	3801
9035	4534
9035	6406
9035	6427
9035	6492
9035	8876
9035	9274
9037	3757
9037	8041
9037	9325
9037	9423
9037	9927
9044	1190
9044	4779
9044	6574
9044	6866
9044	8585
9044	9092
9044	9733
9046	2163
9046	6671
9046	7385
9046	8816
9046	9790
9046	9890
9050	7593
9050	8057
9050	9649
9050	9698
9050	9744
9054	5759
9054	5889
9071	926
9071	3604
9071	4411
9071	4694
9071	4825
9071	6793
9071	7278
9071	7466
9071	7565
9071	8334
9071	8877
9071	9489
9071	9744
9071	9830
9078	7122
9078	7261
9085	2078
9085	2150
9085	4891
9085	7837
9085	7928
9085	9652
9086	922
9086	926
9086	6936
9086	8339
9086	8393
9086	8888
9086	9348
9086	9778
9086	9985
9089	3334
9089	6773
9089	7629
9089	8817
9089	9129
9091	2984
9091	9299
9091	9391
9091	9831
9091	9927
9092	4779
9092	8585
9092	9044
9092	9709
9092	9733
9098	1682
9098	8958
9098	9735
9098	9744
9099	110
9099	497
9099	5172
9099	9538
9099	9983
9101	5968
9101	6414
9101	6466
9101	7340
9101	7629
9101	8739
9101	9194
9101	9325
9101	9565
9106	4131
9106	7353
9106	8456
9106	9946
9120	1775
9120	2110
9120	3353
9120	6128
9120	7331
9120	8027
9120	8609
9120	8629
9120	8928
9120	9412
9126	5059
9126	8881
9126	9834
9129	180
9129	1402
9129	3193
9129	6366
9129	6773
9129	7629
9129	8357
9129	9089
9133	7340
9133	7629
9133	8173
9133	8518
9145	7216
9145	7351
9145	9450
9147	4401
9147	7812
9147	8336
9147	9565
9147	9685
9147	9756
9147	9771
9152	4899
9152	5562
9152	6552
9152	6606
9152	6608
9152	7867
9152	8965
9152	9732
9170	5359
9170	6749
9170	6832
9170	8782
9170	9289
9170	9722
9174	2911
9174	3338
9174	3835
9174	4262
9174	4301
9174	4535
9174	5222
9174	5360
9174	5367
9174	7697
9174	7769
9174	8228
9174	8831
9174	8961
9174	9306
9174	9341
9174	9344
9174	9432
9174	9442
9174	9772
9176	497
9176	3707
9176	4804
9176	5249
9176	6420
9176	7985
9176	8076
9176	8927
9176	9234
9176	9344
9176	9547
9176	9856
9176	9889
9177	9370
9177	9509
9177	9607
9177	9967
9177	9969
9185	7547
9187	3542
9187	4197
9187	5976
9187	6406
9187	6846
9187	7363
9187	8151
9187	8831
9187	9428
9194	4527
9194	5968
9194	8393
9194	8739
9194	9101
9194	9407
9194	9565
9194	9887
9200	2557
9200	2559
9200	6552
9200	6768
9200	7812
9200	8423
9200	9676
9200	9722
9200	9783
9200	9901
9210	2163
9210	5294
9210	6404
9210	7995
9210	8342
9210	8539
9210	8812
9210	8827
9210	9344
9210	9458
9210	9637
9211	2005
9211	5386
9211	6063
9211	6603
9211	6883
9211	7094
9211	7468
9211	8262
9211	8357
9211	8643
9211	9811
9211	9890
9219	48
9219	5884
9219	8280
9219	8827
9219	8828
9219	9628
9219	9757
9219	9918
9230	5294
9230	7918
9230	8262
9230	9783
9230	9970
9234	426
9234	3900
9234	7110
9234	7548
9234	8653
9234	9176
9234	9362
9234	9479
9234	9744
9234	9967
9235	4033
9235	5327
9235	5692
9235	6126
9235	6837
9235	7242
9235	8506
9235	8564
9235	8952
9235	9471
9235	9569
9235	9881
9242	6046
9242	8658
9242	9628
9243	4236
9243	6096
9243	7275
9243	7388
9243	7967
9243	9306
9243	9664
9243	9985
9263	799
9263	4211
9274	420
9274	1949
9274	2260
9274	3334
9274	3429
9274	3801
9274	3876
9274	4077
9274	4123
9274	4534
9274	5590
9274	5759
9274	5933
9274	6492
9274	8816
9274	8876
9274	9035
9274	9407
9274	9607
9277	4107
9277	7261
9277	7359
9277	7469
9277	7556
9277	8482
9277	9780
9289	6749
9289	8782
9289	9170
9289	9343
9289	9522
9289	9722
9289	9903
9299	8484
9299	9022
9299	9091
9299	9858
9299	9985
9306	4301
9306	5172
9306	5185
9306	5222
9306	6414
9306	6574
9306	7372
9306	7769
9306	8228
9306	8481
9306	8482
9306	8803
9306	8961
9306	9174
9306	9243
9306	9432
9306	9442
9306	9698
9325	3757
9325	3961
9325	7745
9325	8041
9325	8615
9325	9037
9325	9101
9325	9423
9325	9786
9330	8974
9330	9626
9341	2960
9341	5828
9341	8354
9341	8582
9341	9174
9343	801
9343	5943
9343	8794
9343	9289
9343	9690
9343	9897
9344	5789
9344	7995
9344	8484
9344	8539
9344	8827
9344	9174
9344	9176
9344	9210
9344	9404
9344	9458
9347	1604
9347	8993
9347	9890
9347	9977
9348	6936
9348	8393
9348	9086
9350	6305
9350	6691
9350	7479
9350	9569
9350	9664
9350	9838
9354	158
9354	1971
9354	2078
9354	3933
9354	3961
9354	8224
9354	8533
9354	8809
9354	9436
9354	9831
9359	8229
9362	2745
9362	6281
9362	6973
9362	7548
9362	7556
9362	7712
9362	8536
9362	9234
9362	9685
9362	9930
9365	1775
9365	2450
9365	4051
9365	6759
9365	7056
9365	7326
9365	8322
9365	8508
9365	9595
9366	2397
9366	3993
9366	6406
9366	7778
9366	8190
9366	8390
9366	9489
9366	9970
9369	7022
9370	8582
9370	9177
9370	9442
9370	9573
9370	9607
9370	9722
9370	9967
9371	8151
9371	9760
9377	6469
9391	2984
9391	7736
9391	8113
9391	9091
9391	9786
9391	9927
9393	6601
9393	7094
9393	9522
9393	9901
9395	5967
9395	6629
9395	8741
9395	8816
9395	9493
9396	437
9396	7351
9396	7665
9396	7977
9396	9828
9404	6651
9404	7667
9404	8704
9404	8827
9404	9344
9404	9784
9404	9897
9407	4520
9407	5968
9407	8224
9407	9194
9407	9274
9407	9565
9412	4229
9412	8027
9412	8609
9412	9120
9412	9838
9423	3757
9423	8041
9423	8342
9423	9037
9423	9325
9428	3291
9428	3393
9428	5828
9428	5976
9428	7917
9428	8151
9428	8390
9428	8921
9428	9187
9432	2911
9432	3091
9432	4262
9432	5116
9432	5185
9432	6414
9432	6659
9432	7583
9432	7658
9432	7717
9432	7769
9432	8151
9432	8207
9432	8961
9432	9174
9432	9306
9432	9698
9436	3221
9436	7866
9436	7948
9436	8130
9436	8832
9436	9354
9436	9511
9442	931
9442	1027
9442	1143
9442	2911
9442	3090
9442	4236
9442	4544
9442	5099
9442	5116
9442	5172
9442	5185
9442	5222
9442	5360
9442	5367
9442	5943
9442	6323
9442	6388
9442	6414
9442	6899
9442	7359
9442	7583
9442	7769
9442	7890
9442	8229
9442	8470
9442	8481
9442	8831
9442	8867
9442	8961
9442	8965
9442	9174
9442	9306
9442	9370
9442	9633
9442	9698
9442	9884
9445	4004
9445	6861
9445	6936
9445	8948
9445	9637
9445	9946
9447	6812
9447	8664
9447	9831
9447	9854
9450	1775
9450	3784
9450	3844
9450	6469
9450	7882
9450	7909
9450	7961
9450	9145
9458	3273
9458	5520
9458	6429
9458	7995
9458	8812
9458	8827
9458	9210
9458	9344
9458	9722
9458	9961
9459	3231
9459	5520
9459	5819
9459	6716
9459	7192
9459	8402
9459	8588
9459	9522
9459	9592
9459	9662
9459	9845
9462	494
9462	598
9462	6244
9462	6524
9462	7108
9462	8302
9462	9626
9462	9772
9471	921
9471	4267
9471	5327
9471	6415
9471	6430
9471	6952
9471	7242
9471	7469
9471	7564
9471	8564
9471	9235
9471	9881
9475	720
9475	3321
9475	5702
9475	6340
9475	7258
9475	9744
9479	5081
9479	6973
9479	7437
9479	7548
9479	7712
9479	9234
9479	9685
9479	9709
9479	9969
9489	2397
9489	4484
9489	5366
9489	6406
9489	7551
9489	7778
9489	8190
9489	8390
9489	8872
9489	9071
9489	9366
9489	9930
9489	9970
9493	5755
9493	6601
9493	6941
9493	7372
9493	8290
9493	8569
9493	8886
9493	9395
9493	9969
9509	6691
9509	7660
9509	9177
9509	9607
9509	9735
9509	9967
9511	7453
9511	8491
9511	8966
9511	9436
9511	9695
9511	9830
9522	2991
9522	3572
9522	4360
9522	5081
9522	5464
9522	6716
9522	8301
9522	8402
9522	8588
9522	8775
9522	9289
9522	9393
9522	9459
9522	9592
9522	9662
9522	9735
9522	9845
9522	9967
9525	1833
9525	4413
9525	5728
9525	6231
9525	7076
9525	7977
9525	9737
9525	9954
9529	6671
9529	7668
9529	8013
9529	8881
9531	8966
9531	9692
9538	8334
9538	8351
9538	9099
9544	7867
9544	8830
9544	9845
9547	4804
9547	6420
9547	7985
9547	8836
9547	8927
9547	9176
9547	9555
9547	9808
9547	9889
9555	5099
9555	5294
9555	6812
9555	7992
9555	9547
9555	9861
9555	9994
9563	1770
9563	3576
9563	5991
9563	7179
9563	8386
9563	9857
9565	1990
9565	4520
9565	4527
9565	6466
9565	8183
9565	8739
9565	8974
9565	9101
9565	9147
9565	9194
9565	9407
9568	931
9568	5968
9568	7076
9568	7513
9568	8354
9569	6611
9569	6691
9569	6866
9569	6883
9569	8244
9569	8772
9569	9235
9569	9350
9569	9612
9570	160
9570	869
9570	1100
9570	2516
9570	3012
9570	3068
9570	3952
9570	4386
9570	4629
9570	4803
9570	6297
9570	6552
9570	7745
9570	8116
9570	8244
9570	8794
9570	8830
9570	9616
9570	9670
9570	9861
9570	9952
9573	7122
9573	8045
9573	9370
9584	133
9584	5460
9584	9701
9584	9961
9585	2672
9585	3560
9585	7916
9592	2535
9592	2852
9592	2991
9592	3560
9592	3786
9592	5026
9592	7556
9592	7721
9592	8301
9592	8402
9592	8480
9592	8506
9592	8533
9592	9022
9592	9459
9592	9522
9592	9722
9592	9735
9592	9830
9592	9845
9593	959
9593	4638
9593	6268
9593	6388
9593	6517
9593	6793
9593	7110
9593	7116
9593	8045
9593	9858
9595	3352
9595	4051
9595	6334
9595	8508
9595	9365
9595	9695
9598	6002
9598	8301
9605	1833
9605	3900
9605	6603
9605	7094
9605	8262
9605	8276
9605	8442
9605	8518
9605	8643
9605	8644
9605	9662
9605	9811
9607	6691
9607	7660
9607	9177
9607	9274
9607	9370
9607	9509
9607	9967
9612	1156
9612	6346
9612	6895
9612	7778
9612	7977
9612	9569
9612	9651
9612	9969
9616	401
9616	869
9616	1604
9616	2078
9616	2516
9616	3012
9616	3068
9616	3079
9616	3692
9616	4065
9616	4386
9616	4629
9616	5914
9616	6297
9616	7183
9616	7976
9616	8116
9616	8244
9616	8826
9616	8830
9616	9570
9616	9769
9626	494
9626	598
9626	2991
9626	3803
9626	4222
9626	6244
9626	6524
9626	6730
9626	6773
9626	7108
9626	8339
9626	9330
9626	9462
9626	9750
9626	9772
9628	48
9628	3542
9628	4916
9628	5884
9628	6793
9628	8280
9628	8564
9628	8828
9628	8836
9628	8887
9628	9219
9628	9242
9628	9757
9632	7754
9632	8941
9632	9830
9633	5795
9633	6390
9633	6429
9633	7366
9633	7717
9633	7916
9633	7928
9633	8134
9633	8447
9633	8704
9633	9442
9633	9726
9633	9728
9637	4411
9637	5327
9637	7995
9637	8539
9637	8812
9637	9210
9637	9445
9637	9952
9642	3178
9642	3957
9642	8302
9643	3915
9643	4468
9643	6787
9643	8436
9643	8690
9649	3872
9649	7593
9649	8027
9649	8817
9649	9050
9649	9701
9651	2960
9651	6346
9651	8668
9651	9612
9651	9969
9652	3844
9652	5319
9652	5764
9652	7207
9652	7887
9652	8592
9652	8640
9652	8817
9652	8895
9652	9085
9652	9739
9652	9783
9652	9927
9662	2535
9662	2745
9662	2852
9662	3781
9662	3786
9662	5081
9662	8301
9662	8506
9662	8588
9662	8684
9662	9459
9662	9522
9662	9605
9662	9735
9662	9845
9664	1146
9664	8134
9664	9243
9664	9350
9664	9670
9664	9970
9664	9977
9670	8993
9670	9570
9670	9664
9670	9701
9676	2672
9676	7207
9676	7238
9676	9200
9685	426
9685	6973
9685	7110
9685	7437
9685	7548
9685	7556
9685	7712
9685	9147
9685	9362
9685	9479
9686	2669
9686	4629
9686	6323
9686	9889
9690	801
9690	3090
9690	5549
9690	5943
9690	8484
9690	8536
9690	8794
9690	8887
9690	9343
9690	9766
9690	9858
9692	1106
9692	2557
9692	3273
9692	5059
9692	6065
9692	6999
9692	7219
9692	7513
9692	7736
9692	8861
9692	8966
9692	9531
9692	9697
9692	9722
9692	9739
9695	3580
9695	3781
9695	3917
9695	6999
9695	7453
9695	8491
9695	9511
9695	9595
9695	9719
9697	7374
9697	8221
9697	8545
9697	9692
9698	1027
9698	3338
9698	4236
9698	4262
9698	4535
9698	4638
9698	4694
9698	5360
9698	6243
9698	6414
9698	6659
9698	7372
9698	7583
9698	7658
9698	7697
9698	8228
9698	8481
9698	8961
9698	9050
9698	9306
9698	9432
9698	9442
9698	9811
9701	922
9701	1793
9701	2216
9701	2710
9701	3310
9701	3786
9701	6467
9701	7238
9701	7353
9701	7909
9701	8045
9701	8442
9701	8653
9701	9584
9701	9649
9701	9670
9701	9725
9701	9897
9709	4077
9709	5889
9709	7353
9709	9092
9709	9479
9713	2943
9713	6052
9719	12
9719	2943
9719	4086
9719	6404
9719	6619
9719	7207
9719	7301
9719	8668
9719	8749
9719	9695
9719	9971
9722	6749
9722	7300
9722	7366
9722	8782
9722	9170
9722	9200
9722	9289
9722	9370
9722	9458
9722	9592
9722	9692
9723	2146
9723	4544
9723	6339
9723	8877
9723	9784
9723	9983
9725	2710
9725	5386
9725	6467
9725	8173
9725	8354
9725	8653
9725	8704
9725	9701
9725	9792
9725	9897
9726	708
9726	6429
9726	7916
9726	9633
9728	6997
9728	8615
9728	9633
9728	9856
9728	9861
9728	9888
9728	9961
9728	9985
9732	5562
9732	6552
9732	6606
9732	6608
9732	7867
9732	7914
9732	8911
9732	8965
9732	9152
9733	6574
9733	7372
9733	8585
9733	8668
9733	9044
9733	9092
9735	1682
9735	2852
9735	3572
9735	3781
9735	4360
9735	5520
9735	5819
9735	7192
9735	7300
9735	7396
9735	7995
9735	8301
9735	8402
9735	8480
9735	8506
9735	8588
9735	9098
9735	9509
9735	9522
9735	9592
9735	9662
9735	9845
9736	5185
9736	6390
9736	8586
9736	8643
9737	6414
9737	7697
9737	9525
9737	9890
9739	5764
9739	6305
9739	7207
9739	7887
9739	8877
9739	9652
9739	9692
9744	2209
9744	2404
9744	2991
9744	4638
9744	4694
9744	4792
9744	4825
9744	6046
9744	6793
9744	7466
9744	7565
9744	8334
9744	8877
9744	9050
9744	9071
9744	9098
9744	9234
9744	9475
9744	9786
9748	2957
9748	4899
9748	6895
9748	7043
9748	7867
9748	8484
9748	8832
9750	8411
9750	9626
9750	9952
9756	1843
9756	7022
9756	8207
9756	8883
9756	9147
9757	3069
9757	3542
9757	5884
9757	6558
9757	7028
9757	8280
9757	8413
9757	8828
9757	9219
9757	9628
9757	9918
9760	5386
9760	6543
9760	8653
9760	9371
9765	3707
9765	4411
9765	6462
9766	177
9766	3786
9766	4465
9766	5058
9766	7769
9766	8816
9766	8941
9766	9690
9766	9778
9769	4324
9769	6329
9769	8720
9769	9616
9771	6833
9771	7479
9771	7551
9771	8076
9771	8867
9771	9147
9771	9828
9771	9903
9772	494
9772	598
9772	3803
9772	4222
9772	6244
9772	6524
9772	7108
9772	9174
9772	9462
9772	9626
9778	177
9778	4465
9778	6057
9778	6420
9778	8356
9778	9086
9778	9766
9780	7359
9780	7469
9780	8406
9780	8482
9780	8721
9780	9277
9783	1364
9783	6543
9783	6630
9783	7278
9783	9200
9783	9230
9783	9652
9784	208
9784	2855
9784	4891
9784	6469
9784	8644
9784	9404
9784	9723
9786	3263
9786	5915
9786	6760
9786	8322
9786	9325
9786	9391
9786	9744
9790	3135
9790	3925
9790	4847
9790	5004
9790	5522
9790	7398
9790	9046
9790	9997
9792	7544
9792	7944
9792	8334
9792	8872
9792	8993
9792	9725
9792	9930
9808	1833
9808	3352
9808	4267
9808	9547
9811	2005
9811	3274
9811	6063
9811	6603
9811	6941
9811	7094
9811	8262
9811	8276
9811	8518
9811	8644
9811	9211
9811	9605
9811	9698
9828	6415
9828	7351
9828	7894
9828	8972
9828	9396
9828	9771
9830	772
9830	9071
9830	9511
9830	9592
9830	9632
9831	158
9831	680
9831	1971
9831	2710
9831	3933
9831	3961
9831	4161
9831	4854
9831	5376
9831	6936
9831	8101
9831	8225
9831	8508
9831	8533
9831	8809
9831	9091
9831	9354
9831	9447
9831	9871
9833	801
9833	5991
9833	8278
9833	9897
9834	3221
9834	5227
9834	5957
9834	7192
9834	7453
9834	8290
9834	8921
9834	9126
9834	9872
9838	36
9838	5819
9838	7758
9838	9350
9838	9412
9838	9903
9840	5096
9840	5561
9840	5759
9840	6397
9840	6997
9840	7904
9840	8928
9840	9856
9845	2745
9845	3560
9845	3781
9845	5081
9845	5464
9845	5819
9845	6716
9845	7275
9845	7944
9845	8301
9845	8354
9845	8402
9845	8480
9845	8506
9845	9459
9845	9522
9845	9544
9845	9592
9845	9662
9845	9735
9852	1604
9852	3079
9852	7629
9852	8895
9854	2984
9854	7207
9854	9447
9856	248
9856	4401
9856	5096
9856	6397
9856	6420
9856	6997
9856	7275
9856	7904
9856	7994
9856	8928
9856	9176
9856	9728
9856	9840
9856	9993
9857	8113
9857	8244
9857	8515
9857	9563
9858	2832
9858	6106
9858	6388
9858	7116
9858	9299
9858	9593
9858	9690
9861	6573
9861	7300
9861	8663
9861	9555
9861	9570
9861	9728
9867	5008
9867	5795
9867	7199
9867	7396
9867	7894
9867	8339
9871	1106
9871	7316
9871	7544
9871	7961
9871	8664
9871	8998
9871	9831
9872	2078
9872	4568
9872	5914
9872	5957
9872	8302
9872	9834
9881	949
9881	1865
9881	4267
9881	4500
9881	5046
9881	5327
9881	5692
9881	6126
9881	6360
9881	6837
9881	7242
9881	7564
9881	8157
9881	8336
9881	8658
9881	8888
9881	9235
9881	9471
9884	2529
9884	6517
9884	8013
9884	9442
9884	9926
9887	6705
9887	8867
9887	9194
9887	9926
9888	66
9888	7300
9888	8456
9888	8481
9888	8741
9888	9728
9889	497
9889	1231
9889	3707
9889	4804
9889	5535
9889	6420
9889	6446
9889	8143
9889	8376
9889	8690
9889	8927
9889	9022
9889	9176
9889	9547
9889	9686
9890	3221
9890	8772
9890	8993
9890	9046
9890	9211
9890	9347
9890	9737
9890	9977
9895	4946
9895	6492
9895	8831
9897	1793
9897	3310
9897	6467
9897	6492
9897	6758
9897	6779
9897	7878
9897	8588
9897	8653
9897	9343
9897	9404
9897	9701
9897	9725
9897	9833
9901	4447
9901	5976
9901	6601
9901	8921
9901	9200
9901	9393
9903	319
9903	500
9903	7337
9903	8633
9903	9289
9903	9771
9903	9838
9917	5562
9917	8878
9917	8952
9918	538
9918	3542
9918	4916
9918	5884
9918	7028
9918	7238
9918	7894
9918	8280
9918	8828
9918	9219
9918	9757
9926	2529
9926	4827
9926	6517
9926	8275
9926	9884
9926	9887
9927	2984
9927	5968
9927	6429
9927	8076
9927	8720
9927	9037
9927	9091
9927	9391
9927	9652
9927	9977
9930	1113
9930	3750
9930	9362
9930	9489
9930	9792
9930	9997
9933	7300
9933	7948
9933	8974
9933	9969
9946	6861
9946	8402
9946	8508
9946	8728
9946	9106
9946	9445
9952	7353
9952	7396
9952	9570
9952	9637
9952	9750
9953	497
9954	7961
9954	8376
9954	9525
9961	1682
9961	9458
9961	9584
9961	9728
9967	3628
9967	9177
9967	9234
9967	9370
9967	9509
9967	9522
9967	9607
9969	2960
9969	6346
9969	7448
9969	8334
9969	9177
9969	9479
9969	9493
9969	9612
9969	9651
9969	9933
9970	2397
9970	5046
9970	5562
9970	6406
9970	7736
9970	7778
9970	8190
9970	8383
9970	8390
9970	8518
9970	9230
9970	9366
9970	9489
9970	9664
9971	12
9971	4086
9971	6404
9971	6895
9971	7301
9971	7419
9971	8564
9971	8668
9971	8749
9971	9719
9977	1971
9977	3404
9977	6163
9977	8993
9977	9347
9977	9664
9977	9890
9977	9927
9980	6897
9980	7261
9980	7754
9980	8288
9980	8406
9980	8470
9980	8812
9983	4916
9983	5933
9983	6445
9983	8883
9983	9099
9983	9723
9985	4638
9985	7388
9985	8322
9985	8586
9985	8809
9985	8887
9985	9086
9985	9243
9985	9299
9985	9728
9986	133
9993	1496
9993	5594
9993	7243
9993	8521
9993	8830
9993	8958
9993	9856
9994	497
9994	5099
9994	6812
9994	9555
9997	1604
9997	4533
9997	4545
9997	6982
9997	8238
9997	8961
9997	9790
9997	9930
9998	1970
9998	7892
9998	7944
9998	8390
9998	8965
