16	6885
49	7636
116	6571
116	8067
123	2208
123	9795
128	8241
128	8254
128	8337
128	9791
166	2839
166	6343
166	9491
166	9705
177	1198
177	7189
177	7922
177	9567
177	9766
184	2983
184	7836
184	8082
335	2197
335	2943
335	3447
335	7700
335	8735
335	8914
335	9972
352	8631
352	9710
367	2498
373	3947
373	9706
395	6792
416	5548
416	7277
416	7966
416	7994
418	3164
418	9290
490	4239
490	4954
490	8136
490	8888
490	9526
490	9805
512	5370
512	7642
512	9200
524	3004
524	8136
524	9526
540	2839
540	5266
540	6611
540	9465
540	9569
549	6030
549	8714
549	9673
553	8225
553	9139
553	9160
559	6620
559	7768
559	8914
559	9913
575	5858
575	9182
575	9374
596	7636
602	2638
602	6841
602	7413
602	7813
602	9906
681	5381
681	7351
681	9438
708	3997
710	2838
710	6915
710	8526
710	8609
710	9120
710	9276
710	9412
732	976
732	3200
732	7510
732	7813
732	8641
732	9808
732	9906
765	8631
802	3559
802	8623
802	9317
839	6958
839	9873
846	7010
846	9096
846	9584
856	4903
856	7532
856	7953
856	8379
856	8696
856	9205
856	9544
874	8714
883	8694
912	9388
912	9894
959	5161
959	6964
959	9593
959	9957
970	1189
976	732
976	4060
976	8984
976	9441
976	9849
986	1785
986	4231
986	5737
986	6628
986	7425
986	9731
1016	9376
1016	9406
1016	9469
1030	9198
1043	7636
1083	3997
1083	7324
1131	5183
1131	7517
1131	9314
1140	4217
1140	6254
1140	8225
1140	8350
1140	9139
1140	9972
1144	2165
1144	4145
1144	4797
1153	4733
1153	6687
1153	9563
1189	970
1189	1944
1189	9051
1189	9688
1189	9700
1189	9706
1189	9812
1198	177
1198	9410
1214	6571
1214	9658
1220	4791
1220	9869
1223	1229
1223	2010
1223	6805
1223	7809
1223	8350
1223	8694
1223	9536
1229	1223
1229	5858
1229	7536
1229	8110
1229	8415
1284	2324
1284	5157
1284	6516
1284	8270
1284	9524
1303	9817
1325	8033
1325	9525
1326	9304
1349	6921
1360	5582
1360	9705
1367	9563
1380	8033
1389	3715
1389	4984
1433	8415
1448	7941
1448	8000
1448	8239
1448	9959
1448	9997
1462	4115
1462	6696
1462	8088
1462	8566
1462	9537
1462	9588
1462	9899
1463	9731
1463	9817
1511	6571
1511	9837
1538	3004
1541	6147
1541	9410
1551	6085
1551	9381
1551	9906
1576	2025
1576	7914
1576	8800
1580	8714
1617	1807
1617	7502
1617	9096
1617	9212
1617	9423
1618	3004
1618	8707
1618	9515
1638	5731
1638	9985
1639	3121
1639	5582
1639	7230
1639	8264
1639	8387
1649	2866
1649	9327
1649	9706
1671	8631
1724	6443
1724	8278
1724	9423
1754	4412
1754	6394
1754	7974
1754	9246
1765	2889
1765	6343
1765	7633
1770	7363
1770	9563
1785	986
1807	1617
1807	2233
1807	9096
1807	9423
1820	8350
1820	9282
1820	9631
1854	6813
1854	8396
1855	7917
1857	3318
1857	7150
1857	8598
1857	8638
1857	8754
1857	9808
1866	6554
1866	7219
1866	8164
1866	9400
1903	2839
1903	6611
1939	9631
1940	8324
1940	9463
1940	9885
1944	1189
1963	2889
1963	8996
1972	4791
1972	8504
1982	9200
1995	6085
1995	6632
1995	7616
1995	7974
1995	9138
1995	9148
1995	9381
1995	9606
2007	6921
2010	1223
2010	3537
2010	7476
2010	8350
2013	9148
2025	1576
2025	8603
2025	9154
2092	8697
2092	9388
2135	5984
2135	6915
2135	7917
2135	9803
2139	5351
2139	7718
2139	8038
2139	8067
2139	9344
2139	9433
2161	4603
2161	8888
2161	9524
2161	9683
2165	1144
2165	2498
2165	4293
2168	2578
2168	9926
2169	9349
2169	9957
2190	4011
2190	6394
2190	9827
2197	335
2197	7440
2197	7768
2197	8735
2208	123
2208	6680
2208	6689
2208	7091
2208	8672
2208	8996
2208	9410
2208	9928
2216	5429
2216	9701
2216	9850
2219	3755
2219	7351
2219	9731
2223	6665
2223	8697
2230	7517
2230	9913
2233	1807
2233	3164
2233	9681
2238	9885
2293	4359
2293	9285
2296	9390
2296	9808
2296	9906
2324	1284
2325	5582
2325	8577
2325	9437
2338	8821
2338	9441
2338	9849
2378	8033
2378	9525
2416	5838
2416	9584
2416	9701
2446	6803
2446	6946
2446	8574
2446	8888
2446	9437
2451	3004
2456	8279
2458	7461
2458	9865
2458	9890
2485	4359
2485	9290
2485	9317
2485	9424
2485	9644
2498	367
2498	2165
2498	7850
2498	8059
2498	8504
2498	8694
2498	9704
2498	9844
2507	6457
2507	8712
2507	9706
2522	6921
2533	9047
2533	9160
2534	9914
2543	5333
2543	8899
2564	2941
2564	5536
2564	6474
2564	8096
2564	8467
2564	8820
2577	5370
2577	6484
2577	8502
2578	2168
2578	7907
2578	9329
2578	9808
2578	9906
2601	9885
2606	4609
2613	2624
2613	8233
2613	8312
2615	6526
2615	8106
2615	9849
2624	2613
2624	3602
2624	7009
2624	8324
2624	8467
2624	9100
2624	9491
2625	5651
2625	8340
2625	9154
2625	9412
2638	602
2638	2889
2638	5565
2638	8065
2638	9329
2638	9563
2638	9808
2638	9906
2639	8223
2639	9085
2639	9250
2639	9387
2639	9480
2679	9296
2679	9871
2681	6803
2681	9683
2708	7512
2708	7636
2721	8739
2753	3480
2753	9593
2753	9996
2758	6964
2758	8045
2758	9593
2764	8701
2769	6343
2769	9925
2769	9928
2778	2954
2795	5605
2795	7512
2795	7617
2795	7636
2795	8454
2813	3004
2813	9571
2814	7440
2814	8739
2814	9194
2828	6286
2828	8434
2828	9688
2829	3431
2838	710
2838	9868
2838	9907
2839	166
2839	540
2839	1903
2839	9569
2839	9705
2846	7903
2846	9491
2846	9824
2863	8123
2864	9085
2864	9465
2866	1649
2866	6571
2866	6929
2866	8918
2866	8998
2866	9317
2866	9658
2889	1765
2889	1963
2889	2638
2889	5650
2889	6792
2889	7827
2889	7857
2889	9681
2891	5519
2891	8694
2903	5582
2903	6127
2903	6319
2903	7772
2903	9160
2922	3029
2922	9327
2922	9706
2934	9563
2941	2564
2941	4250
2941	4827
2941	6519
2941	6957
2941	8406
2941	8827
2941	8874
2941	9375
2943	335
2947	7879
2947	8106
2947	8821
2947	9441
2954	2778
2954	9563
2954	9869
2954	9980
2983	184
2983	6194
2983	8210
2983	9534
3004	524
3004	1538
3004	1618
3004	2451
3004	2813
3004	5769
3004	8009
3004	8149
3004	8707
3029	2922
3029	5621
3029	6771
3029	8679
3029	8754
3029	9290
3039	9931
3041	5504
3041	9378
3041	9820
3055	4609
3056	9511
3056	9736
3083	5737
3083	8609
3083	9412
3083	9849
3121	1639
3163	7010
3163	9268
3163	9808
3164	418
3164	2233
3164	8081
3164	9290
3195	3997
3195	5220
3199	5842
3199	8694
3199	9282
3199	9704
3199	9844
3200	732
3200	8899
3200	9056
3200	9718
3200	10000
3202	6946
3202	7903
3202	8523
3219	9419
3219	9588
3227	8106
3227	8714
3238	7153
3238	7324
3238	8081
3239	4060
3239	6286
3239	8574
3239	9019
3239	9102
3239	9437
3239	9758
3249	5195
3249	6343
3283	6792
3283	9832
3285	5763
3285	9874
3310	8845
3310	9701
3310	9850
3310	9894
3314	4114
3314	5486
3314	6577
3314	6620
3314	7440
3314	8887
3314	8914
3314	8960
3314	9515
3318	1857
3318	5305
3318	6176
3318	8073
3318	8157
3318	8598
3318	8630
3318	9760
3405	7277
3405	7792
3405	9352
3431	2829
3431	5548
3431	8613
3431	8968
3431	9352
3431	9837
3442	5157
3442	7009
3442	8914
3442	9100
3442	9491
3447	335
3447	7798
3462	8081
3462	9631
3462	9688
3462	9812
3462	9974
3463	8110
3463	8337
3463	9558
3480	2753
3480	6902
3480	9928
3507	4907
3537	2010
3537	6339
3537	8712
3537	9159
3537	9413
3539	8279
3539	9293
3539	9343
3543	8346
3543	9376
3543	9406
3543	9469
3559	802
3559	7324
3559	9353
3559	9831
3559	9944
3565	7091
3565	8545
3565	9563
3581	9262
3581	9700
3581	9812
3581	9974
3602	2624
3602	5157
3602	7009
3602	7991
3602	9166
3602	9491
3605	9688
3634	6565
3634	7091
3634	9563
3663	7189
3686	5242
3686	5582
3686	8278
3686	9160
3694	8033
3694	8874
3715	1389
3715	3995
3715	7037
3715	8415
3715	9584
3719	7994
3755	2219
3765	7850
3779	8754
3779	9631
3779	9682
3813	9727
3813	9884
3813	9924
3813	9926
3874	8679
3874	9390
3896	9155
3896	9699
3896	9952
3936	5296
3936	7440
3936	7700
3936	8735
3947	373
3947	7461
3947	9516
3947	9805
3987	6657
3987	9433
3995	3715
3995	8714
3995	9673
3997	708
3997	1083
3997	3195
3997	5032
3997	5769
3997	8486
3997	9619
3997	9711
3997	9868
3997	9907
4007	5743
4007	7986
4007	9376
4007	9406
4007	9469
4011	2190
4011	6345
4011	9529
4057	8045
4060	976
4060	3239
4060	6357
4060	8121
4060	9276
4060	9426
4060	9670
4060	9740
4062	6915
4062	8027
4062	8609
4062	8821
4062	9120
4062	9412
4075	7772
4075	8123
4075	8807
4081	8996
4081	9769
4081	9928
4114	3314
4114	5296
4114	8096
4114	8914
4114	9652
4114	9805
4115	1462
4115	9159
4115	9419
4115	9828
4120	8033
4120	9017
4120	9525
4132	8415
4132	9047
4132	9710
4145	1144
4145	9343
4193	6085
4193	9832
4208	9148
4208	9413
4208	9745
4210	8754
4210	9688
4212	9736
4217	1140
4217	9410
4220	5183
4220	9463
4226	6030
4226	7809
4226	8059
4226	8646
4226	9844
4229	8027
4229	8271
4229	8609
4229	8635
4229	9412
4229	9631
4231	986
4231	7388
4239	490
4239	7827
4239	9808
4250	2941
4250	9524
4261	7301
4261	7647
4261	7729
4261	8000
4272	8480
4293	2165
4293	5381
4293	5504
4293	7861
4293	8577
4293	8736
4293	9200
4293	9354
4326	4342
4326	8225
4326	9873
4327	6921
4342	4326
4342	8289
4359	2293
4359	2485
4359	5569
4359	7903
4359	8523
4382	6194
4403	8210
4403	8631
4403	9209
4412	1754
4412	5370
4415	9899
4471	7974
4471	9329
4476	9212
4476	9796
4476	9800
4499	9374
4499	9476
4499	9688
4499	9873
4499	9974
4502	7270
4502	8164
4511	8346
4511	8714
4511	8871
4511	9482
4511	9884
4517	8223
4517	9397
4566	7850
4585	8548
4585	9354
4585	9831
4599	5602
4599	6657
4599	8009
4599	8350
4599	8480
4599	8646
4599	9704
4599	9915
4603	2161
4603	6827
4603	8159
4603	8574
4603	8888
4603	9406
4603	9437
4603	9683
4603	9758
4603	9819
4609	2606
4609	3055
4609	6254
4609	8615
4609	9683
4630	8000
4630	8112
4630	9915
4631	5160
4631	9446
4669	8603
4669	9154
4733	1153
4733	5499
4733	6440
4733	6565
4733	7794
4733	9071
4733	9563
4755	6915
4755	8271
4755	9120
4755	9412
4774	4815
4774	5393
4774	7849
4774	8106
4774	8821
4774	9240
4774	9849
4791	1220
4791	1972
4791	7615
4791	7729
4791	7986
4791	8630
4791	9376
4791	9406
4791	9469
4791	9862
4797	1144
4797	9537
4797	9644
4811	6571
4811	8605
4815	4774
4815	6902
4825	5582
4825	8013
4825	9071
4825	9571
4827	2941
4827	9926
4844	6893
4865	7079
4865	7512
4865	9476
4865	9688
4865	9812
4865	9890
4865	9974
4903	856
4903	6577
4903	7092
4903	8885
4903	9426
4903	9670
4903	9740
4906	5743
4906	8053
4906	8164
4907	3507
4907	5726
4907	6147
4907	6597
4907	8070
4907	9406
4907	9410
4907	9965
4954	490
4954	6319
4954	6811
4978	8631
4978	8958
4978	9710
4984	1389
4984	5060
4984	7189
4984	8743
4984	9017
5029	5839
5029	8603
5029	9913
5032	3997
5032	5773
5032	7694
5032	8486
5032	9868
5032	9907
5042	9139
5042	9252
5042	9873
5045	6440
5045	8027
5045	8271
5045	8609
5045	9120
5045	9412
5045	9915
5049	6657
5049	7438
5049	7786
5049	7922
5049	8346
5049	9624
5049	9766
5060	4984
5060	6929
5060	7784
5060	9673
5067	7861
5067	8458
5067	8696
5075	5763
5075	8225
5075	8847
5075	9111
5075	9868
5075	9972
5077	9718
5157	1284
5157	3442
5157	3602
5157	6958
5157	9100
5157	9491
5157	9588
5160	4631
5160	6321
5160	6421
5160	7010
5160	8013
5160	8435
5160	9103
5160	9446
5160	9957
5161	959
5161	6964
5161	7798
5161	9537
5161	9593
5183	1131
5183	4220
5183	7302
5183	8153
5183	8312
5183	8458
5183	9068
5183	9736
5195	3249
5195	6343
5202	8623
5202	9037
5202	9423
5220	3195
5220	9931
5242	3686
5242	7772
5242	9160
5242	9387
5250	6249
5250	8073
5250	9338
5259	5735
5259	6571
5259	9727
5259	9884
5259	9926
5266	540
5266	5493
5266	5769
5266	9210
5266	9344
5266	9413
5266	9458
5296	3936
5296	4114
5296	7440
5296	8735
5296	8914
5301	8998
5301	9489
5305	3318
5305	9760
5321	8225
5333	2543
5333	8082
5333	8170
5333	8593
5333	9469
5335	8223
5335	9250
5335	9314
5335	9387
5335	9480
5335	9760
5351	2139
5370	512
5370	2577
5370	4412
5370	6284
5370	6863
5370	6979
5370	7633
5370	8076
5370	8270
5370	8415
5376	8065
5376	8641
5376	9166
5376	9831
5381	681
5381	4293
5381	6554
5381	8736
5381	9913
5388	8603
5388	9154
5393	4774
5393	9378
5393	9400
5393	9429
5401	5540
5401	7351
5401	7977
5401	8048
5401	9394
5401	9828
5406	5582
5429	2216
5429	9342
5429	9758
5441	5743
5441	8283
5441	9820
5441	9894
5454	6345
5454	6897
5454	9613
5470	5810
5470	6156
5470	7165
5470	7457
5470	7693
5470	8110
5470	8337
5470	8415
5473	6915
5473	8009
5473	8027
5473	8609
5473	9120
5473	9412
5479	6597
5479	9928
5486	3314
5486	8149
5486	9042
5493	5266
5493	6788
5493	9865
5498	6085
5498	7836
5498	9148
5498	9285
5499	4733
5499	5654
5499	5981
5499	6687
5499	7035
5499	7091
5499	8407
5499	9563
5499	9699
5499	9913
5504	3041
5504	4293
5504	7956
5519	2891
5519	8013
5519	8073
5519	9529
5536	2564
5536	6474
5536	8467
5536	9511
5536	9577
5540	5401
5540	7907
5540	9138
5540	9148
5540	9381
5548	416
5548	3431
5548	6958
5548	8097
5548	8776
5548	9019
5548	9352
5565	2638
5565	6825
5569	4359
5569	8845
5569	9805
5582	1360
5582	1639
5582	2325
5582	2903
5582	3686
5582	4825
5582	5406
5582	8289
5582	9160
5602	4599
5602	9480
5605	2795
5605	7636
5605	9276
5605	9536
5621	3029
5621	8340
5621	8623
5630	7139
5630	8899
5630	10000
5650	2889
5650	7219
5651	2625
5651	6916
5651	7707
5654	5499
5670	7153
5670	8110
5670	8415
5670	9584
5670	9688
5714	5858
5714	8153
5714	8924
5714	9068
5714	9736
5726	4907
5726	8047
5726	8067
5726	8641
5726	9268
5726	9329
5726	9808
5726	9812
5731	1638
5731	7678
5731	8466
5731	9827
5731	9944
5731	9985
5735	5259
5735	7125
5735	8045
5735	8435
5735	8552
5735	9387
5737	986
5737	3083
5737	6018
5737	6440
5737	8271
5737	8609
5737	9120
5737	9412
5743	4007
5743	4906
5743	5441
5743	8167
5743	9268
5743	9388
5763	3285
5763	5075
5763	8615
5763	8807
5769	3004
5769	3997
5769	5266
5769	9089
5769	9210
5769	9344
5769	9458
5773	5032
5773	8082
5810	5470
5810	6665
5810	6841
5810	7037
5810	7165
5810	8504
5815	9476
5815	9688
5819	8480
5819	9735
5838	2416
5838	7642
5838	8278
5839	5029
5839	7803
5839	9344
5842	3199
5842	7277
5842	7792
5842	8176
5858	575
5858	1229
5858	5714
5858	6156
5858	7037
5858	8350
5969	6474
5969	6994
5969	7381
5969	7647
5969	8467
5980	9345
5980	9389
5980	9704
5980	9745
5980	9844
5980	9868
5981	5499
5981	9563
5984	2135
6000	9913
6018	5737
6018	7517
6018	8241
6018	8379
6018	9182
6018	9314
6018	9695
6018	9913
6018	9974
6030	549
6030	4226
6030	6840
6030	8646
6030	9631
6030	9704
6030	9844
6067	8631
6067	8958
6067	9710
6085	1551
6085	1995
6085	4193
6085	5498
6085	6185
6085	6304
6085	8669
6085	9906
6088	6665
6088	8220
6105	9138
6105	9745
6127	2903
6128	8096
6128	9120
6147	1541
6147	4907
6147	7350
6147	9410
6156	5470
6156	5858
6156	6596
6156	9584
6176	3318
6176	6852
6176	8379
6176	8696
6176	9205
6176	9544
6176	9593
6176	9873
6179	7850
6179	9342
6185	6085
6185	7836
6185	8871
6185	9148
6185	9205
6185	9381
6185	9884
6194	2983
6194	4382
6194	6871
6194	7150
6194	7704
6219	8526
6219	8554
6219	9410
6219	9844
6235	6345
6235	6388
6235	6897
6235	8176
6235	9613
6249	5250
6249	9537
6249	9844
6254	1140
6254	4609
6254	8615
6271	8672
6271	8996
6271	9928
6281	8027
6281	9537
6281	9885
6284	5370
6284	6863
6284	7633
6284	8502
6286	2828
6286	3239
6294	7476
6294	7966
6294	7994
6294	8176
6294	9352
6297	8073
6304	6085
6304	7850
6313	6742
6319	2903
6319	4954
6319	7498
6319	8176
6319	8613
6319	8968
6319	9868
6321	5160
6321	6421
6321	9446
6339	3537
6339	9137
6343	166
6343	1765
6343	2769
6343	3249
6343	5195
6343	7909
6343	8047
6345	4011
6345	5454
6345	6235
6345	6897
6345	8775
6345	9613
6351	7440
6351	8289
6351	8480
6357	4060
6357	9289
6364	8096
6364	8688
6364	9868
6364	9907
6378	8887
6378	9874
6388	6235
6388	9593
6394	1754
6394	2190
6394	8081
6394	8233
6394	8574
6404	7301
6404	9210
6421	5160
6421	6321
6421	8435
6421	9137
6421	9446
6440	4733
6440	5045
6440	5737
6440	6915
6440	8271
6440	9120
6440	9412
6440	9489
6443	1724
6443	9138
6456	9338
6456	9928
6457	2507
6457	7443
6457	8112
6457	8847
6457	9972
6474	2564
6474	5536
6474	5969
6474	6596
6474	7381
6474	9906
6484	2577
6484	8502
6484	8821
6484	9394
6516	1284
6516	8486
6517	8082
6517	9593
6517	9727
6517	9884
6517	9924
6517	9926
6519	2941
6519	9536
6519	9862
6526	2615
6526	6955
6554	1866
6554	5381
6554	9200
6554	9438
6565	3634
6565	4733
6565	6687
6565	7794
6565	9563
6568	6577
6568	8800
6568	9394
6571	116
6571	1214
6571	1511
6571	2866
6571	4811
6571	5259
6571	7053
6571	8170
6571	8593
6571	8605
6571	9658
6577	3314
6577	4903
6577	6568
6577	6771
6577	8623
6596	6156
6596	6474
6596	7165
6596	9584
6596	9688
6597	4907
6597	5479
6597	9056
6597	9874
6611	540
6611	1903
6611	9569
6611	9613
6620	559
6620	3314
6620	6915
6620	7700
6620	7768
6620	7914
6620	8279
6620	8914
6620	9148
6620	9317
6620	9376
6622	8110
6622	9569
6628	986
6628	9074
6632	1995
6632	6740
6657	3987
6657	4599
6657	5049
6665	2223
6665	5810
6665	6088
6665	7030
6665	7125
6665	7129
6665	8223
6665	8552
6665	9293
6665	9387
6665	9480
6665	9949
6680	2208
6680	9296
6680	9871
6687	1153
6687	5499
6687	6565
6687	7091
6687	7794
6687	7958
6687	8097
6687	8776
6687	9299
6687	9563
6687	9624
6687	9820
6689	2208
6689	8504
6689	9338
6689	9925
6689	9928
6696	1462
6740	6632
6740	7907
6740	8070
6742	6313
6742	6771
6742	7792
6742	8968
6771	3029
6771	6577
6771	6742
6771	9198
6788	5493
6788	8065
6792	395
6792	2889
6792	3283
6792	9681
6803	2446
6803	2681
6803	7139
6803	7909
6803	8080
6803	8609
6803	8743
6803	9102
6803	9246
6803	9437
6803	9683
6803	9758
6805	1223
6811	4954
6811	7914
6811	9899
6813	1854
6813	6958
6813	9111
6825	5565
6825	9304
6825	9441
6827	4603
6827	9727
6827	9795
6840	6030
6840	9426
6840	9824
6841	602
6841	5810
6841	7153
6841	7536
6841	7722
6841	8110
6852	6176
6852	9276
6852	9426
6852	9670
6852	9740
6852	9915
6852	9957
6863	5370
6863	6284
6863	8502
6871	6194
6871	9093
6871	9812
6871	9997
6879	7909
6879	8574
6879	9296
6879	9433
6879	9490
6879	9644
6879	9683
6879	9758
6885	16
6885	7616
6885	8312
6885	8504
6893	4844
6893	7635
6893	8164
6893	8669
6893	9465
6897	5454
6897	6235
6897	6345
6897	9980
6902	3480
6902	4815
6915	710
6915	2135
6915	4062
6915	4755
6915	5473
6915	6440
6915	6620
6915	8271
6915	9120
6915	9412
6915	9725
6916	5651
6916	7833
6916	8677
6916	8885
6916	9111
6916	9182
6916	9334
6916	9374
6916	9421
6919	8013
6919	8552
6919	9388
6919	9529
6921	1349
6921	2007
6921	2522
6921	4327
6921	7279
6921	7698
6921	7850
6921	8121
6921	8210
6921	8401
6921	8522
6929	2866
6929	5060
6929	8065
6932	7914
6946	2446
6946	3202
6946	9071
6955	6526
6955	8064
6955	8176
6955	9868
6955	9915
6957	2941
6957	9824
6958	839
6958	5157
6958	5548
6958	6813
6958	7498
6958	7994
6958	8097
6958	8968
6958	9037
6958	9068
6958	9168
6962	8998
6962	9516
6964	959
6964	2758
6964	5161
6964	8230
6964	9593
6979	5370
6994	5969
6994	8164
6994	8266
6996	9817
7009	2624
7009	3442
7009	3602
7009	7443
7009	8264
7009	9100
7009	9491
7010	846
7010	3163
7010	5160
7010	8888
7010	9268
7010	9329
7010	9808
7010	9906
7022	7857
7022	8883
7030	6665
7030	8552
7030	9250
7030	9327
7030	9387
7030	9480
7034	9345
7034	9925
7034	9928
7035	5499
7037	3715
7037	5810
7037	5858
7037	7457
7037	7722
7037	9446
7037	9584
7053	6571
7053	8170
7053	8593
7053	8605
7053	8918
7053	9800
7055	8271
7055	9093
7055	9111
7077	9137
7077	9394
7079	4865
7079	9700
7079	9974
7085	7189
7085	7695
7085	9155
7085	9426
7085	9699
7085	9952
7091	2208
7091	3565
7091	3634
7091	5499
7091	6687
7091	7794
7091	9389
7091	9563
7091	9968
7092	4903
7092	9276
7092	9426
7092	9670
7092	9740
7125	5735
7125	6665
7125	8552
7125	9250
7125	9387
7125	9480
7125	9537
7129	6665
7129	8552
7129	9250
7129	9387
7129	9480
7139	5630
7139	6803
7139	9718
7139	10000
7142	8631
7142	9536
7150	1857
7150	6194
7150	7922
7150	8346
7150	9534
7150	9817
7153	3238
7153	5670
7153	6841
7153	7722
7153	7932
7153	8110
7165	5470
7165	5810
7165	6596
7165	8110
7165	8167
7165	9575
7189	177
7189	3663
7189	4984
7189	7085
7189	8504
7189	9155
7189	9699
7189	9952
7189	9972
7189	9980
7193	9480
7193	9575
7193	9996
7219	1866
7219	5650
7230	1639
7230	9490
7270	4502
7270	8669
7270	9808
7277	416
7277	3405
7277	5842
7277	8097
7277	8176
7279	6921
7279	8696
7279	9205
7279	9544
7279	10000
7301	4261
7301	6404
7301	9974
7302	5183
7308	7736
7308	8298
7308	9051
7308	9688
7308	9700
7308	9974
7324	1083
7324	3238
7324	3559
7324	7990
7324	8754
7324	9644
7327	9387
7327	9397
7327	9683
7330	9844
7350	6147
7350	8082
7350	9727
7350	9884
7350	9924
7350	9926
7350	9928
7351	681
7351	2219
7351	5401
7351	7786
7351	7850
7351	9394
7351	9588
7351	9828
7360	7736
7360	9200
7360	9458
7363	1770
7363	7917
7363	8176
7381	5969
7381	6474
7381	9342
7381	9534
7388	4231
7388	8598
7388	9827
7388	9931
7388	9985
7413	602
7413	8710
7413	9138
7413	9268
7413	9329
7413	9390
7413	9808
7413	9906
7425	986
7425	9700
7438	5049
7438	7857
7438	9624
7438	9766
7438	9979
7440	2197
7440	2814
7440	3314
7440	3936
7440	5296
7440	6351
7440	7700
7440	7768
7440	8454
7440	8914
7440	9084
7440	9096
7440	9571
7443	6457
7443	7009
7443	8225
7443	8847
7443	9037
7443	9972
7445	8033
7445	8701
7457	5470
7457	7037
7457	7536
7457	9047
7457	9381
7461	2458
7461	3947
7461	8170
7461	8466
7461	8641
7461	9805
7461	9824
7476	2010
7476	6294
7476	9089
7476	9317
7481	8679
7481	9465
7481	9558
7494	8743
7494	9017
7494	9844
7498	6319
7498	6958
7498	8097
7498	8176
7498	8968
7498	9352
7502	1617
7510	732
7510	8697
7510	9327
7512	2708
7512	2795
7512	4865
7512	7617
7512	7636
7512	8568
7512	8960
7517	1131
7517	2230
7517	6018
7517	7953
7517	8683
7517	8712
7517	9913
7532	856
7532	7870
7532	9967
7536	1229
7536	6841
7536	7457
7536	8415
7536	9040
7536	9584
7578	8631
7592	7909
7592	8526
7592	8574
7592	8888
7592	9102
7592	9437
7592	9575
7592	9683
7592	9758
7594	8887
7607	9593
7615	4791
7615	7986
7615	8630
7615	8677
7615	9376
7615	9406
7615	9469
7615	9681
7616	1995
7616	6885
7616	7813
7616	9304
7617	2795
7617	7512
7617	7636
7617	8454
7633	1765
7633	5370
7633	6284
7633	7879
7633	8502
7633	9832
7635	6893
7635	7798
7635	8045
7635	9593
7636	49
7636	596
7636	1043
7636	2708
7636	2795
7636	5605
7636	7512
7636	7617
7636	8454
7636	9605
7642	512
7642	5838
7642	9924
7647	4261
7647	5969
7647	7729
7647	8000
7647	9795
7662	8241
7662	8496
7662	8631
7662	9710
7668	8110
7668	9529
7678	5731
7678	9240
7681	8669
7681	8874
7681	9375
7693	5470
7694	5032
7694	8631
7694	8887
7694	9890
7695	7085
7695	8387
7695	8480
7695	8504
7695	9155
7695	9699
7695	9915
7695	9952
7696	8110
7696	8415
7696	9047
7696	9584
7698	6921
7698	8064
7698	9915
7700	335
7700	3936
7700	6620
7700	7440
7700	7768
7700	8735
7700	8914
7704	6194
7707	5651
7707	8593
7718	2139
7718	8827
7718	9344
7718	9458
7722	6841
7722	7037
7722	7153
7722	8415
7722	9047
7722	9137
7728	9899
7729	4261
7729	4791
7729	7647
7736	7308
7736	7360
7736	7803
7736	8283
7736	9476
7736	9688
7736	9700
7736	9812
7744	7857
7744	8239
7744	9209
7749	7990
7749	8223
7749	8641
7749	9673
7768	559
7768	2197
7768	6620
7768	7440
7768	7700
7768	8735
7768	8914
7772	2903
7772	4075
7772	5242
7772	9160
7779	8836
7779	9504
7779	9525
7784	5060
7784	8096
7784	8486
7784	8688
7784	9868
7784	9907
7786	5049
7786	7351
7786	8088
7786	8566
7786	9544
7786	9828
7786	9869
7792	3405
7792	5842
7792	6742
7792	7966
7792	8123
7792	8176
7792	9290
7792	9352
7792	9701
7794	4733
7794	6565
7794	6687
7794	7091
7794	8088
7794	9563
7794	9613
7794	9735
7798	3447
7798	5161
7798	7635
7798	8045
7798	8233
7798	9433
7798	9593
7803	5839
7803	7736
7803	8000
7803	9699
7809	1223
7809	4226
7809	8059
7809	8646
7809	9282
7809	9343
7809	9631
7809	9704
7809	9850
7813	602
7813	732
7813	7616
7813	8641
7813	8710
7813	9268
7813	9390
7813	9808
7813	9906
7826	8220
7826	9817
7826	9924
7827	2889
7827	4239
7827	8984
7827	9681
7833	6916
7833	8545
7833	9670
7836	184
7836	5498
7836	6185
7836	7907
7836	9138
7836	9148
7836	9745
7846	7994
7846	8586
7846	8646
7846	8712
7849	4774
7850	2498
7850	3765
7850	4566
7850	6179
7850	6304
7850	6921
7850	7351
7850	8121
7850	8401
7850	8522
7857	2889
7857	7022
7857	7438
7857	7744
7857	8239
7857	9209
7861	4293
7861	5067
7861	9526
7870	7532
7870	9282
7879	2947
7879	7633
7879	8504
7879	8590
7879	8714
7879	9673
7879	9704
7903	2846
7903	3202
7903	4359
7903	8523
7903	8574
7903	9387
7903	9688
7903	9808
7907	2578
7907	5540
7907	6740
7907	7836
7907	8887
7907	9148
7907	9285
7907	9304
7909	6343
7909	6803
7909	6879
7909	7592
7909	8000
7909	8888
7909	9102
7909	9155
7909	9437
7909	9683
7909	9701
7909	9758
7914	1576
7914	6620
7914	6811
7914	6932
7914	8888
7917	1855
7917	2135
7917	7363
7917	7953
7917	9198
7917	9571
7917	9796
7917	9827
7921	8013
7921	8379
7922	177
7922	5049
7922	7150
7922	9569
7922	9624
7922	9766
7932	7153
7932	8110
7932	8415
7932	9584
7939	8067
7939	9040
7939	9701
7941	1448
7941	9959
7941	9997
7953	856
7953	7517
7953	7917
7953	9353
7956	5504
7956	8176
7956	9438
7956	9683
7958	6687
7958	9262
7958	9865
7966	416
7966	6294
7966	7792
7966	7994
7966	8176
7966	8613
7966	9828
7966	9965
7974	1754
7974	1995
7974	4471
7977	5401
7977	8048
7977	9525
7977	9588
7986	4007
7986	4791
7986	7615
7986	8630
7986	9376
7986	9406
7986	9469
7990	7324
7990	7749
7990	8807
7990	8984
7990	9949
7991	3602
7991	8641
7991	8827
7991	9354
7991	9567
7991	9831
7994	416
7994	3719
7994	6294
7994	6958
7994	7846
7994	7966
7994	8968
7994	9800
7994	9819
8000	1448
8000	4261
8000	4630
8000	7647
8000	7803
8000	7909
8000	8775
8000	9727
8000	9906
8009	3004
8009	4599
8009	5473
8009	8707
8009	9205
8009	9515
8013	4825
8013	5160
8013	5519
8013	6919
8013	7921
8013	9285
8013	9529
8013	9884
8014	9563
8014	9925
8027	4062
8027	4229
8027	5045
8027	5473
8027	6281
8027	8271
8027	8463
8027	8609
8027	9120
8027	9412
8033	1325
8033	1380
8033	2378
8033	3694
8033	4120
8033	7445
8033	9194
8033	9209
8033	9378
8033	9525
8033	9812
8033	9869
8038	2139
8038	8827
8038	9314
8038	9344
8045	2758
8045	4057
8045	5735
8045	7635
8045	7798
8045	8710
8045	9593
8045	9701
8047	5726
8047	6343
8047	9758
8047	9862
8047	9967
8048	5401
8048	7977
8048	9394
8048	9419
8053	4906
8053	8088
8053	9871
8053	9914
8059	2498
8059	4226
8059	7809
8059	9631
8059	9812
8059	9844
8064	6955
8064	7698
8064	8914
8064	9915
8065	2638
8065	5376
8065	6788
8065	6929
8065	8158
8067	116
8067	2139
8067	5726
8067	7939
8070	4907
8070	6740
8070	9968
8073	3318
8073	5250
8073	5519
8073	6297
8073	8401
8073	8484
8073	8598
8073	8638
8073	8871
8073	9371
8073	9577
8073	9760
8073	9894
8076	5370
8076	8239
8080	6803
8081	3164
8081	3238
8081	3462
8081	6394
8081	8340
8081	8623
8081	8679
8081	8694
8081	9290
8081	9317
8082	184
8082	5333
8082	5773
8082	6517
8082	7350
8082	9210
8082	9727
8082	9884
8082	9924
8082	9926
8088	1462
8088	7786
8088	7794
8088	8053
8088	8279
8088	9419
8088	9588
8088	9828
8096	2564
8096	4114
8096	6128
8096	6364
8096	7784
8096	8254
8096	8688
8096	9868
8096	9907
8097	5548
8097	6687
8097	6958
8097	7277
8097	7498
8097	8176
8097	8701
8097	8968
8097	9352
8097	9424
8097	9795
8106	2615
8106	2947
8106	3227
8106	4774
8106	8821
8106	9849
8106	9972
8110	1229
8110	3463
8110	5470
8110	5670
8110	6622
8110	6841
8110	7153
8110	7165
8110	7668
8110	7696
8110	7932
8110	8415
8110	8635
8110	9047
8110	9389
8110	9584
8110	9700
8110	9874
8112	4630
8112	6457
8112	8437
8121	4060
8121	6921
8121	7850
8121	8401
8121	8522
8121	9681
8123	2863
8123	4075
8123	7792
8123	8266
8123	8754
8123	8807
8136	490
8136	524
8136	9017
8136	9526
8149	3004
8149	5486
8149	8590
8149	9869
8153	5183
8153	5714
8153	8924
8153	9068
8153	9736
8157	3318
8157	9375
8158	8065
8158	9051
8158	9795
8159	4603
8159	8396
8159	9352
8162	9563
8164	1866
8164	4502
8164	4906
8164	6893
8164	6994
8164	8669
8167	5743
8167	7165
8170	5333
8170	6571
8170	7053
8170	7461
8170	8593
8170	8605
8170	8918
8170	9658
8170	9670
8176	5842
8176	6235
8176	6294
8176	6319
8176	6955
8176	7277
8176	7363
8176	7498
8176	7792
8176	7956
8176	7966
8176	8097
8176	8968
8176	9345
8176	9352
8176	9849
8176	9894
8210	2983
8210	4403
8210	6921
8210	8743
8220	6088
8220	7826
8220	8714
8220	9419
8223	2639
8223	4517
8223	5335
8223	6665
8223	7749
8223	8552
8223	9250
8223	9387
8223	9437
8223	9480
8223	9606
8225	553
8225	1140
8225	4326
8225	5075
8225	5321
8225	7443
8225	8694
8225	9296
8225	9831
8225	9972
8230	6964
8233	2613
8233	6394
8233	7798
8239	1448
8239	7744
8239	7857
8239	8076
8239	8883
8241	128
8241	6018
8241	7662
8241	8631
8241	8683
8241	8739
8241	9314
8241	9913
8254	128
8254	8096
8254	8337
8264	1639
8264	7009
8265	9849
8266	6994
8266	8123
8266	9388
8270	1284
8270	5370
8270	8278
8270	8605
8270	9111
8271	4229
8271	4755
8271	5045
8271	5737
8271	6440
8271	6915
8271	7055
8271	8027
8271	8609
8271	8697
8271	9412
8278	1724
8278	3686
8278	5838
8278	8270
8278	8888
8278	9093
8278	9433
8279	2456
8279	3539
8279	6620
8279	8088
8279	8566
8279	8883
8279	9394
8279	9419
8279	9588
8279	9828
8283	5441
8283	7736
8283	9051
8283	9812
8283	9868
8283	9914
8283	9974
8289	4342
8289	5582
8289	6351
8298	7308
8298	9511
8298	9563
8298	9670
8298	9695
8298	9800
8298	9843
8312	2613
8312	5183
8312	6885
8312	8888
8324	1940
8324	2624
8324	9865
8324	9885
8337	128
8337	3463
8337	5470
8337	8254
8337	9160
8340	2625
8340	5621
8340	8081
8340	8623
8340	9317
8340	9354
8346	3543
8346	4511
8346	5049
8346	7150
8346	9482
8350	1140
8350	1223
8350	1820
8350	2010
8350	4599
8350	5858
8350	8646
8350	9282
8350	9534
8350	9631
8350	9704
8350	9844
8379	856
8379	6018
8379	6176
8379	7921
8379	8696
8379	9205
8379	9544
8379	9805
8387	1639
8387	7695
8387	9068
8396	1854
8396	8159
8396	9388
8396	9827
8401	6921
8401	7850
8401	8073
8401	8121
8401	9524
8401	9688
8406	2941
8406	8874
8406	9375
8406	9524
8406	9534
8406	9980
8407	5499
8407	8554
8407	9102
8415	1229
8415	1433
8415	3715
8415	4132
8415	5370
8415	5470
8415	5670
8415	7536
8415	7696
8415	7722
8415	7932
8415	8110
8415	8984
8415	9047
8415	9928
8434	2828
8434	10000
8435	5160
8435	5735
8435	6421
8435	8480
8435	9446
8435	9740
8435	9949
8437	8112
8437	9100
8437	9736
8454	2795
8454	7440
8454	7617
8454	7636
8458	5067
8458	5183
8458	9463
8463	8027
8463	9299
8463	9681
8466	5731
8466	7461
8466	9805
8467	2564
8467	2624
8467	5536
8467	5969
8467	8586
8467	9154
8467	9317
8480	4272
8480	4599
8480	5819
8480	6351
8480	7695
8480	8435
8480	9735
8484	8073
8484	8874
8484	9299
8484	9342
8484	9344
8486	3997
8486	5032
8486	6516
8486	7784
8486	8688
8486	9868
8486	9907
8496	7662
8496	8631
8496	8958
8496	9710
8502	2577
8502	6284
8502	6484
8502	6863
8502	7633
8502	8998
8502	9890
8504	1972
8504	2498
8504	5810
8504	6689
8504	6885
8504	7189
8504	7695
8504	7879
8504	9154
8504	9155
8504	9699
8504	9705
8504	9926
8504	9952
8522	6921
8522	7850
8522	8121
8522	8566
8523	3202
8523	4359
8523	7903
8523	8960
8526	710
8526	6219
8526	7592
8526	9965
8545	3565
8545	7833
8548	4585
8548	8845
8548	9240
8548	9673
8548	9820
8552	5735
8552	6665
8552	6919
8552	7030
8552	7125
8552	7129
8552	8223
8552	9250
8552	9329
8552	9387
8552	9480
8552	9844
8554	6219
8554	8407
8554	9262
8554	9378
8566	1462
8566	7786
8566	8279
8566	8522
8566	9394
8566	9588
8566	9828
8568	7512
8568	9682
8574	2446
8574	3239
8574	4603
8574	6394
8574	6879
8574	7592
8574	7903
8574	8888
8574	9093
8574	9437
8574	9683
8577	2325
8577	4293
8577	9388
8577	9490
8585	9469
8586	7846
8586	8467
8586	9736
8586	9985
8590	7879
8590	8149
8590	8714
8590	9673
8593	5333
8593	6571
8593	7053
8593	7707
8593	8170
8593	8630
8593	8845
8593	9384
8598	1857
8598	3318
8598	7388
8598	8073
8598	8638
8598	8998
8598	9670
8598	9760
8598	9894
8603	2025
8603	4669
8603	5029
8603	5388
8603	9154
8603	9296
8603	9344
8605	4811
8605	6571
8605	7053
8605	8170
8605	8270
8605	9658
8609	710
8609	3083
8609	4062
8609	4229
8609	5045
8609	5473
8609	5737
8609	6803
8609	8027
8609	8271
8609	9120
8609	9353
8609	9412
8609	9796
8613	3431
8613	6319
8613	7966
8613	8968
8613	9138
8613	9352
8613	9412
8613	9584
8613	9605
8615	4609
8615	5763
8615	6254
8615	9575
8623	802
8623	5202
8623	5621
8623	6577
8623	8081
8623	8340
8623	9290
8623	9317
8623	9644
8630	3318
8630	4791
8630	7615
8630	7986
8630	8593
8630	9376
8630	9406
8630	9469
8631	352
8631	765
8631	1671
8631	4403
8631	4978
8631	6067
8631	7142
8631	7578
8631	7662
8631	7694
8631	8241
8631	8496
8631	8958
8631	9105
8631	9384
8631	9522
8631	9710
8635	4229
8635	8110
8635	9593
8635	9965
8638	1857
8638	8073
8638	8598
8638	9345
8638	9371
8638	9894
8641	732
8641	5376
8641	5726
8641	7461
8641	7749
8641	7813
8641	7991
8641	8710
8641	9268
8641	9329
8641	9390
8641	9808
8641	9906
8646	4226
8646	4599
8646	6030
8646	7809
8646	7846
8646	8350
8646	8726
8646	9613
8646	9704
8669	6085
8669	6893
8669	7270
8669	7681
8669	8164
8669	9915
8672	2208
8672	6271
8672	8996
8672	9928
8677	6916
8677	7615
8677	9182
8677	9374
8677	9421
8677	9695
8679	3029
8679	3874
8679	7481
8679	8081
8679	9290
8679	9317
8679	9644
8683	7517
8683	8241
8688	6364
8688	7784
8688	8096
8688	8486
8688	9400
8688	9516
8688	9868
8688	9907
8694	883
8694	1223
8694	2498
8694	2891
8694	3199
8694	8081
8694	8225
8694	9437
8694	9631
8694	9704
8694	9808
8694	9844
8694	9996
8696	856
8696	5067
8696	6176
8696	7279
8696	8379
8696	9205
8696	9544
8697	2092
8697	2223
8697	7510
8697	8271
8697	9273
8697	9406
8701	2764
8701	7445
8701	8097
8701	9397
8707	1618
8707	3004
8707	8009
8707	8714
8707	8914
8710	7413
8710	7813
8710	8045
8710	8641
8710	9268
8710	9329
8710	9390
8710	9862
8710	9906
8712	2507
8712	3537
8712	7517
8712	7846
8714	549
8714	874
8714	1580
8714	3227
8714	3995
8714	4511
8714	7879
8714	8220
8714	8590
8714	8707
8714	9262
8714	9673
8726	8646
8726	9631
8726	9745
8726	9926
8735	335
8735	2197
8735	3936
8735	5296
8735	7700
8735	7768
8735	8914
8735	9182
8735	9682
8736	4293
8736	5381
8736	9907
8739	2721
8739	2814
8739	8241
8739	9194
8739	9931
8743	4984
8743	6803
8743	7494
8743	8210
8743	9268
8743	9526
8743	9884
8754	1857
8754	3029
8754	3779
8754	4210
8754	7324
8754	8123
8754	9682
8775	6345
8775	8000
8775	9522
8775	9928
8776	5548
8776	6687
8776	9652
8794	9014
8794	9293
8794	9343
8794	9819
8794	9965
8800	1576
8800	6568
8800	9791
8807	4075
8807	5763
8807	7990
8807	8123
8820	2564
8820	8954
8820	9567
8820	9796
8820	10000
8821	2338
8821	2947
8821	4062
8821	4774
8821	6484
8821	8106
8821	9441
8821	9849
8821	9874
8827	2941
8827	7718
8827	7991
8827	8038
8827	9210
8827	9344
8827	9458
8827	9740
8836	7779
8836	9387
8845	3310
8845	5569
8845	8548
8845	8593
8845	8914
8845	9040
8845	9240
8845	9387
8847	5075
8847	6457
8847	7443
8847	9139
8847	9252
8847	9972
8871	4511
8871	6185
8871	8073
8871	9384
8871	9865
8874	2941
8874	3694
8874	7681
8874	8406
8874	8484
8874	9524
8874	9844
8874	9959
8883	7022
8883	8239
8883	8279
8883	9209
8885	4903
8885	6916
8885	9155
8885	9421
8885	9605
8885	9931
8885	9944
8887	3314
8887	6378
8887	7594
8887	7694
8887	7907
8887	9985
8888	490
8888	2161
8888	2446
8888	4603
8888	7010
8888	7592
8888	7909
8888	7914
8888	8278
8888	8312
8888	8574
8888	9102
8888	9437
8888	9575
8888	9683
8888	9758
8899	2543
8899	3200
8899	5630
8899	9718
8899	10000
8914	335
8914	559
8914	3314
8914	3442
8914	4114
8914	5296
8914	6620
8914	7440
8914	7700
8914	7768
8914	8064
8914	8707
8914	8735
8914	8845
8914	9374
8918	2866
8918	7053
8918	8170
8924	5714
8924	8153
8924	9068
8924	9736
8954	8820
8954	9705
8958	4978
8958	6067
8958	8496
8958	8631
8958	9710
8960	3314
8960	7512
8960	8523
8968	3431
8968	6319
8968	6742
8968	6958
8968	7498
8968	7994
8968	8097
8968	8176
8968	8613
8968	9352
8968	9571
8968	9652
8984	976
8984	7827
8984	7990
8984	8415
8984	9949
8996	1963
8996	2208
8996	4081
8996	6271
8996	8672
8996	9588
8996	9925
8996	9928
8996	9979
8998	2866
8998	5301
8998	6962
8998	8502
8998	8598
8998	9019
8998	9516
8998	9871
8998	9874
9014	8794
9014	9293
9014	9343
9014	9406
9014	9837
9017	4120
9017	4984
9017	7494
9017	8136
9017	9246
9017	9317
9017	9526
9019	3239
9019	5548
9019	8998
9019	9424
9019	9516
9037	5202
9037	6958
9037	7443
9037	9096
9037	9423
9040	7536
9040	7939
9040	8845
9042	5486
9042	9344
9042	9412
9047	2533
9047	4132
9047	7457
9047	7696
9047	7722
9047	8110
9047	8415
9047	9584
9051	1189
9051	7308
9051	8158
9051	8283
9051	9056
9051	9194
9051	9688
9051	9700
9051	9812
9051	9931
9051	9974
9056	3200
9056	6597
9056	9051
9068	5183
9068	5714
9068	6958
9068	8153
9068	8387
9068	8924
9068	9736
9071	4733
9071	4825
9071	6946
9071	9489
9071	9700
9074	6628
9074	9349
9074	9588
9074	9899
9074	9967
9084	7440
9085	2639
9085	2864
9085	9116
9085	9652
9089	5769
9089	7476
9089	9246
9093	6871
9093	7055
9093	8278
9093	8574
9093	9159
9093	9874
9096	846
9096	1617
9096	1807
9096	7440
9096	9037
9096	9423
9096	9803
9096	9914
9100	2624
9100	3442
9100	5157
9100	7009
9100	8437
9100	9139
9100	9384
9100	9491
9102	3239
9102	6803
9102	7592
9102	7909
9102	8407
9102	8888
9102	9437
9102	9683
9102	9758
9102	9968
9103	5160
9103	9282
9105	8631
9105	9606
9111	5075
9111	6813
9111	6916
9111	7055
9111	8270
9111	9831
9116	9085
9116	9314
9120	710
9120	4062
9120	4755
9120	5045
9120	5473
9120	5737
9120	6128
9120	6440
9120	6915
9120	8027
9120	8609
9120	9412
9137	6339
9137	6421
9137	7077
9137	7722
9137	9588
9138	1995
9138	5540
9138	6105
9138	6443
9138	7413
9138	7836
9138	8613
9138	9285
9138	9349
9138	9381
9138	9584
9139	553
9139	1140
9139	5042
9139	8847
9139	9100
9139	9375
9139	9972
9148	1995
9148	2013
9148	4208
9148	5498
9148	5540
9148	6185
9148	6620
9148	7836
9148	7907
9148	9381
9148	9387
9148	9914
9154	2025
9154	2625
9154	4669
9154	5388
9154	8467
9154	8504
9154	8603
9154	9469
9154	9511
9155	3896
9155	7085
9155	7189
9155	7695
9155	7909
9155	8504
9155	8885
9155	9699
9155	9952
9159	3537
9159	4115
9159	9093
9160	553
9160	2533
9160	2903
9160	3686
9160	5242
9160	5582
9160	7772
9160	8337
9166	3602
9166	5376
9166	9824
9168	6958
9168	9389
9168	9458
9168	9869
9168	9914
9173	9387
9173	9670
9173	9740
9173	9819
9182	575
9182	6018
9182	6916
9182	8677
9182	8735
9182	9374
9182	9421
9194	2814
9194	8033
9194	8739
9194	9051
9194	9710
9198	1030
9198	6771
9198	7917
9200	512
9200	1982
9200	4293
9200	6554
9200	7360
9200	9438
9205	856
9205	6176
9205	6185
9205	7279
9205	8009
9205	8379
9205	8696
9205	9544
9205	9766
9205	9980
9209	4403
9209	7744
9209	7857
9209	8033
9209	8883
9210	5266
9210	5769
9210	6404
9210	8082
9210	8827
9210	9344
9210	9458
9212	1617
9212	4476
9212	9796
9212	9800
9240	4774
9240	7678
9240	8548
9240	8845
9240	9276
9240	9593
9246	1754
9246	6803
9246	9017
9246	9089
9246	9844
9250	2639
9250	5335
9250	7030
9250	7125
9250	7129
9250	8223
9250	8552
9250	9387
9250	9480
9250	9817
9252	5042
9252	8847
9252	9397
9252	9850
9252	9873
9262	3581
9262	7958
9262	8554
9262	8714
9262	9378
9262	9429
9262	9871
9268	3163
9268	5726
9268	5743
9268	7010
9268	7413
9268	7813
9268	8641
9268	8710
9268	8743
9268	9329
9268	9390
9268	9808
9268	9906
9273	8697
9273	9388
9276	710
9276	4060
9276	5605
9276	6852
9276	7092
9276	9240
9276	9426
9276	9670
9276	9740
9276	9868
9282	1820
9282	3199
9282	7809
9282	7870
9282	8350
9282	9103
9282	9631
9282	9681
9282	9704
9282	9766
9282	9844
9285	2293
9285	5498
9285	7907
9285	8013
9285	9138
9285	9381
9285	9624
9285	9926
9289	6357
9289	9343
9289	9433
9289	9522
9290	418
9290	2485
9290	3029
9290	3164
9290	7792
9290	8081
9290	8623
9290	8679
9290	9317
9290	9644
9293	3539
9293	6665
9293	8794
9293	9014
9293	9522
9293	9736
9293	9874
9296	2679
9296	6680
9296	6879
9296	8225
9296	8603
9296	9871
9296	9894
9299	6687
9299	8463
9299	8484
9299	9606
9299	9985
9304	1326
9304	6825
9304	7616
9304	7907
9304	9338
9304	9819
9314	1131
9314	5335
9314	6018
9314	8038
9314	8241
9314	9116
9314	9536
9314	9606
9314	9913
9317	802
9317	2485
9317	2866
9317	6620
9317	7476
9317	8081
9317	8340
9317	8467
9317	8623
9317	8679
9317	9017
9317	9290
9317	9644
9317	9683
9317	9885
9327	1649
9327	2922
9327	7030
9327	7510
9327	9575
9327	9706
9329	2578
9329	2638
9329	4471
9329	5726
9329	7010
9329	7413
9329	8552
9329	8641
9329	8710
9329	9268
9329	9390
9329	9808
9329	9906
9334	6916
9338	5250
9338	6456
9338	6689
9338	9304
9342	5429
9342	6179
9342	7381
9342	8484
9342	9397
9342	9526
9343	3539
9343	4145
9343	7809
9343	8794
9343	9014
9343	9289
9344	2139
9344	5266
9344	5769
9344	5839
9344	7718
9344	8038
9344	8484
9344	8603
9344	8827
9344	9042
9344	9210
9344	9458
9344	9906
9345	5980
9345	7034
9345	8176
9345	8638
9345	9865
9349	2169
9349	9074
9349	9138
9349	9571
9349	9849
9349	9957
9352	3405
9352	3431
9352	5548
9352	6294
9352	7498
9352	7792
9352	8097
9352	8159
9352	8176
9352	8613
9352	8968
9352	9624
9353	3559
9353	7953
9353	8609
9354	4293
9354	4585
9354	7991
9354	8340
9354	9831
9371	8073
9371	8638
9371	9760
9371	9894
9374	575
9374	4499
9374	6916
9374	8677
9374	8914
9374	9182
9375	2941
9375	7681
9375	8157
9375	8406
9375	9139
9375	9524
9375	9558
9376	1016
9376	3543
9376	4007
9376	4791
9376	6620
9376	7615
9376	7986
9376	8630
9376	9406
9376	9469
9376	9536
9378	3041
9378	5393
9378	8033
9378	8554
9378	9262
9378	9429
9378	9885
9381	1551
9381	1995
9381	5540
9381	6185
9381	7457
9381	9138
9381	9148
9381	9285
9384	8593
9384	8631
9384	8871
9384	9100
9387	2639
9387	5242
9387	5335
9387	5735
9387	6665
9387	7030
9387	7125
9387	7129
9387	7327
9387	7903
9387	8223
9387	8552
9387	8836
9387	8845
9387	9148
9387	9173
9387	9250
9387	9480
9388	912
9388	2092
9388	5743
9388	6919
9388	8266
9388	8396
9388	8577
9388	9273
9389	5980
9389	7091
9389	8110
9389	9168
9389	9688
9390	2296
9390	3874
9390	7413
9390	7813
9390	8641
9390	8710
9390	9268
9390	9329
9390	9524
9390	9808
9390	9906
9394	5401
9394	6484
9394	6568
9394	7077
9394	7351
9394	8048
9394	8279
9394	8566
9394	9419
9394	9588
9394	9828
9397	4517
9397	7327
9397	8701
9397	9252
9397	9342
9400	1866
9400	5393
9400	8688
9400	9419
9406	1016
9406	3543
9406	4007
9406	4603
9406	4791
9406	4907
9406	7615
9406	7986
9406	8630
9406	8697
9406	9014
9406	9376
9406	9469
9406	9827
9410	1198
9410	1541
9410	2208
9410	4217
9410	4907
9410	6147
9410	6219
9410	9844
9410	9996
9412	710
9412	2625
9412	3083
9412	4062
9412	4229
9412	4755
9412	5045
9412	5473
9412	5737
9412	6440
9412	6915
9412	8027
9412	8271
9412	8609
9412	8613
9412	9042
9412	9120
9412	9683
9413	3537
9413	4208
9413	5266
9419	3219
9419	4115
9419	8048
9419	8088
9419	8220
9419	8279
9419	9394
9419	9400
9419	9588
9419	9828
9421	6916
9421	8677
9421	8885
9421	9182
9421	9705
9421	9997
9423	1617
9423	1724
9423	1807
9423	5202
9423	9037
9423	9096
9423	9959
9424	2485
9424	8097
9424	9019
9424	9791
9426	4060
9426	4903
9426	6840
9426	6852
9426	7085
9426	7092
9426	9276
9426	9670
9426	9740
9429	5393
9429	9262
9429	9378
9429	9613
9433	2139
9433	3987
9433	6879
9433	7798
9433	8278
9433	9289
9433	9482
9437	2325
9437	2446
9437	3239
9437	4603
9437	6803
9437	7592
9437	7909
9437	8223
9437	8574
9437	8694
9437	8888
9437	9102
9437	9683
9437	9758
9437	9952
9438	681
9438	6554
9438	7956
9438	9200
9438	9490
9441	976
9441	2338
9441	2947
9441	6825
9441	8821
9441	9849
9446	4631
9446	5160
9446	6321
9446	6421
9446	7037
9446	8435
9458	5266
9458	5769
9458	7360
9458	7718
9458	8827
9458	9168
9458	9210
9458	9344
9463	1940
9463	4220
9463	8458
9463	9619
9463	9700
9463	9884
9465	540
9465	2864
9465	6893
9465	7481
9465	9558
9465	9769
9465	9850
9469	1016
9469	3543
9469	4007
9469	4791
9469	5333
9469	7615
9469	7986
9469	8585
9469	8630
9469	9154
9469	9376
9469	9406
9476	4499
9476	4865
9476	5815
9476	7736
9476	9688
9476	9700
9476	9812
9480	2639
9480	5335
9480	5602
9480	6665
9480	7030
9480	7125
9480	7129
9480	7193
9480	8223
9480	8552
9480	9250
9480	9387
9482	4511
9482	8346
9482	9433
9489	5301
9489	6440
9489	9071
9489	9979
9490	6879
9490	7230
9490	8577
9490	9438
9490	9701
9490	9725
9490	9850
9490	9925
9491	166
9491	2624
9491	2846
9491	3442
9491	3602
9491	5157
9491	7009
9491	9100
9491	9865
9504	7779
9504	9926
9511	3056
9511	5536
9511	8298
9511	9154
9511	9695
9515	1618
9515	3314
9515	8009
9516	3947
9516	6962
9516	8688
9516	8998
9516	9019
9516	9699
9516	9745
9522	8631
9522	8775
9522	9289
9522	9293
9522	9735
9522	9967
9524	1284
9524	2161
9524	4250
9524	8401
9524	8406
9524	8874
9524	9375
9524	9390
9524	9525
9525	1325
9525	2378
9525	4120
9525	7779
9525	7977
9525	8033
9525	9524
9526	490
9526	524
9526	7861
9526	8136
9526	8743
9526	9017
9526	9342
9526	9906
9529	4011
9529	5519
9529	6919
9529	7668
9529	8013
9534	2983
9534	7150
9534	7381
9534	8350
9534	8406
9536	1223
9536	5605
9536	6519
9536	7142
9536	9314
9536	9376
9537	1462
9537	4797
9537	5161
9537	6249
9537	6281
9537	7125
9544	856
9544	6176
9544	7279
9544	7786
9544	8379
9544	8696
9544	9205
9558	3463
9558	7481
9558	9375
9558	9465
9558	9769
9563	1153
9563	1367
9563	1770
9563	2638
9563	2934
9563	2954
9563	3565
9563	3634
9563	4733
9563	5499
9563	5981
9563	6565
9563	6687
9563	7091
9563	7794
9563	8014
9563	8162
9563	8298
9567	177
9567	7991
9567	8820
9567	9924
9569	540
9569	2839
9569	6611
9569	6622
9569	7922
9569	9803
9571	2813
9571	4825
9571	7440
9571	7917
9571	8968
9571	9349
9575	7165
9575	7193
9575	7592
9575	8615
9575	8888
9575	9327
9575	9766
9577	5536
9577	8073
9584	846
9584	2416
9584	3715
9584	5670
9584	6156
9584	6596
9584	7037
9584	7536
9584	7696
9584	7932
9584	8110
9584	8613
9584	9047
9584	9138
9584	9701
9588	1462
9588	3219
9588	5157
9588	7351
9588	7977
9588	8088
9588	8279
9588	8566
9588	8996
9588	9074
9588	9137
9588	9394
9588	9419
9588	9828
9588	9928
9593	959
9593	2753
9593	2758
9593	5161
9593	6176
9593	6388
9593	6517
9593	6964
9593	7607
9593	7635
9593	7798
9593	8045
9593	8635
9593	9240
9593	9824
9605	7636
9605	8613
9605	8885
9606	1995
9606	8223
9606	9105
9606	9299
9606	9314
9606	9796
9613	5454
9613	6235
9613	6345
9613	6611
9613	7794
9613	8646
9613	9429
9613	9979
9619	3997
9619	9463
9619	9874
9624	5049
9624	6687
9624	7438
9624	7922
9624	9285
9624	9352
9624	9766
9624	9926
9631	1820
9631	1939
9631	3462
9631	3779
9631	4229
9631	6030
9631	7809
9631	8059
9631	8350
9631	8694
9631	8726
9631	9282
9631	9844
9644	2485
9644	4797
9644	6879
9644	7324
9644	8623
9644	8679
9644	9290
9644	9317
9644	9928
9652	4114
9652	8776
9652	8968
9652	9085
9658	1214
9658	2866
9658	6571
9658	8170
9658	8605
9658	9791
9670	4060
9670	4903
9670	6852
9670	7092
9670	7833
9670	8170
9670	8298
9670	8598
9670	9173
9670	9276
9670	9426
9670	9701
9670	9740
9673	549
9673	3995
9673	5060
9673	7749
9673	7879
9673	8548
9673	8590
9673	8714
9673	9805
9673	9865
9681	2233
9681	2889
9681	6792
9681	7615
9681	7827
9681	8121
9681	8463
9681	9282
9682	3779
9682	8568
9682	8735
9682	8754
9683	2161
9683	2681
9683	4603
9683	4609
9683	6803
9683	6879
9683	7327
9683	7592
9683	7909
9683	7956
9683	8574
9683	8888
9683	9102
9683	9317
9683	9412
9683	9437
9683	9758
9688	1189
9688	2828
9688	3462
9688	3605
9688	4210
9688	4499
9688	4865
9688	5670
9688	5815
9688	6596
9688	7308
9688	7736
9688	7903
9688	8401
9688	9051
9688	9389
9688	9476
9688	9700
9688	9968
9688	9974
9695	6018
9695	8298
9695	8677
9695	9511
9695	9957
9699	3896
9699	5499
9699	7085
9699	7189
9699	7695
9699	7803
9699	8504
9699	9155
9699	9516
9699	9952
9700	1189
9700	3581
9700	7079
9700	7308
9700	7425
9700	7736
9700	8110
9700	9051
9700	9071
9700	9463
9700	9476
9700	9688
9700	9843
9700	9974
9701	2216
9701	2416
9701	3310
9701	7792
9701	7909
9701	7939
9701	8045
9701	9490
9701	9584
9701	9670
9701	9725
9701	9850
9704	2498
9704	3199
9704	4599
9704	5980
9704	6030
9704	7809
9704	7879
9704	8350
9704	8646
9704	8694
9704	9282
9704	9844
9705	166
9705	1360
9705	2839
9705	8504
9705	8954
9705	9421
9706	373
9706	1189
9706	1649
9706	2507
9706	2922
9706	9327
9710	352
9710	4132
9710	4978
9710	6067
9710	7662
9710	8496
9710	8631
9710	8958
9710	9194
9711	3997
9711	9843
9711	9944
9718	3200
9718	5077
9718	7139
9718	8899
9718	9740
9718	10000
9725	6915
9725	9490
9725	9701
9725	9850
9727	3813
9727	5259
9727	6517
9727	6827
9727	7350
9727	8000
9727	8082
9727	9884
9727	9924
9727	9926
9731	986
9731	1463
9731	2219
9735	5819
9735	7794
9735	8480
9735	9522
9735	9874
9736	3056
9736	4212
9736	5183
9736	5714
9736	8153
9736	8437
9736	8586
9736	8924
9736	9068
9736	9293
9736	9745
9740	4060
9740	4903
9740	6852
9740	7092
9740	8435
9740	8827
9740	9173
9740	9276
9740	9426
9740	9670
9740	9718
9740	9769
9745	4208
9745	5980
9745	6105
9745	7836
9745	8726
9745	9516
9745	9736
9745	9967
9758	3239
9758	4603
9758	5429
9758	6803
9758	6879
9758	7592
9758	7909
9758	8047
9758	8888
9758	9102
9758	9437
9758	9683
9758	9906
9760	3318
9760	5305
9760	5335
9760	8073
9760	8598
9760	9371
9760	9894
9766	177
9766	5049
9766	7438
9766	7922
9766	9205
9766	9282
9766	9575
9766	9624
9766	9844
9769	4081
9769	9465
9769	9558
9769	9740
9769	9913
9769	9968
9791	128
9791	8800
9791	9424
9791	9658
9795	123
9795	6827
9795	7647
9795	8097
9795	8158
9796	4476
9796	7917
9796	8609
9796	8820
9796	9212
9796	9606
9796	9800
9796	9869
9796	9996
9800	4476
9800	7053
9800	7994
9800	8298
9800	9212
9800	9796
9800	9817
9803	2135
9803	9096
9803	9569
9805	490
9805	3947
9805	4114
9805	5569
9805	7461
9805	8379
9805	8466
9805	9673
9808	732
9808	1857
9808	2296
9808	2578
9808	2638
9808	3163
9808	4239
9808	5726
9808	7010
9808	7270
9808	7413
9808	7813
9808	7903
9808	8641
9808	8694
9808	9268
9808	9329
9808	9390
9812	1189
9812	3462
9812	3581
9812	4865
9812	5726
9812	6871
9812	7736
9812	8033
9812	8059
9812	8283
9812	9051
9812	9476
9812	9974
9817	1303
9817	1463
9817	6996
9817	7150
9817	7826
9817	9250
9817	9800
9819	4603
9819	7994
9819	8794
9819	9173
9819	9304
9819	9931
9820	3041
9820	5441
9820	6687
9820	8548
9820	9865
9824	2846
9824	6840
9824	6957
9824	7461
9824	9166
9824	9593
9827	2190
9827	5731
9827	7388
9827	7917
9827	8396
9827	9406
9827	9957
9827	9985
9828	4115
9828	5401
9828	7351
9828	7786
9828	7966
9828	8088
9828	8279
9828	8566
9828	9394
9828	9419
9828	9588
9831	3559
9831	4585
9831	5376
9831	7991
9831	8225
9831	9111
9831	9354
9831	9871
9832	3283
9832	4193
9832	7633
9832	9884
9837	1511
9837	3431
9837	9014
9843	8298
9843	9700
9843	9711
9844	2498
9844	3199
9844	4226
9844	5980
9844	6030
9844	6219
9844	6249
9844	7330
9844	7494
9844	8059
9844	8350
9844	8552
9844	8694
9844	8874
9844	9246
9844	9282
9844	9410
9844	9631
9844	9704
9844	9766
9849	976
9849	2338
9849	2615
9849	3083
9849	4774
9849	8106
9849	8176
9849	8265
9849	8821
9849	9349
9849	9441
9850	2216
9850	3310
9850	7809
9850	9252
9850	9465
9850	9490
9850	9701
9850	9725
9850	10000
9862	4791
9862	6519
9862	8047
9862	8710
9865	2458
9865	5493
9865	7958
9865	8324
9865	8871
9865	9345
9865	9491
9865	9673
9865	9820
9868	2838
9868	3997
9868	5032
9868	5075
9868	5980
9868	6319
9868	6364
9868	6955
9868	7784
9868	8096
9868	8283
9868	8486
9868	8688
9868	9276
9868	9907
9869	1220
9869	2954
9869	7786
9869	8033
9869	8149
9869	9168
9869	9796
9871	2679
9871	6680
9871	8053
9871	8998
9871	9262
9871	9296
9871	9831
9873	839
9873	4326
9873	4499
9873	5042
9873	6176
9873	9252
9874	3285
9874	6378
9874	6597
9874	8110
9874	8821
9874	8998
9874	9093
9874	9293
9874	9619
9874	9735
9884	3813
9884	4511
9884	5259
9884	6185
9884	6517
9884	7350
9884	8013
9884	8082
9884	8743
9884	9463
9884	9727
9884	9832
9884	9924
9884	9926
9885	1940
9885	2238
9885	2601
9885	6281
9885	8324
9885	9317
9885	9378
9885	10000
9890	2458
9890	4865
9890	7694
9890	8502
9890	9968
9894	912
9894	3310
9894	5441
9894	8073
9894	8176
9894	8598
9894	8638
9894	9296
9894	9371
9894	9760
9899	1462
9899	4415
9899	6811
9899	7728
9899	9074
9906	602
9906	732
9906	1551
9906	2296
9906	2578
9906	2638
9906	6085
9906	6474
9906	7010
9906	7413
9906	7813
9906	8000
9906	8641
9906	8710
9906	9268
9906	9329
9906	9344
9906	9390
9906	9526
9906	9758
9907	2838
9907	3997
9907	5032
9907	6364
9907	7784
9907	8096
9907	8486
9907	8688
9907	8736
9907	9868
9913	559
9913	2230
9913	5029
9913	5381
9913	5499
9913	6000
9913	6018
9913	7517
9913	8241
9913	9314
9913	9769
9914	2534
9914	8053
9914	8283
9914	9096
9914	9148
9914	9168
9915	4599
9915	4630
9915	5045
9915	6852
9915	6955
9915	7695
9915	7698
9915	8064
9915	8669
9924	3813
9924	6517
9924	7350
9924	7642
9924	7826
9924	8082
9924	9567
9924	9727
9924	9884
9924	9926
9925	2769
9925	6689
9925	7034
9925	8014
9925	8996
9925	9490
9925	9928
9926	2168
9926	3813
9926	4827
9926	5259
9926	6517
9926	7350
9926	8082
9926	8504
9926	8726
9926	9285
9926	9504
9926	9624
9926	9727
9926	9884
9926	9924
9928	2208
9928	2769
9928	3480
9928	4081
9928	5479
9928	6271
9928	6456
9928	6689
9928	7034
9928	7350
9928	8415
9928	8672
9928	8775
9928	8996
9928	9588
9928	9644
9928	9925
9931	3039
9931	5220
9931	7388
9931	8739
9931	8885
9931	9051
9931	9819
9944	3559
9944	5731
9944	8885
9944	9711
9949	6665
9949	7990
9949	8435
9949	8984
9952	3896
9952	7085
9952	7189
9952	7695
9952	8504
9952	9155
9952	9437
9952	9699
9957	959
9957	2169
9957	5160
9957	6852
9957	9349
9957	9695
9957	9827
9959	1448
9959	7941
9959	8874
9959	9423
9959	9997
9965	4907
9965	7966
9965	8526
9965	8635
9965	8794
9967	7532
9967	8047
9967	9074
9967	9522
9967	9745
9968	7091
9968	8070
9968	9102
9968	9688
9968	9769
9968	9890
9972	335
9972	1140
9972	5075
9972	6457
9972	7189
9972	7443
9972	8106
9972	8225
9972	8847
9972	9139
9974	3462
9974	3581
9974	4499
9974	4865
9974	6018
9974	7079
9974	7301
9974	7308
9974	8283
9974	9051
9974	9688
9974	9700
9974	9812
9979	7438
9979	8996
9979	9489
9979	9613
9980	2954
9980	6897
9980	7189
9980	8406
9980	9205
9985	1638
9985	5731
9985	7388
9985	8586
9985	8887
9985	9299
9985	9827
9996	2753
9996	7193
9996	8694
9996	9410
9996	9796
9997	1448
9997	6871
9997	7941
9997	9421
9997	9959
10000	3200
10000	5630
10000	7139
10000	7279
10000	8434
10000	8820
10000	8899
10000	9718
10000	9850
10000	9885
