97	4758
97	9786
100	9902
100	9943
122	248
122	9686
134	7204
134	7252
134	9040
150	1409
150	3607
150	7939
159	3218
159	4994
159	5299
159	7180
159	9231
159	9461
159	9728
167	1216
167	4491
167	8792
167	9852
169	5826
169	7252
169	9098
181	7102
181	9004
181	9847
187	5806
187	5891
187	6007
189	1831
207	8076
207	8340
207	9073
208	2529
208	3361
208	5834
208	6187
208	7656
208	9943
214	9233
223	1642
223	6689
223	9300
232	8462
232	8907
248	122
248	3695
248	5096
248	7547
248	8928
248	9302
248	9856
259	9040
259	9497
265	8371
265	8824
286	6007
286	6960
286	9953
287	2726
287	9709
287	9986
298	5158
298	7159
298	7382
298	8554
298	9144
298	9773
298	9967
346	8780
346	9653
371	7028
371	7166
371	9895
377	3218
377	3819
377	7915
377	9464
377	9567
394	5734
394	9000
394	9474
402	6234
402	7640
402	8314
402	9233
402	9248
402	9773
408	3911
412	5621
412	9315
439	8371
439	8999
439	9793
444	7190
464	8235
464	9098
466	9427
496	7317
523	813
523	5446
537	8371
537	9028
537	9793
612	8724
612	9505
612	9702
612	9863
612	9919
612	9936
625	9856
625	9868
732	3200
732	7510
757	4524
783	8322
813	523
813	4305
813	5798
813	7180
813	7421
813	9254
813	9268
818	7210
818	9829
835	3954
835	6186
835	9090
835	9377
835	9662
845	4524
848	6852
848	7816
848	8745
849	5862
849	9718
880	9334
897	8769
897	9794
897	9851
928	3813
928	5158
928	7592
928	9042
928	9758
936	9056
936	9852
971	4758
971	9026
1061	8792
1061	9894
1090	6877
1090	8737
1099	3949
1099	9728
1120	9437
1120	9894
1130	6223
1130	9681
1169	7592
1169	9902
1209	8895
1216	167
1216	8895
1216	9852
1250	9766
1253	9833
1271	7167
1271	9751
1273	7102
1273	9932
1301	8611
1301	9898
1317	5814
1317	7159
1317	7661
1317	9372
1317	9519
1320	7861
1320	9864
1320	9918
1330	3628
1330	9647
1343	3218
1343	4296
1343	5898
1383	7415
1383	8305
1409	150
1409	5826
1409	7619
1428	7102
1428	8737
1428	9377
1436	5138
1498	6726
1498	7861
1498	9219
1498	9864
1498	9918
1613	9315
1613	9340
1632	6838
1632	8296
1642	223
1642	3870
1642	6135
1642	7083
1642	8305
1642	9429
1642	9520
1642	9837
1653	8670
1704	2546
1704	5989
1704	9628
1704	9757
1704	9864
1712	8356
1712	9153
1712	9604
1737	5005
1737	6502
1737	9758
1747	3686
1747	9654
1757	3628
1757	6485
1757	9683
1763	5149
1763	8969
1763	9654
1763	9967
1765	2889
1765	9420
1786	3607
1793	9507
1793	9850
1831	189
1831	3618
1831	6391
1831	6930
1835	7282
1835	8738
1868	6059
1883	5622
1883	9151
1883	9560
1883	9833
1896	5898
1896	6050
1896	9056
1896	9601
1902	9073
1912	5977
1912	8102
1928	8280
1928	8554
1946	6644
1963	2889
1963	9990
1985	5150
1985	8983
1985	9372
1985	9970
1999	4370
1999	6222
1999	8128
2021	4501
2021	5329
2021	5741
2021	6627
2021	8988
2021	9788
2021	9939
2028	6877
2028	7292
2028	7859
2028	8578
2028	9450
2051	5107
2051	6670
2051	9056
2051	9852
2074	4758
2074	5863
2074	6529
2074	7483
2074	9004
2077	5459
2077	5788
2077	6590
2077	9809
2077	9847
2088	9564
2088	9823
2134	5093
2173	6689
2175	5741
2175	8356
2175	8383
2186	9313
2186	9795
2253	5669
2253	9435
2253	9521
2318	3979
2318	6681
2318	8469
2323	3904
2323	8356
2323	9000
2323	9001
2323	9751
2363	9727
2363	9990
2367	4786
2367	7221
2367	8543
2367	9829
2369	7743
2369	8859
2369	9128
2369	9340
2369	9461
2378	3769
2378	9604
2441	7468
2441	8884
2455	7312
2455	9632
2482	4288
2482	7282
2482	9085
2496	8356
2496	9300
2500	5989
2500	6910
2500	9679
2500	9995
2528	3405
2528	7312
2528	8769
2528	9420
2528	9794
2528	9851
2529	208
2529	9409
2533	9160
2536	7859
2536	9280
2536	9352
2536	9661
2541	3135
2541	9315
2541	9712
2546	1704
2546	7317
2546	9334
2611	9786
2611	9898
2613	6838
2613	7955
2613	8233
2613	9581
2638	2889
2662	7409
2664	5591
2664	6773
2664	7939
2664	9040
2664	9331
2726	287
2726	9102
2726	9437
2726	9564
2726	9683
2726	9758
2728	9779
2728	9809
2746	7082
2746	9248
2746	9678
2746	9919
2752	4787
2752	6145
2752	6933
2752	9852
2762	9334
2770	5150
2770	9427
2770	9947
2770	9954
2772	5275
2772	5638
2790	4524
2790	8317
2790	9315
2805	7190
2817	5242
2817	5814
2817	7625
2817	8206
2817	9340
2817	9459
2817	9519
2837	3112
2837	3650
2837	4707
2837	5862
2837	5891
2837	6293
2837	6688
2837	9829
2848	9594
2848	9609
2848	9825
2855	8462
2858	5862
2858	7164
2858	8039
2858	9833
2889	1765
2889	1963
2889	2638
2889	4540
2889	7857
2889	9681
2915	3516
2928	6960
2935	7859
2935	9793
2935	9953
2967	6502
2967	7200
2967	9766
2967	9778
3003	7518
3003	8468
3003	9216
3007	8045
3007	8908
3007	9219
3007	9628
3007	9757
3007	9864
3020	6277
3023	5329
3023	6882
3023	8233
3023	8270
3023	8278
3023	9298
3023	9833
3023	9923
3023	9956
3033	5152
3033	8411
3037	6288
3037	6670
3037	6933
3037	8895
3037	9056
3037	9852
3112	2837
3112	5536
3112	6482
3115	5915
3115	8305
3115	9795
3119	7162
3135	2541
3135	8834
3140	9230
3140	9621
3151	6877
3157	8839
3157	9218
3167	4995
3167	5577
3167	5915
3167	7363
3167	8371
3167	8501
3167	9380
3167	9902
3184	7291
3184	9922
3190	4838
3190	6352
3190	7526
3190	8048
3190	8213
3190	9394
3190	9564
3190	9679
3200	732
3200	6910
3200	8385
3200	8899
3200	9056
3200	9472
3200	9718
3200	10000
3218	159
3218	377
3218	1343
3218	8572
3224	6609
3224	9461
3224	9540
3230	8282
3230	8651
3241	9718
3243	6550
3243	6877
3243	8039
3258	4524
3258	9315
3307	8407
3307	8948
3307	9540
3309	8371
3309	8802
3309	8999
3309	9028
3309	9128
3309	9793
3309	9986
3323	5734
3323	9000
3331	7102
3331	7890
3331	9507
3332	6118
3332	7194
3332	9837
3361	208
3361	8180
3361	8317
3361	9380
3368	4734
3405	2528
3405	4501
3405	7792
3405	9000
3405	9352
3434	8941
3434	9317
3434	9562
3465	7296
3465	8988
3465	9788
3465	9939
3482	4995
3482	8019
3483	4455
3483	7329
3483	9647
3516	2915
3516	5363
3516	8983
3542	9628
3542	9757
3542	9864
3542	9918
3562	5138
3595	8048
3595	9231
3595	9264
3595	9340
3595	9372
3595	9632
3604	6145
3604	7329
3604	9071
3604	9317
3604	9850
3607	150
3607	1786
3607	7210
3607	9092
3607	9607
3618	1831
3618	5536
3618	6277
3618	6681
3618	6689
3618	6950
3618	8036
3618	9776
3618	9968
3628	1330
3628	1757
3628	9647
3628	9967
3629	5150
3648	6619
3648	7340
3648	7660
3650	2837
3650	6135
3650	6950
3650	9461
3650	9738
3665	9228
3665	9727
3672	7234
3672	9247
3672	9414
3686	1747
3686	5242
3686	5582
3686	8278
3686	9160
3686	9494
3686	9709
3695	248
3695	4495
3695	4730
3695	5977
3695	6315
3695	6670
3695	7625
3695	8895
3695	9056
3695	9852
3720	6186
3720	8689
3720	8861
3720	9853
3742	5520
3742	7592
3756	9098
3769	2378
3769	8109
3787	4328
3787	7623
3787	8102
3797	5617
3797	8884
3797	9003
3813	928
3813	9409
3813	9727
3817	5152
3817	6681
3817	7159
3817	8206
3817	8501
3817	9231
3819	377
3819	7547
3862	5068
3862	9334
3870	1642
3870	9601
3870	9646
3870	9821
3871	8331
3871	9280
3872	5292
3872	5818
3872	7454
3872	8229
3872	9606
3872	9649
3872	9779
3872	9988
3876	7816
3876	9346
3876	9474
3876	9975
3891	4675
3891	7968
3891	8280
3891	9474
3891	9628
3891	9757
3891	9864
3904	2323
3904	9000
3909	8317
3909	9031
3909	9340
3911	408
3911	6818
3911	8019
3911	8578
3914	7626
3914	7892
3914	9788
3933	9315
3945	8872
3945	9254
3949	1099
3949	9102
3949	9728
3954	835
3954	4787
3954	6023
3954	7439
3954	7640
3954	8331
3979	2318
3979	6860
3980	5275
3980	6381
3980	8099
3980	8674
3980	9511
3980	9607
3980	9712
4000	5372
4000	8280
4000	8611
4000	8737
4000	9298
4000	9620
4000	9898
4027	8737
4027	9833
4075	6578
4075	8123
4075	8430
4075	8807
4086	6008
4086	6619
4086	9058
4093	6796
4093	8646
4093	9425
4093	9554
4093	9678
4093	9727
4093	9967
4121	8385
4121	9573
4141	7660
4141	8780
4141	9380
4141	9554
4154	5481
4154	6234
4154	7861
4154	9219
4154	9864
4154	9918
4177	9098
4192	5471
4192	7626
4192	7890
4230	7317
4230	9230
4256	7890
4288	2482
4288	5643
4288	5741
4296	1343
4305	813
4328	3787
4328	6408
4328	7621
4328	8102
4328	8198
4328	9139
4328	9864
4337	6294
4337	7792
4337	8300
4337	9894
4341	6433
4341	9334
4370	1999
4370	9437
4378	6222
4378	9377
4381	9727
4384	7468
4455	3483
4455	7052
4455	9895
4491	167
4491	6145
4491	9056
4491	9231
4491	9852
4495	3695
4495	6145
4495	8895
4495	9056
4495	9728
4495	9852
4498	7122
4500	9361
4500	9560
4501	2021
4501	3405
4501	4758
4501	6187
4501	8296
4501	9000
4501	9004
4501	9973
4524	757
4524	845
4524	2790
4524	3258
4524	6498
4524	8724
4540	2889
4540	4811
4540	7408
4540	7518
4540	8383
4540	9153
4540	9654
4551	7734
4551	8355
4551	9231
4551	9519
4551	9656
4551	9776
4552	6416
4552	8261
4552	9751
4558	5617
4580	5814
4608	7468
4611	6258
4611	7317
4611	7918
4611	9230
4617	7102
4617	7282
4617	9968
4670	6681
4675	3891
4675	4916
4675	5989
4675	8198
4675	9757
4675	9864
4675	9918
4690	5108
4690	8512
4690	9511
4707	2837
4707	5976
4707	6041
4707	8088
4707	9863
4730	3695
4730	6818
4730	8895
4730	9056
4730	9852
4734	3368
4734	9264
4734	9607
4753	6293
4753	7685
4758	97
4758	971
4758	2074
4758	4501
4758	6223
4758	7052
4758	7189
4758	8670
4758	9026
4758	9334
4758	9973
4762	6293
4762	9002
4786	2367
4786	5891
4786	7575
4786	7962
4786	9788
4786	9829
4787	2752
4787	3954
4787	6979
4787	7167
4787	7439
4787	7795
4787	9464
4787	9702
4794	6341
4794	6483
4794	8988
4808	6607
4808	8048
4808	9092
4808	9300
4811	4540
4811	4937
4811	8380
4811	8456
4838	3190
4838	7623
4842	6007
4842	7190
4842	8543
4842	8834
4842	8907
4842	9829
4886	7425
4886	7764
4886	8355
4886	8383
4886	9346
4886	9474
4886	9581
4886	9621
4887	9315
4910	5862
4910	7409
4910	8388
4916	4675
4916	7468
4916	7961
4916	9628
4916	9864
4916	9918
4919	9794
4919	9972
4924	6293
4937	4811
4937	6681
4937	7939
4937	9888
4941	6950
4941	7946
4941	8801
4941	8854
4941	9424
4959	9363
4959	9809
4972	5617
4983	8071
4994	159
4995	3167
4995	3482
4995	9902
5005	1737
5005	7312
5005	8071
5005	8282
5041	6683
5041	8371
5041	8554
5041	8635
5041	9764
5057	6446
5057	7317
5057	7918
5068	3862
5068	9334
5093	2134
5093	6683
5093	8407
5093	8554
5096	248
5096	7028
5096	9856
5107	2051
5107	6145
5107	8895
5107	9056
5107	9852
5108	4690
5108	8678
5108	9886
5130	5818
5130	6023
5130	7073
5130	9982
5138	1436
5138	3562
5138	9425
5138	9554
5138	9678
5138	9967
5142	6135
5142	9334
5142	9821
5147	5150
5147	6498
5149	1763
5149	8109
5149	8898
5150	1985
5150	2770
5150	3629
5150	5147
5150	7823
5150	7856
5150	9057
5150	9151
5150	9954
5152	3033
5152	3817
5152	6341
5152	6452
5152	6807
5152	7327
5152	7859
5152	9128
5152	9367
5152	9461
5152	9738
5158	298
5158	928
5158	8322
5158	9607
5158	9773
5158	9919
5196	6653
5196	9771
5196	9793
5199	9528
5199	9560
5199	9564
5199	9939
5242	2817
5242	3686
5242	7296
5242	9160
5242	9372
5259	9092
5259	9727
5271	7939
5271	9040
5271	9331
5275	2772
5275	3980
5275	9554
5282	5798
5282	7317
5282	9230
5292	3872
5292	7020
5292	7856
5292	9427
5292	9654
5292	9954
5297	6293
5297	7685
5299	159
5299	6277
5299	6807
5299	8355
5319	8371
5329	2021
5329	3023
5329	7291
5329	9922
5363	3516
5363	5814
5363	6041
5363	7234
5363	8859
5363	8946
5363	9073
5363	9632
5363	9738
5372	4000
5372	8611
5372	9357
5372	9686
5372	9898
5393	6007
5393	9429
5439	8385
5439	10000
5446	523
5446	9968
5459	2077
5471	4192
5471	7102
5471	8543
5471	8807
5481	4154
5481	8280
5481	9219
5481	9628
5481	9864
5481	9918
5482	7792
5482	9519
5482	9943
5499	5654
5499	8407
5501	8899
5520	3742
5520	7157
5520	7819
5520	9459
5536	3112
5536	3618
5536	7340
5536	9511
5536	9678
5547	6191
5547	6550
5547	7130
5547	8300
5547	8724
5577	3167
5577	9521
5582	3686
5582	9160
5591	2664
5617	3797
5617	4558
5617	4972
5617	7121
5617	7651
5617	8340
5617	9058
5617	9290
5617	9317
5617	9459
5617	9505
5617	9644
5621	412
5621	8340
5621	9505
5622	1883
5622	7792
5622	9151
5634	6416
5634	7651
5634	9160
5634	9298
5638	2772
5638	8674
5638	8724
5638	9572
5642	9040
5642	9313
5643	4288
5643	5741
5643	9519
5654	5499
5654	6972
5654	7162
5654	9031
5669	2253
5669	6607
5669	8946
5669	8948
5681	8587
5705	9098
5734	394
5734	3323
5734	6745
5734	8907
5734	9000
5734	9507
5741	2021
5741	2175
5741	4288
5741	5643
5741	8548
5741	9085
5761	9794
5761	9972
5768	7079
5768	9472
5768	9794
5772	9298
5785	8169
5785	8678
5785	9000
5785	9694
5788	2077
5793	6187
5795	8371
5798	813
5798	5282
5806	187
5806	9947
5814	1317
5814	2817
5814	4580
5814	5363
5814	6200
5814	6385
5814	7541
5814	8068
5814	9372
5814	9599
5814	9737
5814	9738
5814	9776
5818	3872
5818	5130
5818	6258
5818	6446
5818	6627
5818	7317
5818	7918
5818	8061
5818	8512
5818	9230
5818	9367
5818	9663
5818	9764
5826	169
5826	1409
5826	7592
5826	7619
5826	8198
5826	9040
5826	9144
5826	9315
5833	6979
5833	7291
5833	9863
5833	9936
5834	208
5847	8356
5862	849
5862	2837
5862	2858
5862	4910
5862	7221
5862	7575
5862	7962
5862	9300
5863	2074
5863	8282
5863	9494
5863	9918
5863	9973
5876	6462
5876	8331
5880	7102
5880	7232
5880	7816
5880	8807
5883	6681
5883	7641
5883	8371
5883	8892
5883	8908
5883	9042
5883	9135
5883	9313
5891	187
5891	2837
5891	4786
5891	7511
5891	8039
5891	8206
5891	8421
5891	8543
5891	9517
5891	9829
5898	1343
5898	1896
5898	9230
5915	3115
5915	3167
5915	8611
5915	8731
5915	9104
5915	9130
5915	9786
5915	9902
5917	7282
5917	8383
5917	8941
5917	9153
5927	6890
5927	6960
5932	8261
5932	9040
5932	9331
5950	7415
5950	8383
5950	8988
5976	4707
5976	9526
5977	1912
5977	3695
5977	9384
5977	9773
5989	1704
5989	2500
5989	4675
5989	7028
5989	9219
5989	9628
5989	9757
5989	9918
6007	187
6007	286
6007	4842
6007	5393
6007	6416
6007	7190
6007	7221
6007	7354
6007	7575
6007	8142
6007	8740
6008	4086
6008	7302
6008	7327
6008	9987
6023	3954
6023	5130
6023	9937
6024	9794
6041	4707
6041	5363
6041	7363
6050	1896
6050	9932
6051	6288
6052	6483
6052	9437
6052	9758
6057	7862
6057	8061
6057	8680
6057	9778
6057	9794
6059	1868
6059	7167
6059	9738
6075	7053
6085	6157
6117	7140
6117	9728
6118	3332
6118	7180
6118	9006
6118	9786
6135	1642
6135	3650
6135	5142
6135	6277
6135	6681
6135	6807
6135	7190
6135	7466
6135	9340
6135	9361
6135	9632
6135	9712
6135	9776
6145	2752
6145	3604
6145	4491
6145	4495
6145	5107
6145	6933
6145	9852
6157	6085
6157	6483
6157	8109
6157	8547
6157	9967
6166	7604
6166	9128
6166	9247
6186	835
6186	3720
6186	8578
6186	9090
6187	208
6187	4501
6187	5793
6187	6822
6187	7082
6187	8503
6187	9248
6187	9509
6187	9554
6187	9573
6187	9764
6187	9919
6187	9967
6187	9972
6191	5547
6191	7130
6191	9794
6200	5814
6204	7296
6204	8688
6204	9868
6211	8371
6222	1999
6222	4378
6222	8128
6222	9634
6222	9821
6223	1130
6223	4758
6223	8578
6223	8854
6223	9681
6234	402
6234	4154
6234	6482
6234	8780
6234	9764
6234	9967
6258	4611
6258	5818
6277	3020
6277	3618
6277	5299
6277	6135
6277	9599
6277	9632
6277	9738
6277	9937
6285	8999
6285	9573
6288	3037
6288	6051
6288	8689
6288	9505
6293	2837
6293	4753
6293	4762
6293	4924
6293	5297
6293	7685
6294	4337
6294	8331
6294	9352
6313	6742
6313	7975
6313	9280
6315	3695
6315	6473
6338	9346
6338	9879
6341	4794
6341	5152
6341	7282
6341	7883
6341	8587
6341	9775
6352	3190
6352	9943
6381	3980
6381	7518
6381	8674
6381	9954
6385	5814
6385	9219
6391	1831
6391	8802
6391	8834
6391	9497
6391	9953
6393	6852
6393	7069
6408	4328
6408	7660
6408	8680
6412	7190
6412	7621
6412	8039
6412	9829
6416	4552
6416	5634
6416	6007
6416	9298
6433	4341
6433	7692
6433	9334
6433	9757
6446	5057
6446	5818
6446	7547
6446	9580
6446	9793
6452	5152
6452	7856
6452	9128
6452	9461
6452	9599
6452	9632
6452	9776
6462	5876
6462	7296
6463	9738
6472	9554
6473	6315
6482	3112
6482	6234
6482	9092
6482	9562
6482	9733
6482	9956
6483	4794
6483	6052
6483	6157
6483	8282
6483	9102
6483	9437
6483	9683
6483	9758
6485	1757
6485	9218
6485	9647
6498	4524
6498	5147
6498	7661
6502	1737
6502	2967
6502	6681
6502	8071
6502	9766
6502	9778
6529	2074
6529	9687
6531	7861
6531	8280
6531	8994
6531	9219
6531	9628
6531	9864
6531	9918
6549	7329
6549	9850
6549	9918
6550	3243
6550	5547
6578	4075
6578	7018
6578	7626
6578	8123
6590	2077
6590	9335
6590	9564
6593	7468
6593	7635
6593	8380
6599	7018
6599	7053
6599	7102
6599	7890
6607	4808
6607	5669
6607	7186
6607	8305
6607	9041
6607	9429
6607	9520
6609	3224
6609	7961
6609	9540
6619	3648
6619	4086
6619	8668
6627	2021
6627	5818
6638	7121
6638	9367
6644	1946
6644	6818
6644	7101
6644	9476
6644	9656
6644	9864
6644	9932
6644	10000
6650	8845
6650	9621
6650	9837
6653	5196
6653	8371
6653	8999
6653	9771
6653	9793
6653	9895
6670	2051
6670	3037
6670	3695
6670	8895
6670	9056
6670	9810
6670	9852
6681	2318
6681	3618
6681	3817
6681	4670
6681	4937
6681	5883
6681	6135
6681	6502
6681	8859
6681	9228
6681	9231
6681	9461
6681	9599
6681	9776
6681	9821
6683	5041
6683	5093
6683	8554
6688	2837
6688	7685
6688	7962
6688	8371
6688	9855
6689	223
6689	2173
6689	3618
6689	8986
6689	9990
6726	1498
6726	7018
6726	8892
6726	9313
6726	9594
6742	6313
6742	7626
6742	7792
6742	8861
6745	5734
6745	9663
6762	7409
6762	9370
6773	2664
6783	9712
6783	9794
6796	4093
6796	9851
6796	9943
6803	7909
6803	9102
6803	9437
6803	9683
6803	9758
6807	5152
6807	5299
6807	6135
6807	8355
6807	8857
6807	9340
6807	9519
6807	9632
6814	7102
6814	9153
6814	9507
6818	3911
6818	4730
6818	6644
6820	6972
6820	9856
6822	6187
6822	8738
6822	8745
6822	8845
6838	1632
6838	2613
6838	7425
6838	7861
6838	9346
6838	9474
6852	848
6852	6393
6852	7069
6852	8213
6852	8503
6852	8678
6860	3979
6874	9218
6874	9275
6877	1090
6877	2028
6877	3151
6877	3243
6877	7292
6877	7882
6877	7897
6877	7961
6877	8292
6877	8578
6877	8986
6877	9153
6877	9450
6877	9562
6877	9687
6877	9982
6882	3023
6882	9128
6882	9833
6882	9904
6884	9572
6885	7764
6885	7955
6885	9474
6885	9581
6890	5927
6890	7483
6890	7641
6890	8381
6890	8955
6890	9004
6890	9026
6890	9334
6890	9973
6891	7861
6891	9596
6910	2500
6910	3200
6916	9334
6920	7450
6920	9947
6920	9954
6930	1831
6930	8892
6930	9135
6930	9313
6930	9795
6930	9973
6933	2752
6933	3037
6933	6145
6933	8895
6933	9042
6933	9056
6933	9852
6950	3618
6950	3650
6950	4941
6950	8959
6950	9372
6950	9519
6950	9599
6950	9738
6950	9776
6960	286
6960	2928
6960	5927
6960	9317
6960	9505
6960	9562
6960	9644
6972	5654
6972	6820
6972	7656
6972	7970
6972	8317
6979	4787
6979	5833
6979	7439
6979	9090
7005	7317
7005	9494
7005	9621
7005	10000
7018	6578
7018	6599
7018	6726
7018	7790
7018	7816
7018	9646
7018	9932
7020	5292
7020	7450
7020	9057
7020	9427
7020	9954
7028	371
7028	5096
7028	5989
7028	7340
7028	8280
7028	8411
7028	8745
7028	9757
7028	9864
7028	9918
7052	4455
7052	4758
7052	7166
7052	9895
7053	6075
7053	6599
7053	7121
7053	8170
7053	9004
7053	9595
7053	9987
7069	6393
7069	6852
7069	9793
7073	5130
7073	9982
7079	5768
7079	8872
7080	8355
7080	8670
7080	9026
7080	9936
7082	2746
7082	6187
7082	9466
7082	9678
7082	9773
7082	9919
7082	9982
7083	1642
7083	9517
7083	9856
7101	6644
7101	8651
7102	181
7102	1273
7102	1428
7102	3331
7102	4617
7102	5471
7102	5880
7102	6599
7102	6814
7102	7307
7102	7339
7102	7554
7102	7626
7102	7790
7102	8099
7102	8430
7102	9548
7121	5617
7121	6638
7121	7053
7122	4498
7122	9040
7122	9573
7130	5547
7130	6191
7130	9644
7138	9334
7140	6117
7140	8305
7140	9211
7140	9678
7140	9809
7157	5520
7157	8331
7157	9280
7157	9435
7159	298
7159	1317
7159	3817
7159	7180
7159	9231
7159	9519
7159	9632
7162	3119
7162	5654
7162	7656
7162	8317
7162	9031
7162	9595
7162	9964
7164	2858
7164	7190
7164	7221
7164	9829
7164	9975
7166	371
7166	7052
7166	7946
7166	9863
7166	9895
7167	1271
7167	4787
7167	6059
7167	7302
7167	8503
7180	159
7180	813
7180	6118
7180	7159
7180	8206
7180	9128
7180	9340
7180	9372
7180	9573
7186	6607
7186	7631
7186	8305
7186	9300
7189	4758
7189	9517
7189	9972
7190	444
7190	2805
7190	4842
7190	6007
7190	6135
7190	6412
7190	7164
7190	7962
7190	8039
7190	9211
7190	9363
7190	9855
7194	3332
7194	7421
7194	8872
7194	9006
7194	9233
7200	2967
7204	134
7204	7554
7210	818
7210	3607
7210	8300
7210	9653
7221	2367
7221	5862
7221	6007
7221	7164
7221	7575
7221	8039
7221	8543
7221	9829
7230	7354
7230	8314
7230	8969
7230	9574
7232	5880
7232	7296
7232	7956
7232	8884
7232	8948
7232	9564
7234	3672
7234	5363
7234	7425
7234	8998
7234	9231
7234	9319
7234	9372
7234	9461
7234	9519
7234	9599
7234	9738
7234	9776
7234	9793
7252	134
7252	169
7252	9040
7282	1835
7282	2482
7282	4617
7282	5917
7282	6341
7282	8213
7282	9775
7282	9918
7285	8834
7285	9567
7290	9298
7290	9634
7290	9683
7291	3184
7291	5329
7291	5833
7291	9922
7292	2028
7292	6877
7292	7882
7292	7961
7292	8555
7292	8578
7292	8973
7292	8986
7296	3465
7296	5242
7296	6204
7296	6462
7296	7232
7296	7468
7296	8884
7296	9709
7302	6008
7302	7167
7302	9854
7307	7102
7312	2455
7312	2528
7312	5005
7312	7862
7312	8061
7312	8646
7312	8769
7312	9823
7317	496
7317	2546
7317	4230
7317	4611
7317	5057
7317	5282
7317	5818
7317	7005
7327	5152
7327	6008
7327	9397
7327	9683
7329	3483
7329	3604
7329	6549
7329	8082
7329	9793
7339	7102
7339	9810
7340	3648
7340	5536
7340	7028
7340	9687
7354	6007
7354	7230
7363	3167
7363	6041
7382	298
7382	7640
7382	9554
7382	9607
7382	9678
7382	9773
7382	9919
7382	9967
7393	9437
7393	9656
7395	7612
7395	8019
7395	8501
7395	9649
7408	4540
7408	8356
7408	8468
7408	8582
7408	8861
7408	9160
7409	2662
7409	4910
7409	6762
7409	9864
7415	1383
7415	5950
7415	9233
7415	9370
7421	813
7421	7194
7421	9268
7421	9682
7425	4886
7425	6838
7425	7234
7425	8587
7425	9058
7425	9346
7425	9474
7425	9793
7439	3954
7439	4787
7439	6979
7439	7795
7439	8906
7439	9090
7439	9554
7450	6920
7450	7020
7450	7625
7450	9427
7450	9947
7450	9954
7454	3872
7454	9606
7454	9621
7454	9988
7466	6135
7466	8941
7466	8998
7466	9071
7466	9879
7468	2441
7468	4384
7468	4608
7468	4916
7468	6593
7468	7296
7468	7956
7468	8745
7468	9211
7468	9863
7468	9934
7483	2074
7483	6890
7483	8296
7483	8381
7483	8670
7483	9682
7510	732
7510	9041
7511	5891
7511	8292
7511	9850
7518	3003
7518	4540
7518	6381
7518	8356
7518	8383
7518	8468
7518	8582
7525	9315
7526	3190
7526	8639
7526	9694
7536	8055
7536	9040
7536	9231
7536	9988
7541	5814
7541	7939
7541	8680
7541	9900
7547	248
7547	3819
7547	6446
7554	7102
7554	7204
7554	9995
7563	9004
7575	4786
7575	5862
7575	6007
7575	7221
7585	8371
7592	928
7592	1169
7592	3742
7592	5826
7592	7909
7592	9102
7592	9437
7592	9678
7592	9683
7592	9758
7592	9975
7604	6166
7612	7395
7619	1409
7619	5826
7619	7939
7619	9331
7619	9472
7621	4328
7621	6412
7621	8102
7621	9315
7621	9973
7623	3787
7623	4838
7623	8102
7623	9628
7625	2817
7625	3695
7625	7450
7625	9601
7626	3914
7626	4192
7626	6578
7626	6742
7626	7102
7626	7816
7626	7890
7626	8430
7626	8807
7626	9507
7626	9554
7626	9758
7631	7186
7631	9300
7631	9646
7635	6593
7635	8045
7635	9628
7635	9883
7639	8213
7639	8555
7639	9248
7639	9370
7639	9380
7639	9554
7639	9678
7639	9764
7640	402
7640	3954
7640	7382
7640	9370
7640	9380
7640	9554
7640	9567
7640	9678
7640	9764
7640	9773
7640	9919
7641	5883
7641	6890
7641	9040
7651	5617
7651	5634
7651	9854
7656	208
7656	6972
7656	7162
7656	7970
7656	8317
7656	8792
7656	8908
7656	9607
7660	3648
7660	4141
7660	6408
7660	8780
7660	9509
7660	9607
7660	9678
7660	9764
7660	9773
7660	9919
7661	1317
7661	6498
7661	9509
7661	9628
7661	9851
7685	4753
7685	5297
7685	6293
7685	6688
7692	6433
7692	7918
7734	4551
7734	9864
7743	2369
7743	8668
7743	9751
7764	4886
7764	6885
7764	7955
7764	9058
7764	9474
7764	9581
7790	7018
7790	7102
7790	8123
7790	9248
7790	9507
7792	3405
7792	4337
7792	5482
7792	5622
7792	6742
7792	8123
7792	8300
7792	8948
7792	9290
7792	9352
7795	4787
7795	7439
7795	9090
7816	848
7816	3876
7816	5880
7816	7018
7816	7626
7816	9434
7816	9976
7819	5520
7823	5150
7823	8169
7848	8503
7848	9216
7848	9751
7856	5150
7856	5292
7856	6452
7856	8801
7856	9427
7856	9947
7857	2889
7859	2028
7859	2536
7859	2935
7859	5152
7859	8906
7859	9661
7859	9837
7861	1320
7861	1498
7861	4154
7861	6531
7861	6838
7861	6891
7861	9219
7861	9526
7861	9775
7861	9810
7861	9864
7861	9918
7862	6057
7862	7312
7862	8769
7862	9794
7862	9851
7882	6877
7882	7292
7882	8123
7882	8292
7882	8578
7882	8986
7882	9041
7882	9450
7882	9973
7883	6341
7883	9663
7883	9775
7883	9883
7890	3331
7890	4192
7890	4256
7890	6599
7890	7626
7890	8895
7890	9115
7890	9507
7892	3914
7892	8639
7897	6877
7904	8635
7904	8769
7904	8928
7904	9302
7904	9315
7904	9856
7909	6803
7909	7592
7909	9102
7909	9437
7909	9450
7909	9683
7909	9758
7915	377
7915	9160
7915	9464
7918	4611
7918	5057
7918	5818
7918	7692
7918	9230
7939	150
7939	2664
7939	4937
7939	5271
7939	7541
7939	7619
7939	9040
7940	8076
7940	8371
7940	8999
7940	9028
7940	9771
7940	9793
7946	4941
7946	7166
7946	7975
7946	8801
7955	2613
7955	6885
7955	7764
7955	9346
7955	9474
7955	9581
7956	7232
7956	7468
7956	8737
7956	8884
7956	8946
7956	9683
7956	9956
7961	4916
7961	6609
7961	6877
7961	7292
7961	8292
7961	8986
7961	9335
7961	9450
7961	9954
7962	4786
7962	5862
7962	6688
7962	7190
7962	8039
7962	9829
7964	8983
7964	9947
7968	3891
7968	9596
7970	6972
7970	7656
7970	8317
7970	9031
7975	6313
7975	7946
7975	9098
7975	9233
7987	8196
7987	9646
7987	9886
8019	3482
8019	3911
8019	7395
8019	8892
8029	9766
8029	9794
8036	3618
8036	8048
8036	8213
8036	8282
8036	9679
8039	2858
8039	3243
8039	5891
8039	6412
8039	7190
8039	7221
8039	7962
8039	9829
8040	8639
8040	9144
8040	9319
8040	9528
8040	9694
8042	8282
8042	8331
8042	9497
8042	9661
8042	9837
8044	8503
8044	9216
8044	9751
8044	9923
8045	3007
8045	7635
8045	9573
8045	9883
8048	3190
8048	3595
8048	4808
8048	8036
8048	9394
8048	9679
8055	7536
8055	8899
8061	5818
8061	6057
8061	7312
8061	8503
8061	8769
8061	9794
8061	9823
8061	9888
8068	5814
8068	9932
8071	4983
8071	5005
8071	6502
8071	9794
8071	9900
8076	207
8076	7940
8076	8371
8076	8802
8076	8908
8076	9028
8076	9130
8076	9331
8076	9771
8076	9793
8082	7329
8082	9409
8082	9727
8088	4707
8088	9679
8099	3980
8099	7102
8099	9429
8102	1912
8102	3787
8102	4328
8102	7621
8102	7623
8109	3769
8109	5149
8109	6157
8109	9335
8109	9567
8109	9634
8123	4075
8123	6578
8123	7790
8123	7792
8123	7882
8123	8807
8128	1999
8128	6222
8128	8639
8138	9628
8138	9778
8142	6007
8142	8548
8142	8611
8142	8845
8162	9298
8162	9620
8162	9649
8169	5785
8169	7823
8169	9886
8170	7053
8180	3361
8180	8602
8180	9144
8180	9712
8196	7987
8196	8554
8196	8639
8196	8892
8196	9968
8198	4328
8198	4675
8198	5826
8198	8801
8198	9424
8206	2817
8206	3817
8206	5891
8206	7180
8206	8859
8206	8971
8206	9340
8206	9461
8206	9519
8206	9599
8206	9632
8213	3190
8213	6852
8213	7282
8213	7639
8213	8036
8213	8296
8213	9679
8213	9682
8213	9953
8229	3872
8229	9606
8229	9904
8229	9988
8233	2613
8233	3023
8233	9425
8233	9854
8235	464
8235	9833
8235	9904
8235	9923
8235	9995
8261	4552
8261	5932
8261	9313
8270	3023
8270	8278
8270	9833
8270	9904
8270	9923
8278	3023
8278	3686
8278	8270
8278	9833
8278	9863
8280	1928
8280	3891
8280	4000
8280	5481
8280	6531
8280	7028
8280	9219
8280	9546
8280	9606
8280	9628
8280	9757
8280	9864
8280	9918
8282	3230
8282	5005
8282	5863
8282	6483
8282	8036
8282	8042
8282	8906
8282	9084
8282	9661
8282	9837
8292	6877
8292	7511
8292	7882
8292	7961
8292	8578
8292	8986
8292	9317
8292	9450
8296	1632
8296	4501
8296	7483
8296	8213
8296	8381
8296	8670
8296	9026
8296	9973
8300	4337
8300	5547
8300	7210
8300	7792
8300	8884
8300	9352
8305	1383
8305	1642
8305	3115
8305	6607
8305	7140
8305	7186
8305	9429
8314	402
8314	7230
8314	9056
8317	2790
8317	3361
8317	3909
8317	6972
8317	7162
8317	7656
8317	7970
8317	9031
8317	9919
8322	783
8322	5158
8322	8356
8322	8857
8322	8928
8322	9786
8322	9976
8331	3871
8331	3954
8331	5876
8331	6294
8331	7157
8331	8042
8331	9058
8331	9280
8340	207
8340	5617
8340	5621
8340	9317
8340	9505
8340	9562
8340	9599
8340	9923
8355	4551
8355	4886
8355	5299
8355	6807
8355	7080
8355	9372
8355	9450
8355	9519
8355	9594
8355	9599
8355	9738
8355	9776
8356	1712
8356	2175
8356	2323
8356	2496
8356	5847
8356	7408
8356	7518
8356	8322
8356	8383
8356	8731
8356	9776
8356	9778
8371	265
8371	439
8371	537
8371	3167
8371	3309
8371	5041
8371	5319
8371	5795
8371	5883
8371	6211
8371	6653
8371	6688
8371	7585
8371	7940
8371	8076
8371	8469
8371	8802
8371	8999
8371	9028
8371	9104
8371	9771
8371	9793
8380	4811
8380	6593
8380	8407
8380	8908
8380	9654
8380	9932
8381	6890
8381	7483
8381	8296
8381	9004
8381	9384
8381	9973
8383	2175
8383	4540
8383	4886
8383	5917
8383	5950
8383	7518
8383	8356
8383	8896
8383	9153
8383	9970
8385	3200
8385	4121
8385	5439
8385	8899
8385	8957
8385	9084
8385	9594
8385	9687
8385	9953
8385	10000
8388	4910
8388	9457
8388	9864
8388	9987
8388	9995
8407	3307
8407	5093
8407	5499
8407	8380
8407	8554
8407	9102
8411	3033
8411	7028
8411	9540
8412	9289
8412	9313
8412	9793
8412	9934
8420	8959
8420	9572
8420	9968
8421	5891
8430	4075
8430	7102
8430	7626
8430	8807
8430	9507
8430	9853
8456	4811
8456	9888
8462	232
8462	2855
8462	8547
8462	8907
8462	9795
8468	3003
8468	7408
8468	7518
8468	8582
8468	8731
8468	9153
8468	9970
8469	2318
8469	8371
8469	8959
8469	9596
8501	3167
8501	3817
8501	7395
8501	8907
8503	6187
8503	6852
8503	7167
8503	7848
8503	8044
8503	8061
8503	9216
8503	9751
8512	4690
8512	5818
8512	9511
8512	9922
8543	2367
8543	4842
8543	5471
8543	5891
8543	7221
8543	9474
8543	9829
8547	6157
8547	8462
8547	9718
8548	5741
8548	8142
8548	8845
8554	298
8554	1928
8554	5041
8554	5093
8554	6683
8554	8196
8554	8407
8555	7292
8555	7639
8555	9519
8555	9888
8572	3218
8572	9394
8572	9464
8578	2028
8578	3911
8578	6186
8578	6223
8578	6877
8578	7292
8578	7882
8578	8292
8578	8872
8578	8948
8578	8986
8578	9218
8578	9450
8580	9085
8580	9727
8580	9886
8582	7408
8582	7518
8582	8468
8582	9115
8582	9153
8582	9370
8587	5681
8587	6341
8587	7425
8587	8635
8602	8180
8602	9678
8602	9970
8611	1301
8611	4000
8611	5372
8611	5915
8611	8142
8611	9634
8611	9898
8635	5041
8635	7904
8635	8587
8635	8928
8635	8999
8635	9380
8635	9856
8639	7526
8639	7892
8639	8040
8639	8128
8639	8196
8639	8678
8639	8738
8639	9084
8639	9694
8646	4093
8646	7312
8646	9953
8651	3230
8651	7101
8651	9474
8668	6619
8668	7743
8668	9031
8668	9461
8668	9733
8670	1653
8670	4758
8670	7080
8670	7483
8670	8296
8670	9004
8670	9026
8670	9973
8674	3980
8674	5638
8674	6381
8674	9151
8674	9380
8674	9894
8678	5108
8678	5785
8678	6852
8678	8639
8678	9000
8678	9319
8678	9476
8678	9694
8678	9886
8680	6057
8680	6408
8680	7541
8680	9002
8680	9794
8680	9823
8680	9851
8688	6204
8688	8994
8688	9104
8688	9868
8689	3720
8689	6288
8689	9853
8724	612
8724	4524
8724	5547
8724	5638
8724	8834
8724	9058
8724	9315
8724	9934
8731	5915
8731	8356
8731	8468
8731	9572
8737	1090
8737	1428
8737	4000
8737	4027
8737	7956
8737	9786
8737	9809
8737	9898
8738	1835
8738	6822
8738	8639
8738	9319
8738	9694
8738	9886
8740	6007
8740	9092
8740	9733
8740	9956
8745	848
8745	6822
8745	7028
8745	7468
8769	897
8769	2528
8769	7312
8769	7862
8769	7904
8769	8061
8769	9678
8769	9794
8769	9823
8769	9851
8780	346
8780	4141
8780	6234
8780	7660
8780	8999
8780	9319
8780	9370
8780	9380
8780	9409
8780	9425
8780	9509
8780	9678
8780	9919
8780	9967
8792	167
8792	1061
8792	7656
8792	8957
8792	9687
8792	9809
8792	9847
8801	4941
8801	7856
8801	7946
8801	8198
8802	3309
8802	6391
8802	8076
8802	8371
8802	9028
8802	9771
8802	9793
8807	4075
8807	5471
8807	5880
8807	7626
8807	8123
8807	8430
8807	9363
8807	9472
8807	9507
8824	265
8824	9003
8824	9628
8824	9634
8824	9810
8834	3135
8834	4842
8834	6391
8834	7285
8834	8724
8834	9567
8834	9919
8839	3157
8839	8895
8839	9218
8839	9231
8839	9275
8839	9384
8839	9947
8845	6650
8845	6822
8845	8142
8845	8548
8845	9040
8854	4941
8854	6223
8857	6807
8857	8322
8857	9056
8857	9599
8859	2369
8859	5363
8859	6681
8859	8206
8859	9231
8859	9519
8859	9599
8859	9632
8859	9776
8861	3720
8861	6742
8861	7408
8861	9031
8861	9115
8861	9232
8861	9764
8872	3945
8872	7079
8872	7194
8872	8578
8872	9718
8878	9548
8878	9601
8878	9646
8878	9821
8884	2441
8884	3797
8884	7232
8884	7296
8884	7956
8884	8300
8892	5883
8892	6726
8892	6930
8892	8019
8892	8196
8892	8908
8895	1209
8895	1216
8895	3037
8895	3695
8895	4495
8895	4730
8895	5107
8895	6670
8895	6933
8895	7890
8895	8839
8895	9056
8895	9852
8896	8383
8896	9457
8896	9727
8898	5149
8898	9367
8898	9654
8898	9810
8899	3200
8899	5501
8899	8055
8899	8385
8899	8957
8899	9718
8899	10000
8906	7439
8906	7859
8906	8282
8906	9661
8906	9837
8907	232
8907	4842
8907	5734
8907	8462
8907	8501
8908	3007
8908	5883
8908	7656
8908	8076
8908	8380
8908	8892
8908	9006
8908	9313
8908	9733
8908	9795
8928	248
8928	7904
8928	8322
8928	8635
8928	9856
8941	3434
8941	5917
8941	7466
8941	9632
8941	9766
8946	5363
8946	5669
8946	7956
8946	9810
8946	9922
8948	3307
8948	5669
8948	7232
8948	7792
8948	8578
8948	9254
8948	9425
8948	9687
8948	9853
8955	6890
8955	9825
8957	8385
8957	8792
8957	8899
8957	9718
8957	10000
8959	6950
8959	8420
8959	8469
8959	9932
8969	1763
8969	7230
8969	8971
8969	8973
8969	9361
8969	9528
8969	9560
8969	9574
8971	8206
8971	8969
8971	9788
8971	9987
8973	7292
8973	8969
8973	9331
8973	9773
8983	1985
8983	3516
8983	7964
8986	6689
8986	6877
8986	7292
8986	7882
8986	7961
8986	8292
8986	8578
8986	9450
8988	2021
8988	3465
8988	4794
8988	5950
8988	9580
8988	9788
8988	9939
8994	6531
8994	8688
8994	9073
8994	9233
8998	7234
8998	7466
8999	439
8999	3309
8999	6285
8999	6653
8999	7940
8999	8371
8999	8635
8999	8780
8999	9028
8999	9771
8999	9793
9000	394
9000	2323
9000	3323
9000	3405
9000	3904
9000	4501
9000	5734
9000	5785
9000	8678
9000	9788
9000	9833
9001	2323
9001	9130
9001	9686
9002	4762
9002	8680
9002	9459
9002	9794
9002	9823
9002	9851
9003	3797
9003	8824
9003	9233
9003	9573
9003	9967
9004	181
9004	2074
9004	4501
9004	6890
9004	7053
9004	7563
9004	8381
9004	8670
9004	9026
9004	9973
9006	6118
9006	7194
9006	8908
9006	9300
9006	9461
9026	971
9026	4758
9026	6890
9026	7080
9026	8296
9026	8670
9026	9004
9026	9973
9028	537
9028	3309
9028	7940
9028	8076
9028	8371
9028	8802
9028	8999
9028	9687
9028	9771
9028	9793
9031	3909
9031	5654
9031	7162
9031	7970
9031	8317
9031	8668
9031	8861
9040	134
9040	259
9040	2664
9040	5271
9040	5642
9040	5826
9040	5932
9040	7122
9040	7252
9040	7536
9040	7641
9040	7939
9040	8845
9040	9331
9041	6607
9041	7510
9041	7882
9041	9663
9041	9773
9042	928
9042	5883
9042	6933
9042	9662
9042	9956
9056	936
9056	1896
9056	2051
9056	3037
9056	3200
9056	3695
9056	4491
9056	4495
9056	4730
9056	5107
9056	6670
9056	6933
9056	8314
9056	8857
9056	8895
9056	9852
9057	5150
9057	7020
9057	9231
9057	9427
9057	9947
9057	9954
9058	4086
9058	5617
9058	7425
9058	7764
9058	8331
9058	8724
9058	9474
9058	9548
9058	9581
9058	9727
9069	9298
9069	9850
9071	3604
9071	7466
9073	207
9073	1902
9073	5363
9073	8994
9073	9894
9084	8282
9084	8385
9084	8639
9085	2482
9085	5741
9085	8580
9090	835
9090	6186
9090	6979
9090	7439
9090	7795
9092	3607
9092	4808
9092	5259
9092	6482
9092	8740
9092	9709
9092	9733
9092	9956
9098	169
9098	464
9098	3756
9098	4177
9098	5705
9098	7975
9102	2726
9102	3949
9102	6483
9102	6803
9102	7592
9102	7909
9102	8407
9102	9437
9102	9683
9102	9758
9102	9779
9102	9968
9104	5915
9104	8371
9104	8688
9104	9902
9104	9972
9115	7890
9115	8582
9115	8861
9115	9313
9128	2369
9128	3309
9128	5152
9128	6166
9128	6452
9128	6882
9128	7180
9128	9340
9128	9461
9128	9519
9128	9599
9128	9632
9128	9738
9128	9776
9130	5915
9130	8076
9130	9001
9130	9219
9135	5883
9135	6930
9135	9313
9135	9594
9135	9795
9139	4328
9139	9472
9139	9581
9139	9972
9144	298
9144	5826
9144	8040
9144	8180
9144	9472
9144	9511
9151	1883
9151	5150
9151	5622
9151	8674
9151	9795
9153	1712
9153	4540
9153	5917
9153	6814
9153	6877
9153	8383
9153	8468
9153	8582
9153	9254
9153	9464
9160	2533
9160	3686
9160	5242
9160	5582
9160	5634
9160	7408
9160	7915
9211	7140
9211	7190
9211	7468
9211	9687
9216	3003
9216	7848
9216	8044
9216	8503
9216	9474
9216	9751
9216	9995
9218	3157
9218	6485
9218	6874
9218	8578
9218	8839
9218	9275
9218	9521
9219	1498
9219	3007
9219	4154
9219	5481
9219	5989
9219	6385
9219	6531
9219	7861
9219	8280
9219	9130
9219	9628
9219	9757
9219	9918
9228	3665
9228	6681
9228	9520
9228	9939
9230	3140
9230	4230
9230	4611
9230	5282
9230	5818
9230	5898
9230	7918
9230	9970
9231	159
9231	3595
9231	3817
9231	4491
9231	4551
9231	6681
9231	7159
9231	7234
9231	7536
9231	8839
9231	8859
9231	9057
9231	9372
9231	9461
9231	9519
9231	9632
9231	9681
9231	9738
9231	9988
9232	8861
9232	9315
9232	9810
9233	214
9233	402
9233	7194
9233	7415
9233	7975
9233	8994
9233	9003
9233	9509
9247	3672
9247	6166
9247	9409
9247	9921
9248	402
9248	2746
9248	6187
9248	7639
9248	7790
9248	9370
9248	9425
9248	9607
9248	9773
9248	9919
9248	9967
9254	813
9254	3945
9254	8948
9254	9153
9264	3595
9264	4734
9264	9335
9268	813
9268	7421
9275	6874
9275	8839
9275	9218
9275	9995
9280	2536
9280	3871
9280	6313
9280	7157
9280	8331
9280	9982
9289	8412
9289	9361
9290	5617
9290	7792
9290	9317
9290	9505
9290	9562
9290	9644
9298	3023
9298	4000
9298	5634
9298	5772
9298	6416
9298	7290
9298	8162
9298	9069
9298	9733
9300	223
9300	2496
9300	4808
9300	5862
9300	7186
9300	7631
9300	9006
9300	9429
9300	9520
9302	248
9302	7904
9302	9476
9302	9856
9313	2186
9313	5642
9313	5883
9313	6726
9313	6930
9313	8261
9313	8412
9313	8908
9313	9115
9313	9135
9313	9594
9313	9795
9315	412
9315	1613
9315	2541
9315	2790
9315	3258
9315	3933
9315	4887
9315	5826
9315	7525
9315	7621
9315	7904
9315	8724
9315	9232
9315	9764
9317	3434
9317	3604
9317	5617
9317	6960
9317	8292
9317	8340
9317	9290
9317	9505
9317	9540
9317	9620
9317	9644
9317	9683
9319	7234
9319	8040
9319	8678
9319	8738
9319	8780
9319	9886
9331	2664
9331	5271
9331	5932
9331	7619
9331	8076
9331	8973
9331	9040
9331	9466
9334	880
9334	2546
9334	2762
9334	3862
9334	4341
9334	4758
9334	5068
9334	5142
9334	6433
9334	6890
9334	6916
9334	7138
9335	6590
9335	7961
9335	8109
9335	9264
9335	9472
9340	1613
9340	2369
9340	2817
9340	3595
9340	3909
9340	6135
9340	6807
9340	7180
9340	8206
9340	9128
9340	9461
9340	9519
9340	9596
9340	9599
9340	9632
9340	9687
9340	9776
9346	3876
9346	4886
9346	6338
9346	6838
9346	7425
9346	7955
9346	9474
9346	9581
9352	2536
9352	3405
9352	6294
9352	7792
9352	8300
9352	9564
9357	5372
9361	4500
9361	6135
9361	8969
9361	9289
9361	9528
9361	9560
9363	4959
9363	7190
9363	8807
9363	9609
9363	9737
9363	9825
9363	9967
9367	5152
9367	5818
9367	6638
9367	8898
9367	9581
9370	6762
9370	7415
9370	7639
9370	7640
9370	8582
9370	8780
9370	9248
9370	9380
9370	9425
9370	9554
9370	9573
9370	9607
9370	9678
9370	9727
9370	9764
9370	9773
9370	9919
9370	9967
9372	1317
9372	1985
9372	3595
9372	5242
9372	5814
9372	6950
9372	7180
9372	7234
9372	8355
9372	9231
9372	9394
9372	9461
9372	9599
9372	9632
9372	9738
9372	9775
9377	835
9377	1428
9377	4378
9380	3167
9380	3361
9380	4141
9380	7639
9380	7640
9380	8635
9380	8674
9380	8780
9380	9370
9380	9509
9380	9607
9380	9764
9380	9919
9380	9967
9384	5977
9384	8381
9384	8839
9394	3190
9394	8048
9394	8572
9394	9372
9394	9663
9394	9679
9394	9939
9397	7327
9409	2529
9409	3813
9409	8082
9409	8780
9409	9247
9409	9727
9414	3672
9414	9520
9414	9809
9420	1765
9420	2528
9420	9459
9424	4941
9424	8198
9424	9427
9424	9520
9424	9601
9425	4093
9425	5138
9425	8233
9425	8780
9425	8948
9425	9248
9425	9370
9425	9509
9425	9554
9425	9607
9425	9678
9425	9773
9425	9919
9425	9967
9427	466
9427	2770
9427	5292
9427	7020
9427	7450
9427	7856
9427	9057
9427	9424
9427	9863
9427	9919
9427	9947
9427	9954
9429	1642
9429	5393
9429	6607
9429	8099
9429	8305
9429	9300
9429	9520
9434	7816
9434	9528
9434	9771
9435	2253
9435	7157
9435	9521
9437	1120
9437	2726
9437	4370
9437	6052
9437	6483
9437	6803
9437	7393
9437	7592
9437	7909
9437	9102
9437	9609
9437	9683
9437	9758
9450	2028
9450	6877
9450	7882
9450	7909
9450	7961
9450	8292
9450	8355
9450	8578
9450	8986
9457	8388
9457	8896
9457	9895
9459	2817
9459	5520
9459	5617
9459	9002
9459	9420
9459	9662
9461	159
9461	2369
9461	3224
9461	3650
9461	5152
9461	6452
9461	6681
9461	7234
9461	8206
9461	8668
9461	9006
9461	9128
9461	9231
9461	9340
9461	9372
9461	9519
9461	9564
9461	9632
9461	9738
9461	9988
9464	377
9464	4787
9464	7915
9464	8572
9464	9153
9464	9968
9466	7082
9466	9331
9466	9809
9466	9864
9472	3200
9472	5768
9472	7619
9472	8807
9472	9139
9472	9144
9472	9335
9472	9786
9472	9883
9474	394
9474	3876
9474	3891
9474	4886
9474	6838
9474	6885
9474	7425
9474	7764
9474	7955
9474	8543
9474	8651
9474	9058
9474	9216
9474	9346
9474	9581
9476	6644
9476	8678
9476	9302
9476	9853
9494	3686
9494	5863
9494	7005
9494	9621
9494	9898
9497	259
9497	6391
9497	8042
9497	9702
9505	612
9505	5617
9505	5621
9505	6288
9505	6960
9505	8340
9505	9290
9505	9317
9505	9562
9505	9644
9505	9954
9505	9990
9507	1793
9507	3331
9507	5734
9507	6814
9507	7626
9507	7790
9507	7890
9507	8430
9507	8807
9507	9580
9507	9601
9509	6187
9509	7660
9509	7661
9509	8780
9509	9233
9509	9380
9509	9425
9509	9554
9509	9607
9509	9764
9509	9773
9509	9919
9509	9967
9511	3980
9511	4690
9511	5536
9511	8512
9511	9144
9517	5891
9517	7083
9517	7189
9519	1317
9519	2817
9519	4551
9519	5482
9519	5643
9519	6807
9519	6950
9519	7159
9519	7234
9519	8206
9519	8355
9519	8555
9519	8859
9519	9128
9519	9231
9519	9340
9519	9461
9519	9599
9519	9632
9519	9738
9519	9776
9519	9825
9519	9953
9520	1642
9520	6607
9520	9228
9520	9300
9520	9414
9520	9424
9520	9429
9520	9967
9521	2253
9521	5577
9521	9218
9521	9435
9526	5976
9526	7861
9528	5199
9528	8040
9528	8969
9528	9361
9528	9434
9528	9546
9528	9560
9528	9574
9540	3224
9540	3307
9540	6609
9540	8411
9540	9317
9546	8280
9546	9528
9548	7102
9548	8878
9548	9058
9548	9601
9548	9646
9548	9821
9554	4093
9554	4141
9554	5138
9554	5275
9554	6187
9554	6472
9554	7382
9554	7439
9554	7626
9554	7639
9554	7640
9554	9370
9554	9425
9554	9509
9554	9594
9554	9607
9554	9678
9554	9764
9560	1883
9560	4500
9560	5199
9560	8969
9560	9361
9560	9528
9560	9964
9562	3434
9562	6482
9562	6877
9562	6960
9562	8340
9562	9290
9562	9505
9562	9904
9564	2088
9564	2726
9564	3190
9564	5199
9564	6590
9564	7232
9564	9352
9564	9461
9567	377
9567	7285
9567	7640
9567	8109
9567	8834
9572	5638
9572	6884
9572	8420
9572	8731
9572	9902
9573	4121
9573	6187
9573	6285
9573	7122
9573	7180
9573	8045
9573	9003
9573	9370
9573	9855
9573	9898
9574	7230
9574	8969
9574	9528
9580	6446
9580	8988
9580	9507
9580	9596
9580	9855
9581	2613
9581	4886
9581	6885
9581	7764
9581	7955
9581	9058
9581	9139
9581	9346
9581	9367
9581	9474
9587	9682
9587	9751
9587	9879
9594	2848
9594	6726
9594	8355
9594	8385
9594	9135
9594	9313
9594	9554
9594	9596
9594	9795
9594	9898
9595	7053
9595	7162
9596	6891
9596	7968
9596	8469
9596	9340
9596	9580
9596	9594
9599	5814
9599	6277
9599	6452
9599	6681
9599	6950
9599	7234
9599	8206
9599	8340
9599	8355
9599	8857
9599	8859
9599	9128
9599	9340
9599	9372
9599	9519
9599	9632
9599	9709
9599	9738
9599	9776
9601	1896
9601	3870
9601	7625
9601	8878
9601	9424
9601	9507
9601	9548
9601	9646
9601	9968
9604	1712
9604	2378
9604	9779
9604	9986
9606	3872
9606	7454
9606	8229
9606	8280
9606	9988
9607	3607
9607	3980
9607	4734
9607	5158
9607	7382
9607	7656
9607	7660
9607	9248
9607	9370
9607	9380
9607	9425
9607	9509
9607	9554
9607	9678
9607	9764
9607	9773
9607	9919
9607	9967
9609	2848
9609	9363
9609	9437
9609	9936
9620	4000
9620	8162
9620	9317
9620	9649
9620	9709
9620	9728
9621	3140
9621	4886
9621	6650
9621	7005
9621	7454
9621	9494
9621	9771
9628	1704
9628	3007
9628	3542
9628	3891
9628	4916
9628	5481
9628	5989
9628	6531
9628	7623
9628	7635
9628	7661
9628	8138
9628	8280
9628	8824
9628	9219
9628	9757
9628	9864
9632	2455
9632	3595
9632	5363
9632	6135
9632	6277
9632	6452
9632	6807
9632	7159
9632	8206
9632	8859
9632	8941
9632	9128
9632	9231
9632	9340
9632	9372
9632	9461
9632	9519
9632	9599
9632	9776
9634	6222
9634	7290
9634	8109
9634	8611
9634	8824
9644	5617
9644	6960
9644	7130
9644	9290
9644	9317
9644	9505
9646	3870
9646	7018
9646	7631
9646	7987
9646	8878
9646	9548
9646	9601
9646	9809
9646	9821
9647	1330
9647	3483
9647	3628
9647	6485
9649	3872
9649	7395
9649	8162
9649	9620
9649	9738
9649	9947
9653	346
9653	7210
9653	9712
9654	1747
9654	1763
9654	4540
9654	5292
9654	8380
9654	8898
9654	9953
9656	4551
9656	6644
9656	7393
9661	2536
9661	7859
9661	8042
9661	8282
9661	8906
9661	9837
9661	9864
9661	9888
9661	10000
9662	835
9662	9042
9662	9459
9662	9956
9663	5818
9663	6745
9663	7883
9663	9041
9663	9394
9663	9823
9678	2746
9678	4093
9678	5138
9678	5536
9678	7082
9678	7140
9678	7382
9678	7592
9678	7639
9678	7640
9678	7660
9678	8602
9678	8769
9678	8780
9678	9370
9678	9425
9678	9554
9678	9607
9678	9766
9678	9773
9678	9854
9678	9919
9678	9967
9678	9968
9679	2500
9679	3190
9679	8036
9679	8048
9679	8088
9679	8213
9679	9394
9681	1130
9681	2889
9681	6223
9681	9231
9682	7421
9682	7483
9682	8213
9682	9587
9682	9788
9682	9922
9683	1757
9683	2726
9683	6483
9683	6803
9683	7290
9683	7327
9683	7592
9683	7909
9683	7956
9683	9102
9683	9317
9683	9437
9683	9758
9686	122
9686	5372
9686	9001
9686	9902
9687	6529
9687	6877
9687	7340
9687	8385
9687	8792
9687	8948
9687	9028
9687	9211
9687	9340
9694	5785
9694	7526
9694	8040
9694	8639
9694	8678
9694	8738
9694	9886
9702	612
9702	4787
9702	9497
9702	9863
9702	9936
9709	287
9709	3686
9709	7296
9709	9092
9709	9599
9709	9620
9712	2541
9712	3980
9712	6135
9712	6783
9712	8180
9712	9653
9718	849
9718	3200
9718	3241
9718	8547
9718	8872
9718	8899
9718	8957
9718	10000
9727	2363
9727	3665
9727	3813
9727	4093
9727	4381
9727	5259
9727	8082
9727	8580
9727	8896
9727	9058
9727	9370
9727	9409
9727	9973
9728	159
9728	1099
9728	3949
9728	4495
9728	6117
9728	9620
9728	9764
9728	9847
9728	9856
9728	9888
9728	9947
9733	6482
9733	8668
9733	8740
9733	8908
9733	9092
9733	9298
9733	9764
9733	9902
9733	9956
9737	5814
9737	9363
9737	9898
9738	3650
9738	5152
9738	5363
9738	5814
9738	6059
9738	6277
9738	6463
9738	6950
9738	7234
9738	8355
9738	9128
9738	9231
9738	9372
9738	9461
9738	9519
9738	9599
9738	9649
9738	9776
9738	9921
9751	1271
9751	2323
9751	4552
9751	7743
9751	7848
9751	8044
9751	8503
9751	9216
9751	9587
9757	1704
9757	3007
9757	3542
9757	3891
9757	4675
9757	5989
9757	6433
9757	7028
9757	8280
9757	9219
9757	9628
9757	9864
9757	9918
9758	928
9758	1737
9758	2726
9758	6052
9758	6483
9758	6803
9758	7592
9758	7626
9758	7909
9758	9102
9758	9437
9758	9683
9758	9863
9764	5041
9764	5818
9764	6187
9764	6234
9764	7639
9764	7640
9764	7660
9764	8861
9764	9315
9764	9370
9764	9380
9764	9509
9764	9554
9764	9607
9764	9728
9764	9733
9764	9919
9764	9967
9766	1250
9766	2967
9766	6502
9766	8029
9766	8941
9766	9678
9766	9778
9771	5196
9771	6653
9771	7940
9771	8076
9771	8371
9771	8802
9771	8999
9771	9028
9771	9434
9771	9621
9771	9793
9771	9937
9773	298
9773	402
9773	5158
9773	5977
9773	7082
9773	7382
9773	7640
9773	7660
9773	8973
9773	9041
9773	9248
9773	9370
9773	9425
9773	9509
9773	9607
9773	9678
9773	9919
9775	6341
9775	7282
9775	7861
9775	7883
9775	9372
9775	9786
9775	9894
9775	9968
9776	3618
9776	4551
9776	5814
9776	6135
9776	6452
9776	6681
9776	6950
9776	7234
9776	8355
9776	8356
9776	8859
9776	9128
9776	9340
9776	9519
9776	9599
9776	9632
9776	9738
9776	9788
9776	9825
9778	2967
9778	6057
9778	6502
9778	8138
9778	8356
9778	9766
9778	9788
9778	9851
9779	2728
9779	3872
9779	9102
9779	9604
9779	9856
9786	97
9786	2611
9786	5915
9786	6118
9786	8322
9786	8737
9786	9472
9786	9775
9786	9898
9788	2021
9788	3465
9788	3914
9788	4786
9788	8971
9788	8988
9788	9000
9788	9682
9788	9776
9788	9778
9788	9939
9793	439
9793	537
9793	2935
9793	3309
9793	5196
9793	6446
9793	6653
9793	7069
9793	7234
9793	7329
9793	7425
9793	7940
9793	8076
9793	8371
9793	8412
9793	8802
9793	8999
9793	9028
9793	9771
9794	897
9794	2528
9794	4919
9794	5761
9794	5768
9794	6024
9794	6057
9794	6191
9794	6783
9794	7862
9794	8029
9794	8061
9794	8071
9794	8680
9794	8769
9794	9002
9794	9823
9794	9851
9795	2186
9795	3115
9795	6930
9795	8462
9795	8908
9795	9135
9795	9151
9795	9313
9795	9594
9809	2077
9809	2728
9809	4959
9809	7140
9809	8737
9809	8792
9809	9414
9809	9466
9809	9646
9809	9847
9810	6670
9810	7339
9810	7861
9810	8824
9810	8898
9810	8946
9810	9232
9821	3870
9821	5142
9821	6222
9821	6681
9821	8878
9821	9548
9821	9646
9823	2088
9823	7312
9823	8061
9823	8680
9823	8769
9823	9002
9823	9663
9823	9794
9823	9851
9825	2848
9825	8955
9825	9363
9825	9519
9825	9776
9825	9953
9829	818
9829	2367
9829	2837
9829	4786
9829	4842
9829	5891
9829	6412
9829	7164
9829	7221
9829	7962
9829	8039
9829	8543
9833	1253
9833	1883
9833	2858
9833	3023
9833	4027
9833	6882
9833	8235
9833	8270
9833	8278
9833	9000
9833	9904
9833	9923
9833	9968
9833	9976
9837	1642
9837	3332
9837	6650
9837	7859
9837	8042
9837	8282
9837	8906
9837	9661
9847	181
9847	2077
9847	8792
9847	9728
9847	9809
9850	1793
9850	3604
9850	6549
9850	7511
9850	9069
9850	10000
9851	897
9851	2528
9851	6796
9851	7661
9851	7862
9851	8680
9851	8769
9851	9002
9851	9778
9851	9794
9851	9823
9852	167
9852	936
9852	1216
9852	2051
9852	2752
9852	3037
9852	3695
9852	4491
9852	4495
9852	4730
9852	5107
9852	6145
9852	6670
9852	6933
9852	8895
9852	9056
9853	3720
9853	8430
9853	8689
9853	8948
9853	9476
9853	9923
9854	7302
9854	7651
9854	8233
9854	9678
9855	6688
9855	7190
9855	9573
9855	9580
9856	248
9856	625
9856	5096
9856	6820
9856	7083
9856	7904
9856	8635
9856	8928
9856	9302
9856	9728
9856	9779
9856	9975
9863	612
9863	4707
9863	5833
9863	7166
9863	7468
9863	8278
9863	9427
9863	9702
9863	9758
9863	9936
9864	1320
9864	1498
9864	1704
9864	3007
9864	3542
9864	3891
9864	4154
9864	4328
9864	4675
9864	4916
9864	5481
9864	6531
9864	6644
9864	7028
9864	7409
9864	7734
9864	7861
9864	8280
9864	8388
9864	9466
9864	9628
9864	9661
9864	9757
9864	9918
9864	9922
9864	9995
9868	625
9868	6204
9868	8688
9868	9902
9868	9919
9879	6338
9879	7466
9879	9587
9879	9902
9879	9923
9883	7635
9883	7883
9883	8045
9883	9472
9886	5108
9886	7987
9886	8169
9886	8580
9886	8678
9886	8738
9886	9319
9886	9694
9888	4937
9888	8061
9888	8456
9888	8555
9888	9661
9888	9728
9894	1061
9894	1120
9894	4337
9894	8674
9894	9073
9894	9775
9894	9986
9895	371
9895	4455
9895	6653
9895	7052
9895	7166
9895	9457
9895	9934
9898	1301
9898	2611
9898	4000
9898	5372
9898	8611
9898	8737
9898	9494
9898	9573
9898	9594
9898	9737
9898	9786
9898	9973
9900	7541
9900	8071
9900	9970
9902	100
9902	1169
9902	3167
9902	4995
9902	5915
9902	9104
9902	9572
9902	9686
9902	9733
9902	9868
9902	9879
9904	6882
9904	8229
9904	8235
9904	8270
9904	9562
9904	9833
9904	9923
9918	1320
9918	1498
9918	3542
9918	4154
9918	4675
9918	4916
9918	5481
9918	5863
9918	5989
9918	6531
9918	6549
9918	7028
9918	7282
9918	7861
9918	8280
9918	9219
9918	9757
9918	9864
9919	612
9919	2746
9919	5158
9919	6187
9919	7082
9919	7382
9919	7640
9919	7660
9919	8317
9919	8780
9919	8834
9919	9248
9919	9370
9919	9380
9919	9425
9919	9427
9919	9509
9919	9607
9919	9678
9919	9764
9919	9773
9919	9868
9919	9956
9919	9967
9921	9247
9921	9738
9921	9947
9922	3184
9922	5329
9922	7291
9922	8512
9922	8946
9922	9682
9922	9864
9923	3023
9923	8044
9923	8235
9923	8270
9923	8340
9923	9833
9923	9853
9923	9879
9923	9904
9923	9939
9932	1273
9932	6050
9932	6644
9932	7018
9932	8068
9932	8380
9932	8959
9934	7468
9934	8412
9934	8724
9934	9895
9936	612
9936	5833
9936	7080
9936	9609
9936	9702
9936	9863
9937	6023
9937	6277
9937	9771
9939	2021
9939	3465
9939	5199
9939	8988
9939	9228
9939	9394
9939	9788
9939	9923
9943	100
9943	208
9943	5482
9943	6352
9943	6796
9947	2770
9947	5806
9947	6920
9947	7450
9947	7856
9947	7964
9947	8839
9947	9057
9947	9427
9947	9649
9947	9728
9947	9921
9947	9954
9953	286
9953	2935
9953	6391
9953	8213
9953	8385
9953	8646
9953	9519
9953	9654
9953	9825
9954	2770
9954	5150
9954	5292
9954	6381
9954	6920
9954	7020
9954	7450
9954	7961
9954	9057
9954	9427
9954	9505
9954	9947
9956	3023
9956	6482
9956	7956
9956	8740
9956	9042
9956	9092
9956	9662
9956	9733
9956	9919
9956	9976
9964	7162
9964	9560
9967	298
9967	1763
9967	3628
9967	4093
9967	5138
9967	6157
9967	6187
9967	6234
9967	7382
9967	8780
9967	9003
9967	9248
9967	9363
9967	9370
9967	9380
9967	9425
9967	9509
9967	9520
9967	9607
9967	9678
9967	9764
9967	9919
9968	3618
9968	4617
9968	5446
9968	8196
9968	8420
9968	9102
9968	9464
9968	9601
9968	9678
9968	9775
9968	9833
9970	1985
9970	8383
9970	8468
9970	8602
9970	9230
9970	9900
9972	4919
9972	5761
9972	6187
9972	7189
9972	9104
9972	9139
9973	4501
9973	4758
9973	5863
9973	6890
9973	6930
9973	7621
9973	7882
9973	8296
9973	8381
9973	8670
9973	9004
9973	9026
9973	9727
9973	9898
9975	3876
9975	7164
9975	7592
9975	9856
9976	7816
9976	8322
9976	9833
9976	9956
9982	5130
9982	6877
9982	7073
9982	7082
9982	9280
9986	287
9986	3309
9986	9604
9986	9894
9987	6008
9987	7053
9987	8388
9987	8971
9988	3872
9988	7454
9988	7536
9988	8229
9988	9231
9988	9461
9988	9606
9990	1963
9990	2363
9990	6689
9990	9505
9995	2500
9995	7554
9995	8235
9995	8388
9995	9216
9995	9275
9995	9864
10000	3200
10000	5439
10000	6644
10000	7005
10000	8385
10000	8899
10000	8957
10000	9661
10000	9718
10000	9850
