1	9515
10	6025
10	7255
10	9191
10	9960
13	7109
28	8410
28	9291
52	4803
52	9290
90	7600
90	9589
90	9893
104	3829
104	5515
119	8849
133	4027
133	6899
133	8870
140	7847
146	199
146	8414
146	8805
146	9106
155	1489
192	944
192	7506
192	7846
192	9028
192	9647
199	146
199	3151
199	3204
199	7780
199	8213
199	8805
211	6913
211	9783
213	5492
213	9644
242	3880
242	7929
242	8826
278	2443
278	7012
278	8725
278	9513
286	483
286	4018
286	6960
286	7557
286	9597
286	9953
407	9338
408	1489
408	4201
408	7248
410	1927
410	9143
433	6756
462	618
462	9367
483	286
483	8498
483	9385
483	9566
511	6286
511	9353
511	9566
511	9953
515	7564
515	9540
515	9772
515	9881
526	3987
527	8955
527	9825
533	6963
536	6756
615	9330
618	462
618	5092
618	8307
618	8572
618	9227
618	9597
618	9905
626	8490
626	9078
626	9410
633	8632
633	9016
633	9996
654	9276
654	9514
654	9664
654	9670
654	9740
689	5312
689	8435
689	9546
702	1928
702	3942
702	7586
702	8414
702	8760
702	9380
702	9830
710	6915
710	8609
710	9276
809	3198
809	5921
809	7092
809	8247
809	8262
874	8714
874	9568
874	9883
886	1797
886	5889
886	7282
886	7564
886	9712
886	9790
886	9960
888	9566
921	4472
921	9937
944	192
944	5697
944	6861
944	7532
944	8016
944	8586
944	9162
960	9141
1013	1035
1013	3829
1013	4777
1013	8299
1013	9830
1024	7541
1024	8679
1024	9832
1035	1013
1042	9788
1042	9939
1067	1300
1067	4435
1067	9647
1067	9718
1094	3849
1094	8909
1146	9180
1146	9290
1146	9664
1170	2563
1181	8725
1214	6571
1222	2382
1222	5586
1222	7506
1222	7630
1222	7910
1222	9629
1222	9647
1253	4944
1253	7193
1253	8329
1253	9833
1267	8855
1275	7282
1275	8410
1300	1067
1300	4435
1300	4521
1300	5808
1300	5889
1300	9647
1330	2669
1330	3628
1330	8347
1330	9647
1337	9514
1337	9733
1347	9633
1398	4622
1398	9905
1405	4595
1405	5547
1405	8092
1416	2962
1416	7849
1416	8326
1445	1851
1445	2381
1454	6288
1454	6754
1454	9713
1454	9945
1466	1816
1466	7796
1466	9505
1469	9203
1469	9385
1489	155
1489	408
1489	6516
1489	7016
1489	8307
1489	9067
1489	9290
1532	2380
1532	3851
1532	9067
1532	9385
1532	9953
1557	9998
1562	6839
1562	8159
1562	8803
1567	9620
1587	8213
1606	6459
1606	7193
1614	4556
1614	7630
1614	8016
1614	9647
1632	7847
1632	8296
1673	5388
1673	6973
1673	7866
1673	8429
1673	9602
1673	9843
1673	9944
1673	9995
1754	3728
1754	4647
1754	6394
1754	9246
1754	9983
1763	8592
1763	9514
1763	9654
1763	9967
1775	5982
1787	8079
1787	9540
1787	9816
1797	886
1797	9654
1816	1466
1816	9317
1816	9562
1817	8145
1817	9546
1817	9746
1831	6391
1831	9597
1840	6551
1840	8586
1840	9647
1851	1445
1851	3059
1899	8805
1927	410
1927	2547
1927	4595
1927	5292
1927	7311
1927	9227
1927	9566
1927	9597
1928	702
1943	7884
1943	9353
1964	9736
1964	9746
1973	4738
2014	9546
2041	4636
2041	9067
2046	3059
2046	3173
2046	8454
2046	9064
2046	9173
2046	9515
2051	5107
2051	9056
2057	9826
2057	9873
2070	6372
2070	7484
2070	8360
2070	9595
2070	9783
2102	8326
2102	9295
2102	9723
2108	7384
2108	9171
2108	9291
2131	6036
2131	6391
2131	8348
2131	8355
2158	6948
2158	8428
2158	9580
2158	9972
2215	9532
2215	9998
2226	3411
2226	9687
2229	9972
2237	8164
2246	4803
2246	7250
2246	8116
2246	8616
2246	9570
2274	3733
2274	9239
2274	9292
2274	9557
2287	5459
2287	9094
2287	9385
2287	9597
2287	9953
2295	7471
2295	7780
2295	9644
2315	2551
2315	4525
2315	9783
2329	2545
2329	8373
2333	3849
2333	7899
2341	3920
2341	8669
2341	8848
2341	9602
2341	9944
2341	9995
2374	8159
2374	8480
2374	9201
2380	1532
2380	5459
2380	8498
2380	9067
2380	9332
2381	1445
2381	3059
2381	4736
2381	8373
2381	8888
2381	9016
2381	9515
2382	1222
2382	6756
2400	8429
2411	6913
2411	8455
2411	9748
2443	278
2447	4121
2447	9410
2459	3863
2459	5889
2459	7929
2459	9988
2460	7660
2460	9514
2485	8616
2485	9290
2485	9317
2485	9644
2492	4061
2492	8428
2492	9983
2496	8586
2499	2620
2499	5190
2499	8307
2507	9385
2508	8164
2508	8957
2508	9064
2508	9718
2511	8679
2511	8747
2511	9477
2511	9559
2520	8081
2530	9426
2530	9664
2530	9670
2530	9740
2531	2617
2531	3059
2531	7326
2531	7891
2531	8108
2531	9515
2533	7997
2533	9160
2545	2329
2545	6043
2545	6320
2545	7193
2545	9996
2547	1927
2547	5517
2547	9858
2547	9883
2551	2315
2551	6239
2563	1170
2563	9589
2563	9893
2592	6321
2592	6610
2592	7016
2592	8576
2617	2531
2617	8149
2617	9578
2620	2499
2620	9514
2627	6632
2627	9667
2635	3241
2635	5123
2635	9883
2645	5439
2646	3638
2646	5801
2646	9620
2646	9647
2666	6310
2666	7267
2667	6360
2667	9802
2667	9873
2669	1330
2669	4435
2669	5889
2669	7506
2682	4738
2682	9973
2689	9016
2736	9567
2736	9597
2753	2987
2753	3480
2753	5123
2753	5517
2753	6867
2753	7965
2753	9593
2753	9858
2753	9996
2757	3952
2757	8849
2823	8326
2823	9295
2866	6571
2866	9317
2893	8159
2945	4595
2945	5190
2945	6286
2945	6320
2945	7846
2945	8865
2945	9067
2945	9953
2962	1416
2962	8326
2962	9295
2962	9723
2974	8326
2981	8081
2981	8679
2981	9562
2987	2753
2987	9609
3012	5314
3012	5705
3012	7745
3012	8693
3012	8826
3012	9410
3012	9570
3012	9616
3012	9707
3035	4928
3035	8855
3035	9263
3035	9721
3037	6288
3037	6933
3037	9056
3059	1851
3059	2046
3059	2381
3059	2531
3059	5111
3059	6571
3059	7184
3059	8815
3059	9515
3086	9430
3086	9751
3097	3519
3097	7602
3097	9292
3097	9713
3097	9945
3097	9996
3100	8145
3100	8435
3100	8576
3100	8586
3100	8701
3120	7184
3120	8605
3120	8909
3121	4503
3121	6761
3121	9597
3131	8951
3133	7595
3133	8586
3144	8490
3151	199
3151	6877
3151	7902
3151	8805
3151	9410
3173	2046
3174	6109
3174	9633
3198	809
3198	9972
3204	199
3204	3728
3204	6055
3204	8805
3204	9410
3230	8651
3230	9513
3235	6756
3235	9075
3235	9862
3238	6928
3238	8081
3241	2635
3241	7184
3241	7847
3241	8395
3241	8855
3241	8909
3241	9718
3243	6877
3243	7826
3243	9746
3243	9881
3251	7965
3251	9059
3280	9464
3280	9514
3280	9733
3287	9772
3309	8371
3309	9028
3335	5873
3335	8490
3343	8826
3343	9633
3403	4995
3403	8556
3403	9094
3403	9669
3403	9916
3411	2226
3411	7193
3462	8081
3463	8326
3463	9106
3463	9654
3479	8307
3479	9832
3480	2753
3480	9143
3483	4435
3483	4455
3483	7097
3483	7329
3483	7630
3483	7846
3483	8257
3483	9647
3489	5882
3489	8335
3489	8444
3489	9353
3489	9718
3493	9133
3493	9748
3509	9227
3519	3097
3519	3723
3519	8654
3519	8849
3519	9610
3537	6339
3537	9963
3557	5056
3557	8747
3557	8774
3557	9643
3557	9705
3557	9873
3562	8923
3562	9514
3571	6962
3571	9687
3590	9017
3628	1330
3628	4688
3628	5889
3628	9647
3628	9967
3636	4876
3636	8326
3638	2646
3638	9759
3675	5570
3675	9580
3676	7627
3676	7927
3676	9723
3676	9941
3684	8257
3684	9667
3687	3992
3687	8651
3713	9133
3717	6870
3723	3519
3723	8849
3723	9610
3728	1754
3728	3204
3728	8932
3728	9477
3730	9059
3733	2274
3733	6948
3733	8351
3733	9239
3733	9292
3746	6074
3762	6359
3803	6493
3803	7101
3803	9772
3818	7053
3818	9227
3829	104
3829	1013
3829	9029
3829	9787
3849	1094
3849	2333
3849	4596
3849	7899
3849	8446
3849	9542
3849	9597
3851	1532
3851	7503
3851	8299
3851	9802
3851	9830
3853	6799
3853	8545
3861	8623
3861	9317
3861	9562
3861	9644
3863	2459
3863	9988
3880	242
3880	4803
3880	7745
3880	9570
3905	4251
3905	9833
3905	9923
3910	7353
3910	7581
3910	7586
3910	9721
3914	7626
3914	8490
3914	9788
3914	9998
3920	2341
3922	8205
3922	8317
3922	9031
3922	9784
3942	702
3952	2757
3952	8849
3952	9246
3952	9570
3952	9995
3959	8444
3959	8651
3974	5395
3974	6741
3987	526
3987	8429
3987	9991
3992	3687
3992	8651
3992	9819
3995	8714
3995	8765
3995	9673
3995	9752
4004	8966
4006	6771
4006	7603
4006	9597
4018	286
4027	133
4027	5231
4027	8870
4027	9833
4029	6516
4029	8591
4029	9067
4029	9566
4029	9597
4042	6448
4042	8591
4042	9067
4042	9566
4042	9597
4042	9953
4060	6393
4060	9276
4060	9426
4060	9670
4060	9740
4061	2492
4061	7258
4061	9106
4061	9410
4065	9017
4065	9616
4070	9227
4085	6632
4085	9464
4085	9595
4094	5731
4094	9180
4094	9353
4094	9506
4094	9707
4121	2447
4121	4875
4121	8385
4199	7051
4199	7557
4199	8429
4199	9143
4199	9223
4201	408
4201	7184
4201	8395
4201	8409
4201	8909
4201	9720
4211	7745
4211	8079
4211	8116
4211	8826
4211	8830
4211	9263
4212	6973
4212	9736
4248	8714
4248	9206
4248	9455
4248	9673
4248	9752
4248	9973
4251	3905
4251	7012
4251	9180
4251	9923
4264	6485
4264	6551
4264	7630
4264	8586
4264	9559
4264	9647
4292	7291
4292	9819
4311	7202
4311	9616
4333	8498
4333	8747
4333	9067
4333	9227
4333	9385
4333	9953
4334	7456
4334	8490
4339	6632
4339	7326
4339	8164
4371	4928
4371	6754
4371	7720
4371	9263
4371	9721
4400	6372
4400	7092
4400	9276
4400	9664
4400	9670
4400	9740
4400	9985
4433	4511
4433	9386
4433	9482
4434	6922
4434	8747
4434	8957
4434	9208
4434	9788
4434	9939
4435	1067
4435	1300
4435	2669
4435	3483
4435	8016
4435	9580
4435	9647
4452	6928
4452	8385
4452	8829
4452	9819
4455	3483
4455	9338
4464	4809
4464	8079
4464	8564
4464	9881
4464	9953
4467	9519
4467	9597
4468	8747
4468	9487
4468	9643
4472	921
4472	8339
4485	9031
4488	9953
4503	3121
4503	7745
4503	8116
4503	8826
4503	9616
4504	8429
4504	9223
4504	9763
4504	9991
4509	6870
4511	4433
4511	5817
4511	5892
4511	8714
4511	9482
4521	1300
4521	8127
4525	2315
4525	6456
4525	8144
4525	8656
4525	9783
4536	8490
4536	9567
4546	9787
4546	9914
4546	9972
4554	6075
4554	8498
4554	8932
4556	1614
4556	8858
4571	5180
4571	6610
4571	7779
4571	9204
4572	5300
4572	6221
4572	8861
4591	5547
4591	5791
4591	8220
4593	6088
4593	9546
4595	1405
4595	1927
4595	2945
4595	6286
4595	6391
4595	7384
4595	8848
4595	9093
4595	9953
4596	3849
4622	1398
4622	6289
4622	8564
4622	9059
4622	9830
4629	6297
4629	7745
4629	8830
4629	9570
4629	9616
4633	9707
4633	9965
4636	2041
4636	4691
4636	8373
4636	9428
4642	5439
4643	5395
4643	6933
4643	8849
4643	9246
4643	9983
4647	1754
4647	7250
4647	9736
4647	9983
4688	3628
4691	4636
4691	9133
4691	9294
4700	5494
4700	8556
4700	9094
4700	9916
4720	8340
4720	9575
4720	9629
4722	5570
4722	6320
4722	7402
4736	2381
4736	8149
4736	8651
4736	9542
4738	1973
4738	2682
4738	6021
4738	8862
4738	8957
4738	9246
4738	9356
4748	8490
4750	6648
4750	8909
4750	9514
4777	1013
4777	8299
4777	9830
4777	9945
4784	9017
4803	52
4803	2246
4803	3880
4803	6297
4803	7880
4803	8116
4803	8623
4803	8830
4803	9557
4803	9570
4803	9832
4809	4464
4809	9514
4875	4121
4875	9146
4876	3636
4876	8307
4876	8498
4876	9385
4876	9566
4876	9953
4901	9752
4910	7128
4910	9133
4910	9353
4910	9707
4911	9881
4919	9772
4919	9972
4927	5300
4927	8669
4927	9704
4928	3035
4928	4371
4928	7884
4928	9721
4944	1253
4944	9478
4944	9608
4944	9704
4969	9514
4969	9736
4984	8743
4984	8865
4984	9017
4995	3403
4995	6692
4995	9902
4995	9916
5042	9826
5042	9873
5052	8159
5052	8701
5056	3557
5056	7849
5056	8747
5056	8774
5056	9559
5074	8149
5074	9608
5092	618
5092	6785
5092	7325
5092	8360
5092	8498
5092	8942
5092	9067
5092	9227
5092	9566
5092	9972
5101	9998
5107	2051
5107	6145
5107	6311
5107	8701
5107	8822
5107	9056
5107	9945
5111	3059
5111	8743
5111	9914
5122	8849
5123	2635
5123	2753
5123	8645
5123	9883
5143	9559
5166	9473
5166	9826
5166	9873
5180	4571
5180	6562
5180	7267
5188	8116
5188	8826
5188	8830
5188	9239
5188	9570
5188	9616
5188	9704
5190	2499
5190	2945
5194	9783
5231	4027
5231	9276
5231	9426
5231	9664
5231	9670
5231	9740
5262	9338
5262	9597
5262	9720
5262	9914
5292	1927
5292	9203
5292	9654
5300	4572
5300	4927
5300	6632
5300	7069
5300	8164
5300	8669
5300	9988
5310	5982
5310	6197
5310	9673
5312	689
5312	9546
5314	3012
5314	6638
5314	9146
5353	8429
5353	9715
5360	6899
5360	8340
5360	8822
5388	1673
5388	8211
5395	3974
5395	4643
5395	8259
5395	8632
5395	8976
5399	9031
5399	9564
5436	9881
5439	2645
5439	4642
5439	5882
5439	6563
5439	7731
5439	8385
5439	8654
5439	10000
5459	2287
5459	2380
5459	8498
5459	8545
5459	8858
5459	9566
5459	9597
5472	9816
5475	8693
5479	7847
5492	213
5492	8747
5492	8932
5492	9559
5492	9643
5494	4700
5494	9246
5494	9740
5494	9902
5515	104
5515	6074
5515	8498
5515	9385
5515	9566
5515	9597
5515	9772
5517	2547
5517	2753
5517	7965
5517	9858
5526	8425
5526	9133
5526	9587
5547	1405
5547	4591
5547	8521
5547	8870
5547	9862
5553	8572
5553	8609
5553	9464
5570	3675
5570	4722
5570	6109
5570	6328
5570	7186
5570	7366
5570	8211
5570	9580
5578	6867
5578	8170
5586	1222
5616	9772
5617	8340
5617	8623
5617	9290
5617	9317
5617	9505
5617	9644
5621	8340
5621	8616
5621	8623
5621	9505
5621	9523
5654	9031
5654	9784
5690	8149
5690	9542
5697	944
5697	6485
5697	6541
5697	7846
5697	8016
5697	8586
5697	9647
5705	3012
5705	8454
5717	7267
5731	4094
5731	9944
5731	9985
5732	8257
5732	9514
5749	5982
5749	6962
5749	7139
5749	7238
5749	9767
5749	9816
5791	4591
5791	8220
5791	8650
5794	6998
5794	7250
5794	7595
5794	7997
5794	8164
5794	9160
5794	9972
5795	6429
5795	8371
5795	8848
5795	9204
5795	9480
5795	9633
5801	2646
5801	6563
5801	8957
5801	10000
5808	1300
5808	9239
5808	9914
5809	8164
5809	8669
5809	9473
5817	4511
5817	9914
5826	9965
5830	8586
5830	9998
5869	8414
5869	9620
5873	3335
5873	8955
5873	9825
5882	3489
5882	5439
5882	8385
5882	9873
5889	886
5889	1300
5889	2459
5889	2669
5889	3628
5889	6485
5889	7564
5889	7846
5889	8586
5892	4511
5892	9482
5908	7384
5908	7471
5908	7780
5921	809
5921	9162
5982	1775
5982	5310
5982	5749
5982	6933
5982	7080
5982	8055
5982	8951
5982	9409
5982	9816
6021	4738
6021	8862
6025	10
6025	6872
6025	9191
6025	9430
6035	6261
6035	9353
6035	9359
6035	9869
6036	2131
6036	6793
6043	2545
6043	6320
6043	8919
6043	9356
6043	9945
6043	9996
6055	3204
6055	9675
6070	7648
6070	9208
6070	9713
6070	9787
6074	3746
6074	5515
6074	6785
6074	7016
6074	7463
6074	7769
6074	8591
6074	8958
6074	8992
6074	9067
6074	9385
6074	9587
6074	9597
6074	9985
6075	4554
6075	7053
6075	8747
6075	8932
6075	8967
6075	9559
6088	4593
6088	8220
6089	6870
6089	7720
6089	8855
6089	9263
6089	9707
6089	9721
6099	6493
6099	8149
6099	9133
6099	9180
6099	9330
6099	9386
6099	9506
6099	9777
6109	3174
6109	5570
6109	6429
6145	5107
6145	6933
6184	8326
6197	5310
6197	7250
6197	9246
6221	4572
6221	8164
6223	7109
6239	2551
6239	6286
6239	8328
6239	8829
6239	9444
6239	9597
6244	7101
6244	9527
6244	9772
6261	6035
6261	6279
6261	9359
6265	8081
6265	9790
6265	9960
6279	6261
6279	9031
6279	9784
6286	511
6286	2945
6286	4595
6286	6239
6286	8591
6286	9227
6288	1454
6288	3037
6288	7602
6288	8689
6288	9505
6288	9713
6288	9945
6288	9996
6289	4622
6289	9110
6289	9905
6297	4629
6297	4803
6297	8830
6297	9570
6297	9616
6310	2666
6310	7508
6310	8490
6311	5107
6318	8747
6318	9263
6320	2545
6320	2945
6320	4722
6320	6043
6320	6865
6320	7193
6320	8304
6320	8545
6320	8822
6320	9945
6321	2592
6321	6610
6321	6638
6321	6933
6321	7895
6321	8296
6321	8576
6328	5570
6328	8848
6328	9557
6328	9705
6334	6870
6334	9595
6339	3537
6339	6793
6339	7384
6339	7472
6339	7927
6339	9295
6339	9596
6339	9723
6340	9707
6346	7116
6346	9461
6359	3762
6359	8137
6359	8848
6359	9204
6359	9567
6359	9580
6359	9596
6359	9608
6359	9705
6359	9721
6360	2667
6360	9881
6365	7849
6365	8747
6365	9477
6365	9559
6365	9643
6372	2070
6372	4400
6372	9767
6389	8072
6389	8590
6391	1831
6391	2131
6391	4595
6391	8307
6391	8932
6391	9566
6391	9597
6391	9953
6392	9028
6392	9566
6392	9637
6393	4060
6393	7069
6393	9276
6393	9426
6393	9664
6393	9670
6393	9740
6394	1754
6394	7250
6394	8081
6394	8233
6394	8942
6394	9983
6429	5795
6429	6109
6429	9602
6429	9633
6429	9705
6448	4042
6448	8693
6456	4525
6456	9338
6456	9783
6459	1606
6459	6756
6459	8173
6485	4264
6485	5697
6485	5889
6485	6872
6485	8016
6485	8586
6485	9110
6485	9647
6490	8956
6493	3803
6493	6099
6493	9133
6493	9180
6493	9506
6493	9687
6493	9707
6497	9772
6499	8958
6499	9204
6499	9396
6499	9580
6499	9596
6499	9633
6499	9705
6516	1489
6516	4029
6516	8307
6516	8498
6516	9029
6516	9067
6516	9201
6516	9227
6516	9953
6529	6915
6529	8923
6529	9133
6529	9180
6529	9386
6529	9687
6529	9707
6536	9227
6541	5697
6541	7202
6541	9385
6551	1840
6551	4264
6551	7506
6551	7846
6551	8016
6551	8586
6551	9647
6555	8829
6555	9031
6555	9330
6555	9633
6558	8743
6558	9017
6558	9110
6558	9178
6562	5180
6562	8693
6563	5439
6563	5801
6563	8957
6563	9064
6563	9718
6563	10000
6571	1214
6571	2866
6571	3059
6571	7053
6571	8170
6571	8605
6587	6831
6587	8205
6587	8743
6587	8997
6610	2592
6610	4571
6610	6321
6610	8435
6610	8576
6620	6915
6620	8279
6620	9317
6632	2627
6632	4085
6632	4339
6632	5300
6632	6740
6632	7484
6632	8687
6632	9816
6632	9976
6638	5314
6638	6321
6638	7420
6638	9367
6641	9133
6641	9239
6641	9292
6648	4750
6648	8145
6648	9160
6648	9557
6648	9941
6648	9963
6653	7479
6653	8371
6653	8923
6692	4995
6692	8556
6692	9902
6692	9916
6723	8747
6723	9473
6740	6632
6740	8360
6740	9595
6740	9830
6741	3974
6741	9133
6741	9180
6741	9353
6741	9386
6741	9506
6741	9707
6741	9777
6748	7193
6748	8788
6754	1454
6754	4371
6754	6870
6754	8855
6754	9263
6754	9721
6756	433
6756	536
6756	2382
6756	3235
6756	6459
6756	6913
6756	7258
6756	7874
6756	8299
6756	8501
6756	9088
6756	9597
6756	9675
6761	3121
6761	9059
6771	4006
6771	8339
6771	8833
6771	9902
6771	9937
6771	9976
6782	9478
6782	9527
6785	5092
6785	6074
6785	7016
6785	8498
6785	9227
6785	9385
6785	9461
6785	9566
6785	9597
6785	9637
6793	6036
6793	6339
6793	9593
6799	3853
6799	9146
6803	7139
6803	8609
6803	8743
6803	9102
6803	9246
6803	9683
6803	9758
6831	6587
6831	8689
6831	9386
6839	1562
6839	9767
6839	9823
6841	8055
6841	8826
6841	9075
6861	944
6861	9305
6865	6320
6865	8348
6867	2753
6867	5578
6867	8771
6870	3717
6870	4509
6870	6089
6870	6334
6870	6754
6870	7720
6870	8643
6870	8768
6870	8855
6870	9263
6870	9721
6870	9944
6872	6025
6872	6485
6872	9777
6875	8205
6875	8997
6875	9017
6877	3151
6877	3243
6877	9562
6877	9687
6898	8743
6898	9594
6899	133
6899	5360
6899	7769
6899	8081
6901	8149
6901	9487
6911	7193
6911	7479
6911	8805
6911	9203
6913	211
6913	2411
6913	6756
6913	8760
6913	9088
6914	9031
6914	9272
6915	710
6915	6529
6915	6620
6915	9783
6922	4434
6922	7423
6922	7564
6922	7595
6922	8942
6922	9208
6922	9788
6922	9939
6928	3238
6928	4452
6928	7796
6928	8081
6928	8340
6928	9290
6928	9356
6928	9644
6928	9664
6933	3037
6933	4643
6933	5982
6933	6145
6933	6321
6933	9056
6948	2158
6948	3733
6948	9291
6948	9713
6954	9620
6960	286
6960	8081
6960	8679
6960	9239
6960	9317
6960	9505
6960	9523
6960	9562
6960	9644
6962	3571
6962	5749
6962	9330
6962	9816
6963	533
6963	7111
6963	7541
6963	7799
6963	8564
6963	8975
6963	9597
6963	9985
6973	1673
6973	4212
6998	5794
6998	7997
6998	8132
6998	9160
7012	278
7012	4251
7012	8725
7012	9566
7016	1489
7016	2592
7016	6074
7016	6785
7016	8591
7016	9385
7016	9532
7016	9566
7016	9597
7016	9953
7051	4199
7051	8299
7051	8429
7051	9991
7053	3818
7053	6075
7053	6571
7053	8170
7053	8605
7053	9595
7069	5300
7069	6393
7069	7092
7069	7137
7069	7325
7069	9276
7069	9426
7069	9664
7069	9670
7069	9740
7080	5982
7080	7779
7080	8355
7082	9597
7082	9802
7092	809
7092	4400
7092	7069
7092	7137
7092	7250
7092	7471
7092	7478
7092	7557
7092	8132
7092	9276
7092	9426
7092	9597
7092	9664
7092	9670
7092	9740
7097	3483
7097	8829
7097	9664
7097	9944
7101	3803
7101	6244
7101	8651
7101	9772
7109	13
7109	6223
7109	8541
7109	9246
7109	9305
7109	9610
7111	6963
7111	9991
7116	6346
7116	9593
7116	9858
7128	4910
7128	9180
7128	9386
7128	9506
7128	9707
7128	9777
7137	7069
7137	7092
7137	9276
7137	9292
7137	9426
7137	9664
7137	9670
7137	9740
7139	5749
7139	6803
7139	8957
7139	9064
7139	9718
7139	10000
7141	8414
7141	8429
7141	9223
7141	9487
7141	9594
7141	9916
7141	9991
7184	3059
7184	3120
7184	3241
7184	4201
7184	7255
7184	7701
7184	8395
7184	8909
7184	9580
7184	9816
7186	5570
7186	8410
7193	1253
7193	1606
7193	2545
7193	3411
7193	6320
7193	6748
7193	6911
7193	7581
7193	8919
7193	9480
7193	9575
7193	9713
7193	9996
7202	4311
7202	6541
7202	8164
7202	8669
7238	5749
7238	8830
7238	9972
7242	7306
7242	9540
7242	9881
7248	408
7248	9031
7250	2246
7250	4647
7250	5794
7250	6197
7250	6394
7250	7092
7250	8233
7250	9983
7255	10
7255	7184
7255	8395
7255	8909
7255	9191
7258	4061
7258	6756
7258	8501
7258	9088
7267	2666
7267	5180
7267	5717
7267	7390
7267	7786
7267	8213
7267	8279
7267	8645
7267	8956
7267	9394
7267	9396
7267	9419
7282	886
7282	1275
7282	8213
7289	8159
7289	8592
7289	8803
7289	9272
7291	4292
7291	8755
7291	9173
7291	9748
7291	9819
7306	7242
7306	9881
7311	1927
7311	8955
7311	9825
7325	5092
7325	7069
7325	9715
7326	2531
7326	4339
7326	7769
7326	8687
7326	9825
7326	9976
7329	3483
7340	8923
7340	9016
7340	9133
7340	9353
7340	9386
7340	9506
7340	9687
7340	9777
7340	9873
7345	9386
7353	3910
7353	9106
7353	9899
7354	7826
7354	8145
7354	9133
7366	5570
7366	8447
7366	8848
7366	9580
7366	9633
7366	9705
7384	2108
7384	4595
7384	5908
7384	6339
7384	7627
7384	7927
7384	8164
7384	8326
7384	9157
7384	9295
7384	9723
7384	9751
7384	9802
7384	9973
7390	7267
7390	9597
7402	4722
7402	9295
7402	9597
7420	6638
7420	8164
7420	8437
7420	9367
7423	6922
7423	9208
7423	9858
7423	9939
7446	7660
7446	9367
7446	9386
7456	4334
7456	8454
7456	8490
7456	8572
7457	8768
7457	9461
7457	9478
7457	9826
7463	6074
7463	8623
7463	8919
7463	9386
7463	9983
7471	2295
7471	5908
7471	7092
7471	7906
7471	8598
7472	6339
7472	7627
7472	8326
7472	9570
7472	9723
7476	9317
7478	7092
7478	9208
7479	6653
7479	6911
7479	7551
7479	9223
7484	2070
7484	6632
7484	7950
7484	9976
7487	7602
7487	8919
7487	9713
7487	9945
7487	9996
7493	7660
7493	8826
7493	9608
7503	3851
7503	8299
7503	9542
7503	9830
7503	9998
7506	192
7506	1222
7506	2669
7506	6551
7506	7630
7506	7846
7506	8586
7506	9647
7506	9858
7508	6310
7508	8429
7508	8490
7508	9733
7532	944
7532	9967
7541	1024
7541	6963
7541	8975
7551	7479
7551	9597
7557	286
7557	4199
7557	7092
7564	515
7564	886
7564	5889
7564	6922
7564	8233
7564	8888
7564	9881
7575	9767
7577	8586
7581	3910
7581	7193
7581	8385
7581	8951
7581	9945
7581	9996
7586	702
7586	3910
7586	9294
7586	9596
7595	3133
7595	5794
7595	6922
7595	7997
7595	9160
7595	9532
7600	90
7600	8932
7600	9480
7602	3097
7602	6288
7602	7487
7602	8919
7602	9713
7603	4006
7603	9075
7603	9461
7603	9862
7626	3914
7626	8159
7626	9758
7627	3676
7627	7384
7627	7472
7627	8326
7627	9295
7627	9723
7629	8257
7629	9133
7630	1222
7630	1614
7630	3483
7630	4264
7630	7506
7630	8016
7630	8586
7630	9647
7639	8213
7639	9380
7639	9802
7648	6070
7648	8649
7648	8976
7648	9944
7654	9715
7654	9873
7660	2460
7660	7446
7660	7493
7660	9338
7701	7184
7701	8997
7701	9017
7701	9178
7720	4371
7720	6089
7720	6870
7720	8826
7720	8855
7720	9263
7720	9295
7720	9721
7727	8351
7727	8649
7727	8747
7727	9787
7731	5439
7745	3012
7745	3880
7745	4211
7745	4503
7745	4629
7745	8830
7745	9570
7767	9353
7767	9386
7767	9687
7767	9707
7767	9718
7767	9777
7769	6074
7769	6899
7769	7326
7769	8116
7769	8490
7769	9306
7779	4571
7779	7080
7779	8092
7779	8755
7780	199
7780	2295
7780	5908
7780	7906
7780	8329
7786	7267
7786	8956
7786	9869
7796	1466
7796	6928
7796	8340
7796	8679
7796	9505
7796	9523
7796	9644
7799	6963
7799	8656
7799	8849
7818	8395
7818	8623
7818	9629
7826	3243
7826	7354
7826	8220
7826	8521
7826	9941
7846	192
7846	2945
7846	3483
7846	5697
7846	5889
7846	6551
7846	7506
7846	8016
7846	8072
7846	8586
7846	9647
7846	9960
7847	140
7847	1632
7847	3241
7847	5479
7847	8948
7847	9276
7847	9428
7847	9637
7849	1416
7849	5056
7849	6365
7849	8747
7849	9477
7849	9643
7858	8932
7858	9998
7866	1673
7866	8976
7874	6756
7874	8725
7874	9056
7880	4803
7880	8955
7880	9480
7880	9825
7884	1943
7884	4928
7884	8855
7884	9075
7884	9263
7884	9721
7886	8560
7886	8656
7886	8865
7891	2531
7891	8858
7891	9602
7891	9944
7891	9995
7895	6321
7895	8822
7895	9444
7895	9637
7899	2333
7899	3849
7902	3151
7902	8586
7902	8805
7902	9106
7902	9208
7902	9410
7902	9939
7906	7471
7906	7780
7906	9783
7910	1222
7910	8992
7910	9637
7927	3676
7927	6339
7927	7384
7927	9637
7927	9723
7929	242
7929	2459
7929	9733
7929	9988
7950	7484
7950	8687
7950	8923
7950	9595
7950	9976
7965	2753
7965	3251
7965	5517
7965	9059
7966	8613
7966	9826
7966	9965
7997	2533
7997	5794
7997	6998
7997	7595
7997	9160
7997	9519
7997	9567
8016	944
8016	1614
8016	4435
8016	5697
8016	6485
8016	6551
8016	7630
8016	7846
8016	8586
8016	9227
8032	9594
8032	9767
8032	9945
8033	8304
8033	9869
8055	5982
8055	6841
8072	6389
8072	7846
8072	8429
8072	8586
8079	1787
8079	4211
8079	4464
8079	9540
8081	2520
8081	2981
8081	3238
8081	3462
8081	6265
8081	6394
8081	6899
8081	6928
8081	6960
8081	8340
8081	8623
8081	8679
8081	8694
8081	8997
8081	9143
8081	9290
8081	9317
8081	9562
8092	1405
8092	7779
8092	8885
8108	2531
8116	2246
8116	4211
8116	4503
8116	4803
8116	5188
8116	7769
8116	8826
8116	9570
8116	9616
8116	9816
8127	4521
8127	9455
8127	9515
8127	9772
8132	6998
8132	7092
8132	8409
8137	6359
8137	8159
8137	9272
8137	9654
8137	9667
8144	4525
8144	9783
8145	1817
8145	3100
8145	6648
8145	7354
8145	8590
8145	9941
8149	2617
8149	4736
8149	5074
8149	5690
8149	6099
8149	6901
8149	8590
8149	9367
8149	9542
8149	9869
8159	1562
8159	2374
8159	2893
8159	5052
8159	7289
8159	7626
8159	8137
8159	8592
8159	8803
8159	9597
8159	9654
8159	9667
8164	2237
8164	2508
8164	4339
8164	5300
8164	5794
8164	5809
8164	6221
8164	7202
8164	7384
8164	7420
8164	8669
8164	8955
8170	5578
8170	6571
8170	7053
8170	8326
8170	8605
8170	9670
8173	6459
8173	8501
8173	9133
8173	9143
8173	9567
8205	3922
8205	6587
8205	6875
8205	8743
8205	8997
8205	9017
8205	9178
8211	5388
8211	5570
8211	8480
8213	199
8213	1587
8213	7267
8213	7282
8213	7639
8213	8296
8213	8795
8213	9419
8213	9953
8220	4591
8220	5791
8220	6088
8220	7826
8220	8714
8220	9087
8220	9419
8233	6394
8233	7250
8233	7564
8233	8833
8233	8849
8233	8942
8233	9610
8233	9983
8234	9514
8247	809
8257	3483
8257	3684
8257	5732
8257	7629
8257	9208
8257	9983
8259	5395
8259	9016
8262	809
8262	8562
8279	6620
8279	7267
8279	8956
8279	9394
8279	9396
8279	9419
8296	1632
8296	6321
8296	8213
8296	9973
8299	1013
8299	3851
8299	4777
8299	6756
8299	7051
8299	7503
8299	9830
8304	6320
8304	8033
8304	9788
8307	618
8307	1489
8307	2499
8307	3479
8307	4876
8307	6391
8307	6516
8307	9067
8307	9227
8307	9263
8307	9532
8307	9597
8317	3922
8317	9031
8317	9784
8326	1416
8326	2102
8326	2823
8326	2962
8326	2974
8326	3463
8326	3636
8326	6184
8326	7384
8326	7472
8326	7627
8326	8170
8326	8909
8326	9295
8326	9654
8326	9721
8326	9723
8328	6239
8328	8590
8328	8829
8328	9444
8329	1253
8329	7780
8335	3489
8335	9426
8339	4472
8339	6771
8339	9937
8340	4720
8340	5360
8340	5617
8340	5621
8340	6928
8340	7796
8340	8081
8340	8616
8340	8623
8340	9317
8340	9505
8340	9523
8340	9562
8340	9923
8347	1330
8347	9227
8348	2131
8348	6865
8348	9654
8351	3733
8351	7727
8351	8649
8351	8805
8351	8976
8351	9059
8351	9759
8351	9787
8355	2131
8355	7080
8355	9519
8355	9594
8360	2070
8360	5092
8360	6740
8360	9557
8360	9595
8360	9976
8371	3309
8371	5795
8371	6653
8371	9028
8373	2329
8373	2381
8373	4636
8373	9972
8385	4121
8385	4452
8385	5439
8385	5882
8385	7581
8385	8957
8385	9064
8385	9594
8385	9602
8385	9687
8385	9953
8385	10000
8386	8649
8386	8747
8395	3241
8395	4201
8395	7184
8395	7255
8395	7818
8395	8909
8409	4201
8409	8132
8409	9133
8409	9580
8410	28
8410	1275
8410	7186
8410	9317
8414	146
8414	702
8414	5869
8414	7141
8417	8692
8417	8951
8417	9093
8417	9833
8417	9923
8425	5526
8425	9394
8425	9428
8428	2158
8428	2492
8428	8490
8428	8689
8429	1673
8429	2400
8429	3987
8429	4199
8429	4504
8429	5353
8429	7051
8429	7141
8429	7508
8429	8072
8429	9223
8429	9664
8429	9991
8435	689
8435	3100
8435	6610
8435	8480
8435	8576
8435	9031
8435	9740
8437	7420
8437	8822
8437	9736
8444	3489
8444	3959
8444	9480
8444	9566
8444	9960
8446	3849
8447	7366
8447	8848
8447	9514
8447	9633
8447	9705
8454	2046
8454	5705
8454	7456
8455	2411
8455	9720
8455	9748
8471	9464
8480	2374
8480	8211
8480	8435
8480	8645
8490	626
8490	3144
8490	3335
8490	3914
8490	4334
8490	4536
8490	4748
8490	6310
8490	7456
8490	7508
8490	7769
8490	8428
8490	9608
8490	9705
8490	9826
8498	483
8498	2380
8498	4333
8498	4554
8498	4876
8498	5092
8498	5459
8498	5515
8498	6516
8498	6785
8498	9566
8498	9597
8498	9953
8498	9963
8501	6756
8501	7258
8501	8173
8521	5547
8521	7826
8521	9751
8541	7109
8541	8747
8545	3853
8545	5459
8545	6320
8545	9146
8556	3403
8556	4700
8556	6692
8556	9094
8556	9317
8556	9902
8556	9916
8556	9944
8560	7886
8560	9394
8560	9965
8560	10000
8562	8262
8562	8643
8562	8675
8562	9633
8564	4464
8564	4622
8564	6963
8564	9540
8572	618
8572	5553
8572	7456
8572	9394
8572	9426
8572	9464
8576	2592
8576	3100
8576	6321
8576	6610
8576	8435
8576	9819
8586	944
8586	1840
8586	2496
8586	3100
8586	3133
8586	4264
8586	5697
8586	5830
8586	5889
8586	6485
8586	6551
8586	7506
8586	7577
8586	7630
8586	7846
8586	7902
8586	8016
8586	8072
8586	9647
8586	9736
8586	9985
8590	6389
8590	8145
8590	8149
8590	8328
8590	8714
8590	8932
8590	9016
8590	9206
8590	9455
8590	9673
8590	9752
8591	4029
8591	4042
8591	6074
8591	6286
8591	7016
8591	9067
8591	9385
8591	9953
8592	1763
8592	7289
8592	8159
8592	9272
8592	9654
8592	9721
8598	7471
8598	9670
8605	3120
8605	6571
8605	7053
8605	8170
8609	710
8609	5553
8609	6803
8609	9353
8613	7966
8616	2246
8616	2485
8616	5621
8616	8340
8616	8623
8616	9290
8616	9505
8616	9523
8616	9562
8616	9644
8623	3861
8623	4803
8623	5617
8623	5621
8623	7463
8623	7818
8623	8081
8623	8340
8623	8616
8623	9290
8623	9317
8623	9464
8623	9523
8623	9644
8623	9752
8632	633
8632	5395
8632	9016
8632	9203
8643	6870
8643	8562
8643	8675
8643	9736
8645	5123
8645	7267
8645	8480
8645	9823
8649	7648
8649	7727
8649	8351
8649	8386
8649	8976
8649	9480
8649	9589
8649	9596
8649	9787
8650	5791
8650	8861
8650	9575
8650	9629
8650	9707
8651	3230
8651	3687
8651	3959
8651	3992
8651	4736
8651	7101
8651	8932
8651	9746
8651	9965
8654	3519
8654	5439
8654	8849
8654	8855
8654	8942
8654	9246
8654	9610
8654	9983
8656	4525
8656	7799
8656	7886
8656	9473
8656	9557
8669	2341
8669	4927
8669	5300
8669	5809
8669	7202
8669	8164
8669	9877
8675	8562
8675	8643
8679	1024
8679	2511
8679	2981
8679	6960
8679	7796
8679	8081
8679	9290
8679	9317
8679	9505
8679	9644
8679	9647
8687	6632
8687	7326
8687	7950
8687	9595
8687	9643
8687	9976
8689	6288
8689	6831
8689	8428
8692	8417
8692	9780
8693	3012
8693	5475
8693	6448
8693	6562
8693	9201
8693	9777
8693	9899
8694	8081
8694	9704
8694	9996
8701	3100
8701	5052
8701	5107
8701	9532
8714	874
8714	3995
8714	4248
8714	4511
8714	8220
8714	8590
8714	9455
8714	9506
8714	9673
8714	9752
8725	278
8725	1181
8725	7012
8725	7874
8733	9330
8733	9985
8743	4984
8743	5111
8743	6558
8743	6587
8743	6803
8743	6898
8743	8205
8743	8997
8743	9178
8743	9332
8747	2511
8747	3557
8747	4333
8747	4434
8747	4468
8747	5056
8747	5492
8747	6075
8747	6318
8747	6365
8747	6723
8747	7727
8747	7849
8747	8386
8747	8541
8747	8774
8747	8932
8747	8966
8747	9294
8747	9357
8747	9589
8747	9643
8747	9669
8747	9733
8755	7291
8755	7779
8755	9173
8755	9566
8755	9819
8760	702
8760	6913
8760	9704
8760	9869
8765	3995
8765	9783
8768	6870
8768	7457
8771	6867
8774	3557
8774	5056
8774	8747
8774	8932
8774	9306
8774	9477
8774	9712
8774	9713
8774	9905
8788	6748
8788	9816
8792	8957
8792	9294
8792	9687
8795	8213
8803	1562
8803	7289
8803	8159
8803	9272
8803	9306
8803	9478
8803	9562
8803	9654
8803	9667
8805	146
8805	199
8805	1899
8805	3151
8805	3204
8805	6911
8805	7902
8805	8351
8805	8932
8805	9106
8805	9410
8805	9644
8805	9767
8815	3059
8822	5107
8822	5360
8822	6320
8822	7895
8822	8437
8822	9826
8822	9998
8826	242
8826	3012
8826	3343
8826	4211
8826	4503
8826	5188
8826	6841
8826	7493
8826	7720
8826	8116
8826	8830
8826	9616
8828	9141
8828	9976
8829	4452
8829	6239
8829	6555
8829	7097
8829	8328
8829	9444
8829	9673
8830	4211
8830	4629
8830	4803
8830	5188
8830	6297
8830	7238
8830	7745
8830	8826
8830	9570
8830	9616
8833	6771
8833	8233
8833	9426
8833	9937
8833	9988
8848	2341
8848	4595
8848	5795
8848	6328
8848	6359
8848	7366
8848	8447
8848	9580
8848	9596
8848	9633
8848	9705
8848	9736
8848	9759
8848	9784
8849	119
8849	2757
8849	3519
8849	3723
8849	3952
8849	4643
8849	5122
8849	7799
8849	8233
8849	8654
8849	9246
8849	9715
8849	9983
8855	1267
8855	3035
8855	3241
8855	6089
8855	6754
8855	6870
8855	7720
8855	7884
8855	8654
8855	9263
8855	9721
8855	9883
8858	4556
8858	5459
8858	7891
8861	4572
8861	8650
8861	9031
8861	9575
8861	9629
8862	4738
8862	6021
8862	9356
8865	2945
8865	4984
8865	7886
8870	133
8870	4027
8870	5547
8885	8092
8885	9944
8888	2381
8888	7564
8888	9102
8888	9575
8888	9683
8888	9758
8888	9787
8888	9881
8909	1094
8909	3120
8909	3241
8909	4201
8909	4750
8909	7184
8909	7255
8909	8326
8909	8395
8909	9967
8919	6043
8919	7193
8919	7463
8919	7487
8919	7602
8919	9643
8919	9914
8919	9945
8919	9996
8923	3562
8923	6529
8923	6653
8923	7340
8923	7950
8923	9133
8923	9180
8923	9386
8923	9394
8923	9506
8923	9687
8923	9707
8923	9736
8932	3728
8932	4554
8932	5492
8932	6075
8932	6391
8932	7600
8932	7858
8932	8590
8932	8651
8932	8747
8932	8774
8932	8805
8932	9141
8932	9477
8932	9559
8932	9643
8938	9527
8938	9748
8938	9991
8942	5092
8942	6394
8942	6922
8942	8233
8942	8654
8942	9246
8942	9610
8942	9704
8942	9983
8948	7847
8948	9687
8951	3131
8951	5982
8951	7581
8951	8417
8951	9464
8951	9833
8955	527
8955	5873
8955	7311
8955	7880
8955	8164
8955	9825
8956	6490
8956	7267
8956	7786
8956	8279
8956	9566
8957	2508
8957	4434
8957	4738
8957	5801
8957	6563
8957	7139
8957	8385
8957	8792
8957	9064
8957	9718
8957	9963
8957	10000
8958	6074
8958	6499
8958	9578
8966	4004
8966	8747
8967	6075
8967	9078
8967	9707
8975	6963
8975	7541
8976	5395
8976	7648
8976	7866
8976	8351
8976	8649
8976	9386
8992	6074
8992	7910
8992	9223
8992	9513
8997	6587
8997	6875
8997	7701
8997	8081
8997	8205
8997	8743
8997	9017
8997	9171
8997	9178
9016	633
9016	2381
9016	2689
9016	7340
9016	8259
9016	8590
9016	8632
9016	9423
9017	3590
9017	4065
9017	4784
9017	4984
9017	6558
9017	6875
9017	7701
9017	8205
9017	8997
9017	9178
9017	9246
9017	9317
9017	9332
9017	9976
9028	192
9028	3309
9028	6392
9028	8371
9028	9687
9029	3829
9029	6516
9029	9110
9029	9823
9031	3922
9031	4485
9031	5399
9031	5654
9031	6279
9031	6555
9031	6914
9031	7248
9031	8317
9031	8435
9031	8861
9031	9784
9056	2051
9056	3037
9056	5107
9056	6933
9056	7874
9059	3251
9059	3730
9059	4622
9059	6761
9059	7965
9059	8351
9059	9914
9064	2046
9064	2508
9064	6563
9064	7139
9064	8385
9064	8957
9064	9718
9064	10000
9067	1489
9067	1532
9067	2041
9067	2380
9067	2945
9067	4029
9067	4042
9067	4333
9067	5092
9067	6074
9067	6516
9067	8307
9067	8591
9067	9227
9067	9777
9067	9953
9075	3235
9075	6841
9075	7603
9075	7884
9075	9669
9075	9740
9078	626
9078	8967
9078	9206
9078	9410
9078	9480
9078	9610
9087	8220
9087	9570
9087	9819
9088	6756
9088	6913
9088	7258
9088	9291
9088	9426
9093	4595
9093	8417
9093	9767
9093	9923
9094	2287
9094	3403
9094	4700
9094	8556
9094	9515
9094	9527
9094	9902
9102	6803
9102	8888
9102	9683
9102	9758
9106	146
9106	3463
9106	4061
9106	7353
9106	7902
9106	8805
9106	9290
9106	9410
9110	6289
9110	6485
9110	6558
9110	9029
9110	9380
9110	9802
9133	3493
9133	3713
9133	4691
9133	4910
9133	5526
9133	6099
9133	6493
9133	6529
9133	6641
9133	6741
9133	7340
9133	7354
9133	7629
9133	8173
9133	8409
9133	8923
9133	9180
9133	9353
9133	9386
9133	9506
9133	9669
9133	9687
9133	9707
9141	960
9141	8828
9141	8932
9141	9594
9141	9790
9141	9941
9143	410
9143	3480
9143	4199
9143	8081
9143	8173
9143	9276
9143	9515
9143	9772
9143	9995
9146	4875
9146	5314
9146	6799
9146	8545
9146	9386
9146	9712
9157	7384
9157	9540
9160	2533
9160	5794
9160	6648
9160	6998
9160	7595
9160	7997
9160	9291
9160	9597
9160	9608
9162	944
9162	5921
9162	9720
9162	9759
9162	9988
9171	2108
9171	8997
9171	9960
9173	2046
9173	7291
9173	8755
9173	9670
9173	9740
9173	9819
9178	6558
9178	7701
9178	8205
9178	8743
9178	8997
9178	9017
9178	9608
9178	9965
9180	1146
9180	4094
9180	4251
9180	6099
9180	6493
9180	6529
9180	6741
9180	7128
9180	8923
9180	9133
9180	9353
9180	9386
9180	9687
9180	9707
9180	9777
9191	10
9191	6025
9191	7255
9191	9430
9191	9713
9201	2374
9201	6516
9201	8693
9203	1469
9203	5292
9203	6911
9203	8632
9204	4571
9204	5795
9204	6359
9204	6499
9204	9428
9204	9596
9204	9705
9206	4248
9206	8590
9206	9078
9206	9272
9206	9673
9206	9752
9208	4434
9208	6070
9208	6922
9208	7423
9208	7478
9208	7902
9208	8257
9208	9788
9208	9905
9208	9939
9223	4199
9223	4504
9223	7141
9223	7479
9223	8429
9223	8992
9223	9751
9227	618
9227	1927
9227	3509
9227	3818
9227	4070
9227	4333
9227	5092
9227	6286
9227	6516
9227	6536
9227	6785
9227	8016
9227	8307
9227	8347
9227	9067
9227	9385
9227	9566
9227	9787
9227	9991
9227	10000
9239	2274
9239	3733
9239	5188
9239	5808
9239	6641
9239	6960
9239	9292
9239	9305
9239	9644
9239	9902
9246	1754
9246	3952
9246	4643
9246	4738
9246	5494
9246	6197
9246	6803
9246	7109
9246	8654
9246	8849
9246	8942
9246	9017
9246	9610
9246	9983
9263	3035
9263	4211
9263	4371
9263	6089
9263	6318
9263	6754
9263	6870
9263	7720
9263	7884
9263	8307
9263	8855
9263	9721
9272	6914
9272	7289
9272	8137
9272	8592
9272	8803
9272	9206
9272	9654
9272	9667
9276	654
9276	710
9276	4060
9276	4400
9276	5231
9276	6393
9276	7069
9276	7092
9276	7137
9276	7847
9276	9143
9276	9426
9276	9664
9276	9670
9276	9740
9276	9772
9276	9780
9290	52
9290	1146
9290	1489
9290	2485
9290	5617
9290	6928
9290	8081
9290	8616
9290	8623
9290	8679
9290	9106
9290	9317
9290	9505
9290	9523
9290	9562
9290	9644
9291	28
9291	2108
9291	6948
9291	9088
9291	9160
9292	2274
9292	3097
9292	3733
9292	6641
9292	7137
9292	9239
9292	9883
9294	4691
9294	7586
9294	8747
9294	8792
9294	9473
9295	2102
9295	2823
9295	2962
9295	6339
9295	7384
9295	7402
9295	7627
9295	7720
9295	8326
9295	9723
9295	9916
9295	9965
9305	6861
9305	7109
9305	9239
9305	9386
9305	9972
9306	7769
9306	8774
9306	8803
9317	1816
9317	2485
9317	2866
9317	3861
9317	5617
9317	6620
9317	6960
9317	7476
9317	8081
9317	8340
9317	8410
9317	8556
9317	8623
9317	8679
9317	9017
9317	9290
9317	9505
9317	9523
9317	9540
9317	9620
9317	9644
9317	9683
9317	9748
9330	615
9330	6099
9330	6555
9330	6962
9330	8733
9332	2380
9332	8743
9332	9017
9338	407
9338	4455
9338	5262
9338	6456
9338	7660
9338	9721
9353	511
9353	1943
9353	3489
9353	4094
9353	4910
9353	6035
9353	6741
9353	7340
9353	7767
9353	8609
9353	9133
9353	9180
9353	9386
9353	9506
9353	9687
9353	9707
9353	9777
9353	9825
9353	9826
9353	9905
9356	4738
9356	6043
9356	6928
9356	8862
9356	9514
9357	8747
9357	9759
9359	6035
9359	6261
9359	9575
9359	9869
9367	462
9367	6638
9367	7420
9367	7446
9367	8149
9371	9620
9380	702
9380	7639
9380	9110
9380	9802
9380	9967
9385	483
9385	1469
9385	1532
9385	2287
9385	2507
9385	4333
9385	4876
9385	5515
9385	6074
9385	6541
9385	6785
9385	7016
9385	8591
9385	9227
9385	9566
9385	9597
9385	9939
9385	9953
9385	10000
9386	4433
9386	6099
9386	6529
9386	6741
9386	6831
9386	7128
9386	7340
9386	7345
9386	7446
9386	7463
9386	7767
9386	8923
9386	8976
9386	9133
9386	9146
9386	9180
9386	9305
9386	9353
9386	9478
9386	9506
9386	9559
9386	9687
9386	9707
9386	9777
9386	9973
9394	7267
9394	8279
9394	8425
9394	8560
9394	8572
9394	8923
9394	9419
9394	9939
9396	6499
9396	7267
9396	8279
9396	9540
9396	9675
9409	5982
9409	9669
9410	626
9410	2447
9410	3012
9410	3151
9410	3204
9410	4061
9410	7902
9410	8805
9410	9078
9410	9106
9410	9893
9410	9996
9419	7267
9419	8213
9419	8220
9419	8279
9419	9394
9423	9016
9426	2530
9426	4060
9426	5231
9426	6393
9426	7069
9426	7092
9426	7137
9426	8335
9426	8572
9426	8833
9426	9088
9426	9276
9426	9664
9426	9670
9426	9740
9428	4636
9428	7847
9428	8425
9428	9204
9428	9826
9430	3086
9430	6025
9430	9191
9430	9914
9430	9998
9444	6239
9444	7895
9444	8328
9444	8829
9444	9515
9455	4248
9455	8127
9455	8590
9455	8714
9455	9673
9455	9752
9455	9763
9461	6346
9461	6785
9461	7457
9461	7603
9461	9519
9461	9564
9461	9893
9461	9988
9464	3280
9464	4085
9464	5553
9464	8471
9464	8572
9464	8623
9464	8951
9473	5166
9473	5809
9473	6723
9473	8656
9473	9294
9473	9669
9473	9826
9473	9873
9477	2511
9477	3728
9477	6365
9477	7849
9477	8774
9477	8932
9477	9559
9477	9643
9477	9983
9478	4944
9478	6782
9478	7457
9478	8803
9478	9386
9478	9937
9478	9973
9480	5795
9480	7193
9480	7600
9480	7880
9480	8444
9480	8649
9480	9078
9480	9608
9482	4433
9482	4511
9482	5892
9487	4468
9487	6901
9487	7141
9505	1466
9505	5617
9505	5621
9505	6288
9505	6960
9505	7796
9505	8340
9505	8616
9505	8679
9505	9290
9505	9317
9505	9562
9505	9644
9506	4094
9506	6099
9506	6493
9506	6741
9506	7128
9506	7340
9506	8714
9506	8923
9506	9133
9506	9353
9506	9386
9506	9568
9506	9687
9506	9707
9506	9721
9506	9777
9513	278
9513	3230
9513	8992
9513	9687
9514	654
9514	1337
9514	1763
9514	2460
9514	2620
9514	3280
9514	3562
9514	4750
9514	4809
9514	4969
9514	5732
9514	8234
9514	8447
9514	9356
9514	9733
9515	1
9515	2046
9515	2381
9515	2531
9515	3059
9515	8127
9515	9094
9515	9143
9515	9444
9515	9542
9519	4467
9519	7997
9519	8355
9519	9461
9519	9790
9519	9825
9519	9953
9523	5621
9523	6960
9523	7796
9523	8340
9523	8616
9523	8623
9523	9290
9523	9317
9523	9568
9523	9644
9527	6244
9527	6782
9527	8938
9527	9094
9527	9633
9527	9752
9532	2215
9532	7016
9532	7595
9532	8307
9532	8701
9532	9575
9540	515
9540	1787
9540	7242
9540	8079
9540	8564
9540	9157
9540	9317
9540	9396
9540	9881
9542	3849
9542	4736
9542	5690
9542	7503
9542	8149
9542	9515
9546	689
9546	1817
9546	2014
9546	4593
9546	5312
9546	9589
9546	9816
9557	2274
9557	4803
9557	6328
9557	6648
9557	8360
9557	8656
9557	9941
9557	9963
9559	2511
9559	4264
9559	5056
9559	5143
9559	5492
9559	6075
9559	6365
9559	8932
9559	9386
9559	9477
9559	9643
9562	1816
9562	2981
9562	3861
9562	6877
9562	6960
9562	8081
9562	8340
9562	8616
9562	8803
9562	9290
9562	9505
9564	5399
9564	9461
9564	9707
9566	483
9566	511
9566	888
9566	1927
9566	4029
9566	4042
9566	4876
9566	5092
9566	5459
9566	5515
9566	6391
9566	6392
9566	6785
9566	7012
9566	7016
9566	8444
9566	8498
9566	8755
9566	8956
9566	9227
9566	9385
9566	9597
9566	9937
9566	9953
9567	2736
9567	4536
9567	6359
9567	7997
9567	8173
9568	874
9568	9506
9568	9523
9570	2246
9570	3012
9570	3880
9570	3952
9570	4629
9570	4803
9570	5188
9570	6297
9570	7472
9570	7745
9570	8116
9570	8830
9570	9087
9570	9616
9570	9670
9570	9944
9575	4720
9575	7193
9575	8650
9575	8861
9575	8888
9575	9359
9575	9532
9575	9597
9575	9629
9578	2617
9578	8958
9578	9620
9580	2158
9580	3675
9580	4435
9580	5570
9580	6359
9580	6499
9580	7184
9580	7366
9580	8409
9580	8848
9580	9596
9580	9633
9580	9705
9587	5526
9587	6074
9587	9751
9587	9826
9589	90
9589	2563
9589	8649
9589	8747
9589	9546
9589	9610
9589	9893
9593	2753
9593	6793
9593	7116
9593	9858
9594	6898
9594	7141
9594	8032
9594	8355
9594	8385
9594	9141
9594	9596
9595	2070
9595	4085
9595	6334
9595	6740
9595	7053
9595	7950
9595	8360
9595	8687
9596	6339
9596	6359
9596	6499
9596	7586
9596	8649
9596	8848
9596	9204
9596	9580
9596	9594
9596	9633
9596	9705
9597	286
9597	618
9597	1831
9597	1927
9597	2287
9597	2736
9597	3121
9597	3849
9597	4006
9597	4029
9597	4042
9597	4467
9597	5262
9597	5459
9597	5515
9597	6074
9597	6239
9597	6391
9597	6756
9597	6785
9597	6963
9597	7016
9597	7082
9597	7092
9597	7390
9597	7402
9597	7551
9597	8159
9597	8307
9597	8498
9597	9160
9597	9385
9597	9566
9597	9575
9597	9869
9597	9953
9602	1673
9602	2341
9602	6429
9602	7891
9602	8385
9602	9843
9602	9858
9602	9995
9608	4944
9608	5074
9608	6359
9608	7493
9608	8490
9608	9160
9608	9178
9608	9480
9609	2987
9609	9748
9610	3519
9610	3723
9610	7109
9610	8233
9610	8654
9610	8942
9610	9078
9610	9246
9610	9589
9610	9983
9616	3012
9616	4065
9616	4311
9616	4503
9616	4629
9616	5188
9616	6297
9616	8116
9616	8826
9616	8830
9616	9570
9616	9704
9620	1567
9620	2646
9620	5869
9620	6954
9620	9317
9620	9371
9620	9578
9629	1222
9629	4720
9629	7818
9629	8650
9629	8861
9629	9575
9629	9877
9633	1347
9633	3174
9633	3343
9633	5795
9633	6429
9633	6499
9633	6555
9633	7366
9633	8447
9633	8562
9633	8848
9633	9527
9633	9580
9633	9596
9633	9705
9633	9877
9637	6392
9637	6785
9637	7847
9637	7895
9637	7910
9637	7927
9643	3557
9643	4468
9643	5492
9643	6365
9643	7849
9643	8687
9643	8747
9643	8919
9643	8932
9643	9477
9643	9559
9644	213
9644	2295
9644	2485
9644	3861
9644	5617
9644	6928
9644	6960
9644	7796
9644	8616
9644	8623
9644	8679
9644	8805
9644	9239
9644	9290
9644	9317
9644	9505
9644	9523
9647	192
9647	1067
9647	1222
9647	1300
9647	1330
9647	1614
9647	1840
9647	2646
9647	3483
9647	3628
9647	4264
9647	4435
9647	5697
9647	6485
9647	6551
9647	7506
9647	7630
9647	7846
9647	8586
9647	8679
9647	9832
9654	1763
9654	1797
9654	3463
9654	5292
9654	8137
9654	8159
9654	8326
9654	8348
9654	8592
9654	8803
9654	9272
9654	9667
9654	9953
9664	654
9664	1146
9664	2530
9664	4400
9664	5231
9664	6393
9664	6928
9664	7069
9664	7092
9664	7097
9664	7137
9664	8429
9664	9276
9664	9426
9664	9670
9664	9740
9667	2627
9667	3684
9667	8137
9667	8159
9667	8803
9667	9272
9667	9654
9669	3403
9669	8747
9669	9075
9669	9133
9669	9409
9669	9473
9669	9675
9670	654
9670	2530
9670	4060
9670	4400
9670	5231
9670	6393
9670	7069
9670	7092
9670	7137
9670	8170
9670	8598
9670	9173
9670	9276
9670	9426
9670	9570
9670	9664
9670	9740
9673	3995
9673	4248
9673	5310
9673	8590
9673	8714
9673	8829
9673	9206
9673	9455
9673	9752
9675	6055
9675	6756
9675	9396
9675	9669
9675	9973
9683	6803
9683	8888
9683	9102
9683	9317
9683	9748
9683	9758
9687	2226
9687	3571
9687	6493
9687	6529
9687	6877
9687	7340
9687	7767
9687	8385
9687	8792
9687	8923
9687	8948
9687	9028
9687	9133
9687	9180
9687	9353
9687	9386
9687	9506
9687	9513
9687	9707
9687	9777
9687	9916
9704	4927
9704	4944
9704	5188
9704	8694
9704	8760
9704	8942
9704	9616
9705	3557
9705	6328
9705	6359
9705	6429
9705	6499
9705	7366
9705	8447
9705	8490
9705	8848
9705	9204
9705	9580
9705	9596
9705	9633
9707	3012
9707	4094
9707	4633
9707	4910
9707	6089
9707	6340
9707	6493
9707	6529
9707	6741
9707	7128
9707	7767
9707	8650
9707	8923
9707	8967
9707	9133
9707	9180
9707	9353
9707	9386
9707	9506
9707	9564
9707	9687
9707	9777
9712	886
9712	8774
9712	9146
9712	9790
9712	9960
9713	1454
9713	3097
9713	6070
9713	6288
9713	6948
9713	7193
9713	7487
9713	7602
9713	8774
9713	9191
9713	9945
9713	9996
9715	5353
9715	7325
9715	7654
9715	8849
9718	1067
9718	2508
9718	3241
9718	3489
9718	6563
9718	7139
9718	7767
9718	8957
9718	9064
9718	9740
9718	10000
9720	4201
9720	5262
9720	8455
9720	9162
9720	9914
9721	3035
9721	3910
9721	4371
9721	4928
9721	6089
9721	6359
9721	6754
9721	6870
9721	7720
9721	7884
9721	8326
9721	8592
9721	8855
9721	9263
9721	9338
9721	9506
9723	2102
9723	2962
9723	3676
9723	6339
9723	7384
9723	7472
9723	7627
9723	7927
9723	8326
9723	9295
9723	9784
9723	9983
9733	1337
9733	3280
9733	7508
9733	7929
9733	8747
9733	9514
9733	9902
9736	1964
9736	4212
9736	4647
9736	4969
9736	8437
9736	8586
9736	8643
9736	8848
9736	8923
9740	654
9740	2530
9740	4060
9740	4400
9740	5231
9740	5494
9740	6393
9740	7069
9740	7092
9740	7137
9740	8435
9740	9075
9740	9173
9740	9276
9740	9426
9740	9664
9740	9670
9740	9718
9746	1817
9746	1964
9746	3243
9746	8651
9746	9780
9748	2411
9748	3493
9748	7291
9748	8455
9748	8938
9748	9317
9748	9609
9748	9683
9748	9763
9751	3086
9751	7384
9751	8521
9751	9223
9751	9587
9751	9830
9751	9983
9752	3995
9752	4248
9752	4901
9752	8590
9752	8623
9752	8714
9752	9206
9752	9455
9752	9527
9752	9673
9758	6803
9758	7626
9758	8888
9758	9102
9758	9683
9759	3638
9759	8351
9759	8848
9759	9162
9759	9357
9759	9783
9763	4504
9763	9455
9763	9748
9767	5749
9767	6372
9767	6839
9767	7575
9767	8032
9767	8805
9767	9093
9767	9826
9772	515
9772	3287
9772	3803
9772	4919
9772	5515
9772	5616
9772	6244
9772	6497
9772	7101
9772	8127
9772	9143
9772	9276
9777	6099
9777	6741
9777	6872
9777	7128
9777	7340
9777	7767
9777	8693
9777	9067
9777	9180
9777	9353
9777	9386
9777	9506
9777	9687
9777	9707
9780	8692
9780	9276
9780	9746
9780	9972
9783	211
9783	2070
9783	2315
9783	4525
9783	5194
9783	6456
9783	6915
9783	7906
9783	8144
9783	8765
9783	9759
9783	9843
9784	3922
9784	5654
9784	6279
9784	8317
9784	8848
9784	9031
9784	9723
9787	3829
9787	4546
9787	6070
9787	7727
9787	8351
9787	8649
9787	8888
9787	9227
9788	1042
9788	3914
9788	4434
9788	6922
9788	8304
9788	9208
9788	9939
9790	886
9790	6265
9790	9141
9790	9519
9790	9712
9790	9960
9802	2667
9802	3851
9802	7082
9802	7384
9802	7639
9802	9110
9802	9380
9802	9967
9816	1787
9816	5472
9816	5749
9816	5982
9816	6632
9816	6962
9816	7184
9816	8116
9816	8788
9816	9546
9816	9941
9819	3992
9819	4292
9819	4452
9819	7291
9819	8576
9819	8755
9819	9087
9819	9173
9819	9833
9819	9973
9823	6839
9823	8645
9823	9029
9825	527
9825	5873
9825	7311
9825	7326
9825	7880
9825	8955
9825	9353
9825	9519
9825	9953
9826	2057
9826	5042
9826	5166
9826	7457
9826	7966
9826	8490
9826	8822
9826	9353
9826	9428
9826	9473
9826	9587
9826	9767
9826	9873
9830	702
9830	1013
9830	3851
9830	4622
9830	4777
9830	6740
9830	7503
9830	8299
9830	9751
9830	9973
9832	1024
9832	3479
9832	4803
9832	9647
9832	9945
9833	1253
9833	3905
9833	4027
9833	8417
9833	8951
9833	9819
9833	9923
9833	9976
9843	1673
9843	9602
9843	9783
9843	9995
9858	2547
9858	2753
9858	5517
9858	7116
9858	7423
9858	7506
9858	9593
9858	9602
9862	3235
9862	5547
9862	7603
9869	6035
9869	7786
9869	8033
9869	8149
9869	8760
9869	9359
9869	9597
9873	2057
9873	2667
9873	3557
9873	5042
9873	5166
9873	5882
9873	7340
9873	7654
9873	9473
9873	9826
9873	9983
9877	8669
9877	9629
9877	9633
9881	515
9881	3243
9881	4464
9881	4911
9881	5436
9881	6360
9881	7242
9881	7306
9881	7564
9881	8888
9881	9540
9883	874
9883	2547
9883	2635
9883	5123
9883	8855
9883	9292
9893	90
9893	2563
9893	9410
9893	9461
9893	9589
9899	7353
9899	8693
9902	4995
9902	5494
9902	6692
9902	6771
9902	8556
9902	9094
9902	9239
9902	9733
9902	9916
9905	618
9905	1398
9905	6289
9905	8774
9905	9208
9905	9353
9914	4546
9914	5111
9914	5262
9914	5808
9914	5817
9914	8919
9914	9059
9914	9430
9914	9720
9916	3403
9916	4700
9916	4995
9916	6692
9916	7141
9916	8556
9916	9295
9916	9687
9916	9902
9923	3905
9923	4251
9923	8340
9923	8417
9923	9093
9923	9833
9923	9939
9937	921
9937	6771
9937	8339
9937	8833
9937	9478
9937	9566
9939	1042
9939	4434
9939	6922
9939	7423
9939	7902
9939	9208
9939	9385
9939	9394
9939	9788
9939	9923
9941	3676
9941	6648
9941	7826
9941	8145
9941	9141
9941	9557
9941	9816
9941	9963
9944	1673
9944	2341
9944	5731
9944	6870
9944	7097
9944	7648
9944	7891
9944	8556
9944	8885
9944	9570
9944	9995
9945	1454
9945	3097
9945	4777
9945	5107
9945	6043
9945	6288
9945	6320
9945	7487
9945	7581
9945	8032
9945	8919
9945	9713
9945	9832
9945	9953
9945	9988
9945	9996
9953	286
9953	511
9953	1532
9953	2287
9953	2945
9953	4042
9953	4333
9953	4464
9953	4488
9953	4595
9953	4876
9953	6391
9953	6516
9953	7016
9953	8213
9953	8385
9953	8498
9953	8591
9953	9067
9953	9385
9953	9519
9953	9566
9953	9597
9953	9654
9953	9825
9953	9945
9960	10
9960	886
9960	6265
9960	7846
9960	8444
9960	9171
9960	9712
9960	9790
9963	3537
9963	6648
9963	8498
9963	8957
9963	9557
9963	9941
9965	4633
9965	5826
9965	7966
9965	8560
9965	8651
9965	9178
9965	9295
9967	1763
9967	3628
9967	7532
9967	8909
9967	9380
9967	9802
9972	2158
9972	2229
9972	3198
9972	4546
9972	4919
9972	5092
9972	5794
9972	7238
9972	8373
9972	9305
9972	9780
9973	2682
9973	4248
9973	7384
9973	8296
9973	9386
9973	9478
9973	9675
9973	9819
9973	9830
9976	6632
9976	6771
9976	7326
9976	7484
9976	7950
9976	8360
9976	8687
9976	8828
9976	9017
9976	9833
9983	1754
9983	2492
9983	4643
9983	4647
9983	6394
9983	7250
9983	7463
9983	8233
9983	8257
9983	8654
9983	8849
9983	8942
9983	9246
9983	9477
9983	9610
9983	9723
9983	9751
9983	9873
9985	4400
9985	5731
9985	6074
9985	6963
9985	8586
9985	8733
9988	2459
9988	3863
9988	5300
9988	7929
9988	8833
9988	9162
9988	9461
9988	9945
9988	9991
9991	3987
9991	4504
9991	7051
9991	7111
9991	7141
9991	8429
9991	8938
9991	9227
9991	9988
9995	1673
9995	2341
9995	3952
9995	7891
9995	9143
9995	9602
9995	9843
9995	9944
9996	633
9996	2545
9996	2753
9996	3097
9996	6043
9996	6288
9996	7193
9996	7487
9996	7581
9996	8694
9996	8919
9996	9410
9996	9713
9996	9945
9998	1557
9998	2215
9998	3914
9998	5101
9998	5830
9998	7503
9998	7858
9998	8822
9998	9430
10000	5439
10000	5801
10000	6563
10000	7139
10000	8385
10000	8560
10000	8957
10000	9064
10000	9227
10000	9385
10000	9718
