33	9668
36	6683
36	8760
94	9013
133	2526
180	1911
180	3334
180	6334
180	7372
180	7837
180	8817
180	9129
211	573
211	6913
211	7365
211	7455
211	8703
211	9783
211	9860
256	3514
256	6184
278	6949
278	7012
278	8725
278	9513
278	9789
278	9805
294	4131
294	6147
294	8719
294	9830
310	7339
310	7886
356	5057
356	6269
356	9373
356	9589
356	9769
356	9872
356	9893
391	3976
391	8580
397	5507
411	6913
411	8951
429	6378
429	7953
429	8106
429	8793
429	9611
429	9769
460	2797
503	8018
503	8793
503	9173
503	9296
503	9871
528	7678
528	9126
558	8030
572	7738
573	211
573	7467
573	7581
573	8919
573	9613
573	9698
573	9928
614	8133
614	9803
614	9860
616	7579
616	8137
616	8577
616	8739
616	9923
619	1226
619	9483
646	3558
695	3220
695	8389
721	5507
721	7900
721	9233
752	1482
752	5156
752	9111
761	1917
761	3615
761	4507
761	5245
761	6743
761	8617
761	9431
787	1166
787	2365
787	2925
787	5788
787	7539
787	8131
787	8792
807	2355
807	5033
807	5043
807	5909
807	9598
815	6028
815	8247
819	2339
819	8892
819	9783
828	3556
828	4516
828	5969
828	6743
828	9233
828	9491
867	9991
904	3448
904	9350
904	9789
904	9996
915	4352
915	5071
915	7303
915	8259
915	8529
915	8567
1106	6680
1106	8664
1106	8887
1106	9692
1106	9871
1166	787
1166	9536
1181	8725
1181	9013
1181	9766
1192	2526
1198	9410
1226	619
1226	3448
1226	3971
1226	5476
1226	5909
1226	9073
1226	9555
1237	7872
1237	9013
1270	7143
1270	9530
1293	5803
1304	9345
1304	9697
1338	5412
1338	7738
1378	1509
1378	3622
1378	5068
1378	5895
1378	7937
1378	8600
1399	7025
1399	7558
1399	7637
1415	9078
1415	9491
1415	9668
1415	9742
1415	9804
1436	6743
1436	8103
1436	8336
1436	8883
1450	2339
1482	752
1482	1635
1482	7953
1482	9611
1491	6622
1491	8816
1509	1378
1509	5301
1509	5531
1509	9373
1509	9893
1515	1990
1515	4210
1515	8508
1541	5414
1541	6147
1541	9410
1571	7738
1586	7837
1586	8018
1627	9983
1631	2040
1631	2777
1631	3234
1631	5671
1631	8050
1631	8525
1631	8608
1631	9254
1634	4047
1634	8680
1634	9426
1635	1482
1635	3193
1635	9083
1635	9965
1641	4352
1641	9809
1672	6147
1672	8036
1709	5423
1709	8887
1709	9753
1759	2797
1759	9582
1795	6552
1795	9550
1837	6970
1837	9945
1837	9996
1870	8577
1870	9751
1911	180
1911	3143
1911	5036
1911	6846
1917	761
1917	5223
1917	5631
1917	9534
1945	4997
1948	6622
1966	7969
1966	9274
1966	9753
1979	8126
1990	1515
1990	8608
1990	8680
1990	9565
2001	9191
2040	1631
2040	7311
2040	7771
2040	7880
2040	8170
2040	9825
2049	2355
2057	2890
2057	3415
2057	4436
2057	4863
2057	5229
2057	7432
2057	9826
2057	9873
2068	6147
2068	8323
2121	6853
2121	8600
2127	9598
2166	6197
2166	9923
2187	8126
2187	8657
2187	9483
2190	9404
2190	9827
2222	9411
2222	9420
2222	9610
2224	2436
2244	2774
2244	7187
2244	8103
2244	9528
2244	9848
2270	3298
2270	7562
2270	8066
2286	9399
2291	3613
2291	4156
2291	8242
2291	8424
2291	9150
2291	9240
2298	6853
2339	819
2339	1450
2339	7339
2339	7618
2339	7854
2339	8158
2339	8892
2339	9893
2345	6410
2345	8095
2352	7538
2352	7738
2352	9117
2355	807
2355	2049
2355	5447
2355	6080
2355	9240
2355	9351
2365	787
2365	8131
2365	8792
2379	6743
2379	9814
2383	7618
2383	8389
2383	8706
2383	8765
2383	9431
2383	9625
2393	5447
2393	6112
2393	6883
2397	9589
2405	3220
2405	6195
2425	7332
2425	8494
2425	9999
2436	2224
2436	3888
2436	4805
2436	6580
2436	7303
2436	7587
2436	8018
2436	9871
2442	6197
2442	9420
2442	9610
2471	3193
2471	3446
2471	7141
2471	8885
2471	9173
2478	5023
2478	6148
2478	7143
2478	9162
2478	9399
2478	9893
2487	6147
2526	133
2526	1192
2526	3514
2526	8251
2526	8890
2526	9583
2526	9943
2526	9984
2545	6043
2545	6320
2545	7193
2545	7909
2545	9350
2545	9996
2552	8039
2552	8224
2552	9922
2571	9549
2632	6812
2632	8323
2632	9073
2647	4131
2647	6147
2647	9410
2734	6227
2734	8031
2734	8218
2734	9226
2734	9931
2769	7570
2769	8782
2769	9925
2769	9928
2774	2244
2777	1631
2777	3622
2777	6410
2777	9254
2777	9641
2797	460
2797	1759
2797	5803
2797	8126
2797	8283
2797	9075
2797	9398
2797	9791
2797	9943
2801	7172
2801	9589
2801	9893
2805	4156
2805	5412
2805	7025
2805	8539
2806	9194
2806	9401
2814	7440
2814	8294
2814	8295
2814	8739
2814	9194
2814	9401
2819	6643
2819	8005
2819	8013
2819	9877
2845	8242
2845	8294
2845	9826
2874	4234
2874	7912
2874	9510
2874	9656
2884	3093
2884	4159
2884	7004
2884	9320
2884	9703
2884	9999
2890	2057
2894	7260
2905	7025
2905	7076
2905	7637
2905	9431
2925	787
2946	3975
2946	8525
2946	8725
2946	9587
2972	6147
3050	9373
3050	9589
3050	9893
3056	7618
3056	7962
3056	9736
3066	3507
3066	4563
3077	4608
3077	6062
3077	7189
3077	7371
3077	9155
3077	9697
3077	9750
3077	9952
3093	2884
3143	1911
3143	4997
3151	7902
3151	9077
3151	9410
3151	9803
3155	6683
3155	8407
3155	8554
3168	6878
3168	9284
3168	9345
3171	5789
3171	6836
3171	8827
3171	8994
3171	9344
3184	7291
3184	7902
3184	8030
3184	9173
3184	9922
3191	8768
3193	1635
3193	2471
3193	3334
3193	7260
3193	9129
3193	9405
3193	9635
3193	9668
3193	9991
3220	695
3220	2405
3220	5984
3220	7025
3220	9880
3226	8852
3234	1631
3234	9827
3242	4938
3298	2270
3298	8095
3298	8583
3298	8824
3298	9872
3327	8283
3327	9625
3329	6528
3329	9173
3329	9922
3334	180
3334	3193
3334	6632
3334	7629
3334	8224
3334	8739
3334	9274
3334	9437
3345	5531
3345	8043
3345	8246
3345	9269
3397	4339
3397	7187
3400	9162
3400	9914
3415	2057
3415	9632
3422	7332
3422	9740
3442	5157
3442	7004
3442	7009
3442	8007
3442	8808
3442	9491
3446	2471
3446	8168
3446	8885
3448	904
3448	1226
3448	8724
3448	9222
3448	9260
3475	6750
3490	5476
3490	8420
3490	8772
3490	8841
3490	9944
3505	8772
3507	3066
3507	4907
3507	5289
3507	7902
3508	8817
3508	9405
3508	9635
3514	256
3514	2526
3515	3975
3515	4977
3515	6206
3515	7012
3515	9587
3515	9879
3525	8007
3525	8216
3525	9966
3543	8050
3543	9376
3543	9406
3550	4156
3550	6772
3550	7449
3550	8114
3550	8248
3556	828
3556	6170
3556	6589
3556	7415
3556	7570
3556	9698
3558	646
3558	7193
3558	9945
3558	9996
3564	4352
3564	6412
3564	7962
3570	7343
3584	5586
3584	7919
3584	8248
3586	3945
3586	7340
3586	7767
3586	9777
3600	4156
3600	4159
3600	5041
3600	5253
3600	7352
3600	8760
3600	9925
3601	7854
3601	9879
3613	2291
3615	761
3622	1378
3622	2777
3622	6579
3622	8702
3622	9233
3663	7189
3663	7343
3663	9667
3665	4159
3677	7332
3677	9431
3686	8278
3686	9494
3687	4563
3687	9108
3698	5635
3714	5635
3714	9871
3785	8525
3785	8600
3785	8948
3785	9254
3791	8865
3791	9075
3791	9583
3791	9943
3791	9984
3822	9104
3822	9931
3846	5714
3846	8865
3855	6552
3855	8965
3855	9732
3858	5789
3858	7771
3858	8717
3858	9217
3873	6622
3873	8580
3873	9925
3873	9928
3878	5023
3878	8782
3878	8793
3878	9611
3888	2436
3888	6534
3888	8765
3888	8768
3888	8946
3888	9431
3894	5586
3894	7172
3894	7683
3945	3586
3945	4769
3945	5414
3945	6410
3945	8702
3945	8872
3945	9235
3945	9254
3945	9618
3945	9641
3962	5507
3962	9233
3971	1226
3971	4452
3971	8923
3971	9173
3971	9922
3975	2946
3975	3515
3975	4639
3975	6366
3975	6726
3975	7767
3975	8725
3975	8794
3975	9587
3975	9610
3976	391
3976	7065
3976	7579
3976	8529
3976	9401
3976	9565
3976	9880
3987	7480
3987	9991
4033	7978
4033	9235
4033	9339
4034	8133
4047	1634
4068	7496
4068	8336
4068	9880
4068	9999
4100	8865
4100	9957
4131	294
4131	2647
4131	6559
4131	9106
4131	9410
4132	8768
4150	5121
4150	8224
4156	2291
4156	2805
4156	3550
4156	3600
4156	7343
4156	7449
4156	7919
4156	8248
4156	8389
4156	9191
4157	4250
4157	9648
4159	2884
4159	3600
4159	3665
4159	7370
4159	9284
4159	9345
4159	9493
4168	8050
4168	8772
4168	9350
4168	9569
4185	5531
4185	9791
4185	9877
4186	4279
4186	6521
4186	9209
4210	1515
4210	6812
4210	8754
4210	9625
4234	2874
4234	4516
4234	5507
4234	6589
4234	9233
4234	9612
4236	7697
4236	9698
4250	4157
4250	8772
4279	4186
4279	6521
4279	7160
4329	6334
4339	3397
4339	5715
4339	6632
4339	8508
4339	8857
4352	915
4352	1641
4352	3564
4352	4541
4352	6830
4352	8197
4352	8567
4352	8851
4352	9582
4367	4783
4367	5285
4367	6315
4367	9043
4367	9972
4375	6970
4375	8039
4375	8887
4375	9731
4405	7900
4405	9826
4405	9873
4414	5803
4414	7912
4414	9656
4424	4541
4424	6043
4424	8919
4424	9945
4430	8817
4430	8931
4430	9162
4430	9530
4430	9914
4436	2057
4436	9826
4436	9873
4445	9828
4452	3971
4452	9922
4474	5262
4474	8887
4474	8931
4474	9530
4474	9914
4476	7260
4482	6227
4482	8133
4482	9399
4482	9494
4482	9803
4507	761
4507	7025
4507	8765
4507	8946
4507	9431
4507	9965
4509	6195
4509	6870
4509	8095
4509	8824
4509	9260
4509	9389
4509	9614
4509	9722
4516	828
4516	4234
4516	5507
4516	7854
4516	9233
4516	9618
4520	6909
4520	7372
4520	8569
4520	8577
4520	9407
4520	9565
4541	4352
4541	4424
4541	8851
4563	3066
4563	3687
4563	7610
4563	7900
4563	8034
4563	8972
4563	9108
4563	9309
4573	7260
4573	8529
4573	8817
4573	9129
4573	9635
4573	9639
4608	3077
4608	7468
4608	8126
4608	9578
4615	5289
4620	6410
4620	7962
4620	8050
4624	5886
4624	7683
4624	8294
4639	3975
4639	9036
4639	9411
4639	9587
4639	9662
4639	9879
4639	9969
4646	6307
4646	6932
4646	8901
4675	5989
4675	8198
4675	9864
4675	9918
4694	7466
4694	9698
4694	9744
4704	6904
4704	7407
4704	8224
4704	8975
4704	9170
4704	9541
4704	9672
4752	8295
4752	8959
4769	3945
4769	5714
4769	6423
4769	9736
4772	6410
4772	9510
4783	4367
4783	5537
4783	6580
4783	6886
4783	6982
4783	8111
4783	8139
4783	9078
4783	9653
4783	9742
4783	9804
4801	6334
4801	9310
4801	9410
4805	2436
4805	8336
4808	8030
4836	6632
4836	7738
4857	7065
4857	8577
4857	9401
4857	9565
4863	2057
4896	5766
4896	8661
4896	8890
4896	9158
4896	9583
4896	9606
4896	9984
4897	9401
4901	7332
4901	9752
4907	3507
4907	5304
4907	6147
4907	9406
4907	9410
4907	9965
4928	7377
4928	7863
4929	5033
4929	6970
4938	3242
4938	6589
4938	7415
4938	9233
4938	9417
4970	6521
4970	8794
4977	3515
4977	6246
4977	6818
4977	7343
4977	7449
4977	8114
4977	8248
4987	5125
4987	9093
4987	9111
4987	9923
4993	6197
4997	1945
4997	3143
4997	6887
4997	7218
5023	2478
5023	3878
5023	5892
5023	7953
5023	8793
5023	9611
5023	9733
5033	807
5033	4929
5033	9598
5036	1911
5036	7678
5036	8265
5036	8336
5036	9209
5036	9284
5036	9880
5041	3600
5041	6683
5041	8554
5041	8760
5043	807
5043	5164
5043	9312
5043	9827
5057	356
5057	7491
5068	1378
5068	7863
5071	915
5071	6958
5071	7080
5071	8951
5071	8952
5071	9598
5071	9966
5073	6878
5073	7172
5073	9373
5073	9589
5073	9893
5093	6683
5093	8407
5093	8554
5121	4150
5125	4987
5125	9880
5125	9991
5151	6347
5151	6680
5151	7752
5151	7982
5151	8865
5151	9075
5151	9984
5156	752
5156	6772
5156	6862
5156	9077
5156	9339
5157	3442
5157	6958
5157	9491
5164	5043
5177	5317
5177	9398
5177	9603
5207	6622
5207	8005
5222	7372
5222	9306
5222	9656
5223	1917
5223	6683
5223	8694
5229	2057
5229	9513
5229	9928
5229	9999
5245	761
5245	6970
5245	7558
5245	8461
5245	8765
5245	9431
5253	3600
5253	6108
5253	6683
5253	6743
5253	7984
5253	8251
5253	8760
5253	9194
5262	4474
5262	5402
5262	8043
5262	9914
5265	7370
5265	8919
5265	9284
5265	9493
5267	8018
5267	9972
5285	4367
5285	5560
5285	5909
5285	7466
5285	9648
5285	9702
5289	3507
5289	4615
5289	8717
5289	8719
5289	9106
5289	9410
5297	5430
5297	5886
5297	5974
5297	9410
5297	9892
5301	1509
5301	7172
5301	9310
5301	9589
5301	9893
5304	4907
5304	7902
5304	8719
5304	9106
5310	5909
5310	6197
5310	8323
5310	8594
5310	8661
5310	9555
5310	9625
5313	7579
5313	8577
5313	9194
5317	5177
5317	6580
5317	7535
5317	7863
5317	8364
5317	8664
5317	8754
5317	9296
5317	9871
5352	6862
5369	7738
5369	9054
5394	5892
5394	7509
5394	8106
5394	9827
5399	7187
5399	8271
5400	9431
5400	9752
5402	5262
5402	6622
5402	6954
5402	8772
5402	9350
5402	9569
5412	1338
5412	2805
5412	6412
5412	7701
5412	8039
5414	1541
5414	3945
5414	7937
5414	8525
5414	8608
5414	9269
5416	7509
5416	8484
5416	8959
5423	1709
5423	6184
5423	7538
5423	7701
5423	7739
5423	8015
5423	8569
5423	8887
5423	9410
5423	9517
5423	9753
5423	9775
5430	5297
5430	8901
5447	2355
5447	2393
5447	6883
5447	9350
5448	6287
5448	8994
5467	9991
5476	1226
5476	3490
5476	5909
5476	6278
5476	9059
5476	9625
5483	6683
5483	9420
5483	9610
5507	397
5507	721
5507	3962
5507	4234
5507	4516
5507	5586
5507	6125
5507	7415
5507	7738
5507	7923
5509	6353
5509	8943
5509	9622
5531	1509
5531	3345
5531	4185
5531	7606
5531	7674
5531	7688
5531	8043
5531	8168
5531	8231
5531	8974
5531	9269
5531	9648
5531	9735
5537	4783
5537	8841
5537	9752
5548	6958
5548	8817
5548	9019
5554	6334
5554	7641
5554	8699
5554	8817
5554	9250
5554	9405
5554	9635
5560	5285
5560	9744
5583	6287
5583	9966
5586	3584
5586	3894
5586	5507
5586	7468
5586	8423
5631	1917
5631	5823
5631	5909
5631	7219
5635	3698
5635	3714
5635	7533
5635	8133
5635	8943
5635	9226
5635	9399
5635	9494
5635	9766
5635	9803
5642	7537
5642	7581
5642	9191
5645	7978
5645	9193
5645	9587
5645	9750
5671	1631
5671	9216
5671	9777
5714	3846
5714	4769
5714	9736
5715	4339
5715	8952
5715	9922
5724	7260
5766	4896
5766	6904
5766	9611
5788	787
5788	5909
5788	8812
5788	9093
5788	9308
5788	9729
5788	9887
5789	3171
5789	3858
5789	6199
5789	8812
5789	8827
5789	9344
5789	9907
5803	1293
5803	2797
5803	4414
5803	6709
5803	7912
5803	9535
5803	9656
5823	5631
5823	8580
5823	9830
5837	6622
5837	9350
5837	9569
5837	9736
5886	4624
5886	5297
5886	7860
5886	9494
5892	5023
5892	5394
5892	8569
5895	1378
5895	8600
5895	9777
5909	807
5909	1226
5909	5285
5909	5310
5909	5476
5909	5631
5909	5788
5909	7509
5909	8198
5909	8323
5909	8892
5911	9254
5915	6108
5915	6438
5915	9104
5930	8852
5969	828
5969	9729
5969	9789
5974	5297
5974	7860
5974	8111
5974	8742
5984	3220
5984	7533
5984	9494
5984	9517
5989	4675
5989	7028
5989	8530
5989	9219
5989	9500
5989	9628
5989	9918
5989	9965
6028	815
6028	7332
6028	7515
6028	8034
6043	2545
6043	4424
6043	6320
6043	6970
6043	8919
6043	9945
6043	9996
6062	3077
6062	9513
6062	9589
6080	2355
6080	7358
6080	9560
6100	8111
6100	8617
6100	9170
6100	9618
6102	6750
6102	9389
6108	5253
6108	5915
6108	9104
6112	2393
6112	6206
6112	8050
6112	8772
6112	9350
6113	7904
6113	8138
6113	9168
6113	9729
6113	9983
6125	5507
6125	8138
6125	8420
6125	9364
6126	8079
6126	9235
6128	7854
6147	294
6147	1541
6147	1672
6147	2068
6147	2487
6147	2647
6147	2972
6147	4907
6147	7860
6147	8890
6147	9106
6147	9410
6148	2478
6148	9893
6170	3556
6170	9233
6173	8350
6173	9635
6173	9844
6178	7343
6178	7919
6178	8114
6178	8248
6178	9578
6184	256
6184	5423
6184	7594
6184	8015
6184	8326
6184	8887
6184	9753
6195	2405
6195	4509
6195	6347
6195	6750
6195	8211
6195	9389
6197	2166
6197	2442
6197	4993
6197	5310
6197	7250
6197	9598
6199	5789
6199	8994
6199	9344
6199	9972
6206	3515
6206	6112
6206	6622
6206	8050
6206	8772
6206	9569
6206	9578
6206	9969
6227	2734
6227	4482
6227	8031
6227	9226
6227	9931
6237	9702
6246	4977
6246	6818
6246	7343
6246	8114
6246	8248
6269	356
6269	8734
6269	8962
6269	9463
6272	6334
6272	6366
6272	7571
6272	7591
6272	8403
6272	8817
6272	9635
6278	5476
6278	9969
6285	9612
6287	5448
6287	5583
6287	7741
6287	8734
6287	8962
6287	8974
6287	9463
6306	9491
6306	9848
6307	4646
6307	8583
6307	8608
6307	9914
6312	8680
6315	4367
6320	2545
6320	6043
6320	7193
6320	7467
6320	8702
6320	9945
6333	8817
6334	180
6334	4329
6334	4801
6334	5554
6334	6272
6334	6836
6334	6870
6334	6905
6334	7260
6334	7571
6334	7641
6334	9405
6334	9595
6347	5151
6347	6195
6347	7004
6347	7025
6347	7558
6347	7618
6347	8331
6347	8461
6347	8725
6347	8765
6347	8946
6347	9431
6347	9615
6347	9803
6353	5509
6353	7943
6353	8336
6353	8464
6353	8680
6353	9730
6353	9731
6353	9794
6366	3975
6366	6272
6366	7571
6366	9129
6366	9405
6366	9635
6378	429
6378	7172
6378	8323
6378	8887
6378	9555
6378	9625
6410	2345
6410	2777
6410	3945
6410	4620
6410	4772
6410	7496
6410	8782
6410	8948
6410	9641
6412	3564
6412	5412
6412	7562
6412	8039
6412	9398
6423	4769
6423	8139
6438	5915
6438	8827
6438	9104
6460	7193
6460	7533
6460	7794
6460	9828
6460	9945
6460	9996
6515	7372
6515	9306
6515	9477
6515	9698
6517	9157
6517	9193
6520	7183
6521	4186
6521	4279
6521	4970
6521	6855
6521	8407
6521	8608
6523	9235
6523	9241
6528	3329
6528	8031
6528	9173
6528	9922
6534	3888
6534	7076
6534	7558
6534	7618
6534	8461
6534	8946
6534	9431
6534	9587
6534	9809
6541	8290
6541	9284
6541	9345
6542	8768
6542	9668
6552	1795
6552	3855
6552	6932
6552	8050
6552	8079
6552	9157
6552	9570
6552	9732
6559	4131
6559	7902
6559	8719
6559	9106
6559	9410
6559	9777
6579	3622
6579	7738
6579	8793
6579	9117
6580	2436
6580	4783
6580	5317
6580	6586
6580	7535
6580	7863
6580	8018
6580	8664
6580	9296
6580	9871
6580	9931
6586	6580
6586	9957
6589	3556
6589	4234
6589	4938
6589	8247
6589	8694
6589	9233
6594	6895
6600	8242
6600	8892
6621	7508
6621	7738
6621	9417
6622	1491
6622	1948
6622	3873
6622	5207
6622	5402
6622	5837
6622	6206
6622	6883
6622	8050
6622	8110
6622	8494
6622	9310
6622	9350
6622	9420
6622	9569
6629	8694
6629	8765
6632	3334
6632	4339
6632	4836
6643	2819
6643	7988
6643	8827
6678	7854
6678	8137
6678	8725
6678	9036
6678	9411
6678	9879
6680	1106
6680	5151
6680	8664
6680	9296
6680	9477
6680	9864
6680	9871
6683	36
6683	3155
6683	5041
6683	5093
6683	5223
6683	5253
6683	5483
6683	7737
6683	7888
6683	7969
6683	7984
6683	8554
6683	8705
6683	8760
6683	9258
6683	9844
6709	5803
6709	7912
6709	9656
6709	9814
6712	8852
6712	9054
6712	9698
6726	3975
6726	8892
6743	761
6743	828
6743	1436
6743	2379
6743	5253
6743	9162
6743	9296
6743	9530
6743	9914
6750	3475
6750	6102
6750	6195
6750	6845
6750	6896
6750	7050
6750	7558
6750	8066
6750	8218
6772	3550
6772	5156
6773	7260
6773	7571
6773	7629
6773	9129
6773	9405
6789	8901
6800	7183
6800	9742
6812	2632
6812	4210
6812	7697
6812	8931
6812	9059
6812	9073
6812	9555
6812	9625
6818	4977
6818	6246
6818	7343
6818	7919
6830	4352
6830	7303
6830	8851
6830	9083
6836	3171
6836	6334
6845	6750
6845	9260
6845	9389
6846	1911
6846	9457
6853	2121
6853	2298
6853	8600
6853	8608
6853	8702
6853	9641
6855	6521
6855	8794
6859	6862
6859	9624
6859	9766
6862	5156
6862	5352
6862	6859
6862	7467
6862	8005
6862	8013
6862	9598
6862	9877
6870	4509
6870	6334
6870	8768
6870	9944
6878	3168
6878	5073
6878	7902
6878	8290
6878	8569
6878	9345
6878	9493
6879	7909
6879	9219
6879	9296
6883	2393
6883	5447
6883	6622
6883	8772
6883	9569
6883	9614
6886	4783
6886	9923
6887	4997
6887	9534
6895	6594
6895	7509
6895	8455
6895	8484
6895	8959
6895	9612
6895	9879
6896	6750
6896	8852
6896	9582
6904	4704
6904	5766
6904	7219
6905	6334
6909	4520
6909	7065
6909	8138
6909	8294
6909	8794
6909	9401
6909	9407
6909	9565
6913	211
6913	411
6913	8760
6913	9451
6913	9702
6932	4646
6932	6552
6932	7822
6949	278
6949	8883
6954	5402
6954	7601
6954	9698
6956	8283
6956	8768
6958	5071
6958	5157
6958	5548
6958	9168
6970	1837
6970	4375
6970	4929
6970	5245
6970	6043
6970	7467
6970	8919
6970	9075
6970	9309
6970	9996
6982	4783
6982	7871
6982	8389
6982	9494
7004	2884
7004	3442
7004	6347
7004	8865
7004	9703
7009	3442
7009	8765
7009	8808
7009	9491
7009	9528
7012	278
7012	3515
7012	8725
7012	9848
7025	1399
7025	2805
7025	2905
7025	3220
7025	4507
7025	6347
7025	7637
7025	8043
7025	8765
7028	5989
7028	7340
7028	8852
7028	9864
7028	9918
7028	9931
7032	7193
7032	7432
7032	8040
7032	9193
7032	9404
7045	7260
7045	9111
7045	9344
7050	6750
7050	8706
7050	8824
7050	9389
7065	3976
7065	4857
7065	6909
7065	8294
7065	8594
7065	9194
7065	9401
7065	9405
7065	9407
7065	9702
7076	2905
7076	6534
7076	7558
7076	7637
7076	8050
7076	8461
7076	8946
7076	9431
7080	5071
7080	9019
7121	9191
7125	7260
7125	7581
7125	9250
7125	9350
7125	9860
7141	2471
7141	7969
7141	9223
7141	9487
7141	9991
7143	1270
7143	2478
7143	7303
7143	8975
7143	9914
7145	8959
7151	7856
7151	8801
7160	4279
7160	7371
7160	7386
7160	8946
7160	9892
7172	2801
7172	3894
7172	5073
7172	5301
7172	6378
7172	7558
7172	9373
7172	9589
7172	9893
7183	6520
7183	6800
7183	9803
7187	2244
7187	3397
7187	5399
7187	8271
7187	9023
7187	9250
7189	3077
7189	3663
7189	9155
7189	9517
7189	9750
7189	9952
7189	9972
7193	2545
7193	3558
7193	6320
7193	6460
7193	7032
7193	7581
7193	8529
7193	8919
7193	9996
7195	7988
7195	8365
7195	9043
7195	9622
7208	9791
7208	9925
7218	4997
7218	8336
7218	8570
7218	9510
7218	9662
7219	5631
7219	6904
7219	9692
7219	9729
7250	6197
7250	9226
7250	9420
7250	9983
7260	2894
7260	3193
7260	4476
7260	4573
7260	5724
7260	6334
7260	6773
7260	7045
7260	7125
7260	7641
7260	8657
7260	8817
7260	9129
7260	9405
7260	9635
7291	3184
7291	9173
7291	9922
7303	915
7303	2436
7303	6830
7303	7143
7303	8259
7311	2040
7311	7771
7311	8297
7311	8717
7311	8887
7311	9217
7311	9825
7311	9847
7332	2425
7332	3422
7332	3677
7332	4901
7332	6028
7332	7617
7332	8034
7332	8479
7332	9966
7339	310
7339	2339
7339	8661
7339	9077
7340	3586
7340	7028
7340	8923
7340	9133
7340	9777
7340	9873
7343	3570
7343	3663
7343	4156
7343	4977
7343	6178
7343	6246
7343	6818
7343	7449
7343	7508
7343	7591
7343	8114
7343	9487
7343	9633
7352	3600
7352	8554
7352	9083
7352	9108
7352	9411
7352	9587
7358	6080
7358	7738
7358	9117
7358	9965
7365	211
7365	9860
7370	4159
7370	5265
7370	7923
7370	8569
7370	9284
7370	9345
7371	3077
7371	7160
7371	7386
7371	7834
7371	7938
7371	8066
7371	8110
7372	180
7372	4520
7372	5222
7372	6515
7372	7583
7372	9306
7372	9493
7372	9698
7372	9733
7377	4928
7377	8661
7377	9059
7377	9073
7377	9555
7377	9625
7386	7160
7386	7371
7386	9814
7407	4704
7407	9541
7407	9672
7415	3556
7415	4938
7415	5507
7415	7835
7415	9233
7432	2057
7432	7032
7432	8494
7432	9873
7434	8852
7440	2814
7440	9656
7449	3550
7449	4156
7449	4977
7449	7343
7449	7919
7449	8114
7449	9054
7455	211
7455	7480
7463	8919
7463	9284
7463	9983
7466	4694
7466	5285
7466	9744
7466	9879
7467	573
7467	6320
7467	6862
7467	6970
7467	8919
7467	9945
7467	9996
7468	4608
7468	5586
7480	3987
7480	7455
7480	8198
7491	5057
7496	4068
7496	6410
7508	6621
7508	7343
7508	9083
7508	9733
7509	5394
7509	5416
7509	5909
7509	6895
7509	8420
7509	8484
7509	8959
7509	9612
7509	9669
7515	6028
7515	7727
7515	8034
7515	8975
7515	9530
7515	9966
7522	7923
7522	8403
7522	9075
7533	5635
7533	5984
7533	6460
7533	9399
7533	9803
7533	9952
7535	5317
7535	6580
7535	8018
7535	8664
7535	8792
7535	9296
7535	9871
7537	5642
7537	8479
7537	9191
7538	2352
7538	5423
7538	7594
7538	9753
7539	787
7558	1399
7558	5245
7558	6347
7558	6534
7558	6750
7558	7076
7558	7172
7558	7637
7558	8350
7558	8461
7558	8765
7558	8946
7558	9431
7562	2270
7562	6412
7562	8247
7562	8543
7562	9493
7570	2769
7570	3556
7570	7900
7570	8216
7570	9828
7570	9925
7570	9928
7570	9944
7571	6272
7571	6334
7571	6366
7571	6773
7571	9129
7571	9306
7571	9405
7571	9635
7579	616
7579	3976
7579	5313
7579	8295
7579	8529
7579	8577
7579	9043
7579	9194
7579	9407
7579	9565
7580	8044
7580	8246
7580	9216
7580	9751
7581	573
7581	5642
7581	7125
7581	7193
7581	8951
7581	9945
7581	9996
7583	7372
7583	7697
7583	9698
7587	2436
7587	7863
7587	8018
7587	9296
7587	9871
7591	6272
7591	7343
7591	7629
7591	7641
7591	8424
7591	8817
7591	9405
7591	9635
7594	6184
7594	7538
7594	8015
7594	8247
7594	8887
7594	9753
7601	6954
7601	7919
7603	9075
7603	9461
7603	9639
7606	5531
7608	8661
7608	9404
7610	4563
7610	8972
7610	9108
7610	9944
7616	7902
7616	9632
7616	9668
7616	9877
7616	9887
7617	7332
7617	8801
7617	9067
7617	9877
7618	2339
7618	2383
7618	3056
7618	6347
7618	6534
7618	7637
7618	8461
7618	8594
7618	8765
7618	8946
7618	9431
7629	3334
7629	6773
7629	7591
7629	9129
7629	9133
7629	9405
7629	9635
7637	1399
7637	2905
7637	7025
7637	7076
7637	7558
7637	7618
7637	8461
7637	8765
7637	8946
7637	9431
7637	9603
7640	9401
7641	5554
7641	6334
7641	7260
7641	7591
7641	8817
7641	9129
7657	8608
7657	9451
7657	9733
7674	5531
7674	8583
7678	528
7678	5036
7678	9240
7678	9872
7683	3894
7683	4624
7683	9314
7683	9769
7688	5531
7688	8043
7688	8231
7688	8974
7688	9269
7688	9351
7688	9648
7697	4236
7697	6812
7697	7583
7697	7860
7697	9698
7697	9848
7701	5412
7701	5423
7701	8136
7718	7943
7718	8812
7718	8827
7718	8994
7718	9344
7718	9732
7727	7515
7727	8801
7727	9794
7737	6683
7737	9969
7738	572
7738	1338
7738	1571
7738	2352
7738	4836
7738	5369
7738	5507
7738	6579
7738	6621
7738	7358
7738	9054
7738	9117
7738	9457
7739	5423
7739	8951
7739	9093
7739	9111
7739	9399
7739	9923
7741	6287
7741	9731
7752	5151
7752	7982
7752	8865
7752	8890
7752	9158
7752	9398
7752	9669
7752	9791
7752	9984
7767	3586
7767	3975
7767	7919
7767	9536
7767	9777
7771	2040
7771	3858
7771	7311
7771	7880
7771	8197
7771	8297
7771	9217
7771	9560
7771	9752
7771	9825
7778	9612
7794	6460
7794	9613
7794	9735
7822	6932
7822	8043
7822	8974
7822	9213
7822	9648
7822	9827
7834	7371
7834	9530
7834	9844
7835	7415
7835	8768
7835	9871
7837	180
7837	1586
7837	8066
7854	2339
7854	3601
7854	4516
7854	6128
7854	6678
7854	8725
7854	9036
7854	9519
7854	9587
7854	9618
7854	9662
7854	9879
7856	7151
7856	8801
7856	9483
7860	5886
7860	5974
7860	6147
7860	7697
7860	8278
7860	9944
7863	4928
7863	5068
7863	5317
7863	6580
7863	7587
7863	8664
7863	9213
7863	9296
7863	9667
7863	9871
7871	6982
7871	8389
7872	1237
7872	8543
7872	9254
7880	2040
7880	7771
7880	9217
7880	9451
7880	9825
7886	310
7886	8865
7886	9411
7888	6683
7888	9055
7888	9615
7888	9814
7894	8211
7894	9828
7894	9918
7900	721
7900	4405
7900	4563
7900	7570
7902	3151
7902	3184
7902	3507
7902	5304
7902	6559
7902	6878
7902	7616
7902	8719
7902	9106
7902	9410
7904	6113
7909	2545
7909	6879
7909	9155
7909	9373
7909	9437
7912	2874
7912	4414
7912	5803
7912	6709
7912	9606
7912	9656
7919	3584
7919	4156
7919	6178
7919	6818
7919	7449
7919	7601
7919	7767
7919	8114
7919	8248
7919	8600
7919	9535
7923	5507
7923	7370
7923	7522
7923	8403
7923	9628
7923	9872
7937	1378
7937	5414
7937	8525
7937	8600
7937	8702
7937	8948
7937	9254
7937	9907
7938	7371
7938	8247
7943	6353
7943	7718
7943	8126
7943	8246
7946	8801
7946	8975
7946	9603
7953	429
7953	1482
7953	5023
7953	8717
7953	8793
7953	9611
7962	3056
7962	3564
7962	4620
7962	8039
7962	9059
7969	1966
7969	6683
7969	7141
7969	9223
7969	9510
7969	9991
7978	4033
7978	5645
7978	8138
7978	9235
7982	5151
7982	7752
7982	9075
7982	9158
7982	9398
7982	9583
7982	9791
7982	9984
7984	5253
7984	6683
7984	8407
7984	8554
7988	6643
7988	7195
7988	8959
7988	9043
7988	9622
8005	2819
8005	5207
8005	6862
8005	8030
8005	9877
8007	3442
8007	3525
8007	8110
8007	8136
8007	8216
8007	8743
8007	9966
8013	2819
8013	6862
8013	9877
8015	5423
8015	6184
8015	7594
8015	8887
8015	9753
8015	9871
8018	503
8018	1586
8018	2436
8018	5267
8018	6580
8018	7535
8018	7587
8018	8036
8018	8664
8018	8699
8018	9173
8018	9296
8018	9703
8018	9871
8018	9966
8022	8331
8022	8768
8022	8883
8022	9613
8030	558
8030	3184
8030	4808
8030	8005
8030	9217
8030	9241
8030	9262
8030	9639
8030	9759
8031	2734
8031	6227
8031	6528
8031	9549
8031	9931
8034	4563
8034	6028
8034	7332
8034	7515
8034	8247
8034	9966
8036	1672
8036	8018
8036	9828
8039	2552
8039	4375
8039	5412
8039	6412
8039	7962
8039	9067
8039	9213
8040	7032
8040	9528
8043	3345
8043	5262
8043	5531
8043	7025
8043	7688
8043	7822
8043	8231
8043	9648
8044	7580
8044	9216
8044	9751
8044	9923
8050	1631
8050	3543
8050	4168
8050	4620
8050	6112
8050	6206
8050	6552
8050	6622
8050	7076
8050	8464
8050	8772
8050	8901
8050	9350
8050	9569
8066	2270
8066	6750
8066	7371
8066	7837
8066	8095
8066	8824
8066	9260
8066	9530
8079	6126
8079	6552
8095	2345
8095	3298
8095	4509
8095	8066
8095	8824
8095	9260
8103	1436
8103	2244
8103	9598
8106	429
8106	5394
8106	9972
8110	6622
8110	7371
8110	8007
8110	9389
8111	4783
8111	5974
8111	6100
8111	8139
8111	8479
8111	9078
8111	9742
8111	9804
8114	3550
8114	4977
8114	6178
8114	6246
8114	7343
8114	7449
8114	7919
8114	9583
8126	1979
8126	2187
8126	2797
8126	4608
8126	7943
8126	8246
8126	9759
8129	8827
8129	8994
8129	9991
8131	787
8131	2365
8131	8421
8131	9308
8131	9667
8131	9729
8133	614
8133	4034
8133	4482
8133	5635
8133	8965
8133	9055
8133	9399
8133	9494
8136	7701
8136	8007
8136	9582
8137	616
8137	6678
8137	9284
8137	9667
8138	6113
8138	6125
8138	6909
8138	7978
8138	8265
8138	9168
8138	9628
8139	4783
8139	6423
8139	8111
8139	9078
8139	9615
8139	9742
8139	9804
8158	2339
8158	9880
8168	3446
8168	5531
8168	8294
8168	9103
8168	9984
8170	2040
8170	8326
8197	4352
8197	7771
8197	9309
8198	4675
8198	5909
8198	7480
8198	8801
8206	9155
8206	9461
8206	9519
8206	9632
8206	9633
8206	9983
8211	6195
8211	7894
8216	3525
8216	7570
8216	8007
8216	9966
8218	2734
8218	6750
8218	9389
8224	2552
8224	3334
8224	4150
8224	4704
8224	9407
8231	5531
8231	7688
8231	8043
8231	8974
8231	9648
8242	2291
8242	2845
8242	6600
8242	8851
8242	8951
8242	9996
8246	3345
8246	7580
8246	7943
8246	8126
8246	8702
8247	815
8247	6589
8247	7562
8247	7594
8247	7938
8247	8034
8247	8479
8247	9966
8248	3550
8248	3584
8248	4156
8248	4977
8248	6178
8248	6246
8248	7919
8248	9931
8251	2526
8251	5253
8251	9805
8255	8793
8255	8951
8259	915
8259	7303
8259	8851
8259	9077
8259	9417
8259	9742
8265	5036
8265	8138
8265	9364
8265	9887
8271	5399
8271	7187
8278	3686
8278	7860
8278	9093
8278	9833
8283	2797
8283	3327
8283	6956
8283	9692
8283	9794
8283	9880
8283	9914
8290	6541
8290	6878
8290	8569
8290	9284
8290	9345
8290	9405
8290	9493
8290	9804
8294	2814
8294	2845
8294	4624
8294	6909
8294	7065
8294	8168
8294	8295
8294	8529
8294	8577
8294	8594
8294	8739
8294	9194
8294	9407
8294	9610
8295	2814
8295	4752
8295	7579
8295	8294
8295	8529
8295	8594
8295	9401
8295	9407
8295	9565
8295	9794
8297	7311
8297	7771
8297	8420
8297	9451
8297	9751
8297	9825
8297	9833
8323	2068
8323	2632
8323	5310
8323	5909
8323	6378
8323	8661
8323	9059
8323	9555
8323	9625
8324	9887
8326	6184
8326	8170
8326	9703
8331	6347
8331	8022
8331	9191
8331	9262
8336	1436
8336	4068
8336	4805
8336	5036
8336	6353
8336	7218
8336	9168
8336	9209
8336	9880
8350	6173
8350	7558
8350	9534
8350	9844
8364	5317
8365	7195
8365	8575
8365	9043
8365	9622
8388	8852
8388	9457
8388	9864
8388	9944
8389	695
8389	2383
8389	4156
8389	6982
8389	7871
8403	6272
8403	7522
8403	7923
8403	9752
8406	9534
8407	3155
8407	5093
8407	6521
8407	7984
8407	8554
8407	9648
8420	3490
8420	6125
8420	7509
8420	8297
8420	8455
8420	8959
8421	8131
8421	8812
8421	9401
8421	9828
8423	5586
8424	2291
8424	7591
8424	9168
8424	9603
8455	6895
8455	8420
8455	8484
8455	8959
8461	5245
8461	6347
8461	6534
8461	7076
8461	7558
8461	7618
8461	7637
8461	8577
8461	8765
8461	8946
8461	9431
8461	9847
8464	6353
8464	8050
8464	8852
8464	9730
8464	9794
8479	7332
8479	7537
8479	8111
8479	8247
8479	9966
8484	5416
8484	6895
8484	7509
8484	8455
8484	8959
8484	9344
8494	2425
8494	6622
8494	7432
8508	1515
8508	4339
8508	9595
8525	1631
8525	2946
8525	3785
8525	5414
8525	7937
8525	8617
8525	8702
8525	8948
8525	9254
8525	9641
8525	9914
8529	915
8529	3976
8529	4573
8529	7193
8529	7579
8529	8294
8529	8295
8529	8739
8529	8974
8529	9401
8529	9407
8529	9565
8530	5989
8530	8703
8539	2805
8539	8827
8539	9344
8543	7562
8543	7872
8543	8816
8543	8817
8554	3155
8554	5041
8554	5093
8554	6683
8554	7352
8554	7984
8554	8407
8554	8760
8554	9262
8554	9411
8567	915
8567	4352
8567	8851
8567	9744
8569	4520
8569	5423
8569	5892
8569	6878
8569	7370
8569	8290
8569	9217
8569	9284
8569	9493
8570	7218
8570	9510
8570	9530
8575	8365
8575	9043
8575	9622
8577	616
8577	1870
8577	4520
8577	4857
8577	5313
8577	7579
8577	8294
8577	8461
8577	8594
8577	9401
8577	9833
8580	391
8580	3873
8580	5823
8583	3298
8583	6307
8583	7674
8594	5310
8594	7065
8594	7618
8594	8294
8594	8295
8594	8577
8594	9194
8594	9401
8600	1378
8600	2121
8600	3785
8600	5895
8600	6853
8600	7919
8600	7937
8600	8608
8600	8948
8608	1631
8608	1990
8608	5414
8608	6307
8608	6521
8608	6853
8608	7657
8608	8600
8608	8948
8608	9023
8608	9043
8608	9059
8608	9254
8608	9641
8617	761
8617	6100
8617	8525
8617	9618
8617	9622
8657	2187
8657	7260
8657	9226
8657	9389
8657	9828
8661	4896
8661	5310
8661	7339
8661	7377
8661	7608
8661	8323
8661	9510
8661	9536
8661	9555
8661	9625
8664	1106
8664	5317
8664	6580
8664	6680
8664	7535
8664	7863
8664	8018
8664	9296
8664	9589
8664	9871
8676	9233
8680	1634
8680	1990
8680	6312
8680	6353
8680	9730
8680	9794
8680	9931
8694	5223
8694	6589
8694	6629
8694	9437
8694	9732
8694	9844
8694	9996
8699	5554
8699	8018
8699	9996
8702	3622
8702	3945
8702	6320
8702	6853
8702	7937
8702	8246
8702	8525
8702	8948
8702	9254
8702	9641
8703	211
8703	8530
8703	9783
8703	9860
8705	6683
8706	2383
8706	7050
8706	8948
8717	3858
8717	5289
8717	7311
8717	7953
8717	9217
8717	9451
8719	294
8719	5289
8719	5304
8719	6559
8719	7902
8719	9106
8719	9410
8724	3448
8724	9222
8725	278
8725	1181
8725	2946
8725	3975
8725	6347
8725	6678
8725	7012
8725	7854
8725	8841
8725	9036
8725	9411
8725	9750
8725	9827
8725	9879
8734	6269
8734	6287
8734	8857
8734	8948
8734	8962
8734	9191
8739	616
8739	2814
8739	3334
8739	8294
8739	8529
8739	9194
8739	9401
8739	9431
8739	9477
8739	9565
8739	9931
8742	5974
8742	9493
8743	8007
8743	9582
8754	4210
8754	5317
8754	9126
8760	36
8760	3600
8760	5041
8760	5253
8760	6683
8760	6913
8760	8554
8765	2383
8765	3888
8765	4507
8765	5245
8765	6347
8765	6629
8765	7009
8765	7025
8765	7558
8765	7618
8765	7637
8765	8461
8765	8946
8765	9431
8765	9783
8765	9918
8768	3191
8768	3888
8768	4132
8768	6542
8768	6870
8768	6956
8768	7835
8768	8022
8768	9254
8768	9550
8772	3490
8772	3505
8772	4168
8772	4250
8772	5402
8772	6112
8772	6206
8772	6883
8772	8050
8772	8817
8772	9240
8772	9284
8772	9318
8772	9569
8782	2769
8782	3878
8782	6410
8782	9170
8782	9722
8782	9775
8792	787
8792	2365
8792	7535
8792	9809
8792	9847
8793	429
8793	503
8793	3878
8793	5023
8793	6579
8793	7953
8793	8255
8793	9241
8793	9611
8794	3975
8794	4970
8794	6855
8794	6909
8794	9570
8794	9965
8801	7151
8801	7617
8801	7727
8801	7856
8801	7946
8801	8198
8801	9368
8801	9411
8801	9477
8808	3442
8808	7009
8808	9491
8808	9581
8808	9828
8808	9943
8812	5788
8812	5789
8812	7718
8812	8421
8812	8994
8816	1491
8816	8543
8816	9274
8816	9669
8816	9766
8817	180
8817	3508
8817	4430
8817	4573
8817	5548
8817	5554
8817	6272
8817	6333
8817	7260
8817	7591
8817	7641
8817	8543
8817	8772
8817	9405
8817	9635
8824	3298
8824	4509
8824	7050
8824	8066
8824	8095
8824	9129
8824	9260
8824	9389
8824	9500
8824	9628
8827	3171
8827	5789
8827	6438
8827	6643
8827	7718
8827	8129
8827	8539
8827	9219
8827	9344
8827	9404
8827	9740
8841	3490
8841	5537
8841	8725
8841	9828
8841	9931
8841	9944
8846	9398
8846	9603
8846	9667
8846	9803
8851	4352
8851	4541
8851	6830
8851	8242
8851	8259
8851	8567
8851	9702
8851	9804
8852	3226
8852	5930
8852	6712
8852	6896
8852	7028
8852	7434
8852	8388
8852	8464
8852	9269
8857	4339
8857	8734
8865	3791
8865	3846
8865	4100
8865	5151
8865	7004
8865	7752
8865	7886
8865	8890
8865	9103
8865	9158
8865	9398
8865	9791
8865	9943
8865	9984
8872	3945
8872	9213
8883	1436
8883	6949
8883	8022
8883	9209
8883	9983
8885	2471
8885	3446
8885	9155
8885	9931
8885	9944
8887	1106
8887	1709
8887	4375
8887	4474
8887	5423
8887	6184
8887	6378
8887	7311
8887	7594
8887	8015
8887	9628
8887	9753
8890	2526
8890	4896
8890	6147
8890	7752
8890	8865
8890	9019
8890	9075
8890	9129
8890	9158
8890	9398
8890	9583
8890	9669
8890	9791
8890	9943
8890	9984
8892	819
8892	2339
8892	5909
8892	6600
8892	6726
8892	9500
8896	9457
8896	9541
8896	9828
8901	4646
8901	5430
8901	6789
8901	8050
8919	573
8919	4424
8919	5265
8919	6043
8919	6970
8919	7193
8919	7463
8919	7467
8919	9104
8919	9914
8919	9945
8919	9996
8923	3971
8923	7340
8923	9133
8923	9417
8923	9736
8931	4430
8931	4474
8931	6812
8931	9162
8931	9530
8943	5509
8943	5635
8943	9376
8943	9494
8943	9803
8943	9871
8946	3888
8946	4507
8946	6347
8946	6534
8946	7076
8946	7160
8946	7558
8946	7618
8946	7637
8946	8461
8946	8765
8946	9023
8946	9431
8946	9922
8948	3785
8948	6410
8948	7937
8948	8525
8948	8600
8948	8608
8948	8702
8948	8706
8948	8734
8948	9254
8948	9641
8951	411
8951	5071
8951	7581
8951	7739
8951	8242
8951	8255
8951	9111
8951	9656
8951	9833
8952	5071
8952	5715
8952	9103
8952	9235
8952	9376
8959	4752
8959	5416
8959	6895
8959	7145
8959	7509
8959	7988
8959	8420
8959	8455
8959	8484
8959	9957
8962	6269
8962	6287
8962	8734
8965	3855
8965	8133
8965	9732
8972	4563
8972	7610
8972	9108
8972	9828
8972	9848
8974	5531
8974	6287
8974	7688
8974	7822
8974	8231
8974	8529
8974	9269
8974	9565
8974	9582
8975	4704
8975	7143
8975	7515
8975	7946
8975	9541
8975	9672
8991	9491
8991	9991
8994	3171
8994	5448
8994	6199
8994	7718
8994	8129
8994	8812
8994	9073
8994	9233
9013	94
9013	1181
9013	1237
9013	9494
9013	9880
9019	5548
9019	7080
9019	8890
9023	7187
9023	8608
9023	8946
9023	9769
9023	9844
9036	4639
9036	6678
9036	7854
9036	8725
9036	9411
9036	9587
9036	9879
9043	4367
9043	7195
9043	7579
9043	7988
9043	8365
9043	8575
9043	8608
9043	9217
9043	9622
9043	9732
9054	5369
9054	6712
9054	7449
9054	7738
9054	9117
9055	7888
9055	8133
9055	9814
9059	5476
9059	6812
9059	7377
9059	7962
9059	8323
9059	8608
9059	9555
9059	9860
9059	9914
9067	7617
9067	8039
9067	9494
9067	9777
9073	1226
9073	2632
9073	6812
9073	7377
9073	8994
9073	9555
9075	2797
9075	3791
9075	5151
9075	6970
9075	7522
9075	7603
9075	7982
9075	8890
9075	9398
9075	9669
9075	9740
9075	9791
9075	9943
9077	3151
9077	5156
9077	7339
9077	8259
9078	1415
9078	4783
9078	8111
9078	8139
9078	9410
9078	9610
9078	9742
9078	9804
9083	1635
9083	6830
9083	7352
9083	7508
9083	9872
9083	9965
9093	4987
9093	5788
9093	7739
9093	8278
9093	9923
9103	8168
9103	8865
9103	8952
9104	3822
9104	5915
9104	6108
9104	6438
9104	8919
9104	9972
9106	4131
9106	5289
9106	5304
9106	6147
9106	6559
9106	7902
9106	8719
9106	9410
9108	3687
9108	4563
9108	7352
9108	7610
9108	8972
9111	752
9111	4987
9111	7045
9111	7739
9111	8951
9111	9923
9117	2352
9117	6579
9117	7358
9117	7738
9117	9054
9126	528
9126	8754
9126	9308
9126	9922
9129	180
9129	3193
9129	4573
9129	6366
9129	6773
9129	7260
9129	7571
9129	7629
9129	7641
9129	8824
9129	8890
9129	9405
9133	7340
9133	7629
9133	8923
9133	9669
9150	2291
9155	3077
9155	7189
9155	7909
9155	8206
9155	8885
9155	9517
9155	9750
9155	9945
9155	9952
9157	6517
9157	6552
9157	9500
9158	4896
9158	7752
9158	7982
9158	8865
9158	8890
9158	9398
9158	9583
9158	9669
9158	9791
9158	9984
9162	2478
9162	3400
9162	4430
9162	6743
9162	8931
9162	9530
9162	9759
9168	6113
9168	6958
9168	8138
9168	8336
9168	8424
9168	9364
9168	9389
9168	9612
9168	9914
9170	4704
9170	6100
9170	8782
9170	9722
9173	503
9173	2471
9173	3184
9173	3329
9173	3971
9173	6528
9173	7291
9173	8018
9173	9260
9173	9740
9173	9922
9191	2001
9191	4156
9191	5642
9191	7121
9191	7537
9191	8331
9191	8734
9193	5645
9193	6517
9193	7032
9193	9437
9193	9535
9193	9662
9194	2806
9194	2814
9194	5253
9194	5313
9194	7065
9194	7579
9194	8294
9194	8594
9194	8739
9194	9312
9194	9401
9194	9407
9194	9565
9194	9887
9209	4186
9209	5036
9209	8336
9209	8883
9209	9880
9213	7822
9213	7863
9213	8039
9213	8872
9213	9296
9213	9310
9216	5671
9216	7580
9216	8044
9216	9669
9216	9731
9216	9751
9217	3858
9217	7311
9217	7771
9217	7880
9217	8030
9217	8569
9217	8717
9217	9043
9217	9451
9217	9825
9219	5989
9219	6879
9219	8827
9219	9628
9219	9918
9222	3448
9222	8724
9222	9241
9222	9350
9223	7141
9223	7969
9223	9751
9226	2734
9226	5635
9226	6227
9226	7250
9226	8657
9226	9922
9226	9931
9233	721
9233	828
9233	3622
9233	3962
9233	4234
9233	4516
9233	4938
9233	6170
9233	6589
9233	7415
9233	8676
9233	8994
9233	9952
9235	3945
9235	4033
9235	6126
9235	6523
9235	7978
9235	8952
9235	9569
9235	9791
9240	2291
9240	2355
9240	7678
9240	8772
9240	9351
9241	6523
9241	8030
9241	8793
9241	9222
9241	9262
9250	5554
9250	7125
9250	7187
9254	1631
9254	2777
9254	3785
9254	3945
9254	5911
9254	7872
9254	7937
9254	8525
9254	8608
9254	8702
9254	8768
9254	8948
9254	9641
9258	6683
9258	9618
9260	3448
9260	4509
9260	6845
9260	8066
9260	8095
9260	8824
9260	9173
9262	8030
9262	8331
9262	8554
9262	9241
9262	9401
9262	9794
9262	9871
9262	9893
9269	3345
9269	5414
9269	5531
9269	7688
9269	8852
9269	8974
9274	1966
9274	3334
9274	8816
9274	9407
9274	9491
9274	9965
9284	3168
9284	4159
9284	5036
9284	5265
9284	6541
9284	7370
9284	7463
9284	8137
9284	8290
9284	8569
9284	8772
9284	9345
9284	9493
9296	503
9296	5317
9296	6580
9296	6680
9296	6743
9296	6879
9296	7535
9296	7587
9296	7863
9296	8018
9296	8664
9296	9213
9296	9703
9296	9871
9296	9923
9306	5222
9306	6515
9306	7372
9306	7571
9306	9698
9308	5788
9308	8131
9308	9126
9308	9401
9308	9729
9308	9847
9309	4563
9309	6970
9309	8197
9309	9595
9309	9606
9310	4801
9310	5301
9310	6622
9310	9213
9312	5043
9312	9194
9312	9731
9312	9827
9314	7683
9314	9536
9314	9606
9314	9641
9314	9669
9314	9879
9318	8772
9318	9892
9318	9952
9320	2884
9339	4033
9339	5156
9339	9893
9344	3171
9344	5789
9344	6199
9344	7045
9344	7718
9344	8484
9344	8539
9344	8827
9344	9404
9344	9530
9344	9864
9345	1304
9345	3168
9345	4159
9345	6541
9345	6878
9345	7370
9345	8290
9345	9284
9345	9493
9345	9578
9350	904
9350	2545
9350	4168
9350	5402
9350	5447
9350	5837
9350	6112
9350	6622
9350	7125
9350	8050
9350	9222
9350	9569
9351	2355
9351	7688
9351	9240
9351	9672
9364	6125
9364	8265
9364	9168
9364	9830
9368	8801
9368	9606
9373	356
9373	1509
9373	3050
9373	5073
9373	7172
9373	7909
9373	9589
9373	9893
9376	3543
9376	8943
9376	8952
9376	9406
9376	9536
9376	9750
9376	9943
9389	4509
9389	6102
9389	6195
9389	6845
9389	7050
9389	8110
9389	8218
9389	8657
9389	8824
9389	9168
9389	9578
9398	2797
9398	5177
9398	6412
9398	7752
9398	7982
9398	8846
9398	8865
9398	8890
9398	9075
9398	9158
9398	9583
9398	9669
9398	9791
9398	9943
9398	9984
9399	2286
9399	2478
9399	4482
9399	5635
9399	7533
9399	7739
9399	8133
9399	9494
9399	9803
9401	2806
9401	2814
9401	3976
9401	4857
9401	4897
9401	6909
9401	7065
9401	7640
9401	8295
9401	8421
9401	8529
9401	8577
9401	8594
9401	8739
9401	9194
9401	9262
9401	9308
9401	9407
9401	9847
9404	2190
9404	7032
9404	7608
9404	8827
9404	9344
9404	9925
9405	3193
9405	3508
9405	5554
9405	6334
9405	6366
9405	6773
9405	7065
9405	7260
9405	7571
9405	7591
9405	7629
9405	8290
9405	8817
9405	9129
9405	9635
9406	3543
9406	4907
9406	9376
9406	9827
9407	4520
9407	6909
9407	7065
9407	7579
9407	8224
9407	8294
9407	8295
9407	8529
9407	9194
9407	9274
9407	9401
9407	9565
9407	9984
9410	1198
9410	1541
9410	2647
9410	3151
9410	4131
9410	4801
9410	4907
9410	5289
9410	5297
9410	5423
9410	6147
9410	6559
9410	7902
9410	8719
9410	9078
9410	9106
9410	9844
9410	9893
9410	9996
9411	2222
9411	4639
9411	6678
9411	7352
9411	7886
9411	8554
9411	8725
9411	8801
9411	9036
9411	9587
9411	9635
9411	9879
9417	4938
9417	6621
9417	8259
9417	8923
9420	2222
9420	2442
9420	5483
9420	6622
9420	7250
9420	9610
9420	9732
9420	9983
9426	1634
9426	9740
9431	761
9431	2383
9431	2905
9431	3677
9431	3888
9431	4507
9431	5245
9431	5400
9431	6347
9431	6534
9431	7076
9431	7558
9431	7618
9431	7637
9431	8461
9431	8739
9431	8765
9431	8946
9431	9729
9437	3334
9437	7909
9437	8694
9437	9193
9437	9952
9441	9825
9451	6913
9451	7657
9451	7880
9451	8297
9451	8717
9451	9217
9451	9825
9457	6846
9457	7738
9457	8388
9457	8896
9457	9615
9461	7603
9461	8206
9461	9519
9461	9632
9461	9872
9461	9893
9463	6269
9463	6287
9477	6515
9477	6680
9477	8739
9477	8801
9477	9983
9483	619
9483	2187
9483	7856
9483	9844
9487	7141
9487	7343
9491	828
9491	1415
9491	3442
9491	5157
9491	6306
9491	7009
9491	8808
9491	8991
9491	9274
9491	9653
9493	4159
9493	5265
9493	6878
9493	7372
9493	7562
9493	8290
9493	8569
9493	8742
9493	9284
9493	9345
9493	9969
9493	9991
9494	3686
9494	4482
9494	5635
9494	5886
9494	5984
9494	6982
9494	8133
9494	8943
9494	9013
9494	9067
9494	9399
9494	9803
9494	9877
9494	9931
9500	5989
9500	8824
9500	8892
9500	9157
9500	9733
9510	2874
9510	4772
9510	7218
9510	7969
9510	8570
9510	8661
9510	9928
9513	278
9513	5229
9513	6062
9517	5423
9517	5984
9517	7189
9517	9155
9517	9565
9517	9750
9517	9952
9519	7854
9519	8206
9519	9461
9519	9632
9519	9825
9528	2244
9528	7009
9528	8040
9528	9560
9528	9848
9530	1270
9530	4430
9530	4474
9530	6743
9530	7515
9530	7834
9530	8066
9530	8570
9530	8931
9530	9162
9530	9344
9530	9804
9530	9893
9530	9914
9534	1917
9534	6887
9534	8350
9534	8406
9534	9893
9535	5803
9535	7919
9535	9193
9535	9578
9536	1166
9536	7767
9536	8661
9536	9314
9536	9376
9536	9943
9541	4704
9541	7407
9541	8896
9541	8975
9541	9672
9549	2571
9549	8031
9549	9624
9550	1795
9550	8768
9555	1226
9555	5310
9555	6378
9555	6812
9555	7377
9555	8323
9555	8661
9555	9059
9555	9073
9555	9625
9560	6080
9560	7771
9560	9528
9560	9703
9560	9814
9560	9848
9565	1990
9565	3976
9565	4520
9565	4857
9565	6909
9565	7579
9565	8295
9565	8529
9565	8739
9565	8974
9565	9194
9565	9407
9565	9517
9569	4168
9569	5402
9569	5837
9569	6206
9569	6622
9569	6883
9569	8050
9569	8772
9569	9235
9569	9350
9569	9612
9569	9803
9570	6552
9570	8794
9570	9944
9570	9952
9578	4608
9578	6178
9578	6206
9578	9345
9578	9389
9578	9535
9581	8808
9581	9732
9581	9991
9582	1759
9582	4352
9582	6896
9582	8136
9582	8743
9582	8974
9583	2526
9583	3791
9583	4896
9583	7982
9583	8114
9583	8890
9583	9158
9583	9398
9583	9669
9583	9791
9583	9943
9587	2946
9587	3515
9587	3975
9587	4639
9587	5645
9587	6534
9587	7352
9587	7854
9587	9036
9587	9411
9587	9751
9587	9826
9587	9879
9587	9966
9589	356
9589	2397
9589	2801
9589	3050
9589	5073
9589	5301
9589	6062
9589	7172
9589	8664
9589	9373
9589	9610
9589	9893
9595	6334
9595	8508
9595	9309
9598	807
9598	2127
9598	5033
9598	5071
9598	6197
9598	6862
9598	8103
9598	9826
9603	5177
9603	7637
9603	7946
9603	8424
9603	8846
9606	4896
9606	7912
9606	9309
9606	9314
9606	9368
9610	2222
9610	2442
9610	3975
9610	5483
9610	8294
9610	9078
9610	9420
9610	9589
9610	9983
9611	429
9611	1482
9611	3878
9611	5023
9611	5766
9611	7953
9611	8793
9611	9925
9612	4234
9612	6285
9612	6895
9612	7509
9612	7778
9612	9168
9612	9569
9612	9969
9613	573
9613	7794
9613	8022
9614	4509
9614	6883
9615	6347
9615	7888
9615	8139
9615	9457
9618	3945
9618	4516
9618	6100
9618	7854
9618	8617
9618	9258
9618	9833
9618	9923
9618	9983
9622	5509
9622	7195
9622	7988
9622	8365
9622	8575
9622	8617
9622	9043
9624	6859
9624	9549
9624	9766
9625	2383
9625	3327
9625	4210
9625	5310
9625	5476
9625	6378
9625	6812
9625	7377
9625	8323
9625	8661
9625	9555
9625	9944
9628	5989
9628	7923
9628	8138
9628	8824
9628	8887
9628	9219
9628	9864
9632	3415
9632	7616
9632	8206
9632	9461
9632	9519
9632	9830
9632	9892
9632	9893
9633	7343
9633	8206
9633	9877
9635	3193
9635	3508
9635	4573
9635	5554
9635	6173
9635	6272
9635	6366
9635	7260
9635	7571
9635	7591
9635	7629
9635	8817
9635	9405
9635	9411
9639	4573
9639	7603
9639	8030
9639	9887
9641	2777
9641	3945
9641	6410
9641	6853
9641	8525
9641	8608
9641	8702
9641	8948
9641	9254
9641	9314
9648	4157
9648	5285
9648	5531
9648	7688
9648	7822
9648	8043
9648	8231
9648	8407
9648	9833
9653	4783
9653	9491
9656	2874
9656	4414
9656	5222
9656	5803
9656	6709
9656	7440
9656	7912
9656	8951
9662	4639
9662	7218
9662	7854
9662	9193
9662	9735
9662	9892
9667	3663
9667	7863
9667	8131
9667	8137
9667	8846
9668	33
9668	1415
9668	3193
9668	6542
9668	7616
9668	9814
9668	9887
9669	7509
9669	7752
9669	8816
9669	8890
9669	9075
9669	9133
9669	9158
9669	9216
9669	9314
9669	9398
9669	9583
9669	9791
9669	9943
9669	9984
9672	4704
9672	7407
9672	8975
9672	9351
9672	9541
9692	1106
9692	7219
9692	8283
9692	9697
9692	9722
9697	1304
9697	3077
9697	9692
9698	573
9698	3556
9698	4236
9698	4694
9698	6515
9698	6712
9698	6954
9698	7372
9698	7583
9698	7697
9698	9306
9702	5285
9702	6237
9702	6913
9702	7065
9702	8851
9702	9750
9703	2884
9703	7004
9703	8018
9703	8326
9703	9296
9703	9560
9703	9826
9722	4509
9722	8782
9722	9170
9722	9692
9729	5788
9729	5969
9729	6113
9729	7219
9729	8131
9729	9308
9729	9431
9729	9847
9730	6353
9730	8464
9730	8680
9730	9794
9731	4375
9731	6353
9731	7741
9731	9216
9731	9312
9732	3855
9732	6552
9732	7718
9732	8694
9732	8965
9732	9043
9732	9420
9732	9581
9733	5023
9733	7372
9733	7508
9733	7657
9733	9500
9735	5531
9735	7794
9735	9662
9736	3056
9736	4769
9736	5714
9736	5837
9736	8923
9740	3422
9740	8827
9740	9075
9740	9173
9740	9426
9740	9769
9742	1415
9742	4783
9742	6800
9742	8111
9742	8139
9742	8259
9742	9078
9742	9804
9744	4694
9744	5560
9744	7466
9744	8567
9750	3077
9750	5645
9750	7189
9750	8725
9750	9155
9750	9376
9750	9517
9750	9702
9750	9794
9750	9952
9751	1870
9751	7580
9751	8044
9751	8297
9751	9216
9751	9223
9751	9587
9751	9803
9751	9830
9751	9983
9752	4901
9752	5400
9752	5537
9752	7771
9752	8403
9753	1709
9753	1966
9753	5423
9753	6184
9753	7538
9753	7594
9753	8015
9753	8887
9759	8030
9759	8126
9759	9162
9759	9783
9766	1181
9766	5635
9766	6859
9766	8816
9766	9624
9766	9844
9769	356
9769	429
9769	7683
9769	9023
9769	9740
9775	5423
9775	8782
9777	3586
9777	5671
9777	5895
9777	6559
9777	7340
9777	7767
9777	9067
9783	211
9783	819
9783	8703
9783	8765
9783	9759
9783	9860
9789	278
9789	904
9789	5969
9791	2797
9791	4185
9791	7208
9791	7752
9791	7982
9791	8865
9791	8890
9791	9075
9791	9158
9791	9235
9791	9398
9791	9583
9791	9669
9791	9872
9791	9943
9791	9984
9794	6353
9794	7727
9794	8283
9794	8295
9794	8464
9794	8680
9794	9262
9794	9730
9794	9750
9794	9952
9803	614
9803	3151
9803	4482
9803	5635
9803	6347
9803	7183
9803	7533
9803	8846
9803	8943
9803	9399
9803	9494
9803	9569
9803	9751
9804	1415
9804	4783
9804	8111
9804	8139
9804	8290
9804	8851
9804	9078
9804	9530
9804	9742
9805	278
9805	8251
9809	1641
9809	6534
9809	8792
9809	9847
9814	2379
9814	6709
9814	7386
9814	7888
9814	9055
9814	9560
9814	9668
9825	2040
9825	7311
9825	7771
9825	7880
9825	8297
9825	9217
9825	9441
9825	9451
9825	9519
9826	2057
9826	2845
9826	4405
9826	4436
9826	9587
9826	9598
9826	9703
9826	9873
9827	2190
9827	3234
9827	5043
9827	5394
9827	7822
9827	8725
9827	9312
9827	9406
9827	9957
9828	4445
9828	6460
9828	7570
9828	7894
9828	8036
9828	8421
9828	8657
9828	8808
9828	8841
9828	8896
9828	8972
9830	294
9830	5823
9830	9364
9830	9632
9830	9751
9830	9966
9833	8278
9833	8297
9833	8577
9833	8951
9833	9618
9833	9648
9833	9923
9844	6173
9844	6683
9844	7834
9844	8350
9844	8694
9844	9023
9844	9410
9844	9483
9844	9766
9847	7311
9847	8461
9847	8792
9847	9308
9847	9401
9847	9729
9847	9809
9848	2244
9848	6306
9848	7012
9848	7697
9848	8972
9848	9528
9848	9560
9860	211
9860	614
9860	7125
9860	7365
9860	8703
9860	9059
9860	9783
9864	4675
9864	6680
9864	7028
9864	8388
9864	9344
9864	9628
9864	9918
9864	9922
9864	9925
9871	503
9871	1106
9871	2436
9871	3714
9871	5317
9871	6580
9871	6680
9871	7535
9871	7587
9871	7835
9871	7863
9871	8015
9871	8018
9871	8664
9871	8943
9871	9262
9871	9296
9872	356
9872	3298
9872	7678
9872	7923
9872	9083
9872	9461
9872	9791
9873	2057
9873	4405
9873	4436
9873	7340
9873	7432
9873	9826
9873	9983
9877	2819
9877	4185
9877	6862
9877	7616
9877	7617
9877	8005
9877	8013
9877	9494
9877	9633
9879	3515
9879	3601
9879	4639
9879	6678
9879	6895
9879	7466
9879	7854
9879	8725
9879	9036
9879	9314
9879	9411
9879	9587
9879	9923
9880	3220
9880	3976
9880	4068
9880	5036
9880	5125
9880	8158
9880	8283
9880	8336
9880	9013
9880	9209
9887	5788
9887	7616
9887	8265
9887	8324
9887	9194
9887	9639
9887	9668
9892	5297
9892	7160
9892	9318
9892	9632
9892	9662
9893	356
9893	1509
9893	2339
9893	2478
9893	2801
9893	3050
9893	5073
9893	5301
9893	6148
9893	7172
9893	9262
9893	9339
9893	9373
9893	9410
9893	9461
9893	9530
9893	9534
9893	9589
9893	9632
9907	5789
9907	7937
9907	9923
9914	3400
9914	4430
9914	4474
9914	5262
9914	6307
9914	6743
9914	7143
9914	8283
9914	8525
9914	8919
9914	9059
9914	9168
9914	9530
9918	4675
9918	5989
9918	7028
9918	7894
9918	8765
9918	9219
9918	9864
9922	2552
9922	3184
9922	3329
9922	3971
9922	4452
9922	5715
9922	6528
9922	7291
9922	8946
9922	9126
9922	9173
9922	9226
9922	9864
9923	616
9923	2166
9923	4987
9923	6886
9923	7739
9923	8044
9923	9093
9923	9111
9923	9296
9923	9618
9923	9833
9923	9879
9923	9907
9925	2769
9925	3600
9925	3873
9925	7208
9925	7570
9925	9404
9925	9611
9925	9864
9925	9928
9928	573
9928	2769
9928	3873
9928	5229
9928	7570
9928	9510
9928	9925
9931	2734
9931	3822
9931	6227
9931	6580
9931	7028
9931	8031
9931	8248
9931	8680
9931	8739
9931	8841
9931	8885
9931	9226
9931	9494
9943	2526
9943	2797
9943	3791
9943	8808
9943	8865
9943	8890
9943	9075
9943	9376
9943	9398
9943	9536
9943	9583
9943	9669
9943	9791
9943	9984
9944	3490
9944	6870
9944	7570
9944	7610
9944	7860
9944	8388
9944	8841
9944	8885
9944	9570
9944	9625
9945	1837
9945	3558
9945	4424
9945	6043
9945	6320
9945	6460
9945	7467
9945	7581
9945	8919
9945	9155
9945	9996
9952	3077
9952	7189
9952	7533
9952	9155
9952	9233
9952	9318
9952	9437
9952	9517
9952	9570
9952	9750
9952	9794
9957	4100
9957	6586
9957	8959
9957	9827
9965	1635
9965	4507
9965	4907
9965	5989
9965	7358
9965	8794
9965	9083
9965	9274
9966	3525
9966	5071
9966	5583
9966	7332
9966	7515
9966	8007
9966	8018
9966	8034
9966	8216
9966	8247
9966	8479
9966	9587
9966	9830
9969	4639
9969	6206
9969	6278
9969	7737
9969	9493
9969	9612
9972	4367
9972	5267
9972	6199
9972	7189
9972	8106
9972	9104
9983	1627
9983	6113
9983	7250
9983	7463
9983	8206
9983	8883
9983	9420
9983	9477
9983	9610
9983	9618
9983	9751
9983	9873
9984	2526
9984	3791
9984	4896
9984	5151
9984	7752
9984	7982
9984	8168
9984	8865
9984	8890
9984	9158
9984	9398
9984	9407
9984	9669
9984	9791
9984	9943
9991	867
9991	3193
9991	3987
9991	5125
9991	5467
9991	7141
9991	7969
9991	8129
9991	8991
9991	9493
9991	9581
9996	904
9996	1837
9996	2545
9996	3558
9996	6043
9996	6460
9996	6970
9996	7193
9996	7467
9996	7581
9996	8242
9996	8694
9996	8699
9996	8919
9996	9410
9996	9945
9999	2425
9999	2884
9999	4068
9999	5229
