11	5149
11	5677
11	7122
11	7662
11	9593
11	9710
11	9942
21	7997
24	5612
24	8735
24	9942
38	152
38	9463
64	8983
74	1326
74	1350
74	2146
74	8638
74	8700
74	9668
74	9853
78	2203
78	7469
78	9640
82	5686
92	340
92	9019
92	9207
92	9332
92	9395
92	9497
92	9807
116	3211
119	8255
119	8926
119	9258
146	9091
146	9326
152	38
152	4172
152	7573
153	3898
153	8255
165	9042
177	7922
177	9766
177	9778
248	3695
248	9856
256	2117
256	6529
259	8400
259	8556
259	9040
259	9207
259	9332
259	9497
265	4483
265	6215
265	7566
265	7791
265	8371
265	8824
265	9992
271	6090
271	7808
271	8091
271	9379
319	7150
319	9066
325	9207
325	9332
325	9395
325	9497
326	9900
340	92
340	1774
353	910
353	5510
368	3812
368	3850
368	5321
368	7922
368	8744
372	1079
372	8400
372	9332
372	9394
372	9395
372	9497
409	1103
409	6775
451	7641
451	8255
451	8926
477	2158
477	7626
477	7719
477	7723
477	8501
486	4680
486	7950
486	9682
489	7718
489	9310
489	9880
491	2686
491	5612
491	7141
491	8443
491	8559
491	9214
514	2836
514	9848
554	7933
554	9324
606	3105
606	7883
631	4763
631	6215
631	6670
631	7777
631	9852
645	914
645	942
645	1025
645	7776
674	7948
674	8926
679	4319
679	8261
679	8588
679	9969
702	9380
742	2013
742	2053
742	3117
742	3129
742	8205
742	9917
760	7641
760	9405
791	5719
791	7668
791	9897
817	2117
817	2667
817	6180
817	6215
817	8754
817	9682
851	2105
856	8379
856	8696
856	9205
856	9544
872	4765
872	6097
874	4319
874	8209
874	9883
910	353
910	4053
910	5060
910	5510
910	7022
910	9449
910	9561
914	645
914	8338
920	8449
920	9610
942	645
942	5119
942	6996
942	7279
942	9205
942	9544
942	9782
972	9210
979	4517
979	8065
979	8442
979	9561
1001	7150
1001	9655
1001	9817
1015	7933
1025	645
1025	9730
1079	372
1103	409
1103	5508
1103	5917
1103	7518
1103	8468
1103	9579
1147	2268
1180	5133
1180	7933
1183	5050
1183	8223
1213	6653
1217	4172
1217	8886
1217	9876
1286	5088
1286	8769
1286	9735
1316	9502
1316	9574
1316	9823
1316	9942
1319	3508
1319	9646
1319	9862
1326	74
1326	9304
1326	9468
1350	74
1391	2826
1391	9413
1391	9471
1391	9815
1418	9089
1418	9912
1418	9915
1422	4983
1422	5660
1422	7904
1422	9640
1422	9769
1422	9987
1437	1938
1437	5732
1437	6729
1437	7173
1461	3519
1461	8400
1461	9332
1461	9497
1504	9405
1515	1990
1515	4210
1515	4273
1515	4621
1515	6768
1515	8400
1515	8508
1530	5087
1530	6513
1544	1651
1544	2120
1544	2160
1544	7851
1544	8449
1544	8867
1544	9258
1586	7333
1586	7719
1586	9655
1603	2514
1603	9900
1619	8841
1639	7230
1639	8387
1639	9361
1651	1544
1651	5947
1651	9172
1737	6502
1737	9468
1742	8401
1742	8425
1749	7181
1774	340
1774	4901
1774	5265
1791	8875
1791	9355
1838	5088
1838	9179
1855	7791
1857	7150
1857	8638
1857	8754
1861	6936
1861	9348
1861	9472
1861	9617
1878	7479
1878	7718
1878	8069
1878	9684
1894	8203
1894	9179
1894	9684
1895	6103
1895	7933
1918	8393
1918	9348
1918	9472
1918	9617
1934	9860
1934	9892
1934	9915
1938	1437
1938	8884
1938	9042
1961	3034
1961	7590
1961	8652
1977	8699
1977	9963
1980	5792
1980	8588
1990	1515
1990	6009
1990	6137
1990	8608
2008	7335
2008	7392
2008	7438
2008	7883
2008	8181
2008	9766
2008	9778
2013	742
2013	5095
2013	6485
2013	6523
2013	6547
2013	9148
2015	3034
2021	4501
2021	9939
2036	6180
2036	9196
2053	742
2053	2815
2053	9304
2053	9381
2053	9891
2053	9917
2094	6042
2094	7504
2094	9220
2094	9456
2094	9653
2103	2731
2103	3117
2103	5789
2103	6719
2103	7719
2103	9682
2105	851
2105	5901
2117	256
2117	817
2117	4614
2117	6525
2117	6543
2117	8312
2117	8501
2117	9088
2120	1544
2120	7124
2120	9734
2120	9862
2125	5102
2125	7087
2136	9848
2146	74
2158	477
2158	4419
2158	6948
2158	7723
2158	8428
2158	8882
2158	9580
2158	9972
2160	1544
2160	8449
2163	8816
2163	9210
2203	78
2203	2940
2203	3616
2203	6912
2203	8915
2203	9640
2203	9774
2203	9963
2209	6936
2245	9207
2245	9395
2245	9497
2258	5250
2258	5686
2258	6405
2258	7791
2258	9355
2258	9450
2258	9912
2258	9915
2263	8090
2263	8543
2263	8762
2263	9558
2268	1147
2268	6137
2268	7279
2268	9544
2289	8638
2334	9139
2334	9628
2334	9972
2337	4807
2337	9207
2337	9395
2337	9497
2337	9579
2374	8042
2374	8480
2385	9002
2385	9823
2414	3105
2414	9978
2440	5441
2440	8531
2480	3267
2487	4680
2487	8384
2496	4294
2496	6247
2496	6903
2496	8356
2496	8586
2496	9300
2496	9341
2505	6987
2514	1603
2514	3034
2514	3491
2514	6240
2514	6994
2533	7645
2533	7997
2553	6773
2553	9405
2553	9635
2608	8083
2608	8531
2608	9348
2608	9472
2631	3536
2631	9628
2667	817
2667	6360
2667	9802
2667	9873
2686	491
2686	8735
2708	7173
2731	2103
2731	9720
2738	2836
2738	2880
2738	7719
2738	8754
2738	9682
2757	3396
2757	9908
2815	2053
2815	9985
2826	1391
2826	5953
2826	6585
2826	7376
2836	514
2836	2738
2836	5691
2836	7719
2836	8682
2836	9682
2858	9214
2873	6653
2873	8706
2880	2738
2880	5135
2880	5691
2880	5993
2886	3898
2886	8255
2894	7260
2901	4503
2901	7843
2901	8695
2901	9289
2901	9722
2912	5743
2912	7518
2923	5441
2923	7562
2923	8042
2940	2203
2940	5441
2940	5656
2940	6987
2940	7336
2940	9380
2940	9773
2940	9802
2940	9967
2944	5864
2944	7150
2944	8400
2944	9332
2944	9395
2944	9497
2950	4417
2950	7791
2950	8480
2950	9592
2950	9662
2967	6502
2967	7333
2967	7922
2967	9624
2967	9766
2967	9778
2972	8884
2986	4514
2986	6180
2986	9465
2986	9558
3034	1961
3034	2015
3034	2514
3034	3105
3034	6703
3034	7590
3034	8404
3034	9636
3034	9668
3070	8842
3070	9232
3083	5196
3105	606
3105	2414
3105	3034
3105	6259
3105	7780
3105	8090
3105	8677
3105	9310
3105	9978
3117	742
3117	2103
3117	7380
3117	7808
3128	7719
3128	8754
3128	9682
3129	742
3129	9917
3187	5508
3187	8744
3187	9732
3193	7260
3193	9129
3193	9405
3193	9635
3193	9668
3194	4172
3194	7644
3194	8769
3194	9794
3194	9823
3211	116
3211	4834
3211	9413
3222	4691
3244	6495
3244	8983
3255	3394
3255	4601
3255	6082
3255	8962
3255	9151
3257	9081
3259	4502
3264	6215
3264	9089
3264	9260
3267	2480
3267	7874
3267	8706
3267	8970
3267	8999
3290	4483
3290	8442
3296	4419
3296	4517
3296	9684
3296	9909
3309	8371
3309	8999
3309	9028
3309	9793
3320	6102
3320	7713
3320	9081
3320	9389
3335	8618
3335	8897
3335	9472
3335	9734
3361	9380
3365	6703
3365	8366
3365	8652
3365	9636
3368	9355
3392	6872
3392	7851
3392	9355
3392	9640
3394	3255
3394	3944
3394	6513
3396	2757
3396	8983
3405	4501
3405	7277
3410	9004
3410	9636
3410	9685
3419	6939
3419	8379
3476	7332
3476	7662
3476	9326
3476	9493
3482	5241
3491	2514
3491	4501
3491	7438
3491	9766
3491	9778
3503	4691
3508	1319
3508	4685
3508	8817
3508	9405
3508	9413
3508	9635
3519	1461
3519	9610
3519	9895
3535	6775
3535	8439
3535	9847
3536	2631
3536	6426
3536	9397
3536	9507
3536	9628
3560	8480
3560	8506
3560	9592
3560	9845
3569	4517
3569	9684
3573	4685
3573	8129
3573	9044
3589	9911
3590	6057
3590	9017
3598	8492
3598	8696
3598	9205
3598	9544
3616	2203
3616	9528
3616	9640
3620	6366
3620	7591
3620	9089
3620	9635
3695	248
3695	4495
3695	4730
3695	5977
3695	6670
3695	7625
3695	9852
3712	8638
3712	9900
3725	4542
3753	4502
3753	4991
3783	7843
3783	8684
3783	9574
3783	9848
3783	9942
3808	5656
3808	6160
3808	8780
3812	368
3812	9091
3850	368
3850	7561
3898	153
3898	2886
3898	5855
3898	8255
3898	9076
3913	6309
3913	7648
3913	8527
3913	9908
3944	3394
3944	8824
3944	9179
3964	7100
3964	8261
3974	7173
3974	9225
3974	9456
3974	9653
3981	5050
3981	8190
3981	8231
3981	8635
3981	9856
3989	9380
3989	9967
4007	5743
4007	9450
4009	6543
4009	9783
4009	9860
4036	6847
4036	8029
4036	9976
4038	4151
4038	5953
4038	7293
4038	7626
4038	8993
4038	8998
4038	9535
4038	9578
4038	9785
4053	910
4053	8494
4053	9817
4064	6439
4064	8943
4064	9379
4065	8684
4065	9017
4065	9151
4065	9572
4104	4763
4104	9129
4128	5250
4128	8841
4128	9895
4149	6312
4149	9701
4149	9966
4151	4038
4151	5175
4151	7173
4151	7895
4151	9225
4151	9456
4151	9668
4158	9175
4158	9892
4158	9992
4172	152
4172	1217
4172	3194
4172	7862
4172	8366
4172	8769
4172	9709
4172	9730
4206	6259
4206	7495
4206	9413
4206	9734
4210	1515
4210	8754
4273	1515
4273	8600
4273	8948
4273	9472
4294	2496
4294	9745
4294	9883
4314	7625
4314	7791
4314	8010
4314	8069
4314	8090
4314	9260
4319	679
4319	874
4319	8010
4373	4680
4373	8312
4406	8261
4406	8999
4406	9212
4417	2950
4417	4925
4417	7306
4417	9450
4417	9497
4419	2158
4419	3296
4419	6431
4419	8147
4419	8941
4432	5102
4432	7279
4432	8379
4432	8696
4432	9205
4432	9544
4432	10000
4476	7260
4476	9212
4483	265
4483	3290
4483	8261
4483	9478
4495	3695
4495	9852
4496	6939
4496	9966
4501	2021
4501	3405
4501	3491
4501	4758
4501	8296
4501	8846
4501	9004
4501	9973
4502	3259
4502	3753
4502	4812
4502	7202
4502	7270
4503	2901
4509	5966
4509	6870
4509	8824
4509	9260
4509	9389
4509	9722
4514	2986
4514	5265
4514	6733
4514	9198
4514	9284
4514	9493
4517	979
4517	3296
4517	3569
4517	7239
4517	8223
4517	9243
4517	9397
4517	9684
4517	9909
4517	9942
4542	3725
4542	8296
4542	8615
4542	8650
4542	8987
4542	9575
4542	9720
4542	9876
4560	9502
4560	9574
4560	9848
4560	9942
4601	3255
4601	9856
4605	6494
4607	8526
4607	8699
4611	6258
4611	8491
4611	8754
4614	2117
4614	4930
4614	5227
4614	9088
4621	1515
4621	6768
4621	8948
4625	8987
4625	9575
4625	9876
4636	4691
4636	7777
4636	9847
4644	5811
4644	8638
4669	8445
4669	9987
4678	6102
4678	7625
4678	7791
4678	9260
4680	486
4680	2487
4680	4373
4680	5467
4680	7333
4680	8550
4680	9002
4680	9846
4680	9851
4685	3508
4685	3573
4688	4713
4688	7851
4691	3222
4691	3503
4691	4636
4691	9175
4713	4688
4713	8884
4720	9341
4720	9575
4720	9754
4720	9876
4730	3695
4730	9852
4758	4501
4758	9334
4758	9973
4763	631
4763	4104
4763	9942
4765	872
4765	7933
4765	8527
4784	9017
4784	9719
4790	4959
4790	7802
4790	9023
4790	9151
4790	9558
4790	9987
4807	2337
4807	8400
4807	9207
4807	9332
4807	9395
4807	9497
4812	4502
4812	8847
4812	9329
4830	6936
4834	3211
4834	9212
4834	9684
4834	9895
4871	7563
4871	8231
4883	7050
4883	7566
4883	7625
4901	1774
4901	6873
4901	7332
4901	9321
4901	9962
4906	5681
4906	5743
4925	4417
4925	6360
4925	9876
4930	4614
4930	9088
4959	4790
4959	8258
4959	9783
4959	9860
4983	1422
4983	7851
4983	8071
4983	9258
4984	5060
4984	9017
4984	9992
4991	3753
4991	7513
4991	7644
4991	8083
4991	8441
4991	8531
4991	9348
4991	9453
4991	9617
5029	5839
5029	6431
5029	8147
5029	8941
5049	7438
5049	7922
5049	8346
5049	9624
5049	9766
5049	9778
5050	1183
5050	3981
5050	6102
5050	7050
5050	7236
5050	7386
5050	7645
5050	8543
5050	9003
5050	9260
5050	9389
5050	9989
5060	910
5060	4984
5060	6929
5060	7784
5071	6121
5071	7238
5071	9966
5080	6939
5080	9966
5087	1530
5087	5239
5087	6723
5087	9395
5087	9685
5087	9892
5087	9943
5088	1286
5088	1838
5088	8480
5088	8506
5088	9662
5088	9780
5088	9845
5090	6987
5090	7027
5090	7230
5090	9502
5090	9528
5090	9848
5095	2013
5095	8129
5102	2125
5102	4432
5102	8071
5102	8492
5102	9205
5102	9332
5102	9413
5102	9544
5109	9397
5109	9684
5109	9909
5113	7561
5113	7933
5113	9915
5115	6936
5115	8144
5115	9860
5118	6045
5118	7027
5118	7230
5118	7479
5118	7558
5118	8071
5118	9848
5119	942
5133	1180
5133	7295
5133	7648
5135	2880
5135	6719
5135	7719
5135	9474
5135	9682
5140	8338
5140	8491
5140	9334
5140	9942
5149	11
5155	8652
5155	9332
5163	6301
5163	9076
5175	4151
5175	7450
5175	7662
5196	3083
5196	6494
5196	6653
5196	7011
5196	7112
5196	8086
5196	8203
5196	8867
5196	9023
5196	9771
5196	9793
5196	9845
5227	4614
5227	7230
5227	8411
5227	9807
5227	9862
5239	5087
5239	6903
5241	3482
5241	6215
5241	6520
5250	2258
5250	4128
5250	8762
5250	9321
5250	9895
5264	8231
5264	8420
5264	8941
5264	9701
5265	1774
5265	4514
5265	8884
5265	9284
5265	9326
5265	9493
5265	9859
5265	9992
5269	6312
5269	7723
5269	8769
5269	9002
5269	9823
5269	9846
5280	6009
5280	7853
5280	8096
5280	8761
5280	8842
5280	9900
5286	5442
5286	6004
5286	9129
5290	7596
5290	8695
5290	9465
5321	368
5321	8750
5337	5901
5337	7644
5337	8531
5337	9086
5337	9348
5337	9472
5337	9473
5337	9617
5380	9214
5397	9963
5441	2440
5441	2923
5441	2940
5441	5743
5442	5286
5442	6635
5442	7078
5442	7681
5442	9028
5442	9853
5464	6485
5464	8588
5464	9845
5467	4680
5467	7776
5467	9214
5467	9273
5478	9175
5478	9883
5486	9042
5486	9911
5508	1103
5508	3187
5508	8522
5508	9341
5508	9754
5508	9942
5510	353
5510	910
5510	9561
5537	8841
5537	9332
5537	9502
5612	24
5612	491
5612	7964
5612	8816
5612	9472
5627	9355
5627	9900
5628	8588
5639	6939
5639	9274
5642	6872
5642	6936
5642	9040
5656	2940
5656	3808
5656	7391
5656	9900
5659	8841
5659	8949
5659	9225
5659	9711
5660	1422
5660	6180
5660	8258
5660	9023
5672	6539
5672	8400
5672	9207
5672	9332
5672	9395
5672	9497
5672	9851
5677	11
5677	8522
5681	4906
5681	8010
5686	82
5686	2258
5686	8222
5686	8723
5686	9151
5686	9908
5686	9912
5686	9915
5691	2836
5691	2880
5691	5993
5691	6215
5691	6719
5691	9682
5702	8401
5702	8522
5704	7260
5704	9450
5719	791
5719	6009
5719	8491
5719	8608
5724	7260
5732	1437
5732	7281
5743	2912
5743	4007
5743	4906
5743	5441
5743	8167
5743	8633
5743	9179
5789	2103
5789	6872
5792	1980
5792	7948
5811	4644
5811	8638
5819	6360
5819	6719
5819	8480
5819	8506
5819	8816
5819	9735
5819	9845
5821	6653
5839	5029
5839	7803
5839	8147
5839	8941
5839	9336
5839	9891
5841	7376
5841	9685
5841	9892
5855	3898
5855	6137
5855	7279
5855	8379
5855	8696
5855	9544
5864	2944
5864	6539
5864	8400
5864	9207
5864	9332
5864	9395
5864	9497
5901	2105
5901	5337
5901	6309
5901	6936
5901	7718
5901	7997
5901	8441
5901	9042
5901	9472
5901	9617
5901	9732
5917	1103
5917	8941
5917	9341
5947	1651
5947	8056
5947	9172
5947	9592
5953	2826
5953	4038
5953	7814
5953	7951
5953	8600
5953	9682
5966	4509
5977	3695
5977	8526
5977	9773
5993	2880
5993	5691
5993	6719
5993	9682
6004	5286
6004	8042
6004	8769
6009	1990
6009	5280
6009	5719
6009	9334
6015	7719
6015	9851
6015	9900
6028	6215
6028	6494
6028	7332
6028	7515
6028	8735
6042	2094
6042	9355
6045	5118
6045	6160
6045	6495
6045	7027
6045	8969
6045	9574
6045	9942
6049	7295
6049	9040
6049	9528
6049	9574
6049	9848
6049	9942
6057	3590
6057	7862
6057	9730
6057	9778
6057	9794
6059	9283
6059	9636
6059	9962
6082	3255
6082	8338
6082	8993
6082	9151
6083	6360
6083	7022
6083	9324
6083	9880
6090	271
6090	6336
6090	7808
6090	8633
6095	7333
6095	9367
6095	9655
6095	9817
6097	872
6097	9332
6097	9720
6102	3320
6102	4678
6102	5050
6102	7645
6102	8744
6102	9389
6103	1895
6103	8962
6111	8999
6121	5071
6121	7238
6121	7791
6121	8658
6121	8998
6121	9516
6121	9528
6137	1990
6137	2268
6137	5855
6137	8379
6137	8492
6137	9205
6137	9544
6160	3808
6160	6045
6160	7391
6160	9497
6160	9684
6180	817
6180	2036
6180	2986
6180	5660
6180	9465
6180	9561
6180	9769
6180	9987
6192	6360
6192	9939
6194	7150
6194	7717
6194	8682
6215	265
6215	631
6215	817
6215	3264
6215	5241
6215	5691
6215	6028
6215	6719
6215	7015
6215	7719
6215	8754
6215	9682
6215	9911
6219	7519
6219	8526
6225	7851
6225	8786
6225	9258
6230	7360
6230	7644
6230	8261
6240	2514
6240	6994
6240	7791
6240	8255
6240	8876
6240	9381
6247	2496
6247	6375
6247	7513
6247	8209
6258	4611
6259	3105
6259	4206
6285	8999
6301	5163
6301	7295
6301	7386
6309	3913
6309	5901
6309	6360
6309	6936
6309	7281
6309	8083
6309	8393
6309	9086
6309	9617
6309	9852
6312	4149
6312	5269
6312	6493
6312	8366
6312	9002
6312	9823
6312	9846
6312	9851
6334	6870
6334	7260
6334	7641
6334	9405
6336	6090
6336	7376
6336	7380
6336	7808
6347	7558
6347	7573
6347	8461
6347	8725
6360	2667
6360	4925
6360	5819
6360	6083
6360	6192
6360	6309
6360	7744
6360	9324
6360	9785
6360	9880
6366	3620
6366	9110
6366	9129
6366	9405
6366	9635
6375	6247
6375	7513
6375	8209
6391	9497
6391	9597
6391	9754
6391	9953
6397	6768
6397	8635
6397	9324
6397	9413
6397	9856
6405	2258
6405	9912
6405	9915
6426	3536
6431	4419
6431	5029
6431	7678
6431	7803
6431	8941
6431	9336
6431	9655
6439	4064
6439	7724
6439	7933
6439	8696
6463	9373
6485	2013
6485	5464
6485	6872
6485	8586
6485	9110
6493	6312
6493	9300
6494	4605
6494	5196
6494	6028
6494	6653
6494	7728
6494	7940
6494	8023
6494	8617
6494	8867
6494	9028
6494	9471
6494	9771
6494	9793
6495	3244
6495	6045
6495	7211
6495	7964
6495	8983
6502	1737
6502	2967
6502	6775
6502	7922
6502	8071
6502	9624
6502	9766
6502	9778
6513	1530
6513	3394
6513	9367
6513	9575
6520	5241
6520	9042
6523	2013
6523	9381
6523	9473
6523	9852
6523	9917
6525	2117
6525	9873
6527	8617
6527	9684
6529	256
6529	8923
6539	5672
6539	5864
6539	8400
6539	9207
6539	9332
6539	9395
6539	9497
6541	7202
6541	8167
6541	9284
6541	9326
6543	2117
6543	4009
6543	8144
6543	9783
6543	9860
6547	2013
6547	9081
6547	9917
6585	2826
6585	7380
6585	7814
6585	9091
6585	9771
6629	7118
6629	9395
6635	5442
6635	7078
6635	9853
6640	8384
6640	9848
6653	1213
6653	2873
6653	5196
6653	5821
6653	6494
6653	7479
6653	8371
6653	8445
6653	8867
6653	8923
6653	8999
6653	9771
6653	9793
6653	9895
6662	8144
6662	8254
6662	9002
6662	9783
6662	9860
6670	631
6670	3695
6670	9124
6670	9852
6671	7005
6671	7964
6671	8443
6671	8816
6695	8678
6703	3034
6703	3365
6703	7561
6703	7590
6703	7762
6703	7824
6703	9962
6719	2103
6719	5135
6719	5691
6719	5819
6719	5993
6719	6215
6719	8147
6719	8754
6719	9682
6723	5087
6723	9473
6723	9892
6729	1437
6729	6824
6729	8065
6729	8376
6729	9969
6733	4514
6733	7596
6733	8258
6734	7851
6734	8071
6734	8442
6734	8786
6768	1515
6768	4621
6768	6397
6768	8600
6768	9232
6773	2553
6773	7260
6773	9089
6773	9129
6773	9405
6775	409
6775	3535
6775	6502
6775	8725
6775	9194
6775	9212
6787	7562
6787	8543
6787	9658
6790	9332
6790	9853
6806	7260
6806	9327
6806	9332
6824	6729
6824	8545
6847	4036
6847	7450
6847	8923
6857	8699
6857	8706
6870	4509
6870	6334
6872	3392
6872	5642
6872	5789
6872	6485
6872	6939
6872	7335
6872	8875
6872	9355
6872	9942
6873	4901
6873	9321
6875	8205
6875	8997
6875	9017
6875	9582
6875	9860
6878	9493
6884	7746
6884	8926
6884	9175
6884	9572
6892	8029
6892	8508
6892	9449
6892	9578
6892	9785
6892	9890
6903	2496
6903	5239
6903	8356
6908	9575
6911	7479
6911	7777
6911	8867
6911	8999
6911	9771
6911	9793
6912	2203
6912	9610
6920	6987
6920	7450
6929	5060
6929	8065
6929	8207
6929	8209
6929	9355
6929	9561
6929	9582
6936	1861
6936	2209
6936	4830
6936	5115
6936	5642
6936	5901
6936	6309
6936	7591
6936	7843
6936	8393
6936	8441
6936	9086
6936	9348
6936	9445
6936	9617
6936	9831
6939	3419
6939	4496
6939	5080
6939	5639
6939	6872
6948	2158
6952	8056
6952	8501
6952	9471
6987	2505
6987	2940
6987	5090
6987	6920
6987	8083
6994	2514
6994	6240
6994	9395
6996	942
6996	7644
6996	9815
6996	9817
7005	6671
7005	7239
7005	8943
7005	9445
7005	9684
7005	10000
7011	5196
7011	8867
7011	9771
7011	9793
7015	6215
7022	910
7022	6083
7022	8867
7022	9225
7022	9892
7027	5090
7027	5118
7027	6045
7027	7295
7027	8381
7027	8969
7027	9528
7030	7851
7030	9327
7045	7260
7045	7808
7045	8417
7045	8915
7045	9281
7050	4883
7050	5050
7050	7645
7050	8706
7050	8824
7050	9003
7050	9389
7053	9004
7053	9987
7078	5442
7078	6635
7078	7383
7078	8029
7078	8504
7078	9668
7087	2125
7087	8677
7087	9636
7100	3964
7100	7281
7100	9175
7100	9815
7109	8475
7109	8816
7109	9610
7112	5196
7112	7360
7118	6629
7118	8588
7122	11
7122	7678
7122	9040
7124	2120
7124	7318
7124	9856
7136	7300
7136	9300
7141	491
7150	319
7150	1001
7150	1857
7150	2944
7150	6194
7150	7717
7150	7922
7150	8346
7150	9367
7150	9655
7150	9817
7159	8083
7159	8699
7173	1437
7173	2708
7173	3974
7173	4151
7173	8255
7173	8652
7173	9220
7173	9225
7173	9456
7173	9653
7173	9897
7175	7519
7175	8231
7181	1749
7181	9002
7181	9361
7181	9528
7181	9574
7181	9942
7202	4502
7202	6541
7202	7270
7202	9851
7211	6495
7230	1639
7230	5090
7230	5118
7230	5227
7230	7354
7230	8923
7230	8969
7230	9574
7230	9848
7230	9942
7236	5050
7236	8677
7236	9004
7236	9962
7238	5071
7238	6121
7238	8998
7238	9516
7238	9701
7238	9972
7239	4517
7239	7005
7260	2894
7260	3193
7260	4476
7260	5704
7260	5724
7260	6334
7260	6773
7260	6806
7260	7045
7260	7641
7260	8817
7260	9129
7260	9405
7260	9635
7270	4502
7270	7202
7277	3405
7277	8492
7277	9719
7279	942
7279	2268
7279	4432
7279	5855
7279	8492
7279	8696
7279	9205
7279	9544
7279	10000
7281	5732
7281	6309
7281	7100
7281	7802
7281	8387
7281	9413
7281	9895
7293	4038
7293	9361
7293	9535
7293	9593
7293	9785
7293	9890
7295	5133
7295	6049
7295	6301
7295	7027
7295	8969
7295	9361
7295	9528
7295	9544
7295	9891
7295	9942
7300	7136
7300	7519
7300	7585
7300	8231
7300	8682
7300	9197
7300	9722
7300	9735
7306	4417
7306	7978
7306	8658
7306	9324
7309	9915
7318	7124
7318	7616
7318	8635
7318	9151
7318	9943
7323	7641
7323	9456
7332	3476
7332	4901
7332	6028
7332	8366
7332	8956
7332	9966
7333	1586
7333	2967
7333	4680
7333	6095
7333	7376
7333	8494
7333	8750
7333	9367
7333	9655
7333	9817
7335	2008
7335	6872
7335	9624
7335	9766
7335	9778
7335	9972
7336	2940
7336	8258
7353	8255
7353	9701
7353	9709
7354	7230
7354	8086
7354	9722
7360	6230
7360	7112
7360	7573
7360	9962
7376	2826
7376	5841
7376	6336
7376	7333
7376	8420
7376	9088
7380	3117
7380	6336
7380	6585
7380	7808
7380	8401
7380	8545
7383	7078
7386	5050
7386	6301
7391	5656
7391	6160
7391	9636
7392	2008
7392	9774
7392	9973
7438	2008
7438	3491
7438	5049
7438	9624
7438	9766
7438	9778
7450	5175
7450	6847
7450	6920
7450	7625
7467	8181
7467	9945
7469	78
7469	9207
7469	9381
7469	9471
7469	9746
7469	9780
7479	1878
7479	5118
7479	6653
7479	6911
7479	7777
7479	8867
7479	8999
7479	9281
7479	9771
7479	9793
7495	4206
7495	9646
7495	9734
7504	2094
7504	7662
7504	8600
7504	9710
7513	4991
7513	6247
7513	6375
7513	9668
7513	9692
7513	9915
7515	6028
7515	8417
7515	9966
7515	9973
7518	1103
7518	2912
7518	8356
7518	8468
7519	6219
7519	7175
7519	7300
7519	8303
7519	9086
7519	9197
7519	9610
7558	5118
7558	6347
7558	8350
7558	8461
7561	3850
7561	5113
7561	6703
7561	7933
7561	8723
7561	8876
7561	9722
7561	9912
7562	2923
7562	6787
7562	7619
7562	8543
7562	9493
7563	4871
7563	9004
7563	9746
7563	9780
7566	265
7566	4883
7566	7746
7566	8943
7566	9081
7566	9260
7566	9684
7573	152
7573	6347
7573	7360
7573	7744
7573	8461
7585	7300
7585	8231
7585	8371
7585	9197
7590	1961
7590	3034
7590	6703
7590	9636
7590	9962
7591	3620
7591	6936
7591	7641
7591	8817
7591	8867
7591	9089
7591	9405
7591	9635
7596	5290
7596	6733
7596	8417
7596	9575
7616	7318
7616	7791
7616	9304
7616	9668
7616	9853
7619	7562
7619	9273
7619	9472
7625	3695
7625	4314
7625	4678
7625	4883
7625	7450
7625	7791
7625	9389
7625	9719
7625	9911
7626	477
7626	4038
7626	9507
7628	9684
7640	9380
7640	9401
7640	9773
7640	9802
7641	451
7641	760
7641	6334
7641	7260
7641	7323
7641	7591
7641	8817
7641	9040
7641	9089
7641	9129
7644	3194
7644	4991
7644	5337
7644	6230
7644	6996
7644	7719
7644	8083
7644	8531
7644	8543
7644	9086
7644	9348
7644	9472
7644	9617
7645	2533
7645	5050
7645	6102
7645	7050
7645	9003
7645	9668
7648	3913
7648	5133
7648	7933
7648	8527
7648	8638
7648	9538
7648	9908
7655	9636
7662	11
7662	3476
7662	5175
7662	7504
7662	9710
7668	791
7668	8750
7668	8842
7678	6431
7678	7122
7681	5442
7681	9746
7713	3320
7713	8926
7717	6194
7717	7150
7717	7948
7717	8494
7717	9367
7717	9655
7717	9817
7718	489
7718	1878
7718	5901
7718	9403
7718	9732
7719	477
7719	1586
7719	2103
7719	2738
7719	2836
7719	3128
7719	5135
7719	6015
7719	6215
7719	7644
7719	8045
7719	8071
7719	8754
7719	9473
7719	9497
7719	9682
7723	477
7723	2158
7723	5269
7723	9915
7724	6439
7724	7964
7724	8816
7724	8949
7728	6494
7744	6360
7744	7573
7744	9324
7744	9880
7746	6884
7746	7566
7746	8443
7746	8684
7746	9175
7746	9572
7746	9592
7746	9908
7762	6703
7762	9283
7762	9636
7776	645
7776	5467
7776	9214
7776	9380
7776	9722
7777	631
7777	4636
7777	6911
7777	7479
7777	7940
7777	8296
7777	8999
7777	9028
7777	9771
7777	9793
7780	3105
7780	9310
7780	9978
7784	5060
7784	7853
7784	8096
7791	265
7791	1855
7791	2258
7791	2950
7791	4314
7791	4678
7791	6121
7791	6240
7791	7616
7791	7625
7791	8824
7791	8841
7791	8983
7791	9003
7791	9081
7791	9260
7791	9373
7791	9953
7802	4790
7802	7281
7802	9023
7802	9558
7802	9579
7802	9769
7802	9846
7802	9987
7803	5839
7803	6431
7803	8147
7803	9336
7808	271
7808	3117
7808	6090
7808	6336
7808	7045
7808	7380
7808	9175
7814	5953
7814	6585
7814	7951
7814	9535
7824	6703
7824	9017
7843	2901
7843	3783
7843	6936
7843	9722
7851	1544
7851	3392
7851	4688
7851	4983
7851	6225
7851	6734
7851	7030
7851	8909
7851	9258
7851	9468
7853	5280
7853	7784
7853	8096
7853	8761
7853	9449
7862	4172
7862	6057
7862	8366
7862	8658
7862	8769
7862	9730
7862	9794
7862	9846
7862	9851
7874	3267
7874	8725
7874	8970
7874	9471
7883	606
7883	2008
7883	9883
7883	9909
7895	4151
7895	9220
7895	9225
7895	9456
7895	9653
7904	1422
7904	8635
7904	8769
7904	9449
7904	9856
7922	177
7922	368
7922	2967
7922	5049
7922	6502
7922	7150
7922	8351
7922	9401
7922	9624
7922	9766
7922	9778
7933	554
7933	1015
7933	1180
7933	1895
7933	4765
7933	5113
7933	6439
7933	7561
7933	7648
7933	8351
7933	8376
7933	8527
7933	8684
7933	9174
7933	9538
7933	9908
7933	9985
7940	6494
7940	7777
7940	8371
7940	8867
7940	8999
7940	9028
7940	9449
7940	9771
7940	9793
7948	674
7948	5792
7948	7717
7948	8010
7950	486
7950	8384
7950	8923
7950	9468
7950	9976
7951	5953
7951	7814
7951	8231
7951	9091
7951	9132
7964	5612
7964	6495
7964	6671
7964	7724
7964	8443
7964	8816
7964	8983
7978	7306
7978	8658
7978	9471
7997	21
7997	2533
7997	5901
8010	4314
8010	4319
8010	5681
8010	7948
8010	8400
8010	9281
8013	8842
8023	6494
8023	9847
8029	4036
8029	6892
8029	7078
8029	8506
8029	8993
8029	9449
8029	9578
8029	9766
8029	9794
8029	9890
8040	8639
8040	9528
8042	2374
8042	2923
8042	6004
8042	9497
8045	7719
8045	9593
8045	9701
8045	9883
8056	5947
8056	6952
8056	8401
8056	9172
8065	979
8065	6729
8065	6929
8065	8207
8065	9561
8065	9900
8069	1878
8069	4314
8069	8556
8069	9243
8069	9397
8069	9684
8069	9909
8069	9987
8071	4983
8071	5102
8071	5118
8071	6502
8071	6734
8071	7719
8071	8190
8071	8442
8071	8449
8071	8786
8071	9258
8071	9468
8071	9794
8071	9900
8083	2608
8083	4991
8083	6309
8083	6987
8083	7159
8083	7644
8083	8531
8083	9086
8083	9348
8083	9472
8083	9617
8083	9845
8083	9911
8086	5196
8086	7354
8086	9582
8087	8556
8087	9081
8090	2263
8090	3105
8090	4314
8090	9963
8091	271
8091	9891
8096	5280
8096	7784
8096	7853
8096	8254
8096	8761
8121	8401
8121	8522
8129	3573
8129	5095
8129	8449
8129	9210
8132	8884
8144	5115
8144	6543
8144	6662
8144	9497
8144	9783
8144	9860
8147	4419
8147	5029
8147	5839
8147	6719
8147	7803
8147	8706
8147	8941
8147	9336
8152	8638
8152	8824
8152	9684
8167	5743
8167	6541
8181	2008
8181	7467
8181	9945
8190	3981
8190	8071
8190	8232
8203	1894
8203	5196
8205	742
8205	6875
8205	8997
8205	9017
8207	6929
8207	8065
8207	9326
8207	9860
8209	874
8209	6247
8209	6375
8209	6929
8209	8786
8209	9942
8222	5686
8222	9912
8222	9915
8223	1183
8223	4517
8223	9132
8231	3981
8231	4871
8231	5264
8231	7175
8231	7300
8231	7585
8231	7951
8231	9197
8232	8190
8254	6662
8254	8096
8254	9473
8255	119
8255	153
8255	451
8255	2886
8255	3898
8255	6240
8255	7173
8255	7353
8255	8449
8255	9592
8258	4959
8258	5660
8258	6733
8258	7336
8258	8876
8258	9274
8261	679
8261	3964
8261	4406
8261	4483
8261	6230
8261	9942
8295	9401
8295	9794
8295	9963
8296	4501
8296	4542
8296	7777
8296	8381
8296	8846
8296	9973
8301	8506
8301	8508
8301	8526
8301	9592
8301	9662
8301	9735
8301	9845
8303	7519
8303	8599
8303	8841
8303	9711
8312	2117
8312	4373
8312	9207
8312	9474
8338	914
8338	5140
8338	6082
8338	8684
8338	9373
8346	5049
8346	7150
8346	9088
8346	9636
8350	7558
8351	7922
8351	7933
8351	9474
8351	9538
8351	9908
8356	2496
8356	6903
8356	7518
8356	9778
8358	8678
8358	9124
8358	9853
8358	9911
8366	3365
8366	4172
8366	6312
8366	7332
8366	7862
8366	8550
8366	8956
8366	9289
8366	9730
8366	9794
8366	9823
8371	265
8371	3309
8371	6653
8371	7585
8371	7940
8371	8999
8371	9028
8371	9771
8371	9793
8376	6729
8376	7933
8379	856
8379	3419
8379	4432
8379	5855
8379	6137
8379	8492
8379	8696
8379	9205
8379	9544
8381	7027
8381	8296
8381	8846
8381	9004
8381	9403
8381	9973
8384	2487
8384	6640
8384	7950
8384	8588
8384	9908
8387	1639
8387	7281
8387	8915
8387	9579
8392	8684
8392	9124
8393	1918
8393	6309
8393	6936
8393	8441
8393	8491
8393	8531
8393	8624
8393	9086
8393	9194
8393	9283
8393	9348
8393	9472
8393	9617
8400	259
8400	372
8400	1461
8400	1515
8400	2944
8400	4807
8400	5672
8400	5864
8400	6539
8400	8010
8400	8622
8400	9207
8400	9232
8400	9317
8400	9332
8400	9395
8400	9497
8400	9658
8401	1742
8401	5702
8401	7380
8401	8056
8401	8121
8404	3034
8404	9572
8411	5227
8411	9963
8417	7045
8417	7515
8417	7596
8417	9453
8420	5264
8420	7376
8420	9572
8425	1742
8425	9394
8425	9653
8428	2158
8428	9124
8428	9413
8439	3535
8439	9220
8439	9334
8441	4991
8441	5901
8441	6936
8441	8393
8441	8531
8441	8999
8441	9086
8441	9348
8441	9472
8441	9617
8442	979
8442	3290
8442	6734
8442	8071
8442	8449
8442	8617
8442	8786
8442	9463
8442	9468
8442	9701
8443	491
8443	6671
8443	7746
8443	7964
8443	8876
8443	8949
8445	4669
8445	6653
8445	8762
8449	920
8449	1544
8449	2160
8449	8071
8449	8129
8449	8255
8449	8442
8449	8461
8449	8600
8449	8617
8449	8786
8449	9544
8461	6347
8461	7558
8461	7573
8461	8449
8461	8577
8461	9847
8468	1103
8468	7518
8468	9214
8468	9341
8471	8824
8475	7109
8475	8972
8475	9042
8480	2374
8480	2950
8480	3560
8480	5088
8480	5819
8480	9592
8480	9735
8480	9845
8491	4611
8491	5140
8491	5719
8491	8393
8492	3598
8492	5102
8492	6137
8492	7277
8492	7279
8492	8379
8492	8696
8492	9205
8492	9258
8492	9544
8492	9992
8494	4053
8494	7333
8494	7717
8494	8650
8494	9617
8494	9655
8494	9817
8501	477
8501	2117
8501	6952
8504	7078
8506	3560
8506	5088
8506	5819
8506	8029
8506	8301
8506	9592
8506	9662
8506	9735
8506	9845
8506	9937
8508	1515
8508	6892
8508	8301
8508	8638
8508	9831
8508	9976
8522	5508
8522	5677
8522	5702
8522	8121
8526	4607
8526	5977
8526	6219
8526	8301
8526	8550
8526	8699
8526	8875
8527	3913
8527	4765
8527	7648
8527	7933
8527	9445
8527	9538
8527	9908
8531	2440
8531	2608
8531	4991
8531	5337
8531	7644
8531	8083
8531	8393
8531	8441
8531	9086
8531	9348
8531	9472
8531	9617
8531	9668
8531	9817
8543	2263
8543	5050
8543	6787
8543	7562
8543	7644
8543	8816
8543	8817
8543	9474
8545	6824
8545	7380
8545	8944
8550	4680
8550	8366
8550	8526
8550	9002
8550	9794
8550	9823
8550	9846
8550	9851
8556	259
8556	8069
8556	8087
8556	8944
8556	9317
8559	491
8559	9019
8577	8461
8577	9101
8577	9227
8577	9401
8586	2496
8586	6485
8586	9966
8586	9985
8588	679
8588	1980
8588	5464
8588	5628
8588	7118
8588	8384
8588	9373
8588	9662
8588	9735
8588	9897
8599	8303
8599	8841
8599	9711
8599	9873
8600	4273
8600	5953
8600	6768
8600	7504
8600	8449
8600	8608
8600	8948
8608	1990
8608	5719
8608	8600
8608	8876
8608	8948
8608	9023
8614	9023
8614	9380
8614	9403
8614	9831
8615	4542
8615	8987
8615	9232
8615	9575
8615	9876
8617	6494
8617	6527
8617	8442
8617	8449
8617	9304
8617	9456
8618	3335
8618	9575
8618	9646
8622	8400
8622	9284
8622	9976
8624	8393
8633	5743
8633	6090
8633	9283
8635	3981
8635	6397
8635	7318
8635	7904
8635	8999
8635	9380
8635	9593
8635	9856
8638	74
8638	1857
8638	2289
8638	3712
8638	4644
8638	5811
8638	7648
8638	8152
8638	8508
8639	8040
8639	8678
8639	9413
8639	9745
8650	4542
8650	8494
8650	8886
8650	8987
8650	9575
8650	9876
8652	1961
8652	3365
8652	5155
8652	7173
8652	9283
8652	9636
8652	9962
8658	6121
8658	7306
8658	7862
8658	7978
8658	9281
8658	9815
8677	3105
8677	7087
8677	7236
8677	8962
8677	8997
8678	6695
8678	8358
8678	8639
8678	9067
8678	9413
8678	9745
8682	2836
8682	6194
8682	7300
8684	3783
8684	4065
8684	7746
8684	7933
8684	8338
8684	8392
8684	8817
8684	9175
8684	9572
8684	9662
8684	9992
8695	2901
8695	5290
8695	8746
8695	8948
8695	9468
8696	856
8696	3598
8696	4432
8696	5855
8696	6439
8696	7279
8696	8379
8696	8492
8696	9205
8696	9544
8699	1977
8699	4607
8699	6857
8699	7159
8699	8526
8699	9942
8700	74
8700	9381
8700	9746
8701	9348
8701	9397
8706	2873
8706	3267
8706	6857
8706	7050
8706	8147
8706	8948
8706	9300
8706	9450
8723	5686
8723	7561
8723	9915
8725	6347
8725	6775
8725	7874
8725	8841
8725	8970
8735	24
8735	2686
8735	6028
8735	9682
8744	368
8744	3187
8744	6102
8744	9658
8746	8695
8746	8769
8746	9453
8746	9646
8746	9969
8750	5321
8750	7333
8750	7668
8750	8971
8750	9091
8754	817
8754	1857
8754	2738
8754	3128
8754	4210
8754	4611
8754	6215
8754	6719
8754	7719
8754	9682
8754	9823
8761	5280
8761	7853
8761	8096
8762	2263
8762	5250
8762	8445
8762	9610
8762	9628
8769	1286
8769	3194
8769	4172
8769	5269
8769	6004
8769	7862
8769	7904
8769	8746
8769	9493
8769	9794
8769	9815
8769	9823
8769	9846
8769	9851
8771	8999
8771	9851
8780	3808
8780	8944
8780	8999
8780	9110
8780	9380
8780	9405
8780	9967
8786	6225
8786	6734
8786	8071
8786	8209
8786	8442
8786	8449
8786	9148
8786	9258
8786	9260
8786	9468
8816	2163
8816	5612
8816	5819
8816	6671
8816	7109
8816	7724
8816	7964
8816	8543
8816	8949
8816	9274
8816	9395
8816	9669
8816	9746
8816	9766
8817	3508
8817	7260
8817	7591
8817	7641
8817	8543
8817	8684
8817	9089
8817	9405
8817	9635
8824	265
8824	3944
8824	4509
8824	7050
8824	7791
8824	8152
8824	8471
8824	9003
8824	9081
8824	9129
8824	9260
8824	9389
8824	9628
8841	1619
8841	4128
8841	5537
8841	5659
8841	7791
8841	8303
8841	8599
8841	8725
8841	9711
8841	9807
8841	9911
8841	9939
8842	3070
8842	5280
8842	7668
8842	8013
8846	4501
8846	8296
8846	8381
8846	9004
8846	9973
8847	4812
8847	9139
8847	9783
8847	9807
8847	9972
8867	1544
8867	5196
8867	6494
8867	6653
8867	6911
8867	7011
8867	7022
8867	7479
8867	7591
8867	7940
8867	8999
8867	9028
8867	9485
8867	9771
8867	9793
8867	9987
8875	1791
8875	6872
8875	8526
8875	9355
8875	9579
8876	6240
8876	7561
8876	8258
8876	8443
8876	8608
8876	9274
8876	9939
8878	9646
8878	9734
8878	9862
8878	9917
8882	2158
8882	8983
8882	9260
8882	9985
8884	1938
8884	2972
8884	4713
8884	5265
8884	8132
8884	9327
8886	1217
8886	8650
8886	9232
8886	9493
8886	9754
8886	9876
8897	3335
8897	9636
8897	9978
8909	7851
8909	9281
8909	9722
8909	9967
8915	2203
8915	7045
8915	8387
8915	9528
8915	9579
8923	6529
8923	6653
8923	6847
8923	7230
8923	7950
8923	9394
8926	119
8926	451
8926	674
8926	6884
8926	7713
8926	9709
8926	9802
8941	4419
8941	5029
8941	5264
8941	5839
8941	5917
8941	6431
8941	8147
8941	9336
8941	9449
8941	9617
8941	9766
8943	4064
8943	7005
8943	7566
8943	9445
8944	8545
8944	8556
8944	8780
8944	9380
8944	9773
8944	9802
8944	9945
8948	4273
8948	4621
8948	8600
8948	8608
8948	8695
8948	8706
8948	9445
8948	9853
8949	5659
8949	7724
8949	8443
8949	8816
8956	7332
8956	8366
8956	9042
8962	3255
8962	6103
8962	8677
8962	9561
8962	9895
8962	9942
8969	6045
8969	7027
8969	7230
8969	7295
8969	8971
8969	9361
8969	9528
8969	9574
8969	9684
8969	9942
8970	3267
8970	7874
8970	8725
8970	9076
8971	8750
8971	8969
8971	9987
8972	8475
8972	9848
8972	9859
8983	64
8983	3244
8983	3396
8983	6495
8983	7791
8983	7964
8983	8882
8983	9684
8987	4542
8987	4625
8987	8615
8987	8650
8987	9089
8987	9232
8987	9575
8987	9754
8987	9876
8993	4038
8993	6082
8993	8029
8993	9535
8993	9578
8993	9785
8993	9890
8993	9972
8997	6875
8997	8205
8997	8677
8997	9017
8997	9289
8998	4038
8998	6121
8998	7238
8998	9019
8998	9516
8999	3267
8999	3309
8999	4406
8999	6111
8999	6285
8999	6653
8999	6911
8999	7479
8999	7777
8999	7940
8999	8371
8999	8441
8999	8635
8999	8771
8999	8780
8999	8867
8999	9028
8999	9771
8999	9793
9002	2385
9002	4680
9002	5269
9002	6312
9002	6662
9002	7181
9002	8550
9002	9794
9002	9823
9002	9846
9002	9851
9003	5050
9003	7050
9003	7645
9003	7791
9003	8824
9003	9260
9003	9967
9004	3410
9004	4501
9004	7053
9004	7236
9004	7563
9004	8381
9004	8846
9004	9243
9004	9413
9004	9973
9017	3590
9017	4065
9017	4784
9017	4984
9017	6875
9017	7824
9017	8205
9017	8997
9017	9317
9017	9332
9017	9582
9017	9617
9017	9976
9017	9989
9019	92
9019	8559
9019	8998
9019	9516
9023	4790
9023	5196
9023	5660
9023	7802
9023	8608
9023	8614
9023	9151
9023	9465
9023	9558
9023	9769
9023	9987
9028	3309
9028	5442
9028	6494
9028	7777
9028	7940
9028	8371
9028	8867
9028	8999
9028	9771
9028	9793
9040	259
9040	5642
9040	6049
9040	7122
9040	7641
9042	165
9042	1938
9042	5486
9042	5901
9042	6520
9042	8475
9042	8956
9042	9662
9042	9911
9044	3573
9066	319
9066	9225
9066	9773
9067	8678
9067	9227
9067	9876
9067	9953
9076	3898
9076	5163
9076	8970
9076	9597
9076	9719
9081	3257
9081	3320
9081	6547
9081	7566
9081	7791
9081	8087
9081	8824
9081	9260
9081	9389
9086	5337
9086	6309
9086	6936
9086	7519
9086	7644
9086	8083
9086	8393
9086	8441
9086	8531
9086	9348
9086	9472
9086	9617
9086	9778
9086	9985
9088	2117
9088	4614
9088	4930
9088	7376
9088	8346
9089	1418
9089	3264
9089	3620
9089	6773
9089	7591
9089	7641
9089	8817
9089	8987
9089	9129
9089	9405
9091	146
9091	3812
9091	6585
9091	7951
9091	8750
9091	9831
9101	8577
9101	9194
9101	9401
9110	6366
9110	6485
9110	8780
9110	9380
9110	9773
9110	9802
9124	6670
9124	8358
9124	8392
9124	8428
9124	9684
9129	3193
9129	4104
9129	5286
9129	6366
9129	6773
9129	7260
9129	7641
9129	8824
9129	9089
9129	9405
9132	7951
9132	8223
9139	2334
9139	8847
9139	9472
9139	9972
9148	2013
9148	8786
9148	9381
9148	9734
9148	9917
9151	3255
9151	4065
9151	4790
9151	5686
9151	6082
9151	7318
9151	9023
9151	9465
9172	1651
9172	5947
9172	8056
9174	7933
9174	9341
9175	4158
9175	4691
9175	5478
9175	6884
9175	7100
9175	7746
9175	7808
9175	8684
9175	9463
9175	9572
9179	1838
9179	1894
9179	3944
9179	5743
9179	9198
9194	6775
9194	8393
9194	9101
9194	9401
9194	9710
9196	2036
9196	9817
9197	7300
9197	7519
9197	7585
9197	8231
9198	4514
9198	9179
9198	9373
9205	856
9205	942
9205	3598
9205	4432
9205	5102
9205	6137
9205	7279
9205	8379
9205	8492
9205	8696
9205	9544
9205	9628
9205	9766
9207	92
9207	259
9207	325
9207	2245
9207	2337
9207	4807
9207	5672
9207	5864
9207	6539
9207	7469
9207	8312
9207	8400
9207	9332
9207	9395
9207	9497
9210	972
9210	2163
9210	8129
9210	9472
9212	4406
9212	4476
9212	4834
9212	6775
9212	9636
9214	491
9214	2858
9214	5380
9214	5467
9214	7776
9214	8468
9214	9273
9220	2094
9220	7173
9220	7895
9220	8439
9220	9225
9220	9456
9220	9653
9220	9769
9225	3974
9225	4151
9225	5659
9225	7022
9225	7173
9225	7895
9225	9066
9225	9220
9225	9456
9225	9653
9227	8577
9227	9067
9227	10000
9232	3070
9232	6768
9232	8400
9232	8615
9232	8886
9232	8987
9232	9575
9232	9754
9232	9963
9243	4517
9243	8069
9243	9004
9243	9321
9243	9985
9258	119
9258	1544
9258	4983
9258	6225
9258	7851
9258	8071
9258	8492
9258	8786
9258	9468
9260	3264
9260	4314
9260	4509
9260	4678
9260	5050
9260	7566
9260	7791
9260	8786
9260	8824
9260	8882
9260	9003
9260	9081
9273	5467
9273	7619
9273	9214
9273	9507
9273	9847
9274	5639
9274	8258
9274	8816
9274	8876
9274	9283
9281	7045
9281	7479
9281	8010
9281	8658
9281	8909
9283	6059
9283	7762
9283	8393
9283	8633
9283	8652
9283	9274
9283	9636
9283	9962
9283	9985
9284	4514
9284	5265
9284	6541
9284	8622
9284	9326
9284	9493
9284	9502
9289	2901
9289	8366
9289	8997
9289	9361
9289	9722
9300	2496
9300	6493
9300	7136
9300	8706
9304	1326
9304	2053
9304	7616
9304	8617
9304	9662
9304	9668
9310	489
9310	3105
9310	7780
9310	9978
9317	8400
9317	8556
9317	9017
9321	4901
9321	5250
9321	6873
9321	9243
9324	554
9324	6083
9324	6360
9324	6397
9324	7306
9324	7744
9324	9880
9326	146
9326	3476
9326	5265
9326	6541
9326	8207
9326	9284
9326	9493
9326	9709
9326	9745
9327	6806
9327	7030
9327	8884
9327	9575
9329	4812
9329	9900
9332	92
9332	259
9332	325
9332	372
9332	1461
9332	2944
9332	4807
9332	5102
9332	5155
9332	5537
9332	5672
9332	5864
9332	6097
9332	6539
9332	6790
9332	6806
9332	8400
9332	9017
9332	9207
9332	9395
9332	9497
9332	9891
9332	9895
9334	4758
9334	5140
9334	6009
9334	8439
9336	5839
9336	6431
9336	7803
9336	8147
9336	8941
9341	2496
9341	4720
9341	5508
9341	5917
9341	8468
9341	9174
9341	9485
9341	9847
9341	9945
9348	1861
9348	1918
9348	2608
9348	4991
9348	5337
9348	6936
9348	7644
9348	8083
9348	8393
9348	8441
9348	8531
9348	8701
9348	9086
9348	9472
9348	9617
9348	9668
9355	1791
9355	2258
9355	3368
9355	3392
9355	5627
9355	6042
9355	6872
9355	6929
9355	8875
9355	9379
9355	9774
9361	1639
9361	7181
9361	7293
9361	7295
9361	8969
9361	9289
9361	9465
9361	9502
9361	9528
9361	9579
9361	9846
9361	9848
9361	9942
9367	6095
9367	6513
9367	7150
9367	7333
9367	7717
9367	9655
9367	9817
9373	6463
9373	7791
9373	8338
9373	8588
9373	9198
9373	9561
9373	9937
9379	271
9379	4064
9379	9355
9379	9802
9380	702
9380	2940
9380	3361
9380	3989
9380	7640
9380	7776
9380	8614
9380	8635
9380	8780
9380	8944
9380	9110
9380	9802
9380	9967
9381	2053
9381	6240
9381	6523
9381	7469
9381	8700
9381	9148
9381	9917
9381	9937
9389	3320
9389	4509
9389	5050
9389	6102
9389	7050
9389	7625
9389	8824
9389	9081
9389	9578
9394	372
9394	8425
9394	8923
9394	9679
9394	9939
9395	92
9395	325
9395	372
9395	2245
9395	2337
9395	2944
9395	4807
9395	5087
9395	5672
9395	5864
9395	6539
9395	6629
9395	6994
9395	8400
9395	8816
9395	9207
9395	9332
9395	9493
9395	9497
9397	3536
9397	4517
9397	5109
9397	8069
9397	8701
9397	9449
9397	9684
9401	7640
9401	7922
9401	8295
9401	8577
9401	9101
9401	9194
9401	9847
9403	7718
9403	8381
9403	8614
9403	9711
9405	760
9405	1504
9405	2553
9405	3193
9405	3508
9405	6334
9405	6366
9405	6773
9405	7260
9405	7591
9405	8780
9405	8817
9405	9089
9405	9129
9405	9468
9405	9635
9413	1391
9413	3211
9413	3508
9413	4206
9413	5102
9413	6397
9413	7281
9413	8428
9413	8639
9413	8678
9413	9004
9445	6936
9445	7005
9445	8527
9445	8943
9445	8948
9449	910
9449	6892
9449	7853
9449	7904
9449	7940
9449	8029
9449	8941
9449	9397
9449	9535
9449	9578
9449	9580
9449	9785
9449	9890
9449	9966
9450	2258
9450	4007
9450	4417
9450	5704
9450	8706
9453	4991
9453	8417
9453	8746
9453	9734
9456	2094
9456	3974
9456	4151
9456	7173
9456	7323
9456	7895
9456	8617
9456	9220
9456	9225
9456	9653
9463	38
9463	8442
9463	9175
9465	2986
9465	5290
9465	6180
9465	9023
9465	9151
9465	9361
9465	9558
9465	9769
9465	9987
9468	1326
9468	1737
9468	7851
9468	7950
9468	8071
9468	8442
9468	8695
9468	8786
9468	9258
9468	9405
9468	9578
9471	1391
9471	6494
9471	6952
9471	7469
9471	7874
9471	7978
9472	1861
9472	1918
9472	2608
9472	3335
9472	4273
9472	5337
9472	5612
9472	5901
9472	7619
9472	7644
9472	8083
9472	8393
9472	8441
9472	8531
9472	9086
9472	9139
9472	9210
9472	9348
9472	9617
9472	9883
9472	9942
9473	5337
9473	6523
9473	6723
9473	7719
9473	8254
9473	9669
9473	9873
9474	5135
9474	8312
9474	8351
9474	8543
9474	9890
9478	4483
9478	9937
9478	9973
9485	8867
9485	9341
9493	3476
9493	4514
9493	5265
9493	6878
9493	7562
9493	8769
9493	8886
9493	9284
9493	9326
9493	9395
9493	9969
9497	92
9497	259
9497	325
9497	372
9497	1461
9497	2245
9497	2337
9497	2944
9497	4417
9497	4807
9497	5672
9497	5864
9497	6160
9497	6391
9497	6539
9497	7719
9497	8042
9497	8144
9497	8400
9497	9207
9497	9332
9497	9395
9497	9538
9497	9969
9502	1316
9502	4560
9502	5090
9502	5537
9502	9284
9502	9361
9502	9528
9502	9574
9502	9848
9502	9942
9507	3536
9507	7626
9507	9273
9507	9580
9516	6121
9516	7238
9516	8998
9516	9019
9516	9745
9516	9966
9528	3616
9528	5090
9528	6049
9528	6121
9528	7027
9528	7181
9528	7295
9528	8040
9528	8915
9528	8969
9528	9361
9528	9502
9528	9574
9528	9785
9528	9848
9528	9942
9535	4038
9535	7293
9535	7814
9535	8993
9535	9449
9535	9578
9535	9785
9535	9817
9535	9890
9538	7648
9538	7933
9538	8351
9538	8527
9538	9497
9538	9908
9544	856
9544	942
9544	2268
9544	3598
9544	4432
9544	5102
9544	5855
9544	6137
9544	7279
9544	7295
9544	8379
9544	8449
9544	8492
9544	8696
9544	9205
9544	9646
9544	9845
9558	2263
9558	2986
9558	4790
9558	7802
9558	9023
9558	9465
9558	9769
9558	9987
9558	9992
9561	910
9561	979
9561	5510
9561	6180
9561	6929
9561	8065
9561	8962
9561	9373
9561	9891
9572	4065
9572	6884
9572	7746
9572	8404
9572	8420
9572	8684
9572	9175
9574	1316
9574	3783
9574	4560
9574	6045
9574	6049
9574	7181
9574	7230
9574	8969
9574	9502
9574	9528
9574	9876
9574	9942
9575	4542
9575	4625
9575	4720
9575	6513
9575	6908
9575	7596
9575	8615
9575	8618
9575	8650
9575	8987
9575	9232
9575	9327
9575	9597
9575	9754
9575	9766
9575	9876
9578	4038
9578	6892
9578	8029
9578	8993
9578	9389
9578	9449
9578	9468
9578	9535
9578	9785
9578	9890
9579	1103
9579	2337
9579	7802
9579	8387
9579	8875
9579	8915
9579	9361
9580	2158
9580	9449
9580	9507
9582	6875
9582	6929
9582	8086
9582	9017
9592	2950
9592	3560
9592	5947
9592	7746
9592	8255
9592	8301
9592	8480
9592	8506
9592	9722
9592	9735
9592	9845
9592	9846
9593	11
9593	7293
9593	8045
9593	8635
9597	6391
9597	9076
9597	9575
9597	9953
9610	920
9610	3519
9610	6912
9610	7109
9610	7519
9610	8762
9617	1861
9617	1918
9617	4991
9617	5337
9617	5901
9617	6309
9617	6936
9617	7644
9617	8083
9617	8393
9617	8441
9617	8494
9617	8531
9617	8941
9617	9017
9617	9086
9617	9348
9617	9472
9624	2967
9624	5049
9624	6502
9624	7335
9624	7438
9624	7922
9624	9766
9624	9778
9628	2334
9628	2631
9628	3536
9628	8762
9628	8824
9628	9205
9628	9846
9635	2553
9635	3193
9635	3508
9635	3620
9635	6366
9635	7260
9635	7591
9635	8817
9635	9405
9636	3034
9636	3365
9636	3410
9636	6059
9636	7087
9636	7391
9636	7590
9636	7655
9636	7762
9636	8346
9636	8652
9636	8897
9636	9212
9636	9283
9636	9815
9636	9943
9640	78
9640	1422
9640	2203
9640	3392
9640	3616
9640	9774
9646	1319
9646	7495
9646	8618
9646	8746
9646	8878
9646	9544
9646	9734
9646	9862
9646	9942
9653	2094
9653	3974
9653	7173
9653	7895
9653	8425
9653	9220
9653	9225
9653	9456
9655	1001
9655	1586
9655	6095
9655	6431
9655	7150
9655	7333
9655	7717
9655	8494
9655	9367
9655	9817
9655	9937
9658	6787
9658	8400
9658	8744
9662	2950
9662	5088
9662	8301
9662	8506
9662	8588
9662	8684
9662	9042
9662	9304
9662	9735
9662	9845
9662	9892
9668	74
9668	3034
9668	3193
9668	4151
9668	7078
9668	7513
9668	7616
9668	7645
9668	8531
9668	9304
9668	9348
9668	9853
9668	9989
9669	8816
9669	9473
9669	9943
9679	9394
9679	9911
9679	9942
9682	486
9682	817
9682	2103
9682	2738
9682	2836
9682	3128
9682	5135
9682	5691
9682	5953
9682	5993
9682	6215
9682	6719
9682	7719
9682	8735
9682	8754
9682	9945
9684	1878
9684	1894
9684	3296
9684	3569
9684	4517
9684	4834
9684	5109
9684	6160
9684	6527
9684	7005
9684	7566
9684	7628
9684	8069
9684	8152
9684	8969
9684	8983
9684	9124
9684	9397
9684	9873
9684	9909
9685	3410
9685	5087
9685	5841
9685	9892
9692	7513
9692	9722
9701	4149
9701	5264
9701	7238
9701	7353
9701	8045
9701	8442
9701	9897
9701	9987
9709	4172
9709	7353
9709	8926
9709	9326
9710	11
9710	7504
9710	7662
9710	9194
9710	9876
9711	5659
9711	8303
9711	8599
9711	8841
9711	9403
9719	4784
9719	7277
9719	7625
9719	9076
9720	2731
9720	4542
9720	6097
9722	2901
9722	4509
9722	7300
9722	7354
9722	7561
9722	7776
9722	7843
9722	8909
9722	9289
9722	9592
9722	9692
9730	1025
9730	4172
9730	6057
9730	7862
9730	8366
9730	9774
9730	9794
9730	9846
9730	9851
9732	3187
9732	5901
9732	7718
9734	2120
9734	3335
9734	4206
9734	7495
9734	8878
9734	9148
9734	9453
9734	9646
9734	9862
9734	9880
9735	1286
9735	5819
9735	7300
9735	8301
9735	8480
9735	8506
9735	8588
9735	9592
9735	9662
9735	9845
9745	4294
9745	8639
9745	8678
9745	9326
9745	9516
9745	9967
9746	7469
9746	7563
9746	7681
9746	8700
9746	8816
9746	9780
9754	4720
9754	5508
9754	6391
9754	8886
9754	8987
9754	9232
9754	9575
9754	9876
9766	177
9766	2008
9766	2967
9766	3491
9766	5049
9766	6502
9766	7335
9766	7438
9766	7922
9766	8029
9766	8816
9766	8941
9766	9205
9766	9575
9766	9624
9766	9778
9769	1422
9769	6180
9769	7802
9769	9023
9769	9220
9769	9465
9769	9558
9769	9987
9771	5196
9771	6494
9771	6585
9771	6653
9771	6911
9771	7011
9771	7479
9771	7777
9771	7940
9771	8371
9771	8867
9771	8999
9771	9028
9771	9793
9771	9937
9773	2940
9773	5977
9773	7640
9773	8944
9773	9066
9773	9110
9773	9802
9774	2203
9774	7392
9774	9355
9774	9640
9774	9730
9774	9989
9778	177
9778	2008
9778	2967
9778	3491
9778	5049
9778	6057
9778	6502
9778	7335
9778	7438
9778	7922
9778	8356
9778	9086
9778	9624
9778	9766
9778	9851
9780	5088
9780	7469
9780	7563
9780	9746
9780	9972
9782	942
9783	4009
9783	4959
9783	6543
9783	6662
9783	8144
9783	8847
9783	9860
9783	9912
9785	4038
9785	6360
9785	6892
9785	7293
9785	8993
9785	9449
9785	9528
9785	9535
9785	9578
9785	9890
9793	3309
9793	5196
9793	6494
9793	6653
9793	6911
9793	7011
9793	7479
9793	7777
9793	7940
9793	8371
9793	8867
9793	8999
9793	9028
9793	9771
9794	3194
9794	6057
9794	7862
9794	8029
9794	8071
9794	8295
9794	8366
9794	8550
9794	8769
9794	9002
9794	9730
9794	9823
9794	9846
9794	9851
9802	2667
9802	2940
9802	7640
9802	8926
9802	8944
9802	9110
9802	9379
9802	9380
9802	9773
9802	9967
9807	92
9807	5227
9807	8841
9807	8847
9807	9900
9815	1391
9815	6996
9815	7100
9815	8658
9815	8769
9815	9636
9817	1001
9817	4053
9817	6095
9817	6996
9817	7150
9817	7333
9817	7717
9817	8494
9817	8531
9817	9196
9817	9367
9817	9535
9817	9655
9823	1316
9823	2385
9823	3194
9823	5269
9823	6312
9823	8366
9823	8550
9823	8754
9823	8769
9823	9002
9823	9794
9823	9846
9823	9851
9831	6936
9831	8508
9831	8614
9831	9091
9845	3560
9845	5088
9845	5196
9845	5464
9845	5819
9845	8083
9845	8301
9845	8480
9845	8506
9845	9544
9845	9592
9845	9662
9845	9735
9845	9987
9846	4680
9846	5269
9846	6312
9846	7802
9846	7862
9846	8550
9846	8769
9846	9002
9846	9361
9846	9592
9846	9628
9846	9730
9846	9794
9846	9823
9847	3535
9847	4636
9847	8023
9847	8461
9847	9273
9847	9341
9847	9401
9848	514
9848	2136
9848	3783
9848	4560
9848	5090
9848	5118
9848	6049
9848	6640
9848	7230
9848	8972
9848	9361
9848	9502
9848	9528
9848	9942
9851	4680
9851	5672
9851	6015
9851	6312
9851	7202
9851	7862
9851	8550
9851	8769
9851	8771
9851	9002
9851	9730
9851	9778
9851	9794
9851	9823
9852	631
9852	3695
9852	4495
9852	4730
9852	6309
9852	6523
9852	6670
9853	74
9853	5442
9853	6635
9853	6790
9853	7616
9853	8358
9853	8948
9853	9668
9856	248
9856	3981
9856	4601
9856	6397
9856	7124
9856	7904
9856	8635
9856	9908
9859	5265
9859	8972
9860	1934
9860	4009
9860	4959
9860	5115
9860	6543
9860	6662
9860	6875
9860	8144
9860	8207
9860	9783
9862	1319
9862	2120
9862	5227
9862	8878
9862	9646
9862	9734
9862	9909
9873	2667
9873	6525
9873	8599
9873	9473
9873	9684
9876	1217
9876	4542
9876	4625
9876	4720
9876	4925
9876	8615
9876	8650
9876	8886
9876	8987
9876	9067
9876	9574
9876	9575
9876	9710
9876	9754
9880	489
9880	6083
9880	6360
9880	7744
9880	9324
9880	9734
9883	874
9883	4294
9883	5478
9883	7883
9883	8045
9883	9472
9890	6892
9890	7293
9890	8029
9890	8993
9890	9449
9890	9474
9890	9535
9890	9578
9890	9785
9891	2053
9891	5839
9891	7295
9891	8091
9891	9332
9891	9561
9892	1934
9892	4158
9892	5087
9892	5841
9892	6723
9892	7022
9892	9662
9892	9685
9895	3519
9895	4128
9895	4834
9895	5250
9895	6653
9895	7281
9895	8962
9895	9332
9897	791
9897	7173
9897	8588
9897	9701
9900	326
9900	1603
9900	3712
9900	5280
9900	5627
9900	5656
9900	6015
9900	8065
9900	8071
9900	9329
9900	9807
9908	2757
9908	3913
9908	5686
9908	7648
9908	7746
9908	7933
9908	8351
9908	8384
9908	8527
9908	9538
9908	9856
9909	3296
9909	4517
9909	5109
9909	7883
9909	8069
9909	9684
9909	9862
9911	3589
9911	5486
9911	6215
9911	7625
9911	8083
9911	8358
9911	8841
9911	9042
9911	9679
9912	1418
9912	2258
9912	5686
9912	6405
9912	7561
9912	8222
9912	9783
9912	9915
9915	1418
9915	1934
9915	2258
9915	5113
9915	5686
9915	6405
9915	7309
9915	7513
9915	7723
9915	8222
9915	8723
9915	9912
9917	742
9917	2053
9917	3129
9917	6523
9917	6547
9917	8878
9917	9148
9917	9381
9917	9987
9937	8506
9937	9373
9937	9381
9937	9478
9937	9655
9937	9771
9939	2021
9939	6192
9939	8841
9939	8876
9939	9394
9942	11
9942	24
9942	1316
9942	3783
9942	4517
9942	4560
9942	4763
9942	5140
9942	5508
9942	6045
9942	6049
9942	6872
9942	7181
9942	7230
9942	7295
9942	8209
9942	8261
9942	8699
9942	8962
9942	8969
9942	9361
9942	9472
9942	9502
9942	9528
9942	9574
9942	9646
9942	9679
9942	9848
9942	9969
9943	5087
9943	7318
9943	9636
9943	9669
9945	7467
9945	8181
9945	8944
9945	9341
9945	9682
9945	9953
9953	6391
9953	7791
9953	9067
9953	9597
9953	9945
9962	4901
9962	6059
9962	6703
9962	7236
9962	7360
9962	7590
9962	8652
9962	9283
9963	1977
9963	2203
9963	5397
9963	8090
9963	8295
9963	8411
9963	9232
9966	4149
9966	4496
9966	5071
9966	5080
9966	7332
9966	7515
9966	8586
9966	9449
9966	9516
9967	2940
9967	3989
9967	8780
9967	8909
9967	9003
9967	9380
9967	9745
9967	9802
9969	679
9969	6729
9969	8746
9969	9493
9969	9497
9969	9942
9969	9978
9972	2158
9972	2334
9972	7238
9972	7335
9972	8847
9972	8993
9972	9139
9972	9780
9973	4501
9973	4758
9973	7392
9973	7515
9973	8296
9973	8381
9973	8846
9973	9004
9973	9478
9976	4036
9976	7950
9976	8508
9976	8622
9976	9017
9978	2414
9978	3105
9978	7780
9978	8897
9978	9310
9978	9969
9985	2815
9985	7933
9985	8586
9985	8882
9985	9086
9985	9243
9985	9283
9987	1422
9987	4669
9987	4790
9987	6180
9987	7053
9987	7802
9987	8069
9987	8867
9987	8971
9987	9023
9987	9465
9987	9558
9987	9701
9987	9769
9987	9845
9987	9917
9989	5050
9989	9017
9989	9668
9989	9774
9992	265
9992	4158
9992	4984
9992	5265
9992	8492
9992	8684
9992	9558
10000	4432
10000	7005
10000	7279
10000	9227
