31	550
31	6576
42	9915
107	4336
107	9463
110	9099
110	9236
110	9345
111	9667
120	4610
120	9456
138	5247
138	6734
138	8406
138	9436
138	9618
161	1350
161	1577
161	9379
161	9859
161	10000
187	1323
212	3484
212	3956
212	6207
212	8290
212	8569
212	9345
212	9493
220	726
220	9922
222	3692
222	4628
222	8332
222	8864
222	9259
226	8135
234	6170
274	9066
340	5431
349	4336
349	8908
367	1711
367	8651
367	9108
367	9721
372	8400
372	9395
372	9497
420	2259
420	8876
420	9274
444	5611
444	7190
444	7739
444	9741
450	9207
450	9395
450	9497
497	9099
497	9994
518	5593
518	6014
518	7288
518	8278
518	9923
538	8354
538	9249
550	31
550	6146
550	7900
550	9464
550	9550
550	9743
566	2928
568	9395
600	7787
625	1327
625	7131
625	9846
625	9856
625	9868
625	9903
625	9907
651	7643
655	2259
685	2651
685	3413
685	4554
685	7436
685	9303
685	9512
691	7787
707	8679
707	9863
707	9936
723	3409
723	4355
723	4511
723	8104
723	8428
723	8925
723	9915
726	220
726	6238
726	7739
726	7753
726	9347
726	9424
726	9951
767	7291
767	9173
767	9493
777	867
777	6144
820	2832
820	6266
820	9069
820	9714
856	4903
862	3658
862	6978
862	8267
862	8799
862	9336
866	6014
867	777
867	6462
867	6626
867	7051
867	9433
867	9991
890	2259
890	6371
890	7255
890	8910
890	9798
900	7805
900	8546
900	9456
968	8691
968	9062
968	9999
997	6144
997	9357
998	5646
1029	5474
1029	9197
1081	5265
1081	8569
1081	9345
1081	9744
1097	9239
1099	4232
1099	6101
1121	9464
1121	9488
1121	9550
1158	9651
1172	7587
1172	9296
1172	9805
1172	9871
1187	4451
1187	5285
1223	6805
1300	5808
1300	9647
1304	9345
1323	187
1323	4842
1323	5097
1323	6733
1323	7164
1323	8039
1323	8104
1327	625
1327	4874
1327	6742
1327	7994
1327	8563
1327	9667
1327	9846
1332	9060
1332	9488
1350	161
1350	7805
1350	8546
1350	9303
1350	9346
1350	9402
1363	5959
1363	9038
1363	9224
1363	9259
1406	6170
1421	9791
1435	8917
1435	9872
1460	2024
1460	5636
1465	6146
1465	8572
1465	9743
1484	8295
1484	9425
1511	7080
1538	8495
1540	5646
1540	6252
1540	9041
1540	9305
1577	161
1577	3089
1577	7893
1593	7062
1593	8270
1593	8703
1593	8900
1593	9443
1593	9833
1593	9839
1593	9904
1666	6099
1666	9357
1686	2859
1686	4842
1709	5423
1709	9753
1711	367
1711	6170
1724	5023
1724	8278
1724	9423
1724	9904
1724	9923
1748	6405
1748	9721
1748	9855
1756	3353
1756	4859
1756	5312
1756	7903
1756	9012
1756	9585
1756	9759
1806	4610
1806	5921
1806	7289
1806	7528
1806	8153
1806	9066
1806	9736
1812	5907
1812	7488
1812	9041
1812	9896
1835	3740
1835	9422
1840	6158
1840	6551
1840	8278
1840	9647
1844	7583
1869	7573
1869	9161
1879	3599
1879	3765
1879	7003
1879	7528
1879	8153
1879	8510
1879	9681
1879	9736
1893	3878
1893	6751
1893	9644
1906	7879
1906	9026
1906	9278
1907	7359
1922	7401
1922	7978
1922	9407
1929	8435
1936	8569
1936	8799
1936	8941
1963	2889
1963	3873
1963	6642
1963	6785
1963	7183
1963	8996
1963	9328
1963	9990
1964	5183
1964	8153
1964	9736
1974	9296
1974	9871
1981	5646
1981	8909
1981	8910
1985	6557
1985	9198
1991	6744
1991	9135
2008	7392
2008	8181
2008	9766
2008	9778
2020	3427
2020	9757
2024	1460
2024	5636
2030	4027
2069	6363
2069	8917
2069	9872
2081	9207
2081	9395
2081	9497
2081	9550
2103	9936
2130	6158
2130	9834
2162	4487
2184	6312
2184	8515
2210	3859
2240	7490
2240	8833
2240	9907
2244	2774
2244	7187
2244	9502
2244	9528
2244	9574
2245	3834
2245	9207
2245	9253
2245	9357
2245	9395
2245	9497
2249	4507
2251	6260
2251	9009
2259	420
2259	655
2259	890
2259	8395
2259	8910
2259	9048
2259	9369
2260	5052
2260	9274
2260	9846
2297	3956
2297	7370
2297	9745
2298	6754
2298	7307
2298	9721
2337	9207
2337	9395
2337	9497
2337	9579
2358	6017
2358	9736
2372	10000
2415	7291
2425	9999
2573	7291
2573	8757
2637	4983
2637	8295
2637	9407
2647	9410
2647	9424
2647	9839
2651	685
2652	7425
2652	8395
2652	8913
2688	6344
2688	9999
2719	6928
2752	9043
2752	9407
2755	8940
2756	5052
2756	9456
2756	9574
2756	9956
2762	6144
2774	2244
2774	3163
2774	3254
2774	3375
2774	7281
2774	9390
2774	9855
2774	9906
2832	820
2832	4320
2840	8979
2840	9027
2840	9576
2840	9883
2853	3859
2853	7255
2853	8395
2853	8910
2853	9048
2855	3859
2859	1686
2859	7516
2859	9183
2859	9379
2859	9456
2859	9863
2859	9936
2879	3413
2882	9407
2882	9893
2889	1963
2889	9681
2917	7291
2917	7434
2917	8285
2917	9239
2923	8042
2923	9999
2928	566
2928	6960
2939	8104
2939	8225
2966	9423
2984	9091
2984	9391
2985	6708
2985	7047
2986	4498
2986	4514
2986	6232
2986	9156
2986	9465
2995	7761
2995	9099
2995	9113
2995	9798
2997	9099
2997	9113
2997	9798
2998	6909
2998	7289
2998	8159
2998	9259
2998	9667
3007	6266
3007	7385
3007	8045
3007	8908
3007	9219
3007	9757
3023	5329
3023	8233
3023	8270
3023	8278
3023	9833
3023	9923
3023	9956
3035	7307
3035	9721
3042	8833
3042	9198
3042	9465
3045	6977
3045	8437
3045	8499
3045	9091
3063	7055
3063	9498
3065	5964
3065	6144
3080	5546
3080	6325
3080	9585
3080	9691
3080	9759
3082	4336
3087	8495
3089	1577
3089	3381
3089	9253
3162	9113
3162	9236
3162	9798
3163	2774
3163	9018
3168	6313
3168	6878
3168	9284
3168	9345
3173	7370
3173	7683
3173	9425
3176	5662
3176	6788
3176	7198
3176	9130
3176	9289
3184	7291
3184	9173
3184	9819
3184	9922
3254	2774
3254	7813
3254	9991
3272	7798
3278	3795
3278	8568
3285	8864
3285	9038
3285	9259
3306	6996
3306	9347
3306	9578
3315	6401
3315	8568
3315	9871
3353	1756
3353	7196
3353	8042
3353	9120
3353	9661
3361	4407
3361	8180
3369	9915
3373	7392
3373	7528
3374	9078
3374	9113
3375	2774
3375	9041
3375	9896
3381	3089
3381	5685
3381	7138
3381	8563
3381	9443
3381	9640
3381	9981
3389	5755
3389	5964
3389	9019
3389	9345
3389	9493
3402	5778
3402	9099
3402	9798
3409	723
3413	685
3413	2879
3413	4874
3413	8757
3413	9352
3413	9833
3427	2020
3427	4336
3427	6458
3427	9023
3476	9326
3476	9345
3476	9493
3476	9762
3484	212
3484	6928
3484	9745
3491	4550
3491	9766
3491	9778
3556	6170
3556	9698
3574	9012
3574	9095
3574	9878
3599	1879
3599	9668
3644	8569
3644	9598
3658	862
3658	8523
3680	9330
3688	7051
3692	222
3692	6786
3712	7903
3712	8638
3740	1835
3740	4874
3740	7089
3740	8181
3743	8864
3743	9038
3743	9259
3745	7100
3745	9330
3745	9625
3745	9708
3745	9717
3745	9815
3758	9305
3758	9652
3765	1879
3765	8785
3765	9741
3778	6238
3778	7992
3778	9938
3787	8102
3787	9009
3787	9493
3795	3278
3795	5778
3795	6042
3795	6170
3795	9113
3795	9236
3795	9798
3795	9871
3809	6913
3809	6952
3809	8042
3809	8256
3809	9488
3809	9797
3828	8362
3828	8437
3828	8499
3828	9091
3834	2245
3834	9028
3844	6305
3844	8292
3844	9652
3859	2210
3859	2853
3859	2855
3859	5291
3859	6291
3859	7490
3859	7993
3859	8909
3859	8910
3859	9048
3861	6751
3861	9317
3861	9644
3873	1963
3873	7401
3873	8996
3873	9328
3873	9925
3873	9928
3878	1893
3878	4067
3878	5023
3878	8782
3956	212
3956	2297
3960	4451
3960	9038
3960	9259
3974	9456
3981	7582
3981	8231
3981	9856
3990	7574
3990	9183
3990	9369
3990	9863
3990	9936
3994	5646
3994	9489
3997	8486
3997	9868
3997	9907
4000	8737
4027	2030
4027	5231
4027	5495
4027	8737
4027	9639
4027	9833
4048	8287
4048	9109
4048	9244
4048	9745
4054	8917
4063	6557
4063	8242
4063	9911
4067	3878
4067	9197
4076	8894
4076	9244
4076	9833
4076	9839
4081	7062
4081	8996
4081	9928
4087	5646
4087	7255
4087	8908
4087	9048
4087	9878
4107	7359
4108	7138
4108	8045
4108	8917
4108	9766
4108	9834
4108	9896
4109	6014
4109	8278
4109	8951
4109	9833
4140	4284
4140	4487
4140	9512
4140	9546
4151	9456
4151	9668
4159	7370
4159	9284
4159	9326
4159	9345
4159	9493
4162	9585
4173	9197
4173	9859
4199	7051
4199	8419
4199	8429
4199	8973
4199	9223
4199	9433
4220	5183
4220	8204
4220	9463
4231	5669
4231	9244
4232	1099
4232	7181
4232	9502
4232	9528
4252	9091
4284	4140
4284	5231
4284	8996
4292	7291
4292	9681
4292	9819
4292	9922
4301	5191
4301	7379
4301	7583
4301	9174
4320	2832
4320	6785
4320	8799
4320	9012
4320	9357
4320	9878
4323	6805
4323	7761
4323	9489
4326	8225
4326	9330
4326	9708
4326	9717
4326	9815
4329	8737
4329	9066
4336	107
4336	349
4336	3082
4336	3427
4336	8078
4355	723
4355	8291
4355	9288
4368	7051
4368	8429
4368	9991
4371	6754
4371	9721
4407	3361
4407	7061
4407	8765
4407	9691
4409	6899
4409	9197
4409	9651
4411	6462
4411	8899
4411	9071
4411	9288
4451	1187
4451	3960
4451	9936
4454	7538
4454	8015
4454	9113
4487	2162
4487	4140
4487	7081
4487	9426
4487	9512
4487	9546
4498	2986
4498	6213
4498	7802
4498	9465
4498	9749
4504	5651
4504	8429
4504	8973
4504	9223
4504	9433
4504	9991
4507	2249
4507	5920
4507	7025
4507	7573
4507	8765
4507	8946
4507	9431
4507	9468
4507	9965
4511	723
4511	5892
4514	2986
4514	5265
4514	6733
4514	6941
4514	9198
4514	9284
4514	9345
4514	9493
4535	6899
4535	7769
4535	8406
4535	8961
4535	9174
4535	9698
4538	7379
4544	6759
4544	8456
4544	8952
4544	9442
4544	9723
4550	3491
4550	9326
4550	9648
4550	9766
4550	9778
4553	8979
4554	685
4556	5611
4590	7630
4590	9023
4590	9988
4610	120
4610	1806
4610	9454
4610	9801
4619	4708
4619	6114
4619	8267
4619	8799
4619	8941
4619	9336
4628	222
4628	6733
4628	8488
4628	8864
4628	8993
4708	4619
4708	8952
4713	8510
4713	8799
4713	9200
4715	9289
4789	7492
4789	8523
4789	9012
4789	9357
4789	9878
4815	9903
4842	1323
4842	1686
4842	7190
4850	4874
4850	7498
4850	7966
4850	8097
4850	8287
4850	9502
4855	4915
4855	8354
4855	9041
4855	9896
4859	1756
4859	8940
4859	9207
4859	9582
4859	9748
4874	1327
4874	3413
4874	3740
4874	4850
4874	6831
4874	7158
4874	8383
4874	8613
4874	8968
4874	9352
4874	9956
4875	7379
4875	8721
4875	9855
4875	9936
4877	6146
4877	9741
4887	7081
4887	7769
4903	856
4903	5231
4903	6577
4903	9426
4903	9740
4915	4855
4915	7466
4915	8799
4915	9336
4948	8940
4948	8943
4948	9999
4982	9038
4982	9259
4983	2637
4983	7851
4983	9391
4983	9618
4987	9839
4987	9923
4999	8045
4999	9907
5005	8282
5005	8617
5005	9618
5005	9994
5023	1724
5023	3878
5023	5892
5023	7934
5023	8777
5051	6483
5051	9135
5051	9289
5052	2260
5052	2756
5052	8159
5052	9113
5052	9846
5089	6541
5089	6759
5089	7370
5089	7538
5089	9284
5089	9326
5089	9345
5089	9493
5097	1323
5131	5646
5131	7964
5164	5959
5164	7516
5164	9369
5164	9443
5164	9863
5164	9936
5172	9099
5172	9442
5174	7900
5174	9328
5174	9407
5174	9925
5174	9990
5177	7787
5177	9454
5183	1964
5183	4220
5183	7302
5183	8153
5183	8312
5183	8937
5183	9736
5185	5594
5185	7587
5185	7769
5185	8515
5185	8961
5185	9432
5185	9442
5185	9736
5187	8295
5187	8768
5187	9407
5187	9990
5191	4301
5191	6120
5191	6899
5191	8481
5191	9432
5231	4027
5231	4284
5231	4903
5231	9426
5231	9740
5243	8836
5243	8917
5243	9110
5243	9183
5243	9369
5243	9443
5243	9512
5243	9863
5243	9936
5247	138
5248	5611
5248	6458
5248	8419
5248	9488
5248	9833
5248	9904
5248	9923
5249	6232
5249	7025
5249	7573
5249	8946
5249	9431
5265	1081
5265	4514
5265	7370
5265	9284
5265	9326
5265	9384
5265	9493
5265	9859
5285	1187
5285	5560
5285	5909
5285	7466
5285	8363
5285	8814
5285	9071
5285	9648
5291	3859
5291	5322
5291	5646
5291	8395
5291	8495
5291	8816
5291	8909
5291	9048
5291	9156
5295	7904
5295	9502
5295	9714
5312	1756
5312	8783
5312	9512
5312	9546
5316	8282
5316	9471
5316	9661
5316	9925
5322	5291
5322	9764
5327	7253
5327	7564
5327	7643
5327	9235
5327	9471
5327	9881
5329	3023
5329	7291
5329	9819
5329	9922
5332	8703
5360	6899
5360	9174
5360	9442
5360	9698
5399	7187
5399	8271
5404	6317
5404	7728
5404	8104
5404	9357
5404	9402
5404	9407
5404	9436
5423	1709
5423	6184
5423	7538
5423	7739
5423	8015
5423	8569
5423	9410
5423	9753
5431	340
5431	5501
5431	8510
5431	8917
5431	9698
5474	1029
5474	8278
5495	4027
5495	9280
5501	5431
5501	8267
5501	8899
5501	9027
5501	9255
5501	9759
5507	7923
5521	8311
5521	9217
5521	9244
5521	9981
5525	9550
5531	8043
5531	8231
5531	8974
5531	9648
5539	8406
5539	8964
5539	9091
5546	3080
5546	6325
5546	8913
5546	9012
5546	9357
5546	9759
5546	9878
5550	7708
5550	7843
5550	8136
5550	8284
5550	8979
5553	7921
5553	8572
5553	9432
5553	9464
5553	9488
5553	9550
5553	9663
5553	9743
5560	5285
5560	8363
5560	9071
5560	9744
5571	7698
5571	8961
5571	9019
5571	9915
5591	7051
5593	518
5593	7055
5593	7893
5593	8278
5593	8951
5593	9244
5593	9904
5594	5185
5594	9278
5594	9384
5594	10000
5611	444
5611	4556
5611	5248
5611	6014
5611	9054
5611	9833
5611	9839
5612	7964
5612	8014
5612	8816
5635	7533
5635	8943
5635	9399
5635	9766
5636	1460
5636	2024
5636	6680
5636	7191
5636	7728
5636	8734
5636	8947
5636	9069
5636	9463
5636	9488
5636	9576
5637	6799
5637	9326
5637	9791
5646	998
5646	1540
5646	1981
5646	3994
5646	4087
5646	5131
5646	5291
5646	7184
5646	7255
5646	8910
5646	9048
5646	9305
5651	4504
5651	5927
5662	3176
5662	9422
5669	4231
5669	8231
5669	8946
5672	8400
5672	9207
5672	9395
5672	9497
5677	9330
5685	3381
5685	7131
5685	8284
5685	8563
5685	9169
5685	9640
5714	7005
5714	8153
5714	8937
5714	9736
5722	9113
5722	9749
5730	5980
5730	8573
5730	9644
5730	9652
5755	3389
5755	6313
5755	6799
5755	7359
5755	8257
5755	8290
5755	8569
5755	9284
5755	9493
5765	8417
5765	8419
5765	8572
5765	9833
5778	3402
5778	3795
5778	9099
5778	9113
5778	9798
5778	9904
5802	6542
5802	8499
5802	8750
5802	9091
5802	9391
5808	1300
5808	6487
5808	6624
5808	7168
5808	8285
5808	8973
5808	9239
5808	9572
5819	8816
5819	9845
5833	7291
5833	8321
5833	9183
5833	9369
5833	9863
5833	9936
5864	8400
5864	8691
5864	9207
5864	9395
5864	9497
5869	9839
5892	4511
5892	5023
5892	8569
5892	9868
5907	1812
5907	6120
5907	9801
5909	5285
5920	4507
5920	8267
5920	8799
5920	8941
5920	9280
5920	9336
5920	9347
5921	1806
5921	5927
5921	6996
5921	9498
5927	5651
5927	5921
5927	6960
5927	7058
5927	8838
5937	8267
5937	8291
5946	9113
5946	9579
5959	1363
5959	5164
5959	7516
5959	9183
5959	9369
5959	9863
5959	9936
5963	5982
5963	9019
5963	9219
5964	3065
5964	3389
5964	6461
5964	6878
5964	8290
5964	9326
5964	9345
5964	9493
5980	5730
5980	8573
5980	9345
5980	9745
5980	9868
5982	5963
5982	6361
5982	7080
5982	8951
5986	6744
5986	8908
5986	9038
5986	9259
5986	9795
5988	6996
5988	9330
5988	9708
5988	9717
5988	9721
5988	9815
6014	518
6014	866
6014	4109
6014	5611
6014	7739
6014	9691
6014	9839
6017	2358
6017	9801
6037	7574
6037	8321
6037	8990
6037	9183
6037	9443
6037	9783
6037	9863
6037	9936
6042	3795
6042	9191
6099	1666
6099	9330
6099	9386
6099	9777
6101	1099
6101	7140
6101	7813
6101	9582
6101	9798
6101	9988
6114	4619
6114	6805
6114	7086
6114	7909
6114	7915
6114	7921
6114	8395
6114	8859
6114	8894
6114	9464
6114	9488
6114	9743
6120	5191
6120	5907
6120	8993
6120	9347
6120	9745
6120	9801
6144	777
6144	997
6144	2762
6144	3065
6144	7903
6144	8514
6144	8572
6144	9012
6144	9357
6144	9878
6146	550
6146	1465
6146	4877
6146	7086
6146	8572
6146	9464
6146	9550
6146	9743
6149	7538
6149	7881
6149	8015
6149	9019
6149	9274
6150	7978
6150	8790
6150	9235
6150	9471
6150	9881
6155	9018
6155	9528
6158	1840
6158	2130
6158	6708
6158	8135
6158	9345
6158	9805
6170	234
6170	1406
6170	1711
6170	3556
6170	3795
6170	7176
6184	5423
6184	7198
6184	8015
6184	8078
6184	9753
6207	212
6207	8074
6213	4498
6213	8974
6213	9648
6213	9981
6218	7519
6218	8043
6218	8231
6218	8979
6218	9648
6232	2986
6232	5249
6232	9236
6238	726
6238	3778
6238	6377
6238	8116
6238	9424
6246	7753
6246	9640
6252	1540
6252	7385
6252	7488
6252	9041
6252	9261
6252	9721
6260	2251
6260	8102
6260	9009
6260	9648
6266	820
6266	3007
6266	7081
6266	8204
6266	8625
6268	7798
6268	9714
6268	9883
6291	3859
6291	9723
6305	3844
6305	7708
6305	9305
6312	2184
6312	9846
6313	3168
6313	5755
6313	6461
6313	6742
6313	6941
6313	7370
6313	7975
6313	9280
6313	9284
6313	9326
6313	9911
6317	5404
6317	8011
6317	8104
6317	8541
6325	3080
6325	5546
6325	9169
6325	9759
6344	2688
6344	6978
6344	9113
6344	9999
6352	7739
6352	8272
6352	9791
6361	5982
6361	8737
6363	2069
6363	9423
6371	890
6371	8395
6371	8909
6371	8910
6371	9048
6371	9578
6377	6238
6377	7131
6377	9424
6401	3315
6401	8189
6401	8330
6401	9427
6401	9604
6405	1748
6405	9749
6405	9915
6451	8284
6458	3427
6458	5248
6458	8332
6458	9778
6461	5964
6461	6313
6461	6941
6461	8569
6461	9207
6461	9326
6461	9345
6461	9493
6462	867
6462	4411
6466	7401
6466	9427
6466	9565
6471	7185
6471	8937
6476	6557
6483	5051
6483	8282
6483	8625
6487	5808
6509	7392
6509	9663
6509	9938
6514	7853
6514	9907
6541	5089
6541	8290
6541	9284
6541	9326
6541	9345
6542	5802
6542	7013
6542	8437
6542	8499
6542	8750
6542	8768
6542	9091
6542	9280
6542	9391
6542	9652
6542	9668
6551	1840
6551	8790
6551	8913
6551	9647
6557	1985
6557	4063
6557	6476
6557	7047
6557	8833
6557	8836
6557	9488
6576	31
6576	9288
6577	4903
6577	8625
6624	5808
6624	8285
6624	9239
6624	9565
6626	867
6626	9191
6634	7909
6634	9399
6642	1963
6642	8514
6642	9173
6642	9789
6642	9819
6642	9922
6680	5636
6680	9296
6680	9871
6708	2985
6708	6158
6708	9493
6733	1323
6733	4514
6733	4628
6733	8864
6733	9038
6733	9259
6734	138
6734	7851
6742	1327
6742	6313
6742	8968
6744	1991
6744	5986
6744	7081
6744	9135
6744	9795
6751	1893
6751	3861
6751	9644
6754	2298
6754	4371
6754	7370
6754	8606
6754	9502
6754	9721
6759	4544
6759	5089
6759	9365
6785	1963
6785	4320
6786	3692
6788	3176
6799	5637
6799	5755
6805	1223
6805	4323
6805	6114
6805	7643
6805	9224
6805	9651
6828	8876
6828	9407
6828	9574
6831	4874
6831	7971
6831	8784
6831	9386
6861	7005
6861	8943
6861	9305
6871	8951
6871	9244
6871	9833
6871	9839
6876	7923
6876	8043
6876	8330
6876	9604
6878	3168
6878	5964
6878	8290
6878	8569
6878	9345
6878	9493
6879	7909
6879	9219
6879	9296
6879	9433
6879	9644
6899	4409
6899	4535
6899	5191
6899	5360
6899	7372
6899	7769
6899	8081
6899	8961
6899	9442
6899	9618
6909	2998
6909	7401
6909	9407
6909	9565
6913	3809
6928	2719
6928	3484
6928	7360
6928	8081
6928	9048
6928	9579
6928	9644
6941	4514
6941	6313
6941	6461
6941	8569
6941	9284
6941	9493
6952	3809
6952	9471
6960	2928
6960	5927
6960	8081
6960	8679
6960	9161
6960	9239
6960	9317
6960	9644
6977	3045
6977	8979
6978	862
6978	6344
6992	9345
6994	7401
6994	8332
6994	9395
6996	3306
6996	5921
6996	5988
6996	9259
6996	9330
6996	9708
6996	9717
6996	9815
7003	1879
7003	7528
7003	8153
7003	8937
7003	9736
7005	5714
7005	6861
7005	8943
7005	9399
7005	10000
7013	6542
7013	7843
7013	8362
7013	8499
7013	8750
7013	9091
7013	9815
7025	4507
7025	5249
7025	7573
7025	8043
7025	8765
7025	8799
7034	7062
7034	9328
7034	9345
7034	9925
7034	9928
7034	9990
7038	7047
7038	8833
7038	8946
7038	9198
7038	9846
7047	2985
7047	6557
7047	7038
7047	7490
7051	867
7051	3688
7051	4199
7051	4368
7051	5591
7051	8429
7051	8973
7051	9991
7055	3063
7055	5593
7055	8271
7055	8419
7055	8546
7055	9425
7055	9464
7055	9839
7055	9923
7058	5927
7058	8270
7061	4407
7061	9432
7062	1593
7062	4081
7062	7034
7062	7348
7062	7900
7062	8264
7062	8996
7062	9161
7062	9883
7062	9925
7062	9928
7062	9990
7080	1511
7080	5982
7080	8670
7080	9019
7080	9026
7080	9936
7081	4487
7081	4887
7081	6266
7081	6744
7081	8651
7081	9108
7081	9217
7086	6114
7086	6146
7086	7921
7086	8572
7086	9464
7086	9488
7086	9550
7086	9743
7089	3740
7089	7302
7089	8242
7089	8456
7089	8937
7100	3745
7100	7281
7100	8741
7100	8990
7100	9330
7100	9708
7100	9717
7100	9815
7131	625
7131	5685
7131	6377
7131	9234
7131	9868
7131	9907
7138	3381
7138	4108
7138	8917
7140	6101
7156	9278
7156	9330
7158	4874
7158	9395
7164	1323
7164	7190
7168	5808
7168	9801
7175	7519
7175	8231
7176	6170
7176	9639
7181	4232
7181	9230
7181	9528
7181	9574
7183	1963
7183	8078
7184	5646
7184	7255
7184	8395
7184	8909
7184	9048
7184	9846
7185	6471
7185	8284
7187	2244
7187	5399
7187	8271
7187	9023
7187	9120
7187	9839
7187	9865
7190	444
7190	4842
7190	7164
7190	8039
7190	9855
7191	5636
7191	9576
7196	3353
7196	7881
7196	8282
7196	8546
7196	8770
7196	9489
7196	9644
7196	9661
7196	9907
7198	3176
7198	6184
7198	9078
7204	8546
7204	8675
7204	8784
7204	9402
7204	9859
7204	9965
7253	5327
7253	9235
7253	9741
7253	9881
7255	890
7255	2853
7255	4087
7255	5646
7255	7184
7255	8395
7255	8909
7255	8910
7255	9048
7255	9099
7255	9191
7255	9749
7273	7516
7273	8733
7273	8937
7281	2774
7281	7100
7281	7802
7288	518
7288	8973
7288	9280
7289	1806
7289	2998
7289	8159
7289	8804
7291	767
7291	2415
7291	2573
7291	2917
7291	3184
7291	4292
7291	5329
7291	5833
7291	7498
7291	8077
7291	9095
7291	9173
7291	9249
7291	9748
7291	9819
7291	9922
7302	5183
7302	7089
7302	8951
7306	7978
7306	9235
7306	9881
7307	2298
7307	3035
7307	9640
7307	9721
7341	8561
7341	9255
7348	7062
7348	8429
7348	9223
7348	9433
7348	9598
7348	9991
7359	1907
7359	4107
7359	5755
7359	8721
7359	9442
7360	6928
7360	7573
7360	9200
7370	2297
7370	3173
7370	4159
7370	5089
7370	5265
7370	6313
7370	6754
7370	7923
7370	8569
7370	9284
7370	9326
7370	9345
7372	6899
7372	7583
7372	7769
7372	8804
7372	9493
7372	9698
7379	4301
7379	4538
7379	4875
7379	8237
7379	9855
7385	3007
7385	6252
7385	7802
7385	9465
7392	2008
7392	3373
7392	6509
7392	8364
7392	8563
7392	9048
7392	9687
7392	9973
7401	1922
7401	3873
7401	6466
7401	6909
7401	6994
7401	8295
7401	8979
7401	9407
7401	9565
7425	2652
7425	8913
7425	9346
7434	2917
7434	8285
7434	9239
7436	685
7436	8212
7436	8291
7436	8311
7436	9303
7443	7981
7443	8225
7443	9079
7443	9972
7466	4915
7466	5285
7466	8363
7466	8941
7466	9071
7466	9744
7470	8589
7470	8646
7488	1812
7488	6252
7488	9896
7490	2240
7490	3859
7490	7047
7490	8917
7490	9120
7490	9198
7490	9847
7490	9893
7490	9949
7490	9990
7492	4789
7492	8676
7492	9161
7492	9846
7498	4850
7498	7291
7498	8097
7498	8968
7498	9352
7516	2859
7516	5164
7516	5959
7516	7273
7516	9369
7516	9443
7516	9846
7516	9863
7516	9936
7519	6218
7519	7175
7519	9197
7519	9648
7528	1806
7528	1879
7528	3373
7528	7003
7528	8937
7528	9736
7528	10000
7533	5635
7533	9399
7538	4454
7538	5089
7538	5423
7538	6149
7538	9753
7538	9762
7564	5327
7564	8097
7564	8233
7564	8888
7564	9471
7564	9881
7573	1869
7573	4507
7573	5249
7573	7025
7573	7360
7573	8272
7573	8488
7573	8765
7573	8946
7573	9431
7574	3990
7574	6037
7574	8321
7574	8836
7574	9183
7574	9443
7574	9863
7582	3981
7582	8104
7582	9766
7582	9856
7583	1844
7583	4301
7583	7372
7583	8481
7583	8961
7583	9432
7583	9442
7583	9663
7583	9698
7585	8231
7585	8974
7585	9197
7585	9648
7585	9893
7587	1172
7587	5185
7587	8691
7587	9296
7587	9871
7627	8284
7627	8481
7627	9668
7627	9723
7630	4590
7630	9647
7635	7798
7635	8045
7635	9714
7635	9883
7643	651
7643	5327
7643	6805
7643	8413
7643	8561
7659	7787
7683	3173
7686	9805
7686	9847
7698	5571
7698	9777
7698	9915
7708	5550
7708	6305
7708	8563
7708	8979
7708	9640
7708	9911
7728	5404
7728	5636
7728	8011
7728	8104
7728	9069
7728	9369
7728	9839
7739	444
7739	726
7739	5423
7739	6014
7739	6352
7739	8951
7739	9399
7739	9422
7739	9839
7739	9904
7739	9923
7753	726
7753	6246
7753	9896
7761	2995
7761	4323
7761	9805
7769	4535
7769	4887
7769	5185
7769	6899
7769	7372
7769	8116
7769	9026
7769	9174
7769	9432
7769	9442
7769	9766
7787	600
7787	691
7787	5177
7787	7659
7787	8015
7787	9239
7798	3272
7798	6268
7798	7635
7798	7915
7798	8045
7798	8233
7798	9379
7798	9433
7798	9714
7798	9883
7802	4498
7802	7281
7802	7385
7802	9023
7802	9579
7802	9846
7805	900
7805	1350
7805	8691
7805	8765
7805	8804
7805	9859
7805	9965
7813	3254
7813	6101
7813	9390
7813	9906
7843	5550
7843	7013
7843	8782
7843	9585
7851	4983
7851	6734
7851	8909
7851	9468
7853	6514
7853	8859
7853	9868
7853	9907
7879	1906
7879	9249
7881	6149
7881	7196
7881	8282
7881	8770
7881	8799
7881	9661
7893	1577
7893	5593
7893	8290
7893	8589
7893	9855
7900	550
7900	5174
7900	7062
7900	9328
7900	9498
7900	9990
7903	1756
7903	3712
7903	6144
7903	8523
7903	9169
7903	9357
7903	9585
7903	9759
7903	9878
7904	5295
7904	9488
7904	9743
7904	9856
7909	6114
7909	6634
7909	6879
7909	8888
7910	9871
7915	6114
7915	7798
7915	7921
7915	9464
7915	9488
7915	9550
7915	9743
7921	5553
7921	6114
7921	7086
7921	7915
7921	8510
7921	8572
7921	8947
7921	9239
7921	9464
7921	9488
7921	9550
7921	9743
7923	5507
7923	6876
7923	7370
7923	8267
7923	8330
7923	9604
7923	9872
7934	5023
7934	8952
7934	9345
7951	8231
7951	9091
7955	8312
7955	9346
7955	9721
7964	5131
7964	5612
7964	8816
7966	4850
7966	7994
7966	8287
7966	8613
7966	9965
7971	6831
7971	9778
7975	6313
7978	1922
7978	6150
7978	7306
7978	9235
7978	9471
7978	9881
7981	7443
7981	8835
7981	9078
7981	9345
7992	3778
7992	8613
7993	3859
7993	8790
7993	9691
7993	9798
7993	9951
7994	1327
7994	7966
7994	8879
7994	8966
7994	8968
7994	9819
7994	9856
8011	6317
8011	7728
8011	8104
8011	8890
8011	9069
8011	9379
8014	5612
8014	8816
8014	9925
8015	4454
8015	5423
8015	6149
8015	6184
8015	7787
8015	8589
8015	9328
8015	9753
8015	9871
8036	8282
8039	1323
8039	7190
8039	9091
8042	2923
8042	3353
8042	3809
8042	8282
8042	8770
8042	9454
8042	9497
8042	9661
8043	5531
8043	6218
8043	6876
8043	7025
8043	8135
8043	8231
8043	9010
8043	9197
8043	9648
8045	3007
8045	4108
8045	4999
8045	7635
8045	7798
8045	9714
8045	9883
8074	6207
8074	9471
8077	7291
8077	8204
8077	9060
8078	4336
8078	6184
8078	7183
8078	8257
8078	8585
8078	8734
8078	9797
8078	9911
8081	6899
8081	6928
8081	6960
8081	8679
8081	9317
8097	4850
8097	7498
8097	7564
8097	8968
8097	9352
8097	9424
8097	9795
8102	3787
8102	6260
8102	8770
8102	9009
8104	723
8104	1323
8104	2939
8104	5404
8104	6317
8104	7582
8104	7728
8104	8011
8104	8503
8104	8523
8104	9069
8116	6238
8116	7769
8135	226
8135	6158
8135	8043
8135	8900
8136	5550
8136	8835
8136	9582
8153	1806
8153	1879
8153	1964
8153	5183
8153	5714
8153	7003
8153	8937
8153	9041
8153	9736
8159	2998
8159	5052
8159	7289
8159	9352
8159	9667
8180	3361
8180	8225
8181	2008
8181	3740
8181	8271
8189	6401
8189	9671
8204	4220
8204	6266
8204	8077
8204	8964
8212	7436
8212	9303
8212	9839
8225	2939
8225	4326
8225	7443
8225	8180
8225	9108
8225	9296
8225	9972
8231	3981
8231	5531
8231	5669
8231	6218
8231	7175
8231	7585
8231	7951
8231	8043
8231	8974
8231	9197
8231	9253
8231	9648
8233	3023
8233	7564
8233	7798
8233	8833
8233	9034
8233	9425
8237	7379
8237	9855
8242	4063
8242	7089
8242	8951
8242	9422
8256	3809
8256	8271
8256	8785
8256	9797
8256	9863
8257	5755
8257	8078
8257	9574
8259	9244
8264	7062
8264	9330
8264	9502
8264	9528
8264	9574
8264	9872
8267	862
8267	4619
8267	5501
8267	5920
8267	5937
8267	7923
8267	8799
8267	8941
8267	9336
8270	1593
8270	3023
8270	7058
8270	8278
8270	9244
8270	9833
8270	9904
8270	9923
8271	5399
8271	7055
8271	7187
8271	8181
8271	8256
8271	8625
8272	6352
8272	7573
8272	8890
8272	9010
8272	9791
8278	518
8278	1724
8278	1840
8278	3023
8278	4109
8278	5474
8278	5593
8278	8270
8278	8888
8278	9433
8278	9833
8278	9839
8278	9863
8282	5005
8282	5316
8282	6483
8282	7196
8282	7881
8282	8036
8282	8042
8282	8541
8282	8770
8282	9661
8284	5550
8284	5685
8284	6451
8284	7185
8284	7627
8284	8979
8284	9259
8284	9640
8284	9698
8285	2917
8285	5808
8285	6624
8285	7434
8285	9239
8285	9925
8287	4048
8287	4850
8287	7966
8287	8613
8287	8910
8287	8968
8290	212
8290	5755
8290	5964
8290	6541
8290	6878
8290	7893
8290	8332
8290	8569
8290	9284
8290	9326
8290	9345
8290	9493
8290	9834
8291	4355
8291	5937
8291	7436
8291	8993
8292	3844
8292	9317
8295	1484
8295	2637
8295	5187
8295	7401
8295	9169
8295	9407
8295	9565
8311	5521
8311	7436
8311	8782
8311	8894
8311	9289
8312	5183
8312	7955
8312	8888
8312	9207
8312	9346
8312	9546
8321	5833
8321	6037
8321	7574
8321	9183
8321	9207
8321	9236
8321	9369
8321	9443
8321	9759
8321	9863
8321	9936
8330	6401
8330	6876
8330	7923
8330	8979
8330	9604
8330	9925
8332	222
8332	6458
8332	6994
8332	8290
8332	9585
8341	8979
8354	538
8354	4855
8354	8383
8354	8589
8354	8990
8354	9048
8354	9845
8362	3828
8362	7013
8362	8437
8362	9091
8362	9259
8362	9391
8363	5285
8363	5560
8363	7466
8363	8721
8363	8991
8363	9071
8363	9369
8363	9691
8363	9744
8364	7392
8364	8979
8364	9640
8383	4874
8383	8354
8395	2259
8395	2652
8395	2853
8395	5291
8395	6114
8395	6371
8395	7184
8395	7255
8395	8799
8395	8909
8395	8910
8395	9048
8400	372
8400	5672
8400	5864
8400	9038
8400	9207
8400	9317
8400	9395
8400	9497
8400	9671
8406	138
8406	4535
8406	5539
8406	9425
8413	7643
8413	9757
8413	9938
8413	9981
8417	5765
8417	8951
8417	9244
8417	9833
8417	9904
8417	9923
8419	4199
8419	5248
8419	5765
8419	7055
8419	9833
8419	9839
8419	9904
8419	9923
8428	723
8428	8925
8428	9432
8429	4199
8429	4368
8429	4504
8429	7051
8429	7348
8429	9223
8429	9639
8429	9991
8435	1929
8435	9740
8435	9904
8435	9949
8437	3045
8437	3828
8437	6542
8437	8362
8437	8499
8437	9261
8437	9391
8437	9736
8456	4544
8456	7089
8481	5191
8481	7583
8481	7627
8481	8961
8481	9038
8481	9442
8481	9698
8481	9999
8486	3997
8486	9839
8486	9868
8486	9907
8488	4628
8488	7573
8488	8503
8488	9330
8488	9598
8495	1538
8495	3087
8495	5291
8495	9109
8495	9845
8499	3045
8499	3828
8499	5802
8499	6542
8499	7013
8499	8437
8499	9091
8499	9284
8499	9391
8499	9759
8503	8104
8503	8488
8503	9216
8503	9741
8510	1879
8510	4713
8510	5431
8510	7921
8514	6144
8514	6642
8514	9173
8514	9922
8514	9994
8515	2184
8515	5185
8515	8770
8515	9427
8515	9798
8523	3658
8523	4789
8523	7903
8523	8104
8523	8941
8523	9012
8523	9357
8523	9585
8523	9759
8523	9878
8532	8940
8532	9456
8541	6317
8541	8282
8541	8969
8541	9502
8541	9528
8541	9574
8546	900
8546	1350
8546	7055
8546	7196
8546	7204
8546	8784
8546	8991
8546	9379
8546	9402
8546	9859
8546	9965
8561	7341
8561	7643
8563	1327
8563	3381
8563	5685
8563	7392
8563	7708
8563	9640
8568	3278
8568	3315
8568	9936
8569	212
8569	1081
8569	1936
8569	3644
8569	5423
8569	5755
8569	5892
8569	6461
8569	6878
8569	6941
8569	7370
8569	8290
8569	9217
8569	9261
8569	9284
8569	9326
8569	9493
8572	1465
8572	5553
8572	5765
8572	6144
8572	6146
8572	7086
8572	7921
8572	9426
8572	9464
8572	9488
8572	9550
8572	9743
8573	5730
8573	5980
8573	8589
8573	9859
8573	9865
8585	8078
8585	9092
8585	9956
8585	9973
8589	7470
8589	7893
8589	8015
8589	8354
8589	8573
8589	8646
8589	8777
8606	6754
8606	8894
8606	9681
8613	4874
8613	7966
8613	7992
8613	8287
8613	8968
8613	9219
8613	9352
8617	5005
8617	9456
8617	9618
8625	6266
8625	6483
8625	6577
8625	8271
8625	9423
8625	9648
8638	3712
8638	9345
8638	9550
8646	7470
8646	8589
8651	367
8651	7081
8651	9108
8651	9965
8670	7080
8670	9026
8670	9330
8670	9973
8675	7204
8676	7492
8676	9903
8679	707
8679	6960
8679	8081
8679	9317
8679	9644
8679	9647
8687	9915
8691	968
8691	5864
8691	7587
8691	7805
8691	8836
8691	9223
8703	1593
8703	5332
8703	9357
8703	9783
8703	9845
8721	4875
8721	7359
8721	8363
8721	9911
8733	7273
8733	8894
8733	9330
8734	5636
8734	8078
8734	8947
8734	9191
8734	10000
8737	4000
8737	4027
8737	4329
8737	6361
8737	9010
8737	9066
8737	9618
8741	7100
8741	9395
8741	9433
8741	9762
8750	5802
8750	6542
8750	7013
8750	9091
8750	9391
8757	2573
8757	3413
8757	9280
8757	9391
8765	4407
8765	4507
8765	7025
8765	7573
8765	7805
8765	8946
8765	9431
8765	9783
8768	5187
8768	6542
8768	9550
8770	7196
8770	7881
8770	8042
8770	8102
8770	8282
8770	8515
8770	9470
8770	9661
8770	9668
8777	5023
8777	8589
8777	9743
8782	3878
8782	7843
8782	8311
8782	9289
8782	9681
8783	5312
8783	9113
8783	9489
8784	6831
8784	7204
8784	8546
8784	8804
8784	9379
8784	9402
8784	9687
8784	9859
8784	9965
8785	3765
8785	8256
8785	8910
8785	9345
8785	9990
8790	6150
8790	6551
8790	7993
8790	8814
8790	9402
8790	9691
8790	9965
8799	862
8799	1936
8799	4320
8799	4619
8799	4713
8799	4915
8799	5920
8799	7025
8799	7881
8799	8267
8799	8395
8799	9336
8804	7289
8804	7372
8804	7805
8804	8784
8804	9379
8804	9402
8804	9859
8814	5285
8814	8790
8814	9691
8816	5291
8816	5612
8816	5819
8816	7964
8816	8014
8816	9274
8816	9395
8816	9766
8833	2240
8833	3042
8833	6557
8833	7038
8833	8233
8833	9048
8833	9198
8833	9426
8833	9988
8835	7981
8835	8136
8835	8940
8835	9043
8835	9060
8836	5243
8836	6557
8836	7574
8836	8691
8838	5927
8838	9498
8859	6114
8859	7853
8859	9579
8859	9640
8864	222
8864	3285
8864	3743
8864	4628
8864	6733
8864	9259
8876	420
8876	6828
8876	9274
8876	9863
8879	7994
8879	9407
8888	7564
8888	7909
8888	8278
8888	8312
8888	9881
8890	8011
8890	8272
8890	9019
8890	9791
8894	4076
8894	6114
8894	8311
8894	8606
8894	8733
8899	4411
8899	5501
8899	9721
8899	10000
8900	1593
8900	8135
8900	9174
8908	349
8908	3007
8908	4087
8908	5986
8908	9795
8909	1981
8909	3859
8909	5291
8909	6371
8909	7184
8909	7255
8909	7851
8909	8395
8909	8910
8909	9048
8910	890
8910	1981
8910	2259
8910	2853
8910	3859
8910	5646
8910	6371
8910	7255
8910	8287
8910	8395
8910	8785
8910	8909
8910	9048
8910	9305
8910	9764
8910	9991
8913	2652
8913	5546
8913	6551
8913	7425
8913	9346
8917	1435
8917	2069
8917	4054
8917	4108
8917	5243
8917	5431
8917	7138
8917	7490
8917	9244
8917	9721
8917	9834
8917	9872
8925	723
8925	8428
8925	9135
8925	9223
8937	5183
8937	5714
8937	6471
8937	7003
8937	7089
8937	7273
8937	7528
8937	8153
8937	8943
8937	9736
8940	2755
8940	4859
8940	4948
8940	8532
8940	8835
8941	1936
8941	4619
8941	5920
8941	7466
8941	8267
8941	8523
8941	9336
8941	9766
8943	4948
8943	5635
8943	6861
8943	7005
8943	8937
8943	9871
8946	4507
8946	5249
8946	5669
8946	7038
8946	7573
8946	8765
8946	9023
8946	9431
8946	9922
8947	5636
8947	7921
8947	8734
8947	9454
8951	4109
8951	5593
8951	5982
8951	6871
8951	7302
8951	7739
8951	8242
8951	8417
8951	9244
8951	9464
8951	9833
8951	9904
8952	4544
8952	4708
8952	7934
8952	9235
8961	4535
8961	5185
8961	5571
8961	6899
8961	7583
8961	8481
8961	9174
8961	9432
8961	9442
8961	9698
8961	9949
8961	9990
8964	5539
8964	8204
8964	9023
8964	9060
8966	7994
8966	9095
8968	4874
8968	6742
8968	7498
8968	7994
8968	8097
8968	8287
8968	8613
8968	9079
8968	9095
8968	9352
8968	9652
8968	9797
8969	8541
8969	8973
8969	9169
8969	9528
8969	9574
8973	4199
8973	4504
8973	5808
8973	7051
8973	7288
8973	8969
8973	9433
8973	9991
8974	5531
8974	6213
8974	7585
8974	8231
8974	9197
8974	9330
8974	9565
8974	9582
8979	2840
8979	4553
8979	5550
8979	6218
8979	6977
8979	7401
8979	7708
8979	8284
8979	8330
8979	8341
8979	8364
8979	9422
8979	9640
8990	6037
8990	7100
8990	8354
8991	8363
8991	8546
8991	9234
8991	9663
8991	9691
8991	9991
8993	4628
8993	6120
8993	8291
8993	9113
8993	9347
8993	9578
8993	9972
8996	1963
8996	3873
8996	4081
8996	4284
8996	7062
8996	9925
8996	9928
8996	9990
9009	2251
9009	3787
9009	6260
9009	8102
9009	9026
9009	9753
9010	8043
9010	8272
9010	8737
9010	9066
9010	9791
9012	1756
9012	3574
9012	4320
9012	4789
9012	5546
9012	6144
9012	8523
9012	9079
9012	9357
9012	9585
9012	9759
9018	3163
9018	6155
9018	9019
9018	9753
9019	3389
9019	5571
9019	5963
9019	6149
9019	7080
9019	8890
9019	9018
9019	9424
9023	3427
9023	4590
9023	7187
9023	7802
9023	8946
9023	8964
9023	9465
9026	1906
9026	7080
9026	7769
9026	8670
9026	9009
9026	9278
9026	9973
9027	2840
9027	5501
9027	9255
9027	9922
9028	3834
9028	9443
9028	9687
9034	8233
9034	9488
9038	1363
9038	3285
9038	3743
9038	3960
9038	4982
9038	5986
9038	6733
9038	8400
9038	8481
9038	9259
9041	1540
9041	1812
9041	3375
9041	4855
9041	6252
9041	8153
9041	9261
9041	9663
9041	9896
9043	2752
9043	8835
9043	9217
9048	2259
9048	2853
9048	3859
9048	4087
9048	5291
9048	5646
9048	6371
9048	6928
9048	7184
9048	7255
9048	7392
9048	8354
9048	8395
9048	8833
9048	8909
9048	8910
9048	9236
9048	9651
9054	5611
9060	1332
9060	8077
9060	8835
9060	8964
9062	968
9062	9217
9066	274
9066	1806
9066	4329
9066	8737
9066	9010
9066	9498
9069	820
9069	5636
9069	7728
9069	8011
9069	8104
9071	4411
9071	5285
9071	5560
9071	7466
9071	8363
9071	9489
9071	9744
9078	3374
9078	7198
9078	7981
9078	9410
9078	9915
9079	7443
9079	8968
9079	9012
9091	2984
9091	3045
9091	3828
9091	4252
9091	5539
9091	5802
9091	6542
9091	7013
9091	7951
9091	8039
9091	8362
9091	8499
9091	8750
9091	9299
9091	9391
9091	9714
9091	9740
9092	8585
9092	9714
9092	9925
9092	9956
9095	3574
9095	7291
9095	8966
9095	8968
9095	9390
9095	9893
9099	110
9099	497
9099	2995
9099	2997
9099	3402
9099	5172
9099	5778
9099	7255
9099	9113
9099	9236
9099	9798
9108	367
9108	7081
9108	8225
9108	8651
9108	9904
9109	4048
9109	8495
9109	9253
9109	9744
9109	9928
9110	5243
9110	9764
9113	2995
9113	2997
9113	3162
9113	3374
9113	3795
9113	4454
9113	5052
9113	5722
9113	5778
9113	5946
9113	6344
9113	8783
9113	8993
9113	9099
9113	9236
9113	9798
9120	3353
9120	7187
9120	7490
9130	3176
9130	9219
9130	9865
9135	1991
9135	5051
9135	6744
9135	8925
9135	9795
9135	9878
9156	2986
9156	5291
9161	1869
9161	6960
9161	7062
9161	7492
9161	9278
9161	9395
9161	9661
9169	5685
9169	6325
9169	7903
9169	8295
9169	8969
9169	9357
9169	9431
9169	9585
9169	9759
9169	9878
9173	767
9173	3184
9173	6642
9173	7291
9173	8514
9173	9740
9173	9819
9173	9922
9174	4301
9174	4535
9174	5360
9174	7769
9174	8900
9174	8961
9174	9432
9174	9442
9174	9805
9183	2859
9183	3990
9183	5243
9183	5833
9183	5959
9183	6037
9183	7574
9183	8321
9183	9369
9183	9443
9183	9863
9183	9936
9191	6042
9191	6626
9191	7255
9191	8734
9197	1029
9197	4067
9197	4173
9197	4409
9197	7519
9197	7585
9197	8043
9197	8231
9197	8974
9197	9384
9197	9648
9198	1985
9198	3042
9198	4514
9198	7038
9198	7490
9198	8833
9200	4713
9200	7360
9200	9783
9202	9528
9207	450
9207	2081
9207	2245
9207	2337
9207	4859
9207	5672
9207	5864
9207	6461
9207	8312
9207	8321
9207	8400
9207	9395
9207	9497
9216	8503
9216	9741
9217	5521
9217	7081
9217	8569
9217	9043
9217	9062
9219	3007
9219	5963
9219	6879
9219	8613
9219	9130
9219	9757
9223	4199
9223	4504
9223	7348
9223	8429
9223	8691
9223	8925
9224	1363
9224	6805
9230	7181
9230	9714
9230	9783
9234	7131
9234	8991
9234	9345
9234	9744
9235	5327
9235	6150
9235	7253
9235	7306
9235	7978
9235	8952
9235	9352
9235	9456
9235	9471
9235	9791
9235	9881
9236	110
9236	3162
9236	3795
9236	6232
9236	8321
9236	9048
9236	9099
9236	9113
9236	9741
9236	9798
9239	1097
9239	2917
9239	5808
9239	6624
9239	6960
9239	7434
9239	7787
9239	7921
9239	8285
9239	9305
9239	9644
9244	4048
9244	4076
9244	4231
9244	5521
9244	5593
9244	6871
9244	8259
9244	8270
9244	8417
9244	8917
9244	8951
9244	9833
9244	9839
9244	9847
9244	9904
9244	9923
9249	538
9249	7291
9249	7879
9249	9753
9253	2245
9253	3089
9253	8231
9253	9109
9255	5501
9255	7341
9255	9027
9259	222
9259	1363
9259	2998
9259	3285
9259	3743
9259	3960
9259	4982
9259	5986
9259	6733
9259	6996
9259	8284
9259	8362
9259	8864
9259	9038
9261	6252
9261	8437
9261	8569
9261	9041
9261	9647
9274	420
9274	2260
9274	6149
9274	8816
9274	8876
9274	9407
9274	9965
9278	1906
9278	5594
9278	7156
9278	9026
9278	9161
9278	9757
9278	9762
9278	9973
9280	5495
9280	5920
9280	6313
9280	6542
9280	7288
9280	8757
9284	3168
9284	4159
9284	4514
9284	5089
9284	5265
9284	5755
9284	6313
9284	6541
9284	6941
9284	7370
9284	8290
9284	8499
9284	8569
9284	9326
9284	9345
9284	9493
9284	9502
9288	4355
9288	4411
9288	6576
9288	9390
9288	9904
9289	3176
9289	4715
9289	5051
9289	8311
9289	8782
9289	9343
9289	9433
9289	9625
9289	9903
9296	1172
9296	1974
9296	6680
9296	6879
9296	7587
9296	8225
9296	9585
9296	9871
9296	9923
9296	9951
9299	9091
9299	9502
9303	685
9303	1350
9303	7436
9303	8212
9303	9744
9305	1540
9305	3758
9305	5646
9305	6305
9305	6861
9305	8910
9305	9239
9305	9386
9305	9652
9305	9972
9317	3861
9317	6960
9317	8081
9317	8292
9317	8400
9317	8679
9317	9644
9317	9748
9326	3476
9326	4159
9326	4550
9326	5089
9326	5265
9326	5637
9326	5964
9326	6313
9326	6461
9326	6541
9326	7370
9326	8290
9326	8569
9326	9284
9326	9345
9326	9423
9326	9493
9326	9745
9328	1963
9328	3873
9328	5174
9328	7034
9328	7900
9328	8015
9328	9550
9328	9925
9328	9928
9328	9990
9330	3680
9330	3745
9330	4326
9330	5677
9330	5988
9330	6099
9330	6996
9330	7100
9330	7156
9330	8264
9330	8488
9330	8670
9330	8733
9330	8974
9330	9708
9330	9717
9330	9815
9336	862
9336	4619
9336	4915
9336	5920
9336	8267
9336	8799
9336	8941
9343	9289
9345	110
9345	212
9345	1081
9345	1304
9345	3168
9345	3389
9345	3476
9345	4159
9345	4514
9345	5089
9345	5964
9345	5980
9345	6158
9345	6461
9345	6541
9345	6878
9345	6992
9345	7034
9345	7370
9345	7934
9345	7981
9345	8290
9345	8638
9345	8785
9345	9234
9345	9284
9345	9326
9345	9493
9345	9578
9345	9762
9345	9865
9345	9881
9346	1350
9346	7425
9346	7955
9346	8312
9346	8913
9347	726
9347	3306
9347	5920
9347	6120
9347	8993
9347	9578
9347	9801
9352	3413
9352	4874
9352	7498
9352	8097
9352	8159
9352	8613
9352	8968
9352	9235
9357	997
9357	1666
9357	2245
9357	4320
9357	4789
9357	5404
9357	5546
9357	6144
9357	7903
9357	8523
9357	8703
9357	9012
9357	9169
9357	9402
9357	9512
9357	9585
9357	9759
9357	9801
9357	9878
9365	6759
9365	9456
9365	9777
9369	2259
9369	3990
9369	5164
9369	5243
9369	5833
9369	5959
9369	7516
9369	7728
9369	8321
9369	8363
9369	9183
9369	9443
9369	9863
9369	9936
9379	161
9379	2859
9379	7798
9379	8011
9379	8546
9379	8784
9379	8804
9379	9402
9379	9965
9384	5265
9384	5594
9384	9197
9386	6099
9386	6831
9386	9305
9386	9687
9386	9777
9386	9973
9390	2774
9390	7813
9390	9095
9390	9288
9390	9906
9391	2984
9391	4983
9391	5802
9391	6542
9391	8362
9391	8437
9391	8499
9391	8750
9391	8757
9391	9091
9395	372
9395	450
9395	568
9395	2081
9395	2245
9395	2337
9395	5672
9395	5864
9395	6994
9395	7158
9395	8400
9395	8741
9395	8816
9395	9161
9395	9207
9395	9493
9395	9497
9399	5635
9399	6634
9399	7005
9399	7533
9399	7739
9402	1350
9402	5404
9402	7204
9402	8546
9402	8784
9402	8790
9402	8804
9402	9357
9402	9379
9402	9585
9402	9859
9407	1922
9407	2637
9407	2752
9407	2882
9407	5174
9407	5187
9407	5404
9407	6828
9407	6909
9407	7401
9407	8295
9407	8879
9407	9274
9407	9565
9410	2647
9410	5423
9410	9078
9410	9893
9422	1835
9422	5662
9422	7739
9422	8242
9422	8979
9422	9432
9423	1724
9423	2966
9423	6363
9423	8625
9423	9326
9424	726
9424	2647
9424	6238
9424	6377
9424	8097
9424	9019
9424	9427
9424	9791
9424	9859
9425	1484
9425	3173
9425	7055
9425	8233
9425	8406
9425	9456
9426	4487
9426	4903
9426	5231
9426	8572
9426	8833
9426	9604
9426	9740
9427	6401
9427	6466
9427	8515
9427	9424
9427	9863
9431	4507
9431	5249
9431	7573
9431	8765
9431	8946
9431	9169
9432	5185
9432	5191
9432	5553
9432	7061
9432	7583
9432	7769
9432	8428
9432	8961
9432	9174
9432	9422
9432	9488
9432	9698
9432	9847
9433	867
9433	4199
9433	4504
9433	6879
9433	7348
9433	7798
9433	8278
9433	8741
9433	8973
9433	9289
9433	9991
9434	9528
9434	9744
9436	138
9436	5404
9442	4544
9442	5172
9442	5185
9442	5360
9442	6899
9442	7359
9442	7583
9442	7769
9442	8481
9442	8961
9442	9174
9442	9698
9443	1593
9443	3381
9443	5164
9443	5243
9443	6037
9443	7516
9443	7574
9443	8321
9443	9028
9443	9183
9443	9369
9443	9471
9443	9766
9443	9856
9443	9863
9443	9936
9443	9990
9454	4610
9454	5177
9454	8042
9454	8947
9456	120
9456	900
9456	2756
9456	2859
9456	3974
9456	4151
9456	8532
9456	8617
9456	9235
9456	9365
9456	9425
9463	107
9463	4220
9463	5636
9464	550
9464	1121
9464	5553
9464	6114
9464	6146
9464	7055
9464	7086
9464	7915
9464	7921
9464	8572
9464	8951
9464	9488
9464	9550
9464	9743
9465	2986
9465	3042
9465	4498
9465	7385
9465	9023
9465	9470
9465	9698
9468	4507
9468	7851
9468	9578
9468	9618
9470	8770
9470	9465
9470	9651
9471	5316
9471	5327
9471	6150
9471	6952
9471	7564
9471	7978
9471	8074
9471	9235
9471	9443
9471	9819
9471	9881
9471	9893
9488	1121
9488	1332
9488	3809
9488	5248
9488	5553
9488	5636
9488	6114
9488	6557
9488	7086
9488	7904
9488	7915
9488	7921
9488	8572
9488	9034
9488	9432
9488	9464
9488	9550
9488	9743
9488	9819
9489	3994
9489	4323
9489	7196
9489	8783
9489	9071
9489	9956
9493	212
9493	767
9493	3389
9493	3476
9493	3787
9493	4159
9493	4514
9493	5089
9493	5265
9493	5755
9493	5964
9493	6461
9493	6708
9493	6878
9493	6941
9493	7372
9493	8290
9493	8569
9493	9284
9493	9326
9493	9345
9493	9395
9493	9839
9493	9991
9497	372
9497	450
9497	2081
9497	2245
9497	2337
9497	5672
9497	5864
9497	8042
9497	8400
9497	9207
9497	9395
9497	9648
9498	3063
9498	5921
9498	7900
9498	8838
9498	9066
9498	9936
9502	2244
9502	4232
9502	4850
9502	5295
9502	6754
9502	8264
9502	8541
9502	9284
9502	9299
9502	9528
9502	9574
9512	685
9512	4140
9512	4487
9512	5243
9512	5312
9512	9357
9512	9546
9512	9576
9528	2244
9528	4232
9528	6155
9528	7181
9528	8264
9528	8541
9528	8969
9528	9202
9528	9434
9528	9502
9528	9546
9528	9574
9546	4140
9546	4487
9546	5312
9546	8312
9546	9512
9546	9528
9550	550
9550	1121
9550	2081
9550	5525
9550	5553
9550	6146
9550	7086
9550	7915
9550	7921
9550	8572
9550	8638
9550	8768
9550	9328
9550	9464
9550	9488
9550	9743
9565	6466
9565	6624
9565	6909
9565	7401
9565	8295
9565	8974
9565	9407
9565	9855
9572	5808
9572	9999
9574	2244
9574	2756
9574	6828
9574	7181
9574	8257
9574	8264
9574	8541
9574	8969
9574	9502
9574	9528
9576	2840
9576	5636
9576	7191
9576	9512
9576	9647
9578	3306
9578	6371
9578	8993
9578	9345
9578	9347
9578	9468
9578	9801
9579	2337
9579	5946
9579	6928
9579	7802
9579	8859
9579	9743
9582	4859
9582	6101
9582	8136
9582	8974
9582	9644
9582	9951
9585	1756
9585	3080
9585	4162
9585	7843
9585	7903
9585	8332
9585	8523
9585	9012
9585	9169
9585	9296
9585	9357
9585	9402
9585	9759
9585	9878
9598	3644
9598	7348
9598	8488
9604	6401
9604	6876
9604	7923
9604	8330
9604	9426
9604	9965
9618	138
9618	4983
9618	5005
9618	6899
9618	8617
9618	8737
9618	9468
9618	9833
9618	9923
9625	3745
9625	9289
9639	4027
9639	7176
9639	8429
9640	3381
9640	5685
9640	6246
9640	7307
9640	7708
9640	8284
9640	8364
9640	8563
9640	8859
9640	8979
9640	9805
9640	9903
9644	1893
9644	3861
9644	5730
9644	6751
9644	6879
9644	6928
9644	6960
9644	7196
9644	8679
9644	9239
9644	9317
9644	9582
9644	9928
9647	1300
9647	1840
9647	6551
9647	7630
9647	8679
9647	9261
9647	9576
9648	4550
9648	5285
9648	5531
9648	6213
9648	6218
9648	6260
9648	7519
9648	7585
9648	8043
9648	8231
9648	8625
9648	9197
9648	9497
9648	9833
9651	1158
9651	4409
9651	6805
9651	9048
9651	9470
9652	3758
9652	3844
9652	5730
9652	6542
9652	8968
9652	9305
9652	9783
9661	3353
9661	5316
9661	7196
9661	7881
9661	8042
9661	8282
9661	8770
9661	9161
9661	9671
9661	9749
9661	10000
9663	5553
9663	6509
9663	7583
9663	8991
9663	9041
9667	111
9667	1327
9667	2998
9667	8159
9667	9671
9667	9865
9668	3599
9668	4151
9668	6542
9668	7627
9668	8770
9668	9994
9671	8189
9671	8400
9671	9661
9671	9667
9671	9783
9671	9915
9671	9988
9681	1879
9681	2889
9681	4292
9681	8606
9681	8782
9687	7392
9687	8784
9687	9028
9687	9386
9687	9777
9691	3080
9691	4407
9691	6014
9691	7993
9691	8363
9691	8790
9691	8814
9691	8991
9698	3556
9698	4535
9698	5360
9698	5431
9698	7372
9698	7583
9698	8284
9698	8481
9698	8961
9698	9432
9698	9442
9698	9465
9708	3745
9708	4326
9708	5988
9708	6996
9708	7100
9708	9330
9708	9717
9708	9815
9714	820
9714	5295
9714	6268
9714	7635
9714	7798
9714	8045
9714	9091
9714	9092
9714	9230
9714	9878
9714	9883
9717	3745
9717	4326
9717	5988
9717	6996
9717	7100
9717	9330
9717	9708
9717	9791
9717	9815
9721	367
9721	1748
9721	2298
9721	3035
9721	4371
9721	5988
9721	6252
9721	6754
9721	7307
9721	7955
9721	8899
9721	8917
9723	4544
9723	6291
9723	7627
9723	9922
9723	9936
9736	1806
9736	1879
9736	1964
9736	2358
9736	5183
9736	5185
9736	5714
9736	7003
9736	7528
9736	8153
9736	8437
9736	8937
9736	9745
9740	4903
9740	5231
9740	8435
9740	9091
9740	9173
9740	9426
9741	444
9741	3765
9741	4877
9741	7253
9741	8503
9741	9216
9741	9236
9743	550
9743	1465
9743	5553
9743	6114
9743	6146
9743	7086
9743	7904
9743	7915
9743	7921
9743	8572
9743	8777
9743	9464
9743	9488
9743	9550
9743	9579
9744	1081
9744	5560
9744	7466
9744	8363
9744	9071
9744	9109
9744	9234
9744	9303
9744	9434
9745	2297
9745	3484
9745	4048
9745	5980
9745	6120
9745	9326
9745	9736
9748	4859
9748	7291
9748	9317
9749	4498
9749	5722
9749	6405
9749	7255
9749	9661
9749	9881
9753	1709
9753	5423
9753	6184
9753	7538
9753	8015
9753	9009
9753	9018
9753	9249
9757	2020
9757	3007
9757	8413
9757	9219
9757	9278
9759	1756
9759	3080
9759	5501
9759	5546
9759	6325
9759	7903
9759	8321
9759	8499
9759	8523
9759	9012
9759	9169
9759	9357
9759	9585
9759	9783
9759	9878
9762	3476
9762	7538
9762	8741
9762	9278
9762	9345
9762	9833
9764	5322
9764	8910
9764	9110
9766	2008
9766	3491
9766	4108
9766	4550
9766	5635
9766	7582
9766	7769
9766	8816
9766	8941
9766	9443
9766	9778
9777	6099
9777	7698
9777	9365
9777	9386
9777	9687
9778	2008
9778	3491
9778	4550
9778	6458
9778	7971
9778	9766
9783	6037
9783	8703
9783	8765
9783	9200
9783	9230
9783	9652
9783	9671
9783	9759
9789	6642
9789	9856
9789	9915
9789	9951
9791	1421
9791	5637
9791	6352
9791	8272
9791	8890
9791	9010
9791	9235
9791	9424
9791	9717
9791	9872
9795	5986
9795	6744
9795	8097
9795	8908
9795	9135
9797	3809
9797	8078
9797	8256
9797	8968
9798	890
9798	2995
9798	2997
9798	3162
9798	3402
9798	3795
9798	5778
9798	6101
9798	7993
9798	8515
9798	9099
9798	9113
9798	9236
9801	4610
9801	5907
9801	6017
9801	6120
9801	7168
9801	9347
9801	9357
9801	9578
9805	1172
9805	6158
9805	7686
9805	7761
9805	9174
9805	9640
9805	9981
9815	3745
9815	4326
9815	5988
9815	6996
9815	7013
9815	7100
9815	9330
9815	9708
9815	9717
9819	3184
9819	4292
9819	5329
9819	6642
9819	7291
9819	7994
9819	9173
9819	9471
9819	9488
9819	9833
9819	9922
9819	9973
9833	1593
9833	3023
9833	3413
9833	4027
9833	4076
9833	4109
9833	5248
9833	5611
9833	5765
9833	6871
9833	8270
9833	8278
9833	8417
9833	8419
9833	8951
9833	9244
9833	9618
9833	9648
9833	9762
9833	9819
9833	9904
9833	9923
9834	2130
9834	4108
9834	8290
9834	8917
9834	9872
9839	1593
9839	2647
9839	4076
9839	4987
9839	5611
9839	5869
9839	6014
9839	6871
9839	7055
9839	7187
9839	7728
9839	7739
9839	8212
9839	8278
9839	8419
9839	8486
9839	9244
9839	9493
9839	9904
9839	9923
9845	5819
9845	8354
9845	8495
9845	8703
9846	625
9846	1327
9846	2260
9846	5052
9846	6312
9846	7038
9846	7184
9846	7492
9846	7516
9846	7802
9846	9923
9846	9990
9846	9999
9847	7490
9847	7686
9847	9244
9847	9432
9855	1748
9855	2774
9855	4875
9855	7190
9855	7379
9855	7893
9855	8237
9855	9565
9856	625
9856	3981
9856	7582
9856	7904
9856	7994
9856	9443
9856	9789
9859	161
9859	4173
9859	5265
9859	7204
9859	7805
9859	8546
9859	8573
9859	8784
9859	8804
9859	9402
9859	9424
9859	9965
9863	707
9863	2859
9863	3990
9863	5164
9863	5243
9863	5833
9863	5959
9863	6037
9863	7516
9863	7574
9863	8256
9863	8278
9863	8321
9863	8876
9863	9183
9863	9369
9863	9427
9863	9443
9863	9936
9865	7187
9865	8573
9865	9130
9865	9345
9865	9667
9868	625
9868	3997
9868	5892
9868	5980
9868	7131
9868	7853
9868	8486
9868	9907
9871	1172
9871	1974
9871	3315
9871	3795
9871	6680
9871	7587
9871	7910
9871	8015
9871	8943
9871	9296
9872	1435
9872	2069
9872	7923
9872	8264
9872	8917
9872	9791
9872	9834
9878	3574
9878	4087
9878	4320
9878	4789
9878	5546
9878	6144
9878	7903
9878	8523
9878	9135
9878	9169
9878	9357
9878	9585
9878	9714
9878	9759
9881	5327
9881	6150
9881	7253
9881	7306
9881	7564
9881	7978
9881	8888
9881	9235
9881	9345
9881	9471
9881	9749
9883	2840
9883	6268
9883	7062
9883	7635
9883	7798
9883	8045
9883	9714
9893	2882
9893	7490
9893	7585
9893	9095
9893	9410
9893	9471
9896	1812
9896	3375
9896	4108
9896	4855
9896	7488
9896	7753
9896	9041
9903	625
9903	4815
9903	8676
9903	9289
9903	9640
9904	1593
9904	1724
9904	5248
9904	5593
9904	5778
9904	7739
9904	8270
9904	8417
9904	8419
9904	8435
9904	8951
9904	9108
9904	9244
9904	9288
9904	9833
9904	9839
9904	9923
9906	2774
9906	7813
9906	9390
9907	625
9907	2240
9907	3997
9907	4999
9907	6514
9907	7131
9907	7196
9907	7853
9907	8486
9907	9868
9907	9923
9911	4063
9911	6313
9911	7708
9911	8078
9911	8721
9915	42
9915	723
9915	3369
9915	5571
9915	6405
9915	7698
9915	8687
9915	9078
9915	9671
9915	9789
9922	220
9922	3184
9922	4292
9922	5329
9922	6642
9922	7291
9922	8514
9922	8946
9922	9027
9922	9173
9922	9723
9922	9819
9923	518
9923	1724
9923	3023
9923	4987
9923	5248
9923	7055
9923	7739
9923	8270
9923	8417
9923	8419
9923	9244
9923	9296
9923	9618
9923	9833
9923	9839
9923	9846
9923	9904
9923	9907
9923	9981
9925	3873
9925	5174
9925	5316
9925	7034
9925	7062
9925	8014
9925	8285
9925	8330
9925	8996
9925	9092
9925	9328
9925	9928
9925	9990
9928	3873
9928	4081
9928	7034
9928	7062
9928	8996
9928	9109
9928	9328
9928	9644
9928	9925
9928	9990
9936	707
9936	2103
9936	2859
9936	3990
9936	4451
9936	4875
9936	5164
9936	5243
9936	5833
9936	5959
9936	6037
9936	7080
9936	7516
9936	8321
9936	8568
9936	9183
9936	9369
9936	9443
9936	9498
9936	9723
9936	9863
9938	3778
9938	6509
9938	8413
9938	9994
9949	7490
9949	8435
9949	8961
9951	726
9951	7993
9951	9296
9951	9582
9951	9789
9956	2756
9956	3023
9956	4874
9956	8585
9956	9092
9956	9489
9965	4507
9965	7204
9965	7805
9965	7966
9965	8546
9965	8651
9965	8784
9965	8790
9965	9274
9965	9379
9965	9604
9965	9859
9972	7443
9972	8225
9972	8993
9972	9305
9973	7392
9973	8585
9973	8670
9973	9026
9973	9278
9973	9386
9973	9819
9981	3381
9981	5521
9981	6213
9981	8413
9981	9805
9981	9923
9988	4590
9988	6101
9988	8833
9988	9671
9988	9991
9990	1963
9990	5174
9990	5187
9990	7034
9990	7062
9990	7490
9990	7900
9990	8785
9990	8961
9990	8996
9990	9328
9990	9443
9990	9846
9990	9925
9990	9928
9991	867
9991	3254
9991	4368
9991	4504
9991	7051
9991	7348
9991	8429
9991	8910
9991	8973
9991	8991
9991	9433
9991	9493
9991	9988
9994	497
9994	5005
9994	8514
9994	9668
9994	9938
9999	968
9999	2425
9999	2688
9999	2923
9999	4948
9999	6344
9999	8481
9999	9572
9999	9846
10000	161
10000	2372
10000	5594
10000	7005
10000	7528
10000	8734
10000	8899
10000	9661
