25	9338
25	9998
26	3380
26	8028
26	9055
32	8727
38	152
38	1826
38	7064
38	7451
38	9192
38	9252
38	9463
52	5673
52	9415
93	893
93	4426
93	8576
93	8974
93	8991
93	9446
95	5938
95	8316
95	8655
95	9699
124	8965
127	5855
144	4994
144	8653
144	9151
152	38
152	9753
153	8255
153	8797
153	9899
159	4994
159	9461
247	740
247	3439
247	6190
254	7485
254	8098
254	9592
263	6598
308	5652
308	5941
347	5840
347	6056
347	6764
347	8823
347	9587
347	9860
350	5652
350	7386
350	8722
406	9949
406	9969
412	5110
412	7247
412	9940
438	3931
438	8763
466	2996
482	6717
482	9034
494	2671
506	8203
506	9697
516	6200
516	8203
516	9990
545	5305
545	7185
545	7606
545	9428
551	3003
551	5920
561	1196
561	8066
561	9646
622	3037
622	5961
622	6400
622	7304
622	8069
622	8520
622	9684
652	7247
652	8785
666	6382
679	9969
682	7947
686	6400
686	9909
689	7362
689	8435
693	1619
693	9005
693	9949
698	3518
698	4052
698	7533
698	8474
698	9273
698	9671
698	9853
740	247
740	7185
740	7347
744	5427
744	5673
744	9114
744	9279
744	9418
758	9488
807	5043
812	7876
812	7930
841	8763
841	9860
842	7383
842	9928
842	9990
878	9045
879	7533
879	8943
879	9218
879	9806
893	93
893	4631
893	8435
893	9446
946	9120
947	7241
947	9026
947	9278
1019	2270
1019	3380
1029	5474
1029	9197
1058	5555
1058	6200
1058	6598
1058	9697
1075	2011
1087	7395
1087	8504
1087	8763
1105	3364
1105	6598
1105	6778
1105	7365
1105	8172
1105	9783
1107	7142
1132	7722
1132	8214
1179	6163
1179	9751
1183	5050
1183	6444
1183	6932
1183	8965
1196	561
1196	5920
1196	7247
1231	9081
1234	6299
1251	2592
1251	8211
1251	8603
1251	9154
1251	9591
1254	8797
1254	9009
1254	9154
1256	5433
1256	6163
1256	6240
1256	6777
1256	8905
1256	9086
1273	9949
1293	4399
1305	7083
1318	8214
1353	5010
1353	7692
1353	9660
1393	8462
1393	8907
1429	6400
1429	9618
1472	3545
1472	3968
1472	4358
1472	7930
1472	8860
1472	9154
1472	9591
1514	2627
1514	4085
1514	5400
1514	6097
1514	8992
1532	8713
1532	9067
1532	9385
1532	9953
1569	3601
1576	2025
1576	6606
1576	8551
1576	9732
1589	8797
1619	693
1619	6738
1642	7083
1661	6078
1677	5564
1677	9197
1677	9269
1684	5855
1727	9769
1747	4358
1824	3382
1824	7879
1824	9107
1824	9388
1824	9671
1826	38
1830	7174
1830	8598
1830	9186
1830	9760
1868	2399
1868	6400
1868	8604
1868	9684
1894	8203
1894	9684
1929	2392
1929	6321
1929	8435
1929	9446
1931	9026
1931	9973
1937	5942
1937	7743
1937	8749
1937	9719
1956	5043
1956	7942
1966	5933
1966	5994
1966	7969
1966	8876
1966	9274
1966	9396
1966	9448
1966	9753
1967	6917
1967	7185
1967	8907
1989	9010
1989	9411
2011	1075
2011	2671
2011	6159
2011	9151
2025	1576
2025	8603
2025	8860
2025	9154
2025	9206
2025	9591
2080	7287
2080	9416
2091	7386
2091	7670
2110	5140
2110	5399
2110	5737
2110	6323
2110	6382
2110	8609
2110	8762
2110	9120
2111	3502
2111	9990
2113	8696
2113	9544
2146	8640
2146	8722
2146	9292
2172	3968
2174	3968
2174	8052
2216	9499
2216	9964
2217	5330
2217	9483
2242	4960
2261	4399
2261	6856
2261	9938
2270	1019
2270	8066
2353	9151
2356	6570
2356	9399
2356	9446
2356	9946
2375	8203
2376	8763
2376	8954
2392	1929
2392	5081
2392	7633
2392	9281
2395	7474
2399	1868
2399	6176
2399	8069
2399	9684
2399	9909
2415	4994
2415	7063
2415	7770
2415	8307
2417	7943
2417	9400
2417	9892
2442	6738
2442	9420
2486	3242
2486	7174
2486	8013
2524	7965
2524	8661
2524	9278
2524	9625
2556	8847
2556	9576
2559	4097
2559	8423
2560	7153
2560	8640
2560	9523
2560	9584
2561	4642
2561	7670
2561	8763
2561	8911
2561	9490
2565	8203
2565	9371
2565	9719
2582	7113
2582	8655
2582	8846
2582	9278
2582	9973
2592	1251
2592	5844
2592	6321
2592	7016
2592	8576
2592	9446
2596	8172
2596	9066
2612	8991
2612	9753
2627	1514
2650	5855
2653	7365
2654	5678
2654	8949
2663	4812
2671	494
2671	2011
2671	2697
2671	4358
2671	5622
2671	9151
2697	2671
2697	9151
2697	9252
2735	5652
2735	8722
2735	8949
2735	9292
2735	9793
2735	9957
2750	6738
2750	9420
2750	9998
2776	8797
2847	4269
2847	5780
2847	9292
2847	9709
2850	9243
2850	9587
2850	9660
2865	7083
2865	9155
2865	9517
2865	9952
2871	7329
2871	9720
2906	5961
2906	8218
2942	5141
2942	5961
2942	7241
2942	9953
2944	3380
2955	5515
2955	5755
2955	7083
2955	8307
2955	9144
2955	9385
2955	9575
2955	9597
2983	6738
2983	8210
2996	466
2996	5443
2996	7018
2996	7169
2996	8568
2996	8846
3003	551
3003	7177
3003	8472
3024	7670
3032	5755
3032	7304
3032	9237
3037	622
3037	9056
3053	4755
3053	8271
3053	8609
3053	9120
3061	5484
3061	9005
3061	9949
3080	4358
3113	4269
3124	5067
3161	8290
3161	8797
3205	7385
3205	9693
3227	7930
3227	8714
3227	9107
3242	2486
3242	3496
3242	4938
3242	7031
3242	8456
3242	8462
3242	8945
3242	9660
3243	9034
3246	7898
3246	9292
3246	9555
3255	9151
3265	6299
3268	3319
3268	6421
3268	8668
3268	9446
3282	9795
3287	6382
3318	5305
3318	6176
3318	8073
3318	8157
3318	8598
3318	9760
3319	3268
3319	5427
3319	8435
3319	8576
3319	9446
3350	7247
3350	8785
3364	1105
3364	6456
3364	9783
3370	9431
3380	26
3380	1019
3380	2944
3380	4685
3380	5186
3380	7566
3380	8095
3380	8218
3380	9003
3382	1824
3382	6039
3382	8474
3382	8906
3382	9273
3382	9671
3383	5956
3383	7276
3383	8911
3383	9915
3383	9953
3417	5564
3417	9544
3420	8763
3420	8954
3420	9549
3427	9023
3439	247
3483	7329
3496	3242
3502	2111
3502	4740
3502	6241
3502	7361
3502	7911
3502	8179
3502	8538
3502	9928
3502	9990
3518	698
3518	5366
3518	8773
3518	9957
3545	1472
3545	6170
3545	7330
3545	8471
3545	9184
3545	9860
3560	3939
3560	9592
3565	8316
3565	9563
3565	9684
3567	6566
3569	8965
3569	9684
3600	9925
3601	1569
3601	5840
3601	7854
3601	8150
3601	9026
3601	9879
3604	7329
3604	8653
3604	9499
3674	5979
3674	8100
3674	8684
3674	9175
3674	9642
3691	8694
3691	9252
3694	9969
3723	9034
3733	7174
3733	8285
3733	8722
3733	9292
3746	6074
3746	6739
3781	9865
3782	5941
3782	9720
3782	9806
3790	8130
3799	3939
3799	7202
3799	7898
3799	9751
3809	8175
3809	9488
3809	9684
3855	7942
3855	8965
3855	9152
3855	9499
3855	9732
3882	4102
3882	5453
3912	5780
3921	9892
3931	438
3931	8763
3931	8954
3939	3560
3939	3799
3939	4639
3939	5994
3939	6703
3939	7151
3939	9358
3939	9549
3939	9636
3939	9857
3940	8130
3940	9112
3955	8763
3955	9887
3968	1472
3968	2172
3968	2174
3968	5146
3968	6127
3968	8052
3975	4639
3975	9587
3993	4883
3993	8066
3993	9260
4013	4960
4013	8168
4013	8175
4013	9034
4013	9103
4013	9192
4022	5142
4022	7385
4022	9769
4022	9987
4052	698
4052	5087
4052	5467
4052	7530
4052	7776
4052	8474
4052	8666
4052	8954
4052	9273
4052	9397
4070	7721
4070	8426
4070	8797
4070	9009
4085	1514
4097	2559
4097	6106
4097	7007
4097	7361
4102	3882
4102	4399
4102	5038
4102	5941
4102	6299
4102	7256
4102	7876
4102	7947
4102	8202
4102	9045
4105	5357
4105	5673
4105	6711
4105	9709
4158	7613
4158	9175
4158	9892
4178	4376
4178	8847
4178	9985
4186	9388
4186	9690
4200	6321
4200	8435
4200	8576
4200	9446
4205	7207
4205	9949
4229	8271
4229	8609
4229	9412
4235	6738
4235	9949
4242	7969
4242	8066
4242	9499
4242	9725
4242	9841
4245	6717
4269	2847
4269	3113
4269	6829
4269	8382
4275	7365
4275	9399
4275	9860
4280	5400
4280	9642
4324	6924
4324	9483
4324	9769
4328	7621
4328	8426
4328	8797
4353	5744
4353	9003
4353	9523
4358	1472
4358	1747
4358	2671
4358	3080
4358	6040
4358	7706
4358	8742
4358	8860
4358	9591
4376	4178
4376	5942
4376	7336
4376	8714
4376	9206
4376	9673
4378	6222
4378	7174
4378	7667
4378	9197
4380	6777
4380	8187
4380	9007
4399	1293
4399	2261
4399	4102
4399	6856
4399	9224
4399	9938
4409	9197
4409	9651
4409	9969
4426	93
4426	6421
4426	6717
4426	7093
4426	7137
4426	7706
4426	8576
4426	9446
4432	7279
4432	7287
4432	8379
4432	8696
4432	9544
4445	4697
4445	7977
4445	8213
4445	8663
4445	8938
4445	9660
4445	9949
4449	7770
4449	9957
4494	5780
4525	6456
4525	9783
4525	9860
4631	893
4631	5160
4631	8576
4631	9446
4638	7530
4638	9593
4638	9827
4638	9985
4639	3939
4639	3975
4639	9411
4639	9587
4639	9879
4639	9969
4642	2561
4642	9625
4642	9876
4648	9151
4648	9593
4655	9010
4655	9448
4657	4802
4669	7706
4669	8603
4669	8860
4669	9154
4669	9358
4669	9591
4669	9987
4676	8946
4676	9431
4678	9260
4678	9587
4681	8043
4681	8168
4681	8974
4681	9005
4681	9186
4681	9197
4681	9648
4683	4994
4683	7063
4683	7383
4685	3380
4697	4445
4697	9396
4711	5628
4711	6570
4711	9521
4711	9946
4740	3502
4740	5182
4740	7007
4740	7911
4740	9260
4755	3053
4755	8271
4755	9120
4755	9412
4802	4657
4802	4873
4802	5555
4802	8337
4802	8666
4805	6382
4812	2663
4812	8847
4812	9271
4812	9693
4812	9879
4833	7247
4841	6039
4841	6854
4841	9388
4841	9671
4858	6828
4858	8666
4858	9081
4858	9417
4873	4802
4877	6146
4877	8044
4877	9646
4877	9751
4877	9786
4883	3993
4883	7050
4883	7566
4883	8218
4885	5920
4885	8382
4893	5474
4893	7276
4905	6750
4905	7722
4905	8218
4905	9003
4905	9081
4905	9964
4910	8797
4910	9133
4938	3242
4938	9184
4938	9417
4938	9652
4960	2242
4960	4013
4960	6717
4960	7380
4960	7485
4960	8043
4994	144
4994	159
4994	2415
4994	4683
4994	7063
4994	7770
4994	7852
4994	8004
4994	9190
5008	8763
5010	1353
5010	5808
5010	6785
5010	8202
5010	8991
5010	9292
5038	4102
5038	5667
5038	9045
5038	9873
5038	9921
5038	9928
5043	807
5043	1956
5043	9203
5043	9243
5043	9793
5043	9827
5050	1183
5050	7050
5050	7386
5050	9003
5050	9260
5067	3124
5067	8202
5067	8696
5075	8847
5081	2392
5081	5088
5081	8411
5081	9252
5081	9938
5087	4052
5087	6424
5087	9892
5088	5081
5088	9120
5092	6785
5092	9067
5109	5961
5109	9397
5109	9684
5109	9909
5110	412
5110	7330
5110	9704
5112	7565
5112	8668
5112	9971
5121	5961
5121	6400
5121	6424
5121	8604
5121	9322
5121	9909
5140	2110
5140	5142
5140	6819
5140	6932
5140	8456
5141	2942
5141	6761
5141	8846
5141	9026
5141	9673
5141	9973
5142	4022
5142	5140
5142	7386
5146	3968
5146	5384
5154	6299
5160	4631
5160	6321
5160	6421
5160	7010
5160	8013
5160	8345
5160	8435
5160	8576
5160	9103
5160	9411
5160	9446
5160	9957
5168	9853
5168	9925
5182	4740
5182	5474
5182	8661
5182	9555
5186	3380
5186	8797
5194	8763
5194	9783
5194	9860
5196	8203
5196	9023
5196	9793
5199	6737
5199	9564
5236	5515
5236	7064
5236	9463
5245	9431
5255	5443
5255	9827
5262	8043
5262	9338
5262	9597
5262	9720
5262	9806
5274	6297
5274	6761
5274	8661
5305	545
5305	3318
5305	7287
5305	9760
5327	6241
5327	9081
5330	2217
5330	5573
5330	6924
5330	7744
5330	9003
5330	9483
5338	5941
5357	4105
5357	5780
5357	7287
5357	9899
5357	9915
5366	3518
5366	5644
5366	5844
5366	8773
5384	5146
5384	7247
5384	9415
5399	2110
5399	5473
5399	8157
5399	8271
5399	9412
5399	9564
5400	1514
5400	4280
5400	7879
5400	8714
5400	9206
5400	9431
5400	9673
5417	8520
5417	9112
5417	9418
5425	5543
5425	8214
5425	8474
5425	8946
5425	9671
5427	744
5427	3319
5427	5673
5427	8826
5427	9349
5427	9418
5427	9611
5433	1256
5442	8423
5442	9853
5442	9887
5443	2996
5443	5255
5443	6717
5443	9636
5453	3882
5453	5961
5453	6919
5467	4052
5467	7776
5467	8474
5467	9273
5467	9671
5467	9991
5473	5399
5473	7362
5473	8609
5473	9120
5473	9412
5474	1029
5474	4893
5474	5182
5474	6885
5474	6917
5474	8278
5474	8462
5474	8907
5484	3061
5484	9418
5484	9921
5484	9949
5515	2955
5515	5236
5515	6074
5515	9385
5515	9597
5531	7606
5531	8043
5531	8168
5531	8974
5531	9269
5531	9648
5543	5425
5543	7385
5543	8075
5543	9971
5543	9973
5543	9998
5548	8797
5552	9310
5553	8572
5553	8609
5553	9488
5553	9663
5555	1058
5555	4802
5555	8337
5564	1677
5564	3417
5564	7637
5564	8043
5564	9197
5564	9648
5573	5330
5573	5759
5573	9483
5594	9278
5609	9190
5609	9684
5613	6738
5613	8210
5622	2671
5622	7792
5622	9151
5622	9912
5628	4711
5628	7226
5628	7533
5628	9399
5628	9946
5644	5366
5644	6117
5644	6456
5644	9349
5644	9957
5652	308
5652	350
5652	2735
5652	5808
5652	6624
5652	7064
5652	8285
5652	8722
5652	9292
5660	7385
5660	9023
5664	7743
5664	8749
5664	9719
5664	9971
5666	7365
5666	8069
5666	9176
5666	9783
5667	5038
5667	7706
5667	9921
5673	52
5673	744
5673	4105
5673	5427
5673	8019
5673	8742
5673	9418
5673	9431
5677	8522
5677	8958
5678	2654
5678	6668
5678	6709
5678	7174
5678	9354
5678	9371
5678	9416
5678	9760
5704	8202
5704	9584
5736	8945
5737	2110
5737	8271
5737	8609
5737	9120
5737	9412
5744	4353
5744	8203
5744	9697
5755	2955
5755	3032
5755	6313
5755	8290
5755	9284
5755	9493
5759	5573
5759	8696
5759	9274
5777	7485
5777	7743
5777	9523
5780	2847
5780	3912
5780	4494
5780	5357
5780	6776
5780	7588
5780	7637
5780	8255
5780	8868
5780	9264
5781	6299
5781	8802
5781	9899
5808	5010
5808	5652
5808	6624
5808	8285
5808	8722
5812	9587
5812	9907
5812	9938
5815	6200
5815	9003
5815	9618
5815	9940
5832	6566
5840	347
5840	3601
5840	6056
5840	7281
5840	7385
5840	7874
5840	8128
5840	8150
5840	8233
5840	8317
5840	9587
5840	9865
5840	9969
5843	7606
5844	2592
5844	5366
5844	7053
5844	8605
5844	9284
5844	9863
5844	9888
5844	9940
5855	127
5855	1684
5855	2650
5855	5967
5855	6176
5855	7279
5855	7864
5855	8379
5855	8696
5855	8799
5855	9544
5859	6422
5859	7226
5859	9841
5902	8696
5902	9849
5904	8172
5920	551
5920	1196
5920	4885
5920	7803
5920	8799
5920	9385
5923	7606
5923	8382
5923	9953
5933	1966
5933	8876
5933	9274
5934	7031
5934	7083
5934	7162
5934	8945
5938	95
5938	6735
5938	9593
5941	308
5941	3782
5941	4102
5941	5338
5941	7633
5941	9530
5941	9720
5942	1937
5942	4376
5942	8202
5942	8629
5942	8713
5942	8991
5942	9663
5951	8474
5951	9400
5956	3383
5956	7670
5956	7869
5956	8911
5956	9070
5961	622
5961	2906
5961	2942
5961	5109
5961	5121
5961	5453
5961	7488
5961	8069
5961	8111
5961	9322
5961	9397
5961	9708
5961	9876
5961	9909
5967	5855
5967	7945
5973	9204
5973	9243
5979	3674
5992	6703
5992	7256
5992	7947
5992	8920
5992	9693
5994	1966
5994	3939
5994	6911
5994	8668
5994	8720
5994	8876
5994	8911
5994	9035
5994	9274
5994	9564
6015	9964
6039	3382
6039	4841
6039	7776
6039	9388
6039	9671
6040	4358
6040	8211
6040	8603
6040	8655
6040	9045
6040	9154
6040	9191
6043	8603
6043	9642
6056	347
6056	5840
6056	7012
6056	9587
6056	9593
6056	9879
6074	3746
6074	5515
6074	6785
6074	7016
6074	7463
6074	7769
6074	8591
6074	8958
6074	8992
6074	9067
6074	9385
6074	9587
6074	9597
6074	9985
6078	1661
6078	6176
6078	7279
6078	8379
6078	8423
6078	8492
6078	9544
6097	1514
6097	8333
6097	9720
6097	9806
6106	4097
6106	8595
6106	9754
6117	5644
6117	9281
6127	3968
6127	8482
6146	4877
6146	8572
6146	8773
6159	2011
6159	6400
6159	8435
6163	1179
6163	1256
6163	8095
6170	3545
6170	7770
6170	8471
6170	9857
6176	2399
6176	3318
6176	5855
6176	6078
6176	6852
6176	8379
6176	8492
6176	8696
6176	9544
6176	9593
6176	9873
6182	8763
6182	8954
6190	247
6190	7426
6200	516
6200	1058
6200	5815
6200	6598
6200	9697
6218	7822
6218	8043
6218	9269
6218	9648
6222	4378
6222	8128
6222	9176
6240	1256
6240	8255
6240	8876
6241	3502
6241	5327
6268	9499
6268	9593
6273	9045
6292	8727
6292	9853
6292	9887
6297	5274
6297	7533
6297	8073
6297	9616
6299	1234
6299	3265
6299	4102
6299	5154
6299	5781
6299	7218
6299	8333
6299	8686
6299	9576
6305	7207
6305	8472
6305	8640
6313	5755
6313	9284
6314	7207
6314	8203
6314	8472
6314	8640
6314	8714
6314	9652
6321	1929
6321	2592
6321	4200
6321	5160
6321	6421
6321	8576
6321	9446
6323	2110
6323	7539
6323	7715
6323	9686
6323	9865
6374	9144
6374	9938
6382	666
6382	2110
6382	3287
6382	4805
6382	6826
6382	6837
6382	8080
6382	9107
6382	9475
6382	9573
6393	6852
6393	8603
6393	9426
6393	9664
6393	9670
6400	622
6400	686
6400	1429
6400	1868
6400	5121
6400	6159
6400	7759
6400	7894
6400	8604
6400	9113
6400	9322
6400	9521
6400	9576
6400	9684
6400	9909
6406	8797
6406	9009
6406	9035
6406	9970
6409	6705
6411	6738
6421	3268
6421	4426
6421	5160
6421	6321
6421	8435
6421	9446
6422	5859
6422	7706
6422	8211
6422	8860
6422	9154
6422	9591
6424	5087
6424	5121
6424	6570
6424	7439
6424	8943
6424	9399
6424	9946
6444	1183
6444	6606
6444	6932
6444	9152
6444	9732
6456	3364
6456	4525
6456	5644
6456	7185
6456	9338
6456	9783
6456	9860
6456	9928
6457	8847
6460	7533
6460	9964
6489	7385
6489	7481
6489	8185
6489	8462
6489	9953
6489	9987
6517	9593
6519	9279
6519	9536
6519	9625
6536	9055
6536	9144
6557	9488
6566	3567
6566	5832
6566	8444
6566	8762
6566	9176
6566	9953
6570	2356
6570	4711
6570	6424
6570	8943
6570	9399
6570	9946
6598	263
6598	1058
6598	1105
6598	6200
6598	6737
6598	7314
6598	9697
6599	6917
6599	7018
6599	7053
6599	7169
6599	7361
6606	1576
6606	6444
6606	8965
6606	9152
6606	9732
6624	5652
6624	5808
6624	8285
6624	8722
6624	8965
6624	9292
6650	7256
6650	7947
6650	9010
6667	7474
6668	5678
6668	7930
6668	8227
6668	8938
6668	9957
6703	3939
6703	5992
6703	8345
6703	8713
6703	9358
6703	9549
6705	6409
6705	6903
6705	7050
6705	7894
6705	9003
6705	9887
6709	5678
6709	8920
6711	4105
6711	9218
6717	482
6717	4245
6717	4426
6717	4960
6717	5443
6717	7050
6717	7142
6735	5938
6735	7174
6735	7864
6735	8073
6735	8598
6735	9841
6735	9894
6737	5199
6737	6598
6737	9697
6738	1619
6738	2442
6738	2750
6738	2983
6738	4235
6738	5613
6738	6411
6738	6905
6738	7458
6738	8028
6738	8210
6738	8640
6739	3746
6739	6826
6739	8763
6739	8935
6739	9690
6750	4905
6750	7050
6750	8066
6750	8218
6750	9081
6761	5141
6761	5274
6761	7789
6761	9273
6764	347
6764	8044
6766	8663
6766	9593
6776	5780
6776	9563
6776	9849
6777	1256
6777	4380
6777	6823
6777	8187
6777	8435
6777	8662
6777	8905
6777	9849
6778	1105
6778	9186
6778	9928
6785	5010
6785	5092
6785	6074
6785	7016
6785	7820
6785	9385
6785	9461
6785	9597
6793	7565
6793	9593
6803	8080
6803	8609
6809	9593
6819	5140
6819	9446
6823	6777
6826	6382
6826	6739
6826	9573
6828	4858
6828	7943
6828	8876
6828	9417
6828	9971
6829	4269
6829	9899
6837	6382
6837	8157
6852	6176
6852	6393
6852	7137
6852	8213
6852	9426
6852	9664
6852	9670
6852	9915
6852	9957
6854	4841
6854	8474
6854	9273
6854	9388
6854	9417
6854	9671
6856	2261
6856	4399
6856	9938
6860	9067
6860	9998
6885	5474
6885	8504
6903	6705
6903	9256
6903	9796
6905	6738
6905	9056
6905	9652
6911	5994
6911	8802
6911	9203
6911	9793
6917	1967
6917	5474
6917	6599
6917	8883
6919	5453
6919	8013
6919	9237
6919	9388
6924	4324
6924	5330
6924	9483
6924	9853
6932	1183
6932	5140
6932	6444
6932	7822
6932	9152
6949	7942
6949	8883
6949	8938
7007	4097
7007	4740
7007	8345
7007	9587
7010	5160
7012	6056
7016	2592
7016	6074
7016	6785
7016	8591
7016	9273
7016	9385
7016	9597
7016	9953
7018	2996
7018	6599
7018	9252
7018	9646
7026	8797
7026	9946
7031	3242
7031	5934
7031	8456
7031	8945
7031	9660
7050	4883
7050	5050
7050	6705
7050	6717
7050	6750
7050	7976
7050	8418
7050	8824
7050	9003
7050	9670
7052	7281
7052	9338
7052	9415
7052	9841
7053	5844
7053	6599
7053	7121
7053	8170
7053	8605
7053	9004
7053	9987
7063	2415
7063	4683
7063	4994
7063	7383
7063	7770
7064	38
7064	5236
7064	5652
7083	1305
7083	1642
7083	2865
7083	2955
7083	5934
7083	7695
7083	8504
7083	9007
7083	9155
7083	9517
7083	9699
7083	9856
7083	9952
7093	4426
7093	9463
7093	9754
7093	9876
7108	7930
7108	9807
7110	7670
7110	8203
7110	9400
7110	9593
7110	9892
7113	2582
7113	9807
7121	7053
7121	8605
7121	8744
7121	9191
7129	7670
7137	4426
7137	6852
7137	7142
7137	9292
7137	9426
7137	9664
7137	9670
7142	1107
7142	6717
7142	7137
7142	9536
7151	3939
7151	9206
7151	9971
7153	2560
7153	7722
7156	9278
7156	9448
7156	9921
7162	5934
7162	7656
7162	8317
7162	9964
7163	7481
7169	2996
7169	6599
7169	9530
7174	1830
7174	2486
7174	3733
7174	4378
7174	5678
7174	6735
7174	8073
7174	8075
7174	8519
7174	8598
7174	9056
7174	9371
7174	9416
7174	9641
7174	9760
7174	9894
7174	9938
7177	3003
7177	7695
7177	7930
7177	7942
7177	8938
7179	8316
7179	9563
7179	9912
7185	545
7185	740
7185	1967
7185	6456
7185	7609
7185	9428
7202	3799
7207	4205
7207	6305
7207	6314
7207	7715
7207	8640
7207	9652
7207	9671
7207	9719
7207	9854
7207	9873
7218	6299
7218	8333
7218	9576
7226	5628
7226	5859
7230	9490
7233	8723
7233	9426
7233	9912
7233	9915
7233	9964
7241	947
7241	2942
7241	7770
7241	8188
7241	8846
7241	9004
7241	9278
7241	9463
7241	9973
7247	412
7247	652
7247	1196
7247	3350
7247	4833
7247	5384
7247	7539
7247	7556
7247	8722
7255	9191
7255	9591
7256	4102
7256	5992
7256	6650
7256	9045
7276	3383
7276	4893
7276	8172
7279	4432
7279	5855
7279	6078
7279	8028
7279	8492
7279	8696
7279	9544
7279	9879
7281	5840
7281	7052
7281	9338
7281	9413
7281	9415
7287	2080
7287	4432
7287	5305
7287	5357
7287	7609
7287	7864
7287	8227
7287	8954
7287	9648
7287	9760
7304	622
7304	3032
7304	7667
7304	9237
7314	6598
7314	7336
7314	7879
7314	8714
7314	9206
7314	9673
7326	7769
7326	8214
7329	2871
7329	3483
7329	3604
7329	8653
7329	9490
7329	9499
7329	9671
7329	9725
7329	9793
7329	9887
7330	3545
7330	5110
7330	8785
7330	9003
7330	9697
7331	7451
7331	7474
7331	9120
7331	9338
7331	9463
7336	4376
7336	7314
7336	7911
7336	9206
7347	740
7356	8603
7356	9873
7361	3502
7361	4097
7361	6599
7361	8213
7361	9396
7361	9431
7362	689
7362	5473
7362	8847
7365	1105
7365	2653
7365	4275
7365	5666
7365	9176
7365	9860
7377	7789
7377	7965
7377	8661
7377	9004
7377	9555
7377	9625
7380	4960
7380	8551
7383	842
7383	4683
7383	7063
7383	8210
7385	3205
7385	4022
7385	5543
7385	5660
7385	5840
7385	6489
7385	8185
7385	8279
7385	8720
7385	9987
7386	350
7386	2091
7386	5050
7386	5142
7386	9278
7395	1087
7395	7695
7395	8019
7395	8763
7395	9708
7416	8172
7416	8492
7416	9769
7416	9985
7426	6190
7426	8128
7426	8576
7426	9371
7439	6424
7439	7633
7439	8906
7448	9969
7451	38
7451	7331
7458	6738
7458	9760
7459	9969
7463	6074
7463	7770
7463	9284
7474	2395
7474	6667
7474	7331
7474	9171
7474	9337
7474	9879
7474	9912
7481	6489
7481	7163
7481	7725
7481	7800
7481	8720
7481	9023
7481	9611
7481	9697
7481	9987
7483	7885
7483	9278
7485	254
7485	4960
7485	5777
7485	8471
7485	9204
7488	5961
7488	8190
7488	8581
7488	8663
7488	9322
7514	7606
7514	9985
7530	4052
7530	4638
7530	7606
7530	9388
7530	9530
7530	9827
7530	9985
7533	698
7533	879
7533	5628
7533	6297
7533	6460
7533	8054
7533	8190
7533	9005
7533	9399
7533	9946
7533	9952
7539	6323
7539	7247
7539	9990
7556	7247
7556	9400
7556	9592
7565	5112
7565	6793
7565	8066
7565	9034
7565	9795
7566	3380
7566	4883
7566	8218
7566	8418
7566	8943
7566	9081
7566	9260
7566	9684
7588	5780
7588	7817
7588	8255
7588	8868
7588	9709
7588	9899
7606	545
7606	5531
7606	5843
7606	5923
7606	7514
7606	7530
7606	8100
7606	9081
7606	9243
7606	9985
7607	8551
7607	9593
7609	7185
7609	7287
7609	9461
7613	4158
7613	8218
7613	8271
7613	8742
7621	4328
7621	7721
7621	8426
7621	8797
7621	9009
7621	9973
7633	2392
7633	5941
7633	7439
7633	7879
7637	5564
7637	5780
7637	8946
7637	9431
7656	7162
7656	8317
7656	8330
7656	8423
7667	4378
7667	7304
7667	9237
7670	2091
7670	2561
7670	3024
7670	5956
7670	7110
7670	7129
7670	7869
7670	8186
7670	8482
7670	8490
7670	8581
7670	9070
7670	9218
7670	9670
7692	1353
7692	8945
7695	7083
7695	7177
7695	7395
7695	8504
7695	9155
7695	9517
7695	9699
7695	9915
7695	9952
7704	7885
7704	8028
7704	8723
7704	8797
7706	4358
7706	4426
7706	4669
7706	5667
7706	6422
7706	7947
7706	8603
7706	8860
7706	9154
7706	9500
7706	9591
7715	6323
7715	7207
7715	8763
7721	4070
7721	7621
7721	8797
7721	9007
7721	9009
7721	9592
7722	1132
7722	4905
7722	7153
7722	9641
7725	7481
7725	8307
7725	8686
7743	1937
7743	5664
7743	5777
7743	8551
7743	8668
7743	8943
7743	9133
7743	9719
7743	9751
7743	9971
7744	5330
7744	8519
7744	9880
7745	7976
7745	9023
7745	9045
7749	8214
7749	8345
7749	9673
7759	6400
7759	8227
7759	8742
7759	9418
7759	9879
7769	6074
7769	7326
7769	8490
7769	9026
7770	2415
7770	4449
7770	4994
7770	6170
7770	7063
7770	7241
7770	7463
7776	4052
7776	5467
7776	6039
7776	9380
7776	9671
7789	6761
7789	7377
7789	8661
7789	8713
7789	9555
7789	9625
7792	5622
7800	7481
7800	8202
7800	8720
7800	9022
7800	9023
7800	9769
7800	9987
7803	5920
7803	7864
7803	8382
7803	8799
7803	9265
7803	9699
7803	9919
7817	7588
7817	8227
7817	8868
7817	9081
7817	9709
7817	9899
7818	9010
7818	9066
7818	9186
7818	9938
7820	6785
7820	8333
7822	6218
7822	6932
7822	8043
7822	8974
7822	9197
7822	9648
7822	9827
7848	8605
7848	9719
7848	9751
7852	4994
7852	8043
7854	3601
7854	8150
7854	9587
7854	9618
7854	9879
7864	5855
7864	6735
7864	7287
7864	7803
7864	9371
7864	9760
7864	9894
7869	5956
7869	7670
7869	8186
7869	8911
7869	9070
7869	9530
7874	5840
7874	7930
7874	9056
7874	9411
7874	9879
7876	812
7876	4102
7876	7947
7876	9045
7876	9284
7879	1824
7879	5400
7879	7314
7879	7633
7879	8504
7879	8714
7879	9206
7879	9673
7879	9704
7885	7483
7885	7704
7885	8846
7885	9004
7885	9026
7885	9278
7885	9973
7894	6400
7894	6705
7894	8190
7894	8211
7898	3246
7898	3799
7898	9114
7911	3502
7911	4740
7911	7336
7911	9264
7930	812
7930	1472
7930	3227
7930	6668
7930	7108
7930	7177
7930	7874
7930	7942
7930	8938
7942	1956
7942	3855
7942	6949
7942	7177
7942	7930
7943	2417
7943	6828
7943	8462
7945	5967
7945	9969
7947	682
7947	4102
7947	5992
7947	6650
7947	7706
7947	7876
7947	8920
7947	9045
7947	9921
7965	2524
7965	7377
7965	8927
7965	9555
7969	1966
7969	4242
7969	9991
7976	7050
7976	7745
7976	8203
7976	9616
7977	4445
7977	9396
8004	4994
8004	8935
8013	2486
8013	5160
8013	6919
8013	8474
8019	5673
8019	7395
8019	9873
8028	26
8028	6738
8028	7279
8028	7704
8043	4681
8043	4960
8043	5262
8043	5531
8043	5564
8043	6218
8043	7822
8043	7852
8043	9010
8043	9197
8043	9499
8043	9648
8044	4877
8044	6764
8044	8773
8044	9751
8052	2174
8052	3968
8054	7533
8054	9754
8066	561
8066	2270
8066	3993
8066	4242
8066	6750
8066	7565
8066	8095
8066	8418
8066	8824
8066	9003
8066	9081
8066	9256
8066	9260
8066	9530
8069	622
8069	2399
8069	5666
8069	5961
8069	8444
8069	8604
8069	9243
8069	9322
8069	9397
8069	9684
8069	9841
8069	9909
8069	9987
8073	3318
8073	6297
8073	6735
8073	7174
8073	8598
8073	9371
8073	9760
8073	9894
8075	5543
8075	7174
8075	9806
8080	6382
8080	6803
8080	9573
8095	3380
8095	6163
8095	8066
8095	8802
8095	8824
8095	9003
8095	9081
8095	9260
8095	9940
8098	254
8100	3674
8100	7606
8100	8655
8100	8720
8100	9175
8100	9388
8100	9613
8111	5961
8128	5840
8128	6222
8128	7426
8128	8639
8128	8775
8128	8927
8128	9176
8128	9547
8130	3790
8130	3940
8130	8722
8133	8965
8133	9055
8133	9399
8133	9946
8150	3601
8150	5840
8150	7854
8150	9310
8150	9411
8150	9587
8157	3318
8157	5399
8157	6837
8168	4013
8168	4681
8168	5531
8168	8175
8168	8905
8168	9103
8168	9192
8170	7053
8170	8605
8170	9670
8172	1105
8172	2596
8172	5904
8172	7276
8172	7416
8172	9446
8172	9641
8175	3809
8175	4013
8175	8168
8175	8418
8175	9103
8175	9192
8175	9555
8179	3502
8179	9925
8179	9928
8179	9990
8185	6489
8185	7385
8185	9023
8185	9769
8185	9863
8186	7670
8186	7869
8186	8911
8186	9070
8186	9952
8187	4380
8187	6777
8187	8905
8188	7241
8188	8591
8188	9641
8190	7488
8190	7533
8190	7894
8190	9970
8202	4102
8202	5010
8202	5067
8202	5704
8202	5942
8202	7800
8203	506
8203	516
8203	1894
8203	2375
8203	2565
8203	5196
8203	5744
8203	6314
8203	7110
8203	7976
8203	9697
8203	9879
8210	2983
8210	5613
8210	6738
8210	7383
8211	1251
8211	6040
8211	6422
8211	7894
8211	8860
8211	8945
8211	9154
8211	9591
8213	4445
8213	6852
8213	7361
8213	9260
8213	9953
8214	1132
8214	1318
8214	5425
8214	7326
8214	7749
8214	9793
8218	2906
8218	3380
8218	4883
8218	4905
8218	6750
8218	7566
8218	7613
8227	6668
8227	7287
8227	7759
8227	7817
8227	8598
8227	9371
8227	9760
8227	9894
8233	5840
8233	9034
8233	9854
8255	153
8255	5780
8255	6240
8255	7588
8255	9592
8255	9899
8271	3053
8271	4229
8271	4755
8271	5399
8271	5737
8271	7613
8271	8609
8271	9412
8278	5474
8278	8520
8278	9863
8279	7385
8279	8883
8279	9396
8285	3733
8285	5652
8285	5808
8285	6624
8285	8722
8285	9292
8285	9925
8290	3161
8290	5755
8290	9284
8290	9493
8307	2415
8307	2955
8307	7725
8307	9067
8307	9597
8316	95
8316	3565
8316	7179
8316	9563
8317	5840
8317	7162
8317	7656
8317	9919
8330	7656
8330	9252
8330	9925
8333	6097
8333	6299
8333	7218
8333	7820
8333	8686
8333	9184
8333	9576
8337	4802
8337	5555
8345	5160
8345	6703
8345	7007
8345	7749
8358	9853
8379	4432
8379	5855
8379	6078
8379	6176
8379	8492
8379	8696
8379	9544
8382	4269
8382	4885
8382	5923
8382	7803
8382	8799
8411	5081
8418	7050
8418	7566
8418	8066
8418	8175
8418	8824
8418	9003
8418	9081
8423	2559
8423	5442
8423	6078
8423	7656
8426	4070
8426	4328
8426	7621
8426	8797
8426	9009
8435	689
8435	893
8435	1929
8435	3319
8435	4200
8435	5160
8435	6159
8435	6421
8435	6777
8435	8576
8435	9446
8435	9949
8444	6566
8444	8069
8456	3242
8456	5140
8456	7031
8456	8945
8456	9252
8456	9660
8456	9888
8462	1393
8462	3242
8462	5474
8462	6489
8462	7943
8462	8907
8462	9152
8462	9795
8471	3545
8471	6170
8471	7485
8471	8824
8471	9184
8472	3003
8472	6305
8472	6314
8472	8722
8472	9652
8474	698
8474	3382
8474	4052
8474	5425
8474	5467
8474	5951
8474	6854
8474	8013
8474	8846
8474	9310
8474	9388
8474	9671
8482	6127
8482	7670
8490	7670
8490	7769
8490	9826
8492	6078
8492	6176
8492	7279
8492	7416
8492	8379
8492	8696
8492	9448
8492	9544
8492	9686
8504	1087
8504	6885
8504	7083
8504	7695
8504	7879
8504	9154
8504	9155
8504	9517
8504	9699
8504	9952
8511	8883
8511	9593
8519	7174
8519	7744
8519	9880
8520	622
8520	5417
8520	8278
8520	8742
8520	8847
8520	9322
8520	9704
8522	5677
8522	9070
8522	9475
8522	9826
8522	9879
8538	3502
8538	9925
8538	9928
8551	1576
8551	7380
8551	7607
8551	7743
8568	2996
8568	9218
8572	5553
8572	6146
8572	9426
8572	9488
8576	93
8576	2592
8576	3319
8576	4200
8576	4426
8576	4631
8576	5160
8576	6321
8576	7426
8576	8435
8576	9023
8576	9446
8576	9819
8581	7488
8581	7670
8591	6074
8591	7016
8591	8188
8591	9067
8591	9385
8591	9953
8595	6106
8595	9575
8595	9699
8595	9985
8598	1830
8598	3318
8598	6735
8598	7174
8598	8073
8598	8227
8598	9416
8598	9488
8598	9670
8598	9760
8598	9894
8603	1251
8603	2025
8603	4669
8603	6040
8603	6043
8603	6393
8603	7356
8603	7706
8603	9154
8603	9591
8604	1868
8604	5121
8604	6400
8604	8069
8604	9397
8604	9591
8604	9684
8604	9854
8604	9909
8605	5844
8605	7053
8605	7121
8605	7848
8605	8170
8605	8744
8605	9888
8609	2110
8609	3053
8609	4229
8609	5473
8609	5553
8609	5737
8609	6803
8609	8271
8609	9120
8609	9412
8609	9796
8629	5942
8629	8991
8629	9120
8629	9663
8629	9949
8639	8128
8639	9413
8640	2146
8640	2560
8640	6305
8640	6314
8640	6738
8640	7207
8640	9587
8640	9652
8640	9991
8653	144
8653	3604
8653	7329
8653	9490
8653	9725
8653	9760
8655	95
8655	2582
8655	6040
8655	8100
8655	8799
8655	8992
8655	9175
8655	9613
8661	2524
8661	5182
8661	5274
8661	7377
8661	7789
8661	9536
8661	9555
8661	9625
8662	6777
8663	4445
8663	6766
8663	7488
8666	4052
8666	4802
8666	4858
8666	9152
8668	3268
8668	5112
8668	5994
8668	7743
8668	8749
8668	9461
8668	9651
8668	9719
8668	9971
8674	9151
8674	9380
8674	9500
8674	9894
8684	3674
8684	9175
8684	9613
8686	6299
8686	7725
8686	8333
8686	8961
8686	9114
8686	9576
8694	3691
8694	9704
8694	9732
8694	9940
8696	2113
8696	4432
8696	5067
8696	5759
8696	5855
8696	5902
8696	6176
8696	7279
8696	8379
8696	8492
8696	9544
8713	1532
8713	5942
8713	6703
8713	7789
8713	9337
8713	9663
8713	9991
8714	3227
8714	4376
8714	5400
8714	6314
8714	7314
8714	7879
8714	9673
8720	5994
8720	7385
8720	7481
8720	7800
8720	8100
8720	8846
8720	8905
8720	9023
8720	9769
8720	9987
8722	350
8722	2146
8722	2735
8722	3733
8722	5652
8722	5808
8722	6624
8722	7247
8722	8130
8722	8285
8722	8472
8722	9292
8723	7233
8723	7704
8723	8965
8723	9337
8723	9417
8723	9915
8723	9964
8727	32
8727	6292
8727	9252
8727	9887
8742	4358
8742	5673
8742	7613
8742	7759
8742	8520
8742	9418
8742	9493
8744	7121
8744	8605
8744	8823
8744	9888
8749	1937
8749	5664
8749	8668
8749	8974
8749	9719
8749	9971
8762	2110
8762	6566
8762	9371
8763	438
8763	841
8763	1087
8763	2376
8763	2561
8763	3420
8763	3931
8763	3955
8763	5008
8763	5194
8763	6182
8763	6739
8763	7395
8763	7715
8763	9488
8763	9793
8763	9880
8773	3518
8773	5366
8773	6146
8773	8044
8773	8906
8773	9349
8773	9957
8775	8128
8775	9928
8785	652
8785	3350
8785	7330
8785	9990
8797	153
8797	1254
8797	1589
8797	2776
8797	3161
8797	4070
8797	4328
8797	4910
8797	5186
8797	5548
8797	6406
8797	7026
8797	7621
8797	7704
8797	7721
8797	8426
8797	8907
8797	9009
8797	9593
8799	5855
8799	5920
8799	7803
8799	8382
8799	8655
8799	9269
8802	5781
8802	6911
8802	8095
8802	9648
8802	9793
8823	347
8823	8744
8823	9907
8824	7050
8824	8066
8824	8095
8824	8418
8824	8471
8824	9003
8824	9081
8824	9260
8824	9500
8826	5427
8826	9616
8826	9919
8846	2582
8846	2996
8846	5141
8846	7241
8846	7885
8846	8474
8846	8720
8846	9004
8846	9026
8846	9973
8847	2556
8847	4178
8847	4812
8847	5075
8847	6457
8847	7362
8847	8520
8847	9252
8847	9783
8847	9807
8860	1472
8860	2025
8860	4358
8860	4669
8860	6422
8860	7706
8860	8211
8860	9591
8860	9795
8868	5780
8868	7588
8868	7817
8868	9709
8868	9899
8876	1966
8876	5933
8876	5994
8876	6240
8876	6828
8876	9035
8876	9274
8876	9863
8883	6917
8883	6949
8883	8279
8883	8511
8905	1256
8905	6777
8905	8168
8905	8187
8905	8720
8905	9426
8906	3382
8906	7439
8906	8773
8907	1393
8907	1967
8907	5474
8907	8462
8907	8797
8911	2561
8911	3383
8911	5956
8911	5994
8911	7869
8911	8186
8911	8935
8911	9070
8911	9732
8920	5992
8920	6709
8920	7947
8920	9045
8920	9418
8920	9827
8926	9278
8926	9709
8926	9899
8927	7965
8927	8128
8927	9176
8927	9547
8935	6739
8935	8004
8935	8911
8935	9690
8938	4445
8938	6668
8938	6949
8938	7177
8938	7930
8938	9197
8938	9991
8943	879
8943	6424
8943	6570
8943	7566
8943	7743
8943	9946
8945	3242
8945	5736
8945	5934
8945	7031
8945	7692
8945	8211
8945	8456
8945	9003
8945	9998
8946	4676
8946	5425
8946	7637
8946	9023
8946	9431
8949	2654
8949	2735
8954	2376
8954	3420
8954	3931
8954	4052
8954	6182
8954	7287
8954	9112
8958	5677
8958	6074
8958	9284
8958	9517
8961	8686
8961	9949
8961	9990
8965	124
8965	1183
8965	3569
8965	3855
8965	6606
8965	6624
8965	8133
8965	8723
8965	9152
8965	9281
8965	9732
8965	9998
8974	93
8974	4681
8974	5531
8974	7822
8974	8749
8974	9197
8974	9269
8974	9796
8991	93
8991	2612
8991	5010
8991	5942
8991	8629
8991	9281
8991	9663
8991	9991
8992	1514
8992	6074
8992	8655
9003	3380
9003	4353
9003	4905
9003	5050
9003	5330
9003	5815
9003	6705
9003	7050
9003	7330
9003	8066
9003	8095
9003	8418
9003	8824
9003	8945
9003	9055
9003	9260
9003	9292
9003	9399
9003	9573
9003	9967
9004	7053
9004	7241
9004	7377
9004	7885
9004	8846
9004	9026
9004	9243
9004	9278
9004	9413
9004	9973
9005	693
9005	3061
9005	4681
9005	7533
9005	9388
9005	9876
9005	9949
9005	9991
9007	4380
9007	7083
9007	7721
9007	9055
9009	1254
9009	4070
9009	6406
9009	7621
9009	7721
9009	8426
9009	8797
9009	9026
9009	9753
9009	9807
9009	9857
9010	1989
9010	4655
9010	6650
9010	7818
9010	8043
9010	9066
9010	9186
9010	9786
9022	7800
9022	9265
9022	9399
9022	9564
9022	9592
9023	3427
9023	5196
9023	5660
9023	7481
9023	7745
9023	7800
9023	8185
9023	8576
9023	8720
9023	8946
9023	9151
9023	9769
9023	9971
9023	9987
9026	947
9026	1931
9026	3601
9026	5141
9026	7769
9026	7885
9026	8846
9026	9004
9026	9009
9026	9271
9026	9278
9026	9973
9034	482
9034	3243
9034	3723
9034	4013
9034	7565
9034	8233
9034	9420
9034	9488
9035	5994
9035	6406
9035	8876
9035	9081
9035	9274
9045	878
9045	4102
9045	5038
9045	6040
9045	6273
9045	7256
9045	7745
9045	7876
9045	7947
9045	8920
9045	9921
9045	9970
9055	26
9055	6536
9055	8133
9055	9003
9055	9007
9055	9144
9056	3037
9056	6905
9056	7174
9056	7874
9066	2596
9066	7818
9066	9010
9066	9186
9067	1532
9067	5092
9067	6074
9067	6860
9067	8307
9067	8591
9067	9876
9067	9953
9070	5956
9070	7670
9070	7869
9070	8186
9070	8522
9070	8911
9070	9651
9070	9873
9070	9987
9081	1231
9081	4858
9081	4905
9081	5327
9081	6750
9081	7566
9081	7606
9081	7817
9081	8066
9081	8095
9081	8418
9081	8824
9081	9035
9081	9260
9086	1256
9086	9907
9086	9985
9103	4013
9103	5160
9103	8168
9103	8175
9103	9192
9103	9340
9103	9363
9107	1824
9107	3227
9107	6382
9107	9397
9107	9573
9107	9576
9107	9697
9110	9177
9110	9380
9110	9440
9110	9509
9112	3940
9112	5417
9112	8954
9112	9380
9113	6400
9114	744
9114	7898
9114	8686
9120	946
9120	2110
9120	3053
9120	4755
9120	5088
9120	5473
9120	5737
9120	7331
9120	8609
9120	8629
9120	9412
9133	4910
9133	7743
9133	9197
9144	2955
9144	6374
9144	6536
9144	9055
9151	144
9151	2011
9151	2353
9151	2671
9151	2697
9151	3255
9151	4648
9151	5622
9151	8674
9151	9023
9151	9795
9152	3855
9152	6444
9152	6606
9152	6932
9152	8462
9152	8666
9152	8965
9152	9732
9152	9807
9152	9860
9154	1251
9154	1254
9154	1472
9154	2025
9154	4669
9154	6040
9154	6422
9154	7706
9154	8211
9154	8504
9154	8603
9154	9500
9154	9591
9155	2865
9155	7083
9155	7695
9155	8504
9155	9517
9155	9699
9155	9952
9171	7474
9175	3674
9175	4158
9175	8100
9175	8655
9175	8684
9175	9224
9175	9463
9175	9613
9176	5666
9176	6222
9176	6566
9176	7365
9176	8128
9176	8927
9176	9547
9176	9856
9177	9110
9177	9380
9177	9509
9177	9754
9177	9919
9177	9967
9177	9969
9184	3545
9184	4938
9184	8333
9184	8471
9184	9971
9186	1830
9186	4681
9186	6778
9186	7818
9186	9010
9186	9066
9186	9704
9186	9754
9186	9786
9190	4994
9190	5609
9190	9192
9191	6040
9191	7121
9191	7255
9191	9340
9192	38
9192	4013
9192	8168
9192	8175
9192	9103
9192	9190
9192	9793
9197	1029
9197	1677
9197	4378
9197	4409
9197	4681
9197	5564
9197	7822
9197	8043
9197	8938
9197	8974
9197	9133
9197	9269
9197	9648
9203	5043
9203	6911
9203	9969
9204	5973
9204	7485
9204	9428
9206	2025
9206	4376
9206	5400
9206	7151
9206	7314
9206	7336
9206	7879
9206	9673
9218	879
9218	6711
9218	7670
9218	8568
9218	9521
9224	4399
9224	9175
9224	9892
9237	3032
9237	6919
9237	7304
9237	7667
9243	2850
9243	5043
9243	5973
9243	7606
9243	8069
9243	9004
9243	9664
9243	9827
9243	9985
9252	38
9252	2697
9252	3691
9252	5081
9252	7018
9252	8330
9252	8456
9252	8727
9252	8847
9252	9397
9252	9826
9252	9873
9256	6903
9256	8066
9260	3993
9260	4678
9260	4740
9260	5050
9260	7566
9260	8066
9260	8095
9260	8213
9260	8824
9260	9003
9260	9081
9260	9440
9264	5780
9264	7911
9265	7803
9265	9022
9265	9388
9265	9426
9265	9564
9265	9636
9265	9841
9269	1677
9269	5531
9269	6218
9269	8799
9269	8974
9269	9197
9271	4812
9271	9026
9271	9278
9271	9642
9273	698
9273	3382
9273	4052
9273	5467
9273	6761
9273	6854
9273	7016
9273	9388
9273	9671
9274	1966
9274	5759
9274	5933
9274	5994
9274	8876
9274	9035
9278	947
9278	2524
9278	2582
9278	5594
9278	7156
9278	7241
9278	7386
9278	7483
9278	7885
9278	8926
9278	9004
9278	9026
9278	9271
9278	9973
9279	744
9279	6519
9279	9536
9279	9795
9279	9907
9281	2392
9281	6117
9281	8965
9281	8991
9284	5755
9284	5844
9284	6313
9284	7463
9284	7876
9284	8290
9284	8958
9284	9493
9292	2146
9292	2735
9292	2847
9292	3246
9292	3733
9292	5010
9292	5652
9292	6624
9292	7137
9292	8285
9292	8722
9292	9003
9310	5552
9310	8150
9310	8474
9310	9616
9322	5121
9322	5961
9322	6400
9322	7488
9322	8069
9322	8520
9322	9397
9322	9909
9337	7474
9337	8713
9337	8723
9337	9371
9338	25
9338	5262
9338	6456
9338	7052
9338	7281
9338	7331
9338	9415
9340	9103
9340	9191
9340	9461
9349	5427
9349	5644
9349	8773
9349	9849
9349	9957
9354	5678
9358	3939
9358	4669
9358	6703
9358	9549
9358	9636
9358	9720
9358	9857
9363	9103
9363	9575
9363	9967
9371	2565
9371	5678
9371	7174
9371	7426
9371	7864
9371	8073
9371	8227
9371	8762
9371	9337
9371	9416
9371	9760
9371	9894
9380	7776
9380	8674
9380	9110
9380	9112
9380	9177
9380	9440
9380	9488
9380	9509
9380	9919
9380	9967
9385	1532
9385	2955
9385	5515
9385	5920
9385	6074
9385	6785
9385	7016
9385	8591
9385	9576
9385	9597
9385	9708
9385	9953
9388	1824
9388	4186
9388	4841
9388	6039
9388	6854
9388	6919
9388	7530
9388	8100
9388	8474
9388	9005
9388	9265
9388	9273
9388	9973
9396	1966
9396	4697
9396	7361
9396	7977
9396	8279
9397	4052
9397	5109
9397	5961
9397	8069
9397	8604
9397	9107
9397	9252
9397	9322
9397	9684
9399	2356
9399	4275
9399	5628
9399	6424
9399	6570
9399	7533
9399	8133
9399	9003
9399	9022
9399	9946
9400	2417
9400	5951
9400	7110
9400	7556
9400	9892
9411	1989
9411	4639
9411	5160
9411	7874
9411	8150
9411	9587
9411	9879
9412	4229
9412	4755
9412	5399
9412	5473
9412	5737
9412	8271
9412	8609
9412	9120
9413	7281
9413	8639
9413	9004
9413	9879
9415	52
9415	5384
9415	7052
9415	7281
9415	9338
9416	2080
9416	5678
9416	7174
9416	8598
9416	9371
9416	9493
9416	9894
9416	9899
9417	4858
9417	4938
9417	6828
9417	6854
9417	8723
9418	744
9418	5417
9418	5427
9418	5484
9418	5673
9418	7759
9418	8742
9418	8920
9420	2442
9420	2750
9420	9034
9420	9732
9426	6393
9426	6852
9426	7137
9426	7233
9426	8572
9426	8905
9426	9265
9426	9664
9426	9670
9428	545
9428	7185
9428	9204
9428	9826
9428	9853
9431	3370
9431	4676
9431	5245
9431	5400
9431	5673
9431	7361
9431	7637
9431	8946
9440	9110
9440	9260
9440	9380
9440	9509
9440	9967
9446	93
9446	893
9446	1929
9446	2356
9446	2592
9446	3268
9446	3319
9446	4200
9446	4426
9446	4631
9446	5160
9446	6321
9446	6421
9446	6819
9446	8172
9446	8435
9446	8576
9448	1966
9448	4655
9448	7156
9448	8492
9448	9953
9461	159
9461	6785
9461	7609
9461	8668
9461	9340
9461	9564
9461	9719
9463	38
9463	5236
9463	7093
9463	7241
9463	7331
9463	9175
9475	6382
9475	8522
9475	9490
9483	2217
9483	4324
9483	5330
9483	5573
9483	6924
9488	758
9488	3809
9488	5553
9488	6557
9488	8572
9488	8598
9488	8763
9488	9034
9488	9380
9488	9819
9490	2561
9490	7230
9490	7329
9490	8653
9490	9475
9490	9499
9490	9725
9490	9783
9490	9925
9493	5755
9493	8290
9493	8742
9493	9284
9493	9416
9493	9969
9493	9991
9499	2216
9499	3604
9499	3855
9499	4242
9499	6268
9499	7329
9499	8043
9499	9490
9499	9725
9500	7706
9500	8674
9500	8824
9500	9154
9500	9521
9500	9664
9509	9110
9509	9177
9509	9380
9509	9440
9509	9919
9509	9967
9517	2865
9517	7083
9517	7695
9517	8504
9517	8958
9517	9155
9517	9699
9517	9952
9521	4711
9521	6400
9521	9218
9521	9500
9521	9796
9523	2560
9523	4353
9523	5777
9530	5941
9530	7169
9530	7530
9530	7869
9530	8066
9530	9806
9530	9938
9536	6519
9536	7142
9536	8661
9536	9279
9544	2113
9544	3417
9544	4432
9544	5855
9544	6078
9544	6176
9544	7279
9544	8379
9544	8492
9544	8696
9544	9646
9547	8128
9547	8927
9547	9176
9547	9555
9549	3420
9549	3939
9549	6703
9549	9358
9549	9636
9549	9857
9555	3246
9555	5182
9555	7377
9555	7789
9555	7965
9555	8175
9555	8661
9555	9547
9555	9625
9563	3565
9563	6776
9563	7179
9563	8316
9563	9857
9564	5199
9564	5399
9564	5994
9564	9022
9564	9265
9564	9461
9564	9887
9573	6382
9573	6826
9573	8080
9573	9003
9573	9107
9573	9720
9575	2955
9575	8595
9575	9363
9575	9597
9575	9754
9575	9876
9576	2556
9576	6299
9576	6400
9576	7218
9576	8333
9576	8686
9576	9107
9576	9385
9584	2560
9584	5704
9587	347
9587	2850
9587	3975
9587	4639
9587	4678
9587	5812
9587	5840
9587	6056
9587	6074
9587	7007
9587	7854
9587	8150
9587	8640
9587	9411
9587	9751
9587	9826
9587	9879
9591	1251
9591	1472
9591	2025
9591	4358
9591	4669
9591	6422
9591	7255
9591	7706
9591	8211
9591	8603
9591	8604
9591	8860
9591	9154
9591	9909
9592	254
9592	3560
9592	7556
9592	7721
9592	8255
9592	9022
9593	4638
9593	4648
9593	5938
9593	6056
9593	6176
9593	6268
9593	6517
9593	6766
9593	6793
9593	6809
9593	7110
9593	7607
9593	8511
9593	8797
9597	2955
9597	5262
9597	5515
9597	6074
9597	6785
9597	7016
9597	8307
9597	9385
9597	9575
9597	9953
9611	5427
9611	7481
9611	9925
9613	8100
9613	8655
9613	8684
9613	9175
9613	9671
9613	9971
9616	6297
9616	7976
9616	8826
9616	9310
9616	9704
9616	9769
9618	1429
9618	5815
9618	7854
9625	2524
9625	4642
9625	6519
9625	7377
9625	7789
9625	8661
9625	9555
9636	3939
9636	5443
9636	9265
9636	9358
9636	9549
9636	9857
9641	7174
9641	7722
9641	8172
9641	8188
9642	3674
9642	4280
9642	6043
9642	9271
9646	561
9646	4877
9646	7018
9646	9544
9648	4681
9648	5531
9648	5564
9648	6218
9648	7287
9648	7822
9648	8043
9648	8802
9648	9197
9651	4409
9651	8668
9651	9070
9651	9969
9652	4938
9652	6314
9652	6905
9652	7207
9652	8472
9652	8640
9652	9783
9660	1353
9660	2850
9660	3242
9660	4445
9660	7031
9660	8456
9663	5553
9663	5942
9663	8629
9663	8713
9663	8991
9664	6393
9664	6852
9664	7137
9664	9243
9664	9426
9664	9500
9664	9670
9664	9970
9670	6393
9670	6852
9670	7050
9670	7137
9670	7670
9670	8170
9670	8598
9670	9426
9670	9664
9671	698
9671	1824
9671	3382
9671	4841
9671	5425
9671	5467
9671	6039
9671	6854
9671	7207
9671	7329
9671	7776
9671	8474
9671	9273
9671	9613
9671	9783
9671	9915
9673	4376
9673	5141
9673	5400
9673	7314
9673	7749
9673	7879
9673	8714
9673	9206
9673	9865
9684	622
9684	1868
9684	1894
9684	2399
9684	3565
9684	3569
9684	3809
9684	5109
9684	5609
9684	6400
9684	7566
9684	8069
9684	8604
9684	9397
9684	9873
9684	9909
9686	6323
9686	8492
9686	9865
9690	4186
9690	6739
9690	8935
9690	9865
9693	3205
9693	4812
9693	5992
9693	9857
9697	506
9697	1058
9697	5744
9697	6200
9697	6598
9697	6737
9697	7330
9697	7481
9697	8203
9697	9107
9699	95
9699	7083
9699	7695
9699	7803
9699	8504
9699	8595
9699	9155
9699	9517
9699	9952
9704	5110
9704	7879
9704	8520
9704	8694
9704	9186
9704	9616
9708	5961
9708	7395
9708	9385
9709	2847
9709	4105
9709	7588
9709	7817
9709	8868
9709	8926
9709	9899
9719	1937
9719	2565
9719	5664
9719	7207
9719	7743
9719	7848
9719	8668
9719	8749
9719	9461
9719	9826
9719	9940
9719	9971
9720	2871
9720	3782
9720	5262
9720	5941
9720	6097
9720	9358
9720	9573
9720	9806
9725	4242
9725	7329
9725	8653
9725	9490
9725	9499
9725	9853
9732	1576
9732	3855
9732	6444
9732	6606
9732	8694
9732	8911
9732	8965
9732	9152
9732	9420
9751	1179
9751	3799
9751	4877
9751	7743
9751	7848
9751	8044
9751	9587
9753	152
9753	1966
9753	2612
9753	9009
9754	6106
9754	7093
9754	8054
9754	9177
9754	9186
9754	9575
9754	9876
9760	1830
9760	3318
9760	5305
9760	5678
9760	7174
9760	7287
9760	7458
9760	7864
9760	8073
9760	8227
9760	8598
9760	8653
9760	9371
9760	9894
9769	1727
9769	4022
9769	4324
9769	7416
9769	7800
9769	8185
9769	8720
9769	9023
9769	9616
9769	9987
9783	1105
9783	3364
9783	4525
9783	5194
9783	5666
9783	6456
9783	8847
9783	9490
9783	9652
9783	9671
9783	9860
9783	9912
9786	4877
9786	9010
9786	9186
9793	2735
9793	5043
9793	5196
9793	6911
9793	7329
9793	8214
9793	8763
9793	8802
9793	9192
9795	3282
9795	7565
9795	8462
9795	8860
9795	9151
9795	9279
9796	6903
9796	8609
9796	8974
9796	9521
9806	879
9806	3782
9806	5262
9806	6097
9806	8075
9806	9530
9806	9720
9807	7108
9807	7113
9807	8847
9807	9009
9807	9152
9819	8576
9819	9488
9819	9841
9819	9973
9826	8490
9826	8522
9826	9252
9826	9428
9826	9587
9826	9719
9826	9873
9827	4638
9827	5043
9827	5255
9827	7530
9827	7822
9827	8920
9827	9243
9827	9957
9827	9970
9827	9985
9841	4242
9841	5859
9841	6735
9841	7052
9841	8069
9841	9265
9841	9819
9849	5902
9849	6776
9849	6777
9849	9349
9853	698
9853	5168
9853	5442
9853	6292
9853	6924
9853	8358
9853	9428
9853	9725
9853	9887
9853	9998
9854	7207
9854	8233
9854	8604
9856	7083
9856	9176
9857	3939
9857	6170
9857	9009
9857	9358
9857	9549
9857	9563
9857	9636
9857	9693
9860	347
9860	841
9860	3545
9860	4275
9860	4525
9860	5194
9860	6456
9860	7365
9860	9152
9860	9783
9863	5844
9863	8185
9863	8278
9863	8876
9865	3781
9865	5840
9865	6323
9865	9673
9865	9686
9865	9690
9873	5038
9873	6176
9873	7207
9873	7356
9873	8019
9873	9070
9873	9252
9873	9684
9873	9826
9876	4642
9876	5961
9876	7093
9876	9005
9876	9067
9876	9575
9876	9754
9876	9938
9879	3601
9879	4639
9879	4812
9879	6056
9879	7279
9879	7474
9879	7759
9879	7854
9879	7874
9879	8203
9879	8522
9879	9411
9879	9413
9879	9587
9880	7744
9880	8519
9880	8763
9887	3955
9887	5442
9887	6292
9887	6705
9887	7329
9887	8727
9887	9564
9887	9853
9888	5844
9888	8456
9888	8605
9888	8744
9892	2417
9892	3921
9892	4158
9892	5087
9892	7110
9892	9224
9892	9400
9894	6735
9894	7174
9894	7864
9894	8073
9894	8227
9894	8598
9894	8674
9894	9371
9894	9416
9894	9760
9899	153
9899	5357
9899	5781
9899	6829
9899	7588
9899	7817
9899	8255
9899	8868
9899	8926
9899	9416
9899	9709
9899	9912
9907	5812
9907	8823
9907	9086
9907	9279
9909	686
9909	2399
9909	5109
9909	5121
9909	5961
9909	6400
9909	8069
9909	8604
9909	9322
9909	9591
9909	9684
9912	5622
9912	7179
9912	7233
9912	7474
9912	9783
9912	9899
9912	9915
9912	9964
9915	3383
9915	5357
9915	6852
9915	7233
9915	7695
9915	8723
9915	9671
9915	9912
9915	9964
9919	7803
9919	8317
9919	8826
9919	9177
9919	9380
9919	9509
9919	9967
9921	5038
9921	5484
9921	5667
9921	7156
9921	7947
9921	9045
9925	3600
9925	5168
9925	8179
9925	8285
9925	8330
9925	8538
9925	9490
9925	9611
9925	9928
9925	9990
9928	842
9928	3502
9928	5038
9928	6456
9928	6778
9928	8179
9928	8538
9928	8775
9928	9925
9928	9990
9938	2261
9938	4399
9938	5081
9938	5812
9938	6374
9938	6856
9938	7174
9938	7818
9938	9530
9938	9876
9940	412
9940	5815
9940	5844
9940	8095
9940	8694
9940	9719
9946	2356
9946	4711
9946	5628
9946	6424
9946	6570
9946	7026
9946	7533
9946	8133
9946	8943
9946	9399
9949	406
9949	693
9949	1273
9949	3061
9949	4205
9949	4235
9949	4445
9949	5484
9949	8435
9949	8629
9949	8961
9949	9005
9952	2865
9952	7083
9952	7533
9952	7695
9952	8186
9952	8504
9952	9155
9952	9517
9952	9699
9953	1532
9953	2942
9953	3383
9953	5923
9953	6489
9953	6566
9953	7016
9953	8213
9953	8591
9953	9067
9953	9385
9953	9448
9953	9597
9957	2735
9957	3518
9957	4449
9957	5160
9957	5644
9957	6668
9957	6852
9957	8773
9957	9349
9957	9827
9964	2216
9964	4905
9964	6015
9964	6460
9964	7162
9964	7233
9964	8723
9964	9912
9964	9915
9967	9003
9967	9177
9967	9363
9967	9380
9967	9440
9967	9509
9967	9919
9969	406
9969	679
9969	3694
9969	4409
9969	4639
9969	5840
9969	7448
9969	7459
9969	7945
9969	9177
9969	9203
9969	9493
9969	9651
9970	6406
9970	8190
9970	9045
9970	9664
9970	9827
9971	5112
9971	5543
9971	5664
9971	6828
9971	7151
9971	7743
9971	8668
9971	8749
9971	9023
9971	9184
9971	9613
9971	9719
9973	1931
9973	2582
9973	5141
9973	5543
9973	7241
9973	7621
9973	7885
9973	8846
9973	9004
9973	9026
9973	9278
9973	9388
9973	9819
9985	4178
9985	4638
9985	6074
9985	7416
9985	7514
9985	7530
9985	7606
9985	8595
9985	9086
9985	9243
9985	9827
9987	4022
9987	4669
9987	6489
9987	7053
9987	7385
9987	7481
9987	7800
9987	8069
9987	8720
9987	9023
9987	9070
9987	9769
9990	516
9990	842
9990	2111
9990	3502
9990	7539
9990	8179
9990	8785
9990	8961
9990	9925
9990	9928
9991	5467
9991	7969
9991	8640
9991	8713
9991	8938
9991	8991
9991	9005
9991	9493
9998	25
9998	2750
9998	5543
9998	6860
9998	8945
9998	8965
9998	9853
