1730	1730
2086	2086
1520	1520
7169	7169
404	404
4433	4433
6742	6742
1697	1697
3040	3040
783	783
275	275
2961	2961
7854	7854
7723	7723
1924	1924
3644	3644
552	552
7673	7673
23	23
4937	4937
4052	4052
1685	1685
7921	7921
6180	6180
5106	5106
4629	4629
440	440
238	238
2945	2945
4246	4246
2874	2874
3251	3251
1829	1829
8573	8573
5968	5968
2287	2287
4007	4007
4973	4973
6166	6166
2862	2862
1977	1977
605	605
1238	1238
7982	7982
4353	4353
1138	1138
4790	4790
4253	4253
1436	1436
5017	5017
3166	3166
3645	3645
4103	4103
4480	4480
4451	4451
728	728
3435	3435
1186	1186
2398	2398
6935	6935
1513	1513
4576	4576
447	447
5261	5261
318	318
3860	3860
2954	2954
1959	1959
4645	4645
6823	6823
7281	7281
2236	2236
4720	4720
7406	7406
5426	5426
2203	2203
1189	1189
8281	8281
1995	1995
2330	2330
4537	4537
3136	3136
3950	3950
727	727
2070	2070
677	677
3334	3334
975	975
5512	5512
7292	7292
4069	4069
2697	2697
8425	8425
3859	3859
4194	4194
3309	3309
5966	5966
3738	3738
921	921
6343	6343
1837	1837
6143	6143
2056	2056
4263	4263
969	969
55	55
3474	3474
1217	1217
3395	3395
659	659
172	172
8259	8259
4557	4557
8717	8717
1771	1771
4965	4965
4478	4478
4936	4936
4357	4357
8663	8663
4047	4047
5259	5259
2654	2654
803	803
2146	2146
1122	1122
2823	2823
6	6
1807	1807
1299	1299
791	791
2613	2613
7637	7637
6361	6361
808	808
4062	4062
7096	7096
6030	6030
121	121
1385	1385
1212	1212
704	704
3034	3034
7927	7927
2447	2447
3290	3290
1918	1918
6832	6832
4604	4604
4554	4554
3001	3001
773	773
1579	1579
3409	3409
4375	4375
1181	1181
950	950
4421	4421
3326	3326
2441	2441
7334	7334
3297	3297
7305	7305
1904	1904
917	917
8111	8111
7713	7713
6037	6037
586	586
2277	2277
4913	4913
4536	4536
3520	3520
3012	3012
7630	7630
2606	2606
2475	2475
3441	3441
247	247
6127	6127
4255	4255
1053	1053
495	495
3668	3668
2804	2804
2123	2123
2602	2602
264	264
4759	4759
2442	2442
7445	7445
4751	4751
1528	1528
6421	6421
5465	5465
5944	5944
1734	1734
2700	2700
6700	6700
2977	2977
3456	3456
2767	2767
2717	2717
489	489
6615	6615
3829	3829
5143	5143
4745	4745
3750	3750
3242	3242
3650	3650
2786	2786
5451	5451
2257	2257
3490	3490
804	804
5110	5110
3259	3259
3209	3209
4662	4662
2274	2274
1389	1389
6601	6601
1914	1914
369	369
5741	5741
3861	3861
3434	3434
2816	2816
3274	3274
538	538
946	946
1265	1265
4307	4307
228	228
3880	3880
309	309
5579	5579
5071	5071
2335	2335
5398	5398
3170	3170
4513	4513
2306	2306
3162	3162
3141	3141
1290	1290
5348	5348
1769	1769
1269	1269
4484	4484
2604	2604
3041	3041
4732	4732
7876	7876
7037	7037
5165	5165
7872	7872
7343	7343
5434	5434
5871	5871
8049	8049
6219	6219
3504	3504
718	718
3404	3404
1045	1045
4239	4239
1524	1524
