0.00029397460514	0.00178860046925	0.00178981158552
0.00029397460514	0.0049471738453	0.00495052372856
0.00029397460514	0.00637240946779	0.00637672442183
0.00029397460514	0.0208615792688	0.0208757052844
0.00029397460514	0.0222622340597	0.0222773085016
0.00029397460514	0.0573515609242	0.0573903954264
0.00029397460514	0.0578584656445	0.0578976433875
0.00029397460514	0.0833334236286	0.0833898512475
0.000293974605141	0.100044304161	0.10011204723
0.000293974605141	0.111036165903	0.111111351899
0.000293974605141	0.245472414458	0.245638631364
0.000293974605141	0.333333694514	0.33355940499
0.000293974605141	0.666667389029	0.66711880998
0.000293974605141	0.669380503942	0.669833762027
0.000293974605141	0.331533500392	0.3317579919
0.000293974605141	0.3317579919	0.331982635419
0.000293974605141	0.00159094707929	0.00159202435839
0.000293974605141	0.00178981158552	0.00179102352188
0.000293974605141	0.00435012760834	0.00435307321327
0.000293974605141	0.0150743769813	0.0150845843046
0.000293974605141	0.0222471698182	0.0222622340597
0.000293974605141	0.0339632231129	0.0339862206537
0.000293974605141	0.0474495778618	0.0474817074273
0.000293974605141	0.0578976433875	0.0579368476589
0.000293974605141	0.0666511435073	0.0666962750423
0.000293974605141	0.0676511285952	0.0676969372508
0.000293974605141	0.166666847257	0.166779702495
0.000587949210281	0.00281880007909	0.00282261876363
0.000587949210281	0.66711880998	0.668022569102
0.000587949210281	0.515464619574	0.516162929748
0.000587949210281	0.00495052372856	0.00495723030153
0.000587949210281	0.00614784656617	0.0061561751762
0.000587949210281	0.00636378831716	0.00637240946779
0.000587949210281	0.00777556951	0.00778610322869
0.000881923815422	0.0394703757175	0.0395506098306
0.000881923815422	0.668022569102	0.669380503942
0.00176384763084	0.0073308851808	0.00736071944935
0.00176384763084	0.331982635419	0.333333694514
0.00176384763084	0.0474817074273	0.0476749422108
0.00176384763084	0.0833898512475	0.0837292202533
0.00176384763084	0.166779702495	0.167458440507
0.00176384763084	0.33355940499	0.334916881013
0.00205782223598	0.00214291310078	0.00215309098302
0.00205782223598	0.0338026754685	0.0339632231129
0.00235179684112	0.00107073152521	0.00107654549151
0.00235179684112	0.111111351899	0.111714675552
0.00264577144627	0.00161481648754	0.00162468416048
0.00352769526169	0.0178659863496	0.0180116995141
0.00352769526169	0.0573903954264	0.0578584656445
0.00440961907711	0.00114960309195	0.00116133507324
0.00587949210281	0.0910604721501	0.0923016341212
0.00617346670795	0.00159202435839	0.00161481648754
0.00617346670795	0.0666962750423	0.0676511285952
0.00764333973366	0.245638631364	0.25
0.0079373143388	0.00929697159094	0.00946844843185
0.00852526354908	0.024146027845	0.0246247007048
0.00999513657478	0.196997605638	0.201584011905
0.0105830857851	0.0111386542508	0.011413420267
0.0105830857851	0.0395506098306	0.0405262360828
0.0132288572313	0.5	0.515464619574
0.0144047556519	0.0061561751762	0.00636378831716
0.0144047556519	0.0554805153915	0.0573515609242
0.0155806540725	0.422159292227	0.437579539721
0.0158746286776	0.00946844843185	0.00982094879928
0.0164625778879	0.481401485909	0.5
0.0182264255187	0.0324134046023	0.0338026754685
0.0205782223598	0.111714675552	0.117135477132
0.0223420699907	0.011413420267	0.0120159435456
0.022930019201	0.0180116995141	0.0189882399997
0.0238119430164	0.00736071944935	0.00777556951
0.0276336128832	0.0476749422108	0.050807027642
0.0276336128832	0.0208757052844	0.0222471698182
0.0282215620935	0.117135477132	0.125
0.0285155366986	0.00107654549151	0.00114960309195
0.0346890034066	0.0299251025218	0.0324134046023
0.0349829780117	0.0222773085016	0.024146027845
0.0349829780117	0.0923016341212	0.100044304161
0.0364528510374	0.0837292202533	0.0910604721501
0.0382166986683	0.050807027642	0.0554805153915
0.0388046478786	0.0762104588858	0.0833334236286
0.0399805462991	0.0009765625	0.00107073152521
0.0408624701145	0.0189882399997	0.0208615792688
0.0411564447197	0.0246247007048	0.0270724403441
0.0414504193248	0.437579539721	0.481401485909
0.04174439393	0.00162468416048	0.00178860046925
0.0435082415608	0.0270724403441	0.0299251025218
0.0449781145865	0.10011204723	0.111036165903
0.0455660637968	0.0120159435456	0.0133451648535
0.0511515812945	0.00250560550015	0.00281880007909
0.0514455558996	0.0676969372508	0.0762104588858
0.0529154289253	0.0133451648535	0.0150743769813
0.0546792765562	0.00982094879928	0.0111386542508
0.0555612003716	0.00435307321327	0.0049471738453
0.060558768659	0.00637672442183	0.0073308851808
0.0608527432641	0.0579368476589	0.0666511435073
0.0614406924744	0.001381067932	0.00159094707929
0.0623226162898	0.00282261876363	0.00325817825221
0.0649683877361	0.0339862206537	0.0394703757175
0.0658503115515	0.00215309098302	0.00250560550015
0.0684960829978	0.0405262360828	0.0474495778618
0.0705539052337	0.167458440507	0.196997605638
0.0734936512852	0.0150845843046	0.0178659863496
0.075257498916	0.00116133507324	0.001381067932
0.0770213465468	0.00778610322869	0.00929697159094
0.0779032703623	0.00179102352188	0.00214291310078
0.0855466100959	0.201584011905	0.245472414458
0.0934839244347	0.00495723030153	0.00614784656617
0.100539314958	0.334916881013	0.422159292227
0.111122400743	0.516162929748	0.666667389029
0.122587410344	0.25	0.331533500392
0.124939207185	0.125	0.166666847257
0.125527156395	0.00325817825221	0.00435012760834
0.174032966243	0.669833762027	1
