0 0.0
0.0009765625 688.452222985
0.00100949645691 730.685252906
0.00101223347946 903.729986967
0.00108019524085 691.363891646
0.00111209827613 1150.49395649
0.00118998264632 2274.54626233
0.00120865414002 2383.99009559
0.00120947255684 1835.64703241
0.00131804668581 3102.54128042
0.0013216202729 3470.62433943
0.00132251518256 3696.46705424
0.00140558910088 4627.58146305
0.0014084463373 6292.87785316
0.00149894593401 6057.03775974
0.00150402772291 8029.34075701
0.00156955392594 8971.07575208
0.00175383235117 9989.64020723
0.00175858747307 9696.49186859
0.00176933368859 10204.4035337
0.00177053175874 9910.29479782
0.00189581151321 11735.2495625
0.00211552928909 13007.4457959
0.00212989791536 13823.4987564
0.00261476759352 15448.3973366
0.00261653813292 15756.6168091
0.00297968388817 16579.8023028
0.00306146414056 17150.7020566
0.00321219109509 17919.6260462
0.00321436616827 17399.8478997
0.003601497205 18284.8147051
0.00390096528473 19710.490985
0.00390360674806 19621.5968333
0.00415162146927 19812.1890487
0.00442736509338 20128.0267606
0.00444538299925 19992.2715015
0.00506920970515 21485.8006428
0.00512094223252 21061.776457
0.00528290387525 21732.811007
0.00571057432211 22061.8923597
0.00572218259432 21675.3095614
0.00616034371137 22530.3397006
0.00621479222603 22416.4082119
0.00653844852752 22965.3727828
0.0070153294047 23216.0762208
0.00708692256055 23459.8772727
0.00756786234514 23952.2177172
0.00762442232903 24006.1468035
0.00821380051515 24487.635405
0.00833703438029 25009.0863265
0.00880690953885 25062.9667878
0.00884873843436 25096.4432857
0.00919060149727 25291.1218457
0.00975469513429 25751.3062474
0.00991446060306 25779.4997864
0.0109443351416 26311.1259489
0.0109814390823 26103.1671175
0.0115142983689 26639.4585843
0.0115377042652 26722.5425296
0.0116633416273 26901.2220531
0.0117903470906 26441.7370487
0.0125819557184 27231.2434902
0.0128574646731 27101.619857
0.0130946125876 27527.451868
0.0131034793517 27183.3531396
0.014193046711 27579.7854803
0.0142026572586 27966.912915
0.0142122743137 27359.7201341
0.014279776283 27502.5204697
0.0143281881751 27876.8459398
0.0165952487248 28503.2346718
0.0166177306384 28302.5505917
0.0166627858768 28427.2467742
0.0170391833229 28497.7851528
0.0198423479773 29175.5233675
0.0198557838401 28823.9657935
0.0199365902874 28934.5524588
0.0216382339035 29515.4372234
0.0216528858158 29217.8847939
0.0217999517182 29287.0021328
0.0226268519397 29455.3409572
0.0226421732757 29355.9285901
0.0250958696315 29583.4875875
0.0285788911157 30183.6624399
0.0326335557009 30182.7206316
0.0346365128664 30274.0519189
0.035563063994 30255.0368193
0.0415540473624 30459.5991967
0.0416667118143 30500.0875384
0.0438960329778 30669.3807445
0.0493829300829 30766.4072457
0.0494498301206 30860.4668346
0.0494833141184 30651.9112782
0.0495168207891 30760.1499105
0.0605838942161 30776.7954891
0.0657548986527 30883.1953517
0.0657994233128 30877.4810995
0.0659778236475 30904.0924998
0.067103836541 30969.4736284
0.0671492746084 31013.8632405
0.0673769268746 30968.3635078
0.0674225498598 31065.7913746
0.0831080947249 31152.4205174
0.083220682914 31130.4128326
0.0832770341927 31115.62108
0.0833334236286 31190.7326306
0.0844121072433 31212.295786
0.100044304161 31104.1492596
0.111036165903 31072.3033742
0.111111351899 31149.1736038
0.111488046229 31156.2185802
0.119700410087 30952.8744691
0.130181265586 31092.2592316
0.142927890797 30940.6985205
0.143024671659 30947.8168767
0.143121518054 30804.62743
0.144288802574 30683.1659846
0.155232226509 30843.6700806
0.166666847257 30326.2305359
0.168367723279 30493.6180046
0.183109843018 30355.1062976
0.183606304167 30352.8878605
0.193299022893 30401.2439336
0.200088608322 29950.2127119
0.204331619112 30059.6372331
0.220723554492 29834.9939567
0.221922061566 29937.3545494
0.223883531118 29536.6347443
0.249830831876 29777.7511035
0.25 29012.1001173
0.256340406727 28917.5035859
0.256687676176 28820.0818279
0.257035416077 28883.09593
0.279730481654 28813.3375729
0.285855781594 28332.129919
0.28701911971 28231.6427953
0.300335816264 28009.4588458
0.303811839995 28049.7713147
0.314483163685 28004.4172634
0.317262739298 28147.0933033
0.333333694514 26854.8969078
0.334463776282 27163.6950165
0.346211742455 26624.986382
0.373732550022 26677.8027188
0.376525717503 26377.3348135
0.376780674623 26665.1934992
0.399906427728 26062.8377049
0.400177216645 25955.434382
0.400448188921 25963.9551493
0.401805805042 25860.1347433
0.402077880085 25684.4106551
0.425314386978 25574.4792091
0.425602380404 25765.2162835
0.428783207787 25371.0903948
0.429073550057 25417.6462244
0.498985677928 25332.1304898
0.5 21284.608253
0.500338565347 20979.148543
0.501355637525 21239.709714
0.504760833484 20843.0616161
0.540111108234 20804.9237635
0.540842807497 21025.68194
0.579504040363 20499.0744242
0.579896440335 19791.1886695
0.580289106014 20677.9578302
0.618412173827 19243.4474078
0.666667389029 17741.9865158
0.668022569102 17222.4603748
0.673015173885 17560.0964972
0.673470893116 17276.045098
0.750507034813 17128.4821657
0.753051435007 16532.6037958
0.753561349247 16480.9363779
0.800896377841 16315.193338
0.962151469527 17149.5762294
1 0.0
