0 0.0
0.0009765625 155.619632178
0.00126131175754 702.865532478
0.0012638757116 834.667699369
0.00126558790917 720.656917302
0.00140940003954 1209.7849457
0.0015070850622 1967.52436883
0.00152143502425 1546.35219702
0.00159742170565 2286.61305951
0.00164571437988 2528.53014138
0.00166026011105 2748.90925723
0.00180807705139 3046.58929711
0.00185267832164 3313.55209276
0.00206320310178 3591.62883188
0.00206460015993 3964.759863
0.00206599816406 3210.58093078
0.00206739711483 3394.56517459
0.00208143882849 3786.20347818
0.00231169064612 4258.76938517
0.00253460485257 4521.66260715
0.00253632111131 4617.4192288
0.00254491985273 4986.9714702
0.00254664309608 4687.54588732
0.00270294898821 4862.87038784
0.00296760671421 5433.19134829
0.00297968388817 5809.09636248
0.00325597353259 6069.68746508
0.00325817825221 5849.93613664
0.00399719348847 6776.72882739
0.00405716446079 6673.3746891
0.0046077598729 7172.51798444
0.00462338129225 7105.82399411
0.00495387588012 7170.89006131
0.00495723030153 7143.89906834
0.00555802894255 7526.35838582
0.00558442710309 7543.56245823
0.00595533523607 7355.21297394
0.00595936777635 7770.34863
0.00786023991061 8351.56789343
0.00830324293853 8617.70432124
0.00832012150431 8787.66443372
0.00939184946447 8831.74559271
0.0100427952584 8957.73771595
0.0114211486442 9433.61218205
0.0114598690978 9591.37056652
0.0145924626671 9956.10947345
0.0146023436714 9873.38245405
0.0152901884701 9952.892188
0.0171085271413 10236.9331856
0.0177935724181 10177.6725388
0.0190010975198 10382.2486623
0.0220970869121 10655.874783
0.02408073834 10798.8996019
0.024097044147 10962.1029994
0.0278908845519 10920.9621646
0.0286563763501 11104.725041
0.0332579660276 11238.0700837
0.0333481375212 11158.8252582
0.0340783666458 11153.8391266
0.0371627223438 11251.2293523
0.0399001799293 11253.4754092
0.0399271975658 11245.7048207
0.0400896880025 11339.3965334
0.0444642315404 11475.4031386
0.0445244681193 11441.6655686
0.0445546170033 11383.7383993
0.0478689633956 11534.0991724
0.04790137694 11525.818788
0.0479338124325 11461.3058576
0.053380659414 11396.53544
0.0557440231147 11625.9189963
0.0558573377759 11589.2524904
0.0652671114017 11635.8427653
0.0710779988933 11734.6659379
0.0711742896723 11764.4842448
0.0833898512475 11843.4977274
0.111036165903 11804.1306217
0.111111351899 11832.6774832
0.111186588805 11837.4842072
0.111563538207 11824.5873679
0.124662007011 11842.9753318
0.133392550085 11865.5326087
0.148650889375 11820.7832544
0.162104944331 11822.3839077
0.16599131771 11755.7726409
0.166103715526 11756.7333961
0.166666847257 11740.7002509
0.16689263415 11812.6946443
0.184478352288 11654.9592843
0.200088608322 11707.4215984
0.201311291494 11642.0971055
0.222072331805 11614.1079955
0.25 11381.9485087
0.278785332016 11318.7871638
0.278974106121 11251.8997411
0.283927353539 11164.1004658
0.3324323789 11130.0303965
0.332657479067 11234.4312296
0.333333694514 10750.4844391
0.33355940499 10754.7270452
0.381141455108 10605.7644651
0.381399537686 10761.0499686
0.421873628644 10545.374452
0.425602380404 10499.2472815
0.436987544003 10321.6250081
0.439063040093 10287.7695775
0.497973413554 10301.4770135
0.5 9076.63730986
0.500338565347 8994.59881781
0.522136891214 8702.57664038
0.58859678308 8806.89298478
0.588995340028 8734.80333893
0.600265174554 8451.38288313
0.617993711316 8390.20198488
0.620928906037 8580.30109515
0.663067000783 8846.34251778
0.666667389029 7872.70195864
0.668022569102 7867.59032523
0.671195378602 7948.13451142
0.750507034813 7452.30404883
0.755093164574 7609.85533512
0.756116104305 7569.40700495
1 0.0
