0.00029397460514	0.00482154402805	0.0048248088435
0.00029397460514	0.00694445949366	0.00694916180033
0.00029397460514	0.0276091266481	0.0276278216352
0.00029397460514	0.0277214866263	0.0277402576957
0.00029397460514	0.0405536776412	0.040581137781
0.00029397460514	0.0681567332916	0.0682028843076
0.00029397460514	0.0833334236286	0.0833898512475
0.00029397460514	0.16689263415	0.167005642276
0.000293974605141	0.100044304161	0.10011204723
0.000293974605141	0.10058753484	0.100655645747
0.000293974605141	0.151597756942	0.151700408437
0.000293974605141	0.155758501266	0.155863970128
0.000293974605141	0.182491153911	0.182614724273
0.000293974605141	0.189798311447	0.189926829709
0.000293974605141	0.222072331805	0.222222703797
0.000293974605141	0.249830831876	0.25
0.000293974605141	0.277655366865	0.277843375836
0.000293974605141	0.333108136771	0.333333694514
0.000293974605141	0.598642091188	0.599047450122
0.000293974605141	0.753051435007	0.753561349247
0.000293974605141	0.5	0.500338565347
0.000293974605141	0.00104071941424	0.0010414241173
0.000293974605141	0.0010414241173	0.00104212929754
0.000293974605141	0.00120457035545	0.00120538600701
0.000293974605141	0.00120538600701	0.00120620221088
0.000293974605141	0.00182405783338	0.00182529295893
0.000293974605141	0.00233370179459	0.0023352820157
0.000293974605141	0.00246356104719	0.00246522919999
0.000293974605141	0.00357962317105	0.00358204704377
0.000293974605141	0.00694916180033	0.00695386729108
0.000293974605141	0.0084563910744	0.00846211715635
0.000293974605141	0.00911008157284	0.00911625028869
0.000293974605141	0.0104237314059	0.0104307896344
0.000293974605141	0.0115142983689	0.0115220950538
0.000293974605141	0.0207489147137	0.0207629644407
0.000293974605141	0.0476426818886	0.0476749422108
0.000293974605141	0.0571964855201	0.057235215016
0.000293974605141	0.0908757428564	0.0909372776112
0.000293974605141	0.144974110084	0.145072276503
0.000293974605141	0.159384797961	0.1594927223
0.000293974605141	0.288382332619	0.288577605148
0.000293974605141	0.309415459845	0.30962497455
0.000587949210281	0.00846211715635	0.00847358095479
0.000587949210281	0.0115220950538	0.0115377042652
0.000587949210281	0.0207208437745	0.0207489147137
0.000587949210281	0.0833898512475	0.0835028211378
0.000587949210281	0.136498133148	0.136683049884
0.000587949210281	0.222222703797	0.222523753314
0.000587949210281	0.435216357935	0.435805954192
0.000587949210281	0.189926829709	0.190184127364
0.000587949210281	0.257906828245	0.258256219755
0.000587949210281	0.434627559334	0.435216357935
0.000587949210281	0.00182159008905	0.00182405783338
0.000587949210281	0.00341627688813	0.00342090498639
0.000587949210281	0.040581137781	0.0406361138556
0.000587949210281	0.166666847257	0.16689263415
0.000881923815422	0.00263966453975	0.00264503036511
0.000881923815422	0.012866170857	0.0128923247963
0.000881923815422	0.166328739533	0.166666847257
0.000881923815422	0.277843375836	0.278408166934
0.000881923815422	0.376525717503	0.377291106898
0.000881923815422	0.500338565347	0.501355637525
0.000881923815422	0.011490939955	0.0115142983689
0.000881923815422	0.0232164156267	0.0232636092113
0.000881923815422	0.0282136877986	0.0282710396777
0.000881923815422	0.115325948457	0.115560379344
0.000881923815422	0.333333694514	0.334011284551
0.000881923815422	0.599047450122	0.600265174554
0.000881923815422	0.00141226502271	0.00141513582973
0.000881923815422	0.00285528716105	0.00286109129716
0.000881923815422	0.00391949313137	0.00392746055122
0.00117589842056	0.00911625028869	0.00914096695065
0.00117589842056	0.0282710396777	0.0283476902422
0.00117589842056	0.664864757799	0.666667389029
0.00117589842056	0.299321045594	0.300132587277
0.00117589842056	0.0120811889308	0.0121139443569
0.00117589842056	0.015053983051	0.0150947985396
0.0014698730257	0.00119482548057	0.00119887622765
0.0014698730257	0.00201899291382	0.00202583778764
0.0014698730257	0.013381347266	0.0134267132666
0.0014698730257	0.0905686931026	0.0908757428564
0.0014698730257	0.996621213273	1
0.0014698730257	0.750507034813	0.753051435007
0.0014698730257	0.181874555222	0.182491153911
0.0014698730257	0.557570664032	0.559460963309
0.0014698730257	0.0276278216352	0.0277214866263
0.00176384763084	0.00415162146927	0.00416851719014
0.00176384763084	0.0207629644407	0.0208474628119
0.00176384763084	0.0208474628119	0.0209323050633
0.00205782223598	0.00781779008354	0.00785492110244
0.00205782223598	0.017841815687	0.0179265563603
0.00205782223598	0.0416667118143	0.0418646101267
0.00205782223598	0.673926920929	0.677127773468
0.00205782223598	0.10011204723	0.10058753484
0.00205782223598	0.178097872477	0.178943758002
0.00205782223598	0.331533500392	0.333108136771
0.00205782223598	0.00119887622765	0.00120457035545
0.00205782223598	0.0682028843076	0.0685268176135
0.00205782223598	0.0829394979751	0.0833334236286
0.00235179684112	0.0033978270234	0.00341627688813
0.00264577144627	0.00304699228509	0.00306561156693
0.00264577144627	0.435805954192	0.438469037366
0.00264577144627	0.0103604218872	0.0104237314059
0.00293974605141	0.00134690815002	0.0013560563192
0.00293974605141	0.00202583778764	0.0020395972313
0.00293974605141	0.110361777246	0.111111351899
0.00323372065655	0.559460963309	0.563642210486
0.00352769526169	0.00141513582973	0.00142667753338
0.00352769526169	0.00168745237399	0.00170121506363
0.00352769526169	0.00200265942756	0.00201899291382
0.00352769526169	0.00695386729108	0.00701058232423
0.00352769526169	0.00785492110244	0.00791898503868
0.00352769526169	0.0107098206077	0.0107971688135
0.00352769526169	0.136683049884	0.137797822913
0.00382166986683	0.0727820532874	0.0734253412078
0.00382166986683	0.285855781594	0.288382332619
0.00382166986683	0.208382306086	0.210224103813
0.00440961907711	0.563642210486	0.569394317378
0.00470359368225	0.666667389029	0.673926920929
0.00470359368225	0.167005642276	0.168824214487
0.00529154289253	0.0048248088435	0.00488395500692
0.00558551749767	0.0150947985396	0.0152901884701
0.00558551749767	0.334011284551	0.338334789863
0.00587949210281	0.0835028211378	0.0846409716836
0.00617346670795	0.142927890797	0.144974110084
0.00617346670795	0.789592224196	0.800896377841
0.00617346670795	0.149458049005	0.151597756942
0.00646744131309	0.111111351899	0.112778385488
0.00646744131309	0.230808078394	0.234270954264
0.00676141591823	0.00955213580019	0.00970201415682
0.00705539052337	0.178943758002	0.181874555222
0.00705539052337	0.115560379344	0.117453063629
0.00705539052337	0.00734081647678	0.00746104668074
0.00734936512852	0.0179265563603	0.0182325005774
0.00734936512852	0.0277402576957	0.0282136877986
0.00734936512852	0.186613466036	0.189798311447
0.00764333973366	0.0715123358295	0.0727820532874
0.00823128894394	0.00587923332665	0.00599172655407
0.00852526354908	0.438469037366	0.44716128395
0.00911321275936	0.0759015647197	0.0775111074155
0.0094071873645	0.182614724273	0.186613466036
0.00970116196964	0.0101315590207	0.0103604218872
0.00970116196964	0.112778385488	0.115325948457
0.00970116196964	0.155863970128	0.159384797961
0.00999513657478	0.00321001749372	0.00328475162208
0.00999513657478	0.0152901884701	0.0156461674983
0.00999513657478	0.133392550085	0.136498133148
0.0102891111799	0.190184127364	0.194743683105
0.0102891111799	0.00148984194409	0.00152556005308
0.0102891111799	0.00791898503868	0.00810883817836
0.0105830857851	0.00573769700522	0.00587923332665
0.0108770603902	0.0406361138556	0.0416667118143
0.0114650096005	0.0104307896344	0.0107098206077
0.0114650096005	0.151700408437	0.155758501266
0.0114650096005	0.278408166934	0.285855781594
0.0117589842056	0.194743683105	0.200088608322
0.0120529588108	0.107341022232	0.110361777246
0.012640908021	0.600265174554	0.617993711316
0.0129348826262	0.145072276503	0.149458049005
0.0132288572313	0.300132587277	0.309415459845
0.0132288572313	0.365229448545	0.376525717503
0.0135228318365	0.00194126251056	0.00200265942756
0.0135228318365	0.25	0.257906828245
0.0135228318365	0.0329442815502	0.0339862206537
0.0144047556519	0.0734253412078	0.0759015647197
0.014698730257	0.00170121506363	0.00175977826663
0.014698730257	0.00328475162208	0.0033978270234
0.0149927048622	0.00111285131201	0.00115193996823
0.0149927048622	0.00175977826663	0.00182159008905
0.0155806540725	0.419311339254	0.434627559334
0.0155806540725	0.00275466720355	0.00285528716105
0.0158746286776	0.137797822913	0.142927890797
0.0158746286776	0.222523753314	0.230808078394
0.0158746286776	0.288577605148	0.299321045594
0.0158746286776	0.00115193996823	0.00119482548057
0.0161686032827	0.0128923247963	0.013381347266
0.016756552493	0.00668162190689	0.00694445949366
0.0176384763084	0.0182325005774	0.0189882399997
0.0176384763084	0.501355637525	0.522136891214
0.0176384763084	0.200088608322	0.208382306086
0.0176384763084	0.0013560563192	0.00141226502271
0.0176384763084	0.00264503036511	0.00275466720355
0.0179324509136	0.0909372776112	0.0947707678792
0.0182264255187	0.00129155098594	0.00134690815002
0.0182264255187	0.00810883817836	0.0084563910744
0.0182264255187	0.0156461674983	0.0163167778504
0.0182264255187	0.1594927223	0.166328739533
0.0185204001239	0.0685268176135	0.0715123358295
0.018814374729	0.00142667753338	0.00148984194409
0.018814374729	0.0020395972313	0.00212989791536
0.018814374729	0.00212989791536	0.00222419655226
0.018814374729	0.00517670563734	0.00540589797642
0.018814374729	0.00970201415682	0.0101315590207
0.0191083493341	0.00914096695065	0.00955213580019
0.0196962985444	0.00342090498639	0.00357962317105
0.0196962985444	0.0418646101267	0.0438069835475
0.0199902731496	0.00701058232423	0.00734081647678
0.0199902731496	0.0115377042652	0.0120811889308
0.0199902731496	0.00306561156693	0.00321001749372
0.0202842477547	0.753561349247	0.789592224196
0.0202842477547	0.00746104668074	0.00781779008354
0.0202842477547	0.400177216645	0.419311339254
0.020872196965	0.00222419655226	0.00233370179459
0.0217541207804	0.00160500874686	0.00168745237399
0.0217541207804	0.569394317378	0.598642091188
0.0220480953855	0.00152556005308	0.00160500874686
0.0232239938061	0.0023352820157	0.00246356104719
0.0232239938061	0.168824214487	0.178097872477
0.0235179684112	0.0947707678792	0.100044304161
0.0238119430164	0.210224103813	0.222072331805
0.0241059176215	0.00392746055122	0.00415162146927
0.0252818160421	0.00488395500692	0.00517670563734
0.0255757906472	0.377291106898	0.400177216645
0.0258697652524	0.00540589797642	0.00573769700522
0.0261637398575	0.0121139443569	0.012866170857
0.0267516890678	0.00182529295893	0.00194126251056
0.0270456636729	0.0107971688135	0.011490939955
0.0270456636729	0.117453063629	0.125
0.0273396382781	0.00286109129716	0.00304699228509
0.0276336128832	0.0009765625	0.00104071941424
0.0279275874884	0.100655645747	0.107341022232
0.0279275874884	0.234270954264	0.249830831876
0.0282215620935	0.125	0.133392550085
0.0282215620935	0.0535979009733	0.0571964855201
0.0285155366986	0.522136891214	0.557570664032
0.0285155366986	0.00104212929754	0.00111285131201
0.0293974605141	0.0775111074155	0.0829394979751
0.0293974605141	0.0846409716836	0.0905686931026
0.0296914351192	0.00120620221088	0.00129155098594
0.0296914351192	0.00246522919999	0.00263966453975
0.0296914351192	0.30962497455	0.331533500392
0.0299854097243	0.00416851719014	0.00446649658741
0.03145528275	0.00847358095479	0.00911008157284
0.03145528275	0.258256219755	0.277655366865
0.0317492573552	0.617993711316	0.664864757799
0.0332191303809	0.338334789863	0.365229448545
0.0332191303809	0.00446649658741	0.00482154402805
0.0364528510374	0.0438069835475	0.0476426818886
0.037628749458	0.0625	0.0681567332916
0.0379227240631	0.0189882399997	0.0207208437745
0.0382166986683	0.057235215016	0.0625
0.0388046478786	0.0163167778504	0.017841815687
0.0390986224837	0.00358204704377	0.00391949313137
0.0446841399814	0.677127773468	0.750507034813
0.0449781145865	0.0209323050633	0.0232164156267
0.0473299114276	0.00599172655407	0.00668162190689
0.0485058098482	0.44716128395	0.5
0.0496817082688	0.0134267132666	0.015053983051
0.0508576066893	0.0476749422108	0.0535979009733
0.0652623623412	0.0283476902422	0.0329442815502
0.0743755751006	0.0232636092113	0.0276091266481
0.0767273719417	0.0339862206537	0.0405536776412
0.0949537974604	0.800896377841	0.996621213273
