0.00029397460514	0.00121193113383	0.0012127517696
0.00029397460514	0.0124970758665	0.0125055380201
0.00029397460514	0.0286369853684	0.0286563763501
0.00029397460514	0.0912455769555	0.0913073621363
0.000293974605141	0.10561128731	0.105682799954
0.000293974605141	0.107050778128	0.107123265496
0.000293974605141	0.168709975784	0.168824214487
0.000293974605141	0.199953213864	0.200088608322
0.000293974605141	0.200088608322	0.20022409446
0.000293974605141	0.266604574029	0.266785100169
0.000293974605141	0.293502625195	0.293701364831
0.000293974605141	0.385291813439	0.385552706352
0.000293974605141	0.666667389029	0.66711880998
0.000293974605141	0.0013680418927	0.00136896823586
0.000293974605141	0.00136896823586	0.00136989520627
0.000293974605141	0.0017609698665	0.00176216227325
0.000293974605141	0.00484444421347	0.00484772453534
0.000293974605141	0.00484772453534	0.00485100707841
0.000293974605141	0.012488619439	0.0124970758665
0.000293974605141	0.012573441855	0.0125819557184
0.000293974605141	0.0545495436484	0.0545864808187
0.000293974605141	0.0911838335831	0.0912455769555
0.000293974605141	0.166666847257	0.166779702495
0.000293974605141	0.200766957052	0.200902902521
0.000587949210281	0.0179265563603	0.0179508418228
0.000587949210281	0.0251128628151	0.0251468837099
0.000587949210281	0.513027965369	0.513722974559
0.000881923815422	0.00335895122656	0.00336577919482
0.000881923815422	0.498985677928	0.5
0.000881923815422	0.0131479033129	0.0131746299488
0.000881923815422	0.149964747905	0.150269591432
0.000881923815422	0.00895115187667	0.00896934749094
0.00117589842056	0.00232581671394	0.00233212264277
0.00117589842056	0.0030697646119	0.0030780875881
0.00117589842056	0.107123265496	0.107413706133
0.00117589842056	0.110810913035	0.111111351899
0.00117589842056	0.20022409446	0.200766957052
0.00117589842056	0.00120865414002	0.00121193113383
0.0014698730257	0.383989994574	0.385291813439
0.00176384763084	0.0543284449168	0.0545495436484
0.00176384763084	0.222222703797	0.223127076415
0.00176384763084	0.00713505677558	0.00716409408754
0.00205782223598	0.333333694514	0.334916881013
0.00205782223598	0.0015070850622	0.00151424304461
0.00235179684112	0.00890281049605	0.00895115187667
0.00235179684112	0.0125055380201	0.012573441855
0.00264577144627	0.010936929411	0.0110037617992
0.00264577144627	0.00585144158681	0.00588719804099
0.00293974605141	0.00375331948128	0.00377881194087
0.00293974605141	0.0478689633956	0.048194088294
0.00293974605141	0.111111351899	0.111866017645
0.00499756828739	0.166779702495	0.168709975784
0.00529154289253	0.00233212264277	0.00236071156958
0.00558551749767	0.513722974559	0.520372702016
0.00558551749767	0.105682799954	0.107050778128
0.00587949210281	0.00151424304461	0.00153488230595
0.00587949210281	0.00336577919482	0.00341165505117
0.00676141591823	0.0199365902874	0.0202494065467
0.00676141591823	0.0415540473624	0.0422060536216
0.00705539052337	0.0030202972327	0.0030697646119
0.00764333973366	0.00157380941834	0.00160175275526
0.0108770603902	0.00153488230595	0.00157380941834
0.0111710349953	0.5	0.513027965369
0.0114650096005	0.0194171673768	0.0199365902874
0.0135228318365	0.107413706133	0.110810913035
0.0135228318365	0.372217747381	0.383989994574
0.014698730257	0.00377881194087	0.00390889504177
0.0191083493341	0.0125819557184	0.0131479033129
0.0196962985444	0.0273672398911	0.0286369853684
0.0205782223598	0.039631007041	0.0415540473624
0.0217541207804	0.045530236075	0.0478689633956
0.0235179684112	0.0319342858954	0.0337112749299
0.024987841437	0.0131746299488	0.0139548851629
0.0255757906472	0.0157204798212	0.0166740687606
0.0279275874884	0.25	0.266604574029
0.0288095113038	0.00390889504177	0.00417699081811
0.03145528275	0.0166740687606	0.0179265563603
0.0329251557757	0.0422060536216	0.045530236075
0.0341010541963	0.0179508418228	0.0194171673768
0.035570927222	0.00539128073149	0.00585144158681
0.0364528510374	0.00896934749094	0.00975469513429
0.0367468256426	0.0251468837099	0.0273672398911
0.0379227240631	0.0030780875881	0.00335895122656
0.0379227240631	0.00815838892521	0.00890281049605
0.0382166986683	0.00212989791536	0.00232581671394
0.0390986224837	0.0833334236286	0.0911838335831
0.0411564447197	0.00160175275526	0.0017609698665
0.0411564447197	0.0228422972884	0.0251128628151
0.0414504193248	0.00136989520627	0.0015070850622
0.0414504193248	0.00341165505117	0.00375331948128
0.0414504193248	0.266785100169	0.293502625195
0.043802216166	0.200902902521	0.222222703797
0.0449781145865	0.520372702016	0.577155210295
0.0449781145865	0.150269591432	0.166666847257
0.0458600384019	0.334916881013	0.372217747381
0.0458600384019	0.385552706352	0.428493061982
0.0458600384019	0.00485100707841	0.00539128073149
0.0470359368225	0.0286563763501	0.0319342858954
0.0482118352431	0.111866017645	0.125
0.0487997844533	0.00269929220337	0.0030202972327
0.0493877336636	0.223127076415	0.25
0.0496817082688	0.00975469513429	0.010936929411
0.0517395305047	0.0139548851629	0.0157204798212
0.0520335051099	0.048194088294	0.0543284449168
0.052327479715	0.0202494065467	0.0228422972884
0.052327479715	0.0012127517696	0.0013680418927
0.0549732511613	0.0110037617992	0.012488619439
0.0549732511613	0.293701364831	0.333333694514
0.056443124187	0.00716409408754	0.00815838892521
0.0582069718178	0.00236071156958	0.00269929220337
0.0626165908949	0.577155210295	0.666667389029
0.0632045401052	0.0913073621363	0.10561128731
0.0643804385258	0.00417699081811	0.00484444421347
0.0661442861566	0.428493061982	0.498985677928
0.0702599306286	0.0337112749299	0.039631007041
0.0734936512852	0.168824214487	0.199953213864
0.0790791687828	0.125	0.149964747905
0.0823128894394	0.00176216227325	0.00212989791536
0.0834887878599	0.00588719804099	0.00713505677558
0.0870164831216	0.0545864808187	0.0666962750423
0.0926020006193	0.0009765625	0.00120865414002
0.0967176450913	0.0666962750423	0.0833334236286
0.175796813874	0.66711880998	1
