0 44.2873176595
0.0009765625 3928.33039306
0.00120865414002 6924.76777147
0.00121193113383 6594.34805789
0.0012127517696 6782.09696502
0.0013680418927 7637.3830991
0.00136896823586 7748.88497998
0.00136989520627 7767.03588233
0.0015070850622 8704.99065769
0.00151424304461 8896.54871905
0.00153488230595 9201.46866132
0.00157380941834 9171.21881007
0.00160175275526 9012.21102557
0.0017609698665 10101.8985455
0.00176216227325 10074.5607842
0.00212989791536 11759.9126988
0.00232581671394 11768.1185554
0.00233212264277 12251.1277353
0.00236071156958 12039.0843533
0.00269929220337 13071.3142375
0.0030202972327 13636.8712151
0.0030697646119 13447.4453828
0.0030780875881 14076.8496143
0.00335895122656 13786.2874958
0.00336577919482 13913.6545964
0.00341165505117 13978.2134343
0.00375331948128 13801.2251142
0.00377881194087 14453.0025375
0.00390889504177 14686.6196781
0.00417699081811 14857.6579464
0.00484444421347 15246.3451859
0.00484772453534 15199.2887908
0.00485100707841 15700.3806876
0.00539128073149 15946.1603512
0.00585144158681 16155.6608856
0.00588719804099 15976.2964074
0.00713505677558 16958.7824435
0.00716409408754 16579.9144431
0.00815838892521 17272.642987
0.00890281049605 17634.6826024
0.00895115187667 17617.2825192
0.00896934749094 17471.8699937
0.00975469513429 18019.9474428
0.010936929411 18227.6118591
0.0110037617992 18331.0113085
0.012488619439 18588.9441766
0.0124970758665 18519.9193415
0.0125055380201 18813.8243549
0.012573441855 18995.1082104
0.0125819557184 18791.8382073
0.0131479033129 18567.9244187
0.0131746299488 18730.8909985
0.0139548851629 19117.109175
0.0157204798212 19264.0394441
0.0166740687606 19811.4751893
0.0179265563603 19590.2870465
0.0179508418228 19730.1669524
0.0194171673768 19848.0589664
0.0199365902874 19920.3954302
0.0202494065467 20122.6274711
0.0228422972884 20569.0068235
0.0251128628151 20423.01362
0.0251468837099 20541.8854033
0.0273672398911 20603.0086639
0.0286369853684 20820.6900917
0.0286563763501 20786.8789473
0.0319342858954 20988.808438
0.0337112749299 20783.1591368
0.039631007041 21038.4500208
0.0415540473624 21235.2147049
0.0422060536216 21372.2761522
0.045530236075 21062.5950709
0.0478689633956 21408.6774979
0.048194088294 21122.6347615
0.0543284449168 21488.0405
0.0545495436484 21421.4310213
0.0545864808187 21411.3924132
0.0666962750423 21647.5412814
0.0833334236286 21522.7480794
0.0911838335831 21531.445001
0.0912455769555 21414.7295817
0.0913073621363 21584.9185518
0.10561128731 21666.1496009
0.105682799954 21519.0838662
0.107050778128 21617.7093781
0.107123265496 21572.916618
0.107413706133 21688.160558
0.110810913035 21642.5646591
0.111111351899 21568.416497
0.111866017645 21611.7438891
0.125 21551.3544473
0.149964747905 21226.9499941
0.150269591432 21293.9785061
0.166666847257 20940.5748619
0.166779702495 20863.2056062
0.168709975784 20832.819528
0.168824214487 21004.435954
0.199953213864 20817.1015078
0.200088608322 20636.935444
0.20022409446 20434.6850866
0.200766957052 20503.0618909
0.200902902521 20614.6969724
0.222222703797 20213.892765
0.223127076415 20149.0269757
0.25 19623.2145035
0.266604574029 19639.552177
0.266785100169 19470.5995392
0.293502625195 19372.9253882
0.293701364831 19390.7897293
0.333333694514 18456.5037146
0.334916881013 18406.3176285
0.372217747381 18137.2683687
0.383989994574 18242.7678896
0.385291813439 18060.2978736
0.385552706352 18335.5542651
0.428493061982 17895.7526934
0.498985677928 17866.2400223
0.5 14738.4672186
0.513027965369 14399.335377
0.513722974559 14288.5814612
0.520372702016 14632.271032
0.577155210295 14266.6022413
0.666667389029 13337.2201626
0.66711880998 13231.4930265
1 0.0
