0 0.0
0.0009765625 5670.9072427
0.00101635293362 9399.4633763
0.00101704113739 8466.48272101
0.00107654549151 15241.151107
0.00109269719396 13972.0012535
0.0011181368598 16724.3318896
0.00113184382883 16403.6112397
0.00120375525582 20716.9825762
0.0012127517696 21080.6369936
0.00131983226987 26104.7341514
0.0013216202729 24235.1579592
0.00132251518256 25132.0987118
0.00143831336999 29197.6636162
0.00150300998872 32620.1168964
0.00150402772291 33881.9036432
0.00150606525919 32644.9162627
0.00160718308413 35460.7145953
0.00163461213188 35486.401553
0.00163571897793 35484.4592578
0.00174672376543 38482.0086018
0.00175027444944 37135.8305027
0.00180807705139 39110.6005218
0.00187031890761 40429.3181786
0.00196107357024 41069.4091984
0.00196505997765 40581.6389604
0.00196639058008 41181.9442529
0.00212989791536 42631.0024696
0.00232424289774 44783.0796375
0.00232581671394 44909.4550104
0.00233054455951 45783.9334267
0.00233370179459 45983.6586742
0.00241240442175 45613.0333621
0.00242550353921 45910.2336582
0.00253632111131 48660.3423046
0.00258135405782 48023.2761527
0.00258835281867 46620.2316167
0.00276775064515 49890.7521704
0.00277713398861 48734.3394477
0.00286884850261 50013.0980394
0.0030780875881 51903.7735215
0.00325156856797 53202.9849546
0.00325377030485 52549.0036834
0.00352909901907 54765.1295605
0.00353387995971 54597.5655305
0.00364564708723 54781.2872402
0.00382513548151 54907.4983607
0.00383291109416 55875.5640666
0.00391684091816 55905.8323206
0.00393544416699 56051.5315402
0.00393810897703 55914.5260919
0.00400803097945 56496.5246971
0.00416569646921 56759.0679639
0.00416851719014 56825.5495135
0.00463277955336 59371.6146133
0.00494048087758 59177.5254019
0.00494382622882 59290.2088357
0.00511401417579 59816.6664928
0.00521892632111 59976.0761517
0.00549815792811 61826.7708495
0.00580410390668 62204.5688212
0.00583167081364 62044.1150411
0.00622742545622 63406.9018688
0.00623164223713 63551.3109938
0.00649433912555 64236.5261732
0.0064987366419 63663.7422039
0.00688827938875 64974.8260242
0.00756786234514 66001.1356077
0.0075781146788 66834.6992831
0.0075883809015 66248.8531508
0.00807050686735 67706.4436132
0.00871794081628 67848.2907356
0.00872975118412 67294.545327
0.00875934715001 67915.131596
0.00877715286979 68082.4611201
0.00888474986166 68605.6836036
0.00909775666092 68183.4479028
0.00916575062628 68464.9961138
0.00972831898574 68962.1370998
0.0103674372469 70058.8139863
0.0103885118406 69664.3403447
0.0107461294874 70916.6711353
0.0107534060215 70331.6945208
0.0111612965497 71047.1045472
0.0111688542062 70558.2350493
0.0112904750545 70906.7205199
0.0118623944654 71768.4499254
0.0118704268568 72295.913313
0.0119106704721 72185.486886
0.0119187355527 72013.3540809
0.0124127686275 72224.6014752
0.0131568061618 72824.3111845
0.0131924778821 73126.1854685
0.0134722330689 73320.4612953
0.0134813555314 73260.336758
0.0142026572586 73963.525743
0.0146122313665 73677.9556874
0.0153940390785 74365.6793702
0.0166515106279 75365.9356476
0.0170507210769 75265.7188369
0.0172130723646 75625.1929378
0.0179751601853 75607.4249974
0.0189882399997 75751.9127209
0.020167332201 76023.5285419
0.0207068225494 76448.3226137
0.0224894256141 76758.7957286
0.0225351413968 76415.1544077
0.0241133609952 76798.3639998
0.0247584103946 76911.0401937
0.0262958066258 77192.8934262
0.0263492598976 77181.2195451
0.0268534265332 77436.1775657
0.0285788911157 77468.7545334
0.0333255717537 77621.9903058
0.0333481375212 77744.907249
0.0365144010172 77824.5847457
0.0370622364269 77837.3950823
0.0445546170033 77981.8791844
0.0463386355622 77916.0173158
0.0498868949869 78101.1124809
0.0502257256302 78098.0725847
0.0502937674198 78215.3679476
0.0503278228734 78003.9869703
0.0531283235537 78065.7404254
0.0579760784767 78244.3628955
0.0580546198234 78206.8321124
0.058528107388 78188.0304791
0.0602159322039 78189.4779287
0.0602567062598 78280.1543916
0.0608716407145 78238.9593673
0.0639118191612 78173.8344326
0.0639550958156 78062.8443042
0.0640851016819 78234.5924279
0.0641284956712 78213.7048366
0.0669223915306 78232.9776697
0.0749823739524 77979.7509396
0.0750331468192 78114.8540696
0.0776686695072 78154.9880386
0.0833334236286 78246.7337344
0.0840130825416 77894.4836236
0.0840699703784 78173.187932
0.0909372776112 77949.9324553
0.0912455769555 77968.1029834
0.0913073621363 77970.3121472
0.0985654993819 77981.0741142
0.0988996602412 77853.3422908
0.0999089555117 77851.6817618
0.100044304161 77699.9032667
0.10011204723 77810.4682753
0.102720559799 77743.0730728
0.110137892473 77624.5731207
0.110511286541 77567.2845723
0.110586117125 77558.7815673
0.110660998379 77640.6146465
0.111111351899 77429.261257
0.111186588805 77548.9160287
0.111261876657 77508.1387123
0.113467541333 77366.9254857
0.113621258069 77449.6055469
0.125 76837.2498105
0.132134410235 77078.0740669
0.1322238825 77188.5904351
0.133302287015 76823.4148741
0.133392550085 76841.6446357
0.138546051465 76765.1845337
0.142927890797 76238.3404342
0.145465607347 76330.1785081
0.152317778728 75989.6681884
0.154917315562 76031.7578196
0.155022214831 75975.4427251
0.166441365828 75653.1896152
0.166666847257 74582.254072
0.181874555222 73849.8727709
0.181997708066 74164.9274473
0.1821209443 74467.0658681
0.189413278214 74054.1035063
0.199547579947 73852.5966563
0.199682699739 73735.1539402
0.200088608322 72856.6143017
0.20022409446 72594.6315657
0.200766957052 72809.500471
0.201175069679 72699.7424172
0.201311291494 72422.1885856
0.221471860675 72181.454372
0.22162182607 72744.374476
0.222222703797 71402.7125905
0.222373177611 71653.3593666
0.223429351104 71821.2228147
0.231747390635 71138.9754222
0.25 69651.2524447
0.250169282673 68609.0613338
0.25101741699 68614.8597637
0.253064689469 68625.4715487
0.254094578728 69091.0236809
0.257906828245 69129.3542508
0.25965852549 68374.6053358
0.272811537231 68269.4603453
0.272996266296 67834.7734072
0.275595645827 68061.0062603
0.279163008051 68055.8284691
0.279352037892 67718.1412048
0.286049343318 66868.7225958
0.290734349543 66917.4584085
0.298107845646 66938.138366
0.300132587277 66205.8209383
0.300539182863 66451.934082
0.307120134027 66358.6315087
0.333108136771 65723.1062278
0.333333694514 62824.3560877
0.33355940499 63085.1091974
0.334916881013 62524.9327568
0.361539845815 61874.959834
0.375253517407 60452.5389614
0.382174834426 60504.6024244
0.387121777848 60473.5855228
0.399906427728 60723.9344868
0.400177216645 58855.4817624
0.400448188921 59231.6108836
0.405357186311 59433.4977092
0.428783207787 57840.9547902
0.43345235079 56927.3207835
0.499661663751 57702.8641863
0.5 47938.4347707
0.500338565347 46953.9084685
0.525327517584 46364.4664739
0.569394317378 46434.9965975
0.600265174554 43051.5844366
0.601078365726 44206.6804993
0.608035120634 44132.3654066
0.608858837907 43213.202161
0.617157635591 43876.4937536
0.666667389029 38928.7276505
0.66711880998 38697.0047654
0.675296857946 39028.0056386
0.677127773468 39152.6929787
0.749491683521 38641.0345011
0.750507034813 37276.4042783
1 0.0
