2063	2063
2644	2644
3123	3123
3500	3500
1293	1293
1882	1882
7000	7000
837	837
431	431
1397	1397
1266	1266
381	381
6130	6130
3750	3750
2132	2132
4360	4360
2655	2655
3875	3875
2482	2482
398	398
1256	1256
2853	2853
5395	5395
1866	1866
1439	1439
1562	1562
931	931
2753	2753
1331	1331
823	823
1535	1535
2624	2624
2239	2239
2849	2849
5891	5891
1537	1537
3634	3634
673	673
2008	2008
5262	5262
2293	2293
463	463
4523	4523
1177	1177
3245	3245
509	509
132	132
234	234
2695	2695
1425	1425
1904	1904
53	53
32	32
2485	2485
1011	1011
280	280
2183	2183
1929	1929
222	222
4636	4636
3170	3170
3395	3395
1392	1392
782	782
3468	3468
580	580
3164	3164
2779	2779
1771	1771
349	349
951	951
626	626
5388	5388
6021	6021
4657	4657
1209	1209
91	91
1028	1028
164	164
3125	3125
389	389
2219	2219
2292	2292
5465	5465
56	56
6067	6067
1022	1022
3200	3200
2569	2569
922	922
1401	1401
914	914
2998	2998
