793	793
1903	1903
997	997
4539	4539
1091	1091
2894	2894
2153	2153
1289	1289
5580	5580
1543	1543
2886	2886
4077	4077
2713	2713
375	375
2634	2634
2003	2003
631	631
1487	1487
979	979
2199	2199
2149	2149
604	604
2934	2934
473	473
3646	3646
1308	1308
38	38
1127	1127
323	323
904	904
896	896
642	642
2320	2320
3055	3055
688	688
159	159
5937	5937
2114	2114
3449	3449
1446	1446
1629	1629
715	715
1296	1296
759	759
2966	2966
2733	2733
3089	3089
1086	1086
3395	3395
3264	3264
1515	1515
2706	2706
2177	2177
3928	3928
3666	3666
2854	2854
3587	3587
1228	1228
3037	3037
2521	2521
3314	3314
1230	1230
1332	1332
4018	4018
795	795
5688	5688
2088	2088
2800	2800
564	564
2294	2294
1430	1430
2896	2896
914	914
3202	3202
5765	5765
1851	1851
