1220	1220
2309	2309
3602	3602
1955	1955
1520	1520
1266	1266
635	635
533	533
2001	2001
129	129
4920	4920
1972	1972
812	812
3011	3011
50	50
1749	1749
194	194
94	94
1866	1866
706	706
4858	4858
17	17
3313	3313
873	873
1483	1483
2093	2093
5137	5137
2443	2443
1029	1029
898	898
2474	2474
1864	1864
2110	2110
1254	1254
5131	5131
667	667
1502	1502
384	384
59	59
182	182
1169	1169
5075	5075
5808	5808
763	763
967	967
1650	1650
5556	5556
838	838
1317	1317
6087	6087
2000	2000
251	251
2937	2937
1442	1442
455	455
1036	1036
2735	2735
1515	1515
4049	4049
2787	2787
22	22
1234	1234
2375	2375
1867	1867
1207	1207
89	89
170	170
18	18
366	366
1353	1353
1078	1078
7110	7110
7314	7314
2677	2677
1580	1580
1145	1145
943	943
79	79
1016	1016
3812	3812
618	618
