4262	4262
2644	2644
4741	4741
437	437
1934	1934
1926	1926
6819	6819
3323	3323
1493	1493
3904	3904
956	956
1058	1058
660	660
1160	1160
1495	1495
377	377
1720	1720
1691	1691
3369	3369
2193	2193
1156	1156
1331	1331
467	467
721	721
1412	1412
2349	2349
3511	3511
3432	3432
2822	2822
1094	1094
305	305
1496	1496
1469	1469
2435	2435
330	330
2914	2914
628	628
324	324
913	913
253	253
347	347
3897	3897
1038	1038
247	247
3064	3064
799	799
670	670
4474	4474
18	18
1861	1861
3314	3314
3060	3060
4374	4374
926	926
5463	5463
2727	2727
33	33
208	208
3606	3606
1001	1001
1857	1857
6	6
2315	2315
1380	1380
3223	3223
