0.00029397460514	0.00142571213993	0.00142667753338
0.00029397460514	0.00160066889322	0.00160175275526
0.00029397460514	0.00589118444348	0.00589517354529
0.00029397460514	0.0112752003164	0.0112828351006
0.00029397460514	0.0265461865392	0.0265641617769
0.00029397460514	0.0386246069573	0.0386507608642
0.00029397460514	0.0805056794425	0.0805601923091
0.00029397460514	0.0988327375611	0.0988996602412
0.000293974605141	0.142831175424	0.142927890797
0.000293974605141	0.142927890797	0.143024671659
0.000293974605141	0.143024671659	0.143121518054
0.000293974605141	0.152214709477	0.152317778728
0.000293974605141	0.22177189301	0.221922061566
0.000293974605141	0.25	0.250169282673
0.000293974605141	0.332657479067	0.332882731656
0.000293974605141	0.333333694514	0.33355940499
0.000293974605141	0.40071934468	0.400990684048
0.000293974605141	0.498985677928	0.499323556445
0.000293974605141	0.499323556445	0.499661663751
0.000293974605141	0.58780047808	0.588198495825
0.000293974605141	0.595812248531	0.596215691292
0.000293974605141	0.666667389029	0.66711880998
0.000293974605141	0.499661663751	0.5
0.000293974605141	0.52889553	0.529253661397
0.000293974605141	0.595409078769	0.595812248531
0.000293974605141	0.66711880998	0.667570536602
0.000293974605141	0.00102325597937	0.0010239488574
0.000293974605141	0.00142474739974	0.00142571213993
0.000293974605141	0.00159958576461	0.00160066889322
0.000293974605141	0.00160175275526	0.00160283735121
0.000293974605141	0.00188174788137	0.00188302207062
0.000293974605141	0.00188302207062	0.00188429712266
0.000293974605141	0.00188429712266	0.00188557303807
0.000293974605141	0.00213134013461	0.00213278333044
0.000293974605141	0.002668408602	0.00267021546337
0.000293974605141	0.00344180913977	0.00344413969438
0.000293974605141	0.00386678847595	0.00386940679711
0.000293974605141	0.00628672092748	0.00629097785918
0.000293974605141	0.00700583845598	0.00701058232423
0.000293974605141	0.00789222847714	0.00789757254728
0.000293974605141	0.0112828351006	0.0112904750545
0.000293974605141	0.0170738200279	0.0170853812355
0.000293974605141	0.0189240827864	0.0189368968637
0.000293974605141	0.0194961888007	0.0195093902686
0.000293974605141	0.0430427499312	0.0430718954983
0.000293974605141	0.0804512034634	0.0805056794425
0.000293974605141	0.0805601923091	0.0806147420879
0.000293974605141	0.166666847257	0.166779702495
0.000293974605141	0.250169282673	0.250338679973
0.000587949210281	0.00386940679711	0.00387464875947
0.000587949210281	0.00981430323333	0.00982759886515
0.000587949210281	0.0133361345475	0.0133542012742
0.000587949210281	0.016294703092	0.0163167778504
0.000587949210281	0.0170507210769	0.0170738200279
0.000587949210281	0.0188984806388	0.0189240827864
0.000587949210281	0.753561349247	0.754582213797
0.000587949210281	0.998647112891	1
0.000587949210281	0.332882731656	0.333333694514
0.000587949210281	0.399635822047	0.400177216645
0.000587949210281	0.528179994056	0.52889553
0.000587949210281	0.667570536602	0.668474907687
0.000587949210281	0.215118443234	0.215409868468
0.000587949210281	0.400177216645	0.40071934468
0.000587949210281	0.750507034813	0.751523761622
0.000587949210281	0.00199319265073	0.00199589286847
0.000881923815422	0.00313910785189	0.00314548892959
0.000881923815422	0.10017983617	0.100383478526
0.000881923815422	0.0306010838521	0.0306632887533
0.000881923815422	0.286436860053	0.28701911971
0.000881923815422	0.358615018262	0.359343999362
0.00117589842056	0.00188557303807	0.00189068534521
0.00117589842056	0.00344413969438	0.0034534777044
0.00117589842056	0.00443636489905	0.00444839310452
0.00117589842056	0.0306632887533	0.030746425363
0.00117589842056	0.0985654993819	0.0988327375611
0.00117589842056	0.751523761622	0.753561349247
0.00117589842056	0.0741244728538	0.0743254446877
0.0014698730257	0.00132341069818	0.00132789738022
0.0014698730257	0.0194303153368	0.0194961888007
0.00176384763084	0.250338679973	0.251357475278
0.00176384763084	0.775817413149	0.778974732418
0.00176384763084	0.00110759074954	0.00111209827613
0.00176384763084	0.00427134530888	0.00428872826603
0.00176384763084	0.181874555222	0.182614724273
0.00176384763084	0.289555952958	0.290734349543
0.00205782223598	0.00116212144887	0.00116764100785
0.00235179684112	0.152317778728	0.153144849205
0.00235179684113	0.00900584975705	0.00905475063067
0.00264577144627	0.284697158689	0.286436860053
0.00293974605141	0.00223324829371	0.00224841646475
0.00293974605141	0.596215691292	0.600265174554
0.00323372065655	0.0521308520353	0.052520462736
0.00323372065655	0.073574597885	0.0741244728538
0.00382166986683	0.00671790245312	0.00677727897939
0.00382166986683	0.28701911971	0.289555952958
0.00440961907711	0.0330112496285	0.0333481375212
0.00529154289253	0.00267021546337	0.00270294898821
0.00529154289253	0.0425214892894	0.0430427499312
0.00529154289253	0.588198495825	0.595409078769
0.00529154289253	0.33355940499	0.337648428973
0.00558551749767	0.0988996602412	0.10017983617
0.00587949210281	0.00858907658305	0.00870614642653
0.00617346670795	0.0793156848245	0.0804512034634
0.00646744131309	0.00132789738022	0.00134782018287
0.00646744131309	0.00220023753634	0.00223324829371
0.00646744131309	0.0034534777044	0.00350529116212
0.00646744131309	0.166779702495	0.169281943367
0.00705539052337	0.0235966613929	0.0239831349441
0.00734936512852	0.0118463459849	0.0120485220735
0.00911321275936	0.00288637919971	0.00294758677264
0.0094071873645	0.143121518054	0.14625547121
0.00999513657478	0.600265174554	0.614240268053
0.0111710349953	0.0189368968637	0.0194303153368
0.0120529588108	0.754582213797	0.775817413149
0.012640908021	0.194348617472	0.200088608322
0.012640908021	0.215409868468	0.22177189301
0.012640908021	0.00982759886515	0.0101178521651
0.0135228318365	0.00213278333044	0.00220023753634
0.0138168064416	0.00142667753338	0.00147279611087
0.0144047556519	0.0711742896723	0.073574597885
0.0144047556519	0.778974732418	0.805245165975
0.0144047556519	0.00677727897939	0.00700583845598
0.0144047556519	0.0806147420879	0.0833334236286
0.014698730257	0.00107073152521	0.00110759074954
0.014698730257	0.00870614642653	0.00900584975705
0.014698730257	0.00428872826603	0.00443636489905
0.0155806540725	0.400990684048	0.415637704035
0.0158746286776	0.00116764100785	0.00121111105337
0.0158746286776	0.00236390967251	0.00245191554106
0.016756552493	0.0371627223438	0.0386246069573
0.0173445017033	0.14625547121	0.152214709477
0.0182264255187	0.00121111105337	0.00126302048167
0.018814374729	0.359343999362	0.375253517407
0.0191083493341	0.221922061566	0.231904313907
0.0191083493341	0.00111209827613	0.00116212144887
0.0191083493341	0.0163167778504	0.0170507210769
0.0194023239393	0.0010239488574	0.00107073152521
0.0202842477547	0.0009765625	0.00102325597937
0.0202842477547	0.00126302048167	0.00132341069818
0.020872196965	0.0112904750545	0.0118463459849
0.0217541207804	0.00224841646475	0.00236390967251
0.022930019201	0.00189068534521	0.00199319265073
0.0238119430164	0.5	0.528179994056
0.0238119430164	0.00444839310452	0.00469910448701
0.0241059176215	0.00134782018287	0.00142474739974
0.0261637398575	0.337648428973	0.358615018262
0.0270456636729	0.182614724273	0.194348617472
0.0273396382781	0.125	0.133121944069
0.0273396382781	0.375253517407	0.399635822047
0.0273396382781	0.00294758677264	0.00313910785189
0.0279275874884	0.00589517354529	0.00628672092748
0.0282215620935	0.0743254446877	0.0793156848245
0.0285155366986	0.00199589286847	0.00213134013461
0.0285155366986	0.00270294898821	0.00288637919971
0.0285155366986	0.00629097785918	0.00671790245312
0.0288095113038	0.0152488446581	0.016294703092
0.0293974605141	0.0195093902686	0.0208757052844
0.0305733589346	0.00175383235117	0.00188174788137
0.0305733589346	0.133121944069	0.142831175424
0.0308673335398	0.030746425363	0.0330112496285
0.0311613081449	0.169281943367	0.181874555222
0.03145528275	0.200088608322	0.215118443234
0.0326311811706	0.231904313907	0.25
0.0349829780117	0.00905475063067	0.00981430323333
0.035570927222	0.614240268053	0.666667389029
0.0358649018272	0.00147279611087	0.00159958576461
0.0364528510374	0.00789757254728	0.00858907658305
0.0367468256426	0.153144849205	0.166666847257
0.0367468256426	0.00245191554106	0.002668408602
0.037628749458	0.0652671114017	0.0711742896723
0.0390986224837	0.00160283735121	0.00175383235117
0.0390986224837	0.00314548892959	0.00344180913977
0.0399805462991	0.0595269794318	0.0652671114017
0.0414504193248	0.0386507608642	0.0425214892894
0.0423323431402	0.00387464875947	0.00427134530888
0.0426263177454	0.00350529116212	0.00386678847595
0.043802216166	0.0170853812355	0.0188984806388
0.0440961907711	0.100383478526	0.111111351899
0.0440961907711	0.0120485220735	0.0133361345475
0.0440961907711	0.0239831349441	0.0265461865392
0.0455660637968	0.529253661397	0.58780047808
0.0467419622174	0.00529006073022	0.00589118444348
0.0470359368225	0.0101178521651	0.0112752003164
0.0470359368225	0.0333481375212	0.0371627223438
0.050269657479	0.668474907687	0.750507034813
0.0511515812945	0.111111351899	0.125
0.0514455558996	0.00469910448701	0.00529006073022
0.0514455558996	0.00701058232423	0.00789222847714
0.0532094035304	0.0208757052844	0.0235966613929
0.0540913273459	0.251357475278	0.284697158689
0.054385301951	0.052520462736	0.0595269794318
0.0576190226076	0.0133542012742	0.0152488446581
0.058500946423	0.290734349543	0.332657479067
0.0614406924744	0.0265641617769	0.0306010838521
0.0729057020749	0.0833334236286	0.0985654993819
0.079373143388	0.415637704035	0.498985677928
0.0829008386497	0.0430718954983	0.0521308520353
0.0934839244347	0.805245165975	0.998647112891
