0.00029397460514	0.00122512819863	0.00122595777053
0.00029397460514	0.00135055998848	0.00135147449411
0.00029397460514	0.00151526838506	0.00151629441979
0.00029397460514	0.00153696164154	0.00153800236544
0.00029397460514	0.00297766761804	0.00297968388817
0.00029397460514	0.0143767641951	0.0143864991434
0.000293974605141	0.100044304161	0.10011204723
0.000293974605141	0.102651051621	0.102720559799
0.000293974605141	0.142831175424	0.142927890797
0.000293974605141	0.181751485713	0.181874555222
0.000293974605141	0.25	0.250169282673
0.000293974605141	0.333333694514	0.33355940499
0.000293974605141	0.502374777175	0.502714950556
0.000293974605141	0.52178357554	0.522136891214
0.000293974605141	0.666216273542	0.666667389029
0.000293974605141	0.778974732418	0.779502200119
0.000293974605141	0.558326016101	0.558704075784
0.000293974605141	0.599858991619	0.600265174554
0.000293974605141	0.750507034813	0.751015226162
0.000293974605141	0.00110384843662	0.00110459588628
0.000293974605141	0.00117955707049	0.00118035578479
0.000293974605141	0.00134964610168	0.00135055998848
0.000293974605141	0.00172323591354	0.00172440276947
0.000293974605141	0.00297565271225	0.00297766761804
0.000293974605141	0.00421105792966	0.00421390936624
0.000293974605141	0.00632942019142	0.0063337060361
0.000293974605141	0.0183936494713	0.0184061043759
0.000293974605141	0.0502257256302	0.0502597350106
0.000293974605141	0.0554805153915	0.0555180829513
0.000293974605141	0.0924892619209	0.0925518892389
0.000293974605141	0.302785324583	0.302990349819
0.000587949210281	0.00208566991054	0.00208849540906
0.000587949210281	0.00253632111131	0.00253975711598
0.000587949210281	0.0341939005431	0.0342402237004
0.000587949210281	0.0143864991434	0.01440598882
0.000587949210281	0.0555180829513	0.0555932944026
0.000587949210281	0.142927890797	0.143121518054
0.000587949210281	0.181505596471	0.181751485713
0.000587949210281	0.111111351899	0.111261876657
0.000587949210281	0.285855781594	0.286243036108
0.000587949210281	0.00172090456988	0.00172323591354
0.000587949210281	0.0063337060361	0.00634228643366
0.000587949210281	0.166666847257	0.16689263415
0.000881923815422	0.00334986881083	0.00335667831665
0.000881923815422	0.551564520195	0.552685722851
0.000881923815422	0.0769882052959	0.0771447044489
0.000881923815422	0.0925518892389	0.0927400257491
0.000881923815422	0.200088608322	0.200495342024
0.000881923815422	0.250169282673	0.250677818763
0.000881923815422	0.666667389029	0.668022569102
0.00117589842056	0.00175501992489	0.00175977826663
0.00117589842056	0.0553304991895	0.0554805153915
0.00117589842056	0.605980699638	0.60762367999
0.00117589842056	0.02592465769	0.0259949465676
0.0014698730257	0.00555802894255	0.00557687200365
0.0014698730257	0.219977776675	0.220723554492
0.0014698730257	0.2411900317	0.242007724187
0.0014698730257	0.751015226162	0.753561349247
0.0014698730257	0.400177216645	0.401533914104
0.0014698730257	0.0416949256237	0.0418362814964
0.0014698730257	0.0830518577629	0.0833334236286
0.00176384763084	0.145564106575	0.146156504155
0.00176384763084	0.00110459588628	0.00110909122476
0.00176384763084	0.250677818763	0.25169799425
0.00205782223598	0.373732550022	0.375507613081
0.00205782223598	0.5	0.502374777175
0.00205782223598	0.548957218052	0.551564520195
0.00235179684113	0.0015070850622	0.00151526838506
0.00264577144627	0.0683878010862	0.0688056990076
0.00293974605141	0.00371540288429	0.00374063781523
0.00323372065655	0.00208849540906	0.00210410421129
0.00323372065655	0.00253975711598	0.00255873851587
0.00323372065655	0.00709172133333	0.00714472277893
0.00352769526169	0.0284245486275	0.0286563763501
0.00352769526169	0.220723554492	0.222523753314
0.00382166986683	0.300132587277	0.302785324583
0.00382166986683	0.444445407594	0.448373661183
0.00382166986683	0.00502139762921	0.00506577951036
0.00411564447197	0.00417133982108	0.00421105792966
0.00411564447197	0.0048542918442	0.0049005127945
0.00411564447197	0.600265174554	0.605980699638
0.00411564447197	0.00267383285737	0.00269929220337
0.00440961907711	0.00159094707929	0.00160718308413
0.00440961907711	0.00497067071636	0.00502139762921
0.00440961907711	0.552685722851	0.558326016101
0.00587949210281	0.25169799425	0.255128659294
0.00587949210281	0.00151629441979	0.00153696164154
0.00617346670795	0.0049005127945	0.00497067071636
0.00676141591823	0.00329811947052	0.00334986881083
0.00734936512852	0.0927400257491	0.0943227767246
0.00734936512852	0.502714950556	0.511294553289
0.00734936512852	0.143121518054	0.145564106575
0.00734936512852	0.00141705294239	0.00144123712725
0.00764333973366	0.00172440276947	0.00175501992489
0.0079373143388	0.0125904753467	0.0128226988097
0.00852526354908	0.00132341069818	0.00134964610168
0.00881923815422	0.421017797177	0.429654824531
0.00881923815422	0.0612436095704	0.0625
0.00881923815422	0.511294553289	0.52178357554
0.0094071873645	0.0833334236286	0.0851581879936
0.00970116196964	0.00122595777053	0.00125365106127
0.0105830857851	0.0342402237004	0.0350848544473
0.0108770603902	0.10011204723	0.102651051621
0.0108770603902	0.00557687200365	0.00571831055074
0.0111710349953	0.00210410421129	0.00215892860489
0.0114650096005	0.389751100059	0.400177216645
0.0117589842056	0.0749316354421	0.0769882052959
0.0120529588108	0.324209888663	0.333333694514
0.012640908021	0.00186399949891	0.00191905180753
0.0132288572313	0.0487188875074	0.0502257256302
0.0141107810467	0.242007724187	0.25
0.0144047556519	0.753561349247	0.778974732418
0.014698730257	0.429654824531	0.444445407594
0.014698730257	0.00153800236544	0.00159094707929
0.0158746286776	0.01440598882	0.0149423086182
0.0161686032827	0.375507613081	0.389751100059
0.0161686032827	0.00118035578479	0.00122512819863
0.018814374729	0.60762367999	0.634525478596
0.0191083493341	0.0120485220735	0.0125904753467
0.0191083493341	0.00255873851587	0.00267383285737
0.0194023239393	0.00144123712725	0.0015070850622
0.0194023239393	0.00242550353921	0.00253632111131
0.0199902731496	0.00398368782417	0.00417133982108
0.0202842477547	0.136313466583	0.142831175424
0.0205782223598	0.0184061043759	0.019299235374
0.0205782223598	0.286243036108	0.300132587277
0.0205782223598	0.401533914104	0.421017797177
0.0205782223598	0.00135147449411	0.00141705294239
0.0211661715701	0.0114753940104	0.0120485220735
0.0211661715701	0.634525478596	0.666216273542
0.0217541207804	0.522136891214	0.548957218052
0.0223420699907	0.00215892860489	0.0022729001148
0.0235179684112	0.00125365106127	0.00132341069818
0.0235179684112	0.354032356404	0.373732550022
0.0238119430164	0.0210459654099	0.0222321157702
0.024987841437	0.00175977826663	0.00186399949891
0.0252818160421	0.0350848544473	0.0371878863638
0.0255757906472	0.0943227767246	0.100044304161
0.0258697652524	0.0108117959528	0.0114753940104
0.0258697652524	0.33355940499	0.354032356404
0.0261637398575	0.146156504155	0.155232226509
0.0267516890678	0.00110909122476	0.00117955707049
0.0270456636729	0.0243594437537	0.02592465769
0.0273396382781	0.00374063781523	0.00398368782417
0.0282215620935	0.0022729001148	0.00242550353921
0.0293974605141	0.302990349819	0.324209888663
0.0296914351192	0.00160718308413	0.00172090456988
0.0308673335398	0.155232226509	0.166666847257
0.0308673335398	0.558704075784	0.599858991619
0.0320432319603	0.0771447044489	0.0830518577629
0.0326311811706	0.0418362814964	0.0451008012654
0.033513104986	0.0451008012654	0.0487188875074
0.0341010541963	0.102720559799	0.111111351899
0.0349829780117	0.222523753314	0.2411900317
0.0358649018272	0.0851581879936	0.0924892619209
0.0361588764323	0.00191905180753	0.00208566991054
0.0364528510374	0.16689263415	0.181505596471
0.0370408002477	0.0688056990076	0.0749316354421
0.0373347748529	0.0149423086182	0.0162836769146
0.037628749458	0.125	0.136313466583
0.037628749458	0.019299235374	0.0210459654099
0.0388046478786	0.0259949465676	0.0284245486275
0.0390986224837	0.0625	0.0683878010862
0.039686571694	0.0222321157702	0.0243594437537
0.0402745209043	0.00506577951036	0.00555802894255
0.0402745209043	0.200495342024	0.219977776675
0.0414504193248	0.181874555222	0.200088608322
0.04174439393	0.0502597350106	0.0553304991895
0.0420383685351	0.0555932944026	0.0612436095704
0.0423323431402	0.00269929220337	0.00297565271225
0.0440961907711	0.00571831055074	0.00632942019142
0.0440961907711	0.00297968388817	0.00329811947052
0.0440961907711	0.00335667831665	0.00371540288429
0.0473299114276	0.448373661183	0.5
0.0485058098482	0.00634228643366	0.00709172133333
0.0493877336636	0.255128659294	0.285855781594
0.0496817082688	0.0128226988097	0.0143767641951
0.0496817082688	0.0371878863638	0.0416949256237
0.0499756828739	0.00826958845933	0.00927811134396
0.0505636320842	0.111261876657	0.125
0.0505636320842	0.668022569102	0.750507034813
0.0529154289253	0.0162836769146	0.0183936494713
0.0532094035304	0.0009765625	0.00110384843662
0.0614406924744	0.00421390936624	0.0048542918442
0.0634985147104	0.00714472277893	0.00826958845933
0.0664382607618	0.00927811134396	0.0108117959528
0.0767273719417	0.0286563763501	0.0341939005431
0.108182654692	0.779502200119	1
