0.00029397460514	0.00147279611087	0.00147379338632
0.00029397460514	0.00571831055074	0.00572218259432
0.00029397460514	0.0104732394848	0.0104803312367
0.00029397460514	0.039631007041	0.0396578424122
0.000293974605141	0.099976606932	0.100044304161
0.000293974605141	0.100044304161	0.10011204723
0.000293974605141	0.333108136771	0.333333694514
0.000293974605141	0.333333694514	0.33355940499
0.000293974605141	0.384250005985	0.384510193458
0.000293974605141	0.429364088928	0.429654824531
0.000293974605141	0.60475138044	0.605160876162
0.000293974605141	0.812912442273	0.813462890238
0.000293974605141	0.81236236678	0.812912442273
0.000293974605141	0.00102672506439	0.00102742029145
0.000293974605141	0.00127936925794	0.00128023555813
0.000293974605141	0.00170929507704	0.0017104524932
0.000293974605141	0.00307184324374	0.00307392328308
0.000293974605141	0.0040874865182	0.00409025428078
0.000293974605141	0.00571444112725	0.00571831055074
0.000293974605141	0.00788155118297	0.00788688802319
0.000293974605141	0.0202494065467	0.0202631180414
0.000293974605141	0.0395773907624	0.0396041898285
0.000293974605141	0.0396041898285	0.039631007041
0.000293974605141	0.0483247557232	0.0483574778985
0.000293974605141	0.166666847257	0.166779702495
0.000293974605141	0.210366453007	0.210508898589
0.000587949210281	0.00102533602129	0.00102672506439
0.000587949210281	0.00127763841576	0.00127936925794
0.000587949210281	0.00699636034745	0.00700583845598
0.000587949210281	0.00864741339365	0.00865912821659
0.000587949210281	0.601892658545	0.602708054503
0.000587949210281	0.254266633966	0.254611094033
0.000587949210281	0.29750309091	0.297906124265
0.000587949210281	0.666667389029	0.667570536602
0.000587949210281	0.00788688802319	0.00789757254728
0.000587949210281	0.0416949256237	0.0417514105689
0.000587949210281	0.0704552763108	0.0705507234751
0.000881923815422	0.0017104524932	0.00171392944613
0.000881923815422	0.00354586066667	0.00355306857843
0.000881923815422	0.0833334236286	0.0835028211378
0.000881923815422	0.210508898589	0.210936814322
0.000881923815422	0.0149726828636	0.0150031188528
0.000881923815422	0.032921989061	0.0329889118238
0.000881923815422	0.557570664032	0.558704075784
0.000881923815422	0.00113721958261	0.00113953128609
0.00117589842056	0.384510193458	0.385552706352
0.00117589842056	0.261422120223	0.262130907495
0.00117589842056	0.5	0.501355637525
0.0014698730257	0.00102742029145	0.00103090349449
0.0014698730257	0.00206739711483	0.0020744060906
0.0014698730257	0.0705507234751	0.0707899074749
0.0014698730257	0.253407521238	0.254266633966
0.0014698730257	0.602708054503	0.60475138044
0.0014698730257	0.0830518577629	0.0833334236286
0.00176384763084	0.210936814322	0.211795257117
0.00235179684112	0.0841838616396	0.0846409716836
0.00235179684113	0.00120294070775	0.00120947255684
0.00293974605141	0.00138668841992	0.00139610677577
0.00352769526169	0.501355637525	0.505444643026
0.00352769526169	0.00343948016218	0.00346753221197
0.00352769526169	0.0835028211378	0.0841838616396
0.00382166986683	0.00112725627011	0.00113721958261
0.00470359368225	0.429654824531	0.434333458818
0.00470359368225	0.434333458818	0.439063040093
0.00499756828739	0.112702071456	0.114006461588
0.00558551749767	0.111261876657	0.112702071456
0.00558551749767	0.219977776675	0.22282521067
0.00587949210281	0.0417514105689	0.0423204858418
0.00587949210281	0.25	0.253407521238
0.00617346670795	0.0985654993819	0.099976606932
0.00705539052337	0.505444643026	0.513722974559
0.00764333973366	0.0274786154705	0.0279665044113
0.00823128894394	0.13948705306	0.142155997787
0.0094071873645	0.0235806941811	0.024097044147
0.00970116196964	0.00346753221197	0.00354586066667
0.0111710349953	0.374492261556	0.384250005985
0.0111710349953	0.02298187991	0.0235806941811
0.0114650096005	0.254611094033	0.261422120223
0.0129348826262	0.00244859837614	0.00252262351508
0.0138168064416	0.297906124265	0.307536195782
0.0141107810467	0.00128023555813	0.00132251518256
0.0158746286776	0.33355940499	0.345977470491
0.0161686032827	0.0483574778985	0.050191739263
0.0164625778879	0.211795257117	0.219977776675
0.0191083493341	0.00187031890761	0.00195444752088
0.0205782223598	0.00132251518256	0.00138668841992
0.0211661715701	0.0009765625	0.00102533602129
0.0217541207804	0.0396578424122	0.0416949256237
0.0232239938061	0.00139610677577	0.00147279611087
0.0235179684112	0.00113953128609	0.00120294070775
0.0238119430164	0.00120947255684	0.00127763841576
0.0243998922267	0.00195444752088	0.00206739711483
0.0279275874884	0.00656061544792	0.00699636034745
0.0299854097243	0.00865912821659	0.00927811134396
0.0323372065655	0.558704075784	0.601892658545
0.0332191303809	0.154393882992	0.166666847257
0.0343950288015	0.345977470491	0.374492261556
0.0346890034066	0.307536195782	0.333108136771
0.035570927222	0.513722974559	0.557570664032
0.0358649018272	0.142155997787	0.154393882992
0.0379227240631	0.00171392944613	0.00187031890761
0.0388046478786	0.00103090349449	0.00112725627011
0.0393925970888	0.00789757254728	0.00864741339365
0.0399805462991	0.114006461588	0.125
0.0402745209043	0.667570536602	0.732439372073
0.04174439393	0.0104803312367	0.0115377042652
0.0420383685351	0.605160876162	0.666667389029
0.0449781145865	0.732439372073	0.81236236678
0.0458600384019	0.10011204723	0.111261876657
0.0467419622174	0.385552706352	0.429364088928
0.0473299114276	0.0181586011003	0.0202494065467
0.0476238860328	0.125	0.13948705306
0.0487997844533	0.00307392328308	0.00343948016218
0.0499756828739	0.22282521067	0.25
0.0511515812945	0.00700583845598	0.00788155118297
0.0526214543202	0.00927811134396	0.0104732394848
0.0540913273459	0.0115377042652	0.0130680482784
0.0546792765562	0.0202631180414	0.02298187991
0.0549732511613	0.262130907495	0.29750309091
0.056443124187	0.439063040093	0.5
0.0570310733973	0.024097044147	0.0274786154705
0.0570310733973	0.00501121100031	0.00571444112725
0.0576190226076	0.0423204858418	0.0483247557232
0.0590888956333	0.0130680482784	0.0149726828636
0.0593828702384	0.00572218259432	0.00656061544792
0.0608527432641	0.00355306857843	0.0040874865182
0.0629105655001	0.060954104737	0.0704552763108
0.0643804385258	0.00147379338632	0.00170929507704
0.0661442861566	0.0846409716836	0.0985654993819
0.0693780068132	0.0707899074749	0.0830518577629
0.0708478798389	0.0279665044113	0.032921989061
0.0720237782594	0.0020744060906	0.00244859837614
0.0790791687828	0.0329889118238	0.0395773907624
0.0829008386497	0.0150031188528	0.0181586011003
0.0843707116754	0.050191739263	0.060954104737
0.0855466100959	0.00252262351508	0.00307184324374
0.0881923815422	0.00409025428078	0.00501121100031
0.100833289563	0.166779702495	0.210366453007
