0.00029397460514	0.00121193113383	0.0012127517696
0.00029397460514	0.00183396228704	0.0018352041192
0.00029397460514	0.0333030212558	0.0333255717537
0.00029397460514	0.0500221520806	0.0500560236151
0.00029397460514	0.0555180829513	0.0555556759493
0.00029397460514	0.0833334236286	0.0833898512475
0.000293974605141	0.249830831876	0.25
0.000293974605141	0.287602562965	0.287797307488
0.000293974605141	0.333108136771	0.333333694514
0.000293974605141	0.666667389029	0.66711880998
0.000293974605141	0.00106135072228	0.00106206939543
0.000293974605141	0.00151117118433	0.00151219444472
0.000293974605141	0.00201626144433	0.00201762671684
0.000293974605141	0.00252091652513	0.00252262351508
0.000293974605141	0.00290598342085	0.00290795115141
0.000293974605141	0.00360881821293	0.00361126185451
0.000293974605141	0.00440942021719	0.00441240597096
0.000293974605141	0.00569898959894	0.00570284855972
0.000293974605141	0.00570284855972	0.00570671013352
0.000293974605141	0.00745599799565	0.00746104668074
0.000293974605141	0.0104449204326	0.0104519930088
0.000293974605141	0.012573441855	0.0125819557184
0.000293974605141	0.0200312802066	0.0200448440012
0.000293974605141	0.0229663287039	0.02298187991
0.000293974605141	0.0332804860172	0.0333030212558
0.000293974605141	0.0333255717537	0.0333481375212
0.000293974605141	0.100723802774	0.100792005952
0.000293974605141	0.125593694294	0.125678737639
0.000293974605141	0.287407950221	0.287602562965
0.000587949210281	0.00391154187458	0.00391684091816
0.000587949210281	0.0104307896344	0.0104449204326
0.000587949210281	0.0104519930088	0.0104661525317
0.000587949210281	0.0133361345475	0.0133542012742
0.000587949210281	0.0818242268126	0.0819350757203
0.000587949210281	0.166441365828	0.166666847257
0.000587949210281	0.334237453844	0.334690251971
0.000587949210281	0.545623074461	0.546362240894
0.000587949210281	0.145268808802	0.145465607347
0.000587949210281	0.167005642276	0.167231888141
0.000587949210281	0.167231888141	0.167458440507
0.000881923815422	0.0115142983689	0.0115377042652
0.000881923815422	0.0142894455579	0.0143184926842
0.000881923815422	0.0405536776412	0.0406361138556
0.000881923815422	0.0833898512475	0.0835593634609
0.000881923815422	0.0921143869516	0.0923016341212
0.000881923815422	0.166666847257	0.167005642276
0.000881923815422	0.222222703797	0.222674430978
0.000881923815422	0.66711880998	0.668474907687
0.000881923815422	0.00132341069818	0.00132610088497
0.00117589842056	0.00315615289711	0.00316471009571
0.00117589842056	0.00746104668074	0.00748127563046
0.00117589842056	0.333333694514	0.334237453844
0.0014698730257	0.0664709225534	0.0666962750423
0.00176384763084	0.3317579919	0.333108136771
0.00176384763084	0.00252262351508	0.00253288975518
0.00205782223598	0.125	0.125593694294
0.00205782223598	0.222674430978	0.22373203529
0.00205782223598	0.199142768918	0.200088608322
0.00235179684113	0.00185770144215	0.00186778857727
0.00323372065655	0.411717467425	0.41479452304
0.00323372065655	0.00361126185451	0.00363825136661
0.00323372065655	0.0812172330299	0.0818242268126
0.00352769526169	0.00132610088497	0.00133691642869
0.00352769526169	0.00509328619216	0.00513482651543
0.00352769526169	0.0165391769187	0.0166740687606
0.00352769526169	0.0278154691643	0.0280423292969
0.00352769526169	0.00441240597096	0.00444839310452
0.00382166986683	0.00164571437988	0.00166026011105
0.00382166986683	0.0406361138556	0.0409952782375
0.00382166986683	0.284889935874	0.287407950221
0.00382166986683	0.00157487509301	0.0015887947075
0.00411564447197	0.0555556759493	0.0560846585938
0.00529154289253	0.0018352041192	0.00185770144215
0.00558551749767	0.00181052648934	0.00183396228704
0.00558551749767	0.00316471009571	0.00320567470243
0.00587949210281	0.00100336518469	0.00101704113739
0.00587949210281	0.00151219444472	0.00153280578346
0.00705539052337	0.142927890797	0.145268808802
0.00734936512852	0.0819350757203	0.0833334236286
0.00823128894394	0.100792005952	0.102720559799
0.00823128894394	0.370207556956	0.377291106898
0.00823128894394	0.122653155013	0.125
0.00911321275936	0.0409952782375	0.0418646101267
0.0094071873645	0.0333481375212	0.0340783666458
0.00970116196964	0.0984988028192	0.100723802774
0.0105830857851	0.361295201744	0.370207556956
0.0117589842056	0.0009765625	0.00100336518469
0.0117589842056	0.00153280578346	0.00157487509301
0.0117589842056	0.00785492110244	0.00807050686735
0.0123469334159	0.00553924954813	0.00569898959894
0.0135228318365	0.00166026011105	0.00171276967721
0.0149927048622	0.41479452304	0.429364088928
0.0152866794673	0.0015887947075	0.00164571437988
0.0158746286776	0.00391684091816	0.00406266078219
0.0158746286776	0.0242607107166	0.0251639114367
0.0164625778879	0.00870614642653	0.00904250057526
0.0176384763084	0.11777151119	0.122653155013
0.0185204001239	0.00101704113739	0.00106135072228
0.018814374729	0.0181832009184	0.0189882399997
0.0191083493341	0.668474907687	0.698543505487
0.0211661715701	0.00748127563046	0.00785492110244
0.0232239938061	0.0189882399997	0.0200312802066
0.0235179684112	0.00201762671684	0.00212989791536
0.0235179684112	0.02298187991	0.0242607107166
0.0241059176215	0.00171276967721	0.00181052648934
0.0252818160421	0.0125819557184	0.0133361345475
0.0279275874884	0.0280423292969	0.029904853028
0.0282215620935	0.0923016341212	0.0984988028192
0.0293974605141	0.0133542012742	0.0142894455579
0.03145528275	0.00363825136661	0.00391154187458
0.0329251557757	0.00513482651543	0.00553924954813
0.0329251557757	0.00807050686735	0.00870614642653
0.0332191303809	0.00186778857727	0.00201626144433
0.0332191303809	0.334690251971	0.361295201744
0.035570927222	0.00290795115141	0.00315615289711
0.035570927222	0.00406266078219	0.00440942021719
0.035570927222	0.614240268053	0.666667389029
0.0373347748529	0.0115377042652	0.012573441855
0.037628749458	0.0166740687606	0.0181832009184
0.0379227240631	0.5	0.545623074461
0.0379227240631	0.377291106898	0.411717467425
0.0379227240631	0.0012127517696	0.00132341069818
0.0414504193248	0.0104661525317	0.0115142983689
0.0423323431402	0.0835593634609	0.0921143869516
0.0435082415608	0.0251639114367	0.0278154691643
0.0449781145865	0.0500560236151	0.0555180829513
0.0455660637968	0.200088608322	0.222222703797
0.0464479876122	0.029904853028	0.0332804860172
0.0479178606379	0.22373203529	0.249830831876
0.0508576066893	0.546362240894	0.614240268053
0.0514455558996	0.00320567470243	0.00360881821293
0.0532094035304	0.00133691642869	0.00151117118433
0.0558551749767	0.125678737639	0.142927890797
0.0567370987921	0.25	0.284889935874
0.0573250480024	0.00106206939543	0.00121193113383
0.058500946423	0.145465607347	0.166441365828
0.0587949210281	0.00444839310452	0.00509328619216
0.0590888956333	0.0200448440012	0.0229663287039
0.0593828702384	0.102720559799	0.11777151119
0.0596768448435	0.00253288975518	0.00290598342085
0.0617346670795	0.287797307488	0.3317579919
0.0620286416847	0.00904250057526	0.0104307896344
0.0626165908949	0.0143184926842	0.0165391769187
0.0661442861566	0.429364088928	0.5
0.07319967668	0.00212989791536	0.00252091652513
0.0737876258903	0.0560846585938	0.0664709225534
0.075257498916	0.167458440507	0.199142768918
0.0755514735211	0.0340783666458	0.0405536776412
0.077315321152	0.0418646101267	0.0500221520806
0.0855466100959	0.0666962750423	0.0812172330299
0.116119969031	0.00570671013352	0.00745599799565
0.155806540725	0.698543505487	1
