36	8760
48	9740
52	9290
52	9415
54	9952
58	3454
76	7751
76	9740
87	8351
87	8689
87	9965
134	6244
134	7204
134	7252
157	7841
157	9527
174	1321
174	6330
174	6623
235	4152
235	7198
235	9417
260	7263
260	7614
272	3632
272	4282
293	8642
295	9875
309	7354
314	8353
315	9349
317	9444
356	9589
430	9708
442	9712
489	2791
489	7718
494	9772
559	8914
559	9420
559	9913
586	4133
586	9419
593	9320
602	7413
602	9906
616	7579
616	8577
693	5477
695	9501
708	8687
708	9976
719	2217
719	3311
719	9590
724	9159
733	4201
739	6851
754	2346
754	3752
797	4100
806	9582
806	9772
828	5969
830	9190
846	7541
875	1614
875	3454
875	6832
875	9787
900	5086
900	7805
900	8546
900	9456
904	9350
904	9789
919	7581
919	8140
924	8728
924	9782
933	1636
942	5119
942	7279
942	9782
978	9929
1010	1720
1010	2285
1010	9667
1012	5939
1012	9810
1024	7541
1025	9730
1051	6136
1051	8460
1071	8505
1078	7015
1093	8140
1093	9397
1114	8314
1114	8856
1114	9483
1118	2976
1118	6874
1118	7883
1118	8353
1150	9043
1171	5579
1171	6649
1196	6045
1196	7247
1196	9590
1226	9555
1250	2008
1250	7400
1250	9624
1251	8603
1278	8315
1278	9168
1321	174
1321	6806
1332	1923
1332	5432
1332	9060
1350	7805
1350	8546
1350	9402
1363	2798
1363	5959
1401	4304
1401	5657
1409	5716
1409	8889
1409	9444
1412	8038
1450	2339
1450	6047
1450	6979
1493	5697
1493	5701
1501	5294
1501	9844
1526	6729
1541	2657
1541	9410
1544	2120
1597	8953
1597	9644
1610	9170
1614	875
1636	933
1659	9759
1720	1010
1720	6806
1789	6398
1821	7563
1824	9214
1843	5477
1843	7575
1843	7744
1923	1332
1923	9395
1926	8314
1926	9638
1978	9320
1978	9407
1982	7563
1982	9782
1984	4728
2008	1250
2008	7883
2009	4879
2009	9408
2010	6136
2010	7476
2052	6477
2052	6484
2072	9929
2080	9060
2120	1544
2130	2657
2208	9410
2208	9928
2217	719
2217	4282
2217	8657
2217	9483
2230	8125
2230	9913
2234	6475
2264	7751
2264	9545
2280	7883
2285	1010
2285	9667
2291	4156
2291	8242
2291	9150
2303	9307
2304	9170
2328	9147
2328	9209
2333	7899
2339	1450
2340	3003
2346	754
2346	6398
2354	7958
2378	9604
2384	9168
2384	9712
2390	5119
2390	9417
2408	6555
2443	8150
2443	9036
2446	2589
2446	6946
2446	8742
2446	8888
2446	9437
2462	7847
2469	9863
2491	7582
2491	9307
2522	5044
2522	9408
2542	7833
2560	8640
2560	9523
2561	4642
2561	8763
2561	9731
2574	5086
2574	6807
2574	9414
2584	6900
2589	2446
2594	7975
2594	9740
2604	3281
2604	6900
2649	8889
2657	1541
2657	2130
2657	7244
2657	9974
2658	4881
2658	7747
2725	6945
2747	6676
2747	6844
2765	5577
2765	7483
2767	9130
2778	5545
2778	9916
2791	489
2791	7563
2791	8894
2791	9368
2798	1363
2798	3972
2798	9841
2798	9922
2805	4156
2827	3453
2827	9644
2827	9916
2834	3765
2834	8689
2853	7255
2860	4878
2860	8983
2860	9171
2870	9417
2913	9290
2919	4682
2927	9637
2928	6960
2928	8889
2944	3380
2944	5600
2944	9395
2946	3032
2961	7015
2961	9582
2976	1118
2992	6077
2992	7559
3003	2340
3032	2946
3032	5755
3032	9875
3038	3454
3077	9155
3077	9952
3083	5196
3083	9368
3131	7263
3215	6806
3215	8379
3215	9730
3227	9150
3246	6898
3246	7702
3246	9555
3246	9695
3259	8455
3276	5663
3281	2604
3281	8596
3281	9402
3281	9859
3283	6792
3293	9215
3302	7252
3302	9483
3309	9128
3311	719
3311	6081
3314	8887
3314	8914
3327	5959
3327	8283
3329	5437
3329	9841
3329	9922
3352	6606
3356	8148
3356	8888
3356	9527
3380	2944
3380	4685
3380	9003
3395	7358
3395	7789
3395	8642
3395	9054
3395	9117
3398	9159
3398	9181
3441	9644
3453	2827
3454	58
3454	875
3454	3038
3454	5298
3462	7032
3462	8381
3462	9974
3485	7575
3485	8252
3485	8894
3485	9659
3501	5796
3501	9660
3522	3523
3523	3522
3543	9406
3543	9469
3583	4163
3583	5833
3583	7326
3583	9365
3632	272
3632	8025
3632	9965
3661	9307
3661	9420
3685	5701
3685	9731
3686	8278
3686	9160
3705	7000
3705	7271
3714	6806
3714	8245
3721	5663
3721	9825
3740	7835
3742	8781
3751	5405
3751	8534
3752	754
3752	5993
3752	9682
3760	9060
3765	2834
3765	6518
3771	7127
3771	9169
3771	9759
3779	9682
3789	5796
3795	9117
3810	5390
3891	9368
3896	7358
3896	8838
3896	9155
3896	9952
3909	6047
3909	8317
3911	7833
3911	8114
3929	7097
3929	8460
3931	5128
3931	8763
3947	7461
3951	9307
3951	9660
3972	2798
3972	9858
3972	9883
3976	4905
3976	7579
3992	7413
4024	6273
4035	9712
4035	9806
4037	9740
4054	8059
4060	9740
4100	797
4100	9156
4100	9800
4107	8327
4133	586
4133	5789
4133	9929
4152	235
4156	2291
4156	2805
4156	7343
4163	3583
4170	5599
4181	5108
4181	5697
4181	6758
4181	9886
4201	733
4201	7184
4203	9712
4246	8819
4246	9634
4246	9689
4246	9810
4260	5702
4260	6606
4270	9959
4277	5351
4279	9014
4282	272
4282	2217
4282	8260
4282	8657
4282	9483
4289	9802
4299	8728
4299	9754
4304	1401
4304	9667
4308	8148
4315	7097
4315	8901
4330	4543
4330	9730
4341	5502
4341	7367
4348	7255
4375	7958
4375	8887
4375	9731
4409	9033
4412	9501
4434	6922
4473	6229
4473	9959
4481	7580
4481	9147
4522	6844
4522	6900
4522	8148
4522	9527
4522	9730
4543	4330
4543	9487
4559	7789
4559	7988
4586	8070
4609	9638
4609	9683
4613	5417
4624	8294
4624	9859
4639	9036
4642	2561
4642	6581
4642	9876
4677	8381
4682	2919
4685	3380
4685	5485
4704	7407
4704	8975
4704	9170
4708	9917
4728	1984
4728	7616
4728	9887
4762	6635
4762	8498
4776	8665
4776	9825
4779	9044
4780	9349
4780	9966
4824	9782
4872	9759
4878	2860
4878	6948
4878	8983
4879	2009
4879	9190
4880	5293
4881	2658
4881	4897
4881	7744
4881	8762
4888	8589
4893	9590
4897	4881
4897	5488
4905	3976
4905	9003
4917	9487
4928	7244
4928	7863
4928	9682
4934	9856
4960	7380
4968	9171
4973	5390
4977	7343
4977	8114
4986	6136
4986	8649
4997	9014
5014	7575
5034	9503
5041	8760
5044	2522
5044	9825
5047	5136
5047	9156
5047	9349
5055	9545
5073	9589
5073	9906
5080	5529
5080	9966
5081	8402
5081	8411
5081	9252
5086	900
5086	2574
5086	6447
5107	9348
5108	4181
5108	7422
5108	8678
5108	9886
5117	9856
5119	942
5119	2390
5123	7559
5123	8645
5123	9360
5123	9883
5128	3931
5136	5047
5136	6898
5153	9406
5153	9469
5155	9503
5174	9407
5196	3083
5231	9740
5281	8836
5293	4880
5293	6264
5294	1501
5294	6784
5294	7244
5294	8830
5294	9555
5298	3454
5309	7214
5309	7718
5309	8887
5323	6118
5323	9712
5351	4277
5362	5514
5362	9555
5390	3810
5390	4973
5400	8836
5405	3751
5405	8534
5405	8645
5405	9886
5410	6898
5410	7400
5410	9307
5417	4613
5423	8887
5423	9410
5432	1332
5432	9422
5433	7510
5433	9706
5437	3329
5437	8728
5442	6635
5442	7078
5442	9853
5442	9887
5459	8498
5460	9368
5460	9802
5471	8757
5477	693
5477	1843
5479	7847
5479	9928
5485	4685
5485	8283
5488	4897
5490	8059
5490	8242
5490	8456
5490	8465
5502	4341
5502	9051
5502	9318
5514	5362
5514	6827
5514	8068
5515	6475
5515	8498
5515	9772
5529	5080
5529	5832
5545	2778
5545	5600
5562	9917
5577	2765
5577	6345
5577	6520
5577	9415
5579	1171
5579	6029
5584	8901
5584	9408
5584	9551
5599	4170
5600	2944
5600	5545
5600	6044
5600	9916
5614	9850
5657	1401
5657	8294
5658	7751
5658	9637
5658	9706
5663	3276
5663	3721
5663	9825
5667	9501
5680	7806
5680	8388
5697	1493
5697	4181
5697	6485
5697	8586
5699	7638
5701	1493
5701	3685
5702	4260
5716	1409
5716	8150
5716	9483
5748	6217
5748	7015
5755	3032
5755	9284
5757	9456
5772	6081
5772	9989
5789	4133
5789	6392
5796	3501
5796	3789
5799	8315
5803	8555
5821	9875
5832	5529
5833	3583
5833	6979
5833	9863
5845	6807
5845	9307
5866	7883
5866	9422
5883	7641
5883	8908
5894	9782
5925	9759
5925	9850
5939	1012
5939	7407
5939	9043
5959	1363
5959	3327
5959	9863
5959	9976
5969	828
5969	7381
5969	8467
5969	9789
5979	8645
5979	9331
5979	9829
5993	3752
5993	9682
6010	6954
6010	7541
6010	9075
6026	7747
6026	8735
6028	8505
6028	8735
6029	5579
6029	6275
6044	5600
6044	7484
6044	7522
6045	1196
6047	1450
6047	3909
6047	9360
6053	6807
6053	7971
6053	9501
6077	2992
6081	3311
6081	5772
6081	7416
6087	8762
6087	9913
6101	9582
6106	9754
6106	9858
6112	6732
6112	9350
6112	9634
6118	5323
6118	9503
6136	1051
6136	2010
6136	4986
6141	9637
6150	9471
6151	9414
6185	9148
6185	9917
6189	6705
6189	6922
6189	9003
6207	8209
6210	6292
6210	9759
6217	5748
6217	8868
6229	4473
6229	7358
6229	8781
6229	8889
6229	9806
6240	7381
6240	8467
6240	9168
6244	134
6244	9051
6244	9527
6244	9772
6245	6335
6245	9419
6264	5293
6273	4024
6275	6029
6292	6210
6292	7616
6292	8689
6292	9731
6292	9853
6292	9887
6305	7708
6305	8640
6305	9350
6307	8583
6307	8781
6307	8889
6307	9806
6312	8680
6330	174
6330	9789
6330	9802
6333	9060
6333	9415
6335	6245
6335	8093
6335	9596
6345	5577
6345	9368
6382	8534
6392	5789
6392	6945
6392	9637
6394	9420
6398	1789
6398	2346
6398	6951
6398	8735
6398	8914
6427	7415
6431	9655
6447	5086
6447	7126
6447	8242
6453	8148
6453	9083
6453	9290
6453	9859
6453	9965
6475	2234
6475	5515
6475	6676
6475	9320
6477	2052
6484	2052
6484	8821
6485	5697
6485	8586
6488	8546
6488	9555
6488	9800
6505	7255
6505	7594
6505	8887
6518	3765
6520	5577
6529	6915
6529	9687
6555	2408
6555	9708
6581	4642
6581	9181
6606	3352
6606	4260
6606	9503
6623	174
6623	8226
6623	8388
6623	8460
6623	9789
6625	6954
6625	7294
6635	4762
6635	5442
6635	7078
6635	8689
6635	9853
6649	1171
6649	8908
6649	9545
6649	9667
6676	2747
6676	6475
6676	9320
6701	8278
6705	6189
6705	6903
6705	9003
6705	9887
6729	1526
6729	6824
6729	8836
6732	6112
6732	8901
6732	9350
6736	9689
6736	9810
6758	4181
6758	7594
6758	9886
6760	9989
6784	5294
6784	8570
6784	9501
6792	3283
6792	9582
6792	9689
6804	9169
6804	9878
6806	1321
6806	1720
6806	3215
6806	3714
6806	6844
6806	7652
6807	2574
6807	5845
6807	6053
6807	9952
6824	6729
6827	5514
6827	6985
6827	8068
6832	875
6832	9170
6840	8242
6840	9660
6844	2747
6844	4522
6844	6806
6847	9687
6851	739
6851	9397
6874	1118
6879	7909
6879	9644
6879	9683
6896	9582
6898	3246
6898	5136
6898	5410
6898	9501
6898	9829
6900	2584
6900	2604
6900	4522
6900	7367
6903	6705
6903	7041
6910	8418
6915	6529
6915	9725
6922	4434
6922	6189
6937	9896
6945	2725
6945	6392
6945	7717
6945	8038
6945	9637
6946	2446
6948	4878
6948	9291
6951	6398
6954	6010
6954	6625
6960	2928
6960	9523
6960	9644
6975	7757
6979	1450
6979	5833
6985	6827
6985	7263
6986	9148
6992	7415
6992	9345
6992	9731
7000	3705
7000	7271
7000	8603
7000	9131
7003	8992
7015	1078
7015	2961
7015	5748
7032	3462
7032	7350
7032	9193
7033	9415
7041	6903
7044	8995
7048	8476
7048	8505
7077	9659
7078	5442
7078	6635
7078	8504
7078	9772
7078	9887
7085	9155
7085	9360
7085	9952
7097	3929
7097	4315
7097	7805
7097	9159
7097	9402
7097	9859
7105	9360
7126	6447
7126	7214
7126	9419
7127	3771
7174	9894
7184	4201
7184	7255
7198	235
7198	8418
7203	8535
7203	8640
7204	134
7204	8546
7204	9083
7204	9402
7204	9859
7204	9965
7214	5309
7214	7126
7214	8046
7217	8229
7244	2657
7244	4928
7244	5294
7244	8774
7247	1196
7247	8914
7248	7343
7248	8114
7248	9168
7252	134
7252	3302
7252	8728
7252	9024
7255	2853
7255	4348
7255	6505
7255	7184
7263	260
7263	3131
7263	6985
7266	8774
7271	3705
7271	7000
7271	7354
7273	8856
7273	9677
7279	942
7294	6625
7294	7717
7294	9655
7326	3583
7326	7652
7326	8687
7326	9365
7326	9825
7326	9976
7343	4156
7343	4977
7343	7248
7343	8114
7343	9487
7348	8728
7348	8842
7350	7032
7350	8842
7350	9928
7354	309
7354	7271
7358	3395
7358	3896
7358	6229
7358	9117
7358	9965
7367	4341
7367	6900
7367	8548
7380	4960
7380	7462
7381	5969
7381	6240
7381	8288
7381	9551
7391	9290
7400	1250
7400	5410
7400	8741
7402	7582
7402	9856
7407	4704
7407	5939
7407	7541
7413	602
7413	3992
7413	9906
7415	6427
7415	6992
7415	7835
7415	9878
7416	6081
7416	9501
7416	9634
7422	5108
7422	8678
7422	9456
7422	9886
7461	3947
7462	7380
7462	8209
7462	9350
7476	2010
7483	2765
7483	8381
7483	8889
7483	9682
7484	6044
7484	8070
7484	9976
7510	5433
7510	9896
7522	6044
7522	9075
7522	9604
7541	846
7541	1024
7541	6010
7541	7407
7541	8680
7541	8975
7550	8465
7550	9829
7559	2992
7559	5123
7559	9017
7559	9782
7563	1821
7563	1982
7563	2791
7563	8327
7563	9501
7575	1843
7575	3485
7575	5014
7575	9896
7579	616
7579	3976
7579	8577
7579	9043
7579	9407
7580	4481
7581	919
7582	2491
7582	7402
7582	8760
7582	9856
7582	9974
7594	6505
7594	6758
7594	8314
7594	8887
7614	260
7616	4728
7616	6292
7616	9130
7616	9853
7616	9887
7638	5699
7641	5883
7641	9360
7652	6806
7652	7326
7652	8687
7652	9976
7702	3246
7702	9695
7702	9928
7708	6305
7708	8465
7717	6945
7717	7294
7717	9024
7717	9117
7717	9655
7718	489
7718	5309
7718	7847
7718	9637
7744	1843
7744	4881
7744	9147
7744	9209
7744	9324
7747	2658
7747	6026
7747	7835
7747	8689
7747	9398
7747	9789
7747	9858
7751	76
7751	2264
7751	5658
7751	8252
7751	8570
7757	6975
7757	8460
7759	8742
7759	9731
7767	9687
7767	9706
7767	9841
7781	9422
7789	3395
7789	4559
7789	9555
7805	900
7805	1350
7805	7097
7805	9859
7805	9965
7806	5680
7806	7817
7806	8926
7806	9899
7817	7806
7817	8843
7817	8868
7817	9899
7833	2542
7833	3911
7835	3740
7835	7415
7835	7747
7841	157
7841	9772
7847	2462
7847	5479
7847	7718
7847	9637
7861	9810
7863	4928
7863	9667
7883	1118
7883	2008
7883	2280
7883	5866
7883	9422
7883	9883
7899	2333
7899	9331
7899	9917
7909	6879
7909	8391
7909	8888
7909	9155
7909	9437
7909	9683
7933	8351
7933	8684
7933	9787
7958	2354
7958	4375
7971	6053
7971	9590
7971	9634
7975	2594
7988	4559
7988	8538
7988	9043
7988	9906
8025	3632
8025	8460
8038	1412
8038	6945
8046	7214
8046	8226
8046	8391
8046	8842
8046	8983
8059	4054
8059	5490
8059	8411
8059	8589
8059	8995
8059	9844
8062	8901
8062	9350
8068	5514
8068	6827
8068	9725
8069	9397
8069	9841
8070	4586
8070	7484
8070	8687
8070	9130
8070	9976
8093	6335
8093	9043
8093	9966
8114	3911
8114	4977
8114	7248
8114	7343
8125	2230
8125	8548
8125	9825
8140	919
8140	1093
8140	9906
8148	3356
8148	4308
8148	4522
8148	6453
8148	9527
8148	9894
8150	2443
8150	5716
8150	9036
8209	6207
8209	7462
8209	9959
8217	9596
8226	6623
8226	8046
8226	8391
8226	8842
8226	9810
8229	7217
8229	8779
8229	9368
8229	9802
8242	2291
8242	5490
8242	6447
8242	6840
8242	9422
8242	9660
8244	8535
8244	8830
8245	3714
8245	9740
8249	8596
8249	8992
8252	3485
8252	7751
8252	8570
8260	4282
8260	8657
8260	9483
8278	3686
8278	6701
8278	8888
8278	9833
8278	9863
8283	3327
8283	5485
8283	8830
8283	9051
8283	9974
8288	7381
8288	8757
8288	9989
8294	4624
8294	5657
8294	8577
8294	9407
8294	9551
8314	1114
8314	1926
8314	7594
8314	8406
8315	1278
8315	5799
8315	8843
8315	9150
8317	3909
8317	9966
8327	4107
8327	7563
8351	87
8351	7933
8351	8649
8351	9759
8351	9787
8353	314
8353	1118
8379	3215
8381	3462
8381	4677
8381	7483
8381	8843
8388	5680
8388	6623
8391	7909
8391	8046
8391	8226
8402	5081
8402	8640
8406	8314
8406	9787
8411	5081
8411	8059
8418	6910
8418	7198
8418	9003
8455	3259
8456	5490
8456	9252
8456	9660
8460	1051
8460	3929
8460	6623
8460	7757
8460	8025
8460	9044
8464	9360
8464	9730
8465	5490
8465	7550
8465	7708
8467	5969
8467	6240
8467	8586
8476	7048
8476	9043
8498	4762
8498	5459
8498	5515
8498	8570
8504	7078
8504	9155
8504	9952
8505	1071
8505	6028
8505	7048
8505	8535
8505	8838
8505	9966
8534	3751
8534	5405
8534	6382
8534	9150
8534	9825
8535	7203
8535	8244
8535	8505
8535	8838
8535	9171
8535	9800
8535	9966
8538	7988
8538	9407
8538	9928
8546	900
8546	1350
8546	6488
8546	7204
8546	9402
8546	9859
8546	9965
8548	7367
8548	8125
8555	5803
8555	9051
8555	9974
8570	6784
8570	7751
8570	8252
8570	8498
8577	616
8577	7579
8577	8294
8577	9833
8583	6307
8583	9916
8586	5697
8586	6485
8586	8467
8586	9966
8589	4888
8589	8059
8589	8995
8589	9155
8589	9730
8589	9844
8596	3281
8596	8249
8596	8742
8596	8992
8603	1251
8603	7000
8612	9014
8621	9501
8621	9875
8640	2560
8640	6305
8640	7203
8640	8402
8642	293
8642	3395
8645	5123
8645	5405
8645	5979
8649	4986
8649	8351
8649	9589
8649	9596
8649	9660
8649	9787
8657	2217
8657	4282
8657	8260
8665	4776
8678	5108
8678	7422
8678	9117
8678	9469
8678	9886
8680	6312
8680	7541
8680	9730
8684	7933
8687	708
8687	7326
8687	7652
8687	8070
8687	9170
8687	9976
8689	87
8689	2834
8689	6292
8689	6635
8689	7747
8689	9853
8689	9887
8728	924
8728	4299
8728	5437
8728	7252
8728	7348
8734	9712
8735	6026
8735	6028
8735	6398
8735	8914
8735	9682
8741	7400
8741	9395
8742	2446
8742	7759
8742	8596
8742	9677
8757	5471
8757	8288
8757	9291
8757	9989
8760	36
8760	5041
8760	7582
8760	9130
8762	4881
8762	6087
8762	9170
8762	9712
8763	2561
8763	3931
8774	7244
8774	7266
8774	9712
8779	8229
8779	9368
8781	3742
8781	6229
8781	6307
8781	8889
8781	9806
8819	4246
8821	6484
8830	5294
8830	8244
8830	8283
8830	9638
8830	9913
8836	5281
8836	5400
8836	6729
8838	3896
8838	8505
8838	8535
8838	9966
8838	9976
8842	7348
8842	7350
8842	8046
8842	8226
8842	9787
8843	7817
8843	8315
8843	8381
8843	8868
8843	8926
8843	9899
8856	1114
8856	7273
8856	9677
8856	9782
8868	6217
8868	7817
8868	8843
8868	9899
8887	3314
8887	4375
8887	5309
8887	5423
8887	6505
8887	7594
8887	9444
8888	2446
8888	3356
8888	7909
8888	8278
8888	9437
8888	9683
8888	9787
8889	1409
8889	2649
8889	2928
8889	6229
8889	6307
8889	7483
8889	8781
8889	9806
8894	2791
8894	3485
8894	9659
8894	9850
8894	9989
8901	4315
8901	5584
8901	6732
8901	8062
8901	9551
8908	5883
8908	6649
8908	9131
8914	559
8914	3314
8914	6398
8914	7247
8914	8735
8914	9402
8926	7806
8926	8843
8926	9638
8926	9802
8926	9899
8940	9397
8940	9415
8953	1597
8975	4704
8975	7541
8975	9469
8983	2860
8983	4878
8983	8046
8983	9170
8983	9171
8983	9291
8983	9551
8992	7003
8992	8249
8992	8596
8995	7044
8995	8059
8995	8589
8995	9844
9003	3380
9003	4905
9003	6189
9003	6705
9003	8418
9014	4279
9014	4997
9014	8612
9014	9343
9014	9406
9014	9555
9017	7559
9017	9582
9017	9976
9017	9989
9024	7252
9024	7717
9024	9407
9024	9929
9033	4409
9033	9408
9033	9624
9036	2443
9036	4639
9036	8150
9036	9810
9043	1150
9043	5939
9043	7579
9043	7988
9043	8093
9043	8476
9044	4779
9044	8460
9051	5502
9051	6244
9051	8283
9051	8555
9051	9974
9054	3395
9054	9117
9060	1332
9060	2080
9060	3760
9060	6333
9075	6010
9075	7522
9075	9398
9075	9740
9083	6453
9083	7204
9083	9965
9117	3395
9117	3795
9117	7358
9117	7717
9117	8678
9117	9054
9117	9419
9117	9886
9128	3309
9128	9410
9130	2767
9130	7616
9130	8070
9130	8760
9130	9417
9130	9989
9131	7000
9131	8908
9147	2328
9147	4481
9147	7744
9147	9324
9148	6185
9148	6986
9148	9917
9150	2291
9150	3227
9150	8315
9150	8534
9155	3077
9155	3896
9155	7085
9155	7909
9155	8504
9155	8589
9155	9952
9156	4100
9156	5047
9156	9349
9159	724
9159	3398
9159	7097
9160	3686
9160	9291
9168	1278
9168	2384
9168	6240
9168	7248
9169	3771
9169	6804
9169	9759
9169	9878
9170	1610
9170	2304
9170	4704
9170	6832
9170	8687
9170	8762
9170	8983
9171	2860
9171	4968
9171	8535
9171	8983
9181	3398
9181	6581
9181	9437
9190	830
9190	4879
9190	9859
9193	7032
9193	9437
9209	2328
9209	7744
9209	9634
9214	1824
9215	3293
9215	9829
9215	9965
9252	5081
9252	8456
9252	9368
9252	9397
9252	9850
9284	5755
9284	9345
9290	52
9290	2913
9290	6453
9290	7391
9290	9523
9290	9644
9291	6948
9291	8757
9291	8983
9291	9160
9291	9856
9307	2303
9307	2491
9307	3661
9307	3951
9307	5410
9307	5845
9307	9759
9318	5502
9318	9952
9320	593
9320	1978
9320	6475
9320	6676
9320	9859
9324	7744
9324	9147
9331	5979
9331	7899
9343	9014
9345	6992
9345	9284
9348	5107
9349	315
9349	4780
9349	5047
9349	9156
9350	904
9350	6112
9350	6305
9350	6732
9350	7462
9350	8062
9360	5123
9360	6047
9360	7085
9360	7105
9360	7641
9360	8464
9365	3583
9365	7326
9365	9456
9365	9638
9368	2791
9368	3083
9368	3891
9368	5460
9368	6345
9368	8229
9368	8779
9368	9252
9395	1923
9395	2944
9395	8741
9397	1093
9397	6851
9397	8069
9397	8940
9397	9252
9397	9501
9398	7747
9398	9075
9402	1350
9402	3281
9402	7097
9402	7204
9402	8546
9402	8914
9402	9859
9406	3543
9406	5153
9406	9014
9406	9469
9407	1978
9407	5174
9407	7579
9407	8294
9407	8538
9407	9024
9408	2009
9408	2522
9408	5584
9408	9033
9408	9420
9410	1541
9410	2208
9410	5423
9410	9128
9410	9501
9410	9844
9414	2574
9414	6151
9415	52
9415	5577
9415	6333
9415	7033
9415	8940
9415	9829
9417	235
9417	2390
9417	2870
9417	9130
9419	586
9419	6245
9419	7126
9419	9117
9419	9878
9420	559
9420	3661
9420	6394
9420	9408
9422	5432
9422	5866
9422	7781
9422	7883
9422	8242
9422	9976
9437	2446
9437	7909
9437	8888
9437	9181
9437	9193
9437	9683
9437	9952
9444	317
9444	1409
9444	8887
9444	9469
9456	900
9456	5757
9456	7422
9456	9365
9469	3543
9469	5153
9469	8678
9469	8975
9469	9406
9469	9444
9469	9712
9471	6150
9483	1114
9483	2217
9483	3302
9483	4282
9483	5716
9483	8260
9483	9634
9483	9844
9483	9859
9487	4543
9487	4917
9487	7343
9501	695
9501	4412
9501	5667
9501	6053
9501	6784
9501	6898
9501	7416
9501	7563
9501	8621
9501	9397
9501	9410
9501	9634
9503	5034
9503	5155
9503	6118
9503	6606
9523	2560
9523	6960
9523	9290
9523	9644
9527	157
9527	3356
9527	4522
9527	6244
9527	8148
9545	2264
9545	5055
9545	6649
9551	5584
9551	7381
9551	8294
9551	8901
9551	8983
9551	9789
9555	1226
9555	3246
9555	5294
9555	5362
9555	6488
9555	7789
9555	9014
9582	806
9582	2961
9582	6101
9582	6792
9582	6896
9582	9017
9582	9644
9589	356
9589	5073
9589	8649
9590	719
9590	1196
9590	4893
9590	7971
9590	9782
9596	6335
9596	8217
9596	8649
9596	9917
9604	2378
9604	7522
9604	9965
9624	1250
9624	9033
9634	4246
9634	6112
9634	7416
9634	7971
9634	9209
9634	9483
9634	9501
9634	9844
9637	2927
9637	5658
9637	6141
9637	6392
9637	6945
9637	7718
9637	7847
9637	9810
9637	9952
9638	1926
9638	4609
9638	8830
9638	8926
9638	9365
9644	1597
9644	2827
9644	3441
9644	6879
9644	6960
9644	9290
9644	9523
9644	9582
9644	9928
9655	6431
9655	7294
9655	7717
9655	9916
9659	3485
9659	7077
9659	8894
9660	3501
9660	3951
9660	6840
9660	8242
9660	8456
9660	8649
9660	9989
9667	1010
9667	2285
9667	4304
9667	6649
9667	7863
9677	7273
9677	8742
9677	8856
9682	3752
9682	3779
9682	4928
9682	5993
9682	7483
9682	8735
9682	9922
9683	4609
9683	6879
9683	7909
9683	8888
9683	9437
9687	6529
9687	6847
9687	7767
9687	9916
9689	4246
9689	6736
9689	6792
9689	9810
9695	3246
9695	7702
9706	5433
9706	5658
9706	7767
9706	9730
9708	430
9708	6555
9712	442
9712	2384
9712	4035
9712	4203
9712	5323
9712	8734
9712	8762
9712	8774
9712	9469
9712	9730
9725	6915
9725	8068
9725	9850
9725	9853
9730	1025
9730	3215
9730	4330
9730	4522
9730	8464
9730	8589
9730	8680
9730	9706
9730	9712
9730	9886
9731	2561
9731	3685
9731	4375
9731	6292
9731	6992
9731	7759
9731	9787
9740	48
9740	76
9740	2594
9740	4037
9740	4060
9740	5231
9740	8245
9740	9075
9754	4299
9754	6106
9754	9876
9759	1659
9759	3771
9759	4872
9759	5925
9759	6210
9759	8351
9759	9169
9759	9307
9759	9878
9772	494
9772	806
9772	5515
9772	6244
9772	7078
9772	7841
9782	924
9782	942
9782	1982
9782	4824
9782	5894
9782	7559
9782	8856
9782	9590
9787	875
9787	7933
9787	8351
9787	8406
9787	8649
9787	8842
9787	8888
9787	9731
9789	904
9789	5969
9789	6330
9789	6623
9789	7747
9789	9551
9789	9856
9800	4100
9800	6488
9800	8535
9802	4289
9802	5460
9802	6330
9802	8229
9802	8926
9806	4035
9806	6229
9806	6307
9806	8781
9806	8889
9810	1012
9810	4246
9810	6736
9810	7861
9810	8226
9810	9036
9810	9637
9810	9689
9810	9876
9825	3721
9825	4776
9825	5044
9825	5663
9825	7326
9825	8125
9825	8534
9829	5979
9829	6898
9829	7550
9829	9215
9829	9415
9833	8278
9833	8577
9833	9976
9841	2798
9841	3329
9841	7767
9841	8069
9841	9922
9844	1501
9844	8059
9844	8589
9844	8995
9844	9410
9844	9483
9844	9634
9850	5614
9850	5925
9850	8894
9850	9252
9850	9725
9853	5442
9853	6292
9853	6635
9853	7616
9853	8689
9853	9725
9853	9887
9856	4934
9856	5117
9856	7402
9856	7582
9856	9291
9856	9789
9858	3972
9858	6106
9858	7747
9859	3281
9859	4624
9859	6453
9859	7097
9859	7204
9859	7805
9859	8546
9859	9190
9859	9320
9859	9402
9859	9483
9859	9965
9863	2469
9863	5833
9863	5959
9863	8278
9875	295
9875	3032
9875	5821
9875	8621
9876	4642
9876	9754
9876	9810
9878	6804
9878	7415
9878	9169
9878	9419
9878	9759
9878	9917
9883	3972
9883	5123
9883	7883
9886	4181
9886	5108
9886	5405
9886	6758
9886	7422
9886	8678
9886	9117
9886	9730
9887	4728
9887	5442
9887	6292
9887	6705
9887	7078
9887	7616
9887	8689
9887	9853
9894	7174
9894	8148
9896	6937
9896	7510
9896	7575
9899	7806
9899	7817
9899	8843
9899	8868
9899	8926
9906	602
9906	5073
9906	7413
9906	7988
9906	8140
9913	559
9913	2230
9913	6087
9913	8830
9916	2778
9916	2827
9916	5600
9916	8583
9916	9655
9916	9687
9917	4708
9917	5562
9917	6185
9917	7899
9917	9148
9917	9596
9917	9878
9922	2798
9922	3329
9922	9682
9922	9841
9928	2208
9928	5479
9928	7350
9928	7702
9928	8538
9928	9644
9929	978
9929	2072
9929	4133
9929	9024
9952	54
9952	3077
9952	3896
9952	6807
9952	7085
9952	8504
9952	9155
9952	9318
9952	9437
9952	9637
9959	4270
9959	4473
9959	8209
9965	87
9965	3632
9965	6453
9965	7204
9965	7358
9965	7805
9965	8546
9965	9083
9965	9215
9965	9604
9965	9859
9966	4780
9966	5080
9966	8093
9966	8317
9966	8505
9966	8535
9966	8586
9966	8838
9974	2657
9974	3462
9974	7582
9974	8283
9974	8555
9974	9051
9976	708
9976	5959
9976	7326
9976	7484
9976	7652
9976	8070
9976	8687
9976	8838
9976	9017
9976	9422
9976	9833
9989	5772
9989	6760
9989	8288
9989	8757
9989	8894
9989	9017
9989	9130
9989	9660
