1	2451
1	2992
1	7072
1	9256
1	9694
16	5790
16	6331
16	9474
18	9781
19	8343
19	9604
24	5612
24	6856
44	9090
44	9160
47	9655
56	3946
56	9799
60	5443
61	9796
70	7773
77	6243
77	6865
113	6823
136	8183
139	9067
139	9295
159	7180
171	7198
171	7320
187	6007
222	8332
247	400
247	7718
260	5568
260	6068
260	7263
260	9836
297	6363
299	5566
358	4620
358	6791
358	7567
381	5079
381	6856
381	7826
400	247
400	8036
415	7461
466	2996
466	9351
486	3609
514	3250
514	9428
541	3278
541	5852
547	2224
547	9849
586	3000
586	9419
648	1168
687	3250
687	6809
687	9197
691	4448
691	6087
700	9551
746	9090
749	6627
760	7991
760	9351
784	9694
791	9775
801	9833
816	2470
820	2832
820	9714
829	7066
829	8874
829	9375
859	8880
892	9655
940	9311
941	8738
955	4739
955	9309
957	8261
978	5082
984	9444
984	9975
1005	8542
1052	8713
1052	9908
1080	9160
1082	9836
1086	5190
1121	9419
1121	9550
1128	8606
1168	648
1206	3497
1206	9961
1209	8895
1229	8110
1267	8634
1268	4751
1268	9992
1269	4240
1269	9986
1294	3474
1319	8390
1319	9646
1349	9162
1362	9992
1376	4518
1388	8963
1429	6734
1429	7190
1435	5296
1435	7715
1435	9126
1452	4220
1455	5201
1475	4710
1502	3474
1502	4213
1502	5736
1511	7080
1511	9362
1511	9837
1520	6202
1520	7826
1520	9220
1527	8515
1527	9749
1553	2571
1553	5219
1559	9961
1560	3866
1560	5853
1562	6694
1562	8803
1563	9986
1587	7044
1587	9679
1597	9954
1600	3411
1608	6000
1609	9090
1630	5007
1654	8409
1656	3184
1656	8412
1658	8606
1675	7980
1675	8995
1682	3786
1682	9961
1687	6580
1687	9200
1695	3762
1701	9460
1703	8226
1703	9799
1715	9626
1764	7926
1783	9350
1797	2919
1835	7282
1835	8092
1835	8738
1839	8457
1853	9100
1854	6729
1860	8701
1860	9594
1885	9961
1891	6860
1891	7263
1891	8196
1891	8332
1891	9836
1897	6694
1897	8344
1905	4490
1905	7608
1915	4966
1915	7611
1915	9986
1921	5195
1921	7715
1921	8880
1934	2417
1944	7713
1958	5495
1958	6363
1958	9986
1960	7826
1960	9232
1962	7943
1998	3792
2009	8966
2009	9408
2087	6276
2087	7873
2099	9829
2146	9239
2154	9219
2179	9798
2224	547
2244	8103
2273	9932
2280	9197
2285	6169
2285	9667
2295	7780
2300	9228
2304	5517
2304	9364
2311	9604
2312	3510
2312	9756
2322	4002
2322	7443
2338	8821
2338	9136
2338	9441
2338	9849
2341	8848
2341	9944
2345	6410
2345	7791
2367	4786
2367	9829
2367	9999
2379	9814
2387	9829
2387	9926
2388	9944
2394	9055
2394	9265
2400	5296
2400	5344
2400	7180
2402	8632
2406	4221
2417	1934
2417	7943
2417	9926
2442	6197
2442	9420
2451	1
2451	7072
2467	6169
2467	9364
2470	816
2470	9056
2497	6697
2497	7565
2499	5190
2499	8103
2507	6457
2507	8712
2507	9161
2512	6440
2512	9120
2521	2539
2521	8844
2521	9055
2521	9696
2521	9814
2534	2775
2539	2521
2539	7829
2539	9179
2571	1553
2571	6331
2571	9549
2577	9255
2581	9937
2584	9239
2597	8265
2602	8877
2615	9136
2615	9849
2622	9640
2644	3950
2651	4854
2651	7991
2699	6951
2699	9492
2724	8880
2775	2534
2775	9775
2777	6410
2777	9254
2777	9715
2782	3250
2783	5606
2783	9490
2787	9932
2798	6399
2798	9220
2832	820
2838	9492
2848	9594
2884	9999
2918	7876
2918	9666
2919	1797
2919	4079
2919	7013
2934	8316
2934	9563
2941	4827
2941	8874
2941	9375
2945	4595
2945	5190
2945	9067
2945	9953
2970	7072
2970	8149
2973	4688
2973	8734
2973	9944
2974	8673
2992	1
2992	7959
2995	4751
2995	6995
2995	9033
2995	9798
2996	466
2996	5443
2996	7018
2996	8846
3000	586
3000	9961
3003	7177
3003	9889
3036	8779
3052	5836
3052	6432
3056	7618
3065	9954
3066	4563
3066	5361
3066	8585
3069	7028
3103	3278
3103	8700
3142	9255
3152	7443
3159	4071
3165	6464
3183	7198
3183	8166
3184	1656
3220	9880
3222	3946
3222	9160
3222	9799
3239	4069
3239	8574
3245	8711
3250	514
3250	687
3250	2782
3250	3282
3250	9594
3278	541
3278	3103
3281	8596
3282	3250
3282	9594
3292	9473
3299	8518
3300	9992
3314	6577
3338	9698
3347	6459
3347	9754
3358	7873
3358	9784
3408	9692
3408	9880
3411	1600
3411	7774
3412	9255
3424	9256
3474	1294
3474	1502
3477	3936
3477	8236
3497	1206
3497	9490
3510	2312
3510	7028
3510	9303
3540	9760
3543	3986
3543	8050
3608	5903
3608	6791
3608	9799
3609	486
3609	7688
3702	9666
3753	4502
3753	7158
3754	7924
3754	9746
3758	6592
3762	1695
3762	6359
3762	8230
3786	1682
3792	1998
3792	5361
3799	7202
3799	9799
3840	8125
3840	9937
3866	1560
3866	8453
3869	6809
3869	9714
3870	9626
3870	9646
3874	7204
3879	8821
3879	9694
3880	9363
3881	8991
3910	8103
3936	3477
3936	5296
3945	4769
3945	6410
3945	9254
3946	56
3946	3222
3946	6791
3946	8453
3946	9799
3950	2644
3950	5086
3950	7080
3950	9254
3960	4451
3981	9363
3986	3543
4002	2322
4026	6562
4026	8382
4040	4207
4040	7872
4040	8344
4048	6457
4048	7943
4048	9109
4048	9413
4048	9694
4058	5612
4058	9311
4069	3239
4069	7204
4069	8196
4069	9836
4071	3159
4079	2919
4079	4660
4079	5671
4093	9727
4094	9353
4096	6002
4152	8444
4170	6706
4170	9581
4174	5761
4174	7876
4174	9384
4205	4693
4207	4040
4207	6186
4207	9365
4207	9941
4213	1502
4213	7521
4213	9944
4220	1452
4220	6944
4220	8204
4221	2406
4221	8337
4221	8574
4233	8319
4240	1269
4240	7601
4240	9384
4284	7715
4285	9604
4285	9675
4287	9219
4296	7373
4321	7618
4321	9696
4340	8166
4340	9162
4340	9581
4382	4966
4415	9444
4415	9975
4416	9754
4448	691
4448	7608
4448	9727
4449	7804
4449	9301
4451	3960
4451	9975
4465	9100
4474	7510
4476	9796
4478	9441
4478	9625
4490	1905
4490	9301
4502	3753
4502	6791
4502	7202
4502	9799
4518	1376
4518	4593
4518	9781
4552	8261
4552	9696
4563	3066
4563	9309
4569	9889
4581	7320
4581	7991
4581	9254
4593	4518
4595	2945
4595	7384
4595	8799
4595	8848
4595	9953
4607	9492
4619	4708
4619	7803
4619	8382
4619	8799
4619	8980
4620	358
4620	6410
4620	8050
4620	9799
4622	9033
4626	9295
4635	7711
4635	8169
4643	6933
4651	7198
4660	4079
4660	7320
4660	8779
4688	2973
4693	4205
4693	6412
4693	9829
4708	4619
4708	7876
4710	1475
4710	9473
4721	6577
4721	7715
4721	9012
4722	6008
4730	8895
4730	9056
4731	6493
4731	9353
4739	955
4739	6269
4751	1268
4751	2995
4752	7991
4769	3945
4769	6423
4779	7282
4779	9092
4786	2367
4786	8963
4786	9829
4825	8334
4825	8877
4827	2941
4827	9363
4827	9926
4845	6464
4845	9749
4854	2651
4854	7373
4854	7991
4914	5761
4914	6157
4934	8343
4934	9675
4966	1915
4966	4382
4966	7611
4966	9986
4970	8184
4970	9433
4970	9971
5000	9829
5002	8801
5002	9092
5002	9626
5007	1630
5007	6493
5029	6431
5029	8799
5035	7743
5035	9971
5036	8265
5036	9880
5069	9817
5069	9890
5079	381
5082	978
5086	3950
5095	7966
5105	6206
5105	9833
5118	7711
5124	6467
5124	7274
5128	9256
5130	6730
5130	9527
5168	5252
5168	7601
5168	9925
5190	1086
5190	2499
5190	2945
5190	6627
5190	8712
5195	1921
5195	9126
5195	9667
5201	1455
5201	8155
5201	8596
5219	1553
5219	9784
5237	9655
5252	5168
5252	7305
5266	5293
5266	9413
5285	8334
5293	5266
5293	9961
5296	1435
5296	2400
5296	3936
5296	7016
5318	7251
5318	9527
5328	6017
5344	2400
5344	6996
5344	9223
5361	3066
5361	3792
5361	9033
5443	60
5443	2996
5444	5837
5444	6691
5473	8609
5473	9120
5483	8729
5483	9420
5483	9724
5495	1958
5495	5853
5508	9256
5508	9754
5517	2304
5522	8444
5522	8734
5553	8609
5553	8874
5553	9550
5566	299
5566	6206
5566	8050
5566	9350
5566	9527
5566	9760
5568	260
5568	9921
5587	9223
5587	9433
5587	9626
5606	2783
5606	8311
5612	24
5612	4058
5612	9311
5633	6085
5643	9433
5643	9492
5645	9727
5645	9926
5671	4079
5671	9161
5709	9724
5736	1502
5736	7066
5752	9890
5753	6739
5753	9849
5753	9890
5753	9977
5761	4174
5761	4914
5790	16
5790	9550
5805	7624
5834	7715
5836	3052
5836	6431
5837	5444
5837	9350
5852	541
5852	7252
5853	1560
5853	5495
5853	8057
5863	8846
5887	6440
5887	6694
5887	8125
5887	9179
5897	6706
5897	8844
5903	3608
5903	8975
5996	8332
5996	9836
6000	1608
6000	9428
6001	6860
6001	7980
6002	4096
6003	7526
6003	8738
6003	9109
6003	9694
6007	187
6007	7190
6007	7354
6008	4722
6008	9971
6017	5328
6027	8236
6031	7695
6049	7066
6049	9040
6068	260
6068	8980
6068	9642
6068	9960
6076	8409
6076	9200
6085	5633
6085	6157
6087	691
6087	7926
6087	8241
6097	9460
6107	7780
6107	9335
6153	8861
6153	9754
6157	4914
6157	6085
6157	6483
6157	8729
6169	2285
6169	2467
6169	9364
6186	4207
6186	9090
6186	9890
6192	9362
6197	2442
6202	1520
6202	9220
6202	9675
6206	5105
6206	5566
6206	8050
6243	77
6243	7672
6243	9698
6269	4739
6269	8734
6269	9796
6276	2087
6276	8444
6283	7177
6283	7930
6288	7958
6314	7958
6331	16
6331	2571
6331	9581
6331	9714
6359	3762
6359	6613
6359	8848
6363	297
6363	1958
6363	7512
6375	7567
6375	8319
6375	9614
6379	7177
6379	9223
6399	2798
6399	7994
6399	8110
6399	8613
6401	8343
6401	9604
6401	9675
6410	2345
6410	2777
6410	3945
6410	4620
6412	4693
6412	7190
6412	9829
6421	9446
6423	4769
6431	5029
6431	5836
6431	7803
6431	8382
6431	9655
6432	3052
6432	7618
6440	2512
6440	5887
6440	9120
6451	6589
6451	7018
6457	2507
6457	4048
6457	7443
6457	9041
6459	3347
6459	6965
6464	3165
6464	4845
6467	5124
6467	9490
6483	6157
6483	8574
6493	4731
6493	5007
6498	8711
6498	9760
6552	7910
6552	8050
6552	9200
6553	7551
6553	9420
6562	4026
6562	8843
6577	3314
6577	4721
6577	6771
6577	7157
6577	8623
6578	7018
6580	1687
6580	9435
6589	6451
6592	3758
6592	7640
6599	7018
6602	7354
6602	8480
6602	8711
6602	9760
6613	6359
6613	8316
6627	749
6627	5190
6627	9161
6627	9925
6641	9239
6691	5444
6691	6883
6691	9350
6693	8409
6693	9200
6693	9694
6694	1562
6694	1897
6694	5887
6694	8125
6694	8344
6694	8613
6694	8895
6694	9351
6697	2497
6697	8334
6697	8877
6697	9163
6706	4170
6706	5897
6706	8734
6712	6860
6712	9698
6729	1854
6729	8836
6729	9435
6729	9889
6730	5130
6730	9626
6730	9749
6730	9814
6734	1429
6739	5753
6754	7370
6754	8606
6754	9315
6758	8963
6758	9109
6763	9256
6771	6577
6771	9937
6791	358
6791	3608
6791	3946
6791	4502
6791	7202
6791	9799
6809	687
6809	3869
6809	6964
6809	8769
6809	9179
6823	113
6856	24
6856	381
6860	1891
6860	6001
6860	6712
6860	9067
6865	77
6865	8963
6865	9656
6879	7672
6879	7909
6879	8574
6879	9219
6879	9433
6879	9490
6883	6691
6883	9614
6884	9100
6902	9908
6905	9056
6916	8677
6916	9421
6933	4643
6933	8895
6933	9056
6944	4220
6944	9746
6944	9890
6951	2699
6951	9492
6951	9921
6951	9999
6964	6809
6964	8230
6965	6459
6965	8634
6965	9040
6995	2995
6995	9798
6996	5344
6996	9815
6996	9817
7013	2919
7013	9815
7016	5296
7016	9532
7016	9953
7018	2996
7018	6451
7018	6578
7018	6599
7018	7816
7018	9252
7018	9646
7018	9799
7018	9932
7028	3069
7028	3510
7028	8411
7038	9937
7040	8738
7040	9999
7044	1587
7044	8995
7066	829
7066	5736
7066	6049
7066	7680
7072	1
7072	2451
7072	2970
7072	7202
7072	8779
7072	8821
7080	1511
7080	3950
7080	8355
7088	8166
7088	8411
7088	9640
7098	7601
7098	9384
7120	8711
7157	6577
7157	8001
7157	8877
7157	9435
7158	3753
7158	8596
7170	9646
7177	3003
7177	6283
7177	6379
7177	7695
7177	7930
7177	9040
7177	9362
7180	159
7180	2400
7190	1429
7190	6007
7190	6412
7190	9363
7198	171
7198	3183
7198	4651
7198	7943
7202	3799
7202	4502
7202	6791
7202	7072
7202	9604
7204	3874
7204	4069
7215	9387
7251	5318
7251	9527
7251	9749
7252	5852
7252	8532
7252	9040
7263	260
7263	1891
7263	8196
7263	8332
7263	9836
7274	5124
7282	1835
7282	4779
7282	9775
7305	5252
7305	8877
7320	171
7320	4581
7320	4660
7320	9421
7320	9527
7320	9749
7354	6007
7354	6602
7354	7826
7370	6754
7370	8629
7370	9695
7373	4296
7373	4854
7384	4595
7384	9295
7410	9161
7435	8001
7435	8653
7435	9256
7443	2322
7443	3152
7443	6457
7443	9527
7447	9228
7447	9640
7461	415
7461	9136
7461	9642
7461	9941
7462	9350
7470	8059
7470	8995
7510	4474
7510	9041
7512	6363
7521	4213
7521	7680
7526	6003
7526	9694
7549	7672
7549	8017
7549	9754
7551	6553
7551	8606
7551	9666
7565	2497
7565	8334
7567	358
7567	6375
7567	9614
7601	4240
7601	5168
7601	7098
7608	1905
7608	4448
7611	1915
7611	4966
7611	9695
7611	9986
7616	7791
7618	3056
7618	4321
7618	6432
7619	7939
7624	5805
7640	6592
7640	9370
7672	6243
7672	6879
7672	7549
7672	8896
7672	9656
7680	7066
7680	7521
7680	7804
7680	9715
7688	3609
7688	9197
7688	9351
7695	6031
7695	7177
7695	8480
7695	9517
7710	8166
7711	4635
7711	5118
7713	1944
7715	1435
7715	1921
7715	4284
7715	4721
7715	5834
7715	9126
7717	7948
7717	8874
7717	9655
7717	9817
7718	247
7718	7943
7719	9473
7741	8701
7741	9626
7743	5035
7743	9971
7760	8975
7773	70
7774	3411
7774	9118
7774	9532
7780	2295
7780	6107
7780	9775
7791	2345
7791	7616
7791	9081
7791	9260
7791	9953
7803	4619
7803	6431
7803	8382
7803	8799
7803	9265
7804	4449
7804	7680
7804	9715
7816	7018
7826	381
7826	1520
7826	1960
7826	7354
7826	9817
7826	9941
7829	2539
7829	8125
7829	8845
7829	9179
7872	4040
7872	8196
7872	8844
7872	9254
7872	9474
7873	2087
7873	3358
7873	9419
7873	9799
7876	2918
7876	4174
7876	4708
7876	9666
7881	7958
7881	8799
7881	9837
7909	6879
7910	6552
7910	8700
7910	9545
7924	3754
7926	1764
7926	6087
7930	6283
7930	7177
7930	9228
7930	9784
7932	8110
7939	7619
7939	9040
7943	1962
7943	2417
7943	4048
7943	7198
7943	7718
7948	7717
7948	8632
7958	6288
7958	6314
7958	7881
7958	9961
7959	2992
7966	5095
7966	7994
7966	8613
7966	9254
7980	1675
7980	6001
7988	8236
7988	9335
7991	760
7991	2651
7991	4581
7991	4752
7991	4854
7994	6399
7994	7966
7994	8966
8001	7157
8001	7435
8001	9232
8001	9775
8017	7549
8017	8585
8017	9092
8017	9428
8025	8895
8036	400
8036	8092
8036	9419
8036	9679
8042	9837
8050	3543
8050	4620
8050	5566
8050	6206
8050	6552
8050	8334
8050	9350
8057	5853
8059	7470
8059	8411
8059	8995
8092	1835
8092	8036
8092	8183
8092	9421
8103	2244
8103	2499
8103	3910
8110	1229
8110	6399
8110	7932
8125	3840
8125	5887
8125	6694
8125	7829
8125	8845
8125	9351
8125	9785
8125	9798
8141	9889
8149	2970
8149	9460
8155	5201
8155	8596
8166	3183
8166	4340
8166	7088
8166	7710
8166	8411
8166	8604
8169	4635
8169	8377
8169	9798
8183	136
8183	8092
8183	8632
8184	4970
8184	8382
8196	1891
8196	4069
8196	7263
8196	7872
8196	8332
8196	8532
8196	9836
8204	4220
8204	8963
8204	9163
8226	1703
8226	8769
8226	8895
8230	3762
8230	6964
8236	3477
8236	6027
8236	7988
8236	9335
8241	6087
8261	957
8261	4552
8265	2597
8265	5036
8265	9364
8265	9849
8290	8332
8290	9675
8311	5606
8311	8457
8316	2934
8316	6613
8316	9563
8319	4233
8319	6375
8319	9474
8319	9756
8319	9796
8319	9880
8332	222
8332	1891
8332	5996
8332	7263
8332	8196
8332	8290
8332	9836
8334	4825
8334	5285
8334	6697
8334	7565
8334	8050
8334	8877
8337	4221
8337	9160
8343	19
8343	4934
8343	6401
8343	9254
8343	9604
8343	9675
8344	1897
8344	4040
8344	6694
8344	8845
8344	9179
8344	9351
8355	7080
8355	9594
8377	8169
8382	4026
8382	4619
8382	6431
8382	7803
8382	8184
8382	8799
8383	8896
8383	9256
8390	1319
8390	9428
8409	1654
8409	6076
8409	6693
8409	9200
8409	9614
8411	7028
8411	7088
8411	8059
8411	8166
8411	9941
8412	1656
8444	4152
8444	5522
8444	6276
8444	8445
8444	9960
8445	8444
8445	9960
8453	3866
8453	3946
8457	1839
8457	8311
8457	8895
8457	9309
8457	9351
8477	8779
8477	9375
8480	6602
8480	7695
8515	1527
8515	9549
8515	9798
8518	3299
8532	7252
8532	8196
8542	1005
8574	3239
8574	4221
8574	6483
8574	6879
8574	9474
8585	3066
8585	8017
8585	9092
8596	3281
8596	5201
8596	7158
8596	8155
8604	8166
8606	1128
8606	1658
8606	6754
8606	7551
8609	5473
8609	5553
8609	9120
8609	9353
8609	9796
8613	6399
8613	6694
8613	7966
8613	9219
8623	6577
8629	7370
8629	8991
8629	9120
8632	2402
8632	7948
8632	8183
8634	1267
8634	6965
8634	8966
8634	9692
8653	7435
8653	9490
8653	9760
8655	8799
8673	2974
8677	6916
8677	9136
8677	9421
8677	9695
8700	3103
8700	7910
8700	8844
8700	9545
8700	9746
8701	1860
8701	7741
8701	9532
8711	3245
8711	6498
8711	6602
8711	7120
8711	9695
8711	9760
8711	9829
8712	2507
8712	5190
8712	9161
8713	1052
8729	5483
8729	6157
8734	2973
8734	5522
8734	6269
8734	6706
8734	8857
8738	941
8738	1835
8738	6003
8738	7040
8738	8963
8738	9109
8738	9413
8738	9694
8769	6809
8769	8226
8769	9815
8779	3036
8779	4660
8779	7072
8779	8477
8783	9796
8783	9836
8792	9809
8799	4595
8799	4619
8799	5029
8799	7803
8799	7881
8799	8382
8799	8655
8801	5002
8803	1562
8803	9667
8821	2338
8821	3879
8821	7072
8821	9136
8821	9441
8821	9849
8836	6729
8836	9387
8843	6562
8844	2521
8844	5897
8844	7872
8844	8700
8844	9055
8844	9549
8844	9696
8844	9814
8845	7829
8845	8125
8845	8344
8845	9040
8845	9351
8845	9387
8846	2996
8846	5863
8846	9667
8848	2341
8848	4595
8848	6359
8848	9784
8857	8734
8857	9056
8857	9365
8861	6153
8861	9232
8861	9692
8861	9754
8874	829
8874	2941
8874	5553
8874	7717
8877	2602
8877	4825
8877	6697
8877	7157
8877	7305
8877	8334
8877	9375
8880	859
8880	1921
8880	2724
8880	9126
8895	1209
8895	4730
8895	6694
8895	6933
8895	8025
8895	8226
8895	8457
8895	9056
8895	9941
8896	7672
8896	8383
8896	8966
8896	9727
8896	9781
8963	1388
8963	4786
8963	6758
8963	6865
8963	8204
8963	8738
8966	2009
8966	7994
8966	8634
8966	8896
8966	9692
8975	5903
8975	7760
8975	9136
8980	4619
8980	6068
8980	9161
8980	9642
8991	3881
8991	8629
8995	1675
8995	7044
8995	7470
8995	8059
9012	4721
9033	2995
9033	4622
9033	5361
9033	9408
9040	6049
9040	6965
9040	7177
9040	7252
9040	7939
9040	8845
9041	6457
9041	7510
9055	2394
9055	2521
9055	8844
9055	9696
9055	9814
9055	9890
9056	2470
9056	4730
9056	6905
9056	6933
9056	8857
9056	8895
9067	139
9067	2945
9067	6860
9067	9953
9075	9228
9081	7791
9081	9136
9081	9260
9090	44
9090	746
9090	1609
9090	6186
9090	9550
9090	9696
9092	4779
9092	5002
9092	8017
9092	8585
9092	9714
9092	9925
9100	1853
9100	4465
9100	6884
9100	9384
9109	4048
9109	6003
9109	6758
9109	8738
9109	9413
9118	7774
9120	2512
9120	5473
9120	6440
9120	8609
9120	8629
9120	9679
9123	9315
9126	1435
9126	5195
9126	7715
9126	8880
9136	2338
9136	2615
9136	7461
9136	8677
9136	8821
9136	8975
9136	9081
9136	9441
9136	9849
9160	44
9160	1080
9160	3222
9160	8337
9161	2507
9161	5671
9161	6627
9161	7410
9161	8712
9161	8980
9161	9413
9162	1349
9162	4340
9162	9460
9162	9986
9163	6697
9163	8204
9163	9265
9163	9724
9179	2539
9179	5887
9179	6809
9179	7829
9179	8344
9179	9351
9197	687
9197	2280
9197	7688
9197	9384
9200	1687
9200	6076
9200	6552
9200	6693
9200	8409
9219	2154
9219	4287
9219	6879
9219	8613
9219	9460
9220	1520
9220	2798
9220	6202
9220	9309
9220	9769
9220	9999
9223	5344
9223	5587
9223	6379
9228	2300
9228	7447
9228	7930
9228	9075
9228	9696
9232	1960
9232	8001
9232	8861
9232	9315
9232	9754
9239	2146
9239	2584
9239	6641
9239	9992
9252	7018
9252	9473
9254	2777
9254	3945
9254	3950
9254	4581
9254	7872
9254	7966
9254	8343
9255	2577
9255	3142
9255	3412
9255	9961
9256	1
9256	3424
9256	5128
9256	5508
9256	6763
9256	7435
9256	8383
9260	7791
9260	9081
9260	9375
9265	2394
9265	7803
9265	9163
9265	9666
9265	9954
9295	139
9295	4626
9295	7384
9301	4449
9301	4490
9301	9614
9303	3510
9303	9309
9303	9785
9309	955
9309	4563
9309	8457
9309	9220
9309	9303
9311	940
9311	4058
9311	5612
9315	6754
9315	9123
9315	9232
9335	6107
9335	7988
9335	8236
9350	1783
9350	5566
9350	5837
9350	6691
9350	7462
9350	8050
9351	466
9351	760
9351	6694
9351	7688
9351	8125
9351	8344
9351	8457
9351	8845
9351	9179
9353	4094
9353	4731
9353	8609
9362	1511
9362	6192
9362	7177
9363	3880
9363	3981
9363	4827
9363	7190
9364	2304
9364	2467
9364	6169
9364	8265
9364	9889
9365	4207
9365	8857
9370	7640
9370	9727
9375	829
9375	2941
9375	8477
9375	8877
9375	9260
9375	9625
9375	9694
9384	4174
9384	4240
9384	7098
9384	9100
9384	9197
9384	9642
9387	7215
9387	8836
9387	8845
9408	2009
9408	9033
9408	9420
9408	9715
9413	4048
9413	5266
9413	8738
9413	9109
9413	9161
9413	9694
9419	586
9419	1121
9419	7873
9419	8036
9419	9679
9419	9836
9420	2442
9420	5483
9420	6553
9420	9408
9421	6916
9421	7320
9421	8092
9421	8677
9428	514
9428	6000
9428	8017
9428	8390
9433	4970
9433	5587
9433	5643
9433	6879
9433	9754
9433	9880
9435	6580
9435	6729
9435	7157
9441	2338
9441	4478
9441	8821
9441	9136
9441	9849
9444	984
9444	4415
9444	9975
9446	6421
9446	9492
9446	9679
9446	9937
9460	1701
9460	6097
9460	8149
9460	9162
9460	9219
9460	9692
9460	9781
9473	3292
9473	4710
9473	7719
9473	9252
9474	16
9474	7872
9474	8319
9474	8574
9474	9581
9474	9890
9490	2783
9490	3497
9490	6467
9490	6879
9490	8653
9490	9925
9492	2699
9492	2838
9492	4607
9492	5643
9492	6951
9492	9446
9517	7695
9527	5130
9527	5318
9527	5566
9527	7251
9527	7320
9527	7443
9527	9749
9532	7016
9532	7774
9532	8701
9545	7910
9545	8700
9549	2571
9549	8515
9549	8844
9549	9815
9550	1121
9550	5553
9550	5790
9550	9090
9550	9920
9551	700
9551	9926
9563	2934
9563	8316
9563	9594
9581	4170
9581	4340
9581	6331
9581	9474
9594	1860
9594	2848
9594	3250
9594	3282
9594	8355
9594	9563
9604	19
9604	2311
9604	4285
9604	6401
9604	7202
9604	8343
9604	9889
9604	9986
9614	6375
9614	6883
9614	7567
9614	8409
9614	9301
9625	4478
9625	9375
9625	9944
9626	1715
9626	3870
9626	5002
9626	5587
9626	6730
9626	7741
9640	2622
9640	7088
9640	7447
9642	6068
9642	7461
9642	8980
9642	9384
9646	1319
9646	3870
9646	7018
9646	7170
9646	9809
9655	47
9655	892
9655	5237
9655	6431
9655	7717
9655	9817
9655	9937
9656	6865
9656	7672
9666	2918
9666	3702
9666	7551
9666	7876
9666	9265
9666	9921
9667	2285
9667	5195
9667	8803
9667	8846
9675	4285
9675	4934
9675	6202
9675	6401
9675	8290
9675	8343
9679	1587
9679	8036
9679	9120
9679	9419
9679	9446
9692	3408
9692	8634
9692	8861
9692	8966
9692	9460
9694	1
9694	784
9694	3879
9694	4048
9694	6003
9694	6693
9694	7526
9694	8738
9694	9375
9694	9413
9695	7370
9695	7611
9695	8677
9695	8711
9696	2521
9696	4321
9696	4552
9696	8844
9696	9055
9696	9090
9696	9228
9696	9814
9698	3338
9698	6243
9698	6712
9698	9724
9714	820
9714	3869
9714	6331
9714	9092
9715	2777
9715	7680
9715	7804
9715	9408
9715	9724
9724	5483
9724	5709
9724	9163
9724	9698
9724	9715
9727	4093
9727	4448
9727	5645
9727	8896
9727	9370
9727	9926
9746	3754
9746	6944
9746	8700
9749	1527
9749	4845
9749	6730
9749	7251
9749	7320
9749	9527
9749	9754
9749	9785
9754	3347
9754	4416
9754	5508
9754	6153
9754	7549
9754	8861
9754	9232
9754	9433
9754	9749
9754	9837
9756	2312
9756	8319
9756	9817
9756	9880
9760	3540
9760	5566
9760	6498
9760	6602
9760	8653
9760	8711
9769	9220
9775	791
9775	2775
9775	7282
9775	7780
9775	8001
9775	9920
9781	18
9781	4518
9781	8896
9781	9460
9784	3358
9784	5219
9784	7930
9784	8848
9785	8125
9785	9303
9785	9749
9785	9890
9785	9977
9796	61
9796	4476
9796	6269
9796	8319
9796	8609
9796	8783
9798	2179
9798	2995
9798	6995
9798	8125
9798	8169
9798	8515
9799	56
9799	1703
9799	3222
9799	3608
9799	3799
9799	3946
9799	4502
9799	4620
9799	6791
9799	7018
9799	7873
9809	8792
9809	9646
9814	2379
9814	2521
9814	6730
9814	8844
9814	9055
9814	9696
9815	6996
9815	7013
9815	8769
9815	9549
9817	5069
9817	6996
9817	7717
9817	7826
9817	9655
9817	9756
9829	2099
9829	2367
9829	2387
9829	4693
9829	4786
9829	5000
9829	6412
9829	8711
9833	801
9833	5105
9836	260
9836	1082
9836	1891
9836	4069
9836	5996
9836	7263
9836	8196
9836	8332
9836	8783
9836	9419
9837	1511
9837	7881
9837	8042
9837	9754
9849	547
9849	2338
9849	2615
9849	5753
9849	8265
9849	8821
9849	9136
9849	9441
9849	9937
9880	3220
9880	3408
9880	5036
9880	8319
9880	9433
9880	9756
9889	3003
9889	4569
9889	6729
9889	8141
9889	9364
9889	9604
9890	5069
9890	5752
9890	5753
9890	6186
9890	6944
9890	9055
9890	9474
9890	9785
9890	9977
9908	1052
9908	6902
9920	9550
9920	9775
9921	5568
9921	6951
9921	9666
9925	5168
9925	6627
9925	9092
9925	9490
9926	2387
9926	2417
9926	4827
9926	5645
9926	9551
9926	9727
9932	2273
9932	2787
9932	7018
9937	2581
9937	3840
9937	6771
9937	7038
9937	9446
9937	9655
9937	9849
9941	4207
9941	7461
9941	7826
9941	8411
9941	8895
9941	9977
9944	2341
9944	2388
9944	2973
9944	4213
9944	9625
9953	2945
9953	4595
9953	7016
9953	7791
9953	9067
9954	1597
9954	3065
9954	9265
9960	6068
9960	8444
9960	8445
9961	1206
9961	1559
9961	1682
9961	1885
9961	3000
9961	5293
9961	7958
9961	9255
9971	4970
9971	5035
9971	6008
9971	7743
9975	984
9975	4415
9975	4451
9975	9444
9977	5753
9977	9785
9977	9890
9977	9941
9986	1269
9986	1563
9986	1915
9986	1958
9986	4966
9986	7611
9986	9162
9986	9604
9992	1268
9992	1362
9992	3300
9992	9239
9999	2367
9999	2884
9999	6951
9999	7040
9999	9220
