6867	6867
4238	4238
3320	3320
1550	1550
1584	1584
1368	1368
4739	4739
3053	3053
1052	1052
3449	3449
2300	2300
1869	1869
614	614
514	514
1953	1953
6156	6156
1676	1676
1601	1601
4931	4931
567	567
3245	3245
682	682
2483	2483
1599	1599
2763	2763
2497	2497
7151	7151
4794	4794
2431	2431
1944	1944
93	93
826	826
6198	6198
6148	6148
7537	7537
7256	7256
7571	7571
2239	2239
4040	4040
3478	3478
1527	1527
940	940
337	337
5328	5328
889	889
758	758
2559	2559
71	71
1997	1997
1475	1475
2689	2689
70	70
1640	1640
7168	7168
4830	4830
7764	7764
5978	5978
852	852
1323	1323
3876	3876
1538	1538
4909	4909
5792	5792
5661	5661
7040	7040
2420	2420
188	188
7576	7576
4757	4757
318	318
1220	1220
136	136
3020	3020
7159	7159
1284	1284
4555	4555
2523	2523
1936	1936
1068	1068
1951	1951
5116	5116
5191	5191
596	596
215	215
2281	2281
6058	6058
636	636
7372	7372
5421	5421
2396	2396
7106	7106
3535	3535
8189	8189
2436	2436
5601	5601
1518	1518
294	294
3715	3715
1096	1096
5104	5104
2385	2385
3699	3699
524	524
4095	4095
1847	1847
8102	8102
292	292
457	457
2058	2058
5654	5654
241	241
1174	1174
2694	2694
512	512
4429	4429
1941	1941
7750	7750
2708	2708
445	445
3766	3766
4262	4262
997	997
4162	4162
4112	4112
6534	6534
8285	8285
1889	1889
5360	5360
2591	2591
1979	1979
4963	4963
6127	6127
4010	4010
7431	7431
398	398
4175	4175
3538	3538
3438	3438
1406	1406
2991	2991
3075	3075
7991	7991
