0.00029397460514	0.000993229038929	0.000993901584797
0.00029397460514	0.00111435891382	0.00111511348044
0.00029397460514	0.00250052251823	0.00250221569877
0.00029397460514	0.00290205195334	0.00290401702179
0.00029397460514	0.0083766315782	0.00838230365255
0.00029397460514	0.0250110760403	0.0250280118075
0.00029397460514	0.0573515609242	0.0573903954264
0.00029397460514	0.0833334236286	0.0833898512475
0.00029397460514	0.0834463170752	0.0835028211378
0.000293974605141	0.099976606932	0.100044304161
0.000293974605141	0.107777864551	0.107850844251
0.000293974605141	0.162874870575	0.162985158149
0.000293974605141	0.181751485713	0.181874555222
0.000293974605141	0.222976092459	0.223127076415
0.000293974605141	0.234112429552	0.234270954264
0.000293974605141	0.25	0.250169282673
0.000293974605141	0.272811537231	0.272996266296
0.000293974605141	0.285662350849	0.285855781594
0.000293974605141	0.310254370262	0.310464453018
0.000293974605141	0.45294942428	0.453256130237
0.000293974605141	0.523907061439	0.524261814991
0.000293974605141	0.554559460997	0.554934970229
0.000293974605141	0.800354433289	0.800896377841
0.000293974605141	0.375253517407	0.375507613081
0.000293974605141	0.375507613081	0.375761880811
0.000293974605141	0.453256130237	0.453563043875
0.000293974605141	0.00111285131201	0.00111360485779
0.000293974605141	0.00111360485779	0.00111435891382
0.000293974605141	0.0013305966874	0.00133149767526
0.000293974605141	0.00149085076179	0.0014918602626
0.000293974605141	0.0014918602626	0.00149287044698
0.000293974605141	0.00149287044698	0.00149388131538
0.000293974605141	0.00170236700856	0.00170351973352
0.000293974605141	0.00230543996427	0.00230700104843
0.000293974605141	0.00281308173681	0.0028149865608
0.000293974605141	0.00318620473389	0.00318836221091
0.000293974605141	0.00435012760834	0.00435307321327
0.000293974605141	0.00486745316456	0.0048707490665
0.000293974605141	0.0048707490665	0.00487404720019
0.000293974605141	0.00487404720019	0.00487734756715
0.000293974605141	0.00529364279271	0.00529722728072
0.000293974605141	0.00549815792811	0.0055018808996
0.000293974605141	0.00766063493727	0.00766582218832
0.000293974605141	0.00943645656396	0.00944284627833
0.000293974605141	0.0104590703741	0.0104661525317
0.000293974605141	0.0144940196192	0.0145038339647
0.000293974605141	0.0151562293576	0.0151664921057
0.000293974605141	0.0168442317187	0.016855637465
0.000293974605141	0.0204976391187	0.0205115186993
0.000293974605141	0.0277966472013	0.0278154691643
0.000293974605141	0.0441045195722	0.0441343840961
0.000293974605141	0.0833898512475	0.0834463170752
0.000293974605141	0.087851512658	0.0879109996137
0.000293974605141	0.126275655634	0.126361160756
0.000587949210281	0.00161700411156	0.0016191946992
0.000587949210281	0.00773881359423	0.00774929751895
0.000587949210281	0.0120322217833	0.0120485220735
0.000587949210281	0.0277590414756	0.0277966472013
0.000587949210281	0.0769361094947	0.0770403363727
0.000587949210281	0.0770403363727	0.0771447044489
0.000587949210281	0.375761880811	0.376270932906
0.000587949210281	0.49763644864	0.498310606636
0.000587949210281	0.111111351899	0.111261876657
0.000587949210281	0.272996266296	0.273366099768
0.000587949210281	0.000993901584797	0.000995248043045
0.000587949210281	0.00250221569877	0.00250560550015
0.000587949210281	0.00262008280917	0.00262363228747
0.000587949210281	0.00318189415858	0.00318620473389
0.000587949210281	0.0138795207378	0.0138983236007
0.000881923815422	0.00716894511553	0.00718351791709
0.000881923815422	0.748984523111	0.750507034813
0.000881923815422	0.0181463136743	0.0181832009184
0.000881923815422	0.0332804860172	0.0333481375212
0.000881923815422	0.233637498743	0.234112429552
0.000881923815422	0.250169282673	0.250677818763
0.000881923815422	0.333333694514	0.334011284551
0.000881923815422	0.358615018262	0.359343999362
0.000881923815422	0.599047450122	0.600265174554
0.000881923815422	0.00138200309549	0.00138481238703
0.00117589842056	0.00128196991871	0.00128544569176
0.00117589842056	0.00293961666333	0.00294758677264
0.00117589842056	0.00318836221091	0.00319700673783
0.00117589842056	0.16243446606	0.162874870575
0.00117589842056	0.376270932906	0.377291106898
0.00117589842056	0.289948220168	0.290734349543
0.00117589842056	0.00115271998213	0.00115584532306
0.0014698730257	0.00114882518716	0.00115271998213
0.0014698730257	0.00133149767526	0.00133601177411
0.0014698730257	0.00196240147334	0.00196905448851
0.0014698730257	0.00645489514256	0.00647677879679
0.0014698730257	0.00647677879679	0.0064987366419
0.0014698730257	0.222222703797	0.222976092459
0.0014698730257	0.498310606636	0.5
0.00176384763084	0.153872218989	0.154498427829
0.00176384763084	0.439955553351	0.44174602637
0.00176384763084	0.0041488121812	0.00416569646921
0.00176384763084	0.00820824246224	0.0082416472836
0.00176384763084	0.00992117398864	0.00996154987255
0.00205782223598	0.00141993348213	0.00142667753338
0.00205782223598	0.427334440775	0.429364088928
0.00205782223598	0.800896377841	0.804700278717
0.00235179684112	0.0192731256873	0.0193777768539
0.00235179684112	0.041441687549	0.0416667118143
0.00235179684112	0.663067000783	0.666667389029
0.00235179684113	0.00718351791709	0.00722252370903
0.00264577144627	0.0138983236007	0.0139832522056
0.00293974605141	0.142927890797	0.143898653744
0.00293974605141	0.198738779106	0.200088608322
0.00293974605141	0.124156730343	0.125
0.00293974605141	0.215409868468	0.21687292734
0.00293974605141	0.136405768615	0.137332233458
0.00323372065655	0.0297031101868	0.0299251025218
0.00323372065655	0.0827152342243	0.0833334236286
0.00352769526169	0.00262363228747	0.00264503036511
0.00352769526169	0.0205115186993	0.0206788085561
0.00352769526169	0.0905686931026	0.0913073621363
0.00382166986683	0.0275158412975	0.0277590414756
0.00382166986683	0.0532363211048	0.0537068530663
0.00382166986683	0.0661119412501	0.0666962750423
0.00411564447197	0.00529722728072	0.00534766571474
0.00411564447197	0.570165687187	0.575594614976
0.00411564447197	0.00766582218832	0.00773881359423
0.00440961907711	0.0730288020344	0.0737740788566
0.00440961907711	0.125	0.126275655634
0.00440961907711	0.282776546887	0.285662350849
0.00470359368225	0.0223377084124	0.022580950109
0.00499756828739	0.00932849057107	0.00943645656396
0.00499756828739	0.0157524359081	0.0159347512967
0.00499756828739	0.152111709969	0.153872218989
0.00529154289253	0.273366099768	0.276717228597
0.00529154289253	0.00170351973352	0.00172440276947
0.00529154289253	0.00290401702179	0.00293961666333
0.00587949210281	0.212513294215	0.215409868468
0.00587949210281	0.0986322411068	0.099976606932
0.00617346670795	0.285855781594	0.289948220168
0.00646744131309	0.0246413748455	0.0250110760403
0.00646744131309	0.0573903954264	0.0582514390124
0.00676141591823	0.00996154987255	0.0101178521651
0.00676141591823	0.666667389029	0.677127773468
0.00705539052337	0.00487734756715	0.00495723030153
0.00705539052337	0.0082416472836	0.0083766315782
0.00734936512852	0.0009765625	0.000993229038929
0.00823128894394	0.00892090784351	0.0090916004592
0.00852526354908	0.36795906634	0.375253517407
0.00852526354908	0.00632942019142	0.00645489514256
0.00881923815422	0.0165056248142	0.0168442317187
0.00911321275936	0.00115584532306	0.00118035578479
0.00911321275936	0.09658411138	0.0986322411068
0.0094071873645	0.133482874274	0.136405768615
0.0094071873645	0.276717228597	0.282776546887
0.00970116196964	0.162985158149	0.166666847257
0.00970116196964	0.266785100169	0.272811537231
0.00999513657478	0.143898653744	0.147248835007
0.0102891111799	0.130357624736	0.133482874274
0.0102891111799	0.359343999362	0.36795906634
0.0105830857851	0.000995248043045	0.00101979861565
0.0105830857851	0.21687292734	0.222222703797
0.0105830857851	0.429364088928	0.439955553351
0.0108770603902	0.00138481238703	0.00141993348213
0.0108770603902	0.00157700860762	0.00161700411156
0.0108770603902	0.0064987366419	0.006663555176
0.0108770603902	0.44174602637	0.45294942428
0.0111710349953	0.0090916004592	0.00932849057107
0.0117589842056	0.00118035578479	0.0012127517696
0.0117589842056	0.554934970229	0.570165687187
0.0120529588108	0.00534766571474	0.00549815792811
0.0123469334159	0.00371540288429	0.00382254711753
0.0129348826262	0.107850844251	0.111111351899
0.0129348826262	0.00111511348044	0.00114882518716
0.0129348826262	0.0879109996137	0.0905686931026
0.0132288572313	0.0028149865608	0.00290205195334
0.0135228318365	0.126361160756	0.130357624736
0.0138168064416	0.290734349543	0.300132587277
0.0141107810467	0.147248835007	0.152111709969
0.0144047556519	0.0101178521651	0.0104590703741
0.0144047556519	0.104261704071	0.107777864551
0.0144047556519	0.00294758677264	0.00304699228509
0.0144047556519	0.300132587277	0.310254370262
0.014698730257	0.00133601177411	0.00138200309549
0.0149927048622	0.00128544569176	0.0013305966874
0.0152866794673	0.00196905448851	0.0020395972313
0.0152866794673	0.334011284551	0.345977470491
0.0152866794673	0.0159347512967	0.0165056248142
0.0155806540725	0.00358447255777	0.00371540288429
0.0155806540725	0.0139832522056	0.0144940196192
0.0155806540725	0.345977470491	0.358615018262
0.0155806540725	0.166666847257	0.172754701016
0.0164625778879	0.00172440276947	0.00179102352188
0.0164625778879	0.0151664921057	0.0157524359081
0.016756552493	0.00399178573693	0.0041488121812
0.0170505270982	0.0666962750423	0.0693668712787
0.0173445017033	0.137332233458	0.142927890797
0.0173445017033	0.575594614976	0.599047450122
0.0179324509136	0.100044304161	0.104261704071
0.0182264255187	0.0737740788566	0.0769361094947
0.018814374729	0.00304699228509	0.00318189415858
0.018814374729	0.00382254711753	0.00399178573693
0.018814374729	0.00416569646921	0.00435012760834
0.0191083493341	0.0145038339647	0.0151562293576
0.0191083493341	0.00142667753338	0.00149085076179
0.0194023239393	0.00250560550015	0.00262008280917
0.0199902731496	0.223127076415	0.233637498743
0.0202842477547	0.5	0.523907061439
0.0214601461753	0.00944284627833	0.00992117398864
0.0217541207804	0.0016191946992	0.00170236700856
0.0217541207804	0.00462964467885	0.00486745316456
0.0217541207804	0.154498427829	0.16243446606
0.0220480953855	0.172754701016	0.181751485713
0.0220480953855	0.0835028211378	0.087851512658
0.0223420699907	0.111261876657	0.117135477132
0.0223420699907	0.0693668712787	0.0730288020344
0.0226360445958	0.00340243012726	0.00358447255777
0.0235179684112	0.00149388131538	0.00157700860762
0.0238119430164	0.0582514390124	0.0615344894227
0.0241059176215	0.0012127517696	0.00128196991871
0.0243998922267	0.0193777768539	0.0204976391187
0.0243998922267	0.0913073621363	0.09658411138
0.0243998922267	0.524261814991	0.554559460997
0.0246938668318	0.0416667118143	0.0441045195722
0.024987841437	0.00217653660663	0.00230543996427
0.024987841437	0.00774929751895	0.00820824246224
0.0252818160421	0.0181832009184	0.0192731256873
0.0252818160421	0.117135477132	0.124156730343
0.0255757906472	0.00722252370903	0.00766063493727
0.0255757906472	0.377291106898	0.400177216645
0.0261637398575	0.0104661525317	0.0111160578851
0.0261637398575	0.200088608322	0.212513294215
0.0267516890678	0.00264503036511	0.00281308173681
0.0267516890678	0.00435307321327	0.00462964467885
0.0270456636729	0.00319700673783	0.00340243012726
0.0270456636729	0.250677818763	0.266785100169
0.0270456636729	0.00838230365255	0.00892090784351
0.0279275874884	0.750507034813	0.800354433289
0.0282215620935	0.0020395972313	0.00217653660663
0.0282215620935	0.234270954264	0.25
0.0285155366986	0.0278154691643	0.0297031101868
0.0285155366986	0.400177216645	0.427334440775
0.0285155366986	0.00495723030153	0.00529364279271
0.0285155366986	0.0537068530663	0.0573515609242
0.0299854097243	0.0055018808996	0.00589517354529
0.0302793843295	0.0771447044489	0.0827152342243
0.0308673335398	0.00589517354529	0.00632942019142
0.0308673335398	0.310464453018	0.333333694514
0.0311613081449	0.0615344894227	0.0661119412501
0.0317492573552	0.006663555176	0.00716894511553
0.0320432319603	0.016855637465	0.0181463136743
0.033513104986	0.0206788085561	0.0223377084124
0.0343950288015	0.0111160578851	0.0120322217833
0.0349829780117	0.00230700104843	0.00250052251823
0.0379227240631	0.022580950109	0.0246413748455
0.0379227240631	0.00101979861565	0.00111285131201
0.0385106732734	0.181874555222	0.198738779106
0.039686571694	0.00179102352188	0.00196240147334
0.0402745209043	0.453563043875	0.49763644864
0.0411564447197	0.0250280118075	0.0275158412975
0.0432142669557	0.600265174554	0.663067000783
0.043802216166	0.677127773468	0.748984523111
0.0461540130071	0.0299251025218	0.0332804860172
0.0614406924744	0.0120485220735	0.0138795207378
0.0814309656239	0.0441343840961	0.0532363211048
0.0943658482501	0.804700278717	1
0.0943658482501	0.0333481375212	0.041441687549
