0 0.0
0.0009765625 292.045009508
0.00100949645691 437.11830926
0.0010142911152 444.04254313
0.00110984222447 1429.70008622
0.00118435747611 1754.36478726
0.00118515944091 1869.10034398
0.00118596194874 1810.8172151
0.00118676499998 1527.86953292
0.00125960534512 2588.86415765
0.00134690815002 2581.3738477
0.00134782018287 3325.76455178
0.00138200309549 5113.74401574
0.001385750086 3161.58161711
0.00139233178135 4151.4010052
0.00144221303314 5734.08450207
0.00157168023187 9383.61394928
0.00173729045008 11290.3194937
0.00173846682277 10929.1655189
0.0017479065257 10042.8461851
0.00191256774075 11471.4904083
0.00191775323795 12484.1104845
0.00192035125641 12200.5352064
0.00193208596327 11783.5999409
0.00195577093729 12373.8916757
0.00202583778764 13496.2955356
0.00209132473533 12925.3730863
0.00212989791536 12774.9614588
0.0024271459221 14874.41467
0.0024287894171 15464.8892184
0.00278843600183 17705.1640274
0.00297162699006 18442.0426575
0.00318404871678 18850.1821307
0.00318836221091 18236.5076482
0.00354586066667 19650.3417131
0.00354826167776 19656.9029462
0.0041996714652 21124.6982007
0.00420251519165 20775.4912974
0.00444538299925 20795.3411133
0.00444839310452 21417.747458
0.00496394596003 22110.6317932
0.0049673072002 22603.2528068
0.00497067071636 21859.634117
0.00506577951036 22133.995516
0.00615200946177 23822.402094
0.00628672092748 24050.7951813
0.00680486025451 24788.347543
0.00684180997278 24925.8386238
0.0073160134235 24635.0227761
0.00744591087208 24965.2947009
0.00782308374916 25500.4964636
0.00879499478446 26066.9736224
0.00880095014538 26184.5628663
0.00929697159094 26641.0987566
0.00930326685576 26586.8317714
0.00990775176024 27257.6626924
0.00991446060306 27075.4726295
0.0111764169802 27771.9415895
0.0111915578946 27922.4932394
0.0111991360419 27586.3963108
0.0116633416273 27859.6050018
0.0123206874227 27747.392027
0.0126502744937 28214.2939796
0.0127880269513 28529.9242572
0.0142411645689 28571.0092872
0.0152488446581 28903.7637002
0.0163057367356 29226.1434567
0.0163167778504 28851.3702732
0.0184061043759 29360.0331037
0.0185311182135 29607.1836018
0.020469908127 29555.6661164
0.0204837689301 29740.9850094
0.0235966613929 30032.4717062
0.0236286282595 29944.5709526
0.0237087350187 29921.834696
0.0239831349441 30222.6047965
0.0239993746609 30220.2363859
0.0261892251752 30283.6861159
0.0262069587034 30254.0884257
0.0284245486275 30461.9743585
0.0285402271023 30434.4353226
0.028617607508 30638.4301116
0.0333481375212 30790.6604496
0.0369620222183 31136.9514109
0.0404440227713 31113.664879
0.0414136450987 31138.3826457
0.0423204858418 31180.2072554
0.0441941738242 31429.0625116
0.0451924807268 31239.2138976
0.0452230819426 31301.7725313
0.0466533665091 31413.7583819
0.0526272246472 31431.5994418
0.0530205450912 31459.1428833
0.0530564469296 31443.5341712
0.0557817691037 31511.499774
0.0586073965794 31557.7175575
0.0596883734459 31572.2923916
0.0666060425116 31615.2014815
0.0666511435073 31661.1011695
0.071560759027 31574.7900733
0.0769882052959 31696.5409496
0.0820460747972 31659.5210736
0.0821572242468 31581.4334612
0.0833334236286 31692.1217773
0.0903849614537 31730.6210761
0.090998854033 31740.3451109
0.0910604721501 31634.8687406
0.0988327375611 31687.6026656
0.0988996602412 31671.0887719
0.100044304161 31624.2865035
0.110511286541 31690.0352876
0.111111351899 31764.7135797
0.111186588805 31575.1173374
0.111261876657 31598.0033573
0.111337215489 31521.4511483
0.117373586371 31573.5937229
0.119134573953 31502.6939644
0.119619412112 31504.8044408
0.132044998514 31529.3717837
0.132134410235 31482.0182322
0.133392550085 31407.6385691
0.136498133148 31428.6907483
0.137797822913 31451.5349393
0.142927890797 31266.8029015
0.143024671659 31355.7979607
0.143121518054 31294.0193925
0.145170509395 31275.3756404
0.145268808802 31409.0428319
0.156604254525 31214.5199141
0.156710296073 31120.803819
0.159061462924 30970.9456378
0.160250241653 31094.756499
0.16035875201 31027.5726881
0.166666847257 30826.1903879
0.167005642276 30655.5770064
0.169281943367 30804.3189545
0.185731325014 30663.0748198
0.186234893721 30450.4342498
0.186360999084 30349.0890176
0.189157023432 30356.447033
0.190184127364 30510.5511389
0.200088608322 30217.179857
0.220574196933 29975.2087177
0.220723554492 29867.362744
0.224338634375 29727.2751078
0.233795701864 29631.1819894
0.234270954264 29657.3770284
0.249830831876 29161.7257439
0.25 28957.0232844
0.250169282673 29006.9079782
0.250338679973 28406.1415242
0.278974106121 28213.8110059
0.281821105243 28707.4695854
0.2822028939 28493.1484748
0.286436860053 27936.2870396
0.286824901766 27973.3950803
0.298511698274 28131.2363431
0.301150109269 27764.2457632
0.301354027251 27887.8302834
0.323114452594 27521.9334639
0.333333694514 26649.0899051
0.368707041721 26192.4550601
0.385813775923 25883.4617317
0.386075022273 25949.0199314
0.386598045785 25731.9989566
0.387908706574 25808.4031154
0.400177216645 25182.4602291
0.400448188921 25164.1966899
0.402622582987 24958.1062168
0.439360343154 25089.5761619
0.439657847528 24684.9657948
0.447767062237 24427.1437276
0.5 20824.7918688
0.500338565347 20370.3009052
0.500677359946 20610.2640822
0.505102622537 20947.6572152
0.505444643026 20732.9732572
0.550445592061 20857.947634
0.558326016101 20403.7522601
0.56097781586 20213.5929137
0.563260809304 19706.411606
0.574815900442 20222.1620963
0.58383508362 19626.2699558
0.591792805408 20079.7244298
0.592594518893 19960.9391079
0.60475138044 19627.5580275
0.605980699638 19370.7520312
0.666667389029 17628.4714492
0.669833762027 17288.3602486
0.73841307297 17329.438342
0.770062194131 16365.2538582
0.959549865916 15594.5570791
0.962802971818 16009.0675762
0.979897753126 16121.0974403
1 0.0
