0.00029397460514	0.0816029786924	0.0816582345739
0.00029397460514	0.0833334236286	0.0833898512475
0.000293974605141	0.100044304161	0.10011204723
0.000293974605141	0.509222188066	0.509566998039
0.000293974605141	0.3279622259	0.328184299189
0.000293974605141	0.00118275517415	0.00118355605398
0.000293974605141	0.00720299440999	0.00720787177859
0.000293974605141	0.0129010545851	0.0129097902851
0.000293974605141	0.0318263867541	0.0318479373774
0.000293974605141	0.0335519182705	0.0335746373042
0.000293974605141	0.0653555300558	0.0653997842912
0.000293974605141	0.166666847257	0.166779702495
0.000587949210281	0.00181297924559	0.00181543532464
0.000587949210281	0.0129097902851	0.0129272794348
0.000587949210281	0.0500221520806	0.050089918085
0.000587949210281	0.050089918085	0.0501577758935
0.000881923815422	0.00118035578479	0.00118275517415
0.00117589842056	0.00117398118306	0.00117716416895
0.00117589842056	0.509566998039	0.510948574327
0.00117589842056	0.00117716416895	0.00118035578479
0.00117589842056	0.00181543532464	0.00182035746914
0.00205782223598	0.0277778379746	0.0279097703258
0.00205782223598	0.0159779547903	0.016053842955
0.00293974605141	0.056312904532	0.0566953804844
0.00646744131309	0.00720787177859	0.0073160134235
0.00646744131309	0.0416949256237	0.0423204858418
0.00676141591823	0.328184299189	0.333333694514
0.00705539052337	0.149053922823	0.15149517491
0.0079373143388	0.5	0.509222188066
0.00852526354908	0.0653997842912	0.0666962750423
0.00881923815422	0.0816582345739	0.0833334236286
0.0094071873645	0.0696491714122	0.0711742896723
0.0105830857851	0.00868260549488	0.00889678620904
0.0111710349953	0.0406361138556	0.0416949256237
0.0114650096005	0.0279097703258	0.0286563763501
0.0155806540725	0.2411900317	0.25
0.018814374729	0.0666962750423	0.0696491714122
0.0226360445958	0.0318479373774	0.0335519182705
0.0241059176215	0.333333694514	0.35235880909
0.0282215620935	0.510948574327	0.545253866333
0.0296914351192	0.0023352820157	0.00250052251823
0.0332191303809	0.0463386355622	0.0500221520806
0.0393925970888	0.0423204858418	0.0463386355622
0.0414504193248	0.15149517491	0.166666847257
0.0452720891917	0.10011204723	0.111111351899
0.0455660637968	0.0286563763501	0.0318263867541
0.0482118352431	0.00438263918641	0.00489719675227
0.050269657479	0.0501577758935	0.056312904532
0.0511515812945	0.111111351899	0.125
0.0582069718178	0.016053842955	0.018356335302
0.0593828702384	0.0711742896723	0.0816029786924
0.0617346670795	0.0566953804844	0.0653555300558
0.0620286416847	0.00250052251823	0.00288442606629
0.0670262099721	0.00118355605398	0.001381067932
0.0673201845772	0.011048543456	0.0129010545851
0.0682021083926	0.545253866333	0.637970889198
0.0743755751006	0.0073160134235	0.00868260549488
0.0764333973366	0.125	0.149053922823
0.0776092957571	0.00602426103675	0.00720299440999
0.0790791687828	0.0833898512475	0.100044304161
0.0799610925982	0.0009765625	0.00117398118306
0.0829008386497	0.0335746373042	0.0406361138556
0.0896622545679	0.0225962403634	0.0277778379746
0.089956229173	0.00489719675227	0.00602426103675
0.0902502037782	0.018356335302	0.0225962403634
0.092014051409	0.0129272794348	0.0159779547903
0.094071873645	0.00889678620904	0.011048543456
0.108182654692	0.00182035746914	0.0023352820157
0.117883816661	0.25	0.3279622259
0.118177791267	0.001381067932	0.00181297924559
0.151984870858	0.35235880909	0.5
0.160216159802	0.166779702495	0.2411900317
0.181676305977	0.00288442606629	0.00438263918641
