0.00029397460514	0.00123344924117	0.00123428444751
0.00029397460514	0.00404345616736	0.00404619411563
0.00029397460514	0.00686500536178	0.00686965386762
0.00029397460514	0.0163278264415	0.016338882514
0.00029397460514	0.0573515609242	0.0573903954264
0.00029397460514	0.0714639453986	0.0715123358295
0.00029397460514	0.0834463170752	0.0835028211378
0.000293974605141	0.100044304161	0.10011204723
0.000293974605141	0.133302287015	0.133392550085
0.000293974605141	0.184353520861	0.184478352288
0.000293974605141	0.199817911023	0.199953213864
0.000293974605141	0.199953213864	0.200088608322
0.000293974605141	0.200088608322	0.20022409446
0.000293974605141	0.25	0.250169282673
0.000293974605141	0.312784773296	0.312996569467
0.000293974605141	0.333333694514	0.33355940499
0.000293974605141	0.334690251971	0.334916881013
0.000293974605141	0.366467664626	0.36671581113
0.000293974605141	0.429073550057	0.429364088928
0.000293974605141	0.500338565347	0.500677359946
0.000293974605141	0.666667389029	0.66711880998
0.000293974605141	0.760221739981	0.760736509454
0.000293974605141	0.5	0.500338565347
0.000293974605141	0.501695120815	0.50203483398
0.000293974605141	0.0010541906834	0.00105490450827
0.000293974605141	0.00117318678228	0.00117398118306
0.000293974605141	0.00136526662253	0.00136619108646
0.000293974605141	0.00164348791411	0.00164460077022
0.000293974605141	0.00212845667202	0.00212989791536
0.000293974605141	0.00233370179459	0.0023352820157
0.000293974605141	0.00425691334404	0.00425979583072
0.000293974605141	0.00639834305843	0.0064026755729
0.000293974605141	0.00708212703496	0.00708692256055
0.000293974605141	0.00917195703735	0.00917816765098
0.000293974605141	0.0101796794109	0.0101865723843
0.000293974605141	0.0251468837099	0.0251639114367
0.000293974605141	0.0464328312534	0.0464642723486
0.000293974605141	0.0502257256302	0.0502597350106
0.000293974605141	0.0714155877122	0.0714639453986
0.000293974605141	0.124915415938	0.125
0.000293974605141	0.146850682416	0.14695011952
0.000293974605141	0.184478352288	0.184603268242
0.000587949210281	0.0717547799275	0.0718519875552
0.000587949210281	0.0833334236286	0.0834463170752
0.000587949210281	0.250169282673	0.250508191977
0.000587949210281	0.285855781594	0.286243036108
0.000587949210281	0.00587525501116	0.00588321433599
0.000587949210281	0.00917816765098	0.00919060149727
0.000881923815422	0.00125026125911	0.00125280275008
0.000881923815422	0.0035362728583	0.00354346128027
0.000881923815422	0.0279854413898	0.0280423292969
0.000881923815422	0.229406243697	0.229872573347
0.000881923815422	0.380625813747	0.381399537686
0.000881923815422	0.111941765559	0.112169317188
0.000881923815422	0.289555952958	0.290144553007
0.000881923815422	0.290144553007	0.290734349543
0.000881923815422	0.500677359946	0.501695120815
0.00117589842056	0.3324323789	0.333333694514
0.00117589842056	0.222222703797	0.22282521067
0.0014698730257	0.0500560236151	0.0502257256302
0.0014698730257	0.0715123358295	0.0717547799275
0.0014698730257	0.093369913871	0.0936864604401
0.0014698730257	0.427623802041	0.429073550057
0.0014698730257	0.33355940499	0.334690251971
0.00176384763084	0.00116843165342	0.00117318678228
0.00176384763084	0.229872573347	0.230808078394
0.00176384763084	0.00232424289774	0.00233370179459
0.00176384763084	0.00686965386762	0.00689761107786
0.00176384763084	0.0101384194103	0.0101796794109
0.00205782223598	0.00319917152921	0.00321436616827
0.00205782223598	0.10748643925	0.107996951935
0.00205782223598	0.449893756235	0.452030551082
0.00205782223598	0.166666847257	0.167458440507
0.00235179684112	0.146057604069	0.146850682416
0.00235179684112	0.0130680482784	0.0131390064883
0.00235179684112	0.994599423484	1
0.00235179684112	0.20022409446	0.201311291494
0.00264577144627	0.0367872989425	0.037012095405
0.00293974605141	0.00105490450827	0.00106206939543
0.00293974605141	0.0165840191764	0.0166966574532
0.00293974605141	0.117294162893	0.118090822149
0.00293974605141	0.142927890797	0.143898653744
0.00293974605141	0.50203483398	0.505444643026
0.00323372065655	0.0188346267032	0.0189753911799
0.00323372065655	0.158738783818	0.159925150938
0.00382166986683	0.00702007969956	0.00708212703496
0.00411564447197	0.00843352546722	0.00851382668808
0.00411564447197	0.0330336025588	0.0333481375212
0.00440961907711	0.600265174554	0.60639102777
0.00499756828739	0.286243036108	0.289555952958
0.00529154289253	0.0129097902851	0.0130680482784
0.00529154289253	0.270055554117	0.273366099768
0.00558551749767	0.750507034813	0.760221739981
0.00558551749767	0.308787765984	0.312784773296
0.00558551749767	0.00123428444751	0.00125026125911
0.00587949210281	0.14695011952	0.148953062133
0.00587949210281	0.0276091266481	0.0279854413898
0.00617346670795	0.0986322411068	0.100044304161
0.00617346670795	0.66711880998	0.676669579727
0.00646744131309	0.443243652139	0.449893756235
0.00646744131309	0.016338882514	0.0165840191764
0.00646744131309	0.143898653744	0.146057604069
0.00734936512852	0.148953062133	0.15149517491
0.00764333973366	0.00689761107786	0.00702007969956
0.0079373143388	0.0148515550934	0.0151254827617
0.00911321275936	0.0145431578479	0.0148515550934
0.0108770603902	0.357403334598	0.366467664626
0.0111710349953	0.230808078394	0.236821997698
0.0117589842056	0.179428923749	0.184353520861
0.012640908021	0.22282521067	0.229406243697
0.0129348826262	0.0023352820157	0.0024058814155
0.0132288572313	0.00889678620904	0.00917195703735
0.0138168064416	0.429364088928	0.443243652139
0.0149927048622	0.00173259291414	0.00179344985708
0.0155806540725	0.107996951935	0.111941765559
0.0155806540725	0.260538830633	0.270055554117
0.0161686032827	0.36671581113	0.380625813747
0.0164625778879	0.0024058814155	0.00249883048341
0.0170505270982	0.250508191977	0.260538830633
0.0170505270982	0.213667220388	0.222222703797
0.0179324509136	0.159925150938	0.166666847257
0.0182264255187	0.0573903954264	0.0598502050437
0.018814374729	0.00708692256055	0.00740068742807
0.0191083493341	0.00851382668808	0.00889678620904
0.0191083493341	0.0548828800117	0.0573515609242
0.0194023239393	0.112169317188	0.117294162893
0.0194023239393	0.273366099768	0.285855781594
0.0194023239393	0.0108852294223	0.0113825590188
0.0202842477547	0.15149517491	0.158738783818
0.020872196965	0.381399537686	0.400177216645
0.0214601461753	0.00117398118306	0.00123344924117
0.0220480953855	0.00404619411563	0.00425691334404
0.0223420699907	0.0936864604401	0.0986322411068
0.0223420699907	0.0178901897567	0.0188346267032
0.0226360445958	0.00164460077022	0.00173259291414
0.0232239938061	0.533570200338	0.562879666206
0.0235179684112	0.505444643026	0.533570200338
0.0235179684112	0.00136619108646	0.00144221303314
0.0235179684112	0.236821997698	0.25
0.0241059176215	0.00354346128027	0.00374570533169
0.0243998922267	0.0113825590188	0.01204036917
0.0243998922267	0.118090822149	0.124915415938
0.0258697652524	0.201311291494	0.213667220388
0.0261637398575	0.0189753911799	0.020153685522
0.0261637398575	0.290734349543	0.308787765984
0.0261637398575	0.312996569467	0.3324323789
0.0267516890678	0.0280423292969	0.0298239919826
0.0279275874884	0.125	0.133302287015
0.0279275874884	0.562879666206	0.600265174554
0.0282215620935	0.334916881013	0.357403334598
0.0285155366986	0.0718519875552	0.0767280785697
0.0288095113038	0.0101865723843	0.0108852294223
0.0288095113038	0.400177216645	0.427623802041
0.0296914351192	0.0666962750423	0.0714155877122
0.0299854097243	0.167458440507	0.179428923749
0.0299854097243	0.0166966574532	0.0178901897567
0.0299854097243	0.133392550085	0.142927890797
0.0302793843295	0.0064026755729	0.00686500536178
0.0302793843295	0.01204036917	0.0129097902851
0.0308673335398	0.10011204723	0.10748643925
0.03145528275	0.00546476434585	0.00587525501116
0.0323372065655	0.0464642723486	0.0500560236151
0.0326311811706	0.00273423235276	0.00294758677264
0.0332191303809	0.0009765625	0.0010541906834
0.0332191303809	0.00374570533169	0.00404345616736
0.0332191303809	0.0151254827617	0.0163278264415
0.0343950288015	0.184603268242	0.199817911023
0.0346890034066	0.00179344985708	0.00194257699899
0.035570927222	0.00294758677264	0.00319917152921
0.0358649018272	0.0767280785697	0.0833334236286
0.0364528510374	0.00588321433599	0.00639834305843
0.0373347748529	0.00125280275008	0.00136526662253
0.0379227240631	0.00212989791536	0.00232424289774
0.0382166986683	0.0502597350106	0.0548828800117
0.0390986224837	0.00249883048341	0.00273423235276
0.0393925970888	0.037012095405	0.0405262360828
0.039686571694	0.00194257699899	0.00212845667202
0.0399805462991	0.020153685522	0.0220970869121
0.0402745209043	0.0251639114367	0.0276091266481
0.0411564447197	0.60639102777	0.666667389029
0.0414504193248	0.00106206939543	0.00116843165342
0.0414504193248	0.00321436616827	0.0035362728583
0.0426263177454	0.00919060149727	0.0101384194103
0.0426263177454	0.0333481375212	0.0367872989425
0.043802216166	0.452030551082	0.5
0.0440961907711	0.0131390064883	0.0145431578479
0.0443901653762	0.0298239919826	0.0330336025588
0.0449781145865	0.676669579727	0.750507034813
0.0455660637968	0.00425979583072	0.0047310206966
0.0470359368225	0.0598502050437	0.0666962750423
0.0485058098482	0.0835028211378	0.093369913871
0.0561491495819	0.0220970869121	0.0251468837099
0.0567370987921	0.00144221303314	0.00164348791411
0.0567370987921	0.00740068742807	0.00843352546722
0.0590888956333	0.0405262360828	0.0464328312534
0.0626165908949	0.0047310206966	0.00546476434585
0.116413943636	0.760736509454	0.994599423484
