0.00029397460514	0.00136434278415	0.00136526662253
0.00029397460514	0.00150504614625	0.00150606525919
0.00029397460514	0.0016412644605	0.00164237581104
0.00029397460514	0.00426268026923	0.00426556666087
0.00029397460514	0.0105872855854	0.0105944545614
0.00029397460514	0.011782368887	0.0117903470906
0.00029397460514	0.0833334236286	0.0833898512475
0.000293974605141	0.142831175424	0.142927890797
0.000293974605141	0.200088608322	0.20022409446
0.000293974605141	0.247474462461	0.247642035015
0.000293974605141	0.285855781594	0.286049343318
0.000293974605141	0.297906124265	0.298107845646
0.000293974605141	0.333333694514	0.33355940499
0.000293974605141	0.600265174554	0.600671632528
0.000293974605141	0.667570536602	0.668022569102
0.000293974605141	0.400177216645	0.400448188921
0.000293974605141	0.402350139359	0.402622582987
0.000293974605141	0.499661663751	0.5
0.000293974605141	0.513375352351	0.513722974559
0.000293974605141	0.000987865029506	0.000988533943239
0.000293974605141	0.00120050036912	0.00120131326477
0.000293974605141	0.00126558790917	0.00126644487759
0.000293974605141	0.00136341957091	0.00136434278415
0.000293974605141	0.00233054455951	0.00233212264277
0.000293974605141	0.00279032413743	0.00279221355155
0.000293974605141	0.00314336046374	0.00314548892959
0.000293974605141	0.00605287359197	0.00605697217846
0.000293974605141	0.00908544842321	0.0090916004592
0.000293974605141	0.0210317241839	0.0210459654099
0.000293974605141	0.0339632231129	0.0339862206537
0.000293974605141	0.0598097060559	0.0598502050437
0.000293974605141	0.111111351899	0.111186588805
0.000293974605141	0.124915415938	0.125
0.000293974605141	0.154498427829	0.154603043457
0.000293974605141	0.185229117928	0.185354542249
0.000293974605141	0.247642035015	0.247809721038
0.000293974605141	0.286049343318	0.286243036108
0.000293974605141	0.288382332619	0.288577605148
0.000293974605141	0.297704539384	0.297906124265
0.000587949210281	0.00351955653325	0.0035243245465
0.000587949210281	0.00664553729653	0.0066545401381
0.000587949210281	0.0597287902756	0.0598097060559
0.000587949210281	0.0770403363727	0.0771447044489
0.000587949210281	0.142927890797	0.143121518054
0.000587949210281	0.222222703797	0.222523753314
0.000587949210281	0.399635822047	0.400177216645
0.000587949210281	0.0999089555117	0.100044304161
0.000587949210281	0.100044304161	0.10017983617
0.000587949210281	0.666667389029	0.667570536602
0.000587949210281	0.00248870229143	0.00249207378593
0.000587949210281	0.00476315368036	0.0047696064194
0.000587949210281	0.0203318149078	0.0203593588219
0.000881923815422	0.00147878990202	0.00148179593867
0.000881923815422	0.00250052251823	0.00250560550015
0.000881923815422	0.00277901447127	0.00278466356271
0.000881923815422	0.00278466356271	0.00279032413743
0.000881923815422	0.00374824166373	0.0037558609691
0.000881923815422	0.10017983617	0.100383478526
0.000881923815422	0.483033553268	0.484015448373
0.000881923815422	0.512333896449	0.513375352351
0.000881923815422	0.0117584666533	0.011782368887
0.000881923815422	0.0402256017317	0.040307371044
0.000881923815422	0.154603043457	0.154917315562
0.000881923815422	0.482053650078	0.483033553268
0.000881923815422	0.00182159008905	0.00182529295893
0.000881923815422	0.0035124166055	0.00351955653325
0.000881923815422	0.00543893184345	0.00544998792956
0.000881923815422	0.0066545401381	0.00666806727373
0.00117589842056	0.00906088188024	0.00908544842321
0.00117589842056	0.0665159320553	0.0666962750423
0.00117589842056	0.258431092968	0.259131770743
0.0014698730257	0.00249207378593	0.00250052251823
0.0014698730257	0.0127448189356	0.0127880269513
0.0014698730257	0.0203593588219	0.0204283819677
0.0014698730257	0.332207431051	0.333333694514
0.0014698730257	0.598237006549	0.600265174554
0.00176384763084	0.432573030217	0.434333458818
0.00176384763084	0.000988533943239	0.000992556948155
0.00176384763084	0.33355940499	0.334916881013
0.00205782223598	0.00748634143181	0.00752189821733
0.00205782223598	0.0148918217442	0.0149625512609
0.00205782223598	0.0715123358295	0.0718519875552
0.00205782223598	0.400448188921	0.402350139359
0.00205782223598	0.128517708038	0.129128109878
0.00205782223598	0.00191256774075	0.00192165158519
0.00205782223598	0.133482874274	0.134116858441
0.00264577144627	0.127737143582	0.128517708038
0.00264577144627	0.397208596079	0.399635822047
0.00264577144627	0.366219686037	0.368457547806
0.00293974605141	0.0848704566383	0.0854468948278
0.00293974605141	0.298107845646	0.300132587277
0.00323372065655	0.00343482693381	0.00346049782305
0.00323372065655	0.286243036108	0.288382332619
0.00323372065655	0.00312004218342	0.00314336046374
0.00323372065655	0.750507034813	0.756116104305
0.00352769526169	0.154917315562	0.156180805404
0.00352769526169	0.00752189821733	0.00758324605285
0.00382166986683	0.247809721038	0.25
0.00382166986683	0.756116104305	0.762799075372
0.00382166986683	0.00120131326477	0.00121193113383
0.00470359368225	0.00807050686735	0.00815838892521
0.00470359368225	0.668022569102	0.675296857946
0.00499756828739	0.0009765625	0.000987865029506
0.00529154289253	0.0854468948278	0.0864943676227
0.00529154289253	0.185354542249	0.187626758703
0.00529154289253	0.0037558609691	0.00380190315933
0.00558551749767	0.00290992021439	0.00294758677264
0.00558551749767	0.00510709549193	0.00517320270301
0.00558551749767	0.0137486110422	0.0139265756668
0.00558551749767	0.197531720332	0.200088608322
0.00587949210281	0.00192165158519	0.00194784385954
0.00587949210281	0.222523753314	0.225556770976
0.00646744131309	0.00346049782305	0.0035124166055
0.00676141591823	0.00148179593867	0.00150504614625
0.00734936512852	0.00179102352188	0.00182159008905
0.00764333973366	0.0833898512475	0.0848704566383
0.00881923815422	0.00243867378357	0.00248870229143
0.0094071873645	0.0044968329295	0.00459530074863
0.0094071873645	0.125	0.127737143582
0.00999513657478	0.0911838335831	0.0933067330182
0.0105830857851	0.115638628824	0.118491178571
0.0105830857851	0.5	0.512333896449
0.0108770603902	0.166666847257	0.170893789656
0.0111710349953	0.00666806727373	0.00684180997278
0.0123469334159	0.468541908528	0.482053650078
0.0123469334159	0.143121518054	0.147248835007
0.012640908021	0.0204283819677	0.0210317241839
0.0135228318365	0.0500221520806	0.0516042183403
0.0135228318365	0.288577605148	0.297704539384
0.0138168064416	0.513722974559	0.530329511255
0.0138168064416	0.484015448373	0.499661663751
0.0144047556519	0.129128109878	0.133482874274
0.0144047556519	0.25	0.258431092968
0.0155806540725	0.00459530074863	0.00476315368036
0.0170505270982	0.111186588805	0.115638628824
0.0170505270982	0.0105944545614	0.0110186688142
0.0173445017033	0.274664466917	0.285855781594
0.0179324509136	0.00279221355155	0.00290992021439
0.0179324509136	0.00949411999985	0.00989434769061
0.0185204001239	0.00157274446479	0.0016412644605
0.018814374729	0.00121193113383	0.00126558790917
0.018814374729	0.00150606525919	0.00157274446479
0.018814374729	0.0090916004592	0.00949411999985
0.018814374729	0.20022409446	0.209088772455
0.0194023239393	0.00233212264277	0.00243867378357
0.0202842477547	0.00182529295893	0.00191256774075
0.020872196965	0.147248835007	0.154498427829
0.0217541207804	0.00517320270301	0.00543893184345
0.0223420699907	0.187626758703	0.197531720332
0.022930019201	0.118491178571	0.124915415938
0.022930019201	0.0864943676227	0.0911838335831
0.022930019201	0.00426556666087	0.0044968329295
0.0246938668318	0.00294758677264	0.00312004218342
0.0252818160421	0.259131770743	0.274664466917
0.0258697652524	0.000992556948155	0.00105347734156
0.0264577144627	0.209088772455	0.222222703797
0.0264577144627	0.0230441901076	0.0244917131245
0.0267516890678	0.0035243245465	0.00374824166373
0.0270456636729	0.00105347734156	0.00112116843637
0.0270456636729	0.00758324605285	0.00807050686735
0.0273396382781	0.134116858441	0.142831175424
0.0282215620935	0.156180805404	0.166666847257
0.0282215620935	0.0110186688142	0.0117584666533
0.0282215620935	0.0149625512609	0.0159671429477
0.0291034859089	0.0139265756668	0.0148918217442
0.0293974605141	0.00989434769061	0.0105872855854
0.0296914351192	0.00112116843637	0.00120050036912
0.0296914351192	0.0047696064194	0.00510709549193
0.0296914351192	0.0933067330182	0.0999089555117
0.0302793843295	0.0666962750423	0.0715123358295
0.0302793843295	0.0718519875552	0.0770403363727
0.0311613081449	0.402622582987	0.432573030217
0.03145528275	0.0127880269513	0.0137486110422
0.0320432319603	0.00126644487759	0.00136341957091
0.0326311811706	0.368457547806	0.397208596079
0.0329251557757	0.434333458818	0.468541908528
0.033513104986	0.0771447044489	0.0833334236286
0.0338070795912	0.0117903470906	0.0127448189356
0.0341010541963	0.00194784385954	0.00210695468312
0.0346890034066	0.00136526662253	0.00147878990202
0.0349829780117	0.170893789656	0.185229117928
0.037628749458	0.00164237581104	0.00179102352188
0.0382166986683	0.00314548892959	0.00343482693381
0.0388046478786	0.334916881013	0.366219686037
0.0390986224837	0.00684180997278	0.00748634143181
0.0393925970888	0.0210459654099	0.0230441901076
0.0402745209043	0.00605697217846	0.00664553729653
0.0402745209043	0.225556770976	0.247474462461
0.043802216166	0.00210695468312	0.00233054455951
0.0440961907711	0.100383478526	0.111111351899
0.0440961907711	0.300132587277	0.332207431051
0.0449781145865	0.00250560550015	0.00277901447127
0.0452720891917	0.600671632528	0.666667389029
0.0455660637968	0.00544998792956	0.00605287359197
0.0455660637968	0.00815838892521	0.00906088188024
0.0458600384019	0.0598502050437	0.0665159320553
0.0458600384019	0.675296857946	0.750507034813
0.0479178606379	0.0159671429477	0.017829742621
0.0496817082688	0.00380190315933	0.00426268026923
0.052327479715	0.530329511255	0.598237006549
0.0570310733973	0.017829742621	0.0203318149078
0.0634985147104	0.0516042183403	0.0597287902756
0.0664382607618	0.0291454414249	0.0339632231129
0.07319967668	0.0339862206537	0.0402256017317
0.0755514735211	0.0244917131245	0.0291454414249
0.0937778990399	0.040307371044	0.0500221520806
0.117589842056	0.762799075372	1
