0.00029397460514	0.00162358478139	0.00162468416048
0.00029397460514	0.00431493543455	0.00431785720977
0.00029397460514	0.00781779008354	0.00782308374916
0.00029397460514	0.0163278264415	0.016338882514
0.00029397460514	0.0964534439808	0.0965187555682
0.00029397460514	0.16689263415	0.167005642276
0.000293974605141	0.754071608766	0.754582213797
0.000293974605141	0.333333694514	0.33355940499
0.000293974605141	0.667570536602	0.668022569102
0.000293974605141	0.666667389029	0.66711880998
0.000293974605141	0.66711880998	0.667570536602
0.000293974605141	0.000991214130655	0.000991885312166
0.000293974605141	0.000991885312166	0.000992556948155
0.000293974605141	0.00101772980716	0.00101841894325
0.000293974605141	0.00126730242629	0.00126816055566
0.000293974605141	0.00162248614622	0.00162358478139
0.000293974605141	0.00273423235276	0.00273608378541
0.000293974605141	0.00501460424509	0.00501799978753
0.000293974605141	0.0129185319004	0.0129272794348
0.000293974605141	0.0143378902311	0.0143475988566
0.000293974605141	0.0211459243665	0.0211602429209
0.000293974605141	0.0332804860172	0.0333030212558
0.000293974605141	0.0581332675717	0.0581726313915
0.000293974605141	0.07347505976	0.0735248119781
0.000293974605141	0.0831080947249	0.0831643697667
0.000293974605141	0.111111351899	0.111186588805
0.000293974605141	0.166666847257	0.166779702495
0.000293974605141	0.166779702495	0.16689263415
0.000293974605141	0.33355940499	0.333785268301
0.000587949210281	0.0584885030274	0.0585677385659
0.000587949210281	0.142927890797	0.143121518054
0.000587949210281	0.296698659238	0.297100602814
0.000587949210281	0.00387727240307	0.00388252502112
0.000881923815422	0.00153592162187	0.00153904379405
0.000881923815422	0.0111311170298	0.0111537440073
0.000881923815422	0.0241133609952	0.0241623778616
0.000881923815422	0.0580153358589	0.0581332675717
0.000881923815422	0.0831643697667	0.0833334236286
0.000881923815422	0.142637940968	0.142927890797
0.000881923815422	0.00112801956993	0.00113031257191
0.00117589842056	0.0370622364269	0.0371627223438
0.00117589842056	0.200766957052	0.201311291494
0.0014698730257	0.00386417192654	0.00387727240307
0.0014698730257	0.111186588805	0.111563538207
0.0014698730257	0.200088608322	0.200766957052
0.00176384763084	0.00273608378541	0.00274721873793
0.00235179684112	0.0581726313915	0.0584885030274
0.00235179684112	0.100996892707	0.101545295848
0.00264577144627	0.0105087462973	0.0105729621832
0.00352769526169	0.222222703797	0.224035129529
0.00411564447197	0.167005642276	0.168595814383
0.00440961907711	0.00195444752088	0.00197439313682
0.00440961907711	0.00350766470235	0.00354346128027
0.00470359368225	0.00232267014649	0.00234796236612
0.00499756828739	0.0114056971194	0.0115377042652
0.00499756828739	0.0833334236286	0.0842979071915
0.00587949210281	0.0208615792688	0.0211459243665
0.00587949210281	0.111563538207	0.113084158711
0.00646744131309	0.0327885505473	0.0332804860172
0.00646744131309	0.0009765625	0.000991214130655
0.00646744131309	0.00126816055566	0.00128718711061
0.00764333973366	0.0443440027521	0.0451313404022
0.00823128894394	0.0965187555682	0.0983655450587
0.00881923815422	0.00782308374916	0.00798357147386
0.00911321275936	0.130622611532	0.133392550085
0.00970116196964	0.0111537440073	0.0114056971194
0.0108770603902	0.000992556948155	0.00101772980716
0.0111710349953	0.195007506246	0.200088608322
0.0114650096005	0.0983655450587	0.100996892707
0.0132288572313	0.00265220176995	0.00273423235276
0.0135228318365	0.00501799978753	0.00517670563734
0.0141107810467	0.00197439313682	0.0020395972313
0.0173445017033	0.0483574778985	0.0503278228734
0.0176384763084	0.0241623778616	0.0251639114367
0.0182264255187	0.0556309383286	0.0580153358589
0.0191083493341	0.125	0.130622611532
0.0196962985444	0.00121111105337	0.00126730242629
0.0211661715701	0.00128718711061	0.00135147449411
0.0211661715701	0.00798357147386	0.00838230365255
0.0223420699907	0.0105729621832	0.0111311170298
0.022930019201	0.00153904379405	0.00162248614622
0.0291034859089	0.133392550085	0.142637940968
0.0299854097243	0.00113031257191	0.00121111105337
0.0299854097243	0.0451313404022	0.0483574778985
0.0308673335398	0.5	0.536830692328
0.0329251557757	0.00162468416048	0.00175264558106
0.0338070795912	0.019299235374	0.0208615792688
0.037628749458	0.00354346128027	0.00386417192654
0.0390986224837	0.101545295848	0.111111351899
0.0405684955094	0.00957155307529	0.0105087462973
0.0420383685351	0.00622742545622	0.00686036000146
0.0420383685351	0.0666962750423	0.07347505976
0.0429202923505	0.201311291494	0.222222703797
0.0435082415608	0.0503278228734	0.0556309383286
0.0435082415608	0.113084158711	0.125
0.0443901653762	0.00101841894325	0.00112801956993
0.0449781145865	0.0129272794348	0.0143378902311
0.0458600384019	0.00388252502112	0.00431493543455
0.0464479876122	0.0333030212558	0.0370622364269
0.0473299114276	0.00175264558106	0.00195444752088
0.0476238860328	0.224035129529	0.25
0.0490937590585	0.0115377042652	0.0129185319004
0.0499756828739	0.297100602814	0.333333694514
0.0526214543202	0.668022569102	0.754071608766
0.0529154289253	0.00234796236612	0.00265220176995
0.0532094035304	0.0735248119781	0.0831080947249
0.0555612003716	0.00135147449411	0.00153592162187
0.0558551749767	0.0251639114367	0.028617607508
0.0561491495819	0.0143475988566	0.0163278264415
0.056443124187	0.0020395972313	0.00232267014649
0.056443124187	0.0585677385659	0.0666962750423
0.0567370987921	0.0211602429209	0.0241133609952
0.0567370987921	0.00686036000146	0.00781779008354
0.0576190226076	0.00838230365255	0.00957155307529
0.058500946423	0.0842979071915	0.0964534439808
0.0590888956333	0.028617607508	0.0327885505473
0.0602647940538	0.333785268301	0.38347049946
0.0632045401052	0.168595814383	0.195007506246
0.0649683877361	0.00431785720977	0.00501460424509
0.0661442861566	0.143121518054	0.166666847257
0.0723177528646	0.016338882514	0.019299235374
0.0743755751006	0.25	0.296698659238
0.0767273719417	0.0371627223438	0.0443440027521
0.0802550672034	0.00517670563734	0.00622742545622
0.094071873645	0.536830692328	0.666667389029
0.106124832456	0.00274721873793	0.00350766470235
0.115238045215	0.38347049946	0.5
0.122293435738	0.754582213797	1
