0 0.0
0.0009765625 110790.208096
0.00101360477229 111632.381559
0.0010142911152 116691.5318
0.00104283495527 115912.971143
0.0010449547967 122244.811702
0.00109491839375 135614.041859
0.0011060923043 134625.945399
0.00111134574981 135997.116852
0.00111209827613 136941.161555
0.00117796126294 151034.45433
0.00117875889667 149324.362256
0.00119968802354 148589.076434
0.00122347073848 153292.876998
0.0012494152417 156620.454016
0.00129242553475 158640.129533
0.00132251518256 163069.321744
0.00139610677577 166899.152266
0.00149287044698 177652.207933
0.00149388131538 175984.298344
0.0015070850622 178243.989118
0.00151014861635 178772.155127
0.00154321656509 175092.806129
0.00157061671908 181349.38039
0.00160718308413 186742.302226
0.00164460077022 186920.776413
0.00164905973526 185840.105672
0.00170006389818 188762.247901
0.00170121506363 186060.884398
0.00177053175874 193360.256125
0.00177173064014 195149.776386
0.00185267832164 195329.924313
0.00186021810724 197013.097761
0.00196373027561 203677.853541
0.00201899291382 203922.032191
0.00208566991054 205906.319126
0.00208708218165 206082.410054
0.0021898367875 211251.49906
0.00221218460859 211124.44808
0.00227443916523 213405.801956
0.0022759792578 212206.873277
0.00237513718998 219516.919191
0.00247861515077 220400.944841
0.00259010547181 221933.638576
0.00273793647172 224932.682383
0.00274164560872 225368.511681
0.00275653247326 224729.628472
0.00288637919971 228941.793172
0.00288833365566 229404.087161
0.00289616472263 228598.487163
0.00294758677264 230993.875044
0.00307184324374 231571.223436
0.00307392328308 231209.567732
0.00307600473089 230845.874125
0.00318189415858 233407.473009
0.00318404871678 232600.579065
0.00318620473389 233663.530825
0.00328475162208 235544.253956
0.00346284103234 238778.280375
0.00354586066667 240774.927902
0.00355066431465 241079.670561
0.00355306857843 241398.517732
0.003601497205 240351.56773
0.00370034371404 242858.21779
0.00386678847595 244404.453288
0.00387464875947 245419.523242
0.00391684091816 246213.330468
0.00399448869757 247477.284728
0.00402706734043 249683.398664
0.00409302391749 249014.657353
0.00413759402575 250503.763768
0.00420251519165 251450.342532
0.00438263918641 253580.563429
0.00438857643489 253759.020052
0.00439452172669 253680.963181
0.00445140524802 253062.951718
0.00446952098934 254000.14346
0.0045458002296 253931.619966
0.00478901713383 255718.268518
0.00479225992432 258046.625954
0.0047955049106 256212.812399
0.00489388295392 259419.977701
0.00489719675227 258630.54701
0.0049005127945 260215.517258
0.00490383108213 259477.315272
0.0049673072002 259670.097353
0.00497067071636 260054.330274
0.00512440977968 261077.268392
0.00513135191955 261437.52662
0.00513482651543 262348.606786
0.0052793290795 264034.988871
0.00540955847586 265984.527747
0.00541322145394 266408.159412
0.00542789818621 266301.367389
0.00551679801201 267483.666326
0.00552427172802 267114.880724
0.00576885213258 268021.587888
0.00577275839942 268599.892848
0.00577666731131 268053.592991
0.00595533523607 268850.621098
0.00595936777635 270091.453409
0.00606107354023 270347.228933
0.00608986093843 271665.95588
0.0061561751762 270362.757746
0.00622321152868 271960.62305
0.00629097785918 271818.685999
0.00657395165645 273767.770016
0.0065784030809 274451.776285
0.00659623894104 275162.566548
0.00660517499715 274908.776686
0.00680486025451 276051.59813
0.00693976036891 276266.075834
0.00694916180033 277690.073062
0.00695386729108 276998.677739
0.0075883809015 277468.687107
0.00759351922712 279011.502595
0.00764509423506 278590.808226
0.00790827154591 279207.744831
0.00797816921061 279804.377691
0.00798357147386 279944.952098
0.00851959166145 281066.900467
0.00852536053845 281214.848895
0.00856005592509 280736.153642
0.00899366585901 280849.021522
0.00922175985708 281659.52921
0.0363910266437 282229.536923
0.0364650011548 282205.381832
0.0370371574308 282208.907623
0.0452537038794 282187.374966
0.0452843465513 282193.849142
0.045530236075 282183.792186
0.0476426818886 282190.374814
0.0497856922294 282158.520744
0.0525916132516 281983.098794
0.0526628601563 282041.533391
0.0528413999772 282034.816444
0.0537796108085 281953.391219
0.0541082423366 281795.840935
0.0544388820361 281951.84301
0.0561986656879 281771.963273
0.0562367195294 281800.366701
0.0563510357281 281735.475508
0.056389192744 281792.71978
0.0573515609242 281790.132176
0.0586470814464 281658.989003
0.0592054994246 281612.329008
0.0606659684228 281390.773559
0.0631378278171 281122.79501
0.0653113057661 281130.697723
0.0663360767056 281025.676185
0.0665609720345 280732.581924
0.0666962750423 280746.60223
0.0689922501826 280208.461517
0.0690857153564 280175.823283
0.0697435265302 280143.984885
0.0699326204136 279779.467284
0.070933806927 280211.53384
0.0709818383849 280287.38069
0.0718519875552 279688.439422
0.0719006407414 280069.502397
0.0737241579664 279426.862425
0.0740743148617 279497.035301
0.0741244728538 279000.032515
0.0745269614114 279191.7808
0.0771447044489 278523.311945
0.0771969414961 278453.815529
0.0783021272626 278763.760532
0.0783551480363 278335.802337
0.0800709023607 277636.453086
0.0833334236286 276862.182362
0.0846409716836 276327.626613
0.0874954352883 276344.09527
0.087613967095 275496.827748
0.0881493505136 275801.652603
0.0902016025308 275706.296512
0.0909372776112 274026.406662
0.090998854033 275331.172958
0.0950920636818 274406.391746
0.0952853637771 272625.336265
0.0953498844215 273408.040136
0.0958676248651 272660.754836
0.0971743087361 272499.548282
0.0992349539867 272556.486583
0.100044304161 270845.261471
0.10058753484 271491.101082
0.100655645747 271255.941184
0.105325720313 269569.397297
0.10561128731 270079.803378
0.106544738104 269275.923613
0.107195801947 269251.469347
0.107341022232 269083.470164
0.111111351899 266892.990932
0.115325948457 266347.063762
0.115404039197 265753.055666
0.115795286775 265584.50512
0.115873695318 265729.539701
0.117691818447 264669.221429
0.119943733239 264374.169511
0.120024950823 263564.779112
0.120840157528 263677.40413
0.125 262396.899502
0.125084641337 261626.355293
0.125169339987 260662.443235
0.125254095988 260584.565673
0.125338909381 260715.830196
0.129829262745 260738.733318
0.130622611532 258414.050906
0.133392550085 257845.334319
0.135669098825 257987.156321
0.135760964535 256821.58237
0.135852892452 258240.713417
0.135944882615 257097.553229
0.136405768615 256043.30323
0.136498133148 256103.896861
0.136590560223 256705.546103
0.136683049884 255831.908253
0.137797822913 256637.480435
0.139770597865 256673.319139
0.140054719051 256221.837191
0.142444967937 255313.080458
0.142927890797 253179.985841
0.144974110084 253321.310775
0.145072276503 253912.916892
0.149761862531 252823.888504
0.149863270884 251943.023843
0.152111709969 251892.212428
0.152214709477 249903.842879
0.152420917772 250088.239783
0.153352317578 250069.74459
0.153872218989 249156.593448
0.15788150287 248751.232263
0.157988409282 247654.940982
0.160902406927 247105.554029
0.161011358885 245375.560058
0.161120384618 246214.783668
0.161229484176 246728.091563
0.166666847257 242412.915959
0.16689263415 241660.270439
0.167005642276 241473.565971
0.172170999725 241285.048347
0.172520983408 241685.783452
0.1759410537 241044.971752
0.176060188787 241108.401457
0.176537536384 238850.250002
0.179428923749 238416.401689
0.179793661107 238033.701153
0.180037231156 239011.12618
0.180159139891 238600.513943
0.18089232777 238034.637186
0.181628499481 238194.039498
0.183109843018 237400.052399
0.187246130778 235971.481942
0.18737292088 235630.262221
0.187626758703 234406.330604
0.189157023432 234631.567323
0.192385278556 232245.263719
0.194743683105 231798.991586
0.19487555003 233255.263195
0.199547579947 232494.275396
0.200088608322 228277.690693
0.20022409446 228970.79022
0.202130561607 228373.394851
0.207959572541 227197.187343
0.210366453007 226591.637606
0.210508898589 226813.158333
0.210936814322 225205.345989
0.211079646113 225926.834341
0.214391603893 223793.772817
0.214682044464 222928.361269
0.219531520047 222829.606647
0.222222703797 219924.820013
0.222373177611 219885.892252
0.222674430978 220307.883451
0.228167317725 220604.552657
0.230808078394 216597.889694
0.233321413582 216913.007591
0.233479402673 216420.665474
0.233637498743 216881.515546
0.23714282517 215701.407371
0.24881822432 214698.539406
0.248986706777 214680.48035
0.249830831876 214987.623753
0.25 208808.449042
0.250169282673 208319.240864
0.250508191977 207781.225315
0.265164755628 205037.270936
0.266785100169 203449.401901
0.268597098433 204557.433721
0.268960972266 204575.41751
0.270055554117 202280.99905
0.270421403748 202604.923101
0.272996266296 200193.273236
0.274850450658 201343.685661
0.276155867811 202153.019923
0.276342861425 200328.502578
0.278785332016 200536.739359
0.278974106121 199774.77921
0.285855781594 197795.634405
0.286049343318 197173.515177
0.286243036108 195987.057314
0.28896854697 196322.239794
0.289164216442 196433.211174
0.289360018408 195563.491798
0.294896631866 196115.610514
0.300132587277 192843.002229
0.307744437979 190703.088628
0.308996855658 190975.392727
0.309206086913 191227.434765
0.317262739298 190688.088191
0.333333694514 179131.09522
0.340863404866 178017.392512
0.342714259447 179314.646472
0.344108992689 177916.79464
0.352836156578 177545.210067
0.363749110445 173897.792849
0.365971875247 174043.214198
0.367212608334 173845.418193
0.375253517407 170484.524933
0.391072450465 169001.605768
0.391337257624 170214.342387
0.398825103176 169552.487715
0.400177216645 163927.175298
0.400448188921 163634.622713
0.415919145082 161701.505345
0.428783207787 160472.736679
0.44414466361 157833.765173
0.444445407594 156463.749696
0.444746355221 155943.659925
0.445047506629 157447.891567
0.45479277804 156643.137338
0.479125851636 153909.716506
0.498310606636 153770.545691
0.5 131428.493244
0.500338565347 129273.528239
0.522136891214 129799.823331
0.546362240894 129494.645259
0.571711563189 123151.997397
0.575205125931 123822.128414
0.575594614976 123730.660094
0.59500618182 123165.68556
0.596215691292 123478.475588
0.600265174554 117841.752914
0.60762367999 119192.314278
0.625146240885 115938.374969
0.625569546593 117670.767655
0.629392219775 116817.013777
0.634525478596 117002.072178
0.666667389029 102769.28711
0.668474907687 104960.945517
0.714806669196 103234.671338
0.750507034813 96650.9875819
0.799271644094 96031.8133017
0.800354433289 94608.9497967
0.800896377841 94250.8738736
0.958251703272 93306.3723658
0.979897753126 92807.4078076
1 0.0
