0.00029397460514	0.00122512819863	0.00122595777053
0.00029397460514	0.0283285081398	0.0283476902422
0.00029397460514	0.0549944441688	0.0550316825949
0.00029397460514	0.0846982846834	0.0847556364916
0.000293974605141	0.739914095367	0.740415113911
0.000293974605141	0.12440911216	0.124493353388
0.000293974605141	0.124493353388	0.124577651659
0.000293974605141	0.167118726922	0.167231888141
0.000293974605141	0.272442454019	0.272626933166
0.000293974605141	0.29992949581	0.300132587277
0.000293974605141	0.300132587277	0.300335816264
0.000293974605141	0.500338565347	0.500677359946
0.000293974605141	0.666216273542	0.666667389029
0.000293974605141	0.979234683266	0.979897753126
0.000293974605141	0.610509621683	0.610923016486
0.000293974605141	0.370458235855	0.370709084497
0.000293974605141	0.5	0.500338565347
0.000293974605141	0.00121686329114	0.00121768726662
0.000293974605141	0.00135238961897	0.00135330536349
0.000293974605141	0.00155685636405	0.00155791055928
0.000293974605141	0.00177053175874	0.00177173064014
0.000293974605141	0.00246356104719	0.00246522919999
0.000293974605141	0.00577275839942	0.00577666731131
0.000293974605141	0.00581196684169	0.00581590230283
0.000293974605141	0.00732096732074	0.00732592457242
0.000293974605141	0.00732592457242	0.0073308851808
0.000293974605141	0.0847556364916	0.0848130271345
0.000293974605141	0.0848130271345	0.0848704566383
0.000293974605141	0.166666847257	0.166779702495
0.000293974605141	0.199277614599	0.199412551588
0.000587949210281	0.0549200428942	0.0549944441688
0.000587949210281	0.104402949475	0.104544386228
0.000587949210281	0.00197573005901	0.00197840661983
0.000587949210281	0.00948127552729	0.00949411999985
0.000587949210281	0.0195755318157	0.019602051178
0.000881923815422	0.00212557711043	0.00212989791536
0.000881923815422	0.00284756662471	0.00285335506676
0.000881923815422	0.00426268026923	0.00427134530888
0.000881923815422	0.0073308851808	0.00734578716893
0.000881923815422	0.00734578716893	0.00736071944935
0.000881923815422	0.104898816958	0.105112051907
0.000881923815422	0.498985677928	0.5
0.000881923815422	0.0105372383989	0.010558658159
0.000881923815422	0.010558658159	0.0105801214604
0.000881923815422	0.0416667118143	0.0417514105689
0.000881923815422	0.166779702495	0.167118726922
0.000881923815422	0.333333694514	0.334011284551
0.00117589842056	0.00999532193364	0.0100224220006
0.00117589842056	0.334011284551	0.334916881013
0.00117589842056	0.979897753126	0.982554525456
0.0014698730257	0.104544386228	0.104898816958
0.0014698730257	0.124577651659	0.125
0.0014698730257	0.142444967937	0.142927890797
0.00176384763084	0.00457667520021	0.00459530074863
0.00176384763084	0.00761410734634	0.00764509423506
0.00176384763084	0.0155616691736	0.015625
0.00176384763084	0.666667389029	0.669380503942
0.00205782223598	0.00111285131201	0.0011181368598
0.00205782223598	0.00356511433945	0.00358204704377
0.00235179684112	0.00354586066667	0.00356511433945
0.00235179684112	0.617575531968	0.620928906037
0.00264577144627	0.00577666731131	0.00581196684169
0.00264577144627	0.00121768726662	0.00122512819863
0.00293974605141	0.00135330536349	0.00136249698239
0.00293974605141	0.0848704566383	0.0854468948278
0.00293974605141	0.318122925847	0.320283609443
0.00323372065655	0.199412551588	0.200902902521
0.00411564447197	0.00155791055928	0.00157274446479
0.00411564447197	0.247642035015	0.25
0.00440961907711	0.0131479033129	0.0132820808884
0.00470359368225	0.0329889118238	0.0333481375212
0.00470359368225	0.610923016486	0.617575531968
0.00558551749767	0.0030202972327	0.00305939253197
0.00587949210281	0.00172323591354	0.00174672376543
0.00587949210281	0.00174672376543	0.00177053175874
0.00646744131309	0.000998622174393	0.00101360477229
0.00676141591823	0.740415113911	0.752032641428
0.00764333973366	0.370709084497	0.377291106898
0.00911321275936	0.500677359946	0.511294553289
0.00970116196964	0.0009765625	0.000998622174393
0.00970116196964	0.266424170046	0.272442454019
0.0108770603902	0.0653113057661	0.0669677067359
0.0120529588108	0.00101360477229	0.00104212929754
0.0123469334159	0.019602051178	0.020167332201
0.014698730257	0.00736071944935	0.00761410734634
0.016756552493	0.00305939253197	0.00317974105832
0.0173445017033	0.320283609443	0.333333694514
0.018814374729	0.0230754085303	0.024097044147
0.0194023239393	0.167231888141	0.174872459067
0.0199902731496	0.549700901315	0.575594614976
0.020872196965	0.334916881013	0.351406050632
0.0217541207804	0.0100224220006	0.0105372383989
0.0223420699907	0.00949411999985	0.00999532193364
0.022930019201	0.351406050632	0.370458235855
0.0232239938061	0.0989666282367	0.104402949475
0.0235179684112	0.00403798582763	0.00426268026923
0.0246938668318	0.00285335506676	0.0030202972327
0.024987841437	0.300335816264	0.318122925847
0.0255757906472	0.377291106898	0.400177216645
0.0255757906472	0.575594614976	0.610509621683
0.0276336128832	0.25	0.266424170046
0.0282215620935	0.0612021677041	0.0653113057661
0.0282215620935	0.0669677067359	0.0714639453986
0.0285155366986	0.00104212929754	0.00111285131201
0.0288095113038	0.231747390635	0.247642035015
0.0291034859089	0.200902902521	0.214827412265
0.0299854097243	0.00427134530888	0.00457667520021
0.0305733589346	0.620928906037	0.666216273542
0.0311613081449	0.00197840661983	0.00212557711043
0.03145528275	0.511294553289	0.549700901315
0.0329251557757	0.214827412265	0.231747390635
0.0367468256426	0.0011181368598	0.00121686329114
0.039686571694	0.00157274446479	0.00172323591354
0.0414504193248	0.272626933166	0.29992949581
0.0426263177454	0.00122595777053	0.00135238961897
0.0435082415608	0.669380503942	0.739914095367
0.0461540130071	0.0550316825949	0.0612021677041
0.0470359368225	0.00656950324417	0.00732096732074
0.0470359368225	0.0333481375212	0.0371627223438
0.0473299114276	0.00177173064014	0.00197573005901
0.0473299114276	0.00317974105832	0.00354586066667
0.0496817082688	0.0371627223438	0.0416667118143
0.0520335051099	0.00358204704377	0.00403798582763
0.0529154289253	0.00581590230283	0.00656950324417
0.0567370987921	0.125	0.142444967937
0.0567370987921	0.174872459067	0.199277614599
0.0579129972127	0.00136249698239	0.00155685636405
0.0579129972127	0.0417514105689	0.0477072243774
0.058500946423	0.020167332201	0.0230754085303
0.0611467178692	0.0477072243774	0.0549200428942
0.0626165908949	0.00246522919999	0.00284756662471
0.0632045401052	0.00212989791536	0.00246356104719
0.0637924893155	0.0854468948278	0.0989666282367
0.0658503115515	0.0283476902422	0.0329889118238
0.0667322353669	0.142927890797	0.166666847257
0.0687900576029	0.0132820808884	0.0155616691736
0.0702599306286	0.024097044147	0.0283285081398
0.07319967668	0.105112051907	0.12440911216
0.0737876258903	0.0714639453986	0.0846982846834
0.0934839244347	0.00764509423506	0.00948127552729
0.0943658482501	0.0105801214604	0.0131479033129
0.0958357212758	0.400177216645	0.498985677928
0.0978935435118	0.015625	0.0195755318157
0.0990694419324	0.00459530074863	0.00577275839942
0.114650096005	0.752032641428	0.979234683266
