0.00029397460514	0.0197886953812	0.0198020949142
0.00029397460514	0.0416667118143	0.0416949256237
0.000293974605141	0.100044304161	0.10011204723
0.000293974605141	0.111186588805	0.111261876657
0.000293974605141	0.246137957691	0.246304625257
0.000293974605141	0.333108136771	0.333333694514
0.000293974605141	0.333333694514	0.33355940499
0.000293974605141	0.500677359946	0.501016383954
0.000293974605141	0.501016383954	0.501355637525
0.000293974605141	0.00134690815002	0.00134782018287
0.000293974605141	0.00328920154045	0.00329142875977
0.000293974605141	0.00506235163668	0.00506577951036
0.000293974605141	0.00977452416551	0.00978114279583
0.000293974605141	0.0156779725255	0.0156885885619
0.000293974605141	0.0197351878588	0.0197485511602
0.000293974605141	0.0502257256302	0.0502597350106
0.000293974605141	0.062120400338	0.0621624639677
0.000293974605141	0.111111351899	0.111186588805
0.000293974605141	0.218493772001	0.218641720841
0.000587949210281	0.0285788911157	0.028617607508
0.000587949210281	0.5	0.500677359946
0.000587949210281	0.00976130033777	0.00977452416551
0.000881923815422	0.00378393117257	0.00379162302642
0.000881923815422	0.0197485511602	0.0197886953812
0.00117589842056	0.00250560550015	0.00251239888583
0.00117589842056	0.00569127950938	0.00570671013352
0.00117589842056	0.332207431051	0.333108136771
0.00117589842056	0.348327341513	0.349271752743
0.00117589842056	0.00251239888583	0.00251921069025
0.0014698730257	0.015625	0.0156779725255
0.00176384763084	0.0110710025806	0.0111160578851
0.00205782223598	0.0371878863638	0.0373645122512
0.00205782223598	0.0833334236286	0.0837292202533
0.00235179684112	0.171589270636	0.172520983408
0.00352769526169	0.0666962750423	0.0672402430664
0.00352769526169	0.00379162302642	0.00382254711753
0.00382166986683	0.00329142875977	0.00332052022211
0.00470359368225	0.00247861515077	0.00250560550015
0.00499756828739	0.0823799750791	0.0833334236286
0.00558551749767	0.0123708285296	0.0125309588765
0.00646744131309	0.0227343194028	0.0230754085303
0.00646744131309	0.246304625257	0.25
0.00705539052337	0.122985701452	0.125
0.0094071873645	0.00242550353921	0.00247861515077
0.012640908021	0.166666847257	0.171589270636
0.0132288572313	0.0156885885619	0.0161738246694
0.016756552493	0.962151469527	1
0.018814374729	0.00232267014649	0.00242550353921
0.018814374729	0.33355940499	0.348327341513
0.0205782223598	0.0125309588765	0.0131390064883
0.0217541207804	0.10011204723	0.105254449294
0.0232239938061	0.00127677387298	0.00134690815002
0.0235179684112	0.105254449294	0.111111351899
0.0279275874884	0.00781779008354	0.00833703438029
0.0305733589346	0.0621624639677	0.0666962750423
0.0364528510374	0.501355637525	0.545253866333
0.037628749458	0.545253866333	0.594603557501
0.0385106732734	0.0230754085303	0.0252150638283
0.0435082415608	0.111261876657	0.122985701452
0.0464479876122	0.0111160578851	0.0123708285296
0.0473299114276	0.0333481375212	0.0371878863638
0.0473299114276	0.0373645122512	0.0416667118143
0.0496817082688	0.148650889375	0.166666847257
0.0505636320842	0.00506577951036	0.00569127950938
0.0514455558996	0.218641720841	0.246137957691
0.0537973527407	0.00978114279583	0.0110710025806
0.054385301951	0.0252150638283	0.0285788911157
0.0567370987921	0.00332052022211	0.00378393117257
0.0599708194487	0.0198020949142	0.0227343194028
0.0611467178692	0.00570671013352	0.00656950324417
0.0664382607618	0.028617607508	0.0333481375212
0.0684960829978	0.00833703438029	0.00976130033777
0.075257498916	0.125	0.148650889375
0.075257498916	0.001953125	0.00232267014649
0.075257498916	0.0131390064883	0.015625
0.0755514735211	0.00656950324417	0.00781779008354
0.077315321152	0.0837292202533	0.100044304161
0.0808430164137	0.0416949256237	0.0502257256302
0.0864285339113	0.0161738246694	0.0197351878588
0.0881923815422	0.0672402430664	0.0823799750791
0.092014051409	0.0502597350106	0.062120400338
0.102597137194	0.172520983408	0.218493772001
0.115825994425	0.00251921069025	0.00328920154045
0.116413943636	0.0009765625	0.00127677387298
0.121999461133	0.00382254711753	0.00506235163668
0.123469334159	0.25	0.332207431051
0.155806540725	0.349271752743	0.5
0.161098083617	0.00134782018287	0.001953125
0.209015944255	0.594603557501	0.962151469527
