0.00029397460514	0.0284823291377	0.028501615397
0.00029397460514	0.048096319639	0.0481288871332
0.00029397460514	0.0481614766799	0.048194088294
0.000293974605141	0.100044304161	0.10011204723
0.000293974605141	0.841465812026	0.842035594355
0.000293974605141	0.00186905331425	0.00187031890761
0.000293974605141	0.00318189415858	0.00318404871678
0.000293974605141	0.00319052114883	0.00319268154862
0.000293974605141	0.00502139762921	0.00502479777166
0.000293974605141	0.00622742545622	0.00623164223713
0.000293974605141	0.011529897018	0.0115377042652
0.000293974605141	0.0144744108469	0.0144842119147
0.000293974605141	0.0333255717537	0.0333481375212
0.000293974605141	0.0370371574308	0.0370622364269
0.000293974605141	0.0481288871332	0.0481614766799
0.000293974605141	0.0560467076479	0.0560846585938
0.000293974605141	0.166666847257	0.166779702495
0.000587949210281	0.00501460424509	0.00502139762921
0.000587949210281	0.014454828603	0.0144744108469
0.000587949210281	0.0236766597767	0.0237087350187
0.000587949210281	0.0239021010461	0.0239344816978
0.000881923815422	0.00318404871678	0.00319052114883
0.00117589842056	0.0238374711054	0.0239021010461
0.00117589842056	0.0370622364269	0.0371627223438
0.00117589842056	0.111111351899	0.111412605335
0.00205782223598	0.10011204723	0.10058753484
0.00205782223598	0.333333694514	0.334916881013
0.00235179684112	0.0237087350187	0.0238374711054
0.00235179684112	0.028501615397	0.0286563763501
0.00264577144627	0.00149085076179	0.0014999609163
0.00293974605141	0.00319268154862	0.00321436616827
0.00323372065655	0.0556309383286	0.0560467076479
0.00352769526169	0.019247051324	0.0194040283136
0.00617346670795	0.0280803187982	0.0284823291377
0.00676141591823	0.0833334236286	0.0846409716836
0.00852526354908	0.0178901897567	0.0182448463631
0.0141107810467	0.0144842119147	0.0149625512609
0.0179324509136	0.0110635111376	0.011529897018
0.0232239938061	0.0182448463631	0.019247051324
0.0367468256426	0.0441941738242	0.048096319639
0.0432142669557	0.10058753484	0.111111351899
0.0455660637968	0.0333481375212	0.0370371574308
0.0470359368225	0.0560846585938	0.0625
0.0499756828739	0.111412605335	0.125
0.0608527432641	0.00623164223713	0.00716894511553
0.0614406924744	0.00276213586401	0.00318189415858
0.0623226162898	0.048194088294	0.0556309383286
0.0655563369464	0.0286563763501	0.0333255717537
0.0658503115515	0.214827412265	0.25
0.0693780068132	0.0239344816978	0.0280803187982
0.0726117274697	0.0846409716836	0.100044304161
0.0746695497057	0.842035594355	1
0.075257498916	0.00232267014649	0.00276213586401
0.075257498916	0.0371627223438	0.0441941738242
0.0776092957571	0.0149625512609	0.0178901897567
0.0820189148342	0.00716894511553	0.00865912821659
0.0864285339113	0.0194040283136	0.0236766597767
0.092014051409	0.00405716446079	0.00501460424509
0.0931899498296	0.00502479777166	0.00622742545622
0.094071873645	0.00187031890761	0.00232267014649
0.0955417466707	0.0014999609163	0.00186905331425
0.0978935435118	0.0115377042652	0.014454828603
0.101127264168	0.00321436616827	0.00405716446079
0.106418807061	0.00865912821659	0.0110635111376
0.109946502323	0.166779702495	0.214827412265
0.124939207185	0.125	0.166666847257
0.124939207185	0.25	0.333333694514
0.124939207185	0.0625	0.0833334236286
0.174032966243	0.334916881013	0.5
0.183734128213	0.0009765625	0.00149085076179
0.226066471353	0.5	0.841465812026
