0.00029397460514	0.00270844345617	0.00271027742636
0.00029397460514	0.070837841494	0.0708858079707
0.000293974605141	0.376016320714	0.376270932906
0.000293974605141	0.100044304161	0.10011204723
0.000293974605141	0.143412450883	0.143509559855
0.000293974605141	0.219382969105	0.219531520047
0.000293974605141	0.270238417022	0.270421403748
0.000293974605141	0.31576300574	0.315976818563
0.000293974605141	0.429073550057	0.429364088928
0.000293974605141	0.666667389029	0.66711880998
0.000293974605141	0.364982307822	0.365229448545
0.000293974605141	0.375761880811	0.376016320714
0.000293974605141	0.400177216645	0.400448188921
0.000293974605141	0.5	0.500338565347
0.000293974605141	0.599453083537	0.599858991619
0.000293974605141	0.599858991619	0.600265174554
0.000293974605141	0.0026183098712	0.00262008280917
0.000293974605141	0.00390889504177	0.00391154187458
0.000293974605141	0.00782838099928	0.00783368183633
0.000293974605141	0.0101247032734	0.0101315590207
0.000293974605141	0.0129886782511	0.0129974732838
0.000293974605141	0.017829742621	0.017841815687
0.000293974605141	0.0229352578538	0.0229507880209
0.000293974605141	0.0238213409443	0.0238374711054
0.000293974605141	0.0334159265449	0.0334385534944
0.000293974605141	0.0557440231147	0.0557817691037
0.000293974605141	0.0662911889069	0.0663360767056
0.000293974605141	0.111111351899	0.111186588805
0.000587949210281	0.0783551480363	0.078461297314
0.000587949210281	0.125508708495	0.125678737639
0.000587949210281	0.270421403748	0.270787749003
0.000587949210281	0.761251627494	0.762282910217
0.000587949210281	0.335143663513	0.335597689301
0.000587949210281	0.00160392268158	0.00160609554754
0.000587949210281	0.00394344401159	0.00394878627364
0.000587949210281	0.00416287765697	0.00416851719014
0.000587949210281	0.00608162204407	0.00608986093843
0.000587949210281	0.0285402271023	0.0285788911157
0.000881923815422	0.00262008280917	0.00262540882942
0.000881923815422	0.00484116611131	0.00485100707841
0.000881923815422	0.00693976036891	0.00695386729108
0.000881923815422	0.0556309383286	0.0557440231147
0.000881923815422	0.0833334236286	0.0835028211378
0.000881923815422	0.500338565347	0.501355637525
0.000881923815422	0.0362926273486	0.0363664018368
0.000881923815422	0.0555180829513	0.0556309383286
0.000881923815422	0.249492838964	0.25
0.000881923815422	0.333333694514	0.334011284551
0.000881923815422	0.0012351202194	0.00123763093214
0.00117589842056	0.00531878523687	0.00533320592658
0.00117589842056	0.00533320592658	0.00534766571474
0.00117589842056	0.0318479373774	0.0319342858954
0.00117589842056	0.0334385534944	0.0335292146102
0.00117589842056	0.363995416132	0.364982307822
0.0014698730257	0.0153420259036	0.0153940390785
0.0014698730257	0.166103715526	0.166666847257
0.0014698730257	0.334011284551	0.335143663513
0.0014698730257	0.125084641337	0.125508708495
0.00176384763084	0.0996388072995	0.100044304161
0.00176384763084	0.00159742170565	0.00160392268158
0.00176384763084	0.186866275011	0.187626758703
0.00205782223598	0.0416667118143	0.0418646101267
0.00205782223598	0.142734525496	0.143412450883
0.00205782223598	0.285855781594	0.287213469165
0.00205782223598	0.0010204891526	0.00102533602129
0.00205782223598	0.00186147771802	0.00187031890761
0.00235179684112	0.111186588805	0.111790320988
0.00235179684112	0.501355637525	0.504077949059
0.00235179684112	0.187626758703	0.188645553449
0.00264577144627	0.110436506593	0.111111351899
0.00264577144627	0.0476426818886	0.0479338124325
0.00323372065655	0.149154851809	0.150269591432
0.00323372065655	0.177016178202	0.178339145208
0.00352769526169	0.00391154187458	0.00394344401159
0.00352769526169	0.0557817691037	0.0562367195294
0.00352769526169	0.0359990229848	0.0362926273486
0.00352769526169	0.0716577038107	0.0722421367424
0.00382166986683	0.335597689301	0.338563886734
0.00411564447197	0.66711880998	0.673470893116
0.00470359368225	0.0708858079707	0.0716577038107
0.00499756828739	0.600265174554	0.607212517757
0.00529154289253	0.200088608322	0.202541446126
0.00529154289253	0.00215017809399	0.00217653660663
0.00558551749767	0.123486212421	0.125084641337
0.00558551749767	0.166666847257	0.168824214487
0.00617346670795	0.750507034813	0.761251627494
0.00646744131309	0.270787749003	0.274850450658
0.00676141591823	0.00138856699431	0.00141035438757
0.00734936512852	0.019602051178	0.0199365902874
0.00823128894394	0.121167788432	0.123486212421
0.00881923815422	0.00595936777635	0.00608162204407
0.00911321275936	0.0466533665091	0.0476426818886
0.00970116196964	0.00447254743919	0.00457357828997
0.00999513657478	0.429364088928	0.439360343154
0.0105830857851	0.00695386729108	0.00712540384925
0.0114650096005	0.133121944069	0.136683049884
0.0123469334159	0.365229448545	0.375761880811
0.0129348826262	0.555686751672	0.572486072216
0.0135228318365	0.00262540882942	0.00270844345617
0.0138168064416	0.287213469165	0.296497891415
0.0161686032827	0.0229507880209	0.0238213409443
0.016756552493	0.143509559855	0.149154851809
0.0170505270982	0.274850450658	0.285855781594
0.0182264255187	0.0112447128071	0.011726672419
0.0185204001239	0.958251703272	1
0.018814374729	0.136683049884	0.142734525496
0.0191083493341	0.0009765625	0.0010204891526
0.0196962985444	0.0319342858954	0.0334159265449
0.0199902731496	0.572486072216	0.599453083537
0.0202842477547	0.178339145208	0.186866275011
0.0205782223598	0.168824214487	0.177016178202
0.0211661715701	0.0199365902874	0.0209323050633
0.0211661715701	0.00132251518256	0.00138856699431
0.022930019201	0.00394878627364	0.00416287765697
0.0232239938061	0.315976818563	0.333333694514
0.0235179684112	0.0020368378865	0.00215017809399
0.0235179684112	0.0238374711054	0.0251639114367
0.0246938668318	0.00457357828997	0.00484116611131
0.024987841437	0.125678737639	0.133121944069
0.0255757906472	0.188645553449	0.200088608322
0.0261637398575	0.00141035438757	0.00149793163852
0.0261637398575	0.078461297314	0.0833334236286
0.0264577144627	0.00217653660663	0.00231325596281
0.0267516890678	0.376270932906	0.400177216645
0.0273396382781	0.296497891415	0.31576300574
0.0279275874884	0.00149793163852	0.00159742170565
0.0282215620935	0.00174436064537	0.00186147771802
0.0285155366986	0.0663360767056	0.070837841494
0.0288095113038	0.00123763093214	0.00132251518256
0.0291034859089	0.0166740687606	0.017829742621
0.0299854097243	0.762282910217	0.8167734141
0.0299854097243	0.400448188921	0.429073550057
0.0299854097243	0.00851959166145	0.0091286002543
0.0305733589346	0.00416851719014	0.00447254743919
0.0308673335398	0.00364071493828	0.00390889504177
0.0308673335398	0.0335292146102	0.0359990229848
0.03145528275	0.338563886734	0.363995416132
0.0338070795912	0.25	0.270238417022
0.0343950288015	0.0141738451211	0.0153420259036
0.0346890034066	0.0153940390785	0.0166740687606
0.0346890034066	0.202541446126	0.219382969105
0.0349829780117	0.111790320988	0.121167788432
0.0352769526169	0.0722421367424	0.0783551480363
0.0358649018272	0.00160609554754	0.00174436064537
0.0364528510374	0.00783368183633	0.00851959166145
0.0370408002477	0.00187031890761	0.0020368378865
0.037628749458	0.0129974732838	0.0141738451211
0.039686571694	0.0209323050633	0.0229352578538
0.0399805462991	0.00485100707841	0.00531878523687
0.0405684955094	0.607212517757	0.666667389029
0.0408624701145	0.00712540384925	0.00782838099928
0.0408624701145	0.017841815687	0.019602051178
0.0423323431402	0.504077949059	0.555686751672
0.0426263177454	0.10011204723	0.110436506593
0.0435082415608	0.150269591432	0.166103715526
0.0443901653762	0.011726672419	0.0129886782511
0.0449781145865	0.0091286002543	0.0101247032734
0.0452720891917	0.0101315590207	0.0112447128071
0.0470359368225	0.673470893116	0.750507034813
0.0470359368225	0.00534766571474	0.00595936777635
0.0470359368225	0.0285788911157	0.0318479373774
0.0470359368225	0.0418646101267	0.0466533665091
0.0537973527407	0.00231325596281	0.0026183098712
0.0546792765562	0.0251639114367	0.0285402271023
0.0552672257664	0.00320567470243	0.00364071493828
0.0555612003716	0.219531520047	0.249492838964
0.0561491495819	0.439360343154	0.5
0.0567370987921	0.00608986093843	0.00693976036891
0.0590888956333	0.0363664018368	0.0416667118143
0.0637924893155	0.0479338124325	0.0555180829513
0.0693780068132	0.8167734141	0.958251703272
0.0714358290492	0.0562367195294	0.0662911889069
0.0729057020749	0.00271027742636	0.00320567470243
0.0767273719417	0.0835028211378	0.0996388072995
0.0808430164137	0.00102533602129	0.0012351202194
