0 0.0
0.0009765625 47858.5998588
0.00102118015712 49956.1117024
0.00102256357019 51023.0073966
0.00104283495527 52091.4538874
0.00104424770453 53475.8217794
0.00105347734156 50908.8364274
0.00108753190209 55384.1618219
0.00108826830332 55628.7583402
0.00113337716018 53991.8287283
0.00122512819863 60139.3043165
0.00122595777053 59669.6261115
0.00130032317053 62959.7670592
0.00130120365926 63501.9691848
0.00142764358053 66549.9851753
0.00142861028181 67231.4351657
0.00143248363723 69122.6899696
0.00144221303314 69393.4541696
0.00152246523461 69058.491718
0.00157274446479 70758.2724688
0.00166250929845 73980.2993945
0.00167153655954 72525.4949698
0.00177653428922 74500.2850301
0.00182035746914 75334.1262209
0.0018753898566 75693.4002997
0.00189709522538 77008.3935614
0.00193208596327 76407.6066179
0.00205762431631 77803.9614497
0.0020604118209 79807.2680571
0.00221368254669 80646.5643665
0.00221518149909 80943.4372217
0.00237513718998 82493.5772573
0.00238157684018 82890.24381
0.00241240442175 83566.6963855
0.00259010547181 84006.4538971
0.00259185931172 86445.2654708
0.00260240731852 85080.6255479
0.00270294898821 87016.2676023
0.00289224653872 86725.5784309
0.00290992021439 88077.6193816
0.00291583540682 88508.9056285
0.0032936574872 91126.2421308
0.00330035272844 89926.584696
0.00330258749857 91497.5749414
0.00343250268089 92879.5663031
0.00344413969438 92529.4665215
0.00344647182708 92261.7024357
0.00344880553893 91505.2119764
0.00362105297868 93702.0040732
0.00398908460531 95360.1103092
0.00399178573693 96321.7844428
0.00426268026923 96634.2964727
0.00430618196605 95952.6619808
0.00446952098934 97890.5361615
0.00447254743919 97650.251913
0.00474705999992 99949.4747731
0.00503501201932 100252.677786
0.00529006073022 101011.873361
0.00552801238196 101502.292885
0.00553175556882 102492.047472
0.00555050955684 102494.819474
0.00570671013352 102485.357329
0.00608986093843 103880.733159
0.0064026755729 104623.372368
0.00642438219017 104583.892172
0.00642873233654 104642.393696
0.00712058228443 106689.776357
0.00712540384925 106526.80611
0.00732592457242 107361.24062
0.0073308851808 107868.036117
0.00825840063971 109635.656275
0.00888474986166 110544.156346
0.00889076599849 110200.644745
0.00889678620904 109587.538921
0.0101521541287 112131.521121
0.0108631471653 111788.406301
0.0108705029357 112397.426646
0.0109295286917 112732.512491
0.011048543456 113536.16154
0.0131479033129 113941.482564
0.0131568061618 113761.233326
0.0131657150391 113702.795668
0.0131835508951 114271.835681
0.0135913080936 114353.09491
0.0148013748561 114423.03812
0.0221120495279 115025.686667
0.0237087350187 115024.092831
0.0273672398911 115162.623865
0.0274228711381 114997.03733
0.0274414400058 115097.705053
0.0319126768425 115170.251999
0.0319342858954 115507.536705
0.0331231657413 115304.331619
0.0333481375212 115447.284269
0.0369620222183 115334.769967
0.038913275943 115577.581561
0.0416667118143 115753.806333
0.0417231585376 115505.905743
0.0433057716316 115746.395015
0.0434820117429 115719.427643
0.0441343840961 115662.876731
0.0476426818886 115892.43348
0.0476749422108 115605.708426
0.0500221520806 115588.558569
0.0502597350106 115692.323654
0.0536705111159 115552.262961
0.0554805153915 115392.223691
0.0558195406517 115380.598124
0.0559708827796 115605.746017
0.0588459092235 115243.871425
0.0588857555948 115483.341101
0.0592054994246 115342.598654
0.0624154445557 115134.392496
0.0625 114876.350465
0.0630951041855 115011.903513
0.0631378278171 115369.383798
0.0652671114017 115097.318874
0.0674682037377 115019.690163
0.0675138885293 114586.147643
0.0714155877122 114963.645398
0.0714639453986 114412.202008
0.0734253412078 114463.723442
0.0769361094947 113990.569839
0.0774062436375 113871.69291
0.0833334236286 113479.464249
0.0833898512475 113661.237732
0.0862021216014 113492.589654
0.0909372776112 112601.061039
0.0948349400749 112788.358892
0.099976606932 112561.224936
0.100044304161 111830.210429
0.10011204723 111827.369735
0.106184746157 111390.184464
0.111111351899 110235.613538
0.111563538207 110088.0349
0.113314032559 110530.004174
0.113390760969 109958.316258
0.117214793159 109985.031424
0.117294162893 110013.790656
0.117691818447 110145.748946
0.124915415938 109900.517702
0.125 108886.278784
0.125084641337 108353.692463
0.125338909381 108874.358959
0.125934213344 108891.785471
0.132672153411 108510.428895
0.136775602172 107290.031791
0.142831175424 107449.625883
0.142927890797 106242.456369
0.143315407621 105950.16691
0.143898653744 106454.859149
0.145860004619 106187.604155
0.150269591432 105932.629039
0.152730754122 105984.475369
0.156286560221 105736.630543
0.158738783818 105034.744847
0.166666847257 101813.086992
0.166779702495 102958.806358
0.181874555222 100879.164668
0.181997708066 101434.673971
0.183109843018 100966.836987
0.191087417213 100336.807868
0.191216808368 100754.578015
0.19487555003 100447.969537
0.199277614599 100884.638307
0.199412551588 100019.140885
0.199953213864 99484.9494349
0.200088608322 98507.2413269
0.20022409446 97488.5650533
0.20697652628 98207.1952098
0.207678226716 97911.402783
0.209088772455 98350.305564
0.21599390387 97746.2707626
0.217166729409 97475.6245857
0.222222703797 95742.3197225
0.222674430978 95718.9313053
0.22282521067 96166.8399995
0.226168317421 95405.6585957
0.230808078394 95430.4184591
0.25 91772.8632919
0.250169282673 91146.01033
0.250338679973 90993.9445179
0.251357475278 90788.2966701
0.268052210502 89943.6461148
0.278219775784 88715.9447064
0.285082843593 88832.1910379
0.285855781594 88345.9013729
0.286243036108 87611.5251711
0.287797307488 88192.2557081
0.29992949581 87688.1601692
0.300132587277 87432.6846764
0.308161345491 87306.9707075
0.308787765984 87106.9470603
0.32729690725 86609.5412499
0.333333694514 79243.4480869
0.339252108538 81966.1670708
0.370709084497 80059.2028936
0.372974379673 80256.43992
0.375253517407 79895.0666338
0.399906427728 78949.9147915
0.400177216645 76762.2712213
0.40071934468 77117.926996
0.401262207148 76504.3408703
0.428203112512 76348.0153342
0.428493061982 76027.9189546
0.428783207787 75880.2888317
0.429654824531 75293.648188
0.499323556445 75155.5387205
0.5 60897.6814368
0.500338565347 60416.1444828
0.500677359946 59085.6943053
0.50203483398 60128.3290845
0.599858991619 59061.4159812
0.600265174554 56464.0532259
0.600671632528 58408.1633866
0.607212517757 57074.1667246
0.666667389029 53311.0585766
0.66711880998 52251.6348873
0.682650358602 52295.3112932
0.747971231605 52792.8269061
0.750507034813 51649.1445659
0.764349668853 49300.6211097
0.767979989148 51197.1683748
0.932023024199 50465.7245568
1 0.0
