0 0.0
0.0009765625 2095.58547428
0.000977223760442 1546.30794268
0.000977885468645 1821.0332188
0.000979873282843 2044.24806299
0.000980536785118 1358.0625761
0.00101979861565 1954.59154194
0.0011287833866 4013.27578884
0.00112954772048 5400.26828724
0.00113031257191 4690.49245871
0.00117477612175 5999.87522516
0.00118035578479 5026.38925061
0.00122098875173 7189.05151316
0.00122678790417 6691.86173855
0.0013038487043 9944.42131429
0.00130473158028 11057.0446619
0.00137640159801 11957.5784798
0.00137733360177 14046.7824852
0.001470803584 16007.3598526
0.00147379338632 16184.2830678
0.00152246523461 17694.9209817
0.00160718308413 19722.5731783
0.00166026011105 20072.3638739
0.00177413083888 23301.5134154
0.00177533215732 24005.9874496
0.00177653428922 23131.5549247
0.00193994891161 25163.0601026
0.00194126251056 25171.7876646
0.00194257699899 25380.1412637
0.00213278333044 26331.6482345
0.0023495522435 28124.9060418
0.00236871495222 29321.4425387
0.00237031888182 28980.7323899
0.00237192389749 29406.3452327
0.00249376124558 30686.1758198
0.00253288975518 30318.1148543
0.00290598342085 33361.4729412
0.00291583540682 32330.6403445
0.00300601997744 33216.9498102
0.00328697582823 34484.8232316
0.00333403363687 34906.2540235
0.00345114083102 35375.3766558
0.0034534777044 35170.6927686
0.00347222974683 35318.4368398
0.00357236138946 36605.3659825
0.00396217361326 37006.6313233
0.00396485652262 37534.8915708
0.00397291615572 37756.1088809
0.00397560633919 36890.6886914
0.00399178573693 37661.8858859
0.00440047507269 38451.7148766
0.00475027437995 40426.2780326
0.00526505406976 41322.3959175
0.00526861919947 41582.1628241
0.00552801238196 41785.0082997
0.00555050955684 41920.1603645
0.00569513324942 41815.207049
0.00569898959894 42472.7890094
0.00581984042879 42557.357612
0.00602426103675 43577.2141334
0.00672245135106 44452.4646277
0.00673611653443 44068.9177198
0.00674067776569 44204.1422162
0.00676811008602 44237.750577
0.00693506442393 44691.9736128
0.0070153294047 44477.1270899
0.00702007969956 43988.748999
0.00708212703496 44607.8741095
0.00748127563046 45198.6621373
0.00789757254728 45398.2767905
0.00809238823127 46505.1984998
0.00847931867654 46007.5229356
0.00884275073643 46761.0657796
0.00884873843436 46242.2116474
0.00948769558996 47493.2108744
0.00980102558901 47518.5148123
0.00980766216426 47421.8163668
0.010076842761 47915.1356254
0.0113594678571 48339.4360402
0.0113748567541 48952.2958498
0.0113902664988 48871.6139609
0.0114056971194 48871.4859487
0.011413420267 48935.2915049
0.0119996873304 49132.1139667
0.0127966861169 49669.8971895
0.0128226988097 49610.0263066
0.0133632438138 49861.8470238
0.0133722924763 49740.8792657
0.013381347266 50221.3796952
0.013390408187 49292.2379972
0.015300541926 50784.2766032
0.0153109023926 50478.1318042
0.0153524144602 50261.5279103
0.01555113902 50880.191459
0.0166627858768 51135.1174261
0.0166740687606 51381.8118424
0.0176974768687 51246.5686125
0.0182078340624 51882.802419
0.0182325005774 52031.9947661
0.0198423479773 52260.488421
0.0204837689301 52608.3981714
0.0210032706354 52428.6814218
0.0211602429209 52706.5111114
0.0237408537137 53234.5135133
0.0238213409443 53502.6393889
0.0238374711054 53262.2841036
0.0262958066258 53403.9363473
0.0263314300781 53630.5963821
0.0283093390175 53736.0940025
0.0286369853684 53787.6772627
0.0286563763501 53810.6128679
0.0350848544473 54313.6591565
0.0351086114792 54358.8935235
0.0351799791379 54271.4879818
0.0352038005815 54374.4071793
0.0388606306736 54386.5217136
0.0389923776015 54352.4660903
0.0390187805372 54380.0640385
0.0415259288814 54429.6905047
0.0416667118143 54476.7975202
0.0417514105689 54596.165349
0.0441941738242 54688.5444856
0.0552182532963 54962.152182
0.0552930585624 54918.5549588
0.0558195406517 55004.1505187
0.0558573377759 54948.4507097
0.0618267508246 55128.9631607
0.0652671114017 55185.5562265
0.0681567332916 55080.3623691
0.0711742896723 55108.185624
0.0734253412078 55084.2387064
0.0752875273173 55035.1726366
0.0769882052959 55103.2560327
0.0833334236286 55008.9311657
0.0835028211378 54998.1151116
0.0885080891011 55185.5715103
0.0909372776112 55096.7250982
0.099976606932 54978.2565817
0.100044304161 55003.4973946
0.10058753484 55099.8789449
0.100655645747 55082.4171996
0.11021247022 55064.7645017
0.110361777246 54881.1926649
0.111111351899 54780.5888254
0.111186588805 54942.6895001
0.111261876657 54882.0623495
0.113775183047 54936.8321945
0.113929316551 54960.3219849
0.114006461588 54864.2434479
0.125 54694.4849722
0.132044998514 54565.6627689
0.132134410235 54517.4709555
0.132672153411 54655.3552836
0.142927890797 54116.5964681
0.143024671659 54147.7310049
0.143121518054 54103.6973926
0.145170509395 53832.2880467
0.145465607347 54290.6960585
0.156286560221 53766.9092049
0.156922594628 53738.4381314
0.159061462924 53903.9863434
0.166666847257 53351.3854054
0.169855850059 53425.6844889
0.170085957158 53160.540941
0.171589270636 52949.3834707
0.176418078289 53156.2336778
0.184728268781 53045.4931769
0.185103778478 52837.2493704
0.187626758703 52892.1227588
0.199953213864 52485.7981567
0.200088608322 52109.1700707
0.20880589895 52114.5941848
0.2149728785 51788.7502376
0.215409868468 51703.2804876
0.216286515108 52002.3757563
0.222222703797 51392.3789364
0.234429586317 50929.916472
0.234588325786 51133.5546313
0.25 49825.5368997
0.250847560408 49578.838581
0.25101741699 49208.0469513
0.270971107699 49293.5192021
0.271154590553 49170.9122079
0.273921789603 49042.6832949
0.275409157833 48690.8789462
0.275595645827 49078.6849775
0.279730481654 48572.3208643
0.287992183879 48328.2580065
0.288577605148 48227.7094505
0.300132587277 47820.9421951
0.301150109269 47720.407554
0.301354027251 47714.9246069
0.305254810842 47340.3809725
0.309206086913 47656.5734386
0.333333694514 44833.3968658
0.335143663513 45258.5108801
0.351643998455 44671.577654
0.375253517407 44098.6772124
0.385813775923 43915.6675222
0.386859823188 44189.1986118
0.400177216645 42544.7516523
0.427623802041 42458.3577913
0.428783207787 42287.3838432
0.429073550057 41836.8975888
0.444445407594 41670.8330626
0.445650421339 41599.5565945
0.499661663751 41193.7923241
0.5 35204.7316044
0.500338565347 34667.7449828
0.501016383954 34577.5196549
0.554559460997 34228.3961541
0.556063024228 34549.8289825
0.599453083537 33492.5843785
0.599858991619 34051.1162345
0.600265174554 32420.7193626
0.601485374337 32350.0015835
0.601892658545 31718.7425428
0.603524555093 32784.7227056
0.666667389029 28823.3695968
0.669833762027 28924.386071
0.712873872053 28896.2788007
0.722590403489 28110.6747801
0.750507034813 27464.8164848
0.781086747175 27469.41601
0.783734819983 27344.7162048
0.959549865916 26970.8506447
0.962151469527 27158.2295462
0.962802971818 26631.2263856
1 0.0
