52748	9822
11253	70149
23446	49977
66690	49191
18278	98025
65551	95920
60410	74222
28246	67119
75922	71036
93740	17418
56310	6928
52703	94270
41273	99203
23661	95408
13290	95422
26936	83657
54336	35337
87998	36212
5269	39025
72468	33073
7889	94715
13819	39568
94377	66758
96970	90953
19902	18278
13613	50153
19220	95842
34948	69470
83028	20819
12940	73217
84867	90604
76066	47837
36240	3568
36222	50936
28219	9822
98280	99474
24926	73845
48639	98587
37209	94438
47239	66167
7754	98587
16179	29612
9360	34948
91632	96936
20153	81080
76308	57407
37478	69726
42771	55672
58185	78518
8436	56817
91515	13561
56830	76426
34284	22960
30677	86042
17040	23481
13272	73843
30749	42036
97616	89277
38142	79042
2398	19204
45956	57239
81772	36860
73679	52053
31305	74222
14582	49029
98857	60582
74606	98805
16702	73718
23745	10076
65437	13561
57407	94377
18981	84039
90953	96970
42415	1295
95098	70562
60377	72901
99189	42579
9300	49523
33587	65970
31380	994
29720	49341
6842	59226
4635	6931
60718	36212
41258	35357
37651	67430
50517	36860
52051	98805
47628	87835
4204	45393
86476	92359
31245	35357
20883	80571
50463	36517
29110	89376
20210	13561
15482	10076
78401	98587
42864	98805
20425	47837
48884	90639
76535	70878
68846	18278
26786	65456
86503	7664
16038	39529
34915	62075
99835	91235
42729	88125
61552	61699
56896	32216
70228	66758
55882	92611
7183	35369
99790	32880
90639	49468
22363	75096
16074	72316
49081	90960
78518	99702
73718	88104
60487	9467
7742	89296
5230	47458
16992	98074
76816	82496
20401	81080
26448	93735
93997	34686
9527	86284
36425	37478
34684	34402
12802	87972
28063	39529
39529	65872
48429	50030
51291	93352
91530	84039
84182	47485
26	47485
27812	89797
96500	77700
77426	86167
4279	74222
78494	30491
33877	42211
6701	32880
23039	58185
57724	74698
16014	93740
10532	13613
35357	75501
16211	35686
51650	45393
13367	42579
59545	46607
80907	47485
4871	4424
38192	69527
52924	62283
37869	47485
89215	86574
45316	86476
47837	81853
94715	90221
89296	7742
61618	81797
31822	74222
37376	94968
6387	18278
69818	81080
93961	23971
47819	73217
94356	80310
82558	65551
35384	64759
61232	98587
88904	74606
11782	9467
95920	85344
88913	45388
17497	76022
44341	96097
59844	45388
85387	32605
27061	24339
23481	69527
53250	10256
9817	69516
59270	99185
12096	59226
55672	58119
81484	39285
33198	28970
79385	47458
72351	26448
13711	90835
39568	76535
38168	84626
75096	92655
75518	96866
76200	84479
68143	59305
19758	97080
62661	72901
18771	56830
35369	7183
73517	78250
70090	82742
27339	45393
46898	22363
52505	79135
34382	72516
28407	90960
86042	73845
92744	10373
48172	61976
42690	8436
82211	33073
9467	91077
67452	15117
4748	98587
6928	93740
73813	83161
82193	80783
34651	75096
83386	16086
80183	10373
42035	90960
95597	10373
83045	27678
23329	5198
22620	87468
69516	93069
17219	85407
77411	78821
7664	86503
37226	1558
1204	37994
17434	37209
6085	72439
85405	66871
9835	45388
11701	91077
65263	57407
86284	9527
26092	33752
19803	60582
24235	9467
83775	4625
64629	79135
43303	20883
28553	10076
7568	47485
42971	69006
63678	75096
70281	34507
65858	22720
42666	27811
38216	68047
72901	89423
49341	58185
58582	98587
1494	83386
45393	90835
92325	3831
55711	96970
99278	9822
17105	6931
83972	18278
43339	47458
30491	87998
1440	66758
32016	35337
86574	89215
97053	22960
35865	59516
60843	35357
4625	90045
10116	22200
86251	89277
85237	85772
43886	69006
97080	19758
83416	24096
42065	52924
5989	16086
50633	73843
33048	84039
68047	82461
60430	10373
56348	32216
95842	74222
35686	41273
13247	95691
41706	39529
73843	77426
48309	77426
20694	58185
38108	97863
40719	99203
1557	97449
29612	58494
63274	74222
49296	34507
6859	16086
6931	58927
13561	91515
35300	13613
27270	36860
63050	69527
29827	79135
2490	16086
66076	86476
89376	92611
12999	69006
57239	67430
62075	74285
11294	82494
81014	62427
74698	57724
98025	18278
20185	66167
86272	49523
24339	94405
1443	50517
52053	93735
53049	4872
62676	75096
49846	66758
71271	69726
90740	49569
68391	67918
42579	99189
36263	30431
546	96707
42211	50410
88425	72516
24976	85753
21612	75501
37492	82506
46607	59545
56817	99681
29857	34915
70903	26936
70562	95098
79471	33073
30431	69006
20876	39910
62981	76426
42310	5230
71208	84479
92202	35337
79561	74179
39080	24339
61976	48172
49523	86272
49191	66690
28520	92318
91978	34686
17404	74222
41036	83635
41933	46445
66758	97863
65771	99203
84926	59098
21549	78518
4942	13613
86873	32216
53650	59226
61752	69516
93584	79623
23496	97108
6889	7664
59706	45388
21280	72901
39753	16086
3704	10076
24746	75864
87468	22620
85772	97863
3070	86251
70269	4872
67003	84273
17999	22200
64527	59098
99185	59270
87010	9756
66402	42729
37710	79354
1966	98587
32605	96866
43389	73718
4559	91632
71121	62075
31322	66402
95408	23661
75607	16126
67918	68391
45695	71271
10355	94356
18546	88118
94968	65456
12239	59305
36212	93735
56551	72901
59305	98627
81080	69818
68528	32216
67102	52053
94071	88815
99203	87455
36086	9527
86696	41705
26944	76535
42447	77426
69497	97793
91263	3568
34507	70281
85449	71590
42842	4424
818	6928
10373	97616
23678	20883
17075	93847
28200	94868
1365	84039
93847	23661
27527	61618
9377	60582
68914	37209
86167	77426
67012	83635
10256	93735
17604	76816
23122	73843
15119	6931
36517	82494
28382	40804
19204	96500
57155	75864
34402	62154
54302	85407
56850	97863
16656	7742
41786	84867
90835	45393
43724	72901
81693	3831
12726	68528
1368	82760
42405	59305
64494	97793
86699	44937
10017	88904
93069	69516
86062	32216
98587	78401
62529	72901
82186	7664
36753	38142
21662	65213
56419	994
78185	87871
67885	55967
80742	34686
44011	55967
70514	22200
63543	78518
95985	90960
55109	37209
60241	59226
60582	98857
5226	39529
51099	69527
87623	74222
82904	75096
713	8436
22954	99702
39552	23661
93096	45826
85407	78185
20819	83028
25323	82193
96936	91632
81953	3831
39175	50936
42468	74606
60941	6928
46631	98805
1296	34686
6500	69527
69527	82461
75475	74179
7675	85753
68271	58185
88909	18278
79354	37710
23657	34948
73845	99203
92318	59770
45826	93096
99702	78518
66883	39285
55794	93681
70319	55180
27093	91632
9822	99278
93278	69006
46445	41933
994	56419
64927	30431
55094	34915
74222	98280
97863	85772
62146	66758
56637	45393
27811	84626
82494	36517
75864	98738
14685	19204
49029	97066
55390	4625
41349	78250
89277	97616
26689	97108
37994	21012
7086	70149
74285	62075
8952	38448
84190	75096
91690	16086
89797	27812
14667	95920
39770	72901
98805	74606
599	51291
98132	24484
72625	49977
23971	93961
7723	60010
32880	99790
61419	76816
85778	42626
32216	89787
60612	34915
93601	20681
79623	93584
72589	4424
32763	6928
23549	45393
5462	4625
4403	6928
70149	61891
36585	52505
51012	82742
17475	59260
73217	47819
33732	42864
17206	61552
75164	26936
67816	82193
80000	3568
79659	45316
47145	82760
8165	22720
29904	83635
89423	72901
69972	84909
88104	73718
55967	67885
59260	17475
17559	32216
71237	71566
87835	50410
67164	98587
16231	58185
18510	89215
10076	93961
38849	8436
42626	85778
80783	82193
67119	28246
64607	24484
4424	72589
34686	93997
20681	93601
10103	65551
66222	72511
72511	66222
83161	73813
35314	64494
6918	72511
28657	7723
45111	26936
38795	6931
87871	78185
62023	32216
62427	81014
69470	39285
75418	40511
82461	99474
50638	42579
34390	72901
65872	39529
22960	97053
36669	42626
29662	85753
81797	61618
17433	79561
95282	97108
75795	28582
96843	33073
82506	85753
45228	32216
37853	50410
2522	35357
27655	1557
20962	48884
10752	84626
3377	6928
33639	74538
19661	1557
14493	22620
61335	88815
82760	47145
47761	94968
84626	38168
49977	80304
49304	34507
77700	96500
2471	43902
37201	55672
5880	60941
15094	34402
91077	11701
36860	81772
47303	90960
69006	93278
82742	70090
41705	93735
99681	56817
35200	81853
59173	4424
85344	95920
48694	74222
38789	74538
22200	70514
71590	85449
90960	95985
21868	47819
9756	89611
59864	92611
80571	20883
16126	99835
18333	69666
19401	20681
46460	71271
52722	31886
63847	45393
17418	93740
42862	69006
66808	546
38448	8952
64610	45826
26991	24484
9720	6928
33693	61552
93517	49029
78821	96707
79135	85068
45365	44937
65579	98805
92611	89376
88125	78401
18450	22620
5961	62075
66871	85405
76022	60010
76426	62981
27045	67430
65812	33752
4947	97108
89094	31886
76300	60582
83657	26936
90045	4625
80804	26448
48667	65551
59436	70149
78250	97449
52061	12802
31704	994
24419	45393
16730	65551
39285	89215
24096	83416
50410	87835
28582	75795
67726	77411
53030	32216
39025	16126
93735	73845
89626	59305
67430	57239
72382	96866
93403	52051
87455	99203
47701	56817
40981	69006
40640	24339
95691	13247
12307	73843
42201	42579
6125	42579
90604	84867
20857	69527
68578	42626
73100	98587
49459	13561
12917	35357
36549	75518
84943	78821
41510	69006
83956	86476
3568	91263
95422	13290
1774	69006
80439	37209
40927	35843
7803	48884
56538	34763
52115	3568
38074	97793
7543	52061
37805	98805
65456	94968
82933	59305
58494	29612
8458	75518
14406	36517
49468	99702
70471	72316
7453	99702
71566	90960
52106	16086
2770	37209
39635	27364
16111	52722
60010	86318
87392	73264
17331	75518
30998	60010
97793	80782
91504	75518
81608	9527
50153	52505
56173	53650
35843	76426
37341	61976
40804	88913
72439	7889
64759	37209
69595	1295
7689	89611
77481	84867
29966	73843
48439	69726
98915	55180
31061	98587
91235	99835
59098	84926
86408	18278
85753	82506
80119	18278
15638	75096
56711	73843
16742	35357
84479	76200
40912	94715
65988	31886
37655	73843
68644	73843
26270	7324
58066	9467
31886	96970
3831	92325
70725	52053
65970	77426
39010	72525
94438	37209
93352	51291
89611	66758
79042	38142
70878	76535
31608	30431
35690	42729
62283	52924
66374	42864
13225	96866
12139	34686
15091	70149
21389	74538
42473	85753
89342	34686
4872	89797
62507	10373
90221	94715
84273	67003
41468	5715
29024	43902
43783	11701
5198	23329
59226	60241
1250	13613
88815	94071
26766	65456
52614	16086
81853	94715
75501	35357
53493	97863
40511	75418
46459	39285
42036	98805
60877	93735
28713	85753
35756	65456
20719	50638
39910	35337
88304	96866
76874	75096
56983	37478
61891	70149
22720	65858
35738	4625
40888	96970
16260	84867
730	65988
34078	4625
59047	69527
98738	75864
33073	96843
55180	98915
83746	93304
99474	98280
98074	28970
92655	75096
72325	49569
94405	24339
43902	29024
56454	32880
76820	1295
50972	88304
89784	89787
4525	80742
64690	22620
21939	77633
52919	38142
71760	36860
5718	4872
80310	94356
37532	7324
17265	88815
33522	13290
68207	45695
50936	39175
33531	57239
92359	86476
4516	65579
87972	12802
1295	80576
94270	52703
50030	48439
12824	74222
61119	42626
95535	48385
40206	4872
7324	64494
72316	94356
36979	26936
46193	87835
63948	47485
57318	94356
86566	69726
71036	75922
65213	45316
19376	99203
37948	73843
79308	65456
3720	96097
63643	20883
30860	4625
47458	79385
80322	4625
36889	13613
82538	74538
17743	52051
688	83635
27747	78250
59516	64629
34763	79623
30815	6931
89787	89784
72516	88425
17187	89611
88118	88139
62154	34402
93304	83746
28689	19758
60835	3831
97449	78250
41375	59770
31452	69726
36593	66758
36288	47458
71350	65970
96866	88304
47485	96097
85068	88118
21709	7742
51567	34948
44937	88815
69726	89969
97108	95282
93681	84039
1558	52051
49979	88118
57022	75096
72525	39010
62979	80304
35337	92202
80304	94868
64244	6928
86318	73718
61699	61552
98627	59305
12291	34686
53337	42579
49569	90740
96097	74538
502	61618
28970	98074
69666	18333
88139	88118
15117	67452
1489	90639
31724	26936
28521	97793
72304	79135
97066	49029
63628	47458
16086	91690
42930	34948
91324	40888
83635	67012
73264	87392
43809	49977
33752	88381
69980	70562
58927	87392
16517	9756
2539	81080
21012	75096
96707	78821
29481	6931
84909	69972
7814	45826
77633	85753
38803	19204
24484	98132
80576	1295
30863	10373
4701	22720
59770	92318
32155	73264
45388	95098
94868	80304
17432	43902
74538	96097
34712	93304
34030	62075
66167	47239
58119	73517
88381	33752
46043	75518
6872	19204
84039	93681
74179	85407
80782	97793
12973	85405
27364	94715
48385	95535
82496	76816
89969	69726
5715	67119
63350	42579
27678	83045
69711	69726
26933	73843
