0 0.0
0.0009765625 12709.0441202
0.000997946434233 16152.7049958
0.0010204891526 16789.3289364
0.00102118015712 17494.281689
0.00104707894728 21980.7174275
0.00107873385864 26188.5279976
0.00112116843637 31808.1281296
0.00115038152349 30983.102585
0.00115506319432 32612.3792439
0.00118756859499 32257.169689
0.00118917741779 35368.5233275
0.0012127517696 36333.8146515
0.00127159888773 38256.2063923
0.00127245992637 42458.1399977
0.00127332154804 38670.5584405
0.0012994432776 40727.6367821
0.00130561505408 44551.5158204
0.00130738379676 39820.5613668
0.00136526662253 46329.4600326
0.00136619108646 46803.9886377
0.00149085076179 51315.1677272
0.0014918602626 52875.1692262
0.00160936036703 54857.4863642
0.00161154059953 55476.7400833
0.00163129608555 55895.8797835
0.001751459614 58191.1815047
0.00187158535795 61718.8715349
0.00187665974064 60816.6957814
0.00190868782141 60968.9422504
0.00190998025251 61670.9342729
0.00203408227478 62832.8197652
0.00217359199832 67697.545757
0.00227443916523 67744.6421675
0.0022759792578 68676.8974022
0.00228524173766 69233.9953523
0.00231012638864 68235.529353
0.00248029349716 71994.7244599
0.00248197298001 72091.4694543
0.00250560550015 71606.7949971
0.00270661072697 74046.1772106
0.00275653247326 75281.0024495
0.00284563975469 74500.7512383
0.002941607168 74560.1075795
0.00309689688427 77623.8189203
0.00310109231208 79096.3769897
0.00314548892959 77647.2545225
0.00336122567553 78307.3612193
0.00337490474797 80173.1894597
0.0034534777044 80233.3120421
0.00346518582828 81642.2142443
0.00358689971415 81657.1698066
0.00365553143921 82150.1473221
0.0038355064759 83196.4070785
0.00384330317038 82788.8927484
0.00388515399798 83662.5853957
0.00426268026923 85124.1564743
0.00426556666087 84452.0775084
0.00430326809114 85051.5636983
0.00430618196605 85582.1718968
0.00446649658741 86963.7654509
0.00448467374547 86274.5405907
0.00469910448701 86795.4742083
0.00470228639488 87753.4048374
0.0048020014765 87517.6135308
0.00480850684342 88874.2313795
0.0048248088435 87286.5423198
0.00485100707841 89226.9385162
0.00507264222263 89733.6559973
0.00516970213902 90198.0258688
0.00542422527679 90827.723601
0.00543157358267 91390.6353699
0.00543525146786 91017.1790873
0.00583561961694 92298.4150077
0.00589517354529 92715.8149054
0.00603242222301 93554.7957504
0.00622321152868 93576.7006063
0.00657395165645 95299.4805014
0.00658285751953 94849.491592
0.00659623894104 94257.4298894
0.00676811008602 94836.2001245
0.00713505677558 96382.3048887
0.00756786234514 98102.2261912
0.00758324605285 97648.790742
0.00783368183633 98820.8508533
0.00813632909913 98907.5533123
0.00862403127283 100265.513322
0.00864741339365 99630.544069
0.00870614642653 99717.7617401
0.00906088188024 99989.637447
0.0090916004592 100292.903433
0.00991446060306 102519.808635
0.0108778636869 102890.933439
0.0108852294223 102961.260648
0.0109963158562 103297.167338
0.0110037617992 103529.605689
0.011026129893 103522.197476
0.0115220950538 103788.919967
0.0123206874227 104638.645596
0.0123457325207 104250.097367
0.0123708285296 104297.796478
0.0123792051973 104804.16823
0.0129886782511 105433.126169
0.0139927206949 106596.150264
0.0140211646485 106738.416836
0.0150437964347 107111.727882
0.0155616691736 107510.643312
0.0155827508763 107350.854648
0.0166740687606 108035.809749
0.0194961888007 108897.358358
0.0195093902686 108686.740327
0.0198289212061 109045.008514
0.024097044147 109401.633488
0.026654220704 109594.944711
0.0266722690949 109659.827659
0.0367126706039 109897.859304
0.041441687549 109980.033295
0.0414697489876 110011.8231
0.0416667118143 110061.440328
0.0421489535958 110090.304893
0.0422918487329 110076.699001
0.0442240990557 110020.211507
0.047257256519 110083.761996
0.0476426818886 110254.582467
0.0497856922294 110123.245268
0.0525916132516 110196.588467
0.0528413999772 110329.1459
0.0549200428942 110073.184984
0.0555932944026 110253.713638
0.0556309383286 110314.624406
0.0588857555948 110152.70599
0.059486699162 110079.837735
0.0595269794318 110117.272091
0.0657548986527 110195.151923
0.0659331782688 110046.909522
0.0666962750423 110003.758297
0.0714639453986 110015.145152
0.071560759027 109996.13366
0.0743254446877 110008.58026
0.081547760201 109791.984562
0.0832770341927 109793.796574
0.0833334236286 109476.881459
0.0842408651161 109559.471653
0.0845264620041 109654.632847
0.0906913883128 109526.083829
0.0913691891537 109337.358348
0.0917410314154 109599.978891
0.0951564534368 109094.285073
0.0952208867921 109082.6313
0.0952853637771 109040.093559
0.0966495114463 109151.697916
0.100044304161 108831.903263
0.10011204723 108569.434795
0.104898816958 108824.087592
0.105754361022 108484.842972
0.105969335093 108629.94223
0.10748643925 108468.952334
0.111111351899 107947.688358
0.112169317188 108082.262261
0.117056214776 108055.397386
0.120431864408 107618.630883
0.121331936846 107498.548336
0.125 107328.830093
0.125084641337 106783.086396
0.125169339987 106708.502261
0.125254095988 107021.566948
0.125678737639 106870.27892
0.127478010373 107054.191672
0.133392550085 106498.320462
0.136498133148 106256.632295
0.136775602172 106315.840745
0.139109887892 106324.813166
0.142927890797 105272.828958
0.153664047248 104998.047635
0.153976410592 104219.971503
0.158095388083 104211.510483
0.166666847257 102493.564814
0.16689263415 102454.235978
0.175109362266 102846.711369
0.181505596471 102370.954167
0.181628499481 102545.113632
0.182491153911 101795.33542
0.182614724273 101614.437548
0.188773291144 101172.012535
0.188901115333 101698.034728
0.189926829709 100613.774072
0.199412551588 100476.440746
0.200088608322 99706.9814981
0.20035967234 99518.379731
0.206556644562 99129.4110148
0.213956679621 98861.1810117
0.214391603893 97798.2276335
0.214827412265 98361.5873623
0.222222703797 97375.6152014
0.228631128926 96796.9870888
0.230651896915 96686.3672927
0.230964365628 96989.1524081
0.23159057355 96651.0579962
0.245971402904 95397.7260181
0.248986706777 95936.428583
0.25 93634.4445338
0.250169282673 93205.9362352
0.250338679973 92972.4979107
0.269690199439 93145.5787172
0.280109438102 91618.319147
0.285855781594 90208.1407986
0.286824901766 90464.1713628
0.28701911971 89779.3380291
0.287213469165 90335.7781914
0.300132587277 88875.2665191
0.302171080907 88655.2884199
0.327075434435 88498.8756891
0.32729690725 88214.5959429
0.327740302881 88138.6902623
0.333333694514 82507.925268
0.33355940499 83011.3259792
0.345275605321 83923.7733
0.345977470491 83173.8072108
0.365476756615 81900.2492815
0.375253517407 80970.3749483
0.389751100059 80310.1834377
0.398825103176 79953.9276008
0.400177216645 77564.8075084
0.402622582987 77856.5334937
0.426178952415 77995.0364027
0.428493061982 77557.8319447
0.428783207787 75908.3590658
0.43610105178 75732.8926005
0.436987544003 76154.515546
0.437875838258 76177.3883202
0.44716128395 75494.8763671
0.44746407058 75712.6256774
0.448677268751 75712.7832013
0.495284070031 74771.9202266
0.496290867593 74889.7755716
0.5 63299.8094065
0.500338565347 61488.8545709
0.500677359946 61167.8188042
0.516512439511 61946.8014766
0.572098686636 60091.5019162
0.572486072216 60076.2141108
0.600265174554 58429.5588584
0.653708222967 57800.7617858
0.664864757799 57720.3358453
0.666667389029 51053.9976253
0.66711880998 51544.1884592
0.670741199148 51016.5604453
0.674839903135 51671.2346231
0.675296857946 51671.8219906
0.749999187344 50889.3308456
0.750507034813 47767.9396147
0.751015226162 48870.8901257
0.751523761622 47689.5416814
0.752032641428 48514.3925363
0.752541865812 47871.5078671
0.772150044545 48288.5794239
0.799271644094 47922.353974
0.805245165975 46795.852753
0.938353303143 47535.4780054
1 0.0
