0.00029397460514	0.00443936889789	0.00444237493083
0.00029397460514	0.0274600214471	0.0274786154705
0.000293974605141	0.130445893885	0.130534222803
0.000293974605141	0.145564106575	0.145662672499
0.000293974605141	0.266604574029	0.266785100169
0.000293974605141	0.333333694514	0.33355940499
0.000293974605141	0.437283441681	0.437579539721
0.000293974605141	0.00166814560669	0.00166927515928
0.000293974605141	0.00193339423798	0.00193470339856
0.000293974605141	0.0193123034786	0.0193253804321
0.000293974605141	0.0523075882202	0.0523430072936
0.000293974605141	0.076832023624	0.0768840489454
0.000293974605141	0.110735930337	0.110810913035
0.000293974605141	0.130357624736	0.130445893885
0.000293974605141	0.166666847257	0.166779702495
0.000293974605141	0.33355940499	0.333785268301
0.000587949210281	0.166779702495	0.167005642276
0.000587949210281	0.266243888138	0.266604574029
0.000587949210281	0.00656061544792	0.00656950324417
0.000881923815422	0.00184516909608	0.00184891989661
0.000881923815422	0.0884481981114	0.08862799277
0.000881923815422	0.00141226502271	0.00141513582973
0.000881923815422	0.0018414259046	0.00184516909608
0.000881923815422	0.00850230844171	0.00851959166145
0.000881923815422	0.00965615173932	0.00967578045469
0.000881923815422	0.0653113057661	0.0654440684925
0.0014698730257	0.00141513582973	0.00141993348213
0.0014698730257	0.0955437086066	0.0958676248651
0.0014698730257	0.0125224795213	0.0125649337527
0.00176384763084	0.00131715479987	0.00132251518256
0.00176384763084	0.0523430072936	0.0525560259534
0.00176384763084	0.142927890797	0.143509559855
0.00176384763084	0.00121357296105	0.00121851180005
0.00176384763084	0.00257786177719	0.00258835281867
0.00176384763084	0.0166064858771	0.0166740687606
0.00176384763084	0.0215213749656	0.0216089598157
0.00176384763084	0.110810913035	0.111261876657
0.00205782223598	0.24881822432	0.25
0.00205782223598	0.00632942019142	0.00635948211663
0.00235179684112	0.350218724532	0.352120377574
0.00235179684113	0.00131004140459	0.00131715479987
0.00264577144627	0.08862799277	0.089169572604
0.00323372065655	0.666667389029	0.671649865593
0.00323372065655	0.0388343347536	0.0391245711833
0.00352769526169	0.111261876657	0.112169317188
0.00411564447197	0.00193470339856	0.001953125
0.00529154289253	0.395598640965	0.400448188921
0.00617346670795	0.143509559855	0.145564106575
0.00734936512852	0.00121851180005	0.00123930757538
0.00734936512852	0.122404335408	0.124493353388
0.00734936512852	0.5	0.508533267932
0.0079373143388	0.00100132971378	0.00101979861565
0.00852526354908	0.653708222967	0.666667389029
0.0108770603902	0.0009765625	0.00100132971378
0.0135228318365	0.00635948211663	0.00656061544792
0.0138168064416	0.00233686330683	0.00241240442175
0.0141107810467	0.484015448373	0.5
0.014698730257	0.745443996335	0.771105412704
0.0155806540725	0.00820268817032	0.00850230844171
0.0155806540725	0.0654440684925	0.0678345494123
0.0164625778879	0.00160609554754	0.00166814560669
0.0182264255187	0.0274786154705	0.0286563763501
0.0185204001239	0.00288637919971	0.00301213051837
0.0194023239393	0.0125649337527	0.0131390064883
0.0194023239393	0.00184891989661	0.00193339423798
0.0199902731496	0.00967578045469	0.0101315590207
0.0199902731496	0.124493353388	0.130357624736
0.020872196965	0.333785268301	0.350218724532
0.0217541207804	0.285855781594	0.300539182863
0.0241059176215	0.00123930757538	0.00131004140459
0.0270456636729	0.0059472783398	0.00632942019142
0.0270456636729	0.0958676248651	0.102027590749
0.0273396382781	0.25	0.266243888138
0.0285155366986	0.00132251518256	0.00141226502271
0.0288095113038	0.00241240442175	0.00257786177719
0.0299854097243	0.089169572604	0.0955437086066
0.0299854097243	0.266785100169	0.285855781594
0.0323372065655	0.00370034371404	0.00398638530146
0.035570927222	0.102027590749	0.110735930337
0.037628749458	0.0101315590207	0.011048543456
0.0379227240631	0.112169317188	0.122404335408
0.0382166986683	0.400448188921	0.437283441681
0.0393925970888	0.130534222803	0.142927890797
0.0423323431402	0.00335667831665	0.00370034371404
0.0426263177454	0.00166927515928	0.0018414259046
0.0435082415608	0.0351323845976	0.0388343347536
0.043802216166	0.437579539721	0.484015448373
0.0449781145865	0.300539182863	0.333333694514
0.0452720891917	0.671649865593	0.745443996335
0.0455660637968	0.224035129529	0.24881822432
0.0461540130071	0.58780047808	0.653708222967
0.0467419622174	0.0193253804321	0.0215213749656
0.0467419622174	0.00398638530146	0.00443936889789
0.0470359368225	0.00301213051837	0.00335667831665
0.0473299114276	0.00258835281867	0.00288637919971
0.0505636320842	0.352120377574	0.395598640965
0.0529154289253	0.00526505406976	0.0059472783398
0.0535033781356	0.00141993348213	0.00160609554754
0.0540913273459	0.0678345494123	0.076832023624
0.054385301951	0.00851959166145	0.00965615173932
0.054385301951	0.011048543456	0.0125224795213
0.058500946423	0.145662672499	0.166666847257
0.0608527432641	0.0768840489454	0.0884481981114
0.0623226162898	0.194085685733	0.224035129529
0.0629105655001	0.508533267932	0.58780047808
0.0637924893155	0.0166740687606	0.0193123034786
0.0652623623412	0.167005642276	0.194085685733
0.0737876258903	0.00444237493083	0.00526505406976
0.0755514735211	0.00101979861565	0.00121357296105
0.0779032703623	0.001953125	0.00233686330683
0.0884863561473	0.0286563763501	0.0351323845976
0.0943658482501	0.0525560259534	0.0653113057661
0.0964236704861	0.00656950324417	0.00820268817032
0.101715213379	0.0131390064883	0.0166064858771
0.10406701022	0.0216089598157	0.0274600214471
0.111416375348	0.771105412704	0.996621213273
0.126115105605	0.0391245711833	0.0523075882202
