0 185.204448527
0.0009765625 1882.17793
0.00111360485779 2317.14643685
0.00111511348044 2253.05069235
0.00111889398458 2242.82461964
0.00112420823238 2475.09278495
0.00138200309549 2726.74703342
0.0013829388922 3120.6959009
0.0018327212952 3549.83341799
0.00185770144215 3773.65114924
0.00208566991054 4275.88805249
0.00210125759583 3820.92342425
0.00231012638864 4273.4551492
0.00232267014649 4336.58451842
0.00288637919971 4694.94234586
0.00288833365566 4907.11303754
0.00294758677264 4744.49422831
0.00313486099334 4712.77728851
0.00313698370394 4847.28757443
0.00314548892959 4845.0221605
0.00390625 5159.92798999
0.00464534029298 5397.66013228
0.00473422421593 5508.46992488
0.00473742990445 5499.9742432
0.00474063776364 5543.23386686
0.00529364279271 5487.95069049
0.00539128073149 5459.97639166
0.00643744146812 5923.90219765
0.00646801644625 5800.16152887
0.00794583231144 6166.68442341
0.00795121267838 6231.50776371
0.00797816921061 6099.27600824
0.00929068058596 6351.59179928
0.00968888842694 6445.10022892
0.00969544907068 6310.86328819
0.00970201415682 6511.65765521
0.0128313814527 6694.91322365
0.0128400699749 6687.14857551
0.0128574646731 6510.85449879
0.0156355801671 6883.0562117
0.0157098422049 6864.60210944
0.0178659863496 7020.11741411
0.0185813611719 7138.79378487
0.0224742076383 7201.55077895
0.022580950109 7234.43426953
0.0240644435666 7244.90460995
0.024097044147 7343.98831523
0.0278531513337 7485.30403054
0.0299859333099 7445.39386565
0.0308715531052 7489.22177151
0.0365886263197 7648.826913
0.041441687549 7601.24495101
0.0416667118143 7692.98756762
0.050089918085 7697.77202156
0.0573515609242 7889.22429327
0.0579368476589 7781.92881438
0.0666511435073 7882.77563635
0.0666962750423 7918.55588077
0.0681567332916 7907.20856326
0.0829394979751 7979.10239746
0.0833334236286 8028.09651864
0.085794635318 8000.83580063
0.100860255313 7987.32130143
0.101133715207 7936.06386545
0.102790115043 8010.75726641
0.102859717385 7965.81129544
0.124915415938 8063.29145704
0.125 7866.99207123
0.130093175504 7955.64941854
0.130181265586 7954.13305741
0.130534222803 7942.99807258
0.136313466583 7954.23343869
0.166103715526 7956.04805065
0.166666847257 7803.60450031
0.224946878118 7791.27594326
0.240049901645 7658.88659172
0.25 7437.2095789
0.333333694514 7211.23158075
0.345743357052 7149.06775727
0.5 5811.83100902
0.604342161813 5722.94726545
0.666667389029 5510.79126074
0.66711880998 5307.62071454
0.667570536602 5499.02521188
0.719661619653 5482.94527364
0.756628093726 5316.29595894
0.979897753126 5440.45573718
1 0.0
