0.00029397460514	0.00109863043167	0.00109937434806
0.00029397460514	0.00260240731852	0.00260416948839
0.00029397460514	0.0761073547384	0.0761588893642
0.00029397460514	0.0907527982354	0.0908142497406
0.000293974605141	0.754071608766	0.754582213797
0.000293974605141	0.917624974788	0.918246326823
0.000293974605141	0.106328596745	0.106400595101
0.000293974605141	0.10647264221	0.106544738104
0.000293974605141	0.107341022232	0.107413706133
0.000293974605141	0.120106223401	0.120187551011
0.000293974605141	0.125	0.125084641337
0.000293974605141	0.125084641337	0.125169339987
0.000293974605141	0.130445893885	0.130534222803
0.000293974605141	0.142927890797	0.143024671659
0.000293974605141	0.143024671659	0.143121518054
0.000293974605141	0.145564106575	0.145662672499
0.000293974605141	0.150066293638	0.150167908132
0.000293974605141	0.150167908132	0.150269591432
0.000293974605141	0.153872218989	0.153976410592
0.000293974605141	0.176537536384	0.176657075369
0.000293974605141	0.196597967599	0.196731090117
0.000293974605141	0.200088608322	0.20022409446
0.000293974605141	0.205858733713	0.20599812698
0.000293974605141	0.214391603893	0.214536775029
0.000293974605141	0.214536775029	0.214682044464
0.000293974605141	0.222072331805	0.222222703797
0.000293974605141	0.22282521067	0.222976092459
0.000293974605141	0.222976092459	0.223127076415
0.000293974605141	0.249830831876	0.25
0.000293974605141	0.25	0.250169282673
0.000293974605141	0.285855781594	0.286049343318
0.000293974605141	0.292313008311	0.292510942421
0.000293974605141	0.311095555195	0.311306207544
0.000293974605141	0.333108136771	0.333333694514
0.000293974605141	0.333333694514	0.33355940499
0.000293974605141	0.334237453844	0.334463776282
0.000293974605141	0.384250005985	0.384510193458
0.000293974605141	0.428493061982	0.428783207787
0.000293974605141	0.44414466361	0.444445407594
0.000293974605141	0.458812487394	0.459123163412
0.000293974605141	0.600265174554	0.600671632528
0.000293974605141	0.667570536602	0.668022569102
0.000293974605141	0.357161489591	0.357403334598
0.000293974605141	0.374999593672	0.375253517407
0.000293974605141	0.375253517407	0.375507613081
0.000293974605141	0.383989994574	0.384250005985
0.000293974605141	0.443844123132	0.44414466361
0.000293974605141	0.444445407594	0.444746355221
0.000293974605141	0.5	0.500338565347
0.000293974605141	0.599858991619	0.600265174554
0.000293974605141	0.600671632528	0.601078365726
0.000293974605141	0.00105848088945	0.00105919761935
0.000293974605141	0.00109788701867	0.00109863043167
0.000293974605141	0.00113721958261	0.0011379896289
0.000293974605141	0.00128631610649	0.00128718711061
0.000293974605141	0.00135238961897	0.00135330536349
0.000293974605141	0.00137267988528	0.00137360936896
0.000293974605141	0.00166363503453	0.00166476153287
0.000293974605141	0.00188174788137	0.00188302207062
0.000293974605141	0.00245689971629	0.0024585633585
0.000293974605141	0.00260416948839	0.00260593285148
0.000293974605141	0.00261123010815	0.00261299825221
0.000293974605141	0.00311793093668	0.00312004218342
0.000293974605141	0.003331777588	0.00333403363687
0.000293974605141	0.00358447255777	0.00358689971415
0.000293974605141	0.00386155714767	0.00386417192654
0.000293974605141	0.00554300034401	0.00554675367968
0.000293974605141	0.00642438219017	0.00642873233654
0.000293974605141	0.00793508249733	0.00794045558524
0.000293974605141	0.0550689462363	0.05510623511
0.000293974605141	0.0553679651687	0.0554054565174
0.000293974605141	0.0624577079689	0.0625
0.000293974605141	0.0692261505814	0.0692730257327
0.000293974605141	0.0714155877122	0.0714639453986
0.000293974605141	0.07402419081	0.0740743148617
0.000293974605141	0.0801251208263	0.0801793760049
0.000293974605141	0.0943866455718	0.0944505576665
0.000293974605141	0.10045145126	0.100519470021
0.000293974605141	0.10348826314	0.103558338219
0.000293974605141	0.106400595101	0.10647264221
0.000293974605141	0.120024950823	0.120106223401
0.000293974605141	0.134753853749	0.13484509972
0.000293974605141	0.271705784903	0.271889765229
0.000587949210281	0.00199184391208	0.00199454230265
0.000587949210281	0.00250052251823	0.00250391002582
0.000587949210281	0.00311371272811	0.00311793093668
0.000587949210281	0.00385633289679	0.00386155714767
0.000587949210281	0.0438960329778	0.0439554998068
0.000587949210281	0.0623732097409	0.0624577079689
0.000587949210281	0.0657104041212	0.0657994233128
0.000587949210281	0.0691324954147	0.0692261505814
0.000587949210281	0.0714639453986	0.071560759027
0.000587949210281	0.0800167205833	0.0801251208263
0.000587949210281	0.0988327375611	0.0989666282367
0.000587949210281	0.157988409282	0.158202439322
0.000587949210281	0.222222703797	0.222523753314
0.000587949210281	0.250169282673	0.250508191977
0.000587949210281	0.713356580832	0.714322979182
0.000587949210281	0.753051435007	0.754071608766
0.000587949210281	0.20599812698	0.20627719674
0.000587949210281	0.222523753314	0.22282521067
0.000587949210281	0.363749110445	0.3642418886
0.000587949210281	0.666667389029	0.667570536602
0.000587949210281	0.0011379896289	0.00113953128609
0.000587949210281	0.00137082280436	0.00137267988528
0.000587949210281	0.00245357580833	0.00245689971629
0.000587949210281	0.00479225992432	0.00479875209417
0.000587949210281	0.00523661974239	0.00524371389532
0.000587949210281	0.00601611089165	0.00602426103675
0.000587949210281	0.0882090391444	0.0883285376844
0.000587949210281	0.0951564534368	0.0952853637771
0.000881923815422	0.00105633360839	0.00105848088945
0.000881923815422	0.00156955392594	0.00157274446479
0.000881923815422	0.00187158535795	0.0018753898566
0.000881923815422	0.00263252703488	0.00263787835135
0.000881923815422	0.00366296228621	0.00367040823839
0.000881923815422	0.00496058699432	0.00497067071636
0.000881923815422	0.00571057432211	0.00572218259432
0.000881923815422	0.00724700980958	0.00726174129855
0.000881923815422	0.0628819192849	0.0630097436324
0.000881923815422	0.166328739533	0.166666847257
0.000881923815422	0.428783207787	0.429654824531
0.000881923815422	0.623878041624	0.625146240885
0.000881923815422	0.0587662973515	0.0588857555948
0.000881923815422	0.0837859158783	0.0839562331992
0.000881923815422	0.116897850932	0.117135477132
0.000881923815422	0.149761862531	0.150066293638
0.000881923815422	0.427623802041	0.428493061982
0.000881923815422	0.44294372135	0.443844123132
0.000881923815422	0.402895211096	0.403714203551
0.000881923815422	0.33355940499	0.334237453844
0.000881923815422	0.00228678914498	0.00229143765657
0.000881923815422	0.00260593285148	0.00261123010815
0.00117589842056	0.00128283797989	0.00128631610649
0.00117589842056	0.00156530994016	0.00156955392594
0.00117589842056	0.00453350864073	0.0045458002296
0.00117589842056	0.00659177544756	0.00660964756387
0.00117589842056	0.00738067638434	0.00740068742807
0.00117589842056	0.0554054565174	0.0555556759493
0.00117589842056	0.066022499257	0.066201504412
0.00117589842056	0.00198645807786	0.00199184391208
0.00117589842056	0.00452125028763	0.00453350864073
0.00117589842056	0.00835398163622	0.0083766315782
0.0014698730257	0.0643023656615	0.0645203662185
0.0014698730257	0.00140654086841	0.00141130938181
0.0014698730257	0.0018753898566	0.00188174788137
0.0014698730257	0.00282644262141	0.00283602494486
0.0014698730257	0.0657994233128	0.066022499257
0.0014698730257	0.271889765229	0.272811537231
0.0014698730257	0.284889935874	0.285855781594
0.0014698730257	0.35595471709	0.357161489591
0.0014698730257	0.800354433289	0.803067828208
0.0014698730257	0.750507034813	0.753051435007
0.00176384763084	0.100044304161	0.10045145126
0.00176384763084	0.0009765625	0.000980536785118
0.00176384763084	0.0034534777044	0.00346753221197
0.00176384763084	0.00583957109409	0.00586333620948
0.00176384763084	0.181874555222	0.182614724273
0.00176384763084	0.187626758703	0.188390337312
0.00176384763084	0.250508191977	0.25152767714
0.00176384763084	0.621349356057	0.623878041624
0.00205782223598	0.05510623511	0.0553679651687
0.00205782223598	0.560598217601	0.563260809304
0.00205782223598	0.12440911216	0.125
0.00205782223598	0.580682037578	0.583440018476
0.00205782223598	0.00294958267412	0.00296359187734
0.00235179684112	0.0439554998068	0.0441941738242
0.00235179684112	0.0833334236286	0.0837859158783
0.00235179684112	0.0908142497406	0.0913073621363
0.00235179684112	0.158202439322	0.159061462924
0.00235179684112	0.153041220297	0.153872218989
0.00264577144627	0.00243867378357	0.00245357580833
0.00264577144627	0.0083766315782	0.00842781873248
0.00264577144627	0.0952853637771	0.0958676248651
0.00264577144627	0.300132587277	0.301966610047
0.00264577144627	0.0625	0.0628819192849
0.00264577144627	0.213089476207	0.214391603893
0.00264577144627	0.286049343318	0.287797307488
0.00264577144627	0.00420820842258	0.0042339235578
0.00293974605141	0.00400803097945	0.00403525343368
0.00293974605141	0.00638104229765	0.00642438219017
0.00293974605141	0.298107845646	0.300132587277
0.00293974605141	0.400177216645	0.402895211096
0.00323372065655	0.0944505576665	0.0951564534368
0.00323372065655	0.00229143765657	0.00230856318965
0.00323372065655	0.00261299825221	0.00263252703488
0.00323372065655	0.00466108911903	0.00469592473224
0.00323372065655	0.066201504412	0.0666962750423
0.00323372065655	0.0794231353605	0.0800167205833
0.00323372065655	0.106544738104	0.107341022232
0.00323372065655	0.272811537231	0.274850450658
0.00352769526169	0.00166476153287	0.00167833915832
0.00352769526169	0.00358689971415	0.00361615410278
0.00352769526169	0.0618686156153	0.0623732097409
0.00352769526169	0.068573219225	0.0691324954147
0.00352769526169	0.11021247022	0.111111351899
0.00352769526169	0.403714203551	0.407006855464
0.00352769526169	0.00431785720977	0.00435307321327
0.00352769526169	0.0630097436324	0.0635236446819
0.00352769526169	0.136405768615	0.137518280167
0.00382166986683	0.00417133982108	0.00420820842258
0.00382166986683	0.174990870577	0.176537536384
0.00382166986683	0.00497067071636	0.00501460424509
0.00411564447197	0.145662672499	0.147049623956
0.00411564447197	0.211079646113	0.213089476207
0.00411564447197	0.459123163412	0.463494781271
0.00411564447197	0.156498284733	0.157988409282
0.00440961907711	0.00501460424509	0.00506577951036
0.00440961907711	0.235383636894	0.237785784595
0.00440961907711	0.0761588893642	0.0769361094947
0.00440961907711	0.0898359998406	0.0907527982354
0.00470359368225	0.20627719674	0.208523408141
0.00470359368225	0.00716894511553	0.00724700980958
0.00470359368225	0.0989666282367	0.100044304161
0.00499756828739	0.13484509972	0.136405768615
0.00499756828739	0.105112051907	0.106328596745
0.00499756828739	0.000980536785118	0.000991885312166
0.00499756828739	0.00564523752725	0.00571057432211
0.00529154289253	0.0913073621363	0.092426676981
0.00529154289253	0.208523408141	0.211079646113
0.00529154289253	0.0635236446819	0.0643023656615
0.00558551749767	0.00135330536349	0.00137082280436
0.00558551749767	0.00824722795594	0.00835398163622
0.00558551749767	0.0858527294989	0.0869640234857
0.00558551749767	0.125169339987	0.126789555624
0.00558551749767	0.00164237581104	0.00166363503453
0.00558551749767	0.00361615410278	0.00366296228621
0.00587949210281	0.00283602494486	0.00287468020578
0.00587949210281	0.111111351899	0.112625809064
0.00617346670795	0.0869640234857	0.0882090391444
0.00617346670795	0.311306207544	0.31576300574
0.00617346670795	0.552685722851	0.560598217601
0.00646744131309	0.103558338219	0.105112051907
0.00646744131309	0.444746355221	0.451419004777
0.00646744131309	0.918246326823	0.932023024199
0.00646744131309	0.625146240885	0.634525478596
0.00646744131309	0.563260809304	0.571711563189
0.00646744131309	0.0555556759493	0.056389192744
0.00646744131309	0.0782491423666	0.0794231353605
0.00676141591823	0.0078125	0.00793508249733
0.00676141591823	0.571711563189	0.580682037578
0.00676141591823	0.223127076415	0.226628065119
0.00676141591823	0.287797307488	0.292313008311
0.00705539052337	0.00113953128609	0.00115819488834
0.00705539052337	0.00444839310452	0.00452125028763
0.00705539052337	0.153976410592	0.156498284733
0.00705539052337	0.451419004777	0.458812487394
0.00705539052337	0.00726174129855	0.00738067638434
0.00734936512852	0.0024585633585	0.00250052251823
0.00734936512852	0.0769361094947	0.0782491423666
0.00734936512852	0.0883285376844	0.0898359998406
0.00734936512852	0.196731090117	0.200088608322
0.00734936512852	0.0819350757203	0.0833334236286
0.00734936512852	0.143121518054	0.145564106575
0.00764333973366	0.00554675367968	0.00564523752725
0.00764333973366	0.00767620723012	0.0078125
0.00764333973366	0.655037060064	0.666667389029
0.00764333973366	0.112625809064	0.114625505401
0.00764333973366	0.357403334598	0.363749110445
0.0079373143388	0.150269591432	0.153041220297
0.0079373143388	0.226628065119	0.230808078394
0.0079373143388	0.0645203662185	0.0657104041212
0.0079373143388	0.147049623956	0.149761862531
0.0079373143388	0.159061462924	0.161995252374
0.0079373143388	0.266785100169	0.271705784903
0.00823128894394	0.292510942421	0.298107845646
0.00823128894394	0.00312004218342	0.00317974105832
0.00823128894394	0.00367040823839	0.00374063781523
0.00823128894394	0.056389192744	0.0574681433367
0.00852526354908	0.00194784385954	0.00198645807786
0.00852526354908	0.0042339235578	0.00431785720977
0.00852526354908	0.500338565347	0.510257318587
0.00852526354908	0.114625505401	0.116897850932
0.00852526354908	0.171589270636	0.174990870577
0.00852526354908	0.230808078394	0.235383636894
0.00852526354908	0.0018352041192	0.00187158535795
0.00881923815422	0.00469592473224	0.00479225992432
0.00881923815422	0.244808670817	0.249830831876
0.00881923815422	0.00572218259432	0.00583957109409
0.00911321275936	0.092426676981	0.0943866455718
0.0094071873645	0.00435307321327	0.00444839310452
0.0094071873645	0.0801793760049	0.0819350757203
0.00970116196964	0.0574681433367	0.0587662973515
0.00970116196964	0.0839562331992	0.0858527294989
0.00970116196964	0.375507613081	0.383989994574
0.00970116196964	0.00304493046921	0.00311371272811
0.0102891111799	0.00137360936896	0.00140654086841
0.0102891111799	0.00120050036912	0.00122928167925
0.0105830857851	0.00210125759583	0.00215309098302
0.0105830857851	0.117135477132	0.120024950823
0.0108770603902	0.00199454230265	0.00204512714039
0.0108770603902	0.0045458002296	0.00466108911903
0.0108770603902	0.00642873233654	0.00659177544756
0.0111710349953	0.00586333620948	0.00601611089165
0.0111710349953	0.107413706133	0.11021247022
0.0111710349953	0.00287468020578	0.00294958267412
0.0111710349953	0.00842781873248	0.00864741339365
0.0114650096005	0.161995252374	0.166328739533
0.0114650096005	0.25152767714	0.258256219755
0.0117589842056	0.00296359187734	0.00304493046921
0.0117589842056	0.0740743148617	0.0761073547384
0.0117589842056	0.182614724273	0.187626758703
0.0117589842056	0.00204512714039	0.00210125759583
0.0120529588108	0.000991885312166	0.00101979861565
0.0120529588108	0.583440018476	0.599858991619
0.0120529588108	0.0666962750423	0.068573219225
0.0120529588108	0.20022409446	0.205858733713
0.0123469334159	0.00864741339365	0.00889678620904
0.0123469334159	0.126789555624	0.130445893885
0.012640908021	0.100519470021	0.10348826314
0.012640908021	0.3642418886	0.374999593672
0.012640908021	0.166666847257	0.171589270636
0.012640908021	0.176657075369	0.181874555222
0.012640908021	0.237785784595	0.244808670817
0.0129348826262	0.301966610047	0.311095555195
0.0132288572313	0.0692730257327	0.0714155877122
0.0132288572313	0.0958676248651	0.0988327375611
0.0132288572313	0.429654824531	0.44294372135
0.0132288572313	0.00374063781523	0.00385633289679
0.0138168064416	0.634525478596	0.655037060064
0.0138168064416	0.130534222803	0.134753853749
0.0141107810467	0.258256219755	0.266785100169
0.0144047556519	0.601078365726	0.621349356057
0.0144047556519	0.00346753221197	0.00358447255777
0.0144047556519	0.00403525343368	0.00417133982108
0.0144047556519	0.00479875209417	0.00496058699432
0.0144047556519	0.00506577951036	0.00523661974239
0.0144047556519	0.0497856922294	0.0514646834282
0.014698730257	0.0396846959546	0.0410508153564
0.014698730257	0.071560759027	0.07402419081
0.014698730257	0.214682044464	0.222072331805
0.014698730257	0.00109937434806	0.00113721958261
0.014698730257	0.00188302207062	0.00194784385954
0.0149927048622	0.120187551011	0.12440911216
0.0152866794673	0.00333403363687	0.0034534777044
0.0152866794673	0.00101979861565	0.00105633360839
0.0155806540725	0.00105919761935	0.00109788701867
0.0155806540725	0.00115819488834	0.00120050036912
0.0155806540725	0.274850450658	0.284889935874
0.0158746286776	0.00386417192654	0.00400803097945
0.0158746286776	0.00740068742807	0.00767620723012
0.0161686032827	0.00660964756387	0.00686036000146
0.0164625778879	0.00176693997985	0.0018352041192
0.0164625778879	0.00794045558524	0.00824722795594
0.016756552493	0.137518280167	0.142927890797
0.016756552493	0.00250391002582	0.00260240731852
0.0173445017033	0.384510193458	0.400177216645
0.0179324509136	0.00150199294319	0.00156530994016
0.0185204001239	0.00122928167925	0.00128283797989
0.0185204001239	0.188390337312	0.196597967599
0.018814374729	0.00157274446479	0.00164237581104
0.0191083493341	0.00686036000146	0.00716894511553
0.0202842477547	0.00317974105832	0.003331777588
0.0214601461753	0.00128718711061	0.00135238961897
0.0214601461753	0.407006855464	0.427623802041
0.0214601461753	0.714322979182	0.750507034813
0.0214601461753	0.0588857555948	0.0618686156153
0.0223420699907	0.00167833915832	0.00176693997985
0.0232239938061	0.31576300574	0.333108136771
0.0238119430164	0.00230856318965	0.00243867378357
0.0241059176215	0.00524371389532	0.00554300034401
0.024987841437	0.00602426103675	0.00638104229765
0.0255757906472	0.754582213797	0.800354433289
0.0261637398575	0.00215309098302	0.00228678914498
0.0270456636729	0.334463776282	0.35595471709
0.0270456636729	0.00141130938181	0.00150199294319
0.0285155366986	0.668022569102	0.713356580832
0.0291034859089	0.0410508153564	0.0438960329778
0.0293974605141	0.0514646834282	0.0550689462363
0.0299854097243	0.00263787835135	0.00282644262141
0.0305733589346	0.932023024199	1
0.0329251557757	0.463494781271	0.5
0.0346890034066	0.510257318587	0.552685722851
0.0473299114276	0.0355871448361	0.0396846959546
0.0517395305047	0.0441941738242	0.0497856922294
0.0579129972127	0.803067828208	0.917624974788
0.0884863561473	0.00889678620904	0.0109073565673
0.513573635181	0.0109073565673	0.0355871448361
