0.00029397460514	0.00375840417784	0.00376094910866
0.00029397460514	0.0661119412501	0.0661567076747
0.000293974605141	0.3324323789	0.332657479067
0.000293974605141	0.00107654549151	0.00107727445351
0.000293974605141	0.00107727445351	0.0010780039091
0.000293974605141	0.00457667520021	0.00457977420746
0.000293974605141	0.0161300915546	0.0161410137347
0.000293974605141	0.0211459243665	0.0211602429209
0.000293974605141	0.0285595525661	0.0285788911157
0.000293974605141	0.124915415938	0.125
0.000293974605141	0.165766750196	0.16587899595
0.000587949210281	0.00232581671394	0.00232896754411
0.000587949210281	0.0350611134913	0.0351086114792
0.000587949210281	0.0671492746084	0.0672402430664
0.000587949210281	0.0125649337527	0.0125819557184
0.000587949210281	0.0249097018249	0.0249434474934
0.000587949210281	0.0285209147156	0.0285595525661
0.000881923815422	0.332657479067	0.333333694514
0.000881923815422	0.0659778236475	0.0661119412501
0.000881923815422	0.0831643697667	0.0833334236286
0.000881923815422	0.210936814322	0.211365599909
0.000881923815422	0.3317579919	0.3324323789
0.000881923815422	0.034848166502	0.0349190047365
0.00117589842056	0.00730117183571	0.00732096732074
0.00117589842056	0.65017782169	0.651940632596
0.00117589842056	0.00232896754411	0.0023352820157
0.00176384763084	0.0249434474934	0.0250449590425
0.00176384763084	0.0349190047365	0.0350611134913
0.00176384763084	0.111111351899	0.111563538207
0.00205782223598	0.16587899595	0.166666847257
0.00323372065655	0.166666847257	0.167912466398
0.00470359368225	0.00285335506676	0.00288442606629
0.00470359368225	0.00664104044421	0.00671335663329
0.00529154289253	0.0833334236286	0.0843549878918
0.00587949210281	0.0518493153801	0.0525560259534
0.00646744131309	0.0661567076747	0.0671492746084
0.0094071873645	0.020692810812	0.0211459243665
0.012640908021	0.0136189360685	0.0140211646485
0.0179324509136	0.0023352820157	0.00243372658228
0.0235179684112	0.0625	0.0659778236475
0.0343950288015	0.0125819557184	0.0136189360685
0.0346890034066	0.00732096732074	0.00792971304524
0.0364528510374	0.00671335663329	0.00730117183571
0.0370408002477	0.0115377042652	0.0125649337527
0.0385106732734	0.10168286128	0.111111351899
0.0423323431402	0.0009765625	0.00107654549151
0.0490937590585	0.111563538207	0.124915415938
0.056443124187	0.00288442606629	0.00328475162208
0.056443124187	0.0250449590425	0.0285209147156
0.058500946423	0.00328475162208	0.00375840417784
0.0608527432641	0.0140211646485	0.0161300915546
0.069084032208	0.00243372658228	0.00285335506676
0.0708478798389	0.0211602429209	0.0249097018249
0.0729057020749	0.211365599909	0.25
0.075257498916	0.0525560259534	0.0625
0.0811369910188	0.0843549878918	0.10168286128
0.0843707116754	0.0351086114792	0.0426367767424
0.0849586608856	0.0426367767424	0.0518493153801
0.0852526354908	0.00376094910866	0.00457667520021
0.0861345593062	0.0285788911157	0.034848166502
0.0923080260142	0.0672402430664	0.0831643697667
0.0990694419324	0.167912466398	0.210936814322
0.107888680087	0.0161410137347	0.020692810812
0.114062146795	0.5	0.65017782169
0.122587410344	0.125	0.165766750196
0.122881384949	0.25	0.3317579919
0.160804109012	0.0010780039091	0.00156107742987
0.161392058222	0.00457977420746	0.00664104044421
0.162861931248	0.00792971304524	0.0115377042652
0.173151042428	0.00156107742987	0.00232581671394
0.176090788479	0.333333694514	0.5
