0 11.64345591
0.0009765625 2243.79779219
0.00103160155089 1963.51666053
0.00109417749259 1799.62132469
0.0010956597966 3584.44133309
0.0011364500574 4186.30639094
0.00126730242629 5464.56594791
0.00127245992637 5399.41223463
0.00131004140459 5477.80283915
0.00138013340132 6362.62842171
0.001381067932 6308.83134318
0.00156530994016 8684.50461264
0.00168516944142 10084.2868206
0.00170351973352 10463.1212702
0.0018117524524 10561.0910897
0.00211266721678 12127.2325004
0.00212413879086 11843.2033675
0.00232267014649 12814.5447499
0.00240425342171 12647.8372366
0.0024058814155 13329.2236874
0.00242058305565 12991.0914156
0.00257263221299 13279.0407747
0.00257611740902 13883.3554795
0.0030141701244 14896.8212703
0.00301621111151 14694.9083347
0.00302848608923 15093.3572103
0.00315829002511 14831.5885822
0.0036654425904 16545.7786345
0.00367786932647 16096.3845162
0.00368035972467 16025.1994943
0.00393011995531 16213.3879074
0.00393278116016 16501.7720089
0.00394344401159 17158.1721694
0.00416287765697 17203.5420528
0.00416569646921 16777.4923602
0.00416851719014 17225.4427658
0.00495387588012 18107.9374557
0.00495723030153 18103.1713212
0.00528648109162 17938.6698912
0.00564141755028 18681.9477236
0.00564523752725 18742.0159325
0.00629950037202 19129.1957752
0.00688361827954 19380.9858188
0.00716409408754 19536.2207568
0.00748127563046 19805.0391926
0.0078125 20192.6782708
0.00870025521669 20697.7623515
0.00870614642653 20773.7265166
0.00892090784351 20645.6473427
0.00896934749094 21019.5626093
0.0102488195594 21518.9469437
0.0102696530309 21600.6579221
0.0104378526422 21458.2363554
0.0109814390823 21794.8910328
0.0124043692483 22397.0958483
0.0124127686275 22633.0192215
0.0133090802762 22824.1093389
0.013318092263 22465.4140397
0.013417627779 22495.6429829
0.0137579206487 22995.0602805
0.013964334444 23124.1459876
0.014011676912 23321.7017348
0.0140211646485 23212.5116094
0.0146419346415 23054.4015174
0.0152488446581 23314.7651719
0.0152695025712 23115.0436031
0.0152901884701 23293.9674841
0.0160755914154 23432.6920757
0.0174005104334 23722.1694367
0.0174122928531 23452.1727435
0.019208005906 23929.5462941
0.0192340273737 24360.5878832
0.019247051324 24094.7544467
0.0200991910867 24339.5255965
0.020167332201 24145.5695114
0.0201946532871 24277.5010704
0.0202083277067 24234.507395
0.0210744767979 24287.3645906
0.022580950109 24493.083508
0.0238374711054 24849.712766
0.0251639114367 24918.487228
0.0274414400058 24843.0992382
0.0277402576957 24860.1779394
0.0280423292969 25156.8242483
0.0283093390175 25204.9970722
0.0283476902422 25219.2765489
0.032303886621 25322.2416955
0.0355149511831 25410.394617
0.0405536776412 25626.7219361
0.040581137781 25624.9552737
0.0419497111626 25901.1871856
0.0419781165996 25925.9891028
0.0446754168247 26001.9379327
0.0472252788332 26000.2764394
0.0475782267184 26017.4679214
0.0476749422108 25902.1764344
0.0500221520806 26269.5703307
0.0500560236151 26103.8303392
0.0556686077444 26244.5692431
0.0560846585938 26139.5086815
0.068573219225 26316.316597
0.0686196522565 26314.6645802
0.0688522894583 26379.0132
0.0725361382517 26199.9411732
0.0830518577629 26258.3234367
0.0833334236286 26275.7565983
0.0833898512475 26319.5396523
0.0835028211378 26383.1843083
0.0841838616396 26260.4557381
0.0906300199446 26274.1703276
0.0913073621363 26333.7334981
0.100044304161 26372.4985109
0.10011204723 26390.9499574
0.111111351899 26353.8401152
0.111412605335 26418.9290309
0.12059501585 26345.8658813
0.125084641337 26356.2640603
0.125169339987 26191.9390323
0.141005967482 26155.0763886
0.141771615941 26078.9231402
0.153456157139 26032.0035363
0.16587899595 25919.4770151
0.166666847257 25805.9438327
0.166779702495 25668.5990533
0.199277614599 25471.6746955
0.199547579947 25576.1533243
0.200088608322 25565.463275
0.207959572541 25421.895259
0.222222703797 24978.9862882
0.224794662752 25250.9539302
0.25 24434.7879893
0.276717228597 24465.1548007
0.276904602326 24394.7050161
0.277467485115 24501.7200092
0.29191754181 24282.5871923
0.292115208138 24232.6404577
0.324429421129 24024.7892726
0.32486893212 24006.3398663
0.32574974115 24065.4543602
0.333333694514 23137.1061916
0.33355940499 22894.3525626
0.336963460465 23240.3322557
0.375253517407 22840.6981512
0.397746702466 22803.7453762
0.400177216645 22260.2865541
0.41479452304 22437.6868855
0.42130288125 22089.0544368
0.428783207787 22390.8202796
0.429654824531 22323.6041854
0.441148393866 22220.047116
0.5 18376.5714825
0.542676395298 18219.224426
0.59500618182 18154.367879
0.595409078769 18324.8937657
0.600265174554 17978.1031564
0.610923016486 17852.7248298
0.666216273542 17286.954044
0.666667389029 16132.187656
0.66711880998 16268.9202167
0.750507034813 15738.3127371
0.800354433289 15383.1497925
0.996621213273 15307.9184692
1 0.0
