0 0.0
0.0009765625 82637.182602
0.000985193897872 82352.6084991
0.00104566236767 90909.8525448
0.00104778795657 95680.9915821
0.00109121889802 94641.5697794
0.0011023550543 104370.268821
0.00116212144887 106079.936533
0.00116290835697 107879.452724
0.00116448377205 112085.763691
0.00117239291905 110590.151779
0.00120375525582 112503.410961
0.00124098649001 114887.794465
0.00124519373407 117242.127257
0.00124603689297 115678.044788
0.00132699882858 123431.025258
0.00135055998848 129616.59314
0.00135147449411 122878.352473
0.00140273766078 128723.208054
0.00140368749751 131668.900601
0.00141513582973 132468.643802
0.0014189726522 131285.196746
0.00151117118433 136453.740767
0.00154740064966 137948.256707
0.00164015386198 143889.116925
0.0016412644605 144975.822974
0.00164237581104 143721.66858
0.00173376610598 147063.937958
0.00173494009223 148692.752351
0.00173611487341 147032.287475
0.00173964399201 149043.748853
0.00174082195836 148686.678249
0.00179344985708 150442.534537
0.00179587947927 153005.842902
0.00185393282699 154396.421261
0.00186526167019 157298.152632
0.00200944892692 160782.548078
0.00201762671684 161207.644345
0.00207300239705 163181.059582
0.0021083813668 163657.18236
0.00210980901654 164003.864437
0.00212701640393 167477.997049
0.00212989791536 162751.001326
0.00223022696088 170021.023179
0.00223173711601 170578.316569
0.00223476049467 167581.138932
0.00223627371959 166179.521156
0.00237031888182 171305.827411
0.00237192389749 171696.797009
0.00237352999996 171407.54793
0.0024585633585 174279.76671
0.00247693794006 173449.194946
0.00257611740902 177026.828501
0.00257786177719 176931.575489
0.00258660135151 174549.246081
0.00258835281867 173278.526246
0.00269199346864 177958.028116
0.00276026680264 177724.049241
0.00276213586401 177991.340724
0.00300398588639 182508.07718
0.00308643313018 183736.634207
0.00313273971912 183402.220757
0.00325377030485 186276.859281
0.0033909340415 187274.892454
0.00339323014702 187886.226601
0.00350529116212 190112.435698
0.00370786565399 190682.775189
0.00372547636343 191208.935336
0.00382772559815 191580.576491
0.00389568771908 193044.18564
0.00390889504177 193486.717551
0.00391684091816 195312.810312
0.00394878627364 193381.624
0.00417133982108 196831.701863
0.004185481671 196105.009523
0.00446347423201 199097.349911
0.00446649658741 199484.565152
0.00453657841858 200348.070625
0.00464219691896 201010.767117
0.00475027437995 203212.406949
0.00475670967115 202180.827451
0.00476315368036 203298.401018
0.0048542918442 203477.217656
0.00486745316456 204967.518093
0.00495723030153 204699.820079
0.00514178276705 206089.836221
0.00520833897679 207501.885511
0.00535128678334 209039.44956
0.00536579559368 207741.128067
0.00540589797642 208651.57381
0.00554300034401 210133.784396
0.00554675367968 209146.613488
0.00557687200365 210747.303333
0.00571057432211 211731.647281
0.00571444112725 211564.8462
0.00573769700522 212826.145611
0.00596340304718 215011.266849
0.00596744105042 213658.199104
0.00599578373602 214039.245402
0.00602018458499 215272.389929
0.00602426103675 215830.550636
0.00629523767337 216980.407688
0.00629950037202 218004.349126
0.00631658005021 217258.416649
0.00639401347565 217932.862015
0.006565057842 218825.200633
0.00656950324417 218796.307265
0.00686500536178 219857.06542
0.00689761107786 220423.150364
0.00712058228443 220312.705794
0.00727650273322 221141.793377
0.00728142987655 221806.513747
0.00740569866068 222517.826859
0.00741071328655 222371.769394
0.00768660634075 222827.447666
0.00772834385308 223609.886575
0.00794045558524 223697.700194
0.00819159085923 224140.16391
0.00843923606616 225050.876801
0.00844495053193 225946.616961
0.00845066886713 225192.068502
0.00872975118412 226080.586596
0.0087415775517 225398.309321
0.00874749674217 226157.706254
0.0087534199407 226291.208321
0.00893904197868 225697.531655
0.00894509487837 227104.413395
0.00899366585901 226043.704264
0.00925302385125 226667.324454
0.00927183310119 226996.900907
0.00980102558901 227552.289254
0.0100020900729 228203.95692
0.0104803312367 227858.722788
0.0105515134054 228680.933465
0.0286757804621 229223.124964
0.0287146281123 229230.448721
0.0290469651942 229190.124249
0.0346834356393 229172.069731
0.034777471973 229047.585196
0.0363664018368 229040.855336
0.0396041898285 229233.650003
0.0416949256237 229313.226932
0.0422918487329 229265.613998
0.0423204858418 229301.524283
0.0465587234303 229161.022435
0.046590249771 229253.610814
0.0480312507481 229204.311547
0.050361901387 229242.156876
0.050875856933 229077.174212
0.0531642983723 229082.095314
0.053525389064 229055.979142
0.0535616327478 229170.875739
0.0549200428942 229109.02267
0.054957230941 229065.783303
0.0555556759493 229017.681375
0.0570418294311 229039.502277
0.0570804542046 229140.953701
0.0588060898151 229037.383446
0.0588459092235 229051.649629
0.0598907314545 228861.457573
0.059931285307 228845.549038
0.0600937755056 228910.082933
0.0642588540191 228546.952243
0.0643023656615 228586.617108
0.0645203662185 228574.772244
0.0664259435083 228536.598771
0.0666962750423 228167.577992
0.0672402430664 228220.975924
0.0693668712787 228144.829064
0.0696491714122 228274.371856
0.0714639453986 227773.497479
0.071560759027 228088.327413
0.0728313362495 227752.163956
0.0749823739524 227681.005952
0.0769361094947 226900.440265
0.0771447044489 227076.695829
0.0771969414961 227147.113059
0.077826551886 226413.351545
0.0783551480363 227150.554265
0.0800709023607 226445.666588
0.0833334236286 225711.399256
0.0833898512475 225851.313374
0.0834463170752 226234.573297
0.0865529356138 225380.928461
0.0868463709794 225854.177458
0.0869640234857 224997.62055
0.0879705268498 225696.030929
0.0880300943936 225377.205571
0.0909372776112 224493.309303
0.0913073621363 224043.240565
0.0938769032702 224198.323796
0.0952853637771 223442.993679
0.0961275483645 223630.324813
0.099976606932 223462.842487
0.100044304161 222458.163445
0.10011204723 222226.650168
0.10348826314 222038.608198
0.103768848286 222042.616061
0.104261704071 221681.330715
0.105254449294 221668.35142
0.106112893859 221281.169478
0.10668907638 220916.279491
0.111111351899 219249.46265
0.111186588805 219091.099769
0.111488046229 219690.113803
0.115091993147 218681.611247
0.115638628824 219219.273373
0.115716931289 218677.715669
0.117691818447 217601.122994
0.11817078507 217622.406982
0.118812440747 217546.721542
0.118892892297 217954.976354
0.121003862093 216872.129568
0.123737231231 216794.683798
0.124915415938 216773.302221
0.125 216319.640184
0.125084641337 215856.307094
0.127737143582 215405.587839
0.131420808242 213702.171478
0.131509797305 213997.888543
0.133392550085 213022.770675
0.133844783061 212951.497579
0.134116858441 212546.936406
0.136405768615 211847.556168
0.138546051465 213036.82262
0.139581504025 212917.094627
0.140815202326 211881.848472
0.142541421797 211685.13989
0.142927890797 209556.413948
0.143024671659 209785.071937
0.143121518054 209781.496501
0.145761305165 209802.516684
0.148852269692 209107.256119
0.150066293638 208392.824998
0.153664047248 207810.698453
0.153768097891 207793.926184
0.153872218989 206580.273447
0.15788150287 207158.597892
0.157988409282 206126.220531
0.15830956305 206292.494486
0.159600719717 206055.349894
0.159816933987 206184.404097
0.160250241653 204963.207184
0.166666847257 201073.656243
0.16689263415 201459.073413
0.170085957158 202097.81805
0.171125302872 201741.511081
0.175465318958 201407.914192
0.176657075369 199327.350604
0.180403205062 199945.049813
0.181874555222 198123.286196
0.181997708066 198317.941309
0.184353520861 197426.364014
0.186613466036 196521.59616
0.190570727554 195181.268311
0.197130998764 194461.748597
0.197264482214 195183.97651
0.198201400593 194965.842262
0.198469907973 195048.618562
0.200088608322 190996.168089
0.20336572256 190330.570629
0.20697652628 190609.436555
0.207256921497 190603.379297
0.210366453007 190157.470007
0.214246530991 189549.798188
0.214391603893 187600.813128
0.214682044464 187521.322352
0.222222703797 185216.725507
0.223127076415 185525.54715
0.22739638902 184416.385176
0.230808078394 182331.150332
0.230964365628 182170.006629
0.23300575605 182600.6832
0.238107917727 181198.616723
0.249324014021 180597.280973
0.249830831876 180991.951072
0.25 176207.212181
0.250169282673 175687.10553
0.250338679973 175608.990846
0.254438805708 174741.142842
0.25530141474 174475.792555
0.255474287164 175274.273162
0.26248602145 173987.399889
0.263732713075 174736.502146
0.26391129459 173273.729066
0.266965748549 172033.688335
0.272811537231 169952.135945
0.273921789603 169783.008582
0.274107270454 170684.905209
0.277092102931 169341.64871
0.285855781594 166519.22482
0.286049343318 166689.256926
0.288187192226 166681.684267
0.290341018789 166350.282529
0.290734349543 166600.626558
0.290931214694 167200.278626
0.300132587277 163679.632626
0.303811839995 162609.481507
0.311095555195 161221.14887
0.312150244297 161897.307765
0.317262739298 160753.657859
0.324429421129 160708.837073
0.327740302881 161178.957724
0.333333694514 151670.541547
0.334916881013 151895.602486
0.352120377574 150595.384874
0.362029631036 150018.071333
0.363256998962 150158.958847
0.364488527963 148678.217902
0.364735334332 148695.063563
0.370207556956 148338.379312
0.37474584176 148423.102597
0.374999593672 147886.941649
0.375253517407 145299.671102
0.377546582287 145054.825969
0.377802230666 145247.293758
0.381399537686 145659.847308
0.388697234944 144804.973262
0.390015012492 144426.425646
0.390279103628 144292.675841
0.399635822047 144051.530017
0.399906427728 144232.823489
0.400177216645 139173.427558
0.40071934468 140014.537396
0.400990684048 140595.433157
0.401262207148 140017.493076
0.401533914104 139196.012737
0.420732906013 137257.390702
0.421017797177 138152.071382
0.421873628644 139680.657888
0.422731199817 138854.296279
0.428783207787 136002.960372
0.438172337428 135025.053559
0.444445407594 133425.958023
0.44625415283 134981.618894
0.449589325504 133517.617563
0.45479277804 134427.272692
0.498985677928 132260.479226
0.5 112278.340942
0.500338565347 110725.456964
0.542309181107 111133.489315
0.544147740269 110510.927939
0.544516199406 109231.823387
0.544884908037 109603.844527
0.556439551569 107634.804674
0.557193371298 107843.677246
0.571324701697 108192.531738
0.572486072216 106362.84513
0.581075235209 106777.393134
0.600265174554 102060.712452
0.612579396819 102271.098067
0.613824628557 101936.696942
0.614240268053 101521.763534
0.630244869935 100667.251931
0.662169945985 99625.9866408
0.66261832158 99647.5883161
0.666667389029 89257.7701857
0.669833762027 88768.4008488
0.726022385883 88110.6471929
0.729470668665 88817.4719851
0.73045889709 88607.136222
0.749999187344 88968.4130898
0.750507034813 84058.107183
0.800354433289 81723.8391583
0.80415576017 81206.8968558
1 0.0
