0 0.0
0.0009765625 11865.0426763
0.000977223760442 10530.9736999
0.000977885468645 11016.6568288
0.000981865137805 10646.2525365
0.00103090349449 12012.2332911
0.00111134574981 13356.1001247
0.00116290835697 14869.4265737
0.00117001455102 14666.4075361
0.00117080680378 15006.7715501
0.00118837273413 15090.2330305
0.00119320901657 13997.0323207
0.00132251518256 17014.8679886
0.00145890490423 18400.2860757
0.00145989277352 18439.3015994
0.00146484216278 18913.6113174
0.00146781984692 18870.1432206
0.00157594148927 19324.3209553
0.00157700860762 19196.0644991
0.00162138825447 19581.9684983
0.00187412083187 21709.9587515
0.0018753898566 21469.8069123
0.00187920208892 20553.882706
0.00193601344561 21612.3256649
0.00244032508444 24046.2425265
0.00244197750346 23697.7949016
0.00253288975518 24582.8205821
0.00279788947365 25285.9837744
0.00279978401048 25235.1369562
0.00281308173681 25396.1718061
0.0028149865608 25278.1118938
0.0030927071324 25367.4525627
0.00313698370394 25267.3721927
0.00340243012726 26875.547855
0.00390889504177 27721.7836883
0.00391684091816 27266.1249493
0.00392746055122 27635.9131716
0.00397829834426 27923.3237916
0.00425979583072 28106.5389463
0.00485100707841 29060.8701085
0.00580410390668 30376.988988
0.00580803404358 30174.7670798
0.0059392323436 30245.5255285
0.0059472783398 29930.06706
0.0059513054245 30280.9774866
0.00595936777635 30228.1310776
0.0065784030809 31116.8510804
0.00667710063711 30941.223757
0.00671335663329 30678.6511695
0.00712540384925 30901.8721159
0.00752699152548 31846.9880573
0.00753208828247 31740.1675067
0.00807050686735 32105.3835851
0.00906701728146 32868.0855022
0.0090916004592 33024.3367606
0.00989434769061 33502.9962902
0.00990104745712 33166.5649821
0.0108631471653 34099.4223559
0.0108705029357 33769.2445623
0.011048543456 33907.9748675
0.0120485220735 34435.8984742
0.0127275766343 34947.0168237
0.0127361948671 34775.6123207
0.0127448189356 34732.0694111
0.0127534488437 34965.7351269
0.0128400699749 34944.53152
0.0138701288479 35168.037768
0.0143281881751 35422.0005106
0.0158165430918 35726.981498
0.0158272529586 35816.9382116
0.0158379700774 35478.1092398
0.0173417178197 36141.1314264
0.0185185787154 36156.8940184
0.0185311182135 36303.7425733
0.0202905688905 36492.2182591
0.0208333559071 36615.202633
0.0245248925354 36951.0827102
0.0245414990929 37047.1188108
0.0245581168952 37193.5741524
0.0251128628151 36842.3410169
0.0274414400058 37324.425539
0.0297634897159 37522.3216551
0.032479293531 37420.4302308
0.0326114734712 37546.3356231
0.0326335557009 37668.8600655
0.0340783666458 37664.2234215
0.0358531127207 37677.8627707
0.0358773899638 37787.6227074
0.035974663436 37827.6463286
0.0363664018368 37847.7258226
0.0415540473624 38038.1665358
0.0416949256237 38112.4961269
0.0417231585376 37889.6451426
0.0420919308198 37950.8273726
0.0448268772827 38007.2825471
0.050191739263 38135.3738379
0.0552930585624 38166.2845752
0.0553304991895 37998.9899586
0.0560846585938 38081.0642155
0.0573515609242 38109.8429438
0.0625 38249.2662868
0.0682028843076 38150.7372636
0.0682490665739 38318.5499383
0.0685268176135 38185.4058382
0.0726344044011 38201.3530125
0.075593922555 38093.2674988
0.0832770341927 38289.5087004
0.0833334236286 38351.6210984
0.0833898512475 38131.8609193
0.0879705268498 38152.8772057
0.0880897022724 38002.6093643
0.0999089555117 38169.7079141
0.100044304161 37966.3713449
0.10011204723 38149.5932728
0.10058753484 37935.98208
0.110361777246 38120.0381082
0.111111351899 37374.0513144
0.125 37619.2971394
0.137891130049 37383.2248477
0.138358614298 37636.9570311
0.139392666008 37494.7050234
0.13948705306 37511.2959836
0.142927890797 37212.8077426
0.143024671659 37247.0759574
0.143121518054 37277.4259976
0.145268808802 37327.8607864
0.153560067013 37078.4443382
0.166666847257 36366.2776448
0.167005642276 36638.3265984
0.168367723279 36277.828591
0.169281943367 36455.283006
0.17725598554 36278.5385802
0.200088608322 35519.7304028
0.222222703797 35042.3774007
0.222373177611 34893.3143355
0.222523753314 34993.1816063
0.223580641975 35092.0535142
0.230183986295 35286.5783533
0.234270954264 35113.2016029
0.25 33810.2625001
0.255647276645 33746.5643371
0.255820383262 33788.9005792
0.285855781594 33418.6313642
0.289360018408 33272.4186095
0.3324323789 32988.0181022
0.333108136771 33160.4866002
0.333333694514 31010.9037066
0.336507586943 31437.4995396
0.375253517407 30978.8047157
0.399635822047 30855.9075222
0.400177216645 30493.1356484
0.400448188921 30353.7147673
0.402895211096 30312.1711945
0.403441021253 30290.6457262
0.403714203551 30074.2764074
0.411438869538 30620.812781
0.5 24777.1774854
0.543043858142 24146.2164103
0.544147740269 24621.0651941
0.601078365726 23384.1719873
0.666667389029 22495.6046446
0.66711880998 20890.5195432
0.667570536602 21870.7445569
0.668022569102 21967.8503679
0.750507034813 21396.1526528
1 0.0
