0.00029397460514	0.00277901447127	0.00278089622727
0.00029397460514	0.00375840417784	0.00376094910866
0.00029397460514	0.00601203995487	0.00601611089165
0.00029397460514	0.0070153294047	0.00702007969956
0.00029397460514	0.00985424418876	0.00986091679996
0.00029397460514	0.0163278264415	0.016338882514
0.00029397460514	0.031060200169	0.0310812319839
0.00029397460514	0.0793693919091	0.0794231353605
0.00029397460514	0.0884481981114	0.0885080891011
0.000293974605141	0.099976606932	0.100044304161
0.000293974605141	0.100044304161	0.10011204723
0.000293974605141	0.129741410854	0.129829262745
0.000293974605141	0.149356914854	0.149458049005
0.000293974605141	0.222222703797	0.222373177611
0.000293974605141	0.308996855658	0.309206086913
0.000293974605141	0.310254370262	0.310464453018
0.000293974605141	0.333108136771	0.333333694514
0.000293974605141	0.582256426299	0.582650689996
0.000293974605141	0.833529224344	0.834093632565
0.000293974605141	0.385813775923	0.386075022273
0.000293974605141	0.402350139359	0.402622582987
0.000293974605141	0.434039557312	0.434333458818
0.000293974605141	0.00142957763768	0.00143054564858
0.000293974605141	0.00234002910204	0.00234161360757
0.000293974605141	0.00280167983017	0.00280357693358
0.000293974605141	0.00478253813428	0.00478577653765
0.000293974605141	0.00832012150431	0.00832575531395
0.000293974605141	0.00984757609273	0.00985424418876
0.000293974605141	0.0123206874227	0.0123290301383
0.000293974605141	0.0213761883857	0.021390662859
0.000293974605141	0.0349899869687	0.0350136797628
0.000293974605141	0.047610443396	0.0476426818886
0.000293974605141	0.0476426818886	0.0476749422108
0.000293974605141	0.166666847257	0.166779702495
0.000293974605141	0.252551311268	0.252722321513
0.000587949210281	0.0091286002543	0.00914096695065
0.000587949210281	0.0251980014881	0.025232137722
0.000587949210281	0.649298204496	0.65017782169
0.000587949210281	0.111111351899	0.111261876657
0.000587949210281	0.00123679346133	0.00123846897003
0.000587949210281	0.00189709522538	0.00189966525801
0.000587949210281	0.0674682037377	0.0675596042554
0.000881923815422	0.00139327457194	0.00139610677577
0.000881923815422	0.0019491628044	0.001953125
0.000881923815422	0.00328697582823	0.0032936574872
0.000881923815422	0.0349190047365	0.0349899869687
0.000881923815422	0.142831175424	0.143121518054
0.000881923815422	0.0133994752433	0.0134267132666
0.000881923815422	0.223278162607	0.22373203529
0.000881923815422	0.333333694514	0.334011284551
0.000881923815422	0.00135238961897	0.00135513871318
0.000881923815422	0.00154008592784	0.00154321656509
0.000881923815422	0.0653113057661	0.0654440684925
0.00117589842056	0.00152040551102	0.00152452774855
0.00117589842056	0.123988760303	0.124324927935
0.00117589842056	0.00599578373602	0.00601203995487
0.0014698730257	0.554934970229	0.556816333868
0.0014698730257	0.00220172738471	0.00220919177255
0.0014698730257	0.00292176262346	0.00293166810474
0.0014698730257	0.00426268026923	0.00427713178533
0.0014698730257	0.309206086913	0.310254370262
0.00176384763084	0.222373177611	0.223278162607
0.00176384763084	0.00128196991871	0.00128718711061
0.00176384763084	0.0885080891011	0.0888682876356
0.00235179684112	0.400177216645	0.402350139359
0.00235179684113	0.00276400619098	0.00277901447127
0.00235179684113	0.00986091679996	0.00991446060306
0.00264577144627	0.025232137722	0.0253863239619
0.00264577144627	0.00475349093653	0.00478253813428
0.00323372065655	0.00278089622727	0.00280167983017
0.00323372065655	0.0212176141596	0.0213761883857
0.00352769526169	0.0654440684925	0.0659778236475
0.00352769526169	0.00256741325771	0.00258835281867
0.00352769526169	0.0032936574872	0.00332052022211
0.00352769526169	0.186108873691	0.187626758703
0.00411564447197	0.0129097902851	0.0130327130088
0.00411564447197	0.386075022273	0.389751100059
0.00411564447197	0.00702007969956	0.00708692256055
0.00440961907711	0.00152452774855	0.00154008592784
0.00440961907711	0.25	0.252551311268
0.00529154289253	0.166779702495	0.168824214487
0.00587949210281	0.143121518054	0.145072276503
0.00881923815422	0.00293166810474	0.00299181021223
0.00881923815422	0.582650689996	0.594603557501
0.00881923815422	0.016338882514	0.0166740687606
0.00881923815422	0.0794231353605	0.0810524721657
0.00911321275936	0.00132430682018	0.00135238961897
0.00970116196964	0.0659778236475	0.0674682037377
0.00999513657478	0.0888682876356	0.0909372776112
0.0102891111799	0.00139610677577	0.00142957763768
0.0108770603902	0.65017782169	0.666667389029
0.0111710349953	0.00189966525801	0.0019491628044
0.0114650096005	0.389751100059	0.400177216645
0.0117589842056	0.0134267132666	0.0137952221557
0.0117589842056	0.00332052022211	0.00341165505117
0.0120529588108	0.00135513871318	0.00139327457194
0.0120529588108	0.0130327130088	0.0133994752433
0.0120529588108	0.00365553143921	0.00375840417784
0.0123469334159	0.00128718711061	0.00132430682018
0.0123469334159	0.0166740687606	0.0171549130641
0.012640908021	0.145072276503	0.149356914854
0.0129348826262	0.00234161360757	0.00241240442175
0.0141107810467	0.334011284551	0.345041966815
0.0144047556519	0.149458049005	0.154498427829
0.0144047556519	0.0009765625	0.00100949645691
0.0149927048622	0.00123846897003	0.00128196991871
0.0152866794673	0.0137952221557	0.0142894455579
0.0155806540725	0.0053223867496	0.00551679801201
0.0176384763084	0.00154321656509	0.00160718308413
0.0179324509136	0.00100949645691	0.00105205210564
0.0179324509136	0.00280357693358	0.00292176262346
0.0185204001239	0.124324927935	0.129741410854
0.018814374729	0.178218468013	0.186108873691
0.0191083493341	0.00991446060306	0.0103604218872
0.0194023239393	0.22373203529	0.23395401211
0.0194023239393	0.556816333868	0.582256426299
0.0199902731496	0.00160718308413	0.00168288959741
0.0199902731496	0.0123290301383	0.0129097902851
0.0220480953855	0.00666806727373	0.0070153294047
0.0235179684112	0.00708692256055	0.00748127563046
0.0235179684112	0.0187836989289	0.0198289212061
0.0235179684112	0.168824214487	0.178218468013
0.0241059176215	0.0238374711054	0.0251980014881
0.0243998922267	0.0103604218872	0.0109591616502
0.024987841437	0.00220919177255	0.00234002910204
0.0264577144627	0.00105205210564	0.0011181368598
0.0264577144627	0.00143054564858	0.00152040551102
0.0270456636729	0.00241240442175	0.00256741325771
0.0279275874884	0.187626758703	0.200088608322
0.0285155366986	0.00258835281867	0.00276400619098
0.0288095113038	0.23395401211	0.25
0.0293974605141	0.0198289212061	0.0212176141596
0.0299854097243	0.00341165505117	0.00365553143921
0.0305733589346	0.310464453018	0.333108136771
0.0323372065655	0.00914096695065	0.00984757609273
0.0326311811706	0.402622582987	0.434039557312
0.0329251557757	0.154498427829	0.166666847257
0.0338070795912	0.285855781594	0.308996855658
0.0361588764323	0.00551679801201	0.00599578373602
0.0373347748529	0.0525916132516	0.0573127527003
0.0379227240631	0.0810524721657	0.0884481981114
0.0382166986683	0.594603557501	0.649298204496
0.0393925970888	0.0171549130641	0.0187836989289
0.0399805462991	0.00832575531395	0.0091286002543
0.0408624701145	0.00299181021223	0.00328697582823
0.0411564447197	0.0909372776112	0.099976606932
0.0411564447197	0.0282519094427	0.031060200169
0.0414504193248	0.129829262745	0.142831175424
0.0426263177454	0.0476749422108	0.0525916132516
0.043802216166	0.0011181368598	0.00123679346133
0.0446841399814	0.00601611089165	0.00666806727373
0.0452720891917	0.10011204723	0.111111351899
0.0452720891917	0.5	0.554934970229
0.0455660637968	0.750507034813	0.833529224344
0.0455660637968	0.200088608322	0.222222703797
0.0458600384019	0.00427713178533	0.00475349093653
0.0461540130071	0.00478577653765	0.0053223867496
0.0461540130071	0.00748127563046	0.00832012150431
0.0464479876122	0.0253863239619	0.0282519094427
0.0470359368225	0.021390662859	0.0238374711054
0.0470359368225	0.111261876657	0.123988760303
0.0485058098482	0.345041966815	0.385813775923
0.0505636320842	0.0310812319839	0.0349190047365
0.0508576066893	0.0109591616502	0.0123206874227
0.0514455558996	0.666667389029	0.750507034813
0.0520335051099	0.00168288959741	0.00189709522538
0.0520335051099	0.001953125	0.00220172738471
0.0535033781356	0.252722321513	0.285855781594
0.054385301951	0.00376094910866	0.00426268026923
0.0567370987921	0.0573127527003	0.0653113057661
0.0579129972127	0.0142894455579	0.0163278264415
0.0587949210281	0.0350136797628	0.0400896880025
0.0611467178692	0.434333458818	0.5
0.0699659560235	0.0675596042554	0.0793693919091
0.0746695497057	0.0400896880025	0.047610443396
0.0787851941777	0.834093632565	1
