0 0.0
0.0009765625 213.080544578
0.00116212144887 645.58659133
0.00116290835697 667.254823358
0.00116764100785 662.138840941
0.00117398118306 591.745885195
0.00120538600701 642.521591317
0.00120620221088 925.754578269
0.0012127517696 1016.28846716
0.00132520354898 1236.7626581
0.00132699882858 1129.90180619
0.00132789738022 1421.19621484
0.00132969630922 1138.08632975
0.00135881286696 1167.64192353
0.00145102597667 2141.42237248
0.00145397557571 1862.74227311
0.00149793163852 2082.55792285
0.00155264671176 2255.79929256
0.00155369805651 1916.68662257
0.00167833915832 2670.96958479
0.0017837641939 2652.83468975
0.00202036003589 3877.89278837
0.00209415789455 4116.86083874
0.00209557591314 3762.27857392
0.00238157684018 4266.2685862
0.0023848032097 4393.70163227
0.00246856889502 4799.69366724
0.00270294898821 5072.41722872
0.00302438888944 5612.69136215
0.00307600473089 5338.76719056
0.0032318198587 6117.33002271
0.00358447255777 6384.24854045
0.00365305784163 6169.89969306
0.00365800671175 6326.70013202
0.00374570533169 6246.5391628
0.00382254711753 6591.84757765
0.00486745316456 6982.2555095
0.0048707490665 7268.94089284
0.00487734756715 7198.26964368
0.00522953518705 7492.91753413
0.0066275681364 8113.7235726
0.00663205586621 8195.0875711
0.00663654663479 8034.58047788
0.00768660634075 8666.96739745
0.00777556951 8515.77048009
0.00778083458678 8589.29318462
0.00798357147386 8605.55740256
0.00815838892521 8462.19796201
0.0082920095882 8620.35245287
0.00833703438029 8494.29993068
0.00851959166145 8734.06924269
0.00943645656396 8879.92826478
0.00944284627833 9105.23111024
0.00991446060306 8981.49466292
0.0115611577401 9309.22081046
0.0129272794348 9449.15554507
0.0137952221557 9647.74907202
0.0140211646485 9825.53278973
0.0156355801671 9910.13719162
0.0156673636727 10023.7243257
0.0157098422049 9964.666669
0.0163167778504 9832.92665503
0.0178901897567 9977.57358478
0.0205810577039 10177.3163477
0.0205949937698 10225.9531692
0.0217262943307 10128.118359
0.0239993746609 10419.5027442
0.0283668853333 10571.9832532
0.0283860934221 10609.9044926
0.0284437957618 10651.1289414
0.0284630559289 10560.43917
0.0286563763501 10607.1140079
0.0319342858954 10683.4173868
0.0333707185686 10728.8463721
0.0333933149064 10660.7751529
0.0387293288904 10883.3753367
0.0388080566273 10857.9617616
0.0405262360828 10804.168108
0.044313996385 10902.7758366
0.0511867444674 11112.6052203
0.0512214045832 11097.2236379
0.0514298586923 11122.3608879
0.0624577079689 11183.0824911
0.0625 11178.8619812
0.0751347957158 11200.1441816
0.0759529599988 11094.782817
0.0833898512475 11254.5296931
0.096388176588 11265.3163138
0.115952156953 11200.7034592
0.116897850932 11086.7793597
0.116977006055 11213.5275905
0.124830889111 11173.5813868
0.127219402854 11146.2908463
0.12739174951 11211.6334622
0.135027777059 11240.6134348
0.135119208511 11271.0644848
0.135210701874 11239.8093116
0.136313466583 11133.5222717
0.15118784511 11210.3278648
0.15129021904 11123.5044869
0.151905919998 11230.5177794
0.166666847257 10931.5611362
0.166779702495 10869.0760148
0.186739827742 10923.6650259
0.19860429804 10915.65439
0.201857101776 10956.671536
0.216726175395 10850.4344457
0.217166729409 10837.249987
0.22373203529 10870.7198687
0.25 10630.1108759
0.252893447554 10585.3288403
0.254266633966 10565.1488987
0.274850450658 10367.0047577
0.275595645827 10566.6476504
0.332657479067 10420.2805071
0.332882731656 10425.8225533
0.333108136771 10305.388819
0.333333694514 9716.1072439
0.398555229198 9830.06622624
0.399906427728 9982.60134513
0.400448188921 9794.7605156
0.402077880085 9552.39340841
0.402622582987 9814.83828704
0.499323556445 9575.41730703
0.5 8420.92162146
0.503736853375 8204.99914953
0.504077949059 8146.60026896
0.599047450122 8056.46127163
0.601078365726 7909.23275223
0.666667389029 7276.32615877
0.66711880998 7262.96455062
0.667570536602 7171.97879326
0.676211696033 7042.10403597
0.758679520599 6771.95308235
0.763832454453 6681.18940125
0.991910082425 7018.94305186
1 0.0
