0.00029397460514	0.00102603030778	0.00102672506439
0.00029397460514	0.00118917741779	0.00118998264632
0.00029397460514	0.00150504614625	0.00150606525919
0.00029397460514	0.0079136264793	0.00791898503868
0.00029397460514	0.0127966861169	0.0128053511458
0.00029397460514	0.0166627858768	0.0166740687606
0.00029397460514	0.0333030212558	0.0333255717537
0.00029397460514	0.0481614766799	0.048194088294
0.00029397460514	0.0833334236286	0.0833898512475
0.000293974605141	0.099976606932	0.100044304161
0.000293974605141	0.100044304161	0.10011204723
0.000293974605141	0.111186588805	0.111261876657
0.000293974605141	0.117691818447	0.11777151119
0.000293974605141	0.125934213344	0.126019487265
0.000293974605141	0.142831175424	0.142927890797
0.000293974605141	0.151597756942	0.151700408437
0.000293974605141	0.181751485713	0.181874555222
0.000293974605141	0.200088608322	0.20022409446
0.000293974605141	0.200902902521	0.201038940042
0.000293974605141	0.215409868468	0.215555729102
0.000293974605141	0.222222703797	0.222373177611
0.000293974605141	0.222674430978	0.22282521067
0.000293974605141	0.236661746766	0.236821997698
0.000293974605141	0.25	0.250169282673
0.000293974605141	0.333333694514	0.33355940499
0.000293974605141	0.418460705761	0.418744058349
0.000293974605141	0.601485374337	0.601892658545
0.000293974605141	0.999323327503	1
0.000293974605141	0.375253517407	0.375507613081
0.000293974605141	0.375507613081	0.375761880811
0.000293974605141	0.400177216645	0.400448188921
0.000293974605141	0.5	0.500338565347
0.000293974605141	0.750507034813	0.751015226162
0.000293974605141	0.000988533943239	0.000989203309913
0.000293974605141	0.00111285131201	0.00111360485779
0.000293974605141	0.00132072596881	0.0013216202729
0.000293974605141	0.00173259291414	0.00173376610598
0.000293974605141	0.00219726086334	0.00219874869612
0.000293974605141	0.00219874869612	0.00220023753634
0.000293974605141	0.00248029349716	0.00248197298001
0.000293974605141	0.00386678847595	0.00386940679711
0.000293974605141	0.0041996714652	0.00420251519165
0.000293974605141	0.00564906009085	0.00565288524283
0.000293974605141	0.00744591087208	0.00745095272687
0.000293974605141	0.00854847513578	0.00855426357067
0.000293974605141	0.010290528852	0.0102974968849
0.000293974605141	0.013563736166	0.0135729205881
0.000293974605141	0.0138795207378	0.0138889189873
0.000293974605141	0.0172130723646	0.0172247278642
0.000293974605141	0.0193908981414	0.0194040283136
0.000293974605141	0.0205810577039	0.0205949937698
0.000293974605141	0.0227189357141	0.0227343194028
0.000293974605141	0.0227343194028	0.0227497135082
0.000293974605141	0.0227497135082	0.0227651180375
0.000293974605141	0.0256975287607	0.0257149293462
0.000293974605141	0.0333255717537	0.0333481375212
0.000293974605141	0.0666511435073	0.0666962750423
0.000293974605141	0.0714155877122	0.0714639453986
0.000293974605141	0.0728313362495	0.0728806525827
0.000293974605141	0.0728806525827	0.0729300023095
0.000293974605141	0.111111351899	0.111186588805
0.000293974605141	0.166666847257	0.166779702495
0.000293974605141	0.285082843593	0.285275881937
0.000587949210281	0.0120322217833	0.0120485220735
0.000587949210281	0.12576383857	0.125934213344
0.000587949210281	0.134298549217	0.134480486133
0.000587949210281	0.151700408437	0.151905919998
0.000587949210281	0.500338565347	0.501016383954
0.000587949210281	0.14370397511	0.143898653744
0.000587949210281	0.222373177611	0.222674430978
0.000587949210281	0.285855781594	0.286243036108
0.000587949210281	0.37474584176	0.375253517407
0.000587949210281	0.666667389029	0.667570536602
0.000587949210281	0.00384590558892	0.00385111571372
0.000587949210281	0.00700109779778	0.00701058232423
0.000881923815422	0.00172907809967	0.00173259291414
0.000881923815422	0.0018117524524	0.00181543532464
0.000881923815422	0.00512440977968	0.00513482651543
0.000881923815422	0.00516620394376	0.00517670563734
0.000881923815422	0.166328739533	0.166666847257
0.000881923815422	0.248986706777	0.249492838964
0.000881923815422	0.285275881937	0.285855781594
0.000881923815422	0.321804813854	0.322458968352
0.000881923815422	0.428783207787	0.429654824531
0.000881923815422	0.600265174554	0.601485374337
0.000881923815422	0.751015226162	0.752541865812
0.000881923815422	0.0138889189873	0.0139171519361
0.000881923815422	0.0480637741822	0.0481614766799
0.000881923815422	0.0547715421785	0.0548828800117
0.000881923815422	0.0712707108983	0.0714155877122
0.000881923815422	0.0997737899737	0.099976606932
0.000881923815422	0.249492838964	0.25
0.000881923815422	0.155337339014	0.155653103772
0.000881923815422	0.00138200309549	0.00138481238703
0.000881923815422	0.00139705212252	0.00139989200524
0.000881923815422	0.00157380941834	0.00157700860762
0.00117589842056	0.00157700860762	0.00158128431171
0.00117589842056	0.00603242222301	0.00604877777888
0.00117589842056	0.101889558937	0.102165809556
0.00117589842056	0.299321045594	0.300132587277
0.00117589842056	0.0193384662403	0.0193908981414
0.00117589842056	0.0432764678069	0.0433938022143
0.0014698730257	0.00147479133706	0.00147979123605
0.0014698730257	0.0016191946992	0.00162468416048
0.0014698730257	0.00420251519165	0.00421676273361
0.0014698730257	0.155653103772	0.156180805404
0.0014698730257	0.199412551588	0.200088608322
0.0014698730257	0.20022409446	0.200902902521
0.0014698730257	0.250169282673	0.25101741699
0.0014698730257	0.0830518577629	0.0833334236286
0.00176384763084	0.801981368096	0.805245165975
0.00176384763084	0.00102672506439	0.00103090349449
0.00176384763084	0.00225146243926	0.00226062514382
0.00176384763084	0.00385111571372	0.00386678847595
0.00176384763084	0.0105372383989	0.0105801214604
0.00176384763084	0.181874555222	0.182614724273
0.00176384763084	0.00105991483457	0.00106422833601
0.00205782223598	0.0139171519361	0.0139832522056
0.00205782223598	0.229717024899	0.230808078394
0.00235179684112	0.00740569866068	0.00744591087208
0.00235179684112	0.0714639453986	0.0718519875552
0.00235179684112	0.142927890797	0.14370397511
0.00235179684112	0.601892658545	0.605160876162
0.00264577144627	0.00445140524802	0.00447860648817
0.00264577144627	0.00616034371137	0.00619798777641
0.00264577144627	0.125	0.12576383857
0.00264577144627	0.300132587277	0.301966610047
0.00264577144627	0.00513482651543	0.00516620394376
0.00264577144627	0.00736071944935	0.00740569866068
0.00352769526169	0.00565288524283	0.00569898959894
0.00352769526169	0.00893904197868	0.00901194789434
0.00352769526169	0.22282521067	0.224642550386
0.00352769526169	0.234747172741	0.236661746766
0.00352769526169	0.501016383954	0.505102622537
0.00352769526169	0.00354586066667	0.00357478034501
0.00382166986683	0.00138481238703	0.00139705212252
0.00382166986683	0.275969000731	0.278408166934
0.00411564447197	0.00111360485779	0.00112420823238
0.00411564447197	0.00126730242629	0.00127936925794
0.00440961907711	0.0280613176188	0.0283476902422
0.00470359368225	0.0227651180375	0.0230130139198
0.00470359368225	0.272996266296	0.275969000731
0.00529154289253	0.0009765625	0.000988533943239
0.00558551749767	0.156180805404	0.158202439322
0.00558551749767	0.548214540908	0.55531073373
0.00558551749767	0.0013038487043	0.00132072596881
0.00587949210281	0.0718519875552	0.0728313362495
0.00587949210281	0.00791898503868	0.00802692147749
0.00617346670795	0.149458049005	0.151597756942
0.00676141591823	0.0139832522056	0.0142026572586
0.00705539052337	0.0581332675717	0.0590853925348
0.00705539052337	0.286243036108	0.290931214694
0.00705539052337	0.132134410235	0.134298549217
0.00734936512852	0.0142026572586	0.0144450474181
0.00734936512852	0.230808078394	0.234747172741
0.00734936512852	0.00147979123605	0.00150504614625
0.00764333973366	0.375761880811	0.382433616737
0.00764333973366	0.00283218812327	0.0028824742545
0.00764333973366	0.0472252788332	0.0480637741822
0.00764333973366	0.605160876162	0.615905642367
0.00764333973366	0.10011204723	0.101889558937
0.0079373143388	0.00604877777888	0.00616034371137
0.0079373143388	0.0144450474181	0.0147114773059
0.00823128894394	0.211365599909	0.215409868468
0.00823128894394	0.00127936925794	0.0013038487043
0.00881923815422	0.00248197298001	0.00253288975518
0.00881923815422	0.00112420823238	0.00114727095637
0.0094071873645	0.0205949937698	0.0210459654099
0.0094071873645	0.0666962750423	0.0681567332916
0.00970116196964	0.0135729205881	0.0138795207378
0.00970116196964	0.151905919998	0.155337339014
0.00970116196964	0.0028824742545	0.00294758677264
0.00970116196964	0.224642550386	0.229717024899
0.00999513657478	0.00123846897003	0.00126730242629
0.00999513657478	0.0102974968849	0.0105372383989
0.00999513657478	0.00220023753634	0.00225146243926
0.0102891111799	0.00158128431171	0.0016191946992
0.0102891111799	0.418744058349	0.428783207787
0.0102891111799	0.278408166934	0.285082843593
0.0108770603902	0.00318620473389	0.00326701206961
0.0111710349953	0.102165809556	0.104827834814
0.0114650096005	0.0117187373022	0.0120322217833
0.0120529588108	0.00103090349449	0.00105991483457
0.0123469334159	0.290931214694	0.299321045594
0.012640908021	0.55531073373	0.571711563189
0.0132288572313	0.0113671597014	0.0117187373022
0.0132288572313	0.215555729102	0.222222703797
0.0138168064416	0.0166740687606	0.0172130723646
0.0144047556519	0.505102622537	0.522136891214
0.0144047556519	0.322458968352	0.333333694514
0.014698730257	0.0023977524553	0.00248029349716
0.0152866794673	0.182614724273	0.189157023432
0.0155806540725	0.00114727095637	0.00118917741779
0.0158746286776	0.000989203309913	0.00102603030778
0.0158746286776	0.00619798777641	0.00642873233654
0.0164625778879	0.25101741699	0.260715249472
0.0164625778879	0.143898653744	0.149458049005
0.0173445017033	0.00118998264632	0.00123846897003
0.0176384763084	0.00181543532464	0.00189068534521
0.0185204001239	0.0913073621363	0.0952853637771
0.018814374729	0.0333481375212	0.0348245857061
0.018814374729	0.0348245857061	0.0363664018368
0.018814374729	0.429654824531	0.448677268751
0.0191083493341	0.00150606525919	0.00157380941834
0.0191083493341	0.00173376610598	0.0018117524524
0.0191083493341	0.00855426357067	0.00893904197868
0.0191083493341	0.400448188921	0.418460705761
0.0194023239393	0.00106422833601	0.00111285131201
0.0194023239393	0.0013216202729	0.00138200309549
0.0194023239393	0.0681567332916	0.0712707108983
0.0196962985444	0.382433616737	0.400177216645
0.0199902731496	0.0793156848245	0.0830518577629
0.0199902731496	0.0952853637771	0.0997737899737
0.0199902731496	0.260715249472	0.272996266296
0.0205782223598	0.126019487265	0.132134410235
0.020872196965	0.0158809111705	0.0166627858768
0.0211661715701	0.00701058232423	0.00736071944935
0.0211661715701	0.571711563189	0.600265174554
0.0211661715701	0.522136891214	0.548214540908
0.0214601461753	0.714322979182	0.750507034813
0.0217541207804	0.201038940042	0.211365599909
0.0217541207804	0.158202439322	0.166328739533
0.0217541207804	0.236821997698	0.248986706777
0.0226360445958	0.00139989200524	0.00147479133706
0.022930019201	0.00189068534521	0.00199319265073
0.022930019201	0.189157023432	0.199412551588
0.022930019201	0.00901194789434	0.0095005487599
0.0235179684112	0.00421676273361	0.00445140524802
0.0235179684112	0.0172247278642	0.0181832009184
0.0243998922267	0.111261876657	0.117691818447
0.0246938668318	0.00569898959894	0.00603242222301
0.024987841437	0.0128053511458	0.013563736166
0.024987841437	0.0548828800117	0.0581332675717
0.0252818160421	0.104827834814	0.111111351899
0.0255757906472	0.00226062514382	0.0023977524553
0.0255757906472	0.0194040283136	0.0205810577039
0.0258697652524	0.11777151119	0.125
0.0261637398575	0.0120485220735	0.0127966861169
0.0261637398575	0.134480486133	0.142831175424
0.0261637398575	0.00745095272687	0.0079136264793
0.0267516890678	0.0181832009184	0.0193384662403
0.0270456636729	0.00162468416048	0.00172907809967
0.0273396382781	0.00802692147749	0.00854847513578
0.0276336128832	0.00447860648817	0.0047728360663
0.0276336128832	0.752541865812	0.801981368096
0.0276336128832	0.301966610047	0.321804813854
0.0293974605141	0.667570536602	0.714322979182
0.0308673335398	0.0047728360663	0.00512440977968
0.0311613081449	0.0105801214604	0.0113671597014
0.0317492573552	0.00357478034501	0.00384590558892
0.0332191303809	0.0210459654099	0.0227189357141
0.0332191303809	0.0147114773059	0.0158809111705
0.0338070795912	0.00294758677264	0.00318620473389
0.0343950288015	0.615905642367	0.666667389029
0.0346890034066	0.0095005487599	0.010290528852
0.035570927222	0.00326701206961	0.00354586066667
0.035570927222	0.00386940679711	0.0041996714652
0.0364528510374	0.0729300023095	0.0793156848245
0.0367468256426	0.0433938022143	0.0472252788332
0.0370408002477	0.00642873233654	0.00700109779778
0.0373347748529	0.166779702495	0.181751485713
0.037628749458	0.0363664018368	0.0396578424122
0.0379227240631	0.0257149293462	0.0280613176188
0.0379227240631	0.00517670563734	0.00564906009085
0.0379227240631	0.0396578424122	0.0432764678069
0.0393925970888	0.0833898512475	0.0913073621363
0.0423323431402	0.00199319265073	0.00219726086334
0.0470359368225	0.448677268751	0.5
0.0479178606379	0.0230130139198	0.0256975287607
0.0485058098482	0.00253288975518	0.00283218812327
0.0505636320842	0.33355940499	0.37474584176
0.052327479715	0.0590853925348	0.0666511435073
0.0555612003716	0.048194088294	0.0547715421785
0.0699659560235	0.0283476902422	0.0333030212558
0.0937778990399	0.805245165975	0.999323327503
