0.00029397460514	0.00164571437988	0.0016468287436
0.00029397460514	0.0430718954983	0.0431010608007
0.00029397460514	0.0548457422762	0.0548828800117
0.00029397460514	0.127478010373	0.127564329647
0.00029397460514	0.144876010091	0.144974110084
0.000293974605141	0.142831175424	0.142927890797
0.000293974605141	0.142927890797	0.143024671659
0.000293974605141	0.199953213864	0.200088608322
0.000293974605141	0.334690251971	0.334916881013
0.000293974605141	0.429945757	0.430236886468
0.000293974605141	0.500338565347	0.500677359946
0.000293974605141	0.5	0.500338565347
0.000293974605141	0.672104660332	0.672559763027
0.000293974605141	0.00164348791411	0.00164460077022
0.000293974605141	0.00164460077022	0.00164571437988
0.000293974605141	0.00303464229856	0.003036697148
0.000293974605141	0.00514526442598	0.00514874844245
0.000293974605141	0.00727157892394	0.00727650273322
0.000293974605141	0.00745599799565	0.00746104668074
0.000293974605141	0.0125055380201	0.0125140059038
0.000293974605141	0.0335065263128	0.0335292146102
0.000293974605141	0.0490829981858	0.0491162337904
0.000293974605141	0.0652229469424	0.0652671114017
0.000293974605141	0.0826592631002	0.0827152342243
0.000293974605141	0.111488046229	0.111563538207
0.000293974605141	0.127564329647	0.12765070737
0.000293974605141	0.12765070737	0.127737143582
0.000293974605141	0.144777976479	0.144876010091
0.000587949210281	0.0833334236286	0.0834463170752
0.000587949210281	0.111337215489	0.111488046229
0.000587949210281	0.333333694514	0.333785268301
0.000587949210281	0.00477606790009	0.00478253813428
0.000587949210281	0.166666847257	0.16689263415
0.000881923815422	0.000993229038929	0.000995248043045
0.000881923815422	0.00109788701867	0.00110011876817
0.000881923815422	0.00186652469611	0.00187031890761
0.000881923815422	0.00370284933034	0.00371037636363
0.000881923815422	0.0301283531299	0.0301895970792
0.000881923815422	0.250847560408	0.251357475278
0.000881923815422	0.0261537941101	0.0262069587034
0.000881923815422	0.0413296315501	0.0414136450987
0.000881923815422	0.111111351899	0.111337215489
0.000881923815422	0.00611050703851	0.00612292828112
0.000881923815422	0.0195755318157	0.0196153243285
0.00117589842056	0.0149220933615	0.0149625512609
0.00117589842056	0.333785268301	0.334690251971
0.00117589842056	0.666667389029	0.668474907687
0.0014698730257	0.00167040547672	0.00167606855491
0.0014698730257	0.00724700980958	0.00727157892394
0.0014698730257	0.16689263415	0.167458440507
0.0014698730257	0.25	0.250847560408
0.00205782223598	0.381657795019	0.38347049946
0.00205782223598	0.0136558607501	0.0137207200029
0.00235179684112	0.668474907687	0.672104660332
0.00235179684112	0.0125140059038	0.0125819557184
0.00264577144627	0.0222170719089	0.0223528339604
0.00264577144627	0.110436506593	0.111111351899
0.00293974605141	0.00128196991871	0.00129067702891
0.00293974605141	0.0487518765615	0.0490829981858
0.00293974605141	0.324649102248	0.326854111484
0.00293974605141	0.19860429804	0.199953213864
0.00323372065655	0.0827152342243	0.0833334236286
0.00352769526169	0.506815042476	0.510948574327
0.00382166986683	0.0185939431819	0.0187582867048
0.00411564447197	0.534293038503	0.539380398879
0.00440961907711	0.00227443916523	0.00229765037432
0.00470359368225	0.00126816055566	0.00128196991871
0.00470359368225	0.251357475278	0.254094578728
0.00499756828739	0.842035594355	0.851781137677
0.00529154289253	0.143024671659	0.144777976479
0.00529154289253	0.500677359946	0.506815042476
0.00529154289253	0.0101727911018	0.0102974968849
0.00617346670795	0.0016468287436	0.00167040547672
0.00705539052337	0.00612292828112	0.00622321152868
0.00705539052337	0.200088608322	0.20336572256
0.00705539052337	0.0157098422049	0.0159671429477
0.00734936512852	0.0009765625	0.000993229038929
0.0079373143388	0.0301895970792	0.030746425363
0.00852526354908	0.125	0.127478010373
0.00852526354908	0.326854111484	0.333333694514
0.00852526354908	0.00147479133706	0.00150402772291
0.00881923815422	0.430236886468	0.439063040093
0.0094071873645	0.00167606855491	0.00171276967721
0.0105830857851	0.00727650273322	0.00745599799565
0.0117589842056	0.162214710565	0.166666847257
0.012640908021	0.00106639166522	0.00109788701867
0.0129348826262	0.00514874844245	0.00530440353989
0.0129348826262	0.00116527227976	0.00120050036912
0.0132288572313	0.0132461668866	0.0136558607501
0.0141107810467	0.00254491985273	0.00262896552299
0.0141107810467	0.0223528339604	0.0230910335977
0.0149927048622	0.254094578728	0.263019594611
0.0170505270982	0.0414136450987	0.0430718954983
0.0185204001239	0.0187582867048	0.0195755318157
0.0185204001239	0.38347049946	0.400177216645
0.018814374729	0.0652671114017	0.0681567332916
0.0194023239393	0.510948574327	0.534293038503
0.0199902731496	0.00456121159078	0.00477606790009
0.0211661715701	0.0149625512609	0.0157098422049
0.0223420699907	0.0125819557184	0.0132461668866
0.0238119430164	0.00120050036912	0.00126816055566
0.024987841437	0.00110011876817	0.00116527227976
0.0255757906472	0.00129067702891	0.00136896823586
0.0261637398575	0.0102974968849	0.010936929411
0.0285155366986	0.00427134530888	0.00456121159078
0.0293974605141	0.00746104668074	0.00798357147386
0.0299854097243	0.000995248043045	0.00106639166522
0.0299854097243	0.003036697148	0.00325377030485
0.0308673335398	0.0681567332916	0.0731772526395
0.0311613081449	0.400177216645	0.429945757
0.0317492573552	0.00478253813428	0.00514526442598
0.0323372065655	0.00136896823586	0.00147479133706
0.0349829780117	0.0923016341212	0.100044304161
0.0364528510374	0.0137207200029	0.0149220933615
0.0370408002477	0.0548828800117	0.0597692344728
0.0373347748529	0.00171276967721	0.00186652469611
0.0373347748529	0.030746425363	0.0335065263128
0.037628749458	0.00187031890761	0.0020395972313
0.0379227240631	0.0597692344728	0.0652229469424
0.0385106732734	0.00150402772291	0.00164348791411
0.0429202923505	0.100044304161	0.110436506593
0.043802216166	0.0834463170752	0.0923016341212
0.0443901653762	0.00229765037432	0.00254491985273
0.0473299114276	0.0020395972313	0.00227443916523
0.0479178606379	0.0491162337904	0.0548457422762
0.0479178606379	0.672559763027	0.751015226162
0.0485058098482	0.127737143582	0.142831175424
0.0487997844533	0.0090916004592	0.0101727911018
0.0487997844533	0.144974110084	0.162214710565
0.0493877336636	0.111563538207	0.125
0.0496817082688	0.751015226162	0.842035594355
0.0529154289253	0.0731772526395	0.0826592631002
0.0535033781356	0.0431010608007	0.0487518765615
0.0540913273459	0.0230910335977	0.0261537941101
0.0540913273459	0.0196153243285	0.0222170719089
0.0561491495819	0.00325377030485	0.00370284933034
0.056443124187	0.00798357147386	0.0090916004592
0.056443124187	0.439063040093	0.5
0.0567370987921	0.334916881013	0.381657795019
0.0582069718178	0.010936929411	0.0125055380201
0.060558768659	0.0262069587034	0.0301283531299
0.0611467178692	0.00371037636363	0.00427134530888
0.0614406924744	0.00530440353989	0.00611050703851
0.0623226162898	0.00262896552299	0.00303464229856
0.0661442861566	0.0159671429477	0.0185939431819
0.0661442861566	0.00622321152868	0.00724700980958
0.0696719814183	0.851781137677	1
0.0740816004954	0.167458440507	0.19860429804
0.0896622545679	0.20336572256	0.25
0.0908381529884	0.0335292146102	0.0413296315501
0.0914261021987	0.263019594611	0.324649102248
0.092014051409	0.539380398879	0.666667389029
