0.00029397460514	0.00432663441134	0.0043295641083
0.00029397460514	0.0141450914332	0.0141546695087
0.00029397460514	0.130711060112	0.130799568582
0.000293974605141	0.100044304161	0.10011204723
0.000293974605141	0.18775380654	0.187880940406
0.000293974605141	0.199953213864	0.200088608322
0.000293974605141	0.333333694514	0.33355940499
0.000293974605141	0.399906427728	0.400177216645
0.000293974605141	0.45294942428	0.453256130237
0.000293974605141	0.600265174554	0.600671632528
0.000293974605141	0.605570649165	0.605980699638
0.000293974605141	0.801438689361	0.801981368096
0.000293974605141	0.605160876162	0.605570649165
0.000293974605141	0.666667389029	0.66711880998
0.000293974605141	0.453256130237	0.453563043875
0.000293974605141	0.5	0.500338565347
0.000293974605141	0.00108753190209	0.00108826830332
0.000293974605141	0.00112801956993	0.0011287833866
0.000293974605141	0.00132341069818	0.00132430682018
0.000293974605141	0.00168631052137	0.00168745237399
0.000293974605141	0.00193339423798	0.00193470339856
0.000293974605141	0.00193863620154	0.00193994891161
0.000293974605141	0.00215454890701	0.00215600781821
0.000293974605141	0.00221668146647	0.00221818244953
0.000293974605141	0.00308017185568	0.00308225753459
0.000293974605141	0.0030927071324	0.00309480129932
0.000293974605141	0.00399990011087	0.004002608566
0.000293974605141	0.00432370669683	0.00432663441134
0.000293974605141	0.00700583845598	0.00701058232423
0.000293974605141	0.00793508249733	0.00794045558524
0.000293974605141	0.0149726828636	0.0149828213267
0.000293974605141	0.0168899010639	0.0169013377343
0.000293974605141	0.0200312802066	0.0200448440012
0.000293974605141	0.0554429732525	0.0554805153915
0.000293974605141	0.0557440231147	0.0557817691037
0.000293974605141	0.0714155877122	0.0714639453986
0.000293974605141	0.0832770341927	0.0833334236286
0.000293974605141	0.124915415938	0.125
0.000293974605141	0.130622611532	0.130711060112
0.000293974605141	0.130799568582	0.130888136985
0.000587949210281	0.00399448869757	0.00399990011087
0.000587949210281	0.0168670509344	0.0168899010639
0.000587949210281	0.0200041801458	0.0200312802066
0.000587949210281	0.0211745711708	0.0212032567836
0.000587949210281	0.0232793617151	0.0233108987295
0.000587949210281	0.0714639453986	0.071560759027
0.000587949210281	0.212225787719	0.212513294215
0.000587949210281	0.29992949581	0.300335816264
0.000587949210281	0.00121439470855	0.00121603987322
0.000587949210281	0.00159526057441	0.00159742170565
0.000587949210281	0.00606517767915	0.006073394296
0.000587949210281	0.00847931867654	0.00849080577822
0.000881923815422	0.00104920741576	0.00105134021092
0.000881923815422	0.00105134021092	0.00105347734156
0.000881923815422	0.00159202435839	0.00159526057441
0.000881923815422	0.00193470339856	0.00193863620154
0.000881923815422	0.026654220704	0.0267084025484
0.000881923815422	0.0833334236286	0.0835028211378
0.000881923815422	0.0115768198705	0.0116003528584
0.000881923815422	0.166666847257	0.167005642276
0.000881923815422	0.211795257117	0.212225787719
0.000881923815422	0.222222703797	0.222674430978
0.000881923815422	0.299321045594	0.29992949581
0.000881923815422	0.750507034813	0.752032641428
0.00117589842056	0.00221818244953	0.00222419655226
0.00117589842056	0.0112447128071	0.0112752003164
0.00117589842056	0.273181120447	0.273921789603
0.0014698730257	0.00138668841992	0.00139138962873
0.0014698730257	0.00308225753459	0.0030927071324
0.0014698730257	0.400177216645	0.401533914104
0.00176384763084	0.0482593777841	0.0484557774277
0.00176384763084	0.0996388072995	0.100044304161
0.00205782223598	0.0554805153915	0.0557440231147
0.00205782223598	0.00232424289774	0.0023352820157
0.00235179684112	0.0131746299488	0.0132461668866
0.00235179684112	0.372217747381	0.374238852942
0.00264577144627	0.006073394296	0.00611050703851
0.00293974605141	0.0011287833866	0.0011364500574
0.00293974605141	0.00215600781821	0.00217065137372
0.00293974605141	0.142927890797	0.143898653744
0.00293974605141	0.0333255717537	0.0335519182705
0.00323372065655	0.222674430978	0.224338634375
0.00323372065655	0.600671632528	0.605160876162
0.00352769526169	0.00121603987322	0.00122595777053
0.00382166986683	0.187880940406	0.189541535758
0.00382166986683	0.500338565347	0.504760833484
0.00382166986683	0.448981081901	0.45294942428
0.00382166986683	0.00157807644855	0.00159202435839
0.00382166986683	0.0835028211378	0.0842408651161
0.00440961907711	0.0329889118238	0.0333255717537
0.00499756828739	0.111111351899	0.112397331376
0.00529154289253	0.25	0.253064689469
0.00558551749767	0.0104096292741	0.0105443734865
0.00587949210281	0.167005642276	0.169281943367
0.00646744131309	0.0123624575302	0.0125479348158
0.00705539052337	0.00309480129932	0.00314548892959
0.00705539052337	0.0423491423417	0.0430427499312
0.00764333973366	0.028099332844	0.02859824276
0.00823128894394	0.130888136985	0.133392550085
0.00911321275936	0.00217065137372	0.00221668146647
0.00911321275936	0.00748634143181	0.00764509423506
0.00911321275936	0.163205957385	0.166666847257
0.00999513657478	0.0164832945672	0.0168670509344
0.0102891111799	0.00264682139636	0.00271027742636
0.0102891111799	0.00139138962873	0.00142474739974
0.0108770603902	0.00122595777053	0.00125705005412
0.0111710349953	0.0132461668866	0.0135913080936
0.0114650096005	0.752032641428	0.772150044545
0.0114650096005	0.0112752003164	0.0115768198705
0.0114650096005	0.071560759027	0.07347505976
0.0129348826262	0.0194171673768	0.0200041801458
0.0132288572313	0.0233108987295	0.0240318870911
0.0135228318365	0.0023352820157	0.00240914071091
0.0138168064416	0.00105347734156	0.00108753190209
0.0141107810467	0.00142474739974	0.00147179951025
0.0152866794673	0.0212032567836	0.0219628781645
0.0155806540725	0.00108826830332	0.00112801956993
0.0161686032827	0.00764509423506	0.00793508249733
0.0161686032827	0.772150044545	0.801438689361
0.0164625778879	0.0043295641083	0.0044968329295
0.0170505270982	0.287797307488	0.299321045594
0.0173445017033	0.00329811947052	0.00343250268089
0.0173445017033	0.0135913080936	0.0141450914332
0.0179324509136	0.119862570614	0.124915415938
0.0191083493341	0.125	0.130622611532
0.0191083493341	0.00222419655226	0.00232424289774
0.0191083493341	0.00899366585901	0.00939820897401
0.0191083493341	0.0362926273486	0.0379251021092
0.0194023239393	0.212513294215	0.222222703797
0.0199902731496	0.00132430682018	0.00138668841992
0.0205782223598	0.00314548892959	0.00329811947052
0.0211661715701	0.0125479348158	0.0131746299488
0.0214601461753	0.273921789603	0.287797307488
0.0220480953855	0.0267084025484	0.028099332844
0.0223420699907	0.00125705005412	0.00132341069818
0.0223420699907	0.0066545401381	0.00700583845598
0.0232239938061	0.189541535758	0.199953213864
0.0235179684112	0.00159742170565	0.00168631052137
0.0238119430164	0.0200448440012	0.0211745711708
0.0238119430164	0.42502658843	0.448981081901
0.0243998922267	0.0141546695087	0.0149726828636
0.0246938668318	0.401533914104	0.42502658843
0.0246938668318	0.200088608322	0.211795257117
0.024987841437	0.00849080577822	0.00899366585901
0.0252818160421	0.0219628781645	0.0232793617151
0.0252818160421	0.143898653744	0.152524126653
0.0270456636729	0.00168745237399	0.00179587947927
0.0276336128832	0.0116003528584	0.0123624575302
0.0279275874884	0.0105443734865	0.0112447128071
0.0279275874884	0.112397331376	0.119862570614
0.0285155366986	0.00701058232423	0.00748634143181
0.0285155366986	0.00794045558524	0.00847931867654
0.0288095113038	0.374238852942	0.399906427728
0.0288095113038	0.0011364500574	0.00121439470855
0.0291034859089	0.0181586011003	0.0194171673768
0.0291034859089	0.00484772453534	0.00518371862345
0.0293974605141	0.152524126653	0.163205957385
0.0296914351192	0.0666962750423	0.0714155877122
0.0299854097243	0.133392550085	0.142927890797
0.0302793843295	0.00147179951025	0.00157807644855
0.0311613081449	0.0169013377343	0.0181586011003
0.0311613081449	0.0009765625	0.00104920741576
0.0320432319603	0.00179587947927	0.00193339423798
0.0326311811706	0.0044968329295	0.00484772453534
0.0332191303809	0.253064689469	0.273181120447
0.0332191303809	0.0923016341212	0.0996388072995
0.033513104986	0.004002608566	0.00432370669683
0.0341010541963	0.0335519182705	0.0362926273486
0.0352769526169	0.921983284479	1
0.0370408002477	0.00611050703851	0.0066545401381
0.039686571694	0.0842408651161	0.0923016341212
0.0408624701145	0.00240914071091	0.00264682139636
0.0414504193248	0.0149828213267	0.0164832945672
0.0414504193248	0.605980699638	0.666667389029
0.0423323431402	0.453563043875	0.5
0.0443901653762	0.00939820897401	0.0104096292741
0.0449781145865	0.0240318870911	0.026654220704
0.0449781145865	0.169281943367	0.18775380654
0.0452720891917	0.10011204723	0.111111351899
0.0452720891917	0.300335816264	0.333333694514
0.0455660637968	0.00193994891161	0.00215454890701
0.0470359368225	0.224338634375	0.25
0.0476238860328	0.33355940499	0.372217747381
0.0479178606379	0.0379251021092	0.0423491423417
0.0496817082688	0.0430427499312	0.0482593777841
0.0511515812945	0.66711880998	0.750507034813
0.054385301951	0.07347505976	0.0832770341927
0.0555612003716	0.00271027742636	0.00308017185568
0.058500946423	0.0484557774277	0.0554429732525
0.060558768659	0.801981368096	0.921983284479
0.0620286416847	0.02859824276	0.0329889118238
0.0658503115515	0.00343250268089	0.00399448869757
0.0682021083926	0.00518371862345	0.00606517767915
0.075257498916	0.504760833484	0.600265174554
0.0776092957571	0.0557817691037	0.0666962750423
