0 21.5665108143
0.0009765625 12475.2912013
0.00100813072216 12601.2418874
0.00101635293362 13632.3965868
0.00101704113739 13369.4003972
0.00109417749259 15153.5395665
0.00110086369236 14035.148685
0.00110160912095 13326.9018316
0.00110310149274 14897.0543405
0.00122761859991 15582.0263934
0.00122844985814 16076.2321759
0.00125280275008 16464.5866208
0.001381067932 17132.7252972
0.00156955392594 19384.4450511
0.00157061671908 18647.0006821
0.00157274446479 19171.9830092
0.00164348791411 18936.1613336
0.00171392944613 19895.9932117
0.00187031890761 21043.2160111
0.00202583778764 21399.1529949
0.00203545961432 21104.1573666
0.00203821709195 21213.0939117
0.00223324829371 21914.8954214
0.00226368765767 22154.5615623
0.00226982513753 22436.8697041
0.00258835281867 23030.4691976
0.00276400619098 23516.6967374
0.00276587778441 23359.1027141
0.00288442606629 23870.6236566
0.00313061988032 24204.8188101
0.00328920154045 25225.7808827
0.0032936574872 25015.4776413
0.00354346128027 25112.5714616
0.0040161783762 25849.7650505
0.00401889785384 25997.9467502
0.00402434233471 25967.2974858
0.00403525343368 25851.1694189
0.00435602081275 26515.1209095
0.00436192200079 26837.2503475
0.00436487559206 26381.6035808
0.0043915480747 26956.3151391
0.00452125028763 27212.7667857
0.00506920970515 27495.0649362
0.00508295372694 27439.3151928
0.00555426797722 28014.3528997
0.00602018458499 28443.5970652
0.00602426103675 28744.331076
0.00682793037504 28894.8749051
0.00686036000146 28807.3756648
0.00748127563046 29443.6289494
0.00818050856156 29672.0606301
0.00892694846402 30209.4336136
0.00893299317482 30688.4113778
0.0092155197458 30634.5555776
0.0101384194103 31053.1644683
0.0101934700251 30963.590166
0.0102280283516 31161.7023102
0.0105872855854 31330.3609182
0.0106088070798 31471.5545033
0.0106808618535 31384.5626659
0.0109963158562 31379.4700311
0.0120566804976 31763.3725062
0.012064844446 31579.3814729
0.012573441855 31963.0404597
0.0138607433131 32177.1328852
0.0138701288479 32327.0086496
0.0152901884701 32585.8012182
0.0166289830138 33138.0024935
0.017987331718 33739.2670816
0.0183190968298 33471.9416187
0.0183315012526 33426.2697805
0.020469908127 34139.2092955
0.0204837689301 33859.3086901
0.0212463580835 34216.5657381
0.0212751409475 34218.8023835
0.0215943376269 34347.8232522
0.0246247007048 34431.841886
0.0262780129767 34554.8820023
0.032303886621 34909.5959418
0.0323257605742 34861.0472873
0.0361944941198 34917.5164287
0.0362190025227 34951.0779772
0.0363417936928 35163.0215709
0.0408844293043 35105.1373903
0.0418646101267 35398.8249909
0.0442240990557 35332.2208457
0.0477072243774 35556.172733
0.0479338124325 35370.5725074
0.0536341937571 35366.7362403
0.0558573377759 35224.3906921
0.0560087823822 35392.9671115
0.0639118191612 35369.2492059
0.0651788123681 35490.4195861
0.070837841494 35701.5190113
0.0710299023663 35468.6294122
0.0711742896723 35411.3412238
0.0830518577629 35577.7727108
0.0833334236286 35302.807313
0.0833898512475 35159.7257071
0.0836159440706 35268.2598632
0.0853890752641 35057.1119865
0.0949634148547 35179.5057586
0.105183226503 35102.9941381
0.105254449294 35136.889956
0.107123265496 35015.7939339
0.111111351899 34751.1502517
0.125 34614.4910435
0.133302287015 34755.864907
0.133392550085 34613.8849015
0.142927890797 34418.9068839
0.143218430027 34327.2045193
0.143315407621 34212.4738983
0.145564106575 34538.0961036
0.166666847257 33736.5027305
0.166779702495 33614.4581268
0.170316375987 33447.8057131
0.170893789656 33630.9897324
0.196066377721 33247.5416299
0.200088608322 32740.6561357
0.200902902521 33463.8146184
0.201038940042 32867.5111475
0.201311291494 33027.4697261
0.219680171577 32880.5197434
0.222222703797 32622.8703698
0.222674430978 32660.1309012
0.223429351104 32653.9282182
0.25 31563.5949087
0.272442454019 31239.5305499
0.272626933166 31208.5768934
0.3279622259 30918.1060756
0.333333694514 29491.6799978
0.33355940499 29320.7340202
0.334916881013 29374.4379721
0.394261997527 28852.3852895
0.400990684048 28329.8068249
0.401262207148 29100.8423722
0.401533914104 28523.2301987
0.461928731256 28642.4792981
0.499661663751 28443.368166
0.5 23011.4512172
0.531047959193 22552.4692336
0.531407548066 22101.1241617
0.533209148058 23016.7332502
0.533570200338 22544.4461508
0.623878041624 21874.2725631
0.634525478596 21882.259056
0.664864757799 21579.9733238
0.666667389029 20006.52052
0.669833762027 20564.195429
0.995946827107 19994.68157
1 0.0
