0 0.0
0.0009765625 43.1088755776
0.000994574586066 65.5180529199
0.000997271151327 51.0291909962
0.00105062879791 455.152162868
0.00112954772048 478.476281285
0.00113031257191 465.653045228
0.00123930757538 559.532260908
0.00141226502271 1686.30998086
0.0014189726522 1421.80107743
0.00154008592784 1655.4074846
0.00162578428399 2184.80114328
0.00163461213188 2449.77912672
0.00169088257302 2796.89935392
0.00176693997985 3182.43159192
0.00188812746138 3145.57627628
0.00189068534521 3231.58358831
0.00192686171119 2744.38789071
0.00214291310078 3940.83853052
0.00215746771728 4000.03461315
0.00215892860489 4083.98775057
0.00229765037432 4335.00745001
0.00242058305565 4717.90659851
0.00242550353921 4690.00715622
0.00299181021223 5166.00827961
0.00396217361326 6571.17176649
0.00397022779262 6606.09234321
0.00399178573693 6215.38332101
0.00450597394717 6966.67121552
0.00451819088191 7047.93967217
0.00452125028763 6724.46977571
0.0045458002296 7116.21814056
0.00503842138049 7105.70000136
0.00589916534824 7754.18701006
0.00591115698224 7359.69522098
0.0065428759117 7941.9258473
0.00655173967585 7949.27579719
0.00740569866068 8045.13261048
0.00748127563046 8137.86418838
0.0081749730364 8474.19569473
0.00818050856156 8135.92926592
0.0100973266436 9070.47686053
0.0101041638534 8882.53317347
0.0112675706984 9147.69190414
0.0112752003164 9222.47656224
0.0118623944654 9135.13960314
0.0118704268568 9313.2833742
0.0127793736452 9505.53105155
0.0127880269513 9323.36049617
0.0128574646731 9211.83008241
0.0142508076985 9516.75094438
0.0164832945672 9922.88447992
0.0164944559119 9894.62586142
0.0166740687606 10016.7885981
0.0191042716004 10106.7639626
0.0191950083767 10250.8287603
0.022580950109 10441.0381606
0.0232007057168 10396.0746998
0.0239993746609 10655.1645345
0.027237872137 10743.1850848
0.0272747718242 10597.7040113
0.0272932404094 10811.2159883
0.0312711603342 10794.5673428
0.0316116809442 10785.0345474
0.0365638678026 11021.7993244
0.0366134016016 11077.7003561
0.0423491423417 11065.8837685
0.042781325718 11154.5976462
0.0432764678069 11118.2752203
0.0476749422108 11244.0131449
0.0551435492332 11340.1278124
0.0551808886229 11224.584367
0.0560846585938 11336.9352907
0.0653113057661 11362.7459552
0.0653555300558 11370.71901
0.0655771010946 11277.7038514
0.0656215053625 11368.6042916
0.0681106135047 11379.7558766
0.0681567332916 11312.0767943
0.0823242308157 11457.5739919
0.0823799750791 11474.9763248
0.0830518577629 11488.0058505
0.0833334236286 11492.2658728
0.0835028211378 11499.8789523
0.0846409716836 11567.3338614
0.100655645747 11535.150311
0.111036165903 11464.3830439
0.111111351899 11614.1722332
0.125 11506.3602853
0.133392550085 11539.2502385
0.136221227009 11436.7926129
0.136313466583 11446.392128
0.166666847257 11411.2069146
0.166779702495 11325.4457022
0.1821209443 11350.5122509
0.200088608322 11282.6680503
0.214536775029 11247.0593747
0.247474462461 11168.908227
0.25 10965.886123
0.284889935874 10998.0120769
0.285082843593 10922.6341767
0.289360018408 11004.8755129
0.333333694514 10348.7450909
0.336507586943 10496.7580527
0.375507613081 10329.1399956
0.375761880811 10217.2239655
0.440253460759 10389.6875086
0.5 8527.0399858
0.545623074461 8694.57858721
0.545992532592 8423.16241369
0.548214540908 8621.11009903
0.570551763873 8641.13347632
0.572486072216 8190.74512838
0.665314958133 8206.05451914
0.665765463312 7979.5940452
0.666667389029 7623.0637022
0.667570536602 7420.2073996
0.669380503942 7587.25733508
0.750507034813 7164.09709508
0.755093164574 7221.44574929
0.755604461332 7372.8241485
0.756116104305 7473.47702868
0.756628093726 7360.28014722
0.767979989148 7464.81058386
0.997971355855 7110.48560132
1 0.0
