16	9474
21	8532
46	7382
50	9181
51	9875
75	5977
75	6548
78	9600
82	8755
95	8871
95	8934
100	8561
170	2024
180	7372
180	7837
180	8817
183	6985
201	6300
239	8607
242	9524
264	5539
264	9181
296	521
400	7253
400	7267
406	2129
420	6355
420	9274
448	460
451	4724
454	1591
454	9982
460	448
460	2958
460	7807
518	6014
521	296
521	7732
523	8752
543	8254
544	9286
553	8017
564	5477
621	9992
625	9846
650	9348
663	7171
663	8528
663	8668
700	6231
734	8871
755	7561
785	9926
800	8617
801	1570
835	3954
850	9813
872	6097
887	8698
899	7659
916	9914
1003	5236
1041	5836
1043	8185
1050	8239
1076	8870
1079	9375
1124	8798
1124	9300
1143	9915
1152	8334
1164	4200
1164	5895
1164	9472
1200	1846
1216	6194
1267	9531
1276	9050
1284	9524
1296	6408
1345	9939
1379	1697
1383	2180
1388	7647
1395	1568
1395	4589
1401	4992
1416	7440
1425	4042
1449	8003
1473	7481
1488	5181
1488	9241
1552	4113
1568	1395
1570	801
1572	3674
1591	454
1591	5024
1609	2744
1623	9648
1635	9083
1652	8958
1661	5875
1697	1379
1725	7732
1725	9375
1730	8934
1733	8120
1733	9500
1746	8958
1751	7723
1765	5172
1846	1200
1846	4934
1859	9531
1892	4505
1912	5977
1918	7095
1918	9348
1918	9472
1918	9922
1922	7401
1924	8163
1934	2417
1934	9915
1943	7972
1943	9842
1951	8870
1951	8934
1954	7578
1958	5137
1974	9300
2001	9191
2002	9880
2004	9080
2005	9211
2005	9922
2024	170
2024	5636
2039	6733
2039	8178
2046	8454
2046	9173
2049	7095
2107	5561
2123	8254
2129	406
2157	3192
2159	8885
2162	9982
2176	8775
2177	2392
2177	9904
2180	1383
2180	3962
2180	8890
2185	7368
2185	9158
2202	8037
2208	6689
2208	9928
2213	5870
2213	8804
2213	9045
2213	9083
2213	9922
2267	3222
2288	5016
2288	9173
2297	7370
2336	6248
2336	7759
2392	2177
2394	9055
2397	9366
2404	3902
2404	7565
2417	1934
2417	9926
2425	9999
2428	9375
2430	8998
2430	9190
2440	8934
2440	9680
2445	9648
2465	3130
2471	8885
2471	9173
2643	6405
2643	6847
2643	8723
2655	6022
2679	8557
2679	9939
2690	8754
2727	9880
2727	9922
2733	8370
2733	9793
2744	1609
2744	8298
2748	9670
2785	4617
2785	9362
2791	2971
2791	9368
2866	8998
2868	8229
2868	9071
2871	4446
2880	8885
2905	7637
2935	9793
2952	5896
2952	8520
2958	460
2958	9898
2971	2791
2998	6283
3038	8871
3075	5619
3075	7937
3093	4934
3106	4780
3106	7935
3130	2465
3136	6239
3189	9670
3189	9890
3190	6352
3192	2157
3192	7354
3222	2267
3238	7153
3253	8178
3257	8858
3258	4714
3261	4429
3276	6197
3276	7546
3289	6975
3289	7494
3301	9793
3402	6472
3478	4946
3505	4781
3519	3723
3519	8654
3528	6003
3548	6471
3548	7678
3548	8044
3554	9729
3563	8520
3563	8829
3563	9444
3569	4963
3579	8870
3582	6512
3601	7854
3617	9241
3617	9300
3618	6689
3618	6950
3622	5669
3622	8834
3625	7837
3674	1572
3674	9642
3682	8044
3714	8169
3715	7037
3723	3519
3732	8247
3732	8559
3734	5749
3738	9982
3811	5413
3811	8274
3826	5305
3826	6520
3826	9474
3834	6911
3834	8802
3834	9028
3834	9793
3836	7368
3836	9074
3843	9366
3893	5656
3902	2404
3902	9574
3927	6976
3934	9691
3948	8915
3954	835
3961	8809
3961	9831
3962	2180
3989	8654
4026	5305
4027	8870
4034	9875
4037	4187
4037	9670
4042	1425
4047	5279
4047	5411
4047	9524
4047	9680
4055	4553
4055	8607
4081	7880
4081	9928
4094	4391
4095	4241
4095	5254
4095	9793
4113	1552
4113	6495
4113	7171
4133	5656
4133	5789
4159	7370
4180	5320
4181	9886
4187	4037
4191	9842
4197	8752
4200	1164
4200	6610
4200	8435
4202	9826
4202	9873
4241	4095
4252	9091
4272	7099
4272	7659
4298	7153
4333	9227
4345	8803
4351	9904
4370	6709
4370	8809
4370	9831
4387	8775
4387	9749
4391	4094
4391	9091
4391	9366
4391	9368
4391	9979
4429	3261
4446	2871
4446	9642
4468	4782
4472	4641
4472	5254
4472	9300
4483	8804
4483	9691
4499	8185
4499	9873
4505	1892
4506	9472
4522	9749
4550	6859
4550	9648
4552	9691
4553	4055
4553	4975
4587	7212
4587	7327
4587	9220
4588	7763
4588	9603
4589	1395
4589	8185
4591	5547
4591	6408
4617	2785
4641	4472
4641	7935
4653	5404
4653	5966
4653	6311
4668	9133
4677	9286
4685	9603
4714	3258
4724	451
4755	7187
4755	9028
4768	6767
4768	7425
4768	9474
4776	6725
4776	9729
4776	9825
4779	9044
4780	3106
4780	8809
4780	9600
4780	9831
4781	3505
4781	6695
4782	4468
4782	8218
4782	8774
4785	4950
4785	7669
4803	7880
4826	9873
4851	4963
4861	6311
4861	8334
4861	9982
4868	9216
4879	9190
4880	5019
4882	9890
4913	9982
4918	5811
4918	9295
4918	9773
4929	5408
4934	1846
4934	3093
4934	8929
4942	9998
4946	3478
4950	4785
4950	9028
4954	6811
4963	3569
4963	4851
4964	8818
4971	9375
4975	4553
4975	7308
4975	9511
4989	7464
4992	1401
4994	9190
5016	2288
5016	9055
5019	4880
5024	1591
5050	7236
5051	9289
5067	9864
5075	5879
5075	9111
5092	9227
5137	1958
5137	5701
5137	8870
5170	6528
5172	1765
5172	8620
5177	9603
5181	1488
5196	6653
5196	7011
5196	9793
5204	8607
5210	9348
5210	9472
5219	7175
5236	1003
5236	7064
5254	4095
5254	4472
5262	9914
5279	4047
5279	7508
5305	3826
5305	4026
5320	4180
5320	9825
5321	8798
5322	8522
5322	8809
5330	7974
5404	4653
5404	8104
5408	4929
5411	4047
5413	3811
5417	8520
5417	9890
5422	7064
5422	9979
5440	6828
5440	7579
5452	6811
5452	8818
5477	564
5539	264
5539	9091
5547	4591
5547	8870
5561	2107
5571	9915
5575	7153
5619	3075
5619	7512
5619	8644
5636	2024
5638	9875
5641	5810
5655	5896
5655	9042
5656	3893
5656	4133
5656	7337
5669	3622
5701	5137
5702	8522
5712	8452
5712	8789
5748	6217
5749	3734
5760	9071
5789	4133
5807	7659
5810	5641
5810	7037
5811	4918
5811	8654
5829	7672
5829	8169
5836	1041
5853	6738
5870	2213
5870	9376
5875	1661
5875	8998
5875	9190
5879	5075
5894	6939
5894	8573
5894	8752
5895	1164
5895	6975
5896	2952
5896	5655
5896	6022
5957	7319
5966	4653
5971	6266
5971	8268
5977	75
5977	1912
5977	9773
5994	6911
5994	8668
5994	9274
6003	3528
6003	7064
6003	9886
6005	9074
6014	518
6014	9111
6014	9691
6022	2655
6022	5896
6022	7396
6050	8929
6050	9813
6051	7712
6051	8934
6056	9574
6093	9541
6097	872
6097	9914
6098	9500
6098	9642
6101	7813
6142	9042
6157	8818
6194	1216
6197	3276
6204	8535
6217	5748
6230	7871
6230	8238
6231	700
6231	9143
6239	3136
6239	8829
6239	9444
6248	2336
6248	7759
6261	9992
6266	5971
6283	2998
6300	201
6300	7340
6300	7813
6300	8798
6311	4653
6311	4861
6311	7187
6323	8253
6352	3190
6352	9791
6353	8336
6355	420
6402	7172
6402	9600
6402	9825
6405	2643
6405	7732
6405	9749
6405	9915
6408	1296
6408	4591
6471	3548
6471	9992
6472	3402
6472	9554
6495	4113
6495	8538
6512	3582
6512	8452
6512	8730
6515	7372
6520	3826
6520	9042
6528	5170
6528	8755
6528	9173
6528	9922
6548	75
6568	8800
6568	9875
6610	4200
6610	8435
6653	5196
6653	9793
6689	2208
6689	3618
6689	9928
6695	4781
6695	6704
6704	6695
6708	8789
6708	9642
6709	4370
6725	4776
6725	9999
6733	2039
6733	6811
6733	8185
6738	5853
6738	7458
6741	6847
6741	9133
6767	4768
6767	8698
6773	8829
6811	4954
6811	5452
6811	6733
6811	8178
6820	9143
6826	9393
6828	5440
6828	7373
6828	9574
6847	2643
6847	6741
6847	9541
6856	7921
6859	4550
6870	9944
6888	6898
6888	9827
6898	6888
6898	9594
6911	3834
6911	5994
6911	8802
6911	9793
6939	5894
6939	8535
6939	9158
6950	3618
6950	7581
6951	9999
6975	3289
6975	5895
6975	8801
6976	3927
6976	7475
6976	9300
6985	183
6985	9813
6993	8229
6993	8949
7011	5196
7011	9793
7037	3715
7037	5810
7039	8858
7039	9729
7041	9153
7064	5236
7064	5422
7064	6003
7064	7368
7074	8163
7074	9928
7095	1918
7095	2049
7095	9998
7099	4272
7099	8522
7114	9914
7120	9729
7153	3238
7153	4298
7153	5575
7157	9875
7171	663
7171	4113
7172	6402
7175	5219
7187	4755
7187	6311
7188	8559
7188	8755
7188	9922
7212	4587
7212	9979
7230	7354
7230	9574
7233	8723
7233	9603
7233	9915
7234	7425
7234	8538
7234	8998
7234	9793
7236	5050
7236	8885
7253	400
7265	8444
7265	8723
7267	400
7267	7390
7267	8573
7299	7363
7308	4975
7308	8298
7319	5957
7319	7678
7319	9729
7327	4587
7327	9500
7337	5656
7337	7632
7337	8145
7340	6300
7340	9133
7340	9873
7354	3192
7354	7230
7354	8145
7354	9133
7363	7299
7368	2185
7368	3836
7368	7064
7368	9158
7370	2297
7370	4159
7372	180
7372	6515
7372	7709
7372	8804
7373	6828
7373	7723
7382	46
7382	9554
7382	9773
7385	8185
7390	7267
7390	8931
7396	6022
7396	9042
7401	1922
7425	4768
7425	7234
7425	9474
7425	9793
7440	1416
7440	8454
7458	6738
7458	7512
7458	8454
7464	4989
7475	6976
7481	1473
7494	3289
7500	9511
7508	5279
7508	9083
7512	5619
7512	7458
7513	8607
7513	9915
7541	9541
7546	3276
7546	8654
7546	9886
7561	755
7561	8723
7565	2404
7565	8334
7565	8818
7565	9071
7578	1954
7579	5440
7581	6950
7632	7337
7632	9992
7637	2905
7637	8765
7637	9603
7647	1388
7647	9228
7658	9574
7659	899
7659	4272
7659	5807
7669	4785
7669	8186
7669	8636
7669	8858
7672	5829
7672	8896
7678	3548
7678	7319
7709	7372
7709	8620
7709	8931
7712	6051
7712	9362
7723	1751
7723	7373
7723	9915
7732	521
7732	1725
7732	6405
7732	8809
7743	8668
7743	9133
7759	2336
7759	6248
7763	4588
7763	9080
7763	9603
7764	9474
7807	460
7807	7974
7813	6101
7813	6300
7823	8169
7837	180
7837	3625
7854	3601
7871	6230
7880	4081
7880	4803
7880	8459
7880	9825
7921	6856
7935	3106
7935	4641
7937	3075
7972	1943
7974	5330
7974	7807
7974	8752
8003	1449
8003	8253
8003	8554
8017	553
8017	9044
8017	9080
8030	8298
8030	9241
8030	9300
8037	2202
8044	3548
8044	3682
8044	9216
8075	8636
8075	9846
8104	5404
8120	1733
8145	7337
8145	7354
8163	1924
8163	7074
8169	3714
8169	5829
8169	7823
8169	9886
8178	2039
8178	3253
8178	6811
8185	1043
8185	4499
8185	4589
8185	6733
8185	7385
8185	8620
8186	7669
8186	8730
8186	8789
8198	8801
8198	8916
8218	4782
8218	9289
8229	2868
8229	6993
8229	9368
8229	9904
8238	6230
8238	8538
8239	1050
8239	9880
8247	3732
8247	8535
8247	8809
8253	6323
8253	8003
8253	8452
8253	8730
8254	543
8254	2123
8268	5971
8268	8896
8274	3811
8298	2744
8298	7308
8298	8030
8298	9511
8298	9670
8334	1152
8334	4861
8334	7565
8334	9071
8335	8879
8336	6353
8336	9880
8370	2733
8370	9362
8435	4200
8435	6610
8435	9904
8444	7265
8452	5712
8452	6512
8452	8253
8452	8730
8454	2046
8454	7440
8454	7458
8459	7880
8492	9992
8520	2952
8520	3563
8520	5417
8520	9322
8520	9541
8522	5322
8522	5702
8522	7099
8522	9826
8528	663
8528	8668
8532	21
8532	8977
8535	6204
8535	6939
8535	8247
8538	6495
8538	7234
8538	8238
8538	9928
8554	8003
8554	9411
8557	2679
8557	8885
8559	3732
8559	7188
8559	9190
8559	9305
8561	100
8561	8652
8573	5894
8573	7267
8573	8871
8573	9909
8594	9898
8607	239
8607	4055
8607	5204
8607	7513
8617	800
8617	9286
8620	5172
8620	7709
8620	8185
8636	7669
8636	8075
8636	8858
8644	5619
8652	8561
8654	3519
8654	3989
8654	5811
8654	7546
8668	663
8668	5994
8668	7743
8668	8528
8698	887
8698	6767
8698	9780
8723	2643
8723	7233
8723	7265
8723	7561
8723	9915
8730	6512
8730	8186
8730	8253
8730	8452
8752	523
8752	4197
8752	5894
8752	7974
8752	8915
8752	9842
8754	2690
8755	82
8755	6528
8755	7188
8755	9173
8755	9922
8755	9999
8765	7637
8774	4782
8775	2176
8775	4387
8775	9928
8789	5712
8789	6708
8789	8186
8798	1124
8798	5321
8798	6300
8800	6568
8800	9309
8800	9791
8801	6975
8801	8198
8801	8916
8801	9368
8801	9411
8802	3834
8802	6911
8802	9028
8802	9648
8802	9793
8803	4345
8804	2213
8804	4483
8804	7372
8804	9083
8809	3961
8809	4370
8809	4780
8809	5322
8809	7732
8809	8247
8809	9831
8817	180
8818	4964
8818	5452
8818	6157
8818	7565
8829	3563
8829	6239
8829	6773
8829	9444
8834	3622
8834	8990
8837	9780
8858	3257
8858	7039
8858	7669
8858	8636
8870	1076
8870	1951
8870	3579
8870	4027
8870	5137
8870	5547
8870	8934
8871	95
8871	734
8871	3038
8871	8573
8879	8335
8885	2159
8885	2471
8885	2880
8885	7236
8885	8557
8885	9944
8890	2180
8890	9158
8890	9791
8896	7672
8896	8268
8896	9541
8915	3948
8915	8752
8916	8198
8916	8801
8916	9368
8929	4934
8929	6050
8929	9600
8929	9914
8931	7390
8931	7709
8934	95
8934	1730
8934	1951
8934	2440
8934	6051
8934	8870
8934	9083
8949	6993
8957	9963
8958	1652
8958	1746
8958	9286
8977	8532
8990	8834
8990	9080
8998	2430
8998	2866
8998	5875
8998	7234
8998	9190
8998	9826
9028	3834
9028	4755
9028	4950
9028	8802
9028	9083
9028	9793
9042	5655
9042	6142
9042	6520
9042	7396
9044	4779
9044	8017
9045	2213
9045	9541
9050	1276
9050	9083
9055	2394
9055	5016
9055	9890
9055	9979
9071	2868
9071	5760
9071	7565
9071	8334
9071	9227
9074	3836
9074	6005
9080	2004
9080	7763
9080	8017
9080	8990
9083	1635
9083	2213
9083	7508
9083	8804
9083	8934
9083	9028
9083	9050
9091	4252
9091	4391
9091	5539
9091	9831
9111	5075
9111	6014
9111	9831
9111	9904
9133	4668
9133	6741
9133	7340
9133	7354
9133	7743
9142	9648
9142	9729
9143	6231
9143	6820
9153	7041
9158	2185
9158	6939
9158	7368
9158	8890
9158	9791
9173	2046
9173	2288
9173	2471
9173	6528
9173	8755
9173	9670
9173	9922
9181	50
9181	264
9190	2430
9190	4879
9190	4994
9190	5875
9190	8559
9190	8998
9191	2001
9211	2005
9211	9890
9216	4868
9216	8044
9216	9474
9220	4587
9220	9309
9220	9999
9227	4333
9227	5092
9227	9071
9228	7647
9228	9939
9241	1488
9241	3617
9241	8030
9241	9300
9274	420
9274	5994
9286	544
9286	4677
9286	8617
9286	8958
9289	5051
9289	8218
9295	4918
9300	1124
9300	1974
9300	3617
9300	4472
9300	6976
9300	8030
9300	9241
9305	8559
9309	8800
9309	9220
9322	8520
9322	9780
9322	9831
9322	9909
9348	650
9348	1918
9348	5210
9348	9472
9362	2785
9362	7712
9362	8370
9362	9898
9366	2397
9366	3843
9366	4391
9366	9846
9366	9979
9368	2791
9368	4391
9368	8229
9368	8801
9368	8916
9375	1079
9375	1725
9375	2428
9375	4971
9375	9524
9376	5870
9393	6826
9393	9880
9411	8554
9411	8801
9444	3563
9444	6239
9444	8829
9444	9729
9472	1164
9472	1918
9472	4506
9472	5210
9472	9348
9474	16
9474	3826
9474	4768
9474	7425
9474	7764
9474	9216
9474	9890
9500	1733
9500	6098
9500	7327
9500	9554
9511	4975
9511	7500
9511	8298
9524	242
9524	1284
9524	4047
9524	9375
9531	1267
9531	1859
9541	6093
9541	6847
9541	7541
9541	8520
9541	8896
9541	9045
9554	6472
9554	7382
9554	9500
9554	9594
9574	3902
9574	6056
9574	6828
9574	7230
9574	7658
9594	6898
9594	9554
9594	9898
9600	78
9600	4780
9600	6402
9600	8929
9603	4588
9603	4685
9603	5177
9603	7233
9603	7637
9603	7763
9603	9982
9642	3674
9642	4446
9642	6098
9642	6708
9644	9928
9648	1623
9648	2445
9648	4550
9648	8802
9648	9142
9670	2748
9670	3189
9670	4037
9670	8298
9670	9173
9680	2440
9680	4047
9680	9820
9691	3934
9691	4483
9691	4552
9691	6014
9729	3554
9729	4776
9729	7039
9729	7120
9729	7319
9729	9142
9729	9444
9749	4387
9749	4522
9749	6405
9773	4918
9773	5977
9773	7382
9780	8698
9780	8837
9780	9322
9791	6352
9791	8800
9791	8890
9791	9158
9793	2733
9793	2935
9793	3301
9793	3834
9793	4095
9793	5196
9793	6653
9793	6911
9793	7011
9793	7234
9793	7425
9793	8802
9793	9028
9813	850
9813	6050
9813	6985
9813	9915
9820	9680
9825	4776
9825	5320
9825	6402
9825	7880
9826	4202
9826	8522
9826	8998
9826	9873
9827	6888
9831	3961
9831	4370
9831	4780
9831	8809
9831	9091
9831	9111
9831	9322
9842	1943
9842	4191
9842	8752
9846	625
9846	8075
9846	9366
9846	9999
9864	5067
9864	9922
9873	4202
9873	4499
9873	4826
9873	7340
9873	9826
9875	51
9875	4034
9875	5638
9875	6568
9875	7157
9880	2002
9880	2727
9880	8239
9880	8336
9880	9393
9886	4181
9886	6003
9886	7546
9886	8169
9890	3189
9890	4882
9890	5417
9890	9055
9890	9211
9890	9474
9898	2958
9898	8594
9898	9362
9898	9594
9904	2177
9904	4351
9904	8229
9904	8435
9904	9111
9909	8573
9909	9322
9914	916
9914	5262
9914	6097
9914	7114
9914	8929
9915	1143
9915	1934
9915	5571
9915	6405
9915	7233
9915	7513
9915	7723
9915	8723
9915	9813
9922	1918
9922	2005
9922	2213
9922	2727
9922	6528
9922	7188
9922	8755
9922	9173
9922	9864
9926	785
9926	2417
9928	2208
9928	4081
9928	6689
9928	7074
9928	8538
9928	8775
9928	9644
9939	1345
9939	2679
9939	9228
9944	6870
9944	8885
9963	8957
9979	4391
9979	5422
9979	7212
9979	9055
9979	9366
9982	454
9982	2162
9982	3738
9982	4861
9982	4913
9982	9603
9992	621
9992	6261
9992	6471
9992	7632
9992	8492
9998	4942
9998	7095
9999	2425
9999	6725
9999	6951
9999	8755
9999	9220
9999	9846
