5	9774
15	7557
15	9334
24	4178
29	5016
29	7855
36	4413
36	8760
38	9463
44	5683
45	8785
60	6194
60	8266
60	8484
64	9861
66	4568
66	7074
66	9888
69	4930
69	9856
87	7072
87	7604
87	8689
95	8320
100	9902
100	9943
101	8263
101	9435
103	7364
103	9171
103	9861
121	6611
125	1781
125	5145
126	7543
128	9791
132	9527
134	3391
134	7204
141	8513
141	9118
141	9562
146	8414
156	3726
156	9877
157	5967
157	9527
161	9311
164	178
164	9700
166	8848
166	9491
167	4491
171	1467
171	7320
174	267
174	4892
175	4903
175	9802
178	164
178	9245
180	1911
180	7372
187	5997
187	6007
187	9193
188	4387
188	6887
188	7505
188	9623
197	7175
197	9730
197	9823
198	2986
198	4682
198	7741
200	9033
200	9433
208	9943
214	9233
218	6746
221	8322
225	3195
225	8262
231	5767
234	3507
244	9253
252	5445
252	7508
255	8422
256	2117
256	6529
256	6742
262	5876
267	174
267	2870
267	5602
267	7320
275	9159
276	9510
291	3485
291	9479
300	2983
321	9336
322	8663
327	5971
330	1832
330	7037
330	7932
335	2943
345	9624
350	5652
365	4351
366	7685
367	1711
367	2498
367	3959
382	4257
382	7649
384	4294
384	5564
386	5555
386	9527
392	9820
397	8320
406	8984
443	5268
443	9120
445	9573
455	4749
455	7866
493	8745
495	9731
497	9994
499	1786
501	4122
501	4701
501	6529
510	8527
510	9046
515	8415
515	9772
515	9881
516	7944
523	813
523	7206
528	3528
528	8513
563	8932
565	4853
565	8061
572	7540
572	9322
578	9253
578	9805
580	9076
585	4436
585	5523
585	9538
586	3000
586	7303
588	4263
588	9273
588	9629
597	2189
597	8989
597	9417
601	5870
601	8474
606	9631
607	8010
607	9665
613	4002
617	7336
620	4746
620	4760
620	7157
625	9856
625	9907
632	9843
641	955
641	8718
644	4776
656	8682
656	9920
657	2426
660	8260
665	2073
665	9551
676	7601
676	8084
680	5825
680	8774
680	9831
685	3413
685	4554
692	7148
693	6675
693	8984
696	9603
699	2402
699	8839
699	9356
702	7586
702	8414
702	8760
706	3473
719	6588
721	9233
723	8104
726	6238
726	7739
729	5372
729	7683
735	8986
750	9249
753	4283
753	8741
753	9356
753	9843
758	9165
758	9550
773	4788
774	3717
774	5115
777	3033
777	7707
781	9611
794	5690
794	8315
799	4965
799	8306
799	9263
801	9690
801	9833
803	6974
803	9683
810	6113
812	6342
812	7876
812	9074
813	523
813	7180
813	9254
814	8127
822	9076
822	9631
830	5263
830	5503
830	9994
833	3213
833	9420
837	5115
847	5652
859	1336
859	6029
859	9834
861	2439
861	2870
863	6395
863	8970
863	9665
863	9747
866	8476
866	9901
875	9538
880	9334
881	6872
881	9623
887	4760
887	8749
887	9245
888	8377
899	7659
899	9551
901	6824
901	8098
910	5060
910	7022
917	9748
918	6780
918	8682
923	7706
923	9748
925	7802
925	9500
942	6996
955	641
955	1289
967	4191
972	9210
973	9444
987	6984
1000	6043
1013	1035
1013	3829
1034	4035
1035	1013
1035	7688
1035	7712
1035	9420
1045	7858
1046	5933
1046	7763
1046	9603
1048	5915
1048	8372
1048	9311
1051	6136
1051	7908
1064	3758
1064	8444
1077	9156
1078	9352
1078	9608
1079	6886
1079	9375
1079	9861
1092	9739
1092	9952
1114	9375
1118	6874
1118	9275
1141	9867
1141	9975
1152	6036
1152	7278
1162	5578
1162	7800
1171	5579
1172	9805
1177	7227
1177	7693
1177	9404
1184	5526
1193	2674
1193	5784
1193	9690
1194	4589
1195	1649
1195	3884
1195	9242
1212	6483
1215	6178
1215	8920
1221	9802
1230	2417
1241	8440
1241	8989
1241	9417
1249	9881
1250	8243
1250	9624
1252	7800
1259	9516
1262	9293
1262	9690
1264	2502
1264	8689
1272	7303
1289	955
1289	8718
1291	9772
1293	5246
1295	3940
1295	7814
1315	1925
1315	5967
1315	9527
1315	9760
1316	4078
1316	9502
1316	9823
1324	7850
1324	8704
1326	9304
1334	9734
1336	859
1336	8692
1336	9807
1337	8017
1337	9514
1337	9730
1337	9733
1341	5274
1356	8984
1363	9038
1363	9428
1382	7858
1393	8907
1401	3026
1410	9781
1415	4362
1415	9491
1416	7440
1416	7849
1416	8839
1416	9118
1416	9189
1420	1480
1420	6407
1420	9909
1420	9920
1425	4800
1427	5701
1427	8029
1447	9819
1454	4445
1459	2899
1459	9216
1461	9497
1467	171
1467	6697
1467	9174
1467	9711
1470	6823
1471	8377
1475	6396
1475	9860
1480	1420
1496	9993
1497	8332
1497	9159
1503	5598
1503	8414
1503	9909
1504	8612
1504	8947
1504	9127
1504	9405
1509	8650
1509	8715
1512	9902
1513	6396
1513	9861
1524	3959
1531	7309
1531	8414
1531	9253
1541	1891
1541	5144
1556	8243
1579	6029
1596	7453
1606	4930
1618	3745
1627	8006
1628	2201
1628	9568
1628	9981
1630	2291
1630	5007
1630	9562
1638	3869
1638	9985
1647	4929
1647	8155
1649	1195
1650	8422
1650	8585
1652	4513
1652	5997
1652	8958
1658	5739
1658	9156
1665	8555
1677	5564
1700	9557
1700	9869
1702	3147
1702	5276
1711	367
1711	9178
1715	6388
1715	9462
1715	9772
1719	9169
1721	2792
1721	4321
1721	5870
1722	3913
1735	4112
1735	4776
1735	8246
1737	5005
1737	5306
1737	9758
1737	9869
1743	3313
1746	8958
1746	9861
1753	7278
1758	4856
1770	5535
1770	7372
1774	5265
1779	7793
1779	7862
1781	125
1781	8513
1786	499
1786	2370
1786	3607
1795	9550
1804	4536
1804	8990
1809	8612
1809	9127
1809	9888
1812	4049
1812	4682
1812	7488
1813	4749
1813	6084
1813	9758
1824	3382
1832	330
1832	7284
1840	7378
1844	3461
1845	3471
1845	4382
1845	7442
1845	7967
1849	9046
1849	9311
1858	8601
1858	9336
1860	8701
1860	9514
1866	6554
1870	2899
1873	7222
1873	7848
1873	8481
1873	9629
1880	7522
1885	5975
1885	8359
1886	9976
1886	9984
1888	6815
1889	9089
1889	9174
1889	9538
1889	9635
1889	9971
1891	1541
1891	8332
1891	9680
1892	3326
1892	3889
1892	8808
1892	8827
1903	6611
1909	7614
1909	8332
1909	8986
1911	180
1911	6396
1912	4644
1912	7495
1912	9993
1913	8823
1913	9907
1925	1315
1925	4751
1925	9236
1936	7815
1950	9118
1950	9463
1959	6874
1959	8603
1960	8413
1960	9876
1964	9736
1964	9746
1972	5418
1972	7190
1979	2426
1984	8297
2010	6136
2010	9538
2015	5053
2015	8818
2020	3427
2020	8791
2020	9103
2021	5741
2024	5636
2026	3566
2026	9606
2026	9860
2030	4027
2031	7686
2031	8310
2053	2815
2053	8952
2053	9304
2053	9381
2053	9891
2063	5990
2066	5944
2068	8759
2068	9299
2071	7227
2071	9404
2073	665
2073	8935
2073	9293
2076	6245
2076	8243
2076	9776
2085	9272
2088	4554
2088	9564
2088	9823
2099	3746
2101	8007
2101	8093
2115	5872
2117	256
2120	3235
2120	9734
2123	4023
2123	5555
2123	8332
2131	6036
2131	6755
2136	7023
2136	9557
2138	8243
2138	8567
2151	8701
2156	3920
2156	5475
2156	5990
2156	9550
2159	3102
2160	7072
2160	8892
2169	3036
2169	9349
2172	5286
2172	9632
2177	9497
2177	9833
2182	9680
2189	597
2189	6951
2191	8302
2191	9834
2201	1628
2201	3616
2202	2570
2202	3769
2204	6588
2208	6680
2208	8672
2208	9928
2210	4930
2215	8571
2220	9510
2250	6884
2250	7023
2257	5876
2266	9791
2266	9943
2272	9165
2272	9772
2272	9952
2273	2548
2273	8526
2275	6047
2281	9968
2287	5459
2290	8825
2290	8839
2290	9527
2291	1630
2291	8242
2292	9700
2292	9790
2293	4225
2293	8952
2297	7444
2297	9745
2307	7264
2307	9198
2307	9510
2309	4333
2309	6381
2309	9342
2310	6292
2312	8718
2326	5521
2326	5978
2336	7441
2336	8125
2336	8742
2339	7854
2339	8158
2339	8892
2342	9049
2348	4382
2358	7313
2358	9736
2370	1786
2370	7535
2370	8715
2380	5459
2386	3285
2386	8864
2401	9968
2402	699
2402	4342
2402	7303
2406	8487
2410	7669
2410	9823
2415	4994
2417	1230
2417	7943
2417	8407
2417	9926
2421	9835
2426	657
2426	1979
2435	9242
2439	861
2439	8493
2439	9301
2440	7624
2440	9680
2441	9127
2442	3661
2442	4955
2442	9420
2445	8359
2448	3313
2448	8482
2448	9722
2448	9746
2449	9282
2452	7222
2472	7441
2472	8742
2474	7624
2474	8785
2477	8591
2498	367
2498	7850
2498	9704
2502	1264
2502	9216
2502	9902
2505	6918
2505	6987
2506	3081
2519	5332
2525	5944
2530	8937
2531	7326
2548	2273
2548	7309
2548	9384
2557	2575
2561	7670
2561	9731
2568	5923
2568	7926
2570	2202
2575	2557
2575	6198
2587	5261
2592	7016
2592	9711
2600	5418
2600	7490
2600	8937
2600	9736
2602	8303
2602	9843
2627	4036
2627	6714
2627	8505
2634	8601
2635	5123
2646	3638
2646	5801
2646	9301
2656	2686
2656	9399
2666	4123
2666	7313
2666	8618
2672	6002
2674	1193
2676	5192
2677	7686
2677	8162
2677	9996
2678	4087
2678	4947
2680	9273
2686	2656
2686	4114
2693	6996
2693	8306
2693	9242
2697	9222
2697	9342
2703	3507
2703	8758
2709	9049
2710	6619
2710	7353
2710	9831
2719	4445
2736	8990
2742	7617
2743	5610
2760	3793
2760	5467
2760	7818
2773	4893
2773	8259
2779	4225
2779	5263
2779	9555
2779	9994
2783	8643
2789	7866
2789	7946
2790	4306
2790	7345
2790	9222
2792	1721
2792	3018
2792	9164
2810	3726
2810	4574
2815	2053
2815	7693
2815	9816
2815	9985
2831	8527
2831	9562
2832	6388
2840	9510
2857	3158
2857	8903
2857	9453
2864	4032
2864	9171
2869	5075
2870	267
2870	861
2870	8989
2870	9417
2878	5130
2882	4138
2889	7827
2889	7857
2899	1459
2899	1870
2899	9202
2899	9216
2906	5961
2906	8712
2907	3887
2907	8277
2915	7211
2915	8882
2915	9861
2922	3029
2928	4366
2928	8889
2938	5711
2938	9263
2938	9349
2943	335
2943	7992
2943	8668
2943	8749
2944	9497
2945	6320
2945	7846
2955	5515
2955	6328
2955	9575
2973	9894
2977	7026
2977	8995
2977	9920
2978	7815
2978	8935
2983	300
2983	6194
2984	9802
2986	198
2986	4514
2986	9156
2992	6077
2992	7959
2992	8095
2997	6995
3000	586
3000	7482
3000	8814
3000	8947
3007	8045
3013	7935
3013	8444
3013	9198
3018	2792
3018	8162
3018	9301
3021	6742
3024	6205
3024	7670
3024	8332
3026	1401
3026	7975
3026	9608
3029	2922
3029	8882
3033	777
3033	7336
3033	8411
3036	2169
3036	8229
3048	3952
3052	8619
3052	8753
3058	8887
3078	5100
3078	8682
3080	4952
3080	5458
3081	2506
3082	9781
3085	3291
3085	9396
3086	3706
3086	4877
3086	7543
3090	5458
3090	6198
3090	8935
3090	9442
3090	9690
3102	2159
3103	4366
3111	9292
3111	9657
3119	7224
3119	7353
3120	8909
3121	4503
3121	6761
3121	9994
3123	5777
3123	8020
3123	9583
3123	9781
3123	9943
3127	7224
3127	8010
3127	8585
3131	8332
3132	9293
3136	9049
3136	9867
3136	9975
3145	7849
3147	1702
3147	9462
3147	9500
3147	9772
3152	7671
3154	6746
3154	8162
3154	9996
3158	2857
3158	4468
3158	4554
3158	8774
3163	4344
3168	8174
3168	9345
3171	5789
3171	8827
3173	5306
3173	7683
3190	4838
3190	8048
3190	9304
3190	9564
3194	9790
3194	9823
3195	225
3195	5220
3195	8584
3196	7798
3196	8944
3196	9516
3201	9420
3201	9860
3203	9979
3213	833
3213	8263
3214	6404
3214	9178
3214	9267
3219	4572
3221	9834
3228	5586
3233	6510
3233	9629
3235	2120
3235	7495
3235	9601
3237	8920
3239	8574
3239	9758
3243	9746
3243	9881
3246	9292
3246	9555
3264	5398
3264	9089
3265	7931
3265	8818
3274	7375
3284	7876
3284	8517
3284	9444
3284	9975
3285	2386
3285	5763
3285	8864
3285	9038
3291	3085
3291	9428
3293	6980
3295	5561
3297	6628
3297	7022
3297	8298
3300	5302
3300	6887
3300	9164
3307	5327
3307	8407
3307	9471
3313	1743
3313	2448
3313	7624
3313	9746
3314	4114
3314	7440
3314	8887
3314	8960
3316	6569
3316	9730
3324	8372
3326	1892
3326	9491
3330	6491
3330	8947
3330	9817
3359	3731
3359	8151
3366	4596
3366	8873
3379	5768
3379	7628
3379	8807
3382	1824
3382	3860
3382	8474
3382	9273
3384	5458
3391	134
3391	8377
3391	9076
3396	3520
3396	5545
3396	9724
3396	9902
3413	685
3413	9352
3413	9833
3415	9632
3415	9930
3417	5564
3420	6628
3420	8954
3427	2020
3427	5712
3427	6491
3427	9023
3435	6656
3435	8372
3435	9046
3444	8907
3461	1844
3461	8656
3464	9365
3464	9595
3471	1845
3471	8048
3473	706
3473	8277
3473	9159
3473	9313
3473	9827
3480	3529
3480	4768
3480	6902
3480	9928
3485	291
3489	7543
3489	8335
3489	8444
3501	8967
3507	234
3507	2703
3507	4819
3507	5289
3507	7902
3518	8493
3518	8745
3520	3396
3520	9579
3528	528
3528	5227
3528	6003
3528	9807
3529	3480
3529	5475
3529	6884
3529	7772
3535	7686
3535	8368
3535	9704
3545	9860
3547	4189
3547	6136
3547	6450
3547	8984
3547	9429
3555	8620
3557	8774
3565	8545
3566	2026
3566	6573
3566	8229
3573	7732
3590	7775
3591	5324
3591	5967
3591	8791
3593	9275
3593	9500
3596	8526
3598	8244
3603	4577
3603	5374
3603	6167
3603	7516
3607	1786
3615	8753
3615	9046
3616	2201
3616	7694
3621	8315
3621	9827
3634	4647
3636	8742
3638	2646
3639	7345
3639	8243
3644	8482
3650	6950
3650	9461
3652	8705
3652	9103
3661	2442
3661	7788
3661	7876
3661	9420
3661	9901
3674	5979
3677	5923
3677	7309
3678	8104
3681	6761
3681	7404
3688	5718
3688	7051
3688	8920
3688	9731
3699	6659
3699	8873
3706	3086
3717	774
3717	4604
3717	6870
3717	9349
3720	5990
3720	8689
3720	9188
3720	9336
3724	6741
3724	8520
3724	8559
3725	6511
3725	9760
3726	156
3726	2810
3726	9690
3731	3359
3731	5009
3731	7185
3732	6167
3732	6205
3732	6925
3732	8559
3745	1618
3745	5490
3746	2099
3746	6074
3746	8246
3746	8759
3746	9032
3747	9251
3747	9267
3758	1064
3758	6592
3758	9739
3760	4594
3760	9657
3769	2202
3769	9243
3793	2760
3793	7265
3793	7516
3793	8603
3800	9292
3800	9976
3807	5745
3807	5926
3807	8751
3807	9747
3809	8042
3823	5302
3824	5098
3824	9816
3829	1013
3833	8297
3841	5274
3841	9823
3843	9242
3851	7026
3851	9802
3851	9975
3854	7606
3854	9623
3860	3382
3860	8995
3860	9631
3860	9704
3861	6751
3861	9562
3861	9861
3869	1638
3869	6809
3869	7635
3874	7204
3874	7935
3874	9245
3884	1195
3884	8663
3887	2907
3887	7061
3889	1892
3889	6968
3889	9193
3892	4937
3897	9057
3898	9076
3898	9462
3907	8984
3907	9555
3907	9665
3907	9747
3909	6047
3909	7175
3913	1722
3913	5274
3913	8527
3917	4867
3920	2156
3920	9592
3925	7658
3925	8169
3925	9790
3926	5533
3926	6884
3926	8389
3936	7440
3938	8246
3940	1295
3940	8986
3940	9112
3950	9254
3950	9516
3952	3048
3952	9246
3953	9601
3958	5557
3959	367
3959	1524
3959	8368
3959	8444
3966	7488
3996	8306
3996	8614
3996	9831
4000	5372
4000	7818
4000	9298
4002	613
4002	8178
4014	8960
4015	9791
4015	9943
4023	2123
4027	2030
4027	9833
4032	2864
4032	5728
4032	9861
4035	1034
4036	2627
4036	8029
4036	8322
4036	9595
4036	9976
4049	1812
4049	9263
4058	9311
4058	9453
4058	9745
4063	8242
4063	8520
4078	1316
4085	9595
4085	9926
4087	2678
4087	9429
4087	9632
4105	5475
4105	5673
4105	9381
4112	1735
4112	9722
4114	2686
4114	3314
4114	8571
4114	9805
4115	9159
4122	501
4122	9165
4122	9781
4123	2666
4123	5664
4123	6320
4123	9996
4124	4231
4124	6049
4124	8952
4128	5250
4138	2882
4138	4647
4138	6038
4138	7036
4138	7788
4138	9342
4140	4593
4140	7986
4141	8780
4152	7736
4152	8444
4153	9324
4170	9581
4173	5300
4173	8303
4173	8987
4174	7876
4174	8084
4174	9384
4178	24
4178	8315
4178	9776
4178	9985
4183	6804
4183	9514
4183	9579
4189	3547
4189	4205
4191	967
4205	4189
4205	7207
4205	8656
4205	8984
4207	9253
4207	9365
4211	9193
4211	9263
4218	8793
4218	9538
4223	4448
4223	7227
4223	9169
4223	9404
4223	9791
4225	2293
4225	2779
4225	7931
4225	9555
4225	9994
4230	9527
4231	4124
4231	8920
4249	9079
4249	9952
4253	6600
4253	6726
4253	7778
4255	7227
4255	7775
4255	7987
4255	8704
4257	382
4257	6974
4257	6995
4263	588
4263	5739
4263	8246
4263	9444
4273	6984
4273	7796
4282	6924
4282	7211
4282	8260
4283	753
4283	5060
4283	5246
4283	8630
4285	7605
4294	384
4294	9745
4306	2790
4306	4930
4306	9901
4308	7320
4308	8808
4312	7555
4312	7763
4315	6839
4321	1721
4321	4776
4321	8578
4330	4543
4330	4772
4330	4853
4330	9730
4330	9823
4333	2309
4339	7326
4342	2402
4343	6804
4343	7932
4344	3163
4344	9592
4351	365
4351	7543
4351	9064
4351	9975
4353	5149
4353	9272
4356	4387
4356	8571
4356	8818
4362	1415
4362	7490
4362	7987
4362	9198
4362	9595
4366	2928
4366	3103
4366	5080
4382	1845
4382	2348
4382	4966
4382	5083
4382	6194
4387	188
4387	4356
4387	6546
4387	7992
4390	5364
4390	8760
4393	5205
4393	9981
4413	36
4413	7586
4413	8407
4413	8414
4425	7775
4436	585
4436	9245
4439	7775
4439	7858
4439	9581
4445	1454
4445	2719
4445	7977
4445	8663
4446	8155
4446	8375
4446	9817
4448	4223
4448	4999
4448	8704
4448	9202
4458	4867
4458	5890
4458	6073
4458	8461
4458	8718
4460	7482
4465	9624
4468	3158
4473	5018
4473	8335
4482	6271
4482	9399
4485	4891
4491	167
4503	3121
4503	7941
4503	8244
4513	1652
4513	8995
4513	9331
4513	9869
4514	2986
4514	5265
4514	9198
4514	9345
4517	7239
4517	8223
4517	9243
4517	9909
4518	4593
4518	9500
4518	9781
4536	1804
4536	5407
4536	7538
4536	8490
4536	8990
4543	4330
4543	6715
4543	6902
4543	8808
4543	9491
4554	685
4554	2088
4554	3158
4554	8932
4561	8281
4561	9322
4561	9404
4561	9877
4561	9909
4568	66
4568	7074
4568	8302
4568	9807
4571	7222
4572	3219
4572	5300
4572	5693
4574	2810
4574	9592
4576	9568
4577	3603
4577	9979
4589	1194
4593	4140
4593	4518
4593	9516
4593	9827
4594	3760
4594	5463
4594	6404
4594	8668
4594	9249
4594	9971
4596	3366
4596	8578
4596	9981
4604	3717
4604	6934
4604	7268
4604	8990
4611	6258
4611	8268
4611	9032
4618	5825
4618	8549
4618	9292
4621	8169
4624	5009
4624	7023
4624	7683
4624	7685
4627	8007
4636	4691
4636	6061
4636	7119
4636	9428
4644	1912
4644	7661
4644	8007
4644	8524
4644	8927
4644	9760
4647	3634
4647	4138
4647	9736
4669	4999
4669	7706
4669	8603
4673	6282
4673	9595
4673	9976
4682	198
4682	1812
4687	8549
4691	4636
4691	7686
4691	9133
4701	501
4701	8758
4701	9057
4701	9748
4702	5978
4702	7350
4715	9722
4717	6038
4717	9342
4721	7604
4721	9568
4723	7412
4729	9823
4731	8903
4731	9707
4731	9730
4738	5588
4738	8839
4738	9246
4738	9356
4741	9165
4741	9790
4743	9282
4743	9819
4743	9841
4746	620
4746	8591
4749	455
4749	1813
4749	8266
4751	1925
4751	5057
4756	6407
4760	620
4760	887
4760	8790
4760	8814
4760	9298
4765	7727
4765	8527
4766	5244
4766	6051
4768	3480
4768	9474
4768	9581
4772	4330
4772	9510
4776	644
4776	1735
4776	4321
4776	9164
4785	7669
4785	8461
4788	773
4800	1425
4800	8960
4802	5555
4815	6902
4815	9538
4819	3507
4819	9733
4821	7293
4830	6526
4830	6936
4830	9087
4830	9603
4838	3190
4838	9791
4838	9984
4853	565
4853	4330
4853	9313
4853	9730
4856	1758
4856	8281
4856	9819
4856	9841
4863	8759
4865	8118
4865	9812
4867	3917
4867	4458
4867	9867
4867	9975
4877	3086
4877	6592
4891	4485
4892	174
4893	2773
4893	9926
4895	9856
4899	8484
4899	9748
4903	175
4929	1647
4929	7635
4929	9324
4930	69
4930	1606
4930	2210
4930	4306
4935	8302
4935	9834
4937	3892
4937	7155
4937	9805
4937	9888
4938	6589
4938	9233
4938	9417
4947	2678
4947	5979
4952	3080
4952	6546
4952	9104
4955	2442
4955	8559
4959	5403
4959	8258
4959	9049
4959	9860
4962	9657
4962	9680
4965	799
4965	6572
4965	7205
4966	4382
4970	6521
4970	8790
4970	9433
4970	9690
4970	9971
4973	9869
4974	7854
4974	8970
4983	8151
4985	5115
4985	8225
4985	9510
4994	2415
4999	4448
4999	4669
4999	5256
4999	7227
4999	8045
4999	8199
4999	9907
5003	9435
5005	1737
5005	9827
5005	9994
5007	1630
5007	9562
5009	3731
5009	4624
5009	8407
5009	9222
5016	29
5016	5426
5016	8260
5018	4473
5018	6083
5018	9433
5026	5535
5026	8753
5026	9592
5032	7694
5032	9038
5032	9907
5039	6307
5039	9420
5043	5145
5043	8315
5043	9243
5043	9827
5052	5751
5052	7862
5052	8701
5053	2015
5053	8268
5057	4751
5057	8712
5057	9174
5060	910
5060	4283
5060	7784
5060	9564
5066	5703
5066	5918
5069	9817
5071	8952
5071	9816
5075	2869
5075	5763
5075	8225
5075	9111
5080	4366
5080	7707
5080	7799
5081	8411
5081	9479
5081	9662
5083	4382
5083	5869
5083	7595
5083	9104
5083	9758
5089	7538
5089	9345
5098	3824
5098	5555
5098	8559
5098	9263
5098	9516
5098	9816
5100	3078
5100	5613
5107	8701
5112	6619
5112	8528
5112	8668
5112	9170
5112	9193
5112	9971
5115	774
5115	837
5115	4985
5115	6936
5115	7693
5115	9860
5123	2635
5130	2878
5130	9349
5130	9527
5131	6097
5131	8567
5131	9596
5140	6900
5140	9334
5144	1541
5144	8954
5145	125
5145	5043
5145	9243
5145	9356
5145	9827
5147	5263
5147	7441
5147	7617
5149	4353
5151	6347
5151	6680
5151	8020
5151	9032
5151	9984
5158	8322
5160	9103
5167	5870
5167	7736
5173	8389
5187	8127
5192	2676
5192	6280
5198	9375
5205	4393
5205	7337
5220	3195
5220	9435
5227	3528
5227	8411
5227	9807
5227	9834
5229	8440
5229	9928
5244	4766
5244	5305
5244	7635
5244	7798
5246	1293
5246	4283
5250	4128
5250	7913
5252	9739
5253	7984
5253	8414
5253	8760
5256	4999
5256	7699
5256	9758
5258	7712
5258	8965
5258	9120
5260	8726
5260	8882
5260	9733
5260	9861
5261	2587
5263	830
5263	2779
5263	5147
5263	5273
5263	6761
5265	1774
5265	4514
5265	9384
5268	443
5268	5767
5268	7649
5273	5263
5273	7848
5273	9059
5274	1341
5274	3841
5274	3913
5274	6761
5274	7693
5276	1702
5276	8643
5286	2172
5289	3507
5300	4173
5300	4572
5300	8669
5302	3300
5302	3823
5302	5866
5302	7944
5302	7958
5302	8635
5305	5244
5305	7404
5305	9760
5305	9861
5306	1737
5306	3173
5306	8526
5306	8927
5324	3591
5324	9103
5324	9273
5327	3307
5327	7858
5327	7944
5327	9081
5327	9471
5327	9881
5332	2519
5332	7042
5332	9860
5344	6996
5344	7336
5344	8429
5364	4390
5364	8320
5368	8672
5371	6956
5371	7488
5371	9399
5372	729
5372	4000
5372	9881
5374	3603
5374	8967
5386	7946
5386	9760
5387	6751
5387	8909
5387	9562
5396	7358
5396	9891
5398	3264
5398	7958
5398	9081
5398	9272
5403	4959
5403	5579
5407	4536
5407	9032
5407	9299
5407	9715
5418	1972
5418	2600
5418	5868
5418	8319
5418	8669
5418	9324
5424	7633
5424	9352
5426	5016
5426	6924
5426	8260
5432	8199
5432	9968
5436	7037
5436	9881
5440	7036
5440	7772
5445	252
5445	6216
5445	8332
5445	9834
5458	3080
5458	3090
5458	3384
5458	9293
5459	2287
5459	2380
5459	8545
5459	8882
5459	9812
5463	4594
5463	8749
5463	9404
5463	9971
5465	9164
5465	9603
5467	2760
5467	6798
5467	8474
5467	9273
5470	7693
5470	8302
5470	8415
5471	7102
5471	7960
5471	8335
5471	8807
5475	2156
5475	3529
5475	4105
5475	8907
5478	5690
5478	8808
5478	9046
5478	9216
5478	9491
5485	6090
5485	8283
5487	9112
5487	9169
5487	9876
5487	9926
5490	3745
5490	5934
5490	8242
5503	830
5503	8080
5503	8476
5503	8760
5503	9781
5514	5762
5515	2955
5515	6074
5515	9772
5521	2326
5521	8297
5521	8311
5521	9451
5521	9981
5523	585
5523	8520
5526	1184
5526	8986
5526	9133
5528	7992
5528	9064
5528	9623
5528	9876
5533	3926
5533	9606
5535	1770
5535	5026
5535	8825
5545	3396
5545	6546
5553	9550
5555	386
5555	2123
5555	4802
5555	5098
5556	6634
5556	7732
5556	8347
5557	3958
5557	6572
5557	7227
5557	8668
5557	8749
5557	9500
5557	9580
5557	9971
5561	3295
5561	6083
5562	8619
5562	8965
5564	384
5564	1677
5564	3417
5564	5586
5564	8158
5569	9404
5569	9603
5569	9805
5578	1162
5578	9774
5578	9888
5579	1171
5579	5403
5579	6029
5579	6934
5579	8306
5581	8705
5581	9595
5581	9976
5586	3228
5586	5564
5586	8745
5588	4738
5598	1503
5598	6395
5598	9665
5598	9747
5602	267
5602	7016
5602	7313
5602	9527
5604	7658
5604	9930
5610	2743
5610	8229
5613	5100
5614	8414
5614	9573
5617	9505
5625	5997
5633	8120
5633	9381
5636	2024
5636	6680
5636	8947
5636	9463
5637	7375
5637	7419
5637	8903
5637	9791
5645	9112
5645	9193
5645	9926
5652	350
5652	847
5652	5808
5652	9292
5658	8225
5659	8388
5659	9711
5659	9843
5664	4123
5664	8262
5664	8528
5664	8749
5664	9324
5664	9971
5667	7706
5672	9497
5672	9843
5673	4105
5673	7441
5673	8742
5683	44
5683	6061
5683	7036
5683	7992
5683	8310
5683	9623
5683	9817
5690	794
5690	5478
5690	7036
5693	4572
5693	8002
5701	1427
5703	5066
5703	6984
5703	8487
5711	2938
5711	5955
5711	7707
5711	8007
5711	8672
5711	8741
5711	9834
5712	3427
5712	6002
5712	8789
5714	8937
5714	9736
5718	3688
5719	5895
5719	6270
5719	8567
5728	4032
5728	6634
5728	8882
5728	9171
5739	1658
5739	4263
5739	7595
5739	7732
5741	2021
5743	9179
5743	9680
5745	3807
5745	5930
5745	6167
5745	7017
5751	5052
5751	7586
5751	8017
5762	5514
5762	8682
5762	9159
5763	3285
5763	5075
5763	8807
5767	231
5767	5268
5767	7975
5767	9608
5767	9631
5768	3379
5768	6419
5768	8441
5768	9086
5768	9605
5772	7201
5772	9298
5772	9665
5772	9747
5777	3123
5777	9580
5777	9943
5784	1193
5784	7622
5784	8093
5789	3171
5789	6872
5789	8827
5789	9907
5801	2646
5801	8578
5801	9747
5808	5652
5820	6194
5824	8368
5825	680
5825	4618
5825	7987
5827	5978
5827	6270
5847	6083
5847	7022
5866	5302
5866	7673
5866	9242
5868	5418
5868	9253
5869	5083
5869	8010
5869	8414
5870	601
5870	1721
5870	5167
5870	9301
5872	2115
5873	9451
5873	9479
5876	262
5876	2257
5876	8413
5876	9304
5876	9629
5876	9876
5876	9981
5884	7378
5884	8311
5890	4458
5895	5719
5895	6002
5895	7214
5895	7490
5915	1048
5915	9104
5915	9902
5918	5066
5918	6984
5918	9802
5923	2568
5923	3677
5923	7606
5923	7683
5923	7926
5923	8297
5926	3807
5926	7739
5926	9601
5926	9734
5929	9611
5929	9817
5930	5745
5930	9926
5933	1046
5933	7913
5933	8705
5933	9079
5934	5490
5934	7031
5935	6951
5935	6995
5944	2066
5944	2525
5944	8705
5954	8262
5954	8574
5954	8715
5954	9683
5954	9758
5954	9790
5955	5711
5955	8567
5961	2906
5961	7488
5961	9322
5961	9876
5961	9909
5967	157
5967	1315
5967	3591
5967	6822
5967	7320
5971	327
5971	8268
5972	9189
5975	1885
5975	9193
5978	2326
5978	4702
5978	5827
5978	9096
5979	3674
5979	4947
5979	6887
5979	9331
5979	9662
5983	7992
5983	8310
5983	9293
5983	9623
5983	9745
5984	7533
5990	2063
5990	2156
5990	3720
5997	187
5997	1652
5997	5625
5997	8760
6002	2672
6002	5712
6002	5895
6002	7558
6002	9186
6003	3528
6003	9745
6007	187
6007	7190
6011	7761
6011	9057
6011	9349
6029	859
6029	1579
6029	5579
6029	8243
6029	8960
6036	1152
6036	2131
6036	6697
6037	8725
6037	8990
6038	4138
6038	4717
6038	9342
6043	1000
6043	6320
6043	8603
6043	9356
6043	9996
6044	6974
6044	7484
6044	7522
6044	9313
6046	6697
6046	7278
6046	8745
6046	9242
6047	2275
6047	3909
6047	6600
6047	9538
6047	9635
6049	4124
6049	7490
6051	4766
6051	7712
6051	9724
6061	4636
6061	5683
6061	8310
6061	9384
6061	9623
6071	8758
6073	4458
6074	3746
6074	5515
6074	7016
6074	8591
6074	8958
6074	9985
6076	6822
6077	2992
6077	7848
6083	5018
6083	5561
6083	5847
6083	7022
6083	9324
6084	1813
6084	8574
6084	8888
6084	9683
6090	5485
6090	8967
6097	5131
6097	7615
6111	8444
6111	8712
6111	9790
6113	810
6113	7904
6113	8440
6113	9869
6136	1051
6136	2010
6136	3547
6136	8136
6136	8513
6136	9118
6141	8827
6141	9210
6167	3603
6167	3732
6167	5745
6167	6406
6172	7935
6172	7987
6172	8818
6178	1215
6178	7284
6178	7878
6182	8954
6183	9267
6183	9550
6194	60
6194	2983
6194	4382
6194	5820
6194	6871
6194	8682
6198	2575
6198	3090
6198	9336
6205	3024
6205	3732
6205	7256
6208	7224
6208	9112
6208	9189
6208	9631
6216	5445
6216	7649
6216	7975
6216	8704
6216	9251
6216	9608
6218	8995
6226	7555
6226	9189
6238	726
6238	8986
6245	2076
6245	8566
6245	9396
6255	7516
6255	8389
6255	8995
6255	9790
6255	9812
6255	9984
6258	4611
6258	8712
6258	9030
6258	9930
6270	5719
6270	5827
6270	7488
6271	4482
6271	8672
6271	9928
6280	5192
6280	8305
6282	4673
6282	7659
6282	8259
6282	8807
6282	9551
6292	2310
6292	7616
6292	8689
6292	9731
6305	7207
6305	9739
6307	5039
6307	8889
6320	2945
6320	4123
6320	6043
6320	8545
6328	2955
6328	8848
6328	9384
6328	9557
6342	812
6342	9479
6347	5151
6347	7558
6347	8461
6347	8725
6347	8946
6381	2309
6381	7518
6388	1715
6388	2832
6388	6809
6388	6956
6388	7444
6388	7713
6388	9442
6389	8268
6389	8944
6389	9657
6389	9724
6390	9580
6390	9736
6395	863
6395	5598
6395	6575
6395	9665
6396	1475
6396	1513
6396	1911
6396	7293
6396	7694
6396	9920
6400	9322
6400	9909
6404	3214
6404	4594
6404	6481
6404	8528
6404	9210
6404	9971
6406	6167
6406	7778
6406	9979
6407	1420
6407	4756
6407	8701
6419	5768
6419	8136
6419	9016
6419	9876
6450	3547
6450	8656
6463	7638
6463	8715
6481	6404
6481	8528
6481	9304
6481	9971
6483	1212
6483	8574
6483	9683
6483	9758
6491	3330
6491	3427
6491	8947
6491	9251
6491	9275
6510	3233
6510	9930
6511	3725
6511	7913
6511	8440
6518	7788
6521	4970
6521	8407
6521	8619
6521	8987
6522	8619
6522	8704
6526	4830
6526	7763
6526	9087
6526	9603
6529	256
6529	501
6529	9133
6529	9707
6546	4387
6546	4952
6546	5545
6546	9902
6554	1866
6554	7031
6554	8745
6554	9715
6569	3316
6569	9164
6571	8791
6572	4965
6572	5557
6572	7516
6572	8807
6572	9311
6573	3566
6573	7206
6573	7257
6573	8229
6573	9606
6573	9861
6575	6395
6575	9665
6575	9981
6588	719
6588	2204
6588	7778
6588	9979
6589	4938
6589	9233
6589	9976
6592	3758
6592	4877
6592	9739
6600	4253
6600	6047
6600	7833
6600	8242
6600	8892
6604	7849
6604	8774
6611	121
6611	1903
6617	9037
6617	9807
6619	2710
6619	5112
6619	8668
6619	8749
6619	8952
6622	9420
6628	3297
6628	3420
6628	8920
6628	9074
6634	5556
6634	5728
6634	7800
6634	9282
6634	9399
6637	7026
6637	7205
6637	8298
6656	3435
6656	8995
6656	9579
6656	9704
6659	3699
6659	8481
6659	9984
6675	693
6675	8984
6675	9164
6678	6892
6678	7854
6678	8725
6678	9758
6680	2208
6680	5151
6680	5636
6697	1467
6697	6036
6697	6046
6697	8162
6697	9267
6709	8920
6714	2627
6714	7074
6714	7505
6715	4543
6715	7686
6722	7166
6722	8630
6722	9453
6722	9758
6726	4253
6726	6871
6726	8892
6726	9313
6740	9595
6741	3724
6741	9133
6741	9249
6741	9707
6742	256
6742	3021
6746	218
6746	3154
6746	9254
6746	9861
6751	3861
6751	5387
6751	9505
6751	9774
6753	7508
6753	8490
6753	8517
6753	8618
6753	8944
6753	9928
6755	2131
6755	8482
6755	9581
6760	9186
6761	3121
6761	3681
6761	5263
6761	5274
6761	7931
6761	8864
6761	9059
6761	9273
6780	918
6780	6887
6780	7635
6780	9711
6781	7902
6781	8112
6781	9032
6797	8892
6797	9772
6797	9812
6798	5467
6798	7784
6798	7880
6798	8823
6798	9907
6804	4183
6804	4343
6804	8006
6804	8705
6804	8960
6804	9169
6809	3869
6809	6388
6809	9179
6813	7739
6813	8077
6813	9111
6814	7102
6814	8266
6814	8335
6815	1888
6822	5967
6822	6076
6822	7293
6822	8745
6823	1470
6823	9557
6823	9805
6824	901
6824	7926
6824	8097
6824	8545
6839	4315
6839	8061
6839	9823
6844	9076
6870	3717
6870	8643
6870	9263
6871	6194
6871	6726
6871	9812
6871	9833
6872	881
6872	5789
6872	8113
6872	8875
6872	9781
6874	1118
6874	1959
6874	9275
6874	9356
6882	7205
6882	9833
6884	2250
6884	3529
6884	3926
6884	7855
6885	7616
6885	9474
6885	9581
6886	1079
6886	7908
6886	8413
6887	188
6887	3300
6887	5979
6887	6780
6887	9164
6892	6678
6892	7157
6892	7399
6892	8029
6900	5140
6900	9334
6902	3480
6902	4543
6902	4815
6902	7727
6902	8527
6902	8970
6903	8715
6906	7453
6906	9747
6912	8715
6918	2505
6918	9169
6923	7555
6923	8136
6923	8205
6924	4282
6924	5426
6924	8260
6924	8704
6924	8875
6924	9722
6925	3732
6925	7392
6925	9453
6934	4604
6934	5579
6934	8840
6936	4830
6936	5115
6936	8441
6936	9086
6936	9831
6950	3650
6950	7026
6950	9776
6951	2189
6951	5935
6951	7379
6956	5371
6956	6388
6956	7037
6956	8283
6968	3889
6968	7412
6968	8745
6974	803
6974	4257
6974	6044
6974	8474
6974	9033
6980	3293
6980	7772
6980	8429
6980	9428
6984	987
6984	4273
6984	5703
6984	5918
6984	9451
6987	2505
6987	9049
6987	9057
6995	2997
6995	4257
6995	5935
6995	8305
6995	9236
6995	9823
6996	942
6996	2693
6996	5344
6996	9817
7014	7880
7014	7926
7014	8297
7014	8310
7014	9451
7016	2592
7016	5602
7016	6074
7016	8591
7016	9273
7017	5745
7017	9453
7022	910
7022	3297
7022	5847
7022	6083
7022	7857
7023	2136
7023	2250
7023	4624
7023	9202
7023	9996
7026	2977
7026	3851
7026	6637
7026	6950
7026	8612
7026	9994
7031	5934
7031	6554
7032	7350
7032	9193
7032	9404
7032	9926
7034	9345
7034	9928
7036	4138
7036	5440
7036	5683
7036	5690
7036	9342
7037	330
7037	5436
7037	6956
7037	8570
7042	5332
7042	7878
7042	9267
7047	7490
7047	8243
7051	3688
7051	7313
7051	8429
7055	9111
7061	3887
7061	8306
7061	9118
7072	87
7072	2160
7074	66
7074	4568
7074	6714
7074	8302
7074	9046
7074	9807
7074	9928
7102	5471
7102	6814
7119	4636
7119	9979
7148	692
7148	7496
7148	8790
7148	9451
7148	9514
7155	4937
7155	9888
7157	620
7157	6892
7157	8487
7157	9435
7158	9349
7166	6722
7166	7946
7166	9502
7175	197
7175	3909
7175	8851
7175	9657
7177	8864
7180	813
7180	9573
7181	8986
7181	9926
7185	3731
7185	9428
7187	9023
7187	9120
7190	1972
7190	6007
7190	7506
7190	7960
7201	5772
7201	9665
7204	134
7204	3874
7204	9267
7205	4965
7205	6637
7205	6882
7205	7490
7205	7935
7205	8476
7205	9254
7205	9352
7206	523
7206	6573
7207	4205
7207	6305
7207	9739
7211	2915
7211	4282
7211	7364
7211	9322
7211	9861
7214	5895
7214	9210
7222	1873
7222	2452
7222	4571
7222	8704
7224	3119
7224	3127
7224	6208
7224	9189
7227	1177
7227	2071
7227	4223
7227	4255
7227	4999
7227	5557
7227	7827
7227	8704
7227	9404
7239	4517
7239	7399
7239	7986
7239	8347
7256	6205
7256	7758
7256	9074
7257	6573
7257	8242
7264	2307
7264	8725
7264	9301
7265	3793
7265	8444
7265	9790
7268	4604
7268	8989
7268	8990
7278	1152
7278	1753
7278	6046
7278	7558
7284	1832
7284	6178
7284	8920
7284	9103
7293	4821
7293	6396
7293	6822
7303	586
7303	1272
7303	2402
7303	8259
7303	9322
7309	1531
7309	2548
7309	3677
7313	2358
7313	2666
7313	5602
7313	7051
7313	7508
7313	8618
7318	7505
7318	7616
7318	8635
7318	9943
7320	171
7320	267
7320	4308
7320	5967
7320	9527
7320	9996
7326	2531
7326	4339
7326	7699
7326	9365
7326	9976
7336	617
7336	3033
7336	5344
7336	8258
7337	5205
7345	2790
7345	3639
7345	7378
7350	4702
7350	7032
7350	8376
7350	9038
7350	9112
7350	9926
7350	9928
7353	2710
7353	3119
7353	9952
7358	5396
7358	8120
7358	9891
7364	103
7364	7211
7364	8726
7364	8825
7364	8882
7364	9171
7364	9861
7369	8332
7369	9657
7372	180
7372	1770
7372	9733
7375	3274
7375	5637
7375	8305
7375	9241
7378	1840
7378	5884
7378	7345
7378	9774
7379	6951
7379	8080
7392	6925
7392	9774
7399	6892
7399	7239
7399	8347
7399	8808
7404	3681
7404	5305
7404	8944
7412	4723
7412	6968
7412	7483
7412	8987
7419	5637
7419	7926
7419	8305
7419	9579
7419	9971
7440	1416
7440	3314
7440	3936
7440	9096
7441	2336
7441	2472
7441	5147
7441	5673
7441	8441
7441	8742
7442	1845
7442	8612
7442	9188
7444	2297
7444	6388
7444	7635
7444	8958
7444	9164
7444	9451
7453	1596
7453	6906
7453	8305
7453	8545
7453	9834
7482	3000
7482	4460
7482	9812
7483	7412
7483	8889
7483	9118
7484	6044
7484	8840
7484	9976
7488	1812
7488	3966
7488	5371
7488	5961
7488	6270
7488	8663
7488	9322
7490	2600
7490	4362
7490	5895
7490	6049
7490	7047
7490	7205
7490	7935
7490	9120
7490	9198
7495	1912
7495	3235
7495	9601
7495	9734
7495	9781
7496	7148
7496	8178
7496	9514
7505	188
7505	6714
7505	7318
7505	8302
7505	8635
7505	9606
7505	9856
7506	7190
7506	7846
7506	8995
7506	9632
7508	252
7508	6753
7508	7313
7508	8429
7508	8490
7508	8618
7508	9733
7516	3603
7516	3793
7516	6255
7516	6572
7518	6381
7518	8468
7522	1880
7522	6044
7522	7605
7533	5984
7533	9399
7533	9952
7535	2370
7535	8987
7538	4536
7538	5089
7538	7594
7538	7959
7540	572
7540	7984
7540	9657
7543	126
7543	3086
7543	3489
7543	4351
7543	9064
7555	4312
7555	6226
7555	6923
7555	8117
7555	8136
7555	8743
7555	8986
7555	9178
7557	15
7557	7815
7558	6002
7558	6347
7558	7278
7558	8461
7558	8946
7558	9479
7586	702
7586	4413
7586	5751
7586	8061
7586	9596
7594	7538
7594	8887
7595	5083
7595	5739
7595	7772
7595	8080
7601	676
7601	8566
7601	9020
7601	9993
7604	87
7604	4721
7605	4285
7605	7522
7605	9178
7606	3854
7606	5923
7606	9081
7606	9243
7606	9985
7614	1909
7614	8332
7615	6097
7615	7986
7615	8630
7616	6292
7616	6885
7616	7318
7616	7902
7616	9304
7616	9632
7616	9877
7617	2742
7617	5147
7617	9877
7622	5784
7622	8591
7622	9807
7624	2440
7624	2474
7624	3313
7624	9680
7624	9820
7628	3379
7628	8266
7628	8335
7628	8807
7633	5424
7633	8388
7635	3869
7635	4929
7635	5244
7635	6780
7635	7444
7635	7798
7635	8045
7635	8174
7638	6463
7638	9579
7649	382
7649	5268
7649	6216
7649	9608
7658	3925
7658	5604
7658	8481
7658	9399
7658	9968
7659	899
7659	6282
7659	9551
7661	4644
7661	9760
7661	9820
7669	2410
7669	4785
7670	2561
7670	3024
7670	7958
7670	8482
7670	8490
7671	3152
7671	9020
7671	9038
7673	5866
7673	9032
7673	9299
7673	9715
7683	729
7683	3173
7683	4624
7683	5923
7683	7926
7685	366
7685	4624
7685	9202
7685	9812
7686	2031
7686	2677
7686	3535
7686	4691
7686	6715
7686	9805
7688	1035
7688	9888
7688	9901
7690	8320
7690	8429
7693	1177
7693	2815
7693	5115
7693	5274
7693	5470
7693	9555
7693	9994
7694	3616
7694	5032
7694	6396
7694	8887
7699	5256
7699	7326
7699	7866
7699	8991
7699	9843
7706	923
7706	4669
7706	5667
7706	8603
7706	9500
7707	777
7707	5080
7707	5711
7707	8007
7707	8117
7707	8567
7712	1035
7712	5258
7712	6051
7712	9479
7713	6388
7727	4765
7727	6902
7727	9538
7732	3573
7732	5556
7732	5739
7732	8814
7732	9298
7736	4152
7736	5167
7736	8283
7736	8555
7736	9700
7736	9812
7739	726
7739	5926
7739	6813
7739	9111
7739	9399
7741	198
7741	8701
7741	9275
7741	9462
7741	9731
7741	9772
7741	9994
7758	7256
7758	9074
7758	9497
7761	6011
7761	9557
7761	9805
7763	1046
7763	4312
7763	6526
7763	8359
7763	9087
7763	9233
7763	9596
7763	9603
7772	3529
7772	5440
7772	6980
7772	7595
7772	8614
7775	3590
7775	4255
7775	4425
7775	4439
7775	7944
7775	9624
7778	4253
7778	6406
7778	6588
7778	8555
7778	9064
7778	9236
7778	9683
7778	9979
7784	5060
7784	6798
7784	9907
7788	3661
7788	4138
7788	6518
7788	8104
7788	9835
7793	1779
7793	7848
7793	8097
7793	9551
7793	9894
7796	4273
7796	8310
7796	9170
7796	9331
7796	9505
7798	3196
7798	5244
7798	7635
7798	8045
7798	9324
7798	9433
7799	5080
7799	8283
7799	8656
7800	1162
7800	1252
7800	6634
7800	8896
7800	9023
7802	925
7802	8620
7802	9023
7802	9579
7814	1295
7815	1936
7815	2978
7815	7557
7815	8125
7815	8319
7816	8335
7816	9396
7816	9976
7818	2760
7818	4000
7818	8395
7818	8751
7818	8825
7818	9033
7818	9186
7818	9629
7827	2889
7827	7227
7827	8873
7827	8984
7827	9623
7833	6600
7833	8545
7833	8935
7846	2945
7846	7506
7846	8712
7846	9249
7848	1873
7848	5273
7848	6077
7848	7793
7848	9216
7848	9731
7849	1416
7849	3145
7849	6604
7849	9241
7850	1324
7850	2498
7854	2339
7854	4974
7854	6678
7854	8725
7854	9662
7855	29
7855	6884
7855	8725
7855	8970
7855	9736
7857	2889
7857	7022
7857	8006
7857	8319
7857	9324
7858	1045
7858	1382
7858	4439
7858	5327
7858	7944
7858	7959
7858	8932
7858	9680
7861	9835
7862	1779
7862	5052
7862	8658
7862	9551
7862	9730
7866	455
7866	2789
7866	7699
7866	8814
7866	8944
7876	812
7876	3284
7876	3661
7876	4174
7876	9074
7878	6178
7878	7042
7878	9267
7880	6798
7880	7014
7880	8061
7880	8524
7880	9451
7902	3507
7902	6781
7902	7616
7904	6113
7904	8315
7904	8635
7904	9856
7908	1051
7908	6886
7913	5250
7913	5933
7913	6511
7926	2568
7926	5923
7926	6824
7926	7014
7926	7419
7926	7683
7926	9583
7926	9657
7931	3265
7931	4225
7931	6761
7931	9059
7931	9096
7931	9629
7932	330
7932	4343
7932	8315
7932	8415
7932	8619
7935	3013
7935	3874
7935	6172
7935	7205
7935	7490
7935	9198
7937	9254
7937	9881
7937	9907
7941	4503
7943	2417
7943	8246
7944	516
7944	5302
7944	5327
7944	7775
7944	7858
7946	2789
7946	5386
7946	7166
7946	7975
7946	9603
7958	5302
7958	5398
7958	7670
7958	8789
7959	2992
7959	7538
7959	7858
7960	5471
7960	7190
7960	8614
7960	9202
7960	9331
7960	9707
7967	1845
7967	8281
7967	9243
7975	3026
7975	5767
7975	6216
7975	7946
7975	9233
7975	9608
7977	4445
7977	8048
7977	8601
7977	9396
7984	5253
7984	7540
7984	8407
7984	8414
7986	4140
7986	7239
7986	7615
7986	8630
7987	4255
7987	4362
7987	5825
7987	6172
7987	9112
7992	2943
7992	4387
7992	5528
7992	5683
7992	5983
7992	9555
8002	5693
8002	8889
8002	9164
8002	9331
8006	1627
8006	6804
8006	7857
8006	8549
8006	9724
8007	2101
8007	4627
8007	4644
8007	5711
8007	7707
8007	8136
8007	8743
8010	607
8010	3127
8010	5869
8017	1337
8017	5751
8017	8422
8017	8585
8017	9428
8017	9514
8020	3123
8020	5151
8020	9583
8020	9791
8020	9943
8020	9984
8029	1427
8029	4036
8029	6892
8029	9245
8030	8298
8030	9241
8041	8372
8041	8672
8041	8903
8041	9037
8041	9096
8042	3809
8042	9497
8045	3007
8045	4999
8045	7635
8045	7798
8045	9573
8048	3190
8048	3471
8048	7977
8048	9174
8048	9396
8061	565
8061	6839
8061	7586
8061	7880
8061	9730
8061	9823
8061	9888
8061	9971
8077	6813
8077	9564
8080	5503
8080	7379
8080	7595
8080	8104
8080	9573
8080	9920
8084	676
8084	4174
8084	9993
8093	2101
8093	5784
8093	9466
8095	2992
8095	9081
8095	9835
8097	6824
8097	7793
8097	8701
8097	9352
8098	901
8098	9930
8104	723
8104	3678
8104	7788
8104	8080
8104	8517
8112	6781
8113	6872
8117	7555
8117	7707
8117	8151
8117	8517
8117	8743
8118	4865
8118	9420
8120	5633
8120	7358
8120	8376
8120	9030
8120	9781
8120	9902
8125	2336
8125	7815
8127	814
8127	5187
8127	9772
8136	6136
8136	6419
8136	6923
8136	7555
8136	8007
8136	9020
8136	9971
8151	3359
8151	4983
8151	8117
8151	9428
8155	1647
8155	4446
8155	8375
8158	2339
8158	5564
8158	9112
8158	9165
8162	2677
8162	3018
8162	3154
8162	6697
8162	9298
8162	9301
8169	3925
8169	4621
8169	8377
8169	9076
8174	3168
8174	7635
8174	8205
8174	9202
8178	4002
8178	7496
8178	8864
8178	8989
8178	9038
8197	8199
8199	4999
8199	5432
8199	8197
8199	8704
8199	8749
8199	8907
8199	9404
8205	6923
8205	8174
8205	8743
8205	9178
8223	4517
8223	9387
8223	9606
8225	4985
8225	5075
8225	5658
8225	9831
8229	3036
8229	3566
8229	5610
8229	6573
8229	8347
8229	9442
8229	9606
8229	9802
8229	9816
8229	9996
8242	2291
8242	4063
8242	5490
8242	6600
8242	7257
8242	8851
8242	9996
8243	1250
8243	1556
8243	2076
8243	2138
8243	3639
8243	6029
8243	7047
8243	8306
8243	9748
8244	3598
8244	4503
8244	9020
8246	1735
8246	3746
8246	3938
8246	4263
8246	7943
8246	8281
8258	4959
8258	7336
8259	2773
8259	6282
8259	7303
8259	8851
8259	9016
8259	9417
8260	660
8260	4282
8260	5016
8260	5426
8260	6924
8260	9210
8260	9807
8262	225
8262	5664
8262	5954
8262	9605
8263	101
8263	3213
8263	9246
8263	9902
8266	60
8266	4749
8266	6814
8266	7628
8268	4611
8268	5053
8268	5971
8268	6389
8268	8896
8268	8952
8268	9159
8268	9564
8268	9624
8268	9724
8268	9976
8277	2907
8277	3473
8277	9059
8277	9159
8281	4561
8281	4856
8281	7967
8281	8246
8281	9322
8281	9909
8283	5485
8283	6956
8283	7736
8283	7799
8283	9812
8297	1984
8297	3833
8297	5521
8297	5923
8297	7014
8297	9451
8297	9833
8298	3297
8298	6637
8298	8030
8298	9843
8302	2191
8302	4568
8302	4935
8302	5470
8302	7074
8302	7505
8302	8658
8302	8827
8302	9462
8303	2602
8303	4173
8303	9444
8303	9711
8305	6280
8305	6995
8305	7375
8305	7419
8305	7453
8305	9429
8306	799
8306	2693
8306	3996
8306	5579
8306	7061
8306	8243
8306	8789
8310	2031
8310	5683
8310	5983
8310	6061
8310	7014
8310	7796
8310	9623
8311	5521
8311	5884
8311	9170
8311	9722
8315	794
8315	3621
8315	4178
8315	5043
8315	7904
8315	7932
8315	9267
8315	9405
8315	9827
8319	5418
8319	7815
8319	7857
8319	8987
8319	9324
8319	9474
8320	95
8320	397
8320	5364
8320	7690
8320	9023
8322	221
8322	4036
8322	5158
8322	8790
8322	9365
8322	9551
8322	9976
8322	9985
8332	1497
8332	1891
8332	1909
8332	2123
8332	3024
8332	3131
8332	5445
8332	7369
8332	7614
8335	3489
8335	4473
8335	5471
8335	6814
8335	7628
8335	7816
8335	9198
8347	5556
8347	7239
8347	7399
8347	8229
8359	1885
8359	2445
8359	7763
8359	9665
8368	3535
8368	3959
8368	5824
8370	8566
8370	9096
8370	9595
8372	1048
8372	3324
8372	3435
8372	8041
8372	9046
8372	9311
8372	9739
8372	9891
8375	4446
8375	8155
8375	9827
8376	7350
8376	8120
8376	9222
8376	9758
8377	888
8377	1471
8377	3391
8377	8169
8377	9076
8377	9831
8388	5659
8388	7633
8388	9322
8388	9711
8388	9843
8389	3926
8389	5173
8389	6255
8389	9210
8395	7818
8395	8909
8407	2417
8407	3307
8407	4413
8407	5009
8407	6521
8407	7984
8407	8414
8407	9920
8411	3033
8411	5081
8411	5227
8411	9805
8413	1960
8413	5876
8413	6886
8413	9876
8413	9981
8414	146
8414	702
8414	1503
8414	1531
8414	4413
8414	5253
8414	5614
8414	5869
8414	7984
8414	8407
8414	8527
8415	515
8415	5470
8415	7932
8415	8825
8415	8984
8415	9928
8422	255
8422	1650
8422	8017
8422	8585
8422	9514
8422	9733
8422	9993
8429	5344
8429	6980
8429	7051
8429	7508
8429	7690
8440	1241
8440	5229
8440	6113
8440	6511
8440	9074
8440	9233
8440	9869
8440	9971
8441	5768
8441	6936
8441	7441
8441	8889
8441	9086
8441	9202
8444	1064
8444	3013
8444	3489
8444	3959
8444	4152
8444	6111
8444	7265
8455	8484
8455	9748
8461	4458
8461	4785
8461	6347
8461	7558
8461	8751
8461	8946
8468	7518
8468	9242
8474	601
8474	3382
8474	5467
8474	6974
8476	866
8476	5503
8476	7205
8476	8705
8476	9722
8476	9901
8481	1873
8481	6659
8481	7658
8481	9038
8481	9245
8481	9254
8481	9442
8481	9580
8481	9724
8481	9888
8482	2448
8482	3644
8482	6755
8482	7670
8482	9746
8484	60
8484	4899
8484	8455
8484	9299
8484	9342
8484	9690
8484	9748
8487	2406
8487	5703
8487	7157
8487	8607
8490	4536
8490	6753
8490	7508
8490	7670
8490	8618
8490	9608
8493	2439
8493	3518
8493	8528
8505	2627
8505	8571
8505	9311
8505	9984
8513	141
8513	528
8513	1781
8513	6136
8513	9118
8517	3284
8517	6753
8517	8104
8517	8117
8517	8873
8517	9867
8517	9877
8517	9975
8520	3724
8520	4063
8520	5523
8520	8742
8520	9322
8520	9704
8524	4644
8524	7880
8524	9451
8524	9538
8524	9690
8526	2273
8526	3596
8526	5306
8526	8875
8527	510
8527	2831
8527	3913
8527	4765
8527	6902
8527	8414
8527	9538
8528	5112
8528	5664
8528	6404
8528	6481
8528	8493
8528	8668
8528	9823
8528	9971
8545	3565
8545	5459
8545	6320
8545	6824
8545	7453
8545	7833
8545	8944
8549	4618
8549	4687
8549	8006
8549	9179
8555	1665
8555	7736
8555	7778
8555	9812
8555	9888
8559	3724
8559	3732
8559	4955
8559	5098
8559	9816
8565	9188
8565	9375
8566	6245
8566	7601
8566	8370
8566	9396
8566	9404
8566	9901
8567	2138
8567	5131
8567	5719
8567	5955
8567	7707
8567	8774
8567	8851
8567	9016
8570	7037
8570	9510
8571	2215
8571	4114
8571	4356
8571	8505
8571	8840
8571	8995
8574	3239
8574	5954
8574	6084
8574	6483
8574	8888
8574	9474
8574	9683
8578	4321
8578	4596
8578	5801
8578	8986
8584	3195
8584	9301
8584	9835
8585	1650
8585	3127
8585	8017
8585	8422
8585	9030
8585	9514
8585	9733
8591	2477
8591	4746
8591	6074
8591	7016
8591	7622
8591	8745
8601	1858
8601	2634
8601	7977
8601	9016
8601	9396
8603	1959
8603	3793
8603	4669
8603	6043
8603	7706
8603	9981
8607	8487
8607	9568
8612	1504
8612	1809
8612	7026
8612	7442
8612	8692
8612	8759
8612	9127
8614	3996
8614	7772
8614	7960
8614	9023
8614	9831
8618	2666
8618	6753
8618	7313
8618	7508
8618	8490
8618	9575
8619	3052
8619	5562
8619	6521
8619	6522
8619	7932
8619	8758
8619	8935
8619	9293
8619	9690
8620	3555
8620	7802
8620	9023
8630	4283
8630	6722
8630	7615
8630	7986
8630	9603
8635	5302
8635	7318
8635	7505
8635	7904
8635	9856
8643	2783
8643	5276
8643	6870
8643	9605
8643	9736
8650	1509
8650	8663
8650	8987
8650	9575
8650	9629
8650	9707
8650	9876
8650	9981
8656	3461
8656	4205
8656	6450
8656	7799
8656	8984
8656	9557
8656	9774
8658	7862
8658	8302
8658	9242
8658	9805
8658	9877
8658	9881
8663	322
8663	3884
8663	4445
8663	7488
8663	8650
8663	9861
8668	2943
8668	4594
8668	5112
8668	5557
8668	6619
8668	8528
8668	8749
8668	9461
8668	9733
8668	9971
8669	5300
8669	5418
8669	9774
8669	9877
8672	2208
8672	5368
8672	5711
8672	6271
8672	8041
8672	8896
8672	9560
8672	9807
8672	9928
8682	656
8682	918
8682	3078
8682	5762
8682	6194
8689	87
8689	1264
8689	3720
8689	6292
8689	9188
8692	1336
8692	8612
8692	9127
8701	1860
8701	2151
8701	5052
8701	5107
8701	6407
8701	7741
8701	8097
8701	9245
8704	1324
8704	4255
8704	4448
8704	6216
8704	6522
8704	6924
8704	7222
8704	7227
8704	8199
8704	9404
8704	9579
8705	3652
8705	5581
8705	5933
8705	5944
8705	6804
8705	8476
8712	2906
8712	5057
8712	6111
8712	6258
8712	7846
8715	1509
8715	2370
8715	5954
8715	6463
8715	6903
8715	6912
8718	641
8718	1289
8718	2312
8718	4458
8718	8840
8725	6037
8725	6347
8725	6678
8725	7264
8725	7854
8725	7855
8725	8970
8725	9827
8726	5260
8726	7364
8726	9081
8726	9171
8726	9631
8726	9635
8726	9745
8726	9861
8726	9926
8741	753
8741	5711
8741	8989
8741	9178
8741	9433
8741	9888
8742	2336
8742	2472
8742	3636
8742	5673
8742	7441
8742	8520
8742	9820
8743	7555
8743	8007
8743	8117
8743	8205
8743	9178
8745	493
8745	3518
8745	5586
8745	6046
8745	6554
8745	6822
8745	6968
8745	8591
8749	887
8749	2943
8749	5463
8749	5557
8749	5664
8749	6619
8749	8199
8749	8668
8749	9444
8749	9491
8749	9971
8751	3807
8751	7818
8751	8461
8751	9505
8753	3052
8753	3615
8753	5026
8753	8807
8753	8823
8753	9733
8758	2703
8758	4701
8758	6071
8758	8619
8758	9057
8758	9538
8759	2068
8759	3746
8759	4863
8759	8612
8759	9032
8759	9057
8759	9299
8759	9635
8759	9715
8760	36
8760	702
8760	4390
8760	5253
8760	5503
8760	5997
8760	9301
8760	9704
8760	9869
8774	680
8774	3158
8774	3557
8774	6604
8774	8567
8774	8932
8774	9611
8780	4141
8780	8944
8780	9405
8785	45
8785	2474
8785	9345
8789	5712
8789	7958
8789	8306
8789	9104
8789	9731
8790	4760
8790	4970
8790	7148
8790	8322
8790	8814
8791	2020
8791	3591
8791	6571
8791	9103
8791	9251
8791	9267
8791	9657
8791	9665
8791	9891
8793	4218
8793	9241
8793	9611
8807	3379
8807	5471
8807	5763
8807	6282
8807	6572
8807	7628
8807	8753
8808	1892
8808	4308
8808	4543
8808	5478
8808	7399
8808	9491
8808	9581
8808	9943
8814	3000
8814	4760
8814	7732
8814	7866
8814	8790
8814	9298
8814	9583
8814	9730
8818	2015
8818	3265
8818	4356
8818	6172
8823	1913
8823	6798
8823	8753
8823	9907
8825	2290
8825	5535
8825	7364
8825	7818
8825	8415
8825	9304
8825	9399
8827	1892
8827	3171
8827	5789
8827	6141
8827	8302
8827	9189
8827	9210
8827	9404
8839	699
8839	1416
8839	2290
8839	4738
8839	9275
8839	9384
8840	6934
8840	7484
8840	8571
8840	8718
8848	166
8848	6328
8848	9580
8848	9596
8848	9736
8851	7175
8851	8242
8851	8259
8851	8567
8851	9016
8851	9562
8864	2386
8864	3285
8864	6761
8864	7177
8864	8178
8864	9943
8873	3366
8873	3699
8873	7827
8873	8517
8875	6872
8875	6924
8875	8526
8875	9579
8875	9930
8882	2915
8882	3029
8882	5260
8882	5459
8882	5728
8882	7364
8882	9171
8882	9322
8882	9861
8882	9985
8887	3058
8887	3314
8887	7594
8887	7694
8887	9444
8887	9690
8887	9985
8888	6084
8888	8574
8888	9030
8888	9086
8888	9575
8888	9683
8888	9758
8888	9881
8889	2928
8889	6307
8889	7483
8889	8002
8889	8441
8889	9299
8889	9861
8892	2160
8892	2339
8892	6600
8892	6726
8892	6797
8892	9500
8896	7800
8896	8268
8896	8672
8896	9774
8896	9781
8903	2857
8903	4731
8903	5637
8903	8041
8903	9037
8903	9096
8903	9560
8907	1393
8907	3444
8907	5475
8907	8199
8909	3120
8909	5387
8909	8395
8909	9222
8909	9722
8920	1215
8920	3237
8920	3688
8920	4231
8920	6628
8920	6709
8920	7284
8920	9074
8920	9827
8927	4644
8927	5306
8932	563
8932	4554
8932	7858
8932	8774
8932	9711
8935	2073
8935	2978
8935	3090
8935	7833
8935	8619
8935	9293
8935	9690
8937	2530
8937	2600
8937	5714
8937	9736
8937	9835
8944	3196
8944	6389
8944	6753
8944	7404
8944	7866
8944	8545
8944	8780
8944	9605
8944	9802
8946	6347
8946	7558
8946	8461
8946	9023
8947	1504
8947	3000
8947	3330
8947	5636
8947	6491
8947	9074
8947	9802
8952	2053
8952	2293
8952	4124
8952	5071
8952	6619
8952	8268
8952	9103
8952	9381
8954	3420
8954	5144
8954	6182
8954	9112
8954	9891
8958	1652
8958	1746
8958	6074
8958	7444
8958	9993
8960	3314
8960	4014
8960	4800
8960	6029
8960	6804
8960	9169
8965	5258
8965	5562
8965	8995
8965	9442
8967	3501
8967	5374
8967	6090
8967	9592
8967	9707
8970	863
8970	4974
8970	6902
8970	7855
8970	8725
8970	9076
8984	406
8984	693
8984	1356
8984	3547
8984	3907
8984	4205
8984	6675
8984	7827
8984	8415
8984	8656
8984	9580
8986	735
8986	1909
8986	3940
8986	5526
8986	6238
8986	7181
8986	7555
8986	8578
8986	9985
8987	4173
8987	6521
8987	7412
8987	7535
8987	8319
8987	8650
8987	9089
8987	9575
8987	9820
8987	9876
8989	597
8989	1241
8989	2870
8989	7268
8989	8178
8989	8741
8989	9417
8990	1804
8990	2736
8990	4536
8990	4604
8990	6037
8990	7268
8990	9428
8991	7699
8991	9491
8995	2977
8995	3860
8995	4513
8995	6218
8995	6255
8995	6656
8995	7506
8995	8571
8995	8965
8995	9282
8995	9631
9016	6419
9016	8259
9016	8567
9016	8601
9016	8851
9016	9994
9020	7601
9020	7671
9020	8136
9020	8244
9020	9579
9023	3427
9023	7187
9023	7800
9023	7802
9023	8320
9023	8614
9023	8620
9023	8946
9023	9971
9030	6258
9030	8120
9030	8585
9030	8888
9030	9781
9032	3746
9032	4611
9032	5151
9032	5407
9032	6781
9032	7673
9032	8759
9032	9037
9032	9299
9032	9715
9033	200
9033	6974
9033	7818
9033	9624
9033	9758
9033	9835
9037	6617
9037	8041
9037	8903
9037	9032
9037	9096
9038	1363
9038	3285
9038	5032
9038	7350
9038	7671
9038	8178
9038	8481
9038	9629
9046	510
9046	1849
9046	3435
9046	3615
9046	5478
9046	7074
9046	8372
9046	9311
9046	9790
9049	2342
9049	2709
9049	3136
9049	4959
9049	6987
9057	3897
9057	4701
9057	6011
9057	6987
9057	8758
9057	8759
9057	9189
9059	5273
9059	6761
9059	7931
9059	8277
9059	9555
9059	9860
9059	9994
9064	4351
9064	5528
9064	7543
9064	7778
9064	9841
9074	812
9074	6628
9074	7256
9074	7758
9074	7876
9074	8440
9074	8920
9074	8947
9074	9349
9076	580
9076	822
9076	3391
9076	3898
9076	6844
9076	8169
9076	8377
9076	8970
9079	4249
9079	5933
9079	9272
9079	9760
9079	9952
9081	5327
9081	5398
9081	7606
9081	8095
9081	8726
9086	5768
9086	6936
9086	8441
9086	8888
9086	9907
9086	9985
9087	4830
9087	6526
9087	7763
9087	9603
9087	9819
9089	1889
9089	3264
9089	8987
9089	9246
9089	9405
9096	5978
9096	7440
9096	7931
9096	8041
9096	8370
9096	8903
9096	9037
9096	9772
9103	2020
9103	3652
9103	5160
9103	5324
9103	7284
9103	8791
9103	8952
9103	9282
9104	4952
9104	5083
9104	5915
9104	8789
9104	9902
9111	5075
9111	6813
9111	7055
9111	7739
9111	9538
9111	9831
9112	3940
9112	5487
9112	5645
9112	6208
9112	7350
9112	7987
9112	8158
9112	8954
9112	9193
9112	9926
9118	141
9118	1416
9118	1950
9118	6136
9118	7061
9118	7483
9118	8513
9120	443
9120	5258
9120	7187
9120	7490
9127	1504
9127	1809
9127	2441
9127	8612
9127	8692
9133	4691
9133	5526
9133	6529
9133	6741
9133	9707
9156	1077
9156	1658
9156	2986
9156	9349
9159	275
9159	1497
9159	3473
9159	4115
9159	5762
9159	8268
9159	8277
9159	9179
9164	2792
9164	3300
9164	4776
9164	5465
9164	6569
9164	6675
9164	6887
9164	7444
9164	8002
9164	9843
9165	758
9165	2272
9165	4122
9165	4741
9165	8158
9165	9902
9165	9943
9169	1719
9169	4223
9169	5487
9169	6804
9169	6918
9169	8960
9170	5112
9170	7796
9170	8311
9170	9722
9171	103
9171	2864
9171	5728
9171	7364
9171	8726
9171	8882
9171	9861
9174	1467
9174	1889
9174	5057
9174	8048
9174	9442
9174	9772
9174	9805
9178	1711
9178	3214
9178	7555
9178	7605
9178	8205
9178	8741
9178	8743
9178	9608
9179	5743
9179	6809
9179	8549
9179	9159
9179	9198
9186	6002
9186	6760
9186	7818
9186	9580
9186	9704
9188	3720
9188	7442
9188	8565
9188	8689
9188	9304
9188	9471
9188	9479
9188	9557
9188	9979
9189	1416
9189	5972
9189	6208
9189	6226
9189	7224
9189	8827
9189	9057
9189	9516
9189	9551
9193	187
9193	3889
9193	4211
9193	5112
9193	5645
9193	5975
9193	7032
9193	9112
9193	9662
9193	9926
9198	2307
9198	3013
9198	4362
9198	4514
9198	7490
9198	7935
9198	8335
9198	9179
9198	9747
9202	2899
9202	4448
9202	7023
9202	7685
9202	7960
9202	8174
9202	8441
9210	972
9210	6141
9210	6404
9210	7214
9210	8260
9210	8389
9210	8827
9210	9920
9216	1459
9216	2502
9216	2899
9216	5478
9216	7848
9216	9474
9216	9731
9222	2697
9222	2790
9222	5009
9222	8376
9222	8909
9222	9241
9222	9538
9222	9876
9233	214
9233	721
9233	4938
9233	6589
9233	7763
9233	7975
9233	8440
9233	9952
9236	1925
9236	6995
9236	7778
9241	7375
9241	7849
9241	8030
9241	8793
9241	9222
9241	9246
9241	9429
9242	1195
9242	2435
9242	2693
9242	3843
9242	5866
9242	6046
9242	8468
9242	8658
9243	3769
9243	4517
9243	5043
9243	5145
9243	7606
9243	7967
9243	9827
9243	9985
9245	178
9245	887
9245	3874
9245	4436
9245	8029
9245	8481
9245	8701
9246	3952
9246	4738
9246	8263
9246	9089
9246	9241
9249	750
9249	4594
9249	6741
9249	7846
9249	9342
9249	9772
9251	3747
9251	6216
9251	6491
9251	8791
9251	9926
9253	244
9253	578
9253	1531
9253	4207
9253	5868
9253	9267
9253	9557
9254	813
9254	3950
9254	6746
9254	7205
9254	7937
9254	8481
9263	799
9263	2938
9263	4049
9263	4211
9263	5098
9263	6870
9263	9334
9267	3214
9267	3747
9267	6183
9267	6697
9267	7042
9267	7204
9267	7878
9267	8315
9267	8791
9267	9253
9272	2085
9272	4353
9272	5398
9272	9079
9273	588
9273	2680
9273	3382
9273	5324
9273	5467
9273	6761
9273	7016
9273	9665
9275	1118
9275	3593
9275	6491
9275	6874
9275	7741
9275	8839
9275	9356
9275	9920
9275	9979
9282	2449
9282	4743
9282	6634
9282	8995
9282	9103
9282	9444
9282	9631
9282	9704
9282	9776
9292	3111
9292	3246
9292	3800
9292	4618
9292	5652
9292	9435
9293	1262
9293	2073
9293	3132
9293	5458
9293	5983
9293	8619
9293	8935
9293	9690
9293	9736
9298	4000
9298	4760
9298	5772
9298	7732
9298	8162
9298	8814
9298	9733
9298	9805
9299	2068
9299	5407
9299	7673
9299	8484
9299	8759
9299	8889
9299	9032
9299	9417
9299	9502
9299	9606
9299	9715
9299	9802
9299	9985
9301	2439
9301	2646
9301	3018
9301	5870
9301	7264
9301	8162
9301	8584
9301	8760
9304	1326
9304	2053
9304	3190
9304	5876
9304	6481
9304	7616
9304	8825
9304	9188
9304	9662
9304	9819
9311	161
9311	1048
9311	1849
9311	4058
9311	6572
9311	8372
9311	8505
9311	9046
9311	9336
9311	9404
9313	3473
9313	4853
9313	6044
9313	6726
9322	572
9322	4561
9322	5961
9322	6400
9322	7211
9322	7303
9322	7488
9322	8281
9322	8388
9322	8520
9322	8882
9322	9748
9322	9831
9322	9909
9324	4153
9324	4929
9324	5418
9324	5664
9324	6083
9324	7798
9324	7857
9324	8319
9331	4513
9331	5979
9331	7796
9331	7960
9331	8002
9331	9466
9331	9909
9334	15
9334	880
9334	5140
9334	6900
9334	9263
9336	321
9336	1858
9336	3720
9336	6198
9336	9311
9336	9739
9342	2309
9342	2697
9342	4138
9342	4717
9342	6038
9342	7036
9342	8484
9342	9249
9342	9807
9345	3168
9345	4514
9345	5089
9345	7034
9345	8785
9345	9881
9349	2169
9349	2938
9349	3717
9349	5130
9349	6011
9349	7158
9349	9074
9349	9156
9352	1078
9352	3413
9352	5424
9352	7205
9352	8097
9352	9405
9352	9479
9352	9564
9352	9624
9356	699
9356	753
9356	4738
9356	5145
9356	6043
9356	6874
9356	9275
9356	9514
9365	3464
9365	4207
9365	7326
9365	8322
9365	9595
9375	1079
9375	1114
9375	5198
9375	8565
9381	2053
9381	4105
9381	5633
9381	8952
9381	9623
9384	2548
9384	4174
9384	5265
9384	6061
9384	6328
9384	8839
9384	9993
9387	8223
9387	9555
9396	3085
9396	6245
9396	7816
9396	7977
9396	8048
9396	8566
9396	8601
9399	2656
9399	4482
9399	5371
9399	6634
9399	7533
9399	7658
9399	7739
9399	8825
9404	1177
9404	2071
9404	4223
9404	4561
9404	5463
9404	5569
9404	7032
9404	7227
9404	8199
9404	8566
9404	8704
9404	8827
9404	9311
9405	1504
9405	8315
9405	8780
9405	9089
9405	9352
9405	9635
9417	597
9417	1241
9417	2870
9417	4938
9417	8259
9417	8989
9417	9299
9420	833
9420	1035
9420	2442
9420	3201
9420	3661
9420	5039
9420	6622
9420	8118
9428	1363
9428	3291
9428	4636
9428	6980
9428	7185
9428	8017
9428	8151
9428	8990
9428	9583
9429	3547
9429	4087
9429	8305
9429	9241
9429	9623
9433	200
9433	4970
9433	5018
9433	7798
9433	8741
9435	101
9435	5003
9435	5220
9435	7157
9435	9292
9442	3090
9442	6388
9442	8229
9442	8481
9442	8965
9442	9174
9444	973
9444	3284
9444	4263
9444	8303
9444	8749
9444	8887
9444	9282
9444	9867
9444	9975
9451	5521
9451	5873
9451	6984
9451	7014
9451	7148
9451	7444
9451	7880
9451	8297
9451	8524
9453	2857
9453	4058
9453	6722
9453	6925
9453	7017
9453	9734
9461	3650
9461	8668
9461	9564
9461	9632
9462	1715
9462	3147
9462	3898
9462	7741
9462	8302
9462	9560
9462	9772
9463	38
9463	1950
9463	5636
9463	9700
9466	8093
9466	9331
9466	9479
9471	3307
9471	5327
9471	9188
9471	9819
9471	9881
9474	4768
9474	6885
9474	8319
9474	8574
9474	9216
9474	9581
9479	291
9479	5081
9479	5873
9479	6342
9479	7558
9479	7712
9479	9188
9479	9352
9479	9466
9479	9781
9491	166
9491	1415
9491	3326
9491	4543
9491	5478
9491	8749
9491	8808
9491	8991
9497	1461
9497	2177
9497	2944
9497	5672
9497	7758
9497	8042
9497	9538
9500	925
9500	3147
9500	3593
9500	4518
9500	5557
9500	7706
9500	8892
9500	9733
9500	9781
9502	1316
9502	7166
9502	9299
9502	9560
9505	5617
9505	6751
9505	7796
9505	8751
9505	9562
9510	276
9510	2220
9510	2307
9510	2840
9510	4772
9510	4985
9510	8570
9510	9928
9514	1337
9514	1860
9514	4183
9514	7148
9514	7496
9514	8017
9514	8422
9514	8585
9514	9356
9514	9733
9516	1259
9516	3196
9516	3950
9516	4593
9516	5098
9516	9189
9516	9745
9516	9816
9527	132
9527	157
9527	386
9527	1315
9527	2290
9527	4230
9527	5130
9527	5602
9527	7320
9538	585
9538	875
9538	1889
9538	2010
9538	4218
9538	4815
9538	6047
9538	7727
9538	8524
9538	8527
9538	8758
9538	9111
9538	9222
9538	9497
9550	758
9550	1795
9550	2156
9550	5553
9550	6183
9550	9758
9550	9920
9551	665
9551	899
9551	6282
9551	7659
9551	7793
9551	7862
9551	8322
9551	9189
9551	9926
9555	2779
9555	3246
9555	3907
9555	4225
9555	7693
9555	7992
9555	9059
9555	9387
9555	9861
9555	9994
9557	1700
9557	2136
9557	6328
9557	6823
9557	7761
9557	8656
9557	9188
9557	9253
9557	9805
9560	8672
9560	8903
9560	9462
9560	9502
9562	141
9562	1630
9562	2831
9562	3861
9562	5007
9562	5387
9562	8851
9562	9505
9564	2088
9564	3190
9564	5060
9564	8077
9564	8268
9564	9352
9564	9461
9564	9707
9564	9724
9568	1628
9568	4576
9568	4721
9568	8607
9568	9730
9568	9841
9573	445
9573	5614
9573	7180
9573	8045
9573	8080
9573	9920
9575	2955
9575	8618
9575	8650
9575	8888
9575	8987
9575	9629
9575	9876
9575	9981
9579	3520
9579	4183
9579	6656
9579	7419
9579	7638
9579	7802
9579	8704
9579	8875
9579	9020
9580	5557
9580	5777
9580	6390
9580	8481
9580	8848
9580	8984
9580	9186
9580	9596
9581	4170
9581	4439
9581	4768
9581	6755
9581	6885
9581	8808
9581	9474
9581	9605
9583	3123
9583	7926
9583	8020
9583	8814
9583	9428
9583	9791
9583	9943
9592	3920
9592	4344
9592	4574
9592	5026
9592	8967
9592	9722
9595	3464
9595	4036
9595	4085
9595	4362
9595	4673
9595	5581
9595	6740
9595	8370
9595	9365
9595	9812
9596	5131
9596	7586
9596	7763
9596	8848
9596	9580
9601	3235
9601	3953
9601	5926
9601	7495
9601	9734
9601	9968
9601	9971
9603	696
9603	1046
9603	4830
9603	5465
9603	5569
9603	6526
9603	7763
9603	7946
9603	8630
9603	9087
9605	5768
9605	8262
9605	8643
9605	8944
9605	9581
9605	9662
9606	2026
9606	5533
9606	6573
9606	7505
9606	8223
9606	8229
9606	9299
9608	1078
9608	3026
9608	5767
9608	6216
9608	7649
9608	7975
9608	8490
9608	9178
9608	9835
9611	781
9611	5929
9611	8774
9611	8793
9623	188
9623	881
9623	3854
9623	5528
9623	5683
9623	5983
9623	6061
9623	7827
9623	8310
9623	9381
9623	9429
9624	345
9624	1250
9624	4465
9624	7775
9624	8268
9624	9033
9624	9352
9624	9926
9629	588
9629	1873
9629	3233
9629	5876
9629	7818
9629	7931
9629	8650
9629	9038
9629	9575
9629	9877
9629	9981
9631	606
9631	822
9631	3860
9631	5767
9631	6208
9631	8726
9631	8995
9631	9282
9632	2172
9632	3415
9632	4087
9632	7506
9632	7616
9632	9461
9632	9776
9635	1889
9635	6047
9635	8726
9635	8759
9635	9405
9657	3111
9657	3760
9657	4962
9657	6389
9657	7175
9657	7369
9657	7540
9657	7926
9657	8791
9662	5081
9662	5979
9662	7854
9662	9193
9662	9304
9662	9605
9665	607
9665	863
9665	3907
9665	5598
9665	5772
9665	6395
9665	6575
9665	7201
9665	8359
9665	8791
9665	9273
9665	9747
9680	1891
9680	2182
9680	2440
9680	4962
9680	5743
9680	7624
9680	7858
9680	9820
9683	803
9683	5954
9683	6084
9683	6483
9683	7778
9683	8574
9683	8888
9683	9748
9683	9758
9683	9984
9690	801
9690	1193
9690	1262
9690	3090
9690	3726
9690	4970
9690	8484
9690	8524
9690	8619
9690	8887
9690	8935
9690	9293
9700	164
9700	2292
9700	7736
9700	9463
9700	9835
9700	9843
9704	2498
9704	3535
9704	3860
9704	6656
9704	8520
9704	8760
9704	9186
9704	9282
9707	4731
9707	6529
9707	6741
9707	7960
9707	8650
9707	8967
9707	9133
9707	9564
9711	1467
9711	2592
9711	5659
9711	6780
9711	8303
9711	8388
9711	8932
9711	9843
9711	9975
9715	5407
9715	6554
9715	7673
9715	8759
9715	9032
9715	9299
9715	9724
9722	2448
9722	4112
9722	4715
9722	6924
9722	8311
9722	8476
9722	8909
9722	9170
9722	9592
9724	3396
9724	6051
9724	6389
9724	8006
9724	8268
9724	8481
9724	9564
9724	9715
9730	197
9730	1337
9730	3316
9730	4330
9730	4731
9730	4853
9730	7862
9730	8061
9730	8814
9730	9568
9730	9774
9731	495
9731	2561
9731	3688
9731	6292
9731	7741
9731	7848
9731	8789
9731	9216
9733	1337
9733	4819
9733	5260
9733	7372
9733	7508
9733	8422
9733	8585
9733	8668
9733	8753
9733	9298
9733	9500
9733	9514
9733	9902
9734	1334
9734	2120
9734	5926
9734	7495
9734	9453
9734	9601
9736	1964
9736	2358
9736	2600
9736	4647
9736	5714
9736	6390
9736	7855
9736	8643
9736	8848
9736	8937
9736	9293
9736	9745
9739	1092
9739	3758
9739	5252
9739	6305
9739	6592
9739	7207
9739	8372
9739	9336
9745	2297
9745	4058
9745	4294
9745	5983
9745	6003
9745	8726
9745	9516
9745	9736
9746	1964
9746	2448
9746	3243
9746	3313
9746	8482
9746	9791
9747	863
9747	3807
9747	3907
9747	5598
9747	5772
9747	5801
9747	6906
9747	9198
9747	9665
9748	917
9748	923
9748	4701
9748	4899
9748	8243
9748	8455
9748	8484
9748	9322
9748	9683
9758	1737
9758	1813
9758	3239
9758	5083
9758	5256
9758	5954
9758	6483
9758	6678
9758	6722
9758	8376
9758	8888
9758	9033
9758	9550
9758	9683
9760	1315
9760	3725
9760	4644
9760	5305
9760	5386
9760	7661
9760	9079
9760	9894
9772	515
9772	1291
9772	1715
9772	2272
9772	3147
9772	5515
9772	6797
9772	7741
9772	8127
9772	9096
9772	9174
9772	9249
9772	9462
9774	5
9774	5578
9774	6751
9774	7378
9774	7392
9774	8656
9774	8669
9774	8896
9774	9730
9776	2076
9776	4178
9776	6950
9776	9282
9776	9632
9781	1410
9781	3082
9781	3123
9781	4122
9781	4518
9781	5503
9781	6872
9781	7495
9781	8120
9781	8896
9781	9030
9781	9479
9781	9500
9781	9805
9790	2292
9790	3194
9790	3925
9790	4741
9790	5954
9790	6111
9790	6255
9790	7265
9790	9046
9791	128
9791	2266
9791	4015
9791	4223
9791	4838
9791	5637
9791	8020
9791	9583
9791	9746
9791	9943
9791	9984
9802	175
9802	1221
9802	2984
9802	3851
9802	5918
9802	8229
9802	8944
9802	8947
9802	9299
9802	9812
9805	578
9805	1172
9805	4114
9805	4937
9805	5569
9805	6823
9805	7686
9805	7761
9805	8411
9805	8658
9805	9174
9805	9298
9805	9557
9805	9781
9805	9981
9807	1336
9807	3528
9807	4568
9807	5227
9807	6617
9807	7074
9807	7622
9807	8260
9807	8672
9807	9342
9807	9834
9812	4865
9812	5459
9812	6255
9812	6797
9812	6871
9812	7482
9812	7685
9812	7736
9812	8283
9812	8555
9812	9595
9812	9802
9816	2815
9816	3824
9816	5071
9816	5098
9816	8229
9816	8559
9816	9516
9817	3330
9817	4446
9817	5069
9817	5683
9817	5929
9817	6996
9819	1447
9819	4743
9819	4856
9819	9087
9819	9304
9819	9471
9819	9833
9819	9841
9820	392
9820	7624
9820	7661
9820	8742
9820	8987
9820	9680
9820	9984
9823	197
9823	1316
9823	2088
9823	2410
9823	3194
9823	3841
9823	4330
9823	4729
9823	6839
9823	6995
9823	8061
9823	8528
9827	3473
9827	3621
9827	4593
9827	5005
9827	5043
9827	5145
9827	8315
9827	8375
9827	8725
9827	8920
9827	9243
9827	9985
9831	680
9831	2710
9831	3996
9831	6936
9831	8225
9831	8377
9831	8614
9831	9111
9831	9322
9833	801
9833	2177
9833	3413
9833	4027
9833	6871
9833	6882
9833	8297
9833	9819
9833	9968
9833	9976
9834	859
9834	2191
9834	3221
9834	4935
9834	5227
9834	5445
9834	5711
9834	7453
9834	9807
9835	2421
9835	7788
9835	7861
9835	8095
9835	8584
9835	8937
9835	9033
9835	9608
9835	9700
9841	4743
9841	4856
9841	9064
9841	9568
9841	9819
9843	632
9843	753
9843	2602
9843	5659
9843	5672
9843	7699
9843	8298
9843	8388
9843	9164
9843	9700
9843	9711
9856	69
9856	625
9856	4895
9856	7505
9856	7904
9856	8635
9856	9975
9856	9993
9860	1475
9860	2026
9860	3201
9860	3545
9860	4959
9860	5115
9860	5332
9860	9059
9861	64
9861	103
9861	1079
9861	1513
9861	1746
9861	2915
9861	3861
9861	4032
9861	5260
9861	5305
9861	6573
9861	6746
9861	7211
9861	7364
9861	8663
9861	8726
9861	8882
9861	8889
9861	9171
9861	9555
9867	1141
9867	3136
9867	4867
9867	8517
9867	9444
9867	9975
9869	1700
9869	1737
9869	4513
9869	4973
9869	6113
9869	8440
9869	8760
9876	1960
9876	5487
9876	5528
9876	5876
9876	5961
9876	6419
9876	8413
9876	8650
9876	8987
9876	9222
9876	9575
9876	9930
9876	9981
9877	156
9877	4561
9877	7616
9877	7617
9877	8517
9877	8658
9877	8669
9877	9629
9881	515
9881	1249
9881	3243
9881	5327
9881	5372
9881	5436
9881	7937
9881	8658
9881	8888
9881	9345
9881	9471
9888	66
9888	1809
9888	4937
9888	5578
9888	7155
9888	7688
9888	8061
9888	8481
9888	8555
9888	8741
9891	2053
9891	5396
9891	7358
9891	8372
9891	8791
9891	8954
9891	9994
9894	2973
9894	7793
9894	9760
9901	866
9901	3661
9901	4306
9901	7688
9901	8476
9901	8566
9902	100
9902	1512
9902	2502
9902	3396
9902	5915
9902	6546
9902	8120
9902	8263
9902	9104
9902	9165
9902	9733
9907	625
9907	1913
9907	4999
9907	5032
9907	5789
9907	6798
9907	7784
9907	7937
9907	8823
9907	9086
9909	1420
9909	1503
9909	4517
9909	4561
9909	5961
9909	6400
9909	8281
9909	9322
9909	9331
9920	656
9920	1420
9920	2977
9920	6396
9920	8080
9920	8407
9920	9210
9920	9275
9920	9550
9920	9573
9920	9981
9926	2417
9926	4085
9926	4893
9926	5487
9926	5645
9926	5930
9926	7032
9926	7181
9926	7350
9926	8726
9926	9112
9926	9193
9926	9251
9926	9551
9926	9624
9928	2208
9928	3480
9928	5229
9928	6271
9928	6753
9928	7034
9928	7074
9928	7350
9928	8415
9928	8672
9928	9510
9930	3415
9930	5604
9930	6258
9930	6510
9930	8098
9930	8875
9930	9876
9943	100
9943	208
9943	2266
9943	3123
9943	4015
9943	5777
9943	7318
9943	8020
9943	8808
9943	8864
9943	9165
9943	9583
9943	9791
9943	9984
9952	1092
9952	2272
9952	4249
9952	7353
9952	7533
9952	9079
9952	9233
9968	2281
9968	2401
9968	5432
9968	7658
9968	9601
9968	9833
9971	1889
9971	4594
9971	4970
9971	5112
9971	5463
9971	5557
9971	5664
9971	6404
9971	6481
9971	7419
9971	8061
9971	8136
9971	8440
9971	8528
9971	8668
9971	8749
9971	9023
9971	9601
9975	1141
9975	3136
9975	3284
9975	3851
9975	4351
9975	4867
9975	8517
9975	9444
9975	9711
9975	9856
9975	9867
9976	1886
9976	3800
9976	4036
9976	4673
9976	5581
9976	6589
9976	7326
9976	7484
9976	7816
9976	8268
9976	8322
9976	9833
9979	3203
9979	4577
9979	6406
9979	6588
9979	7119
9979	7778
9979	9188
9979	9275
9981	1628
9981	4393
9981	4596
9981	5521
9981	5876
9981	6575
9981	8413
9981	8603
9981	8650
9981	9575
9981	9629
9981	9805
9981	9876
9981	9920
9984	1886
9984	4838
9984	5151
9984	6255
9984	6659
9984	8020
9984	8505
9984	9683
9984	9791
9984	9820
9984	9943
9985	1638
9985	2815
9985	4178
9985	6074
9985	7606
9985	8322
9985	8882
9985	8887
9985	8986
9985	9086
9985	9243
9985	9299
9985	9827
9993	1496
9993	1912
9993	7601
9993	8084
9993	8422
9993	8958
9993	9384
9993	9856
9994	497
9994	830
9994	2779
9994	3121
9994	4225
9994	5005
9994	7026
9994	7693
9994	7741
9994	9016
9994	9059
9994	9555
9994	9891
9996	2677
9996	3154
9996	4123
9996	6043
9996	7023
9996	7320
9996	8229
9996	8242
