0 1273.6116559
0.0009765625 3229.74772178
0.00106494895768 3429.13588728
0.00116133507324 3344.888395
0.001381067932 3441.08097017
0.00179587947927 3607.04079479
0.00179953008544 3570.29822872
0.0018007486025 3714.37703714
0.00184891989661 3560.11960504
0.00185017185702 3682.2746202
0.00258310197188 3930.65025474
0.00258835281867 3884.4021627
0.00327586983793 4016.54200157
0.00328475162208 4066.17732799
0.00420251519165 4280.41304602
0.00421390936624 4174.95682024
0.00618960259864 4529.60261759
0.00620638431374 4580.62715282
0.00622321152868 4579.96760004
0.00629097785918 4507.54050095
0.00813632909913 4680.60086658
0.00814735154601 4647.00797455
0.00815838892521 4647.78966501
0.00951986117053 4695.9425093
0.0095456721326 4706.5876854
0.0109963158562 4833.02312473
0.011026129893 4863.33413232
0.0137207200029 4927.93591179
0.0177935724181 5006.76656721
0.0185813611719 4979.69600888
0.0221870147187 5032.36321937
0.0222170719089 5124.00751279
0.0222471698182 5112.24989894
0.0222773085016 5152.67199667
0.0223377084124 5158.84469469
0.0228268405341 5130.24102123
0.0251639114367 5225.65933809
0.0275904443115 5223.05125885
0.0277402576957 5196.85675301
0.0285209147156 5259.45988501
0.0333481375212 5299.08693806
0.0415540473624 5349.23143874
0.0416667118143 5393.02701357
0.0417514105689 5341.99501742
0.0525916132516 5400.9052319
0.052877180511 5412.93034015
0.0529129852728 5413.59610002
0.0558195406517 5456.25522608
0.0559330088225 5423.53134048
0.0615344894227 5474.23688153
0.0615761563141 5449.24229449
0.0617849143627 5487.48209566
0.0639118191612 5501.2114139
0.0652229469424 5483.01921172
0.0652671114017 5470.76706712
0.0709818383849 5500.09549206
0.0828833750979 5513.4446155
0.0833334236286 5485.58347624
0.0846409716836 5535.00430997
0.0951564534368 5533.61800268
0.096388176588 5530.17729842
0.109765760023 5506.78942142
0.111111351899 5522.76636915
0.111563538207 5518.22990935
0.16599131771 5481.64260868
0.166666847257 5463.04729387
0.167005642276 5426.60322798
0.169167394932 5416.03148119
0.200766957052 5398.20814242
0.249492838964 5322.69445243
0.25 5095.51435432
0.324209888663 5146.86110167
0.332882731656 5186.36563775
0.333333694514 4978.54017691
0.33355940499 4986.65808832
0.337419951567 4966.25600815
0.337877061088 4986.18475143
0.338334789863 4951.40544472
0.5 3935.90680015
0.746959310968 3854.67813962
0.747465100044 3814.37192302
1 0.0
