0 0.0
0.0009765625 320.204930454
0.00111965162204 711.044593584
0.00112040977252 498.026305658
0.00112496946828 462.706473386
0.00112801956993 551.625789746
0.0011287833866 360.368640219
0.00113337716018 492.642665046
0.00116290835697 497.806430889
0.00125280275008 1144.40799281
0.00137453948203 1221.43810135
0.0013754702249 1099.93771287
0.00144318959985 1215.5644393
0.00147379338632 1640.27241478
0.00157380941834 1719.80285209
0.00157487509301 2146.84186969
0.00160175275526 2491.78613001
0.00160718308413 2095.63301847
0.00170698259376 2938.31128111
0.00180196794465 2801.53994731
0.00191905180753 3138.8239987
0.00215892860489 3761.08056056
0.00217653660663 3955.58128694
0.00223022696088 4281.70717634
0.00226062514382 4292.88319174
0.00246689848235 4272.51195872
0.00247861515077 4926.42836404
0.00253632111131 4657.57658659
0.00253803853219 4794.33612161
0.00256047111626 4832.55625378
0.00264503036511 4992.47621295
0.00294758677264 5545.91410696
0.00358447255777 6149.83128346
0.00358689971415 6108.5900356
0.00359175895855 6331.53499377
0.00388515399798 6278.59516495
0.00511055366304 7058.37053184
0.00512094223252 7064.75235036
0.0056835798507 7562.71914495
0.00600797177278 7548.71969012
0.00672245135106 7899.48673379
0.00674980949594 8058.6368579
0.00728142987655 8345.44024182
0.00814735154601 8500.59965945
0.00815838892521 8386.37413685
0.0086298708691 8402.15255719
0.00927183310119 8566.96302236
0.00927811134396 8554.64237305
0.0101452844453 8854.29193407
0.0101521541287 8820.94062246
0.0110037617992 9108.70518523
0.0118623944654 9175.48724405
0.0140401593991 9524.15118124
0.0141259547213 9475.06595397
0.0159024253568 9799.74734414
0.0170853812355 9938.04836714
0.0184810111091 9924.55318915
0.0207910924417 10008.9368841
0.021117316318 10117.9812648
0.0211602429209 10307.4029109
0.0238536121887 10178.1083098
0.0238697642017 10365.2267021
0.0240644435666 10301.1573341
0.0268898054043 10398.0450536
0.0286563763501 10518.9213236
0.0363910266437 10637.7527539
0.0371375753517 10677.6110991
0.0371627223438 10720.7066311
0.045161900218 10735.3020353
0.0553679651687 10951.1500769
0.0555556759493 10933.0125935
0.0557440231147 10987.2549636
0.0557817691037 10965.2334135
0.0625 10998.4493081
0.0630097436324 11004.8571583
0.0630524094638 11020.7955982
0.0631805803782 11054.1260597
0.0712224839684 11039.0732597
0.0714639453986 11057.5284899
0.0823242308157 11071.3035447
0.0833334236286 11112.0966689
0.0835028211378 11098.6464111
0.0965187555682 11085.3416136
0.100044304161 11180.1541426
0.10017983617 11094.1023933
0.111111351899 11111.9077972
0.111186588805 11096.1033563
0.111261876657 11116.6350973
0.123821017508 11193.8916942
0.132761989798 11113.5369821
0.133392550085 11137.2692791
0.155337339014 11058.8601861
0.155547777597 11014.2089606
0.156180805404 10986.6243011
0.156922594628 11010.7783009
0.158631369649 10962.312697
0.163205957385 11038.2251783
0.166666847257 10840.7521647
0.166779702495 10944.7521243
0.16779884465 11018.2731619
0.168709975784 10916.9407948
0.19173524973 10918.5836824
0.201720510626 10968.9377953
0.201857101776 10833.6067792
0.205580230086 10786.7517316
0.222523753314 10804.0564668
0.223127076415 10600.3398741
0.25 10466.5852495
0.284889935874 10468.1061447
0.285082843593 10484.0098545
0.286243036108 10118.5218115
0.29750309091 10341.3296629
0.333333694514 10014.0622963
0.334916881013 9812.81213287
0.338563886734 9803.39772086
0.355473150542 9886.39768488
0.368707041721 9903.95674043
0.388960433772 9666.46681147
0.389487366209 9623.08695344
0.425890568838 9493.3145876
0.429364088928 9178.05283738
0.429654824531 9371.62776814
0.5 7879.0207704
0.599453083537 7925.3224443
0.60762367999 7274.76312781
0.666667389029 7275.21012307
0.677127773468 6983.54654094
0.787990422554 6978.74428246
1 0.0
