0.00029397460514	0.00118917741779	0.00118998264632
0.00029397460514	0.0013216202729	0.00132251518256
0.00029397460514	0.00272868556831	0.00273053324506
0.00029397460514	0.00450292487852	0.00450597394717
0.00029397460514	0.264089997028	0.264268820471
0.000293974605141	0.111036165903	0.111111351899
0.000293974605141	0.142927890797	0.143024671659
0.000293974605141	0.143024671659	0.143121518054
0.000293974605141	0.155127185131	0.155232226509
0.000293974605141	0.210081850944	0.210224103813
0.000293974605141	0.266604574029	0.266785100169
0.000293974605141	0.285855781594	0.286049343318
0.000293974605141	0.300742687168	0.300946329273
0.000293974605141	0.300946329273	0.301150109269
0.000293974605141	0.435805954192	0.43610105178
0.000293974605141	0.500338565347	0.500677359946
0.000293974605141	0.559460963309	0.559839791499
0.000293974605141	0.559839791499	0.560218876205
0.000293974605141	0.600265174554	0.600671632528
0.000293974605141	0.666667389029	0.66711880998
0.000293974605141	0.749999187344	0.750507034813
0.000293974605141	0.400177216645	0.400448188921
0.000293974605141	0.5	0.500338565347
0.000293974605141	0.0009765625	0.000977223760442
0.000293974605141	0.00137267988528	0.00137360936896
0.000293974605141	0.00137826623663	0.001379199503
0.000293974605141	0.00147479133706	0.00147578996354
0.000293974605141	0.00171161069308	0.00171276967721
0.000293974605141	0.00180563092726	0.00180685357538
0.000293974605141	0.00216624789452	0.00216771472746
0.000293974605141	0.00217506380417	0.00217653660663
0.000293974605141	0.00273053324506	0.00273238217293
0.000293974605141	0.00450597394717	0.00450902508043
0.000293974605141	0.00492712209438	0.00493045839998
0.000293974605141	0.00626123976063	0.00626547943825
0.000293974605141	0.00870025521669	0.00870614642653
0.000293974605141	0.00974809440037	0.00975469513429
0.000293974605141	0.0147913591729	0.0148013748561
0.000293974605141	0.0238213409443	0.0238374711054
0.000293974605141	0.0800167205833	0.0800709023607
0.000293974605141	0.136405768615	0.136498133148
0.000293974605141	0.140910552622	0.141005967482
0.000293974605141	0.239562925818	0.239725141228
0.000587949210281	0.00168061283777	0.00168288959741
0.000587949210281	0.0112752003164	0.0112904750545
0.000587949210281	0.0173887359865	0.0174122928531
0.000587949210281	0.032921989061	0.0329665891344
0.000587949210281	0.0543284449168	0.0544020447418
0.000587949210281	0.140719916551	0.140910552622
0.000587949210281	0.239725141228	0.240049901645
0.000881923815422	0.00180685357538	0.00181052648934
0.000881923815422	0.00830324293853	0.00832012150431
0.000881923815422	0.100044304161	0.100247671012
0.000881923815422	0.501695120815	0.502714950556
0.000881923815422	0.166666847257	0.167005642276
0.000881923815422	0.500677359946	0.501695120815
0.000881923815422	0.66711880998	0.668474907687
0.000881923815422	0.001207836277	0.00121029152783
0.000881923815422	0.00796737564833	0.00798357147386
0.000881923815422	0.00832012150431	0.00833703438029
0.00117589842056	0.00911625028869	0.00914096695065
0.00117589842056	0.032832969849	0.032921989061
0.00117589842056	0.3324323789	0.333333694514
0.00117589842056	0.318122925847	0.318985444599
0.00117589842056	0.0119348821008	0.0119672408489
0.00117589842056	0.0190010975198	0.0190526147214
0.00117589842056	0.100247671012	0.100519470021
0.0014698730257	0.00137360936896	0.00137826623663
0.0014698730257	0.00216771472746	0.00217506380417
0.0014698730257	0.00581196684169	0.00583167081364
0.0014698730257	0.0267264876276	0.0268170968786
0.0014698730257	0.0843549878918	0.0846409716836
0.00176384763084	0.00490715161667	0.00492712209438
0.00176384763084	0.00626547943825	0.00629097785918
0.00205782223598	0.400448188921	0.402350139359
0.00205782223598	0.49763644864	0.5
0.00205782223598	0.0204976391187	0.0205949937698
0.00235179684112	0.00120131326477	0.001207836277
0.00235179684112	0.011048543456	0.0111085359544
0.00293974605141	0.0118543675094	0.0119348821008
0.00293974605141	0.184853353962	0.186108873691
0.00293974605141	0.790126881326	0.795493404931
0.00323372065655	0.00131181614374	0.0013216202729
0.00323372065655	0.00225603913985	0.0022729001148
0.00352769526169	0.029683010909	0.0299251025218
0.00352769526169	0.111111351899	0.112017564764
0.00352769526169	0.00110310149274	0.00111209827613
0.00352769526169	0.00450902508043	0.0045458002296
0.00382166986683	0.264268820471	0.266604574029
0.00411564447197	0.11761217963	0.118732043636
0.00411564447197	0.0156355801671	0.0157844569543
0.00411564447197	0.00118998264632	0.00120131326477
0.00440961907711	0.000977223760442	0.00098719656841
0.00440961907711	0.10748643925	0.108583364705
0.00470359368225	0.00273238217293	0.00276213586401
0.00499756828739	0.106256647107	0.10748643925
0.00529154289253	0.0833334236286	0.0843549878918
0.00587949210281	0.141005967482	0.142927890797
0.00587949210281	0.182367667166	0.184853353962
0.00587949210281	0.560218876205	0.567854707079
0.00587949210281	0.167005642276	0.169281943367
0.00646744131309	0.00553924954813	0.00562235640354
0.00646744131309	0.0111085359544	0.0112752003164
0.00705539052337	0.428783207787	0.435805954192
0.00734936512852	0.00168288959741	0.00171161069308
0.0079373143388	0.00306353715189	0.00312004218342
0.00823128894394	0.567854707079	0.578720036817
0.00881923815422	0.222222703797	0.226781521938
0.00881923815422	0.226781521938	0.231433862578
0.00911321275936	0.151905919998	0.155127185131
0.00970116196964	0.108583364705	0.111036165903
0.00970116196964	0.651940632596	0.666667389029
0.00999513657478	0.00386417192654	0.00395413577295
0.0114650096005	0.00395413577295	0.00405991169137
0.0117589842056	0.00127677387298	0.00131181614374
0.0132288572313	0.136498133148	0.140719916551
0.0135228318365	0.277092102931	0.285855781594
0.0135228318365	0.00098719656841	0.00101841894325
0.0141107810467	0.00975469513429	0.010076842761
0.0141107810467	0.00678646029404	0.00701058232423
0.0144047556519	0.0157844569543	0.0163167778504
0.0144047556519	0.00562235640354	0.00581196684169
0.0144047556519	0.0329665891344	0.0340783666458
0.0144047556519	0.333333694514	0.344575163986
0.014698730257	0.071560759027	0.07402419081
0.0149927048622	0.231433862578	0.239562925818
0.0155806540725	0.00217653660663	0.00225603913985
0.0158746286776	0.578720036817	0.600265174554
0.0161686032827	0.00132251518256	0.00137267988528
0.0164625778879	0.266785100169	0.277092102931
0.0170505270982	0.00798357147386	0.00830324293853
0.0170505270982	0.0268170968786	0.0278908845519
0.0173445017033	0.0800709023607	0.0833334236286
0.0176384763084	0.240049901645	0.25
0.0179324509136	0.318985444599	0.3324323789
0.0185204001239	0.00833703438029	0.00870025521669
0.0199902731496	0.00870614642653	0.00911625028869
0.0202842477547	0.00528648109162	0.00553924954813
0.0211661715701	0.0112904750545	0.0118543675094
0.0211661715701	0.0205949937698	0.0216235919057
0.0211661715701	0.112017564764	0.11761217963
0.0211661715701	0.200088608322	0.210081850944
0.0217541207804	0.00147578996354	0.00155159607843
0.0217541207804	0.286049343318	0.300742687168
0.0220480953855	0.00193863620154	0.0020395972313
0.0223420699907	0.00347222974683	0.00365553143921
0.0223420699907	0.750507034813	0.790126881326
0.0223420699907	0.118732043636	0.125
0.022930019201	0.00171276967721	0.00180563092726
0.022930019201	0.0544020447418	0.0573515609242
0.0232239938061	0.00121029152783	0.00127677387298
0.0238119430164	0.0148013748561	0.0156355801671
0.0238119430164	0.25	0.264089997028
0.0238119430164	0.301150109269	0.318122925847
0.0241059176215	0.100519470021	0.106256647107
0.0241059176215	0.210224103813	0.222222703797
0.0241059176215	0.00365553143921	0.00386417192654
0.0258697652524	0.143121518054	0.151905919998
0.0261637398575	0.0020395972313	0.00216624789452
0.0270456636729	0.0278908845519	0.029683010909
0.0273396382781	0.467274997485	0.49763644864
0.0276336128832	0.402350139359	0.428783207787
0.0276336128832	0.0163167778504	0.0173887359865
0.0279275874884	0.375253517407	0.400177216645
0.0279275874884	0.00914096695065	0.00974809440037
0.0291034859089	0.001379199503	0.00147479133706
0.0291034859089	0.00111209827613	0.00118917741779
0.0296914351192	0.00181052648934	0.00193863620154
0.0299854097243	0.43610105178	0.467274997485
0.0302793843295	0.00493045839998	0.00528648109162
0.0305733589346	0.0666962750423	0.071560759027
0.0308673335398	0.00583167081364	0.00626123976063
0.0308673335398	0.155232226509	0.166666847257
0.03145528275	0.186108873691	0.200088608322
0.0317492573552	0.0190526147214	0.0204976391187
0.0323372065655	0.169281943367	0.182367667166
0.0329251557757	0.00629097785918	0.00678646029404
0.0329251557757	0.0846409716836	0.0913073621363
0.0332191303809	0.0045458002296	0.00490715161667
0.0338070795912	0.07402419081	0.0800167205833
0.0346890034066	0.00101841894325	0.00110310149274
0.0346890034066	0.00155159607843	0.00168061283777
0.035570927222	0.600671632528	0.651940632596
0.0370408002477	0.344575163986	0.375253517407
0.0379227240631	0.125	0.136405768615
0.0379227240631	0.0174122928531	0.0190010975198
0.039686571694	0.0913073621363	0.100044304161
0.0399805462991	0.010076842761	0.011048543456
0.0402745209043	0.0299251025218	0.032832969849
0.0405684955094	0.0119672408489	0.0131390064883
0.0420383685351	0.0216235919057	0.0238213409443
0.0435082415608	0.0378225547601	0.0418079720353
0.0449781145865	0.00276213586401	0.00306353715189
0.0449781145865	0.00405991169137	0.00450292487852
0.0452720891917	0.0340783666458	0.0378225547601
0.0464479876122	0.502714950556	0.559460963309
0.0464479876122	0.00312004218342	0.00347222974683
0.0496817082688	0.0238374711054	0.0267264876276
0.0499756828739	0.668474907687	0.749999187344
0.0514455558996	0.0131390064883	0.0147913591729
0.0555612003716	0.00701058232423	0.00796737564833
0.0561491495819	0.0477395284033	0.0543284449168
0.0576190226076	0.0418079720353	0.0477395284033
0.0655563369464	0.0573515609242	0.0666962750423
0.079373143388	0.0022729001148	0.00272868556831
0.0993634165375	0.795493404931	1
