0.00029397460514	0.0124464230574	0.0124548509124
0.00029397460514	0.0500221520806	0.0500560236151
0.00029397460514	0.0833334236286	0.0833898512475
0.00029397460514	0.166554068385	0.166666847257
0.000293974605141	0.333108136771	0.333333694514
0.000293974605141	0.5	0.500338565347
0.000293974605141	0.501016383954	0.501355637525
0.000293974605141	0.00815286836781	0.00815838892521
0.000293974605141	0.0360966262377	0.0361210683712
0.000293974605141	0.0652229469424	0.0652671114017
0.000293974605141	0.166666847257	0.166779702495
0.000587949210281	0.166779702495	0.167005642276
0.000587949210281	0.500338565347	0.501016383954
0.000881923815422	0.0499206749346	0.0500221520806
0.000881923815422	0.16621618945	0.166554068385
0.000881923815422	0.249492838964	0.25
0.00117589842056	0.0556309383286	0.0557817691037
0.0014698730257	0.0274600214471	0.027553117555
0.0014698730257	0.188008160357	0.188645553449
0.0014698730257	0.167005642276	0.167571831757
0.00176384763084	0.00507264222263	0.00509328619216
0.00205782223598	0.0829394979751	0.0833334236286
0.00235179684112	0.010076842761	0.0101315590207
0.00293974605141	0.0361210683712	0.0363664018368
0.00323372065655	0.00112801956993	0.0011364500574
0.00323372065655	0.00409302391749	0.00412361397797
0.00382166986683	0.00202172808368	0.0020395972313
0.00382166986683	0.111111351899	0.112093415296
0.00470359368225	0.0995713844589	0.100655645747
0.00529154289253	0.0059513054245	0.00602426103675
0.00617346670795	0.0355871448361	0.0360966262377
0.00676141591823	0.0208333559071	0.0211602429209
0.00823128894394	0.027553117555	0.0280803187982
0.00881923815422	0.0280803187982	0.0286563763501
0.00911321275936	0.0638685717909	0.0652229469424
0.0094071873645	0.127737143582	0.130534222803
0.0094071873645	0.0011364500574	0.00116133507324
0.0094071873645	0.125	0.127737143582
0.0120529588108	0.0202631180414	0.0208333559071
0.0141107810467	0.0120485220735	0.0124464230574
0.0149927048622	0.501355637525	0.518965643415
0.018814374729	0.136313466583	0.142348579345
0.018814374729	0.0340783666458	0.0355871448361
0.018814374729	0.142348579345	0.148650889375
0.018814374729	0.130534222803	0.136313466583
0.0202842477547	0.00390625	0.00409302391749
0.0270456636729	0.0652671114017	0.0694608439591
0.037628749458	0.00328475162208	0.00358204704377
0.037628749458	0.00358204704377	0.00390625
0.037628749458	0.0101315590207	0.011048543456
0.037628749458	0.011048543456	0.0120485220735
0.037628749458	0.0170391833229	0.0185813611719
0.037628749458	0.0185813611719	0.0202631180414
0.037628749458	0.0405262360828	0.0441941738242
0.0429202923505	0.100655645747	0.111111351899
0.0458600384019	0.0500560236151	0.0556309383286
0.0470359368225	0.0363664018368	0.0405262360828
0.0473299114276	0.112093415296	0.125
0.0485058098482	0.148650889375	0.16621618945
0.0499756828739	0.167571831757	0.188008160357
0.0529154289253	0.0441941738242	0.0499206749346
0.0537973527407	0.0211602429209	0.02395068847
0.0587949210281	0.0557817691037	0.0638685717909
0.0593828702384	0.02395068847	0.0274600214471
0.0608527432641	0.0124548509124	0.0143281881751
0.0626165908949	0.0009765625	0.00112801956993
0.0676141591823	0.00509328619216	0.0059513054245
0.075257498916	0.0143281881751	0.0170391833229
0.075257498916	0.0286563763501	0.0340783666458
0.0770213465468	0.0694608439591	0.0829394979751
0.0770213465468	0.0833898512475	0.0995713844589
0.089956229173	0.00412361397797	0.00507264222263
0.0917200768039	0.00815838892521	0.010076842761
0.121411511923	0.188645553449	0.249492838964
0.12464523258	0.25	0.333108136771
0.131406648498	0.00602426103675	0.00815286836781
0.168447448746	0.518965643415	0.764867233474
0.176090788479	0.333333694514	0.5
0.206958122019	0.0020395972313	0.00328475162208
0.24076520161	0.00116133507324	0.00202172808368
