0 1675.13507783
0.0009765625 3451.36084844
0.00112801956993 3536.16201248
0.0011364500574 3431.2322735
0.00116133507324 3467.19473505
0.00202172808368 3763.99899959
0.0020395972313 3791.65710339
0.00328475162208 4101.60870107
0.00358204704377 4067.75336195
0.00390625 4237.53881407
0.00409302391749 4197.50698816
0.00412361397797 4041.4982369
0.00507264222263 4255.80034126
0.00509328619216 4275.22279763
0.0059513054245 4252.76117649
0.00602426103675 4316.40162729
0.00815286836781 4418.60146864
0.00815838892521 4415.81084405
0.010076842761 4518.73490171
0.0101315590207 4545.04273478
0.011048543456 4609.80626519
0.0120485220735 4697.29838496
0.0124464230574 4650.77607391
0.0124548509124 4575.86334559
0.0143281881751 4707.72897296
0.0170391833229 4848.74987103
0.0185813611719 4782.6092222
0.0202631180414 4826.71465154
0.0208333559071 4870.81638425
0.0211602429209 4879.17633198
0.02395068847 4920.60675935
0.0274600214471 4915.32779394
0.027553117555 4928.83101351
0.0280803187982 4969.4595426
0.0286563763501 4972.25565058
0.0340783666458 4986.24073555
0.0355871448361 5001.99737538
0.0360966262377 5015.78161291
0.0361210683712 5021.52059426
0.0363664018368 5013.08284201
0.0405262360828 5045.06901446
0.0441941738242 5049.09373282
0.0499206749346 5078.98395155
0.0500221520806 5122.28456625
0.0500560236151 5080.34927556
0.0556309383286 5126.55583652
0.0557817691037 5150.46350288
0.0638685717909 5161.268244
0.0652229469424 5139.46467511
0.0652671114017 5182.43801616
0.0694608439591 5169.31482022
0.0829394979751 5171.03849684
0.0833334236286 5194.89226639
0.0833898512475 5211.87782572
0.0995713844589 5172.03793086
0.100655645747 5169.42885661
0.111111351899 5195.72422381
0.112093415296 5200.72803909
0.125 5155.17713383
0.127737143582 5134.59044783
0.130534222803 5175.69350345
0.136313466583 5165.85117959
0.142348579345 5163.74361329
0.148650889375 5164.57153494
0.16621618945 5151.81894424
0.166554068385 5121.23845833
0.166666847257 5088.64821
0.166779702495 5124.20311203
0.167005642276 5028.57607069
0.167571831757 5074.90635286
0.188008160357 5073.96162094
0.188645553449 5065.59045941
0.249492838964 5058.61648636
0.25 4882.1144861
0.333108136771 4868.60832157
0.333333694514 4675.97593531
0.5 3709.30413443
0.500338565347 3585.24158601
0.501016383954 3532.76270912
0.501355637525 3603.37927924
0.518965643415 3644.08872778
0.764867233474 3542.59793465
1 0.0
