59	8736
74	1350
74	8638
81	1875
97	7460
97	8638
105	9553
121	7220
131	9798
147	3663
158	9831
163	5287
166	6343
200	9433
218	8933
222	4628
242	9524
250	2286
274	9243
274	9818
284	4219
316	7467
332	9748
382	5657
389	9273
428	7608
428	9404
436	7400
436	9658
463	7157
479	7552
479	8063
480	2354
480	9532
480	9836
506	9697
539	7577
539	9910
548	9986
558	8030
564	8047
576	3620
592	8924
592	8937
594	9267
594	9928
594	9990
651	8643
723	8925
738	5341
738	7157
738	7680
740	1706
740	7847
740	9319
742	2053
751	9144
803	3662
809	1071
828	9233
839	933
856	7953
856	8696
857	4404
857	8707
861	2439
873	5630
877	8368
886	1797
886	7282
889	2777
907	9604
923	4943
923	9748
933	839
933	4859
939	8554
943	9212
943	9625
974	3411
991	1402
1004	3818
1008	2141
1043	7636
1071	809
1074	9902
1086	2297
1113	8871
1121	9550
1185	9258
1239	3216
1239	7455
1270	1781
1281	7472
1350	74
1350	7805
1377	2362
1385	9818
1389	3924
1389	7431
1389	8835
1402	991
1421	9791
1445	2381
1451	9284
1472	3545
1472	4358
1490	8047
1498	7861
1573	4333
1578	7213
1593	9443
1615	9748
1628	9568
1655	8155
1655	8643
1689	9781
1705	6911
1706	740
1729	4692
1730	7434
1730	9623
1730	9870
1737	9468
1738	5663
1738	9910
1750	9553
1761	9716
1765	6343
1781	1270
1781	6330
1797	886
1834	8347
1867	9496
1871	6047
1871	6885
1875	81
1888	9620
1892	6505
1905	6510
1905	7414
1905	7608
1921	7678
1921	7715
1921	9553
1934	9234
1936	8569
1943	9123
1944	3668
1945	4997
1949	8929
1952	8410
2015	9123
2029	8108
2030	2934
2045	3512
2051	6670
2053	742
2053	9381
2070	6372
2098	9910
2099	3746
2099	9144
2107	4069
2128	9831
2141	1008
2141	9437
2141	9468
2171	8814
2184	9179
2208	9928
2210	3859
2212	3725
2212	9585
2219	9417
2226	3411
2231	9441
2235	7001
2235	9161
2255	7549
2264	6964
2270	3811
2286	250
2297	1086
2309	4333
2314	5980
2325	9437
2330	9881
2354	480
2362	1377
2381	1445
2388	4689
2388	9732
2412	7459
2439	861
2442	3808
2442	4955
2487	2956
2499	5466
2519	6496
2534	9320
2552	9841
2553	7472
2554	9881
2556	8976
2569	9697
2637	4175
2650	9677
2684	8924
2691	6875
2691	8835
2691	9582
2693	9677
2716	9798
2719	3064
2719	9524
2721	5313
2736	9320
2736	9597
2739	8149
2739	8260
2741	8929
2749	9061
2754	5405
2754	8925
2777	889
2777	9254
2782	9258
2807	4219
2807	4526
2807	9716
2813	9841
2831	2981
2865	3305
2881	9422
2884	3093
2884	9320
2884	9999
2894	7260
2894	7598
2902	6128
2915	7211
2934	2030
2934	9629
2956	2487
2956	8204
2961	6978
2961	9582
2981	2831
2999	8889
3000	8814
3005	8787
3005	9168
3052	8787
3063	8260
3064	2719
3072	9539
3073	4078
3077	4608
3077	9697
3092	7211
3093	2884
3108	7821
3109	8861
3109	9629
3114	8113
3114	9532
3116	9553
3144	8490
3173	7683
3203	9323
3206	5734
3216	1239
3225	7420
3233	6510
3233	9629
3244	8274
3249	6343
3264	5793
3266	8353
3266	9451
3297	6087
3299	8643
3305	2865
3305	9168
3331	9020
3337	9273
3361	6279
3361	8033
3389	9493
3410	3890
3410	9836
3411	974
3411	2226
3426	4821
3446	9374
3446	9539
3451	4107
3512	2045
3512	7491
3512	8787
3530	7688
3530	9374
3541	8787
3545	1472
3550	4156
3584	5668
3591	7460
3592	7124
3608	7270
3620	576
3662	803
3663	147
3668	1944
3673	7322
3673	8736
3704	6152
3725	2212
3745	9625
3745	9677
3746	2099
3760	4594
3771	9585
3772	8814
3777	6437
3777	8113
3778	7274
3799	7202
3799	7270
3808	2442
3811	2270
3811	8274
3811	8709
3818	1004
3818	9768
3820	7213
3834	6911
3834	8802
3834	9028
3834	9771
3854	9212
3854	9623
3859	2210
3890	3410
3890	8935
3924	1389
3947	8012
3947	8154
3948	8915
3954	7680
4015	9659
4015	9791
4025	9986
4069	2107
4069	9836
4078	3073
4078	7765
4078	9323
4088	6067
4088	9299
4107	3451
4119	9604
4127	9323
4156	3550
4164	8102
4175	2637
4175	8274
4175	8329
4175	9475
4189	5466
4212	6973
4212	8937
4219	284
4219	2807
4242	8950
4242	9841
4244	7758
4244	9666
4270	9629
4282	7211
4282	8260
4287	7821
4287	7861
4287	9417
4298	7153
4298	8139
4298	9742
4312	6545
4312	9582
4332	9677
4333	1573
4333	2309
4350	4728
4350	6816
4350	9524
4358	1472
4378	8606
4378	9377
4378	9404
4378	9996
4400	5382
4400	6343
4400	6372
4400	9276
4404	857
4424	6043
4442	6884
4442	9234
4458	6646
4459	6184
4502	7202
4502	7270
4507	9468
4526	2807
4526	8633
4536	7538
4536	8490
4540	7408
4540	7821
4540	9153
4556	5611
4556	7661
4559	8274
4559	9622
4580	7153
4580	7305
4592	6051
4592	8223
4592	9986
4594	3760
4608	3077
4608	8126
4624	5886
4624	7683
4628	222
4628	8993
4631	4637
4631	4792
4637	4631
4641	8633
4641	9521
4689	2388
4692	1729
4705	9443
4711	9521
4711	9946
4716	6646
4728	4350
4728	6831
4781	8933
4792	4631
4798	8368
4815	5133
4815	9620
4821	3426
4838	9791
4859	933
4859	9582
4859	9748
4887	5516
4892	7906
4894	9377
4904	8410
4904	9771
4943	923
4955	2442
4955	9091
4960	7765
4997	1945
4997	8425
4997	9881
5038	9928
5073	6878
5133	4815
5133	8976
5133	9108
5191	6120
5196	9771
5246	8126
5251	6839
5270	6871
5270	7030
5287	163
5313	2721
5341	738
5341	5657
5382	4400
5382	8915
5382	9020
5399	9031
5405	2754
5405	9920
5442	7681
5442	9028
5458	8794
5466	2499
5466	4189
5466	6221
5466	7202
5479	7847
5479	8787
5479	9928
5492	8126
5492	8932
5509	6755
5509	9622
5516	4887
5531	7688
5531	8231
5556	8347
5556	9768
5575	7153
5575	8510
5575	9323
5578	6867
5578	9658
5599	9475
5611	4556
5611	7045
5630	873
5630	9179
5633	8730
5633	9148
5633	9381
5651	8007
5657	382
5657	5341
5663	1738
5663	9319
5663	9451
5668	3584
5671	9161
5734	3206
5763	6093
5763	9320
5783	5917
5783	7190
5790	5917
5790	9550
5793	3264
5793	8915
5824	8368
5824	9553
5824	9990
5825	6662
5825	8951
5825	8980
5883	9135
5886	4624
5898	7008
5902	8696
5902	9716
5917	5783
5917	5790
5917	7282
5917	9153
5917	9256
5980	2314
6041	8425
6043	4424
6043	9996
6047	1871
6047	9135
6051	4592
6067	4088
6067	8204
6087	3297
6093	5763
6096	7349
6096	9243
6120	5191
6120	8993
6128	2902
6145	6886
6145	9791
6150	9881
6152	3704
6152	7221
6152	8806
6152	9123
6166	9659
6184	4459
6221	5466
6241	8441
6279	3361
6279	8154
6279	9031
6310	8490
6310	8950
6328	9323
6330	1781
6343	166
6343	1765
6343	3249
6343	4400
6343	8047
6345	9368
6352	9791
6372	2070
6372	4400
6372	9818
6375	7513
6375	9568
6409	9677
6424	9946
6431	7678
6437	3777
6437	7681
6446	7547
6446	9161
6496	2519
6496	7460
6496	9582
6501	8593
6501	9539
6505	1892
6505	7255
6505	7538
6510	1905
6510	3233
6510	7438
6510	9910
6545	4312
6545	6875
6560	9020
6585	9091
6585	9771
6646	4458
6646	4716
6646	9848
6662	5825
6665	7030
6665	7129
6665	8223
6665	9732
6670	2051
6670	8161
6675	7990
6687	9299
6706	7434
6706	9299
6728	7513
6728	7831
6755	5509
6755	8206
6758	9319
6775	7434
6775	9212
6808	6975
6808	9153
6816	4350
6816	7681
6816	9524
6819	9441
6831	4728
6839	5251
6867	5578
6867	9791
6871	5270
6871	8951
6875	2691
6875	6545
6875	9582
6878	5073
6878	7758
6878	8398
6878	8569
6878	9493
6884	4442
6884	9175
6885	1871
6886	6145
6886	9377
6911	1705
6911	3834
6911	8802
6911	9771
6929	8976
6929	9582
6932	8709
6964	2264
6964	8814
6973	4212
6975	6808
6978	2961
6995	9798
7001	2235
7001	8231
7008	5898
7008	9135
7009	9528
7030	5270
7030	6665
7035	7821
7035	9256
7041	9153
7041	9256
7045	5611
7045	7260
7045	8417
7045	8915
7072	7202
7072	8707
7082	9597
7124	3592
7124	9532
7129	6665
7129	8212
7135	8183
7147	8606
7147	8813
7147	9212
7149	8985
7153	4298
7153	4580
7153	5575
7157	463
7157	738
7157	8321
7157	9585
7159	9818
7190	5783
7190	9363
7202	3799
7202	4502
7202	5466
7202	7072
7202	7270
7202	9604
7211	2915
7211	3092
7211	4282
7211	9322
7213	1578
7213	3820
7220	121
7220	8915
7221	6152
7225	8925
7230	8969
7230	9848
7233	9603
7255	6505
7255	7552
7260	2894
7260	7045
7270	3608
7270	3799
7270	4502
7270	7202
7274	3778
7274	8167
7274	9623
7282	886
7282	5917
7282	7755
7299	7547
7305	4580
7319	7678
7319	7715
7322	3673
7322	8925
7322	9781
7349	6096
7349	7434
7349	8155
7400	436
7400	9658
7408	4540
7408	7434
7408	8861
7414	1905
7420	3225
7431	1389
7431	9374
7434	1730
7434	6706
7434	6775
7434	7349
7434	7408
7438	6510
7455	1239
7455	8814
7459	2412
7459	7831
7459	9072
7460	97
7460	3591
7460	6496
7460	9622
7467	316
7467	9996
7472	1281
7472	2553
7472	9189
7491	3512
7491	8404
7491	9189
7491	9946
7513	6375
7513	6728
7513	9568
7527	9319
7527	9568
7533	9946
7536	8126
7536	9040
7538	4536
7538	6505
7546	7906
7547	6446
7547	7299
7547	8710
7549	2255
7549	9848
7552	479
7552	7255
7552	8007
7563	8721
7577	539
7577	8063
7577	9831
7577	9910
7588	8710
7598	2894
7598	9716
7608	428
7608	1905
7608	9404
7631	9629
7636	1043
7659	9697
7661	4556
7666	8441
7678	1921
7678	6431
7678	7319
7678	7715
7680	738
7680	3954
7681	5442
7681	6437
7681	6816
7683	3173
7683	4624
7683	8593
7683	8933
7683	8985
7688	3530
7688	5531
7688	8231
7705	9148
7705	9381
7715	1921
7715	7319
7715	7678
7750	8951
7750	9697
7755	7282
7755	9422
7755	9521
7758	4244
7758	6878
7758	8329
7765	4078
7765	4960
7765	8950
7802	8398
7802	9150
7805	1350
7821	3108
7821	4287
7821	4540
7821	7035
7821	9256
7828	9040
7828	9629
7831	6728
7831	7459
7831	9072
7831	9368
7847	740
7847	5479
7847	8124
7847	9276
7849	9477
7858	8932
7861	1498
7861	4287
7894	8643
7906	4892
7906	7546
7948	8832
7953	856
7953	8154
7953	9179
7964	9311
7990	6675
8007	5651
8007	7552
8012	3947
8012	9818
8030	558
8033	3361
8047	564
8047	1490
8047	6343
8047	9150
8062	8925
8063	479
8063	7577
8092	8183
8092	9374
8092	9539
8099	8925
8099	9781
8100	9175
8102	4164
8102	9256
8108	2029
8108	9451
8113	3114
8113	3777
8124	7847
8126	4608
8126	5246
8126	5492
8126	7536
8126	9475
8139	4298
8139	8985
8139	9742
8149	2739
8154	3947
8154	6279
8154	7953
8155	1655
8155	7349
8155	8757
8161	6670
8161	9528
8167	7274
8167	9716
8183	7135
8183	8092
8204	2956
8204	6067
8206	6755
8212	7129
8223	4592
8223	6665
8223	9437
8231	5531
8231	7001
8231	7688
8260	2739
8260	3063
8260	4282
8260	8794
8260	9210
8274	3244
8274	3811
8274	4175
8274	4559
8274	9319
8321	7157
8321	9443
8329	4175
8329	7758
8330	9604
8347	1834
8347	5556
8347	8845
8347	9539
8353	3266
8368	877
8368	4798
8368	5824
8368	9553
8398	6878
8398	7802
8398	9946
8404	7491
8404	8606
8404	9496
8410	1952
8410	4904
8417	7045
8417	8951
8425	4997
8425	6041
8441	6241
8441	7666
8441	8889
8490	3144
8490	4536
8490	6310
8510	5575
8554	939
8569	1936
8569	6878
8569	9284
8569	9493
8593	6501
8593	7683
8593	8845
8606	4378
8606	7147
8606	8404
8606	9496
8633	4526
8633	4641
8638	74
8638	97
8638	9550
8643	651
8643	1655
8643	3299
8643	7894
8643	8787
8643	9148
8643	9468
8696	856
8696	5902
8707	857
8707	7072
8709	3811
8709	6932
8709	9732
8710	7547
8710	7588
8721	7563
8721	8976
8730	5633
8736	59
8736	3673
8757	8155
8757	9256
8787	3005
8787	3052
8787	3512
8787	3541
8787	5479
8787	8643
8794	5458
8794	8260
8794	8935
8794	9690
8802	3834
8802	6911
8802	9028
8802	9771
8806	6152
8806	9322
8813	7147
8813	9603
8814	2171
8814	3000
8814	3772
8814	6964
8814	7455
8832	7948
8832	9748
8835	1389
8835	2691
8845	8347
8845	8593
8845	9040
8861	3109
8861	7408
8861	9031
8861	9629
8861	9870
8871	1113
8871	9865
8889	2999
8889	8441
8889	9299
8915	3948
8915	5382
8915	5793
8915	7045
8915	7220
8915	9020
8915	9528
8924	592
8924	2684
8924	8937
8925	723
8925	2754
8925	7225
8925	7322
8925	8062
8925	8099
8925	9135
8925	9781
8929	1949
8929	2741
8932	5492
8932	7858
8932	8969
8932	9477
8933	218
8933	4781
8933	7683
8935	3890
8935	8794
8935	9690
8937	592
8937	4212
8937	8924
8950	4242
8950	6310
8950	7765
8951	5825
8951	6871
8951	7750
8951	8417
8969	7230
8969	8932
8969	9528
8976	2556
8976	5133
8976	6929
8976	8721
8980	5825
8980	9161
8985	7149
8985	7683
8985	8139
8985	9374
8985	9582
8993	4628
8993	6120
9020	3331
9020	5382
9020	6560
9020	8915
9020	9443
9028	3834
9028	5442
9028	8802
9028	9443
9028	9771
9028	9836
9031	5399
9031	6279
9031	8861
9031	9267
9040	7536
9040	7828
9040	8845
9061	2749
9072	7459
9072	7831
9091	4955
9091	6585
9091	9299
9091	9831
9108	5133
9108	9920
9123	1943
9123	2015
9123	6152
9135	5883
9135	6047
9135	7008
9135	8925
9135	9368
9135	9496
9137	9284
9137	9659
9144	751
9144	2099
9148	5633
9148	7705
9148	8643
9148	9381
9150	7802
9150	8047
9150	9920
9153	4540
9153	5917
9153	6808
9153	7041
9153	9254
9161	2235
9161	5671
9161	6446
9161	8980
9168	3005
9168	3305
9175	6884
9175	8100
9179	2184
9179	5630
9179	7953
9189	7472
9189	7491
9210	8260
9210	9920
9212	943
9212	3854
9212	6775
9212	7147
9212	9540
9233	828
9234	1934
9234	4442
9243	274
9243	6096
9243	9818
9254	2777
9254	9153
9256	5917
9256	7035
9256	7041
9256	7821
9256	8102
9256	8757
9258	1185
9258	2782
9258	9468
9267	594
9267	9031
9273	389
9273	3337
9276	4400
9276	7847
9284	1451
9284	8569
9284	9137
9284	9493
9299	4088
9299	6687
9299	6706
9299	8889
9299	9091
9299	9417
9299	9848
9311	7964
9311	9404
9319	740
9319	5663
9319	6758
9319	7527
9319	8274
9320	2534
9320	2736
9320	2884
9320	5763
9322	7211
9322	8806
9322	9748
9322	9831
9323	3203
9323	4078
9323	4127
9323	5575
9323	6328
9323	9553
9363	7190
9363	9451
9368	6345
9368	7831
9368	9135
9374	3446
9374	3530
9374	7431
9374	8092
9374	8985
9374	9475
9377	4378
9377	4894
9377	6886
9377	9841
9381	2053
9381	5633
9381	7705
9381	9148
9381	9623
9404	428
9404	4378
9404	7608
9404	9311
9417	2219
9417	4287
9417	9299
9417	9910
9422	2881
9422	7755
9433	200
9437	2141
9437	2325
9437	8223
9441	2231
9441	6819
9443	1593
9443	4705
9443	8321
9443	9020
9443	9028
9443	9990
9451	3266
9451	5663
9451	8108
9451	9363
9468	1737
9468	2141
9468	4507
9468	8643
9468	9258
9475	4175
9475	5599
9475	8126
9475	9374
9477	7849
9477	8932
9493	3389
9493	6878
9493	8569
9493	9284
9496	1867
9496	8404
9496	8606
9496	9135
9521	4641
9521	4711
9521	7755
9524	242
9524	2719
9524	4350
9524	6816
9528	7009
9528	8161
9528	8915
9528	8969
9528	9848
9532	480
9532	3114
9532	7124
9539	3072
9539	3446
9539	6501
9539	8092
9539	8347
9540	9212
9540	9881
9550	1121
9550	5790
9550	8638
9550	9920
9553	105
9553	1750
9553	1921
9553	3116
9553	5824
9553	8368
9553	9323
9568	1628
9568	6375
9568	7513
9568	7527
9568	9841
9582	2691
9582	2961
9582	4312
9582	4859
9582	6496
9582	6875
9582	6929
9582	8985
9585	2212
9585	3771
9585	7157
9597	2736
9597	7082
9603	7233
9603	8813
9604	907
9604	4119
9604	7202
9604	8330
9604	9986
9620	1888
9620	4815
9622	4559
9622	5509
9622	7460
9623	1730
9623	3854
9623	7274
9623	9381
9623	9870
9623	9946
9625	943
9625	3745
9629	2934
9629	3109
9629	3233
9629	4270
9629	7631
9629	7828
9629	8861
9658	436
9658	5578
9658	7400
9658	9791
9659	4015
9659	6166
9659	9137
9666	4244
9666	9870
9677	2650
9677	2693
9677	3745
9677	4332
9677	6409
9690	8794
9690	8935
9690	9865
9697	506
9697	2569
9697	3077
9697	7659
9697	7750
9716	1761
9716	2807
9716	5902
9716	7598
9716	8167
9732	2388
9732	6665
9732	8709
9742	4298
9742	8139
9748	332
9748	923
9748	1615
9748	4859
9748	8832
9748	9322
9768	3818
9768	5556
9768	9986
9771	3834
9771	4904
9771	5196
9771	6585
9771	6911
9771	8802
9771	9028
9771	9996
9781	1689
9781	7322
9781	8099
9781	8925
9791	1421
9791	4015
9791	4838
9791	6145
9791	6352
9791	6867
9791	9658
9798	131
9798	2716
9798	6995
9818	274
9818	1385
9818	6372
9818	7159
9818	8012
9818	9243
9831	158
9831	2128
9831	7577
9831	9091
9831	9322
9836	480
9836	3410
9836	4069
9836	9028
9841	2552
9841	2813
9841	4242
9841	9377
9841	9568
9848	6646
9848	7230
9848	7549
9848	9299
9848	9528
9865	8871
9865	9690
9870	1730
9870	8861
9870	9623
9870	9666
9881	2330
9881	2554
9881	4997
9881	6150
9881	9540
9902	1074
9910	539
9910	1738
9910	2098
9910	6510
9910	7577
9910	9417
9920	5405
9920	9108
9920	9150
9920	9210
9920	9550
9928	594
9928	2208
9928	5038
9928	5479
9928	9990
9946	4711
9946	6424
9946	7491
9946	7533
9946	8398
9946	9623
9986	548
9986	4025
9986	4592
9986	9604
9986	9768
9990	594
9990	5824
9990	9443
9990	9928
9996	4378
9996	6043
9996	7467
9996	9771
9999	2884
