7	4475
7	9894
15	4061
17	5795
17	9541
27	9783
28	2145
28	6684
39	9062
123	9177
123	9594
140	7699
157	1213
157	9363
167	1216
197	2958
293	9231
302	9475
308	8267
322	323
322	9473
323	322
326	5458
326	9631
345	5439
346	8780
346	9488
346	9550
349	5106
364	4208
384	9001
384	9686
453	8991
459	648
459	7860
513	7748
524	3004
538	8354
538	9673
539	9054
585	5905
585	9908
606	7883
606	9631
626	9410
628	8420
645	942
645	7776
647	6956
648	459
665	6558
666	8323
673	4545
679	8261
715	2227
715	2640
728	7708
761	4507
770	8121
770	8175
799	2536
817	6587
817	8754
824	4934
832	8477
860	9955
942	645
942	6996
942	7279
946	3051
968	9062
973	8696
973	9444
1020	7109
1020	8027
1036	8684
1066	9194
1069	9421
1072	4355
1084	6681
1085	9558
1099	8652
1167	9580
1194	6433
1213	157
1214	8744
1214	9658
1216	167
1218	5378
1223	6805
1251	3578
1252	7070
1258	8011
1258	9069
1276	1696
1300	5585
1310	6428
1322	9987
1340	4373
1374	9951
1399	7637
1425	2395
1455	9264
1459	9216
1463	9731
1490	6463
1490	9615
1508	2966
1517	7583
1517	9804
1552	9995
1572	9517
1572	9952
1592	8256
1595	3117
1595	4676
1598	9517
1598	9610
1598	9717
1606	3377
1606	7193
1606	8256
1606	8343
1622	9594
1676	7907
1676	9558
1689	2772
1696	1276
1769	9507
1769	9901
1784	7940
1844	5791
1844	7583
1846	4934
1853	2988
1861	3995
1904	3835
1904	5172
1911	6396
2018	9987
2028	6877
2028	7292
2072	7553
2075	8309
2075	9172
2081	9332
2081	9550
2089	5222
2089	9747
2104	3899
2104	7391
2108	9686
2143	9136
2145	28
2145	7599
2156	9550
2202	9693
2222	9610
2227	715
2227	3673
2228	9812
2239	5932
2239	7419
2239	9520
2247	6442
2259	8910
2272	9517
2272	9952
2298	6754
2318	6681
2318	8721
2318	9780
2330	9467
2343	7084
2352	9117
2352	9467
2360	9136
2384	9168
2387	5241
2395	1425
2428	8314
2438	9631
2536	799
2543	9550
2554	2841
2569	2634
2569	9747
2585	7954
2585	9242
2633	7539
2634	2569
2636	9816
2640	715
2659	8062
2706	9117
2720	9177
2725	6945
2757	9908
2767	9001
2767	9686
2772	1689
2772	4731
2772	8062
2814	9194
2814	9401
2817	5814
2840	8686
2840	9510
2841	2554
2853	3859
2853	8910
2865	9517
2865	9952
2901	8695
2906	4132
2906	9939
2944	9332
2958	197
2959	8121
2959	9475
2960	5096
2966	1508
2988	1853
2988	8477
3004	524
3021	5312
3044	8423
3051	946
3051	4724
3051	7776
3065	7714
3071	9038
3075	9855
3115	5702
3117	1595
3117	4867
3173	7683
3183	3414
3202	7903
3202	8523
3243	6877
3321	9475
3372	9812
3377	1606
3395	8729
3395	9054
3395	9117
3407	9444
3409	3714
3414	3183
3431	7553
3431	8613
3442	8007
3444	9939
3489	8335
3489	8444
3489	8754
3525	8007
3525	9448
3549	9230
3558	7193
3578	1251
3588	6650
3591	7236
3597	5563
3601	9467
3607	5725
3607	7210
3671	9489
3673	2227
3675	9580
3682	9901
3714	3409
3715	3995
3715	5373
3715	9584
3742	8931
3744	5510
3751	4337
3751	9855
3753	8213
3761	9489
3774	9610
3807	9747
3817	6681
3817	9231
3835	1904
3835	5222
3835	8352
3842	8327
3842	9136
3858	5620
3858	9217
3859	2853
3859	8910
3888	8946
3899	2104
3916	6334
3959	8444
3964	8261
3994	5684
3994	9489
3995	1861
3995	3715
3995	9673
4061	15
4061	9410
4100	4440
4120	9693
4132	2906
4144	5498
4144	8517
4150	5811
4150	7700
4162	9194
4162	9585
4163	8309
4173	5300
4176	7977
4176	9804
4176	9951
4177	8557
4203	8523
4208	364
4224	4313
4224	9610
4245	7830
4247	5684
4295	8221
4295	9585
4303	9951
4313	4224
4337	3751
4337	9894
4351	8708
4355	1072
4359	7903
4359	8523
4367	7708
4373	1340
4394	6365
4394	7201
4440	4100
4445	7977
4445	8213
4445	8938
4445	9660
4475	7
4478	5585
4478	8309
4478	9792
4497	7683
4501	8296
4507	761
4507	8946
4507	9580
4545	673
4552	8261
4570	7418
4570	8772
4600	5625
4603	8159
4620	6410
4620	9816
4623	6837
4630	9915
4649	6750
4660	8779
4665	5620
4665	9363
4676	1595
4676	7641
4676	8946
4703	7464
4716	5689
4724	3051
4724	9185
4731	2772
4731	9443
4756	5943
4756	7641
4796	9001
4796	9520
4845	9117
4867	3117
4867	8328
4867	8829
4898	8151
4902	9082
4902	9511
4934	824
4934	1846
4934	8343
4952	7938
4955	8437
4955	9391
4977	7182
4977	7343
4993	9855
5005	8282
5005	9827
5006	8977
5017	5241
5017	8122
5017	9541
5020	7757
5096	2960
5106	349
5106	8557
5129	5631
5129	9501
5138	9678
5139	9804
5140	6932
5140	8806
5145	9827
5153	7615
5153	8434
5162	7925
5172	1904
5172	6069
5211	6529
5219	9657
5222	2089
5222	3835
5225	8966
5227	8411
5234	6714
5241	2387
5241	5017
5300	4173
5312	3021
5313	7155
5313	9194
5316	8282
5316	9421
5338	9185
5347	8463
5359	8931
5361	9448
5373	3715
5378	1218
5383	7824
5393	7419
5397	8314
5422	6269
5422	8734
5422	8947
5439	345
5451	7942
5451	8151
5457	8296
5458	326
5462	9443
5469	8309
5469	9225
5469	9792
5478	9216
5498	4144
5510	3744
5530	7940
5530	9558
5563	3597
5563	8420
5572	7815
5572	8297
5585	1300
5585	4478
5585	9194
5588	6531
5588	8580
5620	3858
5620	4665
5620	7830
5620	8614
5620	9217
5620	9363
5625	4600
5625	8546
5631	5129
5631	5823
5659	9225
5659	9843
5659	9995
5680	9843
5680	9995
5684	3994
5684	4247
5686	7844
5686	9517
5686	9908
5686	9915
5689	4716
5689	8729
5702	3115
5702	7716
5702	9475
5725	3607
5725	6956
5725	7210
5725	8660
5729	7070
5762	6986
5767	9631
5771	7080
5775	9827
5776	9216
5783	7190
5783	7432
5783	9448
5787	7201
5787	9186
5791	1844
5791	9216
5795	17
5801	9747
5802	9391
5811	4150
5811	9371
5811	9894
5814	2817
5823	5631
5823	8580
5830	9443
5894	8463
5894	9467
5905	585
5932	2239
5932	8261
5932	8744
5943	4756
5943	7782
5949	9827
5983	8354
6005	6428
6005	8267
6017	7464
6017	9188
6034	9605
6060	7464
6060	8411
6069	5172
6134	9855
6162	9391
6176	8696
6176	9593
6183	7915
6183	9488
6183	9550
6233	7990
6251	9511
6269	5422
6269	8734
6271	8672
6292	9610
6292	9731
6298	9467
6334	3916
6334	7641
6340	8325
6340	9475
6341	7883
6341	8686
6365	4394
6396	1911
6410	4620
6410	9001
6415	7907
6415	7934
6417	8297
6417	9363
6417	9827
6423	7675
6423	8806
6428	1310
6428	6005
6433	1194
6433	7675
6433	8806
6442	2247
6444	6932
6444	7375
6444	8709
6450	7990
6463	1490
6471	8151
6494	7940
6529	5211
6531	5588
6554	6890
6558	665
6558	9110
6587	817
6608	7824
6608	8709
6617	8982
6617	9126
6650	3588
6650	7256
6650	9062
6652	7714
6652	8278
6660	7511
6660	9216
6666	8109
6666	9693
6681	1084
6681	2318
6681	3817
6681	9231
6684	28
6695	9443
6695	9596
6695	9804
6698	7084
6698	9792
6714	5234
6729	8065
6739	6795
6750	4649
6754	2298
6795	6739
6795	6957
6795	8127
6795	9605
6795	9660
6805	1223
6805	8652
6821	6890
6821	8744
6837	4623
6874	8568
6877	2028
6877	3243
6877	7292
6890	6554
6890	6821
6890	7641
6932	5140
6932	6444
6932	8709
6945	2725
6945	9344
6956	647
6956	5725
6957	6795
6957	9069
6957	9660
6959	7621
6964	9593
6971	8324
6971	8477
6971	9448
6971	9792
6986	5762
6987	9995
6996	942
6996	9717
7010	7844
7010	9329
7046	9754
7070	1252
7070	5729
7070	7155
7070	9802
7080	5771
7084	2343
7084	6698
7084	7182
7084	9593
7109	1020
7109	9610
7148	7657
7155	5313
7155	7070
7155	8744
7173	8652
7173	9225
7182	4977
7182	7084
7189	9079
7189	9517
7189	9952
7190	5783
7190	9211
7190	9363
7190	9855
7193	1606
7193	3558
7193	8919
7196	8282
7196	8546
7196	9489
7201	4394
7201	5787
7201	7511
7201	7630
7210	3607
7210	5725
7236	3591
7236	8885
7256	6650
7259	7852
7259	8001
7273	9242
7279	942
7279	8696
7292	2028
7292	6877
7343	4977
7343	7591
7343	8695
7369	7934
7369	9657
7375	6444
7375	7700
7391	2104
7391	7603
7391	9290
7418	4570
7419	2239
7419	5393
7419	7583
7432	5783
7464	4703
7464	6017
7464	6060
7487	8919
7502	9242
7507	9657
7511	6660
7511	7201
7511	9747
7512	8568
7512	9802
7537	9421
7539	2633
7553	2072
7553	3431
7553	8613
7563	8327
7563	8721
7563	9501
7563	9780
7572	9344
7583	1517
7583	1844
7583	7419
7591	7343
7591	7641
7591	8314
7599	2145
7600	7907
7600	9079
7603	7391
7603	9075
7615	5153
7621	6959
7621	8734
7621	8982
7630	7201
7630	9507
7637	1399
7637	8946
7641	4676
7641	4756
7641	6334
7641	6890
7641	7591
7654	9631
7657	7148
7657	8017
7657	8608
7673	8463
7673	9908
7675	6423
7675	6433
7675	8806
7683	3173
7683	4497
7683	9001
7696	8110
7696	9584
7698	9915
7699	140
7699	8991
7699	9843
7700	4150
7700	7375
7700	8735
7708	728
7708	4367
7714	3065
7714	6652
7714	8568
7716	5702
7716	9550
7748	513
7757	5020
7757	8608
7757	8702
7772	8614
7776	645
7776	3051
7782	5943
7815	5572
7815	8319
7824	5383
7824	6608
7830	4245
7830	5620
7842	9594
7844	5686
7844	7010
7844	9915
7844	9995
7852	7259
7860	459
7860	8278
7860	8434
7883	606
7883	6341
7883	9955
7903	3202
7903	4359
7903	8523
7903	9585
7907	1676
7907	6415
7907	7600
7907	7934
7915	6183
7915	9488
7915	9550
7925	5162
7925	9054
7930	7942
7930	8938
7934	6415
7934	7369
7934	7907
7938	4952
7938	9448
7940	1784
7940	5530
7940	6494
7940	8076
7942	5451
7942	7930
7942	9473
7954	2585
7977	4176
7977	4445
7990	6233
7990	6450
8001	7259
8007	3442
8007	3525
8007	8110
8007	9448
8011	1258
8011	9069
8017	7657
8017	8442
8027	1020
8027	8463
8029	8579
8062	2659
8062	2772
8065	6729
8076	7940
8109	6666
8109	9693
8110	7696
8110	8007
8110	9584
8111	9804
8121	770
8121	2959
8122	5017
8122	9783
8127	6795
8127	9754
8151	4898
8151	5451
8151	6471
8151	9371
8151	9717
8159	4603
8175	770
8213	3753
8213	4445
8213	8296
8221	4295
8221	8523
8233	9610
8256	1592
8256	1606
8256	8580
8261	679
8261	3964
8261	4552
8261	5932
8267	308
8267	6005
8278	6652
8278	7860
8282	5005
8282	5316
8282	7196
8296	4501
8296	5457
8296	8213
8297	5572
8297	6417
8297	8420
8297	9363
8309	2075
8309	4163
8309	4478
8309	5469
8309	9792
8314	2428
8314	5397
8314	7591
8314	8477
8314	9901
8319	7815
8323	666
8323	9673
8324	6971
8324	9488
8325	6340
8325	9488
8327	3842
8327	7563
8327	8721
8327	9488
8327	9780
8328	4867
8328	8829
8328	9444
8335	3489
8335	8477
8335	9507
8343	1606
8343	4934
8343	9951
8352	3835
8352	9475
8354	538
8354	5983
8411	5227
8411	6060
8420	628
8420	5563
8420	8297
8423	3044
8434	5153
8434	7860
8434	8771
8437	4955
8437	9391
8442	8017
8442	8931
8442	9605
8444	3489
8444	3959
8463	5347
8463	5894
8463	7673
8463	8027
8468	9242
8468	9256
8477	832
8477	2988
8477	6971
8477	8314
8477	8335
8477	8779
8477	9901
8517	4144
8517	8721
8517	8829
8523	3202
8523	4203
8523	4359
8523	7903
8523	8221
8523	9585
8539	9344
8546	5625
8546	7196
8546	8991
8557	4177
8557	5106
8557	8885
8568	6874
8568	7512
8568	7714
8579	8029
8580	5588
8580	5823
8580	8256
8608	7657
8608	7757
8613	3431
8613	7553
8613	9584
8613	9605
8614	5620
8614	7772
8652	1099
8652	6805
8652	7173
8660	5725
8660	9717
8672	6271
8684	1036
8686	2840
8686	6341
8686	9510
8695	2901
8695	7343
8696	973
8696	6176
8696	7279
8702	7757
8702	9136
8702	9185
8702	9802
8708	4351
8708	9062
8709	6444
8709	6608
8709	6932
8709	9731
8721	2318
8721	7563
8721	8327
8721	8517
8721	9186
8721	9780
8729	3395
8729	5689
8734	5422
8734	6269
8734	7621
8734	8947
8735	7700
8744	1214
8744	5932
8744	6821
8744	7155
8744	9658
8754	817
8754	3489
8754	9126
8754	9231
8771	8434
8772	4570
8779	4660
8779	8477
8780	346
8780	9110
8780	9678
8806	5140
8806	6423
8806	6433
8806	7675
8829	4867
8829	8328
8829	8517
8829	9444
8829	9673
8885	7236
8885	8557
8885	9421
8885	9605
8910	2259
8910	2853
8910	3859
8919	7193
8919	7487
8919	9079
8931	3742
8931	5359
8931	8442
8931	9136
8938	4445
8938	7930
8946	3888
8946	4507
8946	4676
8946	7637
8947	5422
8947	8734
8947	9802
8966	5225
8966	9511
8966	9812
8977	5006
8982	6617
8982	7621
8991	453
8991	7699
8991	8546
9001	384
9001	2767
9001	4796
9001	6410
9001	7683
9001	9686
9024	9475
9038	3071
9054	539
9054	3395
9054	7925
9054	9117
9054	9816
9062	39
9062	968
9062	6650
9062	8708
9062	9217
9062	9673
9069	1258
9069	6957
9069	8011
9075	7603
9079	7189
9079	7600
9079	8919
9079	9517
9079	9952
9082	4902
9082	9511
9110	6558
9110	8780
9110	9177
9110	9678
9110	9802
9117	2352
9117	2706
9117	3395
9117	4845
9117	9054
9117	9256
9117	9473
9126	6617
9126	8754
9136	2143
9136	2360
9136	3842
9136	8702
9136	8931
9168	2384
9172	2075
9172	9615
9177	123
9177	2720
9177	9110
9177	9678
9177	9754
9185	4724
9185	5338
9185	8702
9186	5787
9186	8721
9186	9580
9186	9754
9188	6017
9194	1066
9194	2814
9194	4162
9194	5313
9194	5585
9194	9401
9211	7190
9211	9908
9216	1459
9216	5478
9216	5776
9216	5791
9216	6660
9216	9731
9216	9995
9217	3858
9217	5620
9217	9062
9217	9363
9225	5469
9225	5659
9225	7173
9230	3549
9230	9783
9231	293
9231	3817
9231	6681
9231	8754
9242	2585
9242	7273
9242	7502
9242	8468
9242	9658
9256	8468
9256	9117
9264	1455
9264	9901
9290	7391
9329	7010
9329	9520
9332	2081
9332	2944
9344	6945
9344	7572
9344	8539
9363	157
9363	4665
9363	5620
9363	6417
9363	7190
9363	8297
9363	9217
9371	5811
9371	8151
9371	9894
9391	4955
9391	5802
9391	6162
9391	8437
9401	2814
9401	9194
9410	626
9410	4061
9410	9475
9410	9501
9421	1069
9421	5316
9421	7537
9421	8885
9443	4731
9443	5462
9443	5830
9443	6695
9443	9673
9444	973
9444	3407
9444	8328
9444	8829
9448	3525
9448	5361
9448	5783
9448	6971
9448	7938
9448	8007
9467	2330
9467	2352
9467	3601
9467	5894
9467	6298
9473	322
9473	7942
9473	9117
9475	302
9475	2959
9475	3321
9475	5702
9475	6340
9475	8352
9475	9024
9475	9410
9488	346
9488	6183
9488	7915
9488	8324
9488	8325
9488	8327
9488	9550
9489	3671
9489	3761
9489	3994
9489	7196
9501	5129
9501	7563
9501	9410
9507	1769
9507	7630
9507	8335
9507	9580
9510	2840
9510	8686
9511	4902
9511	6251
9511	8966
9511	9082
9517	1572
9517	1598
9517	2272
9517	2865
9517	5686
9517	7189
9517	9079
9517	9952
9520	2239
9520	4796
9520	9329
9541	17
9541	5017
9550	346
9550	2081
9550	2156
9550	2543
9550	6183
9550	7716
9550	7915
9550	9488
9558	1085
9558	1676
9558	5530
9558	9987
9580	1167
9580	3675
9580	4507
9580	9186
9580	9507
9580	9596
9580	9855
9584	3715
9584	7696
9584	8110
9584	8613
9584	9951
9585	4162
9585	4295
9585	7903
9585	8523
9593	6176
9593	6964
9593	7084
9593	9951
9594	123
9594	1622
9594	7842
9594	9596
9596	6695
9596	9580
9596	9594
9605	6034
9605	6795
9605	8442
9605	8613
9605	8885
9610	1598
9610	2222
9610	3774
9610	4224
9610	6292
9610	7109
9610	8233
9615	1490
9615	9172
9631	326
9631	606
9631	2438
9631	5767
9631	7654
9657	5219
9657	7369
9657	7507
9658	1214
9658	8744
9658	9242
9660	4445
9660	6795
9660	6957
9673	538
9673	3995
9673	8323
9673	8829
9673	9062
9673	9443
9678	5138
9678	8780
9678	9110
9678	9177
9678	9802
9686	384
9686	2108
9686	2767
9686	9001
9693	2202
9693	4120
9693	6666
9693	8109
9717	1598
9717	6996
9717	8151
9717	8660
9731	1463
9731	6292
9731	8709
9731	9216
9747	2089
9747	2569
9747	3807
9747	5801
9747	7511
9754	7046
9754	8127
9754	9177
9754	9186
9780	2318
9780	7563
9780	8327
9780	8721
9783	27
9783	8122
9783	9230
9783	9843
9792	4478
9792	5469
9792	6698
9792	6971
9792	8309
9802	7070
9802	7512
9802	8702
9802	8947
9802	9110
9802	9678
9802	9812
9804	1517
9804	4176
9804	5139
9804	6695
9804	8111
9812	2228
9812	3372
9812	8966
9812	9802
9816	2636
9816	4620
9816	9054
9827	5005
9827	5145
9827	5775
9827	5949
9827	6417
9843	5659
9843	5680
9843	7699
9843	9783
9843	9995
9855	3075
9855	3751
9855	4993
9855	6134
9855	7190
9855	9580
9894	7
9894	4337
9894	5811
9894	9371
9901	1769
9901	3682
9901	8314
9901	8477
9901	9264
9908	585
9908	2757
9908	5686
9908	7673
9908	9211
9915	4630
9915	5686
9915	7698
9915	7844
9939	2906
9939	3444
9951	1374
9951	4176
9951	4303
9951	8343
9951	9584
9951	9593
9952	1572
9952	2272
9952	2865
9952	7189
9952	9079
9952	9517
9955	860
9955	7883
9987	1322
9987	2018
9987	9558
9995	1552
9995	5659
9995	5680
9995	6987
9995	7844
9995	9216
9995	9843
