2	2233
3	9058
3	9741
4	9507
74	8638
128	9791
151	8843
160	8114
160	9570
199	8213
208	5834
237	7035
297	2307
306	8274
322	9873
363	9534
364	9885
369	3263
387	8708
412	8816
424	8668
470	5620
524	2845
524	3120
541	5852
564	9520
591	8603
591	9591
617	9885
657	9211
682	7825
690	6944
690	9722
690	9780
698	8474
751	7812
761	5245
765	2786
767	2964
767	8755
785	9606
786	1406
786	3272
800	2007
803	1384
803	8393
829	7316
834	1280
834	7698
837	5272
837	9027
838	6872
838	9355
851	8397
871	5898
896	9596
907	6773
910	9449
914	5544
914	8338
938	9342
946	3051
962	2401
962	7755
1006	6123
1006	9524
1021	9452
1051	2499
1051	8460
1069	5636
1069	8762
1128	5980
1170	8204
1188	6046
1188	8390
1198	2130
1198	7666
1199	9559
1205	6801
1239	8790
1258	9674
1268	9534
1280	834
1280	4650
1282	7820
1282	8411
1316	9627
1321	9076
1340	1481
1340	7955
1340	9027
1340	9058
1384	803
1390	9444
1406	786
1406	5949
1418	9912
1430	8940
1430	9582
1443	9582
1450	4253
1450	6979
1478	8306
1481	1340
1481	3416
1481	9730
1502	3474
1533	6977
1571	3699
1571	7738
1587	7044
1587	8213
1599	3078
1599	7715
1599	9780
1618	8707
1630	5007
1695	3762
1695	7411
1706	9921
1711	3577
1714	9011
1717	9505
1726	8232
1726	9921
1749	8085
1788	9921
1792	8815
1792	9601
1835	7282
1879	3599
1879	9736
1884	3577
1931	7411
1931	9897
1946	6402
1949	3429
1949	4757
1949	8876
1955	3608
1955	9921
1964	9736
1984	9862
1995	7616
1995	9606
2003	5105
2003	8383
2007	800
2007	9475
2024	5636
2027	2544
2028	7859
2028	8578
2043	6763
2044	9627
2093	5732
2114	7680
2114	8211
2114	9591
2118	8914
2128	9246
2130	1198
2130	2703
2153	9810
2175	8383
2188	5949
2192	4895
2192	9918
2203	6912
2203	8915
2214	4895
2225	4744
2225	7484
2233	2
2245	9357
2246	9570
2253	8708
2261	6856
2261	9507
2263	8762
2279	9787
2307	297
2307	8708
2307	9510
2322	5267
2348	4382
2365	8131
2381	8373
2401	962
2439	9897
2443	9036
2459	9368
2463	6138
2487	8384
2499	1051
2516	9570
2518	8413
2544	2027
2544	9805
2551	4939
2584	8338
2605	9727
2605	9884
2607	6278
2607	8840
2607	9596
2624	9491
2626	9036
2639	8223
2640	9316
2649	9530
2679	7316
2698	2811
2700	6613
2703	2130
2704	9319
2706	7484
2751	8790
2753	2987
2753	3480
2777	9641
2779	7475
2779	9555
2786	765
2786	8741
2786	9510
2793	6204
2811	2698
2811	7149
2845	524
2873	3960
2873	7284
2873	9452
2903	6127
2903	9160
2908	6361
2931	9448
2932	7938
2932	9897
2935	7859
2935	9337
2950	9662
2964	767
2966	4299
2966	8502
2966	8903
2969	6437
2969	9097
2987	2753
2987	7358
2990	7107
2990	9534
2998	8159
3043	9731
3049	8712
3049	9534
3051	946
3051	7776
3057	7256
3061	6450
3078	1599
3104	9087
3108	9897
3120	524
3125	6604
3126	7477
3126	7727
3126	9787
3155	6683
3155	7989
3190	4838
3190	8213
3197	5639
3218	9743
3263	369
3272	786
3272	9011
3280	4477
3280	8460
3287	6458
3290	4483
3326	9491
3370	5688
3370	8812
3370	9160
3416	1481
3416	9076
3423	4793
3423	9219
3423	9414
3429	1949
3441	9791
3474	1502
3474	5478
3474	9491
3480	2753
3480	4768
3512	7491
3571	6138
3577	1711
3577	1884
3593	4509
3593	9218
3594	7284
3599	1879
3599	6303
3608	1955
3608	7270
3624	6934
3624	9674
3646	4629
3659	8497
3683	9342
3688	9731
3695	5977
3695	6315
3698	8298
3699	1571
3699	9664
3748	3804
3748	7834
3748	7998
3748	9195
3748	9491
3762	1695
3762	8977
3786	9662
3804	3748
3804	8815
3820	5205
3853	8545
3858	5620
3920	6763
3937	7138
3943	7200
3943	9549
3952	9246
3952	9570
3954	7680
3960	2873
3982	7713
4011	7753
4016	8755
4036	8857
4075	6578
4083	7841
4162	6204
4175	8274
4175	9475
4181	6758
4182	9802
4183	9709
4238	4895
4238	7225
4246	9810
4253	1450
4253	6726
4253	8052
4258	8413
4275	7445
4299	2966
4308	9478
4316	7327
4319	8010
4327	5996
4337	8562
4375	9731
4382	2348
4382	6194
4382	6655
4388	6673
4391	8290
4391	8390
4391	8783
4391	9368
4414	7445
4414	7912
4463	6512
4477	3280
4477	7513
4481	7580
4481	9147
4481	9559
4481	9741
4483	3290
4483	9478
4487	5136
4496	7938
4496	8755
4505	9606
4509	3593
4509	6870
4509	9722
4513	7619
4513	9918
4538	6227
4555	6224
4582	6934
4586	7774
4588	9087
4596	7834
4596	7998
4596	8578
4609	9359
4612	5388
4621	8169
4629	3646
4629	9570
4635	8169
4639	9036
4639	9662
4650	1280
4650	6870
4663	8501
4663	9797
4669	8603
4669	9591
4718	5540
4744	2225
4744	5074
4757	1949
4761	9797
4765	7727
4768	3480
4779	7282
4784	8843
4784	9524
4793	3423
4809	9344
4825	7648
4838	3190
4838	6263
4838	9791
4849	7284
4852	6956
4852	8278
4863	6930
4866	6380
4895	2192
4895	2214
4895	4238
4900	8085
4909	9061
4919	8384
4919	8702
4939	2551
4970	8790
5002	8384
5007	1630
5007	6493
5029	8603
5038	9873
5038	9921
5074	4744
5081	5088
5081	8402
5081	8411
5081	9662
5088	5081
5088	9662
5088	9780
5105	2003
5105	9787
5128	7395
5128	7478
5131	9596
5136	4487
5136	6652
5136	6898
5140	8338
5152	6341
5152	7327
5152	7859
5170	6528
5181	8141
5181	9342
5197	6349
5197	8292
5205	3820
5206	6051
5206	8502
5217	7423
5217	9918
5245	761
5245	7753
5251	9730
5258	7912
5267	2322
5267	6590
5267	9507
5272	837
5272	9780
5292	8004
5296	8914
5311	7225
5373	5858
5373	6841
5373	9743
5374	6204
5388	4612
5388	6730
5388	8211
5388	8603
5391	8085
5391	8213
5395	6512
5410	6898
5410	7825
5428	8562
5432	7282
5478	3474
5478	9491
5495	7395
5501	9027
5501	9316
5540	4718
5544	914
5544	6063
5556	6192
5560	6046
5560	9452
5560	9862
5569	8857
5569	9805
5579	6655
5579	6934
5579	8306
5579	9337
5585	7026
5585	9011
5603	7411
5603	9475
5620	470
5620	3858
5625	8697
5636	1069
5636	2024
5639	3197
5677	7841
5682	6119
5688	3370
5688	9741
5713	8403
5732	2093
5761	7671
5761	8373
5785	8169
5794	9160
5834	208
5834	7715
5852	541
5852	9983
5858	5373
5858	6156
5858	8490
5861	7321
5884	9219
5884	9757
5884	9918
5886	9601
5898	871
5898	8004
5926	9601
5936	5993
5936	6604
5949	1406
5949	2188
5949	7971
5963	9201
5963	9219
5977	3695
5980	1128
5980	8573
5993	5936
5993	6562
5996	4327
5996	6138
5996	6566
6022	7007
6046	1188
6046	5560
6051	5206
6054	9945
6062	6458
6062	8992
6063	5544
6063	8135
6063	8562
6063	9211
6104	7182
6104	8697
6104	9147
6119	5682
6119	7019
6119	9319
6119	9797
6123	1006
6123	8131
6127	2903
6138	2463
6138	3571
6138	5996
6151	7107
6151	8697
6151	9414
6156	5858
6156	7491
6173	7955
6185	9884
6192	5556
6192	7423
6193	7139
6194	4382
6194	7150
6204	2793
6204	4162
6204	5374
6223	8578
6224	4555
6224	8459
6224	8996
6227	4538
6240	8876
6240	9376
6245	8427
6263	4838
6263	6831
6263	7616
6278	2607
6278	6557
6278	8843
6303	3599
6303	6604
6303	7618
6315	3695
6341	5152
6341	7282
6349	5197
6349	7899
6361	2908
6375	7095
6375	7513
6375	8319
6380	4866
6380	9337
6402	1946
6437	2969
6448	9897
6450	3061
6458	3287
6458	6062
6467	9850
6467	9897
6467	9912
6468	9382
6493	5007
6503	8468
6503	8638
6503	8654
6503	9246
6503	9983
6507	8459
6507	8501
6507	8514
6507	8712
6507	8831
6512	4463
6512	5395
6512	9731
6522	6977
6522	9918
6528	5170
6528	8514
6528	8755
6557	6278
6562	5993
6562	8843
6566	5996
6566	8762
6566	9884
6578	4075
6578	9983
6590	5267
6590	8204
6590	9862
6604	3125
6604	5936
6604	6303
6604	9559
6613	2700
6613	7123
6613	8840
6613	9633
6619	8668
6652	5136
6652	7205
6652	8278
6655	4382
6655	5579
6655	9591
6673	4388
6683	3155
6683	7888
6696	8317
6726	4253
6730	5388
6758	4181
6758	9319
6758	9897
6763	2043
6763	3920
6763	9076
6773	907
6773	7260
6773	7735
6801	1205
6831	6263
6831	7616
6831	7971
6841	5373
6841	7153
6841	7475
6841	7722
6841	7774
6841	8826
6841	9391
6856	2261
6856	8516
6856	9097
6870	4509
6870	4650
6872	838
6872	9355
6896	9391
6896	9582
6898	5136
6898	5410
6901	8403
6912	2203
6912	8900
6926	9444
6930	4863
6934	3624
6934	4582
6934	5579
6934	8840
6944	690
6944	9540
6956	4852
6956	7722
6973	8578
6973	9685
6977	1533
6977	6522
6979	1450
6989	9865
7000	8603
7007	6022
7019	6119
7023	9540
7026	5585
7026	9011
7027	7889
7027	9627
7035	237
7043	8169
7044	1587
7044	9195
7044	9662
7059	7477
7059	9885
7069	9664
7095	6375
7105	9042
7107	2990
7107	6151
7123	6613
7138	3937
7138	7182
7139	6193
7149	2811
7149	9062
7150	6194
7150	8346
7150	9534
7153	6841
7153	7722
7168	9449
7182	6104
7182	7138
7182	8497
7200	3943
7205	6652
7218	9510
7218	9662
7225	4238
7225	5311
7226	7713
7256	3057
7260	6773
7270	3608
7282	1835
7282	4779
7282	5432
7282	6341
7282	7755
7282	8213
7282	8550
7282	9918
7284	2873
7284	3594
7284	4849
7284	9452
7316	829
7316	2679
7321	5861
7321	9195
7327	4316
7327	5152
7358	2987
7358	7738
7359	9780
7366	9633
7366	9722
7377	9555
7395	5128
7395	5495
7395	7487
7395	8501
7411	1695
7411	1931
7411	5603
7411	7864
7423	5217
7423	6192
7445	4275
7445	4414
7445	8033
7445	8443
7445	9027
7445	9316
7448	8159
7449	8114
7449	9087
7457	9478
7471	9193
7475	2779
7475	6841
7475	8602
7475	9555
7477	3126
7477	7059
7477	8459
7477	9885
7478	5128
7478	9391
7484	2225
7484	2706
7484	7950
7484	8497
7484	8840
7484	8857
7487	7395
7487	9945
7491	3512
7491	6156
7502	8812
7508	8490
7513	4477
7513	6375
7580	4481
7580	9316
7580	9741
7586	8550
7586	9596
7616	1995
7616	6263
7616	6831
7618	6303
7619	4513
7630	9507
7639	8213
7639	9730
7639	9802
7648	4825
7648	8638
7666	1198
7671	5761
7671	7889
7671	8373
7680	2114
7680	3954
7698	834
7698	9912
7713	3982
7713	7226
7715	1599
7715	5834
7722	6841
7722	6956
7722	7153
7722	9641
7727	3126
7727	4765
7727	9787
7735	6773
7738	1571
7738	7358
7753	4011
7753	5245
7755	962
7755	7282
7755	8831
7774	4586
7774	6841
7774	9011
7776	3051
7776	9722
7812	751
7812	9147
7820	1282
7820	9524
7825	682
7825	5410
7825	9918
7834	3748
7834	4596
7834	9195
7834	9530
7841	4083
7841	5677
7859	2028
7859	2935
7859	5152
7859	9201
7864	7411
7877	8790
7877	9298
7877	9452
7888	6683
7888	9621
7889	7027
7889	7671
7889	8373
7890	9507
7899	6349
7899	8141
7899	8502
7912	4414
7912	5258
7912	9201
7912	9606
7938	2932
7938	4496
7938	9061
7938	9448
7950	7484
7950	8384
7955	1340
7955	6173
7971	5949
7971	6831
7989	3155
7989	8602
7998	3748
7998	4596
7998	9195
8004	5292
8004	5898
8004	9757
8010	4319
8032	9945
8033	7445
8033	9382
8038	8812
8038	9344
8052	4253
8085	1749
8085	4900
8085	5391
8114	160
8114	7449
8114	8638
8114	8996
8126	9475
8128	9524
8131	2365
8131	6123
8131	9211
8135	6063
8135	8900
8135	9211
8137	8159
8141	5181
8141	7899
8159	2998
8159	7448
8159	8137
8169	4621
8169	4635
8169	5785
8169	7043
8169	9076
8204	1170
8204	6590
8204	8384
8211	2114
8211	5388
8211	9591
8213	199
8213	1587
8213	3190
8213	5391
8213	7282
8213	7639
8221	8523
8221	9357
8223	2639
8223	9606
8232	1726
8232	8390
8232	8602
8232	8783
8250	9147
8250	9627
8274	306
8274	4175
8274	8319
8274	9319
8278	4852
8278	6652
8290	4391
8292	5197
8292	8578
8298	3698
8298	9058
8306	1478
8306	5579
8317	6696
8319	6375
8319	8274
8338	914
8338	2584
8338	5140
8346	7150
8346	9147
8373	2381
8373	5761
8373	7671
8373	7889
8373	9534
8383	2003
8383	2175
8384	2487
8384	4919
8384	5002
8384	7950
8384	8204
8390	1188
8390	4391
8390	8232
8390	8602
8393	803
8397	851
8402	5081
8403	5713
8403	6901
8403	8708
8411	1282
8411	5081
8411	9540
8411	9805
8413	2518
8413	4258
8413	9757
8427	6245
8427	9601
8427	9918
8443	7445
8443	8831
8443	8876
8443	9201
8459	6224
8459	6507
8459	7477
8460	1051
8460	3280
8468	6503
8474	698
8490	5858
8490	7508
8497	3659
8497	7182
8497	7484
8501	4663
8501	6507
8501	7395
8501	9797
8502	2966
8502	5206
8502	7899
8514	6507
8514	6528
8514	8755
8514	9727
8516	6856
8523	8221
8523	9357
8545	3853
8550	7282
8550	7586
8562	4337
8562	5428
8562	6063
8562	9633
8573	5980
8573	9865
8578	2028
8578	4596
8578	6223
8578	6973
8578	8292
8578	9218
8602	7475
8602	7989
8602	8232
8602	8390
8602	8783
8603	591
8603	4669
8603	5029
8603	5388
8603	7000
8603	9344
8603	9591
8623	9797
8638	74
8638	6503
8638	7648
8638	8114
8638	8711
8654	6503
8654	9246
8654	9591
8654	9983
8660	9601
8660	9674
8668	424
8668	6619
8697	5625
8697	6104
8697	6151
8702	4919
8702	9641
8702	9802
8707	1618
8707	8914
8708	387
8708	2253
8708	2307
8708	8403
8708	9062
8708	9674
8711	8638
8712	3049
8712	6507
8741	2786
8755	767
8755	4016
8755	4496
8755	6528
8755	8514
8762	1069
8762	2263
8762	6566
8783	4391
8783	8232
8783	8602
8790	1239
8790	2751
8790	4970
8790	7877
8812	3370
8812	7502
8812	8038
8815	1792
8815	3804
8816	412
8826	6841
8831	6507
8831	7755
8831	8443
8831	9885
8840	2607
8840	6613
8840	6934
8840	7484
8840	9633
8843	151
8843	4784
8843	6278
8843	6562
8857	4036
8857	5569
8857	7484
8876	1949
8876	6240
8876	8443
8876	8977
8900	6912
8900	8135
8903	2966
8903	9037
8914	2118
8914	5296
8914	8707
8915	2203
8940	1430
8977	3762
8977	8876
8992	6062
8996	6224
8996	8114
9011	1714
9011	3272
9011	5585
9011	7026
9011	7774
9027	837
9027	1340
9027	5501
9027	7445
9027	9316
9027	9555
9036	2443
9036	2626
9036	4639
9036	9810
9037	8903
9042	7105
9042	9344
9042	9662
9058	3
9058	1340
9058	8298
9058	9727
9061	4909
9061	7938
9062	7149
9062	8708
9076	1321
9076	3416
9076	6763
9076	8169
9087	3104
9087	4588
9087	7449
9087	9319
9087	9570
9097	2969
9097	6856
9147	4481
9147	6104
9147	7812
9147	8250
9147	8346
9147	9685
9160	2903
9160	3370
9160	5794
9193	7471
9193	9409
9193	9662
9193	9727
9193	9884
9195	3748
9195	7044
9195	7321
9195	7834
9195	7998
9201	5963
9201	7859
9201	7912
9201	8443
9211	657
9211	6063
9211	8131
9211	8135
9218	3593
9218	8578
9219	3423
9219	5884
9219	5963
9219	9757
9219	9918
9246	2128
9246	3952
9246	6503
9246	8654
9246	9983
9298	7877
9298	9805
9316	2640
9316	5501
9316	7445
9316	7580
9316	9027
9316	9770
9319	2704
9319	6119
9319	6758
9319	8274
9319	9087
9337	2935
9337	5579
9337	6380
9337	9805
9342	938
9342	3683
9342	5181
9342	9743
9344	4809
9344	8038
9344	8603
9344	9042
9344	9530
9355	838
9355	6872
9357	2245
9357	8221
9357	8523
9359	4609
9368	2459
9368	4391
9368	9606
9376	6240
9382	6468
9382	8033
9382	9664
9382	9885
9391	6841
9391	6896
9391	7478
9409	9193
9409	9727
9409	9884
9414	3423
9414	6151
9414	9520
9414	9897
9429	9520
9444	1390
9444	6926
9448	2931
9448	7938
9448	9743
9449	910
9449	7168
9452	1021
9452	2873
9452	5560
9452	7284
9452	7877
9475	2007
9475	4175
9475	5603
9475	8126
9478	4308
9478	4483
9478	7457
9491	2624
9491	3326
9491	3474
9491	3748
9491	5478
9491	9865
9505	1717
9507	4
9507	2261
9507	5267
9507	7630
9507	7890
9507	9601
9510	2307
9510	2786
9510	7218
9520	564
9520	9414
9520	9429
9524	1006
9524	4784
9524	7820
9524	8128
9530	2649
9530	7834
9530	9344
9530	9897
9534	363
9534	1268
9534	2990
9534	3049
9534	7150
9534	8373
9540	6944
9540	7023
9540	8411
9549	3943
9555	2779
9555	7377
9555	7475
9555	9027
9559	1199
9559	4481
9559	6604
9570	160
9570	2246
9570	2516
9570	3952
9570	4629
9570	9087
9582	1430
9582	1443
9582	6896
9591	591
9591	2114
9591	4669
9591	6655
9591	8211
9591	8603
9591	8654
9596	896
9596	2607
9596	5131
9596	7586
9596	9633
9601	1792
9601	5886
9601	5926
9601	8427
9601	8660
9601	9507
9601	9862
9606	785
9606	1995
9606	4505
9606	7912
9606	8223
9606	9368
9621	7888
9627	1316
9627	2044
9627	7027
9627	8250
9627	9918
9633	6613
9633	7366
9633	8562
9633	8840
9633	9596
9641	2777
9641	7722
9641	8702
9662	2950
9662	3786
9662	4639
9662	5081
9662	5088
9662	7044
9662	7218
9662	9042
9662	9193
9664	3699
9664	7069
9664	9382
9674	1258
9674	3624
9674	8660
9674	8708
9685	6973
9685	9147
9685	9865
9709	4183
9722	690
9722	4509
9722	7366
9722	7776
9727	2605
9727	8514
9727	9058
9727	9193
9727	9409
9727	9884
9730	1481
9730	5251
9730	7639
9731	3043
9731	3688
9731	4375
9731	6512
9731	9787
9736	1879
9736	1964
9741	3
9741	4481
9741	5688
9741	7580
9743	3218
9743	5373
9743	9342
9743	9448
9757	5884
9757	8004
9757	8413
9757	9219
9757	9918
9770	9316
9780	690
9780	1599
9780	5088
9780	5272
9780	7359
9787	2279
9787	3126
9787	5105
9787	7727
9787	9731
9791	128
9791	3441
9791	4838
9797	4663
9797	4761
9797	6119
9797	8501
9797	8623
9802	4182
9802	7639
9802	8702
9805	2544
9805	5569
9805	8411
9805	9298
9805	9337
9810	2153
9810	4246
9810	9036
9850	6467
9850	9897
9862	1984
9862	5560
9862	6590
9862	9601
9865	6989
9865	8573
9865	9491
9865	9685
9873	322
9873	5038
9873	9983
9884	2605
9884	6185
9884	6566
9884	9193
9884	9409
9884	9727
9885	364
9885	617
9885	7059
9885	7477
9885	8831
9885	9382
9897	1931
9897	2439
9897	2932
9897	3108
9897	6448
9897	6467
9897	6758
9897	9414
9897	9530
9897	9850
9912	1418
9912	6467
9912	7698
9918	2192
9918	4513
9918	5217
9918	5884
9918	6522
9918	7282
9918	7825
9918	8427
9918	9219
9918	9627
9918	9757
9921	1706
9921	1726
9921	1788
9921	1955
9921	5038
9945	6054
9945	7487
9945	8032
9983	5852
9983	6503
9983	6578
9983	8654
9983	9246
9983	9873
