1	9412
8	5567
8	8979
29	7395
29	8330
34	7123
34	8094
50	9468
54	9699
66	4568
79	9910
131	9798
159	3218
194	9393
196	8330
286	4018
286	9953
292	8416
311	3634
311	9563
312	6425
336	8890
337	3360
389	9259
426	7712
457	8795
507	5500
507	5588
522	8434
536	4962
536	8664
539	9910
575	9374
587	7449
634	2875
716	9849
716	9907
728	5708
732	9808
732	9906
755	7561
766	9934
767	9493
779	8650
779	9862
794	8416
805	8430
808	9881
869	3677
870	9416
874	8209
920	4643
936	1822
996	9493
1000	9639
1001	7837
1001	9655
1016	8978
1051	6136
1051	8881
1054	3554
1055	3963
1055	9905
1062	9145
1086	2297
1086	5190
1087	7395
1127	5933
1127	9441
1134	8635
1134	9761
1141	9975
1173	7067
1173	7117
1193	3885
1194	9645
1195	1649
1195	3923
1195	9677
1202	6508
1202	6718
1232	6464
1232	7680
1249	6679
1249	8529
1249	9881
1280	7970
1309	6476
1313	8032
1313	9298
1323	8039
1336	9872
1391	2826
1392	1442
1392	5911
1392	7826
1406	9233
1436	6743
1442	1392
1455	9393
1473	3966
1473	7481
1502	2732
1502	9467
1533	9761
1533	9878
1539	9870
1551	7314
1551	9906
1571	3699
1571	5678
1571	5821
1571	9416
1602	8734
1603	9900
1607	9524
1609	8616
1609	9699
1613	7891
1626	9677
1634	9426
1649	1195
1650	8585
1653	9400
1670	9756
1685	4453
1689	4959
1722	7449
1764	5442
1764	7309
1764	9021
1782	4784
1812	4049
1822	936
1830	8598
1851	2139
1887	5535
1892	3889
1892	8827
1901	9397
1944	3668
1944	7713
1956	2096
1984	9862
2032	4491
2032	4799
2032	9259
2043	6814
2054	8377
2062	9746
2067	8710
2067	9808
2088	8276
2096	1956
2099	8543
2139	1851
2139	5351
2142	7155
2174	8052
2174	8132
2175	5741
2176	3838
2183	4049
2183	7200
2183	8796
2183	9746
2184	8549
2218	2368
2258	6405
2297	1086
2301	5044
2304	8978
2333	6208
2337	9207
2337	9849
2356	3401
2356	6570
2368	2218
2375	9862
2404	4825
2404	8306
2419	3554
2419	8758
2422	7836
2450	6629
2450	9566
2474	9518
2502	9916
2508	8164
2544	5523
2544	9145
2557	6965
2596	6569
2669	5022
2675	5139
2675	8918
2708	6455
2716	3356
2716	7781
2716	9798
2721	5313
2721	8493
2729	8573
2732	1502
2748	9426
2748	9664
2780	8916
2782	6726
2812	5834
2812	9107
2813	4080
2826	1391
2829	3751
2830	8430
2861	3985
2861	6118
2864	9465
2875	634
2875	7481
2894	3554
2894	5733
2895	7680
2918	6476
2942	9953
2995	9798
3077	9699
3085	3291
3089	6823
3089	6959
3092	5728
3092	9465
3156	8978
3183	7307
3183	8264
3183	9322
3190	4838
3193	3334
3194	8769
3205	7283
3205	7385
3205	9905
3218	159
3218	3990
3239	9758
3247	4720
3247	8414
3247	8760
3261	5038
3283	6792
3288	3563
3291	3085
3313	9746
3317	3834
3334	3193
3356	2716
3356	7888
3360	337
3360	7762
3401	2356
3401	4958
3402	9798
3406	5708
3423	9645
3440	6695
3452	9677
3480	6902
3482	9916
3512	4194
3512	9703
3516	9467
3535	8368
3547	6136
3547	6242
3554	1054
3554	2419
3554	2894
3563	3288
3563	9975
3568	8301
3568	8320
3571	5287
3578	8510
3600	8760
3601	9026
3601	9467
3611	8052
3634	311
3634	6565
3634	9563
3641	9518
3653	9905
3668	1944
3668	6815
3669	5139
3677	869
3677	7309
3677	9021
3685	9262
3699	1571
3699	9664
3709	5578
3721	9581
3751	2829
3751	8534
3766	5343
3766	8510
3800	6724
3830	6881
3832	9160
3834	3317
3838	2176
3838	7863
3838	9871
3846	5714
3846	8132
3846	9107
3846	9573
3878	9611
3879	7039
3885	1193
3888	7573
3889	1892
3889	9193
3923	1195
3923	9441
3923	9849
3937	8879
3947	8154
3963	1055
3963	4543
3966	1473
3985	2861
3990	3218
3998	8881
4018	286
4018	5054
4018	6343
4018	9872
4042	7367
4042	9566
4042	9953
4049	1812
4049	2183
4049	7307
4053	8494
4056	4459
4056	9225
4066	8320
4075	6679
4075	8430
4080	2813
4080	7398
4096	6718
4135	9716
4144	7433
4144	8430
4144	9975
4148	6265
4187	4577
4188	8650
4194	3512
4194	8496
4212	6973
4254	5806
4254	6903
4267	9808
4267	9881
4290	7155
4290	7713
4302	5751
4367	4783
4367	8979
4381	5750
4381	9639
4396	7863
4396	9441
4396	9849
4400	6343
4400	9664
4438	7904
4453	1685
4453	9441
4453	9849
4459	4056
4472	4641
4474	9530
4481	7867
4481	9518
4491	2032
4543	3963
4543	6715
4543	6902
4543	7885
4559	6242
4559	9393
4561	8281
4561	8978
4561	9322
4568	66
4568	5806
4568	9872
4577	4187
4580	5814
4590	6183
4590	9988
4596	7160
4598	7945
4610	8813
4610	9737
4641	4472
4643	920
4643	9322
4687	8549
4687	9533
4695	5343
4695	5895
4720	3247
4733	6565
4733	9563
4783	4367
4783	5537
4784	1782
4784	9524
4799	2032
4812	9271
4812	9906
4822	7734
4825	2404
4838	3190
4868	9639
4912	9465
4916	7468
4958	3401
4958	8796
4959	1689
4962	536
4962	8748
5003	8813
5007	8108
5007	8879
5022	2669
5029	5503
5029	8941
5038	3261
5044	2301
5044	9451
5054	4018
5054	8576
5054	8671
5054	9218
5069	8494
5075	8373
5075	9111
5100	5435
5118	8264
5131	5875
5131	6695
5133	8947
5139	2675
5139	3669
5151	8879
5165	8616
5165	8797
5184	9374
5190	1086
5190	6814
5197	6349
5197	9821
5209	7515
5212	7052
5212	7605
5231	9426
5231	9664
5234	8576
5248	9699
5256	9758
5256	9882
5267	9507
5279	9467
5287	3571
5287	9074
5295	7904
5295	8635
5300	8164
5300	9988
5305	8094
5313	2721
5313	7155
5313	7579
5313	8900
5343	3766
5343	4695
5343	8510
5346	5523
5346	9870
5351	2139
5372	9357
5372	9881
5401	5806
5401	9655
5412	8039
5431	8510
5435	5100
5435	6724
5442	1764
5442	7078
5447	5559
5447	7867
5472	8549
5491	9416
5500	507
5503	5029
5503	8080
5503	8760
5523	2544
5523	5346
5523	9900
5524	7242
5524	7554
5535	1887
5537	4783
5537	7314
5537	9249
5547	5567
5547	7130
5547	9107
5547	9862
5559	5447
5559	5821
5567	8
5567	5547
5567	7130
5567	9426
5567	9798
5578	3709
5578	8748
5585	7026
5588	507
5589	7087
5589	7197
5589	7367
5668	9563
5678	1571
5678	7661
5678	9416
5708	728
5708	3406
5709	9900
5714	3846
5714	9271
5728	3092
5728	5948
5728	7197
5730	8573
5730	9677
5733	2894
5735	7713
5735	9145
5738	8277
5738	9882
5740	8874
5740	9598
5741	2175
5750	4381
5751	4302
5760	9821
5760	9862
5806	4254
5806	4568
5806	5401
5814	4580
5814	9737
5815	8916
5821	1571
5821	5559
5821	6801
5834	2812
5834	6343
5834	9872
5875	5131
5875	9906
5893	9746
5895	4695
5895	7214
5902	9716
5902	9849
5911	1392
5917	6329
5917	8941
5920	8941
5928	7762
5928	8120
5928	9975
5933	1127
5948	5728
5986	9038
5986	9259
6056	6338
6056	9713
6090	6336
6118	2861
6136	1051
6136	3547
6136	8881
6140	9645
6148	8276
6183	4590
6183	7921
6183	9139
6183	9905
6208	2333
6208	7734
6237	8769
6242	3547
6242	4559
6265	4148
6265	9533
6267	8007
6267	8978
6285	7620
6285	8534
6285	9573
6285	9664
6329	5917
6329	9160
6329	9465
6332	7348
6336	6090
6338	6056
6338	9907
6343	4018
6343	4400
6343	5834
6349	5197
6349	6692
6377	8198
6377	8916
6405	2258
6405	8064
6425	312
6425	9639
6455	2708
6464	1232
6464	8671
6476	1309
6476	2918
6504	9773
6508	1202
6508	9761
6514	9907
6520	8368
6538	7433
6538	8494
6538	9645
6538	9655
6565	3634
6565	4733
6565	9563
6565	9905
6568	6801
6569	2596
6570	2356
6598	7115
6598	7314
6601	9393
6601	9493
6613	7123
6629	2450
6629	8507
6644	7449
6648	7734
6648	9160
6679	1249
6679	4075
6679	7713
6692	6349
6692	8493
6692	8549
6692	9808
6692	9916
6695	3440
6695	5131
6695	8134
6702	7713
6711	9218
6715	4543
6718	1202
6718	4096
6724	3800
6724	5435
6724	6973
6726	2782
6726	9313
6726	9594
6743	1436
6743	9530
6746	8011
6746	8881
6782	7320
6782	7945
6783	7398
6783	9533
6792	3283
6792	8978
6792	9298
6801	5821
6801	6568
6813	9111
6814	2043
6814	5190
6814	8879
6814	9507
6815	3668
6815	7010
6815	8710
6815	9808
6815	9906
6823	3089
6865	9322
6881	3830
6902	3480
6902	4543
6902	8351
6902	9934
6903	4254
6926	7433
6926	9975
6929	8209
6946	9910
6956	7037
6959	3089
6965	2557
6965	8634
6973	4212
6973	6724
6978	9953
7010	6815
7010	9808
7010	9906
7015	9761
7026	5585
7026	8797
7037	6956
7037	7457
7039	3879
7049	9510
7049	9737
7052	5212
7067	1173
7067	9611
7078	5442
7087	5589
7087	9374
7088	8281
7088	9322
7088	9397
7115	6598
7117	1173
7117	8568
7123	34
7123	6613
7123	8056
7123	8585
7130	5547
7130	5567
7155	2142
7155	4290
7155	5313
7155	8918
7160	4596
7197	5589
7197	5728
7200	2183
7200	7762
7214	5895
7237	9021
7242	5524
7242	8690
7242	9881
7273	9677
7283	3205
7307	3183
7307	4049
7309	1764
7309	3677
7309	9934
7314	1551
7314	5537
7314	6598
7314	9249
7320	6782
7348	6332
7348	8842
7348	9598
7348	9905
7367	4042
7367	5589
7385	3205
7385	9465
7390	9530
7395	29
7395	1087
7398	4080
7398	6783
7398	8406
7433	4144
7433	6538
7433	6926
7433	9975
7449	587
7449	1722
7449	6644
7457	7037
7457	8624
7460	9192
7460	9207
7468	4916
7468	9934
7481	1473
7481	2875
7481	9465
7481	9611
7481	9756
7515	5209
7515	8417
7515	9530
7530	9530
7554	5524
7561	755
7561	8064
7573	3888
7579	5313
7579	8417
7579	8529
7605	5212
7605	8330
7605	9520
7620	6285
7620	8080
7620	8534
7637	9808
7649	9882
7661	5678
7661	9416
7680	1232
7680	2895
7680	8134
7680	9467
7689	8030
7689	9262
7689	9520
7712	426
7712	9400
7713	1944
7713	4290
7713	5735
7713	6679
7713	6702
7734	4822
7734	6208
7734	6648
7734	9910
7762	3360
7762	5928
7762	7200
7763	8813
7763	9233
7763	9737
7763	9878
7781	2716
7781	9139
7812	8064
7826	1392
7836	2422
7836	8978
7837	1001
7862	8769
7863	3838
7863	4396
7863	8664
7863	9871
7867	4481
7867	5447
7885	4543
7885	9026
7888	3356
7890	9507
7891	1613
7891	8303
7897	9192
7904	4438
7904	5295
7904	8635
7904	8769
7910	8416
7910	9536
7910	9545
7910	9871
7921	6183
7921	8510
7921	8947
7945	4598
7945	6782
7945	8108
7970	1280
7997	9160
8002	9331
8006	8549
8007	6267
8011	6746
8011	8890
8030	7689
8030	9262
8030	9639
8032	1313
8032	8972
8032	9594
8039	1323
8039	5412
8052	2174
8052	3611
8056	7123
8064	6405
8064	7561
8064	7812
8064	8263
8064	9655
8080	5503
8080	7620
8080	8534
8080	9573
8094	34
8094	5305
8094	9416
8094	9664
8108	5007
8108	7945
8108	9092
8108	9451
8108	9854
8117	8835
8118	9520
8118	9713
8120	5928
8120	9468
8132	2174
8132	3846
8134	6695
8134	7680
8134	9664
8154	3947
8154	8303
8164	2508
8164	5300
8198	6377
8198	8916
8209	874
8209	6929
8262	8276
8263	8064
8264	3183
8264	5118
8264	9872
8276	2088
8276	6148
8276	8262
8276	9225
8277	5738
8281	4561
8281	7088
8281	9322
8281	9397
8301	3568
8301	9598
8303	7891
8303	8154
8306	2404
8320	3568
8320	4066
8326	9703
8330	29
8330	196
8330	7605
8330	8979
8351	6902
8362	9259
8362	9808
8368	3535
8368	6520
8373	5075
8373	8916
8373	9139
8377	2054
8406	7398
8406	8565
8406	8874
8406	9524
8414	3247
8416	292
8416	794
8416	7910
8416	8690
8416	9536
8417	7515
8417	7579
8417	9111
8417	9611
8430	805
8430	2830
8430	4075
8430	4144
8430	8734
8430	8879
8430	9507
8434	522
8493	2721
8493	6692
8494	4053
8494	5069
8494	6538
8494	8650
8494	9655
8496	4194
8507	6629
8507	9021
8510	3578
8510	3766
8510	5343
8510	5431
8510	7921
8529	1249
8529	7579
8534	3751
8534	6285
8534	7620
8534	8080
8534	9573
8543	2099
8549	2184
8549	4687
8549	5472
8549	6692
8549	8006
8565	8406
8565	8874
8568	7117
8568	9218
8573	2729
8573	5730
8573	9910
8576	5054
8576	5234
8585	1650
8585	7123
8585	9044
8585	9092
8598	1830
8598	9416
8616	1609
8616	5165
8624	7457
8634	6965
8634	8966
8635	1134
8635	5295
8635	7904
8650	779
8650	4188
8650	8494
8660	9703
8664	536
8664	7863
8664	9871
8671	5054
8671	6464
8686	9114
8686	9510
8690	7242
8690	8416
8710	2067
8710	6815
8710	9862
8710	9906
8734	1602
8734	8430
8734	8947
8741	8795
8741	8918
8741	9773
8748	4962
8748	5578
8748	9426
8758	2419
8758	9427
8760	3247
8760	3600
8760	5503
8760	8813
8769	3194
8769	6237
8769	7862
8769	7904
8769	9493
8795	457
8795	8741
8795	9468
8795	9773
8795	9878
8796	2183
8796	4958
8796	9458
8796	9746
8797	5165
8797	7026
8813	4610
8813	5003
8813	7763
8813	8760
8813	9737
8827	1892
8827	9458
8835	8117
8842	7348
8874	5740
8874	8406
8874	8565
8874	9524
8879	3937
8879	5007
8879	5151
8879	6814
8879	8430
8879	9507
8881	1051
8881	3998
8881	6136
8881	6746
8881	9545
8890	336
8890	8011
8900	5313
8900	9773
8916	2780
8916	5815
8916	6377
8916	8198
8916	8373
8916	9038
8918	2675
8918	7155
8918	8741
8918	9756
8941	5029
8941	5917
8941	5920
8941	9021
8941	9632
8947	5133
8947	7921
8947	8734
8947	9074
8966	8634
8972	8032
8972	9849
8978	1016
8978	2304
8978	3156
8978	4561
8978	6267
8978	6792
8978	7836
8979	8
8979	4367
8979	8330
9021	1764
9021	3677
9021	7237
9021	8507
9021	8941
9026	3601
9026	7885
9026	9271
9038	5986
9038	8916
9038	9259
9044	8585
9044	9092
9074	5287
9074	8947
9092	8108
9092	8585
9092	9044
9107	2812
9107	3846
9107	5547
9107	9397
9107	9573
9111	5075
9111	6813
9111	8417
9114	8686
9135	9313
9135	9594
9135	9878
9139	6183
9139	7781
9139	8373
9139	9193
9139	9581
9139	9870
9145	1062
9145	2544
9145	5735
9160	3832
9160	6329
9160	6648
9160	7997
9192	7460
9192	7897
9193	3889
9193	9139
9207	2337
9207	7460
9218	5054
9218	6711
9218	8568
9220	9225
9220	9573
9225	4056
9225	8276
9225	9220
9233	1406
9233	7763
9249	5537
9249	7314
9249	9467
9259	389
9259	2032
9259	5986
9259	8362
9259	9038
9262	3685
9262	7689
9262	8030
9262	9520
9262	9871
9271	4812
9271	5714
9271	9026
9298	1313
9298	6792
9313	6726
9313	9135
9313	9594
9313	9756
9322	3183
9322	4561
9322	4643
9322	6865
9322	7088
9322	8281
9322	9397
9331	8002
9357	5372
9357	9878
9374	575
9374	5184
9374	7087
9393	194
9393	1455
9393	4559
9393	6601
9397	1901
9397	7088
9397	8281
9397	9107
9397	9322
9400	1653
9400	7712
9412	1
9412	9683
9416	870
9416	1571
9416	5491
9416	5678
9416	7661
9416	8094
9416	8598
9416	9493
9426	1634
9426	2748
9426	5231
9426	5567
9426	8748
9426	9664
9427	8758
9427	9677
9441	1127
9441	3923
9441	4396
9441	4453
9441	9573
9441	9849
9451	5044
9451	8108
9458	8796
9458	8827
9465	2864
9465	3092
9465	4912
9465	6329
9465	7385
9465	7481
9465	9756
9467	1502
9467	3516
9467	3601
9467	5279
9467	7680
9467	9249
9467	9611
9468	50
9468	8120
9468	8795
9493	767
9493	996
9493	6601
9493	8769
9493	9416
9507	5267
9507	6814
9507	7890
9507	8430
9507	8879
9507	9533
9510	7049
9510	8686
9518	2474
9518	3641
9518	4481
9520	7605
9520	7689
9520	8118
9520	9262
9524	1607
9524	4784
9524	8406
9524	8874
9530	4474
9530	6743
9530	7390
9530	7515
9530	7530
9533	4687
9533	6265
9533	6783
9533	9507
9533	9756
9533	9773
9536	7910
9536	8416
9536	9545
9545	7910
9545	8881
9545	9536
9545	9882
9563	311
9563	3634
9563	4733
9563	5668
9563	6565
9563	9594
9566	2450
9566	4042
9566	9953
9573	3846
9573	6285
9573	8080
9573	8534
9573	9107
9573	9220
9573	9441
9581	3721
9581	9139
9594	6726
9594	8032
9594	9135
9594	9313
9594	9563
9598	5740
9598	7348
9598	8301
9611	3878
9611	7067
9611	7481
9611	8417
9611	9467
9632	8941
9639	1000
9639	4381
9639	4868
9639	6425
9639	8030
9645	1194
9645	3423
9645	6140
9645	6538
9645	9871
9655	1001
9655	5401
9655	6538
9655	8064
9655	8494
9655	9916
9664	2748
9664	3699
9664	4400
9664	5231
9664	6285
9664	8094
9664	8134
9664	9426
9677	1195
9677	1626
9677	3452
9677	5730
9677	7273
9677	9427
9683	9412
9683	9758
9699	54
9699	1609
9699	3077
9699	5248
9703	3512
9703	8326
9703	8660
9713	6056
9713	8118
9716	4135
9716	5902
9716	9808
9716	9871
9737	4610
9737	5814
9737	7049
9737	7763
9737	8813
9746	2062
9746	2183
9746	3313
9746	5893
9746	8796
9756	1670
9756	7481
9756	8918
9756	9313
9756	9465
9756	9533
9758	3239
9758	5256
9758	9683
9758	9906
9761	1134
9761	1533
9761	6508
9761	7015
9773	6504
9773	8741
9773	8795
9773	8900
9773	9533
9798	131
9798	2716
9798	2995
9798	3402
9798	5567
9808	732
9808	2067
9808	4267
9808	6692
9808	6815
9808	7010
9808	7637
9808	8362
9808	9716
9821	5197
9821	5760
9821	9862
9849	716
9849	2337
9849	3923
9849	4396
9849	4453
9849	5902
9849	8972
9849	9441
9854	8108
9854	9878
9862	779
9862	1984
9862	2375
9862	5547
9862	5760
9862	8710
9862	9821
9870	1539
9870	5346
9870	9139
9871	3838
9871	7863
9871	7910
9871	8664
9871	9262
9871	9645
9871	9716
9872	1336
9872	4018
9872	4568
9872	5834
9872	8264
9878	1533
9878	7763
9878	8795
9878	9135
9878	9357
9878	9854
9881	808
9881	1249
9881	4267
9881	5372
9881	7242
9882	5256
9882	5738
9882	7649
9882	9545
9900	1603
9900	5523
9900	5709
9905	1055
9905	3205
9905	3653
9905	6183
9905	6565
9905	7348
9906	732
9906	1551
9906	4812
9906	5875
9906	6815
9906	7010
9906	8710
9906	9758
9907	716
9907	6338
9907	6514
9910	79
9910	539
9910	6946
9910	7734
9910	8573
9916	2502
9916	3482
9916	6692
9916	9655
9934	766
9934	6902
9934	7309
9934	7468
9953	286
9953	2942
9953	4042
9953	6978
9953	9566
9975	1141
9975	3563
9975	4144
9975	5928
9975	6926
9975	7433
9988	4590
9988	5300
