7	8073
41	8270
89	7178
125	8593
147	9762
166	9726
188	9623
228	8005
256	3514
281	9112
286	6007
292	5930
295	5700
300	8418
304	2833
320	4196
320	9723
345	991
353	4424
381	3935
381	5079
396	7942
396	8115
396	9846
399	9547
411	5490
449	1951
449	9755
455	7866
455	9822
455	9895
458	4750
470	5661
503	9173
512	9748
543	4976
563	2699
574	9219
581	8832
620	5377
621	4896
621	9992
627	2699
695	3220
719	2217
765	2786
765	7965
801	8794
801	9690
825	5557
825	9146
870	7551
872	6674
898	9835
923	4943
923	7133
923	8005
923	9748
933	7494
939	5552
947	6821
991	345
997	1356
1048	2689
1048	5915
1048	8304
1048	9311
1082	7217
1170	7707
1176	9954
1185	9618
1187	5285
1196	6045
1206	8446
1209	7491
1235	2405
1245	9846
1268	7133
1268	9992
1277	3459
1286	5088
1303	8660
1304	5733
1312	9822
1312	9895
1312	9947
1356	997
1356	2279
1372	5545
1372	9195
1383	8305
1383	8614
1383	8799
1384	8670
1401	5746
1405	2907
1405	5547
1414	9935
1419	2279
1436	8336
1499	7139
1499	8106
1524	5516
1543	3020
1543	6727
1543	9763
1595	4770
1595	8551
1627	5959
1644	8629
1664	8089
1684	9999
1685	9826
1699	9992
1708	8773
1741	4599
1741	6821
1741	8059
1750	3980
1762	9147
1830	8598
1836	7551
1836	9841
1888	7554
1888	9620
1888	9627
1912	9993
1915	4678
1951	449
1971	9604
1979	9166
1988	2096
2001	8875
2001	9191
2018	7532
2025	9206
2038	3734
2038	4854
2038	8593
2074	9146
2077	5788
2077	9847
2096	1988
2105	5901
2124	7905
2137	9376
2137	9524
2143	6693
2162	7035
2179	8496
2216	7299
2217	719
2268	8645
2279	1356
2279	1419
2323	8089
2323	9164
2343	3084
2405	1235
2405	3220
2407	4318
2407	9468
2418	7600
2418	8795
2418	9618
2433	9618
2442	6197
2448	8482
2448	9722
2451	6748
2522	9720
2554	9609
2554	9881
2584	3288
2594	9426
2618	9822
2687	6993
2687	9839
2689	1048
2699	563
2699	627
2702	6211
2702	9711
2729	8573
2784	5513
2786	765
2786	4498
2786	8593
2786	9510
2786	9762
2791	7563
2793	6514
2793	8781
2809	7921
2814	8294
2814	8739
2819	8005
2829	8619
2829	9690
2833	304
2833	8335
2857	8903
2861	9666
2891	8694
2907	1405
2923	9999
2928	9720
2941	8874
2975	8812
2996	8568
3013	4641
3020	1543
3031	6804
3063	7055
3066	7148
3066	9956
3073	4721
3080	5546
3080	9585
3084	2343
3084	5655
3084	9923
3087	8244
3104	5930
3104	9603
3112	5536
3121	4503
3159	4016
3181	7320
3181	9618
3220	695
3220	2405
3221	8832
3240	5536
3257	9301
3263	6857
3263	7852
3276	6197
3288	2584
3288	9711
3347	8020
3459	1277
3459	4320
3459	9609
3459	9762
3474	4931
3514	256
3514	8660
3514	9049
3525	5080
3525	9966
3543	8050
3543	9376
3595	9632
3606	7344
3658	9954
3687	8819
3698	5635
3698	9761
3733	4384
3734	2038
3734	8593
3750	7564
3750	8992
3755	7373
3756	9098
3784	6422
3799	7202
3819	8496
3823	4125
3823	6917
3823	9822
3828	9927
3868	9999
3881	8875
3883	9403
3891	5171
3910	5410
3915	9643
3918	8244
3929	9848
3935	381
3935	5197
3944	9179
3977	7752
3977	8005
3980	1750
4003	7905
4003	8903
4006	7632
4016	3159
4016	6919
4047	9524
4066	8320
4068	7496
4068	8336
4068	9999
4072	8201
4072	8917
4085	8547
4085	8857
4101	9822
4101	9895
4117	9103
4125	3823
4165	9835
4169	9243
4183	6804
4183	6819
4196	320
4199	8419
4199	9223
4201	8910
4201	9720
4210	8607
4223	7304
4226	7809
4226	8059
4233	8319
4248	9206
4272	7099
4272	9662
4274	9865
4299	9947
4307	8482
4318	2407
4320	3459
4320	8799
4338	8794
4338	9088
4338	9690
4340	9720
4350	9524
4380	7130
4384	3733
4384	6076
4406	7139
4406	8261
4415	5812
4415	9927
4419	6357
4424	353
4430	9676
4430	9720
4468	9643
4495	6401
4495	6597
4495	9056
4498	2786
4503	3121
4503	5267
4503	8244
4551	9656
4594	9971
4599	1741
4604	8990
4610	9297
4610	9603
4619	8799
4641	3013
4649	7496
4649	9956
4671	7942
4678	1915
4678	6102
4678	7625
4678	7791
4713	8736
4713	8799
4715	9722
4721	3073
4750	458
4770	1595
4770	6357
4776	8665
4776	9164
4776	9729
4791	9376
4812	9906
4830	9556
4830	9603
4849	7284
4849	7651
4849	8676
4849	9556
4854	2038
4854	7373
4856	9173
4856	9841
4856	9922
4896	621
4902	9761
4903	9426
4913	8773
4915	8799
4931	3474
4943	923
4947	8645
4949	9748
4974	6418
4974	8156
4976	543
4981	7950
4985	9510
4987	8496
4987	9111
4987	9839
4987	9923
4988	6349
4988	8387
4988	9822
4989	5096
4989	9768
5051	7676
5051	9722
5057	5848
5057	7491
5062	5377
5079	381
5079	9956
5080	3525
5080	7099
5080	7707
5080	9966
5084	7118
5084	7360
5087	9892
5088	1286
5088	9098
5088	9662
5096	4989
5096	5878
5122	8156
5127	9927
5151	7752
5151	8020
5151	8547
5160	9103
5160	9446
5171	3891
5197	3935
5197	6349
5197	9821
5267	4503
5280	9881
5285	1187
5316	9471
5325	8564
5325	9471
5352	7214
5352	9371
5352	9726
5366	5844
5366	8773
5372	6833
5372	9881
5377	620
5377	5062
5377	7796
5382	9020
5382	9763
5408	8565
5410	3910
5410	6787
5421	6655
5421	7904
5421	9149
5431	5501
5431	8917
5436	9881
5446	9422
5489	8836
5490	411
5490	8059
5493	9865
5496	6039
5501	5431
5513	2784
5516	1524
5516	7610
5527	9952
5536	3112
5536	3240
5545	1372
5545	7035
5545	8878
5546	3080
5546	9020
5547	1405
5547	7130
5552	939
5553	7921
5553	8609
5553	8874
5553	9966
5557	825
5557	6572
5557	8749
5557	9971
5569	8857
5569	9585
5569	9603
5579	6655
5579	9337
5633	9285
5635	3698
5655	3084
5661	470
5661	7496
5674	9726
5689	8370
5689	8547
5692	8496
5692	8564
5692	9841
5692	9881
5700	295
5700	9048
5721	8500
5733	1304
5734	6804
5734	8089
5746	1401
5756	8564
5756	9471
5756	9923
5756	9954
5760	8878
5760	9821
5769	5988
5769	7504
5788	2077
5788	8812
5788	9729
5803	6709
5803	9656
5812	4415
5812	9881
5828	7299
5828	9738
5844	5366
5844	9762
5848	5057
5848	6819
5848	7756
5865	9927
5875	9906
5878	5096
5891	6787
5892	9149
5892	9642
5897	9676
5901	2105
5915	1048
5915	9104
5930	292
5930	3104
5945	9656
5959	1627
5959	7516
5969	9729
5988	5769
5988	8197
5988	9927
6007	286
6039	5496
6045	1196
6054	7512
6076	4384
6076	6727
6076	8454
6080	9627
6102	4678
6157	8547
6168	8568
6168	9763
6174	8607
6174	9547
6187	7082
6187	9554
6197	2442
6197	3276
6211	2702
6211	8736
6305	8454
6305	8458
6312	7965
6312	9846
6339	9723
6349	4988
6349	5197
6354	9510
6357	4419
6357	4770
6375	8209
6375	8319
6375	9935
6401	4495
6401	9427
6401	9604
6418	4974
6418	9403
6418	9755
6422	3784
6481	9304
6481	9971
6492	9895
6505	6514
6514	2793
6514	6505
6535	9720
6535	9821
6556	8568
6572	5557
6572	7516
6572	9311
6597	4495
6597	9056
6608	8965
6611	7852
6633	7217
6641	8476
6650	9666
6655	5421
6655	5579
6674	872
6674	8614
6674	9371
6675	7990
6675	9164
6678	8137
6678	9758
6693	2143
6709	5803
6709	9656
6721	8878
6721	9556
6727	1543
6727	6076
6741	9180
6748	2451
6748	7193
6748	9556
6748	9711
6748	9935
6774	7082
6774	9554
6774	9609
6781	7275
6781	8112
6781	9285
6781	9927
6784	6965
6787	5410
6787	5891
6787	9643
6804	3031
6804	4183
6804	5734
6804	9219
6819	4183
6819	5848
6819	9446
6821	947
6821	1741
6821	8670
6825	7058
6825	9304
6827	9727
6833	5372
6833	8387
6838	9188
6838	9223
6857	3263
6904	7133
6904	9164
6904	9992
6917	3823
6919	4016
6965	6784
6969	8781
6981	7884
6981	7950
6981	8247
6981	8857
6993	2687
6993	8304
6993	9311
7035	2162
7035	5545
7054	9020
7055	3063
7055	8419
7055	9111
7055	9839
7055	9923
7055	9992
7058	6825
7058	7610
7058	8270
7058	9188
7058	9304
7071	9711
7082	6187
7082	6774
7082	9142
7083	9952
7085	9426
7085	9952
7085	9993
7099	4272
7099	5080
7099	8749
7110	9892
7118	5084
7118	8773
7130	4380
7130	5547
7133	923
7133	1268
7133	6904
7133	9164
7133	9337
7133	9992
7139	1499
7139	4406
7148	3066
7148	7496
7148	9956
7159	8083
7159	9632
7171	8197
7177	7942
7178	89
7188	9841
7188	9922
7193	6748
7202	3799
7202	9604
7214	5352
7214	7668
7217	1082
7217	6633
7253	8564
7253	9881
7275	6781
7275	8795
7275	9243
7284	4849
7284	7651
7284	9103
7299	2216
7299	5828
7299	7917
7299	8209
7304	4223
7307	7884
7320	3181
7344	3606
7344	9690
7357	8197
7360	5084
7360	7573
7373	3755
7373	4854
7426	9371
7439	9554
7461	8115
7461	9642
7479	7551
7479	9223
7491	1209
7491	5057
7494	933
7494	7852
7494	8174
7496	4068
7496	4649
7496	5661
7496	7148
7496	9956
7504	5769
7504	8496
7512	6054
7512	7950
7512	8568
7516	5959
7516	6572
7516	7668
7516	9146
7516	9846
7532	2018
7532	9645
7532	9993
7551	870
7551	1836
7551	7479
7551	9666
7554	1888
7554	9859
7563	2791
7563	8482
7564	3750
7564	9471
7564	9881
7570	9328
7572	8812
7573	7360
7573	8461
7600	2418
7601	9020
7601	9993
7610	5516
7610	7058
7625	4678
7625	7791
7625	8418
7632	4006
7632	9992
7649	8773
7649	9098
7651	4849
7651	7284
7651	9556
7654	8201
7654	8573
7654	9992
7656	8317
7668	7214
7668	7516
7668	9104
7676	5051
7676	9722
7676	9826
7707	1170
7707	5080
7707	8117
7707	8593
7707	8838
7747	7835
7747	8419
7752	3977
7752	5151
7752	8083
7756	5848
7756	7937
7763	8359
7763	9337
7763	9603
7781	9422
7781	9726
7791	4678
7791	7625
7791	8841
7796	5377
7796	8177
7796	8670
7809	4226
7809	8059
7809	8573
7835	7747
7852	3263
7852	6611
7852	7494
7852	8043
7866	455
7866	8832
7872	9254
7884	6981
7884	7307
7884	9048
7897	9103
7904	5421
7905	2124
7905	4003
7915	7921
7916	9585
7916	9726
7917	7299
7921	2809
7921	5553
7921	7915
7923	9604
7937	7756
7937	9254
7937	9881
7937	9954
7942	396
7942	4671
7942	7177
7942	9043
7943	9142
7943	9166
7950	4981
7950	6981
7950	7512
7950	9468
7965	765
7965	6312
7965	9059
7990	6675
8005	228
8005	923
8005	2819
8005	3977
8020	3347
8020	5151
8027	8482
8027	8609
8034	8247
8034	8383
8034	8838
8034	9966
8043	7852
8050	3543
8059	1741
8059	4226
8059	5490
8059	7809
8071	9468
8073	7
8073	8598
8073	9371
8083	7159
8083	7752
8089	1664
8089	2323
8089	5734
8089	9243
8093	9043
8093	9956
8093	9966
8106	1499
8106	8564
8112	6781
8112	9927
8115	396
8115	7461
8117	7707
8119	8270
8137	6678
8156	4974
8156	5122
8174	7494
8174	8997
8177	7796
8177	8676
8185	9023
8185	9666
8197	5988
8197	7171
8197	7357
8201	4072
8201	7654
8209	6375
8209	7299
8209	8607
8217	9768
8244	3087
8244	3918
8244	4503
8244	9020
8245	8749
8245	9762
8247	6981
8247	8034
8247	8838
8247	9301
8247	9768
8247	9966
8261	4406
8270	41
8270	7058
8270	8119
8270	9111
8270	9923
8294	2814
8294	8739
8301	8609
8301	9662
8304	1048
8304	6993
8304	9311
8305	1383
8305	8819
8317	7656
8317	9966
8319	4233
8319	6375
8319	8336
8320	4066
8320	9023
8320	9195
8335	2833
8335	9426
8336	1436
8336	4068
8336	8319
8336	9147
8336	9881
8359	7763
8370	5689
8370	8547
8383	8034
8383	8841
8387	4988
8387	6833
8387	9020
8387	9763
8418	300
8418	7625
8418	9020
8419	4199
8419	7055
8419	7747
8419	9839
8419	9923
8446	1206
8454	6076
8454	6305
8458	6305
8461	7573
8461	9847
8476	6641
8476	9043
8476	9722
8482	2448
8482	4307
8482	7563
8482	8027
8496	2179
8496	3819
8496	4987
8496	5692
8496	7504
8496	9971
8500	5721
8512	9761
8512	9922
8547	4085
8547	5151
8547	5689
8547	6157
8547	8370
8551	1595
8556	9104
8556	9422
8556	9865
8564	5325
8564	5692
8564	5756
8564	7253
8564	8106
8564	9471
8564	9971
8565	5408
8565	8874
8565	9188
8565	9822
8568	2996
8568	6168
8568	6556
8568	7512
8573	2729
8573	7654
8573	7809
8573	8694
8573	9859
8573	9865
8593	125
8593	2038
8593	2786
8593	3734
8593	7707
8593	8665
8593	9762
8598	1830
8598	8073
8607	4210
8607	6174
8607	8209
8609	5553
8609	8027
8609	8301
8614	1383
8614	6674
8614	9023
8614	9403
8619	2829
8619	9690
8629	1644
8629	8739
8629	9848
8645	2268
8645	4947
8660	1303
8660	3514
8660	9049
8660	9556
8660	9999
8665	4776
8665	8593
8665	9142
8665	9729
8665	9847
8665	9895
8670	1384
8670	6821
8670	7796
8676	4849
8676	8177
8676	8863
8694	2891
8694	8573
8695	9468
8713	9337
8736	4713
8736	6211
8736	9147
8739	2814
8739	8294
8739	8629
8749	5557
8749	7099
8749	8245
8749	9971
8762	9371
8773	1708
8773	4913
8773	5366
8773	7118
8773	7649
8781	2793
8781	6969
8781	9720
8794	801
8794	4338
8794	9690
8795	2418
8795	7275
8795	9468
8795	9618
8799	1383
8799	4320
8799	4619
8799	4713
8799	4915
8799	9180
8812	2975
8812	5788
8812	7572
8819	3687
8819	8305
8832	581
8832	3221
8832	7866
8832	9191
8832	9748
8836	5489
8836	9547
8838	7707
8838	8034
8838	8247
8838	9966
8841	7791
8841	8383
8841	9711
8857	4085
8857	5569
8857	6981
8857	9056
8863	8676
8863	9297
8863	9835
8874	2941
8874	5553
8874	8565
8874	9524
8875	2001
8875	3881
8875	9191
8878	5545
8878	5760
8878	6721
8878	9821
8903	2857
8903	4003
8910	4201
8910	9048
8917	4072
8917	5431
8942	9952
8965	6608
8990	4604
8992	3750
8992	9223
8997	8174
8997	9623
9020	5382
9020	5546
9020	7054
9020	7601
9020	8244
9020	8387
9020	8418
9020	9763
9023	8185
9023	8320
9023	8614
9023	9971
9043	7942
9043	8093
9043	8476
9048	5700
9048	7884
9048	8910
9049	3514
9049	8660
9049	9999
9056	4495
9056	6597
9056	8857
9056	9422
9059	7965
9059	9821
9088	4338
9088	9098
9088	9426
9098	3756
9098	5088
9098	7649
9098	9088
9103	4117
9103	5160
9103	7284
9103	7897
9104	5915
9104	7668
9104	8556
9111	4987
9111	7055
9111	8270
9111	9839
9111	9923
9112	281
9112	9427
9112	9727
9142	7082
9142	7943
9142	8665
9142	9729
9142	9847
9146	825
9146	2074
9146	7516
9147	1762
9147	8336
9147	8736
9147	9603
9149	5421
9149	5892
9164	2323
9164	4776
9164	6675
9164	6904
9164	7133
9164	9992
9166	1979
9166	7943
9173	503
9173	4856
9173	9841
9173	9922
9179	3944
9180	6741
9180	8799
9188	6838
9188	7058
9188	8565
9188	9304
9188	9471
9188	9859
9191	2001
9191	8832
9191	8875
9195	1372
9195	8320
9206	2025
9206	4248
9219	574
9219	6804
9219	9918
9223	4199
9223	6838
9223	7479
9223	8992
9243	4169
9243	7275
9243	8089
9254	7872
9254	7937
9285	5633
9285	6781
9297	4610
9297	8863
9297	9337
9297	9993
9301	3257
9301	8247
9301	9620
9301	9627
9304	6481
9304	6825
9304	7058
9304	9188
9304	9662
9311	1048
9311	6572
9311	6993
9311	8304
9328	7570
9337	5579
9337	7133
9337	7763
9337	8713
9337	9297
9337	9371
9371	5352
9371	6674
9371	7426
9371	8073
9371	8762
9371	9337
9371	9620
9376	2137
9376	3543
9376	4791
9403	3883
9403	6418
9403	8614
9403	9711
9403	9755
9422	5446
9422	7781
9422	8556
9422	9056
9426	2594
9426	4903
9426	7085
9426	8335
9426	9088
9426	9604
9427	6401
9427	9112
9427	9841
9427	9947
9427	9954
9446	5160
9446	6819
9446	9748
9468	2407
9468	7950
9468	8071
9468	8695
9468	8795
9468	9618
9471	5316
9471	5325
9471	5756
9471	7564
9471	8564
9471	9188
9471	9881
9510	2786
9510	4985
9510	6354
9524	2137
9524	4047
9524	4350
9524	8874
9547	399
9547	6174
9547	8836
9554	6187
9554	6774
9554	7439
9556	4830
9556	4849
9556	6721
9556	6748
9556	7651
9556	8660
9585	3080
9585	5569
9585	7916
9603	3104
9603	4610
9603	4830
9603	5569
9603	7763
9603	9147
9604	1971
9604	6401
9604	7202
9604	7923
9604	9426
9604	9627
9609	2554
9609	3459
9609	6774
9609	9748
9618	1185
9618	2418
9618	2433
9618	3181
9618	8795
9618	9468
9618	9923
9620	1888
9620	9301
9620	9371
9623	188
9623	8997
9627	1888
9627	6080
9627	9301
9627	9604
9627	9848
9627	9918
9632	3595
9632	7159
9632	9892
9642	5892
9642	7461
9643	3915
9643	4468
9643	6787
9643	9761
9645	7532
9645	9947
9656	4551
9656	5803
9656	5945
9656	6709
9656	9726
9656	9993
9662	4272
9662	5088
9662	8301
9662	9304
9662	9892
9662	9956
9666	2861
9666	6650
9666	7551
9666	8185
9666	9922
9676	4430
9676	5897
9690	801
9690	2829
9690	4338
9690	7344
9690	8619
9690	8794
9690	9865
9711	2702
9711	3288
9711	6748
9711	7071
9711	8841
9711	9403
9720	2522
9720	2928
9720	4201
9720	4340
9720	4430
9720	6535
9720	8781
9722	2448
9722	4715
9722	5051
9722	7676
9722	8476
9723	320
9723	6339
9723	9922
9726	166
9726	5352
9726	5674
9726	7781
9726	7916
9726	9656
9727	6827
9727	9112
9727	9822
9729	4776
9729	5788
9729	5969
9729	8665
9729	9142
9729	9762
9729	9847
9738	5828
9748	512
9748	923
9748	4949
9748	8832
9748	9446
9748	9609
9748	9763
9755	449
9755	6418
9755	9403
9758	6678
9758	9906
9761	3698
9761	4902
9761	8512
9761	9643
9762	147
9762	2786
9762	3459
9762	5844
9762	8245
9762	8593
9762	9729
9763	1543
9763	5382
9763	6168
9763	8387
9763	9020
9763	9748
9768	4989
9768	8217
9768	8247
9821	5197
9821	5760
9821	6535
9821	8878
9821	9059
9822	455
9822	1312
9822	2618
9822	3823
9822	4101
9822	4988
9822	8565
9822	9727
9822	9895
9826	1685
9826	7676
9835	898
9835	4165
9835	8863
9839	2687
9839	4987
9839	7055
9839	8419
9839	9111
9839	9923
9841	1836
9841	4856
9841	5692
9841	7188
9841	9173
9841	9427
9841	9922
9846	396
9846	1245
9846	6312
9846	7516
9846	9923
9846	9999
9847	2077
9847	8461
9847	8665
9847	9142
9847	9729
9848	3929
9848	8629
9848	9627
9859	7554
9859	8573
9859	9188
9859	9935
9865	4274
9865	5493
9865	8556
9865	8573
9865	9690
9865	9935
9881	2554
9881	5280
9881	5372
9881	5436
9881	5692
9881	5812
9881	7253
9881	7564
9881	7937
9881	8336
9881	9471
9892	5087
9892	7110
9892	9632
9892	9662
9895	455
9895	1312
9895	4101
9895	6492
9895	8665
9895	9822
9906	4812
9906	5875
9906	9758
9918	9219
9918	9627
9922	4856
9922	7188
9922	8512
9922	9173
9922	9666
9922	9723
9922	9841
9923	3084
9923	4987
9923	5756
9923	7055
9923	8270
9923	8419
9923	9111
9923	9618
9923	9839
9923	9846
9927	3828
9927	4415
9927	5127
9927	5865
9927	5988
9927	6781
9927	8112
9935	1414
9935	6375
9935	6748
9935	9859
9935	9865
9935	9956
9947	1312
9947	4299
9947	9427
9947	9645
9947	9954
9952	5527
9952	7083
9952	7085
9952	8942
9954	1176
9954	3658
9954	5756
9954	7937
9954	9427
9954	9947
9956	3066
9956	4649
9956	5079
9956	7148
9956	7496
9956	8093
9956	9662
9956	9935
9966	3525
9966	5080
9966	5553
9966	8034
9966	8093
9966	8247
9966	8317
9966	8838
9971	4594
9971	5557
9971	6481
9971	8496
9971	8564
9971	8749
9971	9023
9992	621
9992	1268
9992	1699
9992	6904
9992	7055
9992	7133
9992	7632
9992	7654
9992	9164
9993	1912
9993	7085
9993	7532
9993	7601
9993	9297
9993	9656
9999	1684
9999	2923
9999	3868
9999	4068
9999	8660
9999	9049
9999	9846
