843	843
5003	5003
8037	8037
6623	6623
1680	1680
2028	2028
962	962
1441	1441
7677	7677
4077	4077
4433	4433
7577	7577
4333	4333
3615	3615
879	879
3057	3057
3515	3515
6688	6688
2630	2630
779	779
6151	6151
2878	2878
4679	4679
3286	3286
2974	2974
5283	5283
6605	6605
4754	4754
2547	2547
2366	2366
7390	7390
3709	3709
973	973
2316	2316
3659	3659
2237	2237
9410	9410
5729	5729
1519	1519
1063	1063
8032	8032
1746	1746
4432	4432
3853	3853
2023	2023
1117	1117
7395	7395
4609	4609
6331	6331
1765	1765
3108	3108
749	749
7116	7116
1055	1055
3612	3612
4447	4447
389	389
2496	2496
5690	5690
3710	3710
5707	5707
2890	2890
235	235
7327	7327
533	533
3677	3677
2203	2203
302	302
3925	3925
660	660
6053	6053
1995	1995
1974	1974
4050	4050
450	450
4756	4756
1562	1562
190	190
1135	1135
9222	9222
140	140
598	598
2776	2776
4933	4933
5433	5433
3511	3511
2314	2314
1300	1300
5656	5656
582	582
155	155
532	532
1477	1477
4163	4163
5456	5456
55	55
788	788
5702	5702
2081	2081
4767	4767
1167	1167
8288	8288
659	659
151	151
5900	5900
3085	3085
3064	3064
7064	7064
3333	3333
1105	1105
6964	6964
2754	2754
2704	2704
366	366
8961	8961
6125	6125
6015	6015
1580	1580
1051	1051
56	56
493	493
2823	2823
435	435
1380	1380
1757	1757
3406	3406
5147	5147
4262	4262
3754	3754
4212	4212
481	481
4510	4510
6798	6798
410	410
4460	4460
4389	4389
1674	1674
5522	5522
558	558
6786	6786
4783	4783
4377	4377
3869	3869
4327	4327
1591	1591
117	117
6484	6484
596	596
4146	4146
6992	6992
1897	1897
4227	4227
2653	2653
5768	5768
723	723
4773	4773
4723	4723
1529	1529
6859	6859
7694	7694
8021	8021
2112	2112
1706	1706
3028	3028
3863	3863
4342	4342
1525	1525
2441	2441
938	938
74	74
5475	5475
32	32
6260	6260
5862	5862
1542	1542
1034	1034
4207	4207
1471	1471
6437	6437
8036	8036
2148	2148
2635	2635
776	776
4255	4255
4755	4755
1163	1163
4205	4205
8742	8742
9367	9367
164	164
1884	1884
3308	3308
4651	4651
4520	4520
1407	1407
5813	5813
5763	5763
4878	4878
7077	7077
1655	1655
5176	5176
7841	7841
1932	1932
1424	1424
60	60
6317	6317
31	31
2230	2230
358	358
6217	6217
2536	2536
656	656
2436	2436
4766	4766
3292	3292
5093	5093
2815	2815
2278	2278
5799	5799
5778	5778
4283	4283
6563	6563
96	96
3059	3059
802	802
3794	3794
571	571
6451	6451
2372	2372
390	390
1373	1373
1454	1454
1323	1323
707	707
882	882
1340	1340
963	963
3649	3649
1798	1798
3976	3976
3468	3468
7984	7984
4682	4682
116	116
553	553
6433	6433
474	474
2521	2521
2013	2013
3356	3356
570	570
2290	2290
1028	1028
5007	5007
5761	5761
420	420
1603	1603
2359	2359
