21	5826
40	2935
41	6873
75	5376
81	8677
105	403
127	4964
136	7236
146	6559
162	2683
162	9701
219	6038
219	9240
231	5767
231	8160
253	2948
277	7168
287	2030
287	2726
291	9290
325	9395
340	5431
344	9392
374	6939
403	105
442	2098
449	9755
469	9939
472	6427
511	5610
511	9353
520	2893
520	7482
520	9747
533	8364
533	9126
534	9302
543	2879
592	9068
596	4860
626	6651
631	6670
693	5477
701	9229
707	8679
707	9702
719	2217
719	9199
722	7914
749	6646
753	8680
753	9843
798	7736
798	9211
811	1242
818	3570
822	8245
880	5203
880	7040
880	9674
888	5897
904	9350
908	1209
972	2935
1004	5597
1004	6635
1010	6636
1035	7688
1035	7712
1042	9939
1051	6136
1080	5847
1087	7478
1087	8763
1123	2248
1144	4797
1148	2303
1148	2887
1155	6997
1176	2238
1185	8487
1185	9258
1209	908
1242	811
1248	7672
1258	9674
1265	9579
1269	1601
1290	4214
1290	7353
1297	9747
1319	8390
1319	9821
1322	9023
1329	8579
1329	9758
1458	9466
1517	2684
1600	6136
1600	9431
1601	1269
1601	2397
1658	8606
1671	6630
1671	8631
1684	6506
1684	7422
1684	9674
1687	3092
1705	5788
1751	6892
1760	4743
1795	9464
1846	9675
1887	9484
1894	7374
1894	9179
1894	9684
1918	3857
1943	9353
1984	2330
2008	9778
2030	287
2030	8870
2098	442
2098	3801
2115	2509
2115	6577
2115	9122
2123	4107
2127	5687
2183	5135
2199	5042
2199	6054
2199	9216
2217	719
2238	1176
2238	7376
2248	1123
2248	8679
2291	9150
2291	9240
2303	1148
2303	9251
2318	5119
2318	9780
2324	8678
2328	9147
2330	1984
2330	9467
2330	9821
2349	9199
2354	9211
2354	9605
2381	3059
2397	1601
2397	8579
2398	6869
2398	9670
2402	7303
2402	7642
2402	8632
2409	9399
2418	5041
2424	8817
2424	9635
2446	2589
2446	9437
2457	5252
2457	5456
2472	9418
2480	5995
2488	9711
2492	8428
2495	5930
2509	2115
2542	3935
2554	8632
2554	9975
2589	2446
2611	9898
2666	7267
2682	4738
2682	7412
2682	9973
2683	162
2684	1517
2684	9068
2720	5930
2726	287
2726	9437
2726	9564
2726	9758
2766	9994
2768	9466
2784	6088
2826	7376
2861	3985
2871	3874
2871	7418
2879	543
2887	1148
2887	6490
2892	3398
2892	9505
2892	9562
2893	520
2893	5079
2906	9939
2913	6928
2913	9290
2913	9562
2935	40
2935	972
2948	253
2960	4165
2960	5096
2982	3902
2982	9516
2982	9762
3014	5619
3014	9605
3059	2381
3092	1687
3097	9292
3103	4366
3103	9935
3166	9467
3176	9935
3183	5580
3190	9564
3193	9635
3212	8866
3212	9603
3234	9760
3256	5100
3256	6984
3271	6577
3288	9711
3302	7457
3302	9040
3307	5327
3307	8407
3308	4620
3364	5014
3387	6129
3387	9935
3389	5755
3398	2892
3398	9258
3400	8008
3429	4447
3483	7630
3493	9133
3498	5310
3504	9675
3553	5505
3553	9821
3570	818
3574	3857
3604	9499
3629	6192
3629	7417
3629	9279
3667	8160
3679	4035
3683	9392
3698	6889
3732	7821
3739	9670
3755	6892
3773	3972
3774	9975
3785	6646
3785	9254
3790	8599
3790	9711
3790	9843
3801	2098
3801	6427
3801	6659
3857	1918
3857	3574
3857	7124
3857	7330
3864	3885
3864	9466
3870	9821
3874	2871
3874	7204
3874	8679
3885	3864
3885	5930
3885	8957
3894	7172
3894	8773
3902	2982
3923	5252
3923	9994
3927	4003
3935	2542
3939	9358
3972	3773
3985	2861
4003	3927
4022	5863
4022	7651
4035	3679
4035	9240
4047	5279
4047	8386
4102	5941
4107	2123
4122	8428
4125	5302
4125	8870
4127	9126
4147	6559
4147	9624
4150	9684
4165	2960
4187	6981
4214	1290
4214	4244
4225	9994
4242	8066
4242	9499
4244	4214
4244	4640
4244	5937
4261	7729
4329	9066
4329	9225
4366	3103
4366	7734
4370	9437
4373	9581
4404	9225
4404	9760
4405	4747
4405	9826
4413	8407
4430	7712
4430	8817
4438	6447
4438	8928
4438	9302
4447	3429
4482	9399
4484	6789
4484	8390
4488	9632
4488	9776
4513	5826
4513	7619
4513	8995
4513	9040
4532	7168
4541	8632
4550	4551
4550	9624
4550	9778
4551	4550
4551	7734
4551	9776
4557	9675
4574	9459
4588	6720
4588	9603
4593	6088
4593	9516
4607	8526
4607	8699
4618	9292
4618	9464
4620	3308
4620	6410
4640	4244
4640	7125
4640	7952
4714	7330
4714	9745
4738	2682
4738	8957
4743	1760
4747	4405
4747	9826
4761	5334
4761	8854
4772	5893
4772	6410
4772	7049
4772	8716
4797	1144
4817	9674
4828	6458
4828	9623
4860	596
4860	7601
4870	6974
4872	8329
4896	9606
4910	9133
4910	9353
4920	6054
4920	8842
4964	127
4992	6376
4992	9635
5000	5260
5000	7862
5014	3364
5021	8680
5026	9006
5030	5258
5030	6661
5041	2418
5041	8554
5042	2199
5042	9826
5076	9624
5076	9778
5079	2893
5083	9758
5096	2960
5096	9815
5100	3256
5100	8446
5119	2318
5119	9776
5135	2183
5179	5690
5181	5469
5181	8590
5203	880
5252	2457
5252	3923
5258	5030
5258	5431
5258	7712
5260	5000
5263	9358
5267	6651
5270	6981
5279	4047
5279	9467
5285	9702
5302	4125
5310	3498
5310	6197
5327	3307
5327	7253
5334	4761
5334	7868
5366	8773
5373	6226
5373	6841
5373	9122
5373	9522
5373	9745
5376	75
5376	9787
5410	8866
5422	7064
5431	340
5431	5258
5441	5743
5447	9350
5456	2457
5456	6869
5456	9898
5469	5181
5469	9225
5470	7457
5470	9418
5477	693
5477	7131
5477	8955
5499	8407
5505	3553
5505	9778
5505	9920
5516	7081
5516	8972
5544	8733
5580	3183
5580	9350
5597	1004
5597	9920
5598	9747
5600	8599
5600	9253
5600	9702
5607	6700
5607	9747
5610	511
5610	8763
5614	6752
5619	3014
5619	9605
5630	9179
5647	5817
5647	9745
5676	6136
5687	2127
5690	5179
5700	5867
5700	6720
5700	7821
5701	8599
5704	9584
5726	9179
5726	9812
5743	5441
5743	9179
5755	3389
5767	231
5767	9670
5788	1705
5815	6200
5817	5647
5821	9280
5824	9778
5826	21
5826	4513
5826	7619
5826	9040
5835	7237
5835	7952
5835	9826
5847	1080
5847	5913
5847	9147
5854	9812
5859	6466
5863	4022
5863	9973
5867	5700
5867	7642
5867	9424
5871	5876
5876	5871
5893	4772
5897	888
5897	6452
5897	9251
5913	5847
5913	8407
5930	2495
5930	2720
5930	3885
5930	6276
5930	8160
5937	4244
5941	4102
5965	8035
5965	9882
5979	8928
5995	2480
6035	9353
6038	219
6042	6609
6049	9040
6049	9627
6054	2199
6054	4920
6054	9562
6088	2784
6088	4593
6129	3387
6136	1051
6136	1600
6136	5676
6192	3629
6192	9939
6197	5310
6200	5815
6200	7374
6200	9147
6226	5373
6226	9513
6226	9584
6250	7274
6276	5930
6290	8386
6290	8957
6301	7378
6301	7834
6315	6710
6315	7135
6315	9066
6373	9822
6374	7557
6374	8866
6376	4992
6410	4620
6410	4772
6410	8522
6426	7557
6426	9229
6427	472
6427	3801
6447	4438
6447	7126
6452	5897
6452	9632
6452	9776
6458	4828
6458	9778
6465	7478
6465	7612
6465	8954
6466	5859
6466	6775
6484	8821
6490	2887
6490	8956
6504	8761
6504	9554
6506	1684
6506	6828
6506	7134
6531	6935
6537	7457
6537	9632
6537	9776
6559	146
6559	4147
6559	9040
6559	9591
6577	2115
6577	3271
6600	9135
6607	9262
6607	9392
6609	6042
6620	7914
6622	9350
6630	1671
6635	1004
6636	1010
6636	9505
6636	9778
6641	8008
6641	9133
6641	9292
6642	9127
6646	749
6646	3785
6646	8407
6651	626
6651	5267
6659	3801
6661	5030
6661	7914
6661	8306
6670	631
6700	5607
6700	8035
6700	9882
6710	6315
6714	6981
6714	9229
6720	4588
6720	5700
6730	9660
6752	5614
6752	9251
6768	9254
6775	6466
6775	7065
6778	7734
6789	4484
6797	9812
6808	8378
6823	8957
6828	6506
6841	5373
6847	9386
6847	9466
6869	2398
6869	5456
6873	41
6873	8957
6874	8568
6889	3698
6889	9199
6892	1751
6892	3755
6916	8677
6928	2913
6928	9290
6928	9579
6935	6531
6935	9179
6935	9292
6939	374
6939	8535
6945	9179
6945	9458
6966	8035
6966	9882
6974	4870
6974	7269
6974	9033
6981	4187
6981	5270
6981	6714
6984	3256
6984	8858
6986	7403
6986	9579
6997	1155
6997	9302
6999	9115
7026	8542
7026	8544
7026	8612
7026	9830
7026	9994
7040	880
7049	4772
7049	7751
7049	8716
7064	5422
7065	6775
7065	9702
7081	5516
7081	8972
7102	7339
7124	3857
7124	9302
7125	4640
7125	9350
7126	6447
7129	8535
7131	5477
7134	6506
7135	6315
7135	8364
7154	8306
7154	8955
7168	277
7168	4532
7172	3894
7181	9627
7190	7960
7190	9211
7204	3874
7225	8428
7236	136
7236	8677
7237	5835
7237	7952
7253	5327
7267	2666
7267	7786
7267	8573
7267	8956
7269	6974
7269	9254
7274	6250
7274	8219
7274	9623
7303	2402
7303	9795
7312	7862
7312	8769
7330	3857
7330	4714
7330	9484
7339	7102
7339	9077
7353	1290
7353	8008
7353	9701
7363	8151
7374	1894
7374	6200
7376	2238
7376	2826
7376	7642
7378	6301
7403	6986
7412	2682
7417	3629
7417	9935
7418	2871
7422	1684
7422	8678
7422	9418
7422	9745
7457	3302
7457	5470
7457	6537
7457	9826
7478	1087
7478	6465
7478	7612
7478	8954
7482	520
7482	8446
7482	9812
7482	9830
7551	8606
7557	6374
7557	6426
7591	8817
7591	9635
7601	4860
7612	6465
7612	7478
7612	8954
7612	9674
7619	4513
7619	5826
7630	3483
7631	9262
7640	9554
7642	2402
7642	5867
7642	7376
7651	4022
7661	9760
7672	1248
7674	9467
7688	1035
7712	1035
7712	4430
7712	5258
7712	7729
7712	8341
7729	4261
7729	7712
7734	4366
7734	4551
7734	6778
7734	9253
7736	798
7736	9812
7746	8957
7751	7049
7751	8716
7786	7267
7786	8956
7786	9544
7821	3732
7821	5700
7827	8606
7827	9623
7834	6301
7862	5000
7862	7312
7862	8769
7868	5334
7868	9975
7879	8590
7914	722
7914	6620
7914	6661
7952	4640
7952	5835
7952	7237
7960	7190
7960	9353
7960	9386
7994	8879
8008	3400
8008	6641
8008	7353
8020	9882
8035	5965
8035	6700
8035	6966
8035	9882
8049	9150
8058	9459
8063	8219
8063	8821
8066	4242
8066	8418
8151	7363
8160	231
8160	3667
8160	5930
8185	9023
8219	7274
8219	8063
8219	9623
8245	822
8245	9762
8261	8398
8269	9758
8269	9778
8306	6661
8306	7154
8329	4872
8329	8773
8329	9579
8341	7712
8364	533
8364	7135
8365	8870
8365	9115
8375	9513
8378	6808
8386	4047
8386	6290
8390	1319
8390	4484
8398	8261
8398	9975
8407	3307
8407	4413
8407	5499
8407	5913
8407	6646
8407	8554
8407	9920
8418	8066
8428	2492
8428	4122
8428	7225
8446	5100
8446	7482
8487	1185
8487	9006
8522	6410
8522	9392
8522	9826
8526	4607
8526	8699
8535	6939
8535	7129
8542	7026
8542	8544
8542	9830
8544	7026
8544	8542
8544	9830
8554	5041
8554	8407
8554	9262
8568	6874
8573	7267
8579	1329
8579	2397
8579	9437
8579	9758
8590	5181
8590	7879
8599	3790
8599	5600
8599	5701
8599	9711
8599	9843
8606	1658
8606	7551
8606	7827
8606	9939
8612	7026
8612	8692
8612	9013
8612	9127
8612	9392
8612	9675
8631	1671
8631	9522
8632	2402
8632	2554
8632	4541
8677	81
8677	6916
8677	7236
8678	2324
8678	7422
8678	9745
8679	707
8679	2248
8679	3874
8679	9290
8679	9505
8679	9882
8680	753
8680	5021
8680	9066
8692	8612
8692	9013
8692	9127
8692	9780
8699	4607
8699	8526
8699	9795
8716	4772
8716	7049
8716	7751
8733	5544
8733	9330
8733	9985
8761	6504
8763	1087
8763	5610
8765	9431
8769	7312
8769	7862
8769	9815
8773	3894
8773	5366
8773	8329
8817	2424
8817	4430
8817	7591
8817	9635
8821	6484
8821	8063
8821	9302
8821	9505
8842	4920
8842	9127
8842	9787
8854	4761
8858	6984
8866	3212
8866	5410
8866	6374
8870	2030
8870	4125
8870	8365
8879	7994
8928	4438
8928	5979
8954	6465
8954	7478
8954	7612
8955	5477
8955	7154
8956	6490
8956	7267
8956	7786
8957	3885
8957	4738
8957	6290
8957	6823
8957	6873
8957	7746
8957	9458
8972	5516
8972	7081
8972	9279
8995	4513
9006	5026
9006	8487
9013	8612
9013	8692
9013	9127
9023	1322
9023	8185
9033	6974
9033	9624
9033	9758
9040	3302
9040	4513
9040	5826
9040	6049
9040	6559
9040	9392
9040	9674
9059	9821
9059	9994
9066	4329
9066	6315
9066	8680
9066	9225
9066	9898
9068	592
9068	2684
9068	9135
9068	9225
9077	7339
9115	6999
9115	8365
9122	2115
9122	5373
9122	9587
9126	533
9126	4127
9126	9554
9126	9882
9127	6642
9127	8612
9127	8692
9127	8842
9127	9013
9133	3493
9133	4910
9133	6641
9133	9353
9133	9386
9135	6600
9135	9068
9135	9795
9147	2328
9147	5847
9147	6200
9147	9603
9150	2291
9150	8049
9150	9920
9150	9985
9179	1894
9179	5630
9179	5726
9179	5743
9179	6935
9179	6945
9179	9240
9199	719
9199	2349
9199	6889
9211	798
9211	2354
9211	7190
9216	2199
9225	4329
9225	4404
9225	5469
9225	9066
9225	9068
9229	701
9229	6426
9229	6714
9240	219
9240	2291
9240	4035
9240	9179
9251	2303
9251	5897
9251	6752
9253	5600
9253	7734
9254	3785
9254	6768
9254	7269
9258	1185
9258	3398
9258	9660
9262	6607
9262	7631
9262	8554
9262	9392
9279	3629
9279	8972
9279	9675
9279	9795
9280	5821
9290	291
9290	2913
9290	6928
9290	8679
9290	9505
9290	9562
9292	3097
9292	4618
9292	6641
9292	6935
9292	9935
9302	534
9302	4438
9302	6997
9302	7124
9302	8821
9330	8733
9330	9815
9350	904
9350	5447
9350	5580
9350	6622
9350	7125
9353	511
9353	1943
9353	4910
9353	6035
9353	7960
9353	9133
9353	9386
9353	9826
9358	3939
9358	5263
9358	9898
9386	6847
9386	7960
9386	9133
9386	9353
9386	9484
9386	9973
9392	344
9392	3683
9392	6607
9392	8522
9392	8612
9392	9040
9392	9262
9395	325
9395	9822
9399	2409
9399	4482
9418	2472
9418	5470
9418	7422
9424	5867
9431	1600
9431	8765
9437	2446
9437	2726
9437	4370
9437	8579
9437	9758
9458	6945
9458	8957
9459	4574
9459	8058
9459	9522
9464	1795
9464	4618
9464	9627
9466	1458
9466	2768
9466	3864
9466	6847
9467	2330
9467	3166
9467	5279
9467	7674
9484	1887
9484	7330
9484	9386
9499	3604
9499	4242
9499	9701
9499	9758
9505	2892
9505	6636
9505	8679
9505	8821
9505	9290
9505	9562
9513	6226
9513	8375
9516	2982
9516	4593
9516	9745
9516	9822
9522	5373
9522	8631
9522	9459
9544	7786
9554	6504
9554	7640
9554	9126
9562	2892
9562	2913
9562	6054
9562	9290
9562	9505
9564	2726
9564	3190
9564	9755
9579	1265
9579	6928
9579	6986
9579	8329
9581	4373
9581	9605
9584	5704
9584	6226
9584	9701
9587	9122
9587	9826
9591	6559
9603	3212
9603	4588
9603	9147
9605	2354
9605	3014
9605	5619
9605	9581
9606	4896
9623	4828
9623	7274
9623	7827
9623	8219
9624	4147
9624	4550
9624	5076
9624	9033
9624	9778
9627	6049
9627	7181
9627	9464
9627	9798
9632	4488
9632	6452
9632	6537
9632	9776
9632	9830
9635	2424
9635	3193
9635	4992
9635	7591
9635	8817
9660	6730
9660	9258
9670	2398
9670	3739
9670	5767
9670	9701
9674	880
9674	1258
9674	1684
9674	4817
9674	7612
9674	9040
9675	1846
9675	3504
9675	4557
9675	8612
9675	9279
9675	9973
9684	1894
9684	4150
9701	162
9701	7353
9701	9499
9701	9584
9701	9670
9702	707
9702	5285
9702	5600
9702	7065
9711	2488
9711	3288
9711	3790
9711	8599
9711	9843
9711	9975
9745	4714
9745	5373
9745	5647
9745	7422
9745	8678
9745	9516
9747	520
9747	1297
9747	5598
9747	5607
9755	449
9755	9564
9758	1329
9758	2726
9758	5083
9758	8269
9758	8579
9758	9033
9758	9437
9758	9499
9760	3234
9760	4404
9760	7661
9762	2982
9762	8245
9762	9780
9776	4488
9776	4551
9776	5119
9776	6452
9776	6537
9776	9632
9778	2008
9778	4550
9778	5076
9778	5505
9778	5824
9778	6458
9778	6636
9778	8269
9778	9624
9780	2318
9780	8692
9780	9762
9787	5376
9787	8842
9795	7303
9795	8699
9795	9135
9795	9279
9798	9627
9812	5726
9812	5854
9812	6797
9812	7482
9812	7736
9815	5096
9815	8769
9815	9330
9821	1319
9821	2330
9821	3553
9821	3870
9821	9059
9821	9994
9822	6373
9822	9395
9822	9516
9826	4405
9826	4747
9826	5042
9826	5835
9826	7457
9826	8522
9826	9353
9826	9587
9830	7026
9830	7482
9830	8542
9830	8544
9830	9632
9830	9973
9843	753
9843	3790
9843	8599
9843	9711
9882	5965
9882	6700
9882	6966
9882	8020
9882	8035
9882	8679
9882	9126
9882	9935
9882	9939
9882	9994
9898	2611
9898	5456
9898	9066
9898	9358
9898	9935
9898	9973
9920	5505
9920	5597
9920	8407
9920	9150
9935	3103
9935	3176
9935	3387
9935	7417
9935	9292
9935	9882
9935	9898
9939	469
9939	1042
9939	2906
9939	6192
9939	8606
9939	9882
9973	2682
9973	5863
9973	9386
9973	9675
9973	9830
9973	9898
9975	2554
9975	3774
9975	7868
9975	8398
9975	9711
9985	8733
9985	9150
9994	2766
9994	3923
9994	4225
9994	7026
9994	9059
9994	9821
9994	9882
