6	5867
7	9894
36	4413
36	8615
40	2957
52	5673
52	9822
52	9895
106	9987
107	3260
129	1947
153	7858
176	9840
177	9766
191	3983
197	8680
232	6588
232	8907
276	8921
277	7168
331	912
376	8434
376	8592
384	5564
391	2415
391	4967
391	8580
553	1826
553	6651
553	9139
576	3620
580	9076
584	4643
615	1064
615	1694
615	6639
634	3672
634	8869
640	6914
654	9664
654	9737
753	8680
757	5228
877	8368
880	9674
899	6789
912	331
912	9894
940	9019
940	9516
954	9611
955	9309
961	4643
1017	5153
1033	9489
1037	8258
1037	9455
1042	7999
1042	8630
1042	9732
1064	615
1064	5500
1071	8505
1073	6578
1081	7390
1081	8569
1105	7365
1128	3735
1128	5980
1146	9664
1253	5228
1253	9833
1273	6066
1273	7999
1322	7235
1322	9987
1325	4164
1325	8109
1389	8835
1390	9732
1397	9579
1421	9474
1428	6231
1428	8737
1440	7803
1445	1851
1445	9373
1446	3120
1446	3958
1446	6155
1473	6763
1478	3639
1494	6789
1518	8124
1556	7335
1603	9827
1603	9900
1644	7367
1672	7977
1694	615
1713	5081
1713	9727
1714	8835
1748	6405
1773	7624
1779	7120
1779	8282
1826	553
1851	1445
1851	2139
1889	9174
1923	9497
1947	129
1966	5933
1973	5108
2051	5107
2089	9060
2101	8179
2133	8297
2139	1851
2139	6199
2144	8864
2198	9737
2202	4164
2202	4258
2208	6680
2208	9410
2210	9070
2213	6453
2213	8804
2213	9922
2252	3958
2252	8090
2281	6242
2281	8187
2285	9667
2286	9399
2306	5724
2307	7264
2326	5978
2328	9552
2335	6407
2345	7791
2360	4121
2375	8891
2403	8109
2415	391
2495	7917
2532	9445
2555	9085
2577	6484
2577	8502
2582	9792
2630	4736
2630	8161
2653	7365
2653	8683
2668	4736
2697	9222
2697	9342
2728	7436
2728	8401
2728	9809
2734	8031
2755	9656
2790	9222
2823	4280
2845	8294
2862	9732
2882	9373
2886	7387
2910	8415
2913	3650
2928	8889
2934	9563
2957	40
2957	8137
2957	9667
2973	8734
2973	9737
2973	9894
2976	3672
2995	4751
3001	7999
3027	7365
3033	9455
3035	6453
3051	5406
3051	8414
3058	8015
3065	9954
3076	7059
3076	7707
3076	9528
3113	5940
3113	8843
3116	8450
3119	7224
3119	7353
3120	1446
3140	5353
3140	9230
3144	8869
3156	6596
3159	5889
3159	8238
3164	3373
3164	6273
3172	5829
3172	8169
3172	9076
3244	9674
3247	4720
3247	8414
3260	107
3285	8864
3321	9591
3325	9715
3338	9174
3373	3164
3381	6618
3444	8907
3461	4496
3467	4953
3469	6876
3507	5289
3515	9499
3515	9587
3538	9818
3545	8471
3547	6242
3547	9005
3556	7415
3556	7734
3556	9591
3576	9563
3577	8471
3620	576
3620	6366
3626	5141
3639	1478
3640	9619
3650	2913
3650	4188
3650	6950
3672	634
3672	2976
3722	6989
3722	8832
3735	1128
3735	6824
3782	4843
3804	7186
3804	9940
3851	8466
3853	8179
3900	5187
3900	9234
3918	8244
3958	1446
3958	2252
3958	6199
3959	8368
3967	9822
3967	9895
3970	5474
3971	4452
3971	9922
3983	191
3983	8944
3983	9554
4007	6722
4013	7983
4030	7878
4030	8421
4033	8658
4058	9453
4059	9792
4078	9577
4121	2360
4121	9920
4131	6565
4131	9410
4164	1325
4164	2202
4179	4751
4179	7990
4184	9732
4188	3650
4188	9888
4199	9563
4199	9611
4201	5606
4207	9522
4228	5828
4242	9499
4248	9455
4258	2202
4280	2823
4285	8363
4296	7494
4308	7292
4308	7945
4325	6510
4338	6971
4347	7991
4350	8311
4397	6231
4404	9225
4404	9455
4413	36
4413	8414
4452	3971
4452	9922
4460	4699
4469	6546
4469	8546
4493	9922
4496	3461
4496	8755
4512	5097
4515	8015
4538	8471
4545	5724
4548	4671
4548	7631
4643	584
4643	961
4643	6933
4643	9246
4656	5770
4660	9453
4664	6639
4671	4548
4677	8139
4677	8864
4698	5825
4698	6708
4699	4460
4699	9961
4705	9183
4705	9702
4720	3247
4720	9575
4736	2630
4736	2668
4737	7646
4737	8207
4741	6669
4741	9533
4751	2995
4751	4179
4751	6472
4766	9513
4779	7534
4843	3782
4843	9041
4852	8951
4855	9041
4864	8139
4879	6722
4879	9019
4879	9516
4900	9266
4953	3467
4967	391
4967	5437
4975	7308
5004	5952
5004	8187
5025	5651
5081	1713
5081	9522
5089	6759
5097	4512
5107	2051
5108	1973
5108	8871
5108	9563
5126	6588
5137	5752
5141	3626
5147	9197
5148	6123
5148	9453
5153	1017
5153	8434
5153	8630
5159	9809
5170	9702
5176	8237
5187	3900
5199	8251
5199	9528
5199	9560
5219	6123
5219	8502
5228	757
5228	1253
5228	6639
5236	9307
5275	9554
5285	8363
5285	9702
5288	9005
5289	3507
5289	9410
5298	5752
5298	8871
5353	3140
5353	7055
5353	8439
5353	8603
5353	9715
5357	7353
5357	8843
5357	9667
5384	8124
5397	8143
5406	3051
5406	9664
5407	7186
5407	9715
5409	7308
5409	8466
5437	4967
5471	6451
5471	8335
5474	3970
5474	8907
5479	7847
5479	9846
5500	1064
5564	384
5564	8043
5564	8158
5564	9197
5596	9656
5600	9702
5606	4201
5606	8311
5606	9170
5614	8143
5614	8414
5629	8734
5633	8926
5633	9900
5651	5025
5651	6472
5651	7707
5673	52
5696	9954
5724	2306
5724	4545
5724	5770
5730	5980
5752	5137
5752	5298
5752	9890
5756	9954
5757	9225
5770	4656
5770	5724
5770	9533
5777	9309
5804	7795
5804	8502
5805	7492
5805	7624
5805	8167
5807	6789
5811	9894
5818	6627
5818	9230
5818	9367
5825	4698
5825	8951
5828	4228
5828	7795
5829	3172
5829	8169
5829	9076
5833	8552
5833	9183
5841	5951
5841	5996
5846	6453
5858	6226
5861	9818
5867	6
5874	9497
5889	3159
5890	7436
5913	9868
5928	7007
5933	1966
5940	3113
5940	8737
5940	8907
5951	5841
5951	9234
5952	5004
5956	8109
5956	9070
5978	2326
5980	1128
5980	5730
5980	9868
5991	9563
5991	9833
5996	5841
6007	7190
6049	9070
6049	9528
6049	9627
6057	8237
6057	8680
6066	1273
6100	7093
6100	9170
6119	8244
6123	5148
6123	5219
6123	7252
6123	8131
6155	1446
6155	9528
6157	8109
6157	9499
6167	7691
6178	7878
6178	9578
6199	2139
6199	3958
6218	7327
6218	8043
6218	8231
6218	9225
6226	5858
6226	9513
6231	1428
6231	4397
6242	2281
6242	3547
6247	7033
6254	8615
6267	7707
6267	9554
6273	3164
6329	9222
6329	9987
6334	8603
6337	7817
6358	8546
6358	9228
6361	8737
6364	6989
6364	7120
6364	9868
6366	3620
6403	8375
6405	1748
6405	9119
6407	2335
6407	7223
6407	8665
6407	9060
6414	9432
6414	9442
6414	9737
6437	7106
6437	9132
6445	9246
6451	5471
6453	2213
6453	3035
6453	5846
6453	8804
6472	4751
6472	5651
6472	7365
6472	9554
6484	2577
6484	8502
6510	4325
6526	9737
6546	4469
6565	4131
6565	9563
6578	1073
6580	7863
6588	232
6588	5126
6588	8161
6596	3156
6618	3381
6618	8593
6626	8438
6626	8457
6627	5818
6638	9367
6639	615
6639	4664
6639	5228
6639	7093
6639	9222
6651	553
6669	4741
6680	2208
6680	7316
6680	9477
6690	6988
6690	7007
6690	8125
6690	8568
6708	4698
6722	4007
6722	4879
6722	7166
6722	8630
6722	9453
6727	7548
6757	9132
6758	8630
6759	5089
6763	1473
6763	8040
6763	9076
6772	8145
6774	9554
6774	9987
6789	899
6789	1494
6789	5807
6824	3735
6824	8097
6869	9373
6876	3469
6876	8043
6888	9827
6908	9575
6908	9715
6914	640
6914	7492
6914	9266
6925	9453
6933	4643
6935	8619
6950	3650
6958	8097
6971	4338
6971	9792
6988	6690
6988	7937
6989	3722
6989	6364
6989	9552
7007	5928
7007	6690
7007	9587
7009	7209
7009	7443
7009	9528
7027	9528
7027	9627
7033	6247
7033	8119
7055	5353
7055	8546
7055	9425
7059	3076
7062	8179
7074	9809
7080	9019
7093	6100
7093	6639
7093	7166
7106	6437
7106	7364
7106	8223
7106	8552
7120	1779
7120	6364
7120	8094
7120	9416
7120	9723
7120	9894
7122	9920
7125	8552
7125	9132
7135	9987
7157	8001
7166	6722
7166	7093
7166	9822
7166	9895
7168	277
7168	9890
7186	3804
7186	5407
7186	7631
7186	8030
7190	6007
7209	7009
7209	7717
7223	6407
7224	3119
7224	7384
7224	9723
7235	1322
7235	9249
7252	6123
7252	9615
7257	8773
7264	2307
7264	8725
7264	9301
7266	9477
7270	9518
7270	9656
7285	7334
7285	8286
7292	4308
7308	4975
7308	5409
7308	9940
7316	6680
7327	6218
7334	7285
7335	1556
7335	9261
7335	9766
7337	8145
7353	3119
7353	5357
7353	7817
7364	7106
7364	8882
7365	1105
7365	2653
7365	3027
7365	6472
7365	9961
7367	1644
7384	7224
7384	9723
7387	2886
7388	9827
7390	1081
7415	3556
7415	8471
7421	9266
7436	2728
7436	5890
7436	8311
7436	9309
7443	7009
7449	7599
7449	8889
7451	9307
7459	7831
7459	9453
7459	9577
7492	5805
7492	6914
7492	9846
7494	4296
7505	9840
7534	4779
7534	9230
7548	6727
7548	9234
7599	7449
7599	9522
7624	1773
7624	5805
7631	4548
7631	7186
7646	4737
7646	9453
7646	9577
7646	9900
7651	8108
7682	9117
7683	8241
7683	8593
7691	6167
7707	3076
7707	5651
7707	6267
7707	8238
7707	8593
7707	9741
7717	7209
7717	9117
7717	9367
7717	9432
7717	9633
7724	9021
7734	3556
7734	8251
7734	8466
7738	9117
7791	2345
7791	8841
7791	9373
7795	5804
7795	5828
7795	8502
7803	1440
7817	6337
7817	7353
7817	8843
7831	7459
7831	9707
7831	9933
7847	5479
7847	8124
7858	153
7860	8434
7863	6580
7863	9667
7878	4030
7878	6178
7893	8137
7917	2495
7917	9827
7937	6988
7937	9954
7945	4308
7945	8108
7945	9513
7977	1672
7983	4013
7990	4179
7990	9005
7991	4347
7999	1042
7999	1273
7999	3001
7999	9228
8001	7157
8001	8722
8015	3058
8015	4515
8030	7186
8031	2734
8040	6763
8040	8639
8040	9528
8043	5564
8043	6218
8043	6876
8043	8231
8043	9197
8043	9499
8090	2252
8090	8238
8094	7120
8094	9416
8094	9664
8094	9894
8097	6824
8097	6958
8108	7651
8108	7945
8109	1325
8109	2403
8109	5956
8109	6157
8119	7033
8119	9041
8119	9261
8124	1518
8124	5384
8124	7847
8125	6690
8131	6123
8131	8421
8131	8439
8131	8665
8131	9667
8137	2957
8137	7893
8137	8926
8137	9139
8137	9516
8137	9667
8139	4677
8139	4864
8139	8592
8139	8619
8139	9615
8143	5397
8143	5614
8143	9922
8145	6772
8145	7337
8158	5564
8158	8187
8161	2630
8161	6588
8161	8722
8161	9528
8167	5805
8167	8497
8169	3172
8169	5829
8169	8275
8169	9076
8178	8864
8179	2101
8179	3853
8179	7062
8179	9309
8179	9578
8187	2281
8187	5004
8187	8158
8187	8467
8190	9342
8190	9489
8207	4737
8207	9432
8223	7106
8223	8552
8223	9132
8231	6218
8231	8043
8231	9197
8237	5176
8237	6057
8237	9132
8237	9920
8238	3159
8238	7707
8238	8090
8241	7683
8241	8683
8244	3918
8244	6119
8250	9627
8251	5199
8251	7734
8258	1037
8275	8169
8275	9727
8279	8566
8279	9419
8282	1779
8286	7285
8286	8546
8286	9894
8294	2845
8294	9522
8297	2133
8297	9833
8311	4350
8311	5606
8311	7436
8311	8457
8311	9170
8312	9474
8335	5471
8338	9373
8363	4285
8363	5285
8363	8540
8363	8991
8368	877
8368	3959
8375	6403
8375	9513
8375	9827
8401	2728
8414	3051
8414	3247
8414	4413
8414	5614
8415	2910
8421	4030
8421	8131
8434	376
8434	5153
8434	7860
8438	6626
8438	9041
8439	5353
8439	8131
8439	8665
8439	9809
8450	3116
8457	6626
8457	8311
8457	9309
8457	9940
8466	3851
8466	5409
8466	7734
8466	9922
8467	8187
8467	9578
8471	3545
8471	3577
8471	4538
8471	7415
8497	8167
8502	2577
8502	5219
8502	5804
8502	6484
8502	7795
8502	9890
8503	9518
8503	9741
8505	1071
8505	9984
8517	9664
8540	8363
8546	4469
8546	6358
8546	7055
8546	8286
8546	8991
8552	5833
8552	7106
8552	7125
8552	8223
8552	9132
8566	8279
8568	6690
8569	1081
8569	9261
8580	391
8580	9085
8580	9727
8592	376
8592	8139
8593	6618
8593	7683
8593	7707
8593	8630
8593	8665
8593	9762
8593	9888
8603	5353
8603	6334
8603	9591
8615	36
8615	6254
8615	9575
8619	6935
8619	8139
8630	1042
8630	5153
8630	6722
8630	6758
8630	8593
8639	8040
8658	4033
8665	6407
8665	8131
8665	8439
8665	8593
8665	9895
8680	197
8680	753
8680	6057
8683	2653
8683	8241
8722	8001
8722	8161
8722	9474
8725	7264
8725	8841
8725	9827
8734	2973
8734	5629
8737	1428
8737	5940
8737	6361
8737	9809
8755	4496
8755	9766
8755	9922
8773	7257
8804	2213
8804	6453
8804	9499
8804	9513
8832	3722
8832	9707
8835	1389
8835	1714
8835	9060
8841	7791
8841	8725
8841	9602
8843	3113
8843	5357
8843	7817
8843	8926
8864	2144
8864	3285
8864	4677
8864	8178
8869	634
8869	3144
8871	5108
8871	5298
8882	7364
8889	2928
8889	7449
8891	2375
8907	232
8907	3444
8907	5474
8907	5940
8921	276
8926	5633
8926	8137
8926	8843
8944	3983
8944	9425
8944	9554
8951	4852
8951	5825
8951	9656
8951	9833
8991	8363
8991	8546
8991	9234
9005	3547
9005	5288
9005	7990
9019	940
9019	4879
9019	7080
9019	9516
9021	7724
9041	4843
9041	4855
9041	8119
9041	8438
9041	9261
9060	2089
9060	6407
9060	8835
9060	9984
9070	2210
9070	5956
9070	6049
9070	9987
9076	580
9076	3172
9076	5829
9076	6763
9076	8169
9085	2555
9085	8580
9117	7682
9117	7717
9117	7738
9117	9419
9119	6405
9119	9301
9128	9410
9132	6437
9132	6757
9132	7125
9132	8223
9132	8237
9132	8552
9139	553
9139	8137
9170	5606
9170	6100
9170	8311
9174	1889
9174	3338
9174	9432
9174	9442
9174	9772
9183	4705
9183	5833
9183	9702
9183	9822
9197	5147
9197	5564
9197	8043
9197	8231
9197	9933
9222	2697
9222	2790
9222	6329
9222	6639
9225	4404
9225	5757
9225	6218
9228	6358
9228	7999
9230	3140
9230	5818
9230	7534
9230	9920
9234	3900
9234	5951
9234	7548
9234	8991
9237	9577
9237	9984
9246	4643
9246	6445
9246	9499
9249	7235
9249	9342
9249	9455
9249	9772
9261	7335
9261	8119
9261	8569
9261	9041
9261	9611
9261	9900
9266	4900
9266	6914
9266	7421
9301	7264
9301	9119
9301	9627
9307	5236
9307	7451
9309	955
9309	5777
9309	7436
9309	8179
9309	8457
9342	2697
9342	8190
9342	9249
9367	5818
9367	6638
9367	7717
9373	1445
9373	2882
9373	6869
9373	7791
9373	8338
9399	2286
9399	9445
9410	2208
9410	4131
9410	5289
9410	9128
9416	7120
9416	8094
9416	9894
9419	8279
9419	9117
9425	7055
9425	8944
9425	9554
9425	9602
9432	6414
9432	7717
9432	8207
9432	9174
9442	6414
9442	9174
9442	9633
9445	2532
9445	9399
9453	4058
9453	4660
9453	5148
9453	6722
9453	6925
9453	7459
9453	7646
9453	9577
9455	1037
9455	3033
9455	4248
9455	4404
9455	9249
9474	1421
9474	8312
9474	8722
9474	9890
9477	6680
9477	7266
9489	1033
9489	8190
9497	1923
9497	5874
9497	9702
9499	3515
9499	4242
9499	6157
9499	8043
9499	8804
9499	9246
9513	4766
9513	6226
9513	7945
9513	8375
9513	8804
9516	940
9516	4879
9516	8137
9516	9019
9516	9822
9518	7270
9518	8503
9518	9741
9518	9762
9522	4207
9522	5081
9522	7599
9522	8294
9528	3076
9528	5199
9528	6049
9528	6155
9528	7009
9528	7027
9528	8040
9528	8161
9528	9560
9528	9627
9533	4741
9533	5770
9552	2328
9552	6989
9554	3983
9554	5275
9554	6267
9554	6472
9554	6774
9554	8944
9554	9425
9560	5199
9560	9528
9560	9591
9560	9627
9563	2934
9563	3576
9563	4199
9563	5108
9563	5991
9563	6565
9575	4720
9575	6908
9575	8615
9575	9656
9575	9766
9577	4078
9577	7459
9577	7646
9577	9237
9577	9453
9578	6178
9578	8179
9578	8467
9578	9890
9579	1397
9579	9792
9587	3515
9587	7007
9591	3321
9591	3556
9591	8603
9591	9560
9602	8841
9602	9425
9611	954
9611	4199
9611	9261
9615	7252
9615	8139
9619	3640
9627	6049
9627	7027
9627	8250
9627	9301
9627	9528
9627	9560
9627	9888
9627	9984
9633	7717
9633	9442
9656	2755
9656	5596
9656	7270
9656	8951
9656	9575
9664	654
9664	1146
9664	5406
9664	8094
9664	8517
9667	2285
9667	2957
9667	5357
9667	7863
9667	8131
9667	8137
9674	880
9674	3244
9702	4705
9702	5170
9702	5285
9702	5600
9702	9183
9702	9497
9707	7831
9707	8832
9715	3325
9715	5353
9715	5407
9715	6908
9723	7120
9723	7224
9723	7384
9723	9922
9727	1713
9727	8275
9727	8580
9727	9822
9732	1042
9732	1390
9732	2862
9732	4184
9737	654
9737	2198
9737	2973
9737	6414
9737	6526
9737	9890
9741	7707
9741	8503
9741	9518
9762	8593
9762	9518
9762	9833
9762	9888
9766	177
9766	7335
9766	8755
9766	9575
9772	9174
9772	9249
9792	2582
9792	4059
9792	6971
9792	9579
9809	2728
9809	5159
9809	7074
9809	8439
9809	8737
9818	3538
9818	5861
9822	52
9822	3967
9822	7166
9822	9183
9822	9516
9822	9727
9822	9840
9822	9895
9827	1603
9827	6888
9827	7388
9827	7917
9827	8375
9827	8725
9833	1253
9833	5991
9833	8297
9833	8951
9833	9762
9840	176
9840	7505
9840	9822
9846	5479
9846	7492
9868	5913
9868	5980
9868	6364
9888	4188
9888	8593
9888	9627
9888	9762
9890	5752
9890	7168
9890	8502
9890	9474
9890	9578
9890	9737
9894	7
9894	912
9894	2973
9894	5811
9894	7120
9894	8094
9894	8286
9894	9416
9895	52
9895	3967
9895	7166
9895	8665
9895	9822
9900	1603
9900	5633
9900	7646
9900	9261
9920	4121
9920	7122
9920	8237
9920	9230
9922	2213
9922	3971
9922	4452
9922	4493
9922	8143
9922	8466
9922	8755
9922	9723
9933	7831
9933	9197
9940	3804
9940	7308
9940	8457
9954	3065
9954	5696
9954	5756
9954	7937
9961	4699
9961	7365
9984	8505
9984	9060
9984	9237
9984	9627
9987	106
9987	1322
9987	6329
9987	6774
9987	7135
9987	9070
