28	6137
79	9910
119	4459
119	8926
121	9114
129	7617
190	1671
256	2117
256	8968
257	9572
279	9567
310	9960
330	7037
335	2943
337	4882
356	9872
358	6791
358	9857
390	7155
390	9658
418	8023
432	2042
432	8911
444	9281
458	4750
458	9671
460	2797
504	8174
523	4659
523	8752
576	8458
576	9251
708	9976
714	4666
714	8051
714	8485
722	9879
735	3143
749	6646
789	9668
802	1834
829	7316
838	3524
842	9928
855	8241
855	9418
879	7533
879	9621
886	9790
886	9960
942	6996
946	1710
949	2749
956	3306
956	4310
956	5417
960	4422
982	8562
987	9885
1020	9714
1101	8646
1101	9569
1105	7365
1105	8172
1119	8746
1126	7014
1126	9715
1174	7512
1188	8652
1188	9630
1201	4166
1201	9285
1222	7506
1241	7134
1241	8473
1267	8855
1272	3532
1275	7838
1275	9775
1281	7472
1281	7979
1284	2324
1288	6127
1316	9942
1353	6957
1361	3823
1361	8023
1415	9668
1424	9837
1458	9400
1465	9517
1491	8506
1507	9790
1518	3758
1529	2138
1529	9040
1530	4577
1530	6513
1548	9960
1558	1718
1558	9496
1562	5335
1612	4906
1612	7761
1622	9594
1631	9254
1633	9848
1671	190
1689	3555
1697	9638
1697	9837
1710	946
1710	4797
1718	1558
1727	9790
1736	5643
1736	7702
1736	8172
1742	6133
1742	9475
1757	7506
1774	7253
1814	2557
1814	7591
1824	9671
1834	802
1860	9594
1877	7565
1877	9830
1910	5787
1925	4889
1925	9569
1930	9436
1930	9569
1970	9998
1971	9354
1981	8909
2007	5608
2007	9475
2042	432
2052	7482
2059	4210
2106	9848
2106	9942
2117	256
2138	1529
2138	8243
2138	8567
2138	9337
2164	9613
2169	8978
2169	9432
2172	4135
2178	8233
2178	9177
2178	9368
2205	7044
2208	7091
2208	9928
2223	3780
2223	8263
2244	9848
2279	8235
2290	8473
2307	7264
2310	9422
2324	1284
2324	6193
2325	5582
2355	6080
2359	9976
2363	7171
2363	9727
2363	9928
2380	4360
2396	3698
2443	8023
2443	8150
2483	6891
2502	9902
2511	8679
2511	9559
2515	9572
2515	9613
2550	7392
2557	1814
2557	9692
2597	6591
2601	4867
2601	9885
2693	6996
2693	9677
2711	5198
2717	9047
2718	5688
2749	949
2749	8224
2761	8752
2761	9729
2764	5576
2764	6386
2797	460
2808	3567
2808	5528
2822	4882
2822	9179
2854	3894
2854	7150
2858	9677
2862	4508
2864	3244
2864	9085
2868	9071
2935	9337
2943	335
2943	9638
2950	8480
2952	9161
2993	7131
2993	9856
2996	5443
3000	7482
3004	5769
3004	8009
3005	7679
3005	9578
3018	9620
3027	7365
3038	3454
3081	7679
3090	5413
3090	9442
3095	3832
3110	8565
3124	6990
3124	7766
3143	735
3169	8681
3196	3894
3200	6910
3200	9718
3206	5734
3206	8646
3222	3946
3222	4691
3244	2864
3249	4935
3264	8418
3269	8972
3289	8174
3298	9872
3300	5302
3306	956
3306	6996
3306	9578
3312	5956
3328	7413
3328	7607
3412	9127
3416	5572
3454	3038
3476	9630
3479	4174
3501	8972
3505	5777
3524	838
3524	8959
3532	1272
3532	4654
3532	5443
3532	8380
3536	6426
3551	8656
3555	1689
3555	9729
3562	4914
3567	2808
3567	7468
3567	9790
3567	9902
3571	5037
3573	8994
3605	8333
3605	8637
3634	7091
3639	8243
3646	9913
3648	9133
3677	7309
3686	5242
3686	5582
3689	8783
3690	6991
3698	2396
3737	6127
3756	4914
3756	7997
3756	8485
3756	9608
3758	1518
3780	2223
3780	7108
3780	8968
3780	9671
3790	9602
3823	1361
3823	4125
3823	5302
3832	3095
3832	9085
3842	5769
3842	8327
3842	8954
3842	9613
3856	7839
3878	8681
3894	2854
3894	3196
3910	5572
3946	3222
3946	6791
3961	4043
3961	7991
3961	9354
3988	9475
3996	9354
3999	7044
4001	9354
4023	8337
4043	3961
4055	9155
4093	8646
4093	9727
4101	7052
4104	4135
4104	6127
4104	6475
4123	5664
4123	8181
4125	3823
4125	5302
4134	9616
4135	2172
4135	4104
4135	9716
4136	9714
4150	8224
4166	1201
4166	8165
4166	8700
4168	4434
4168	5626
4168	9569
4170	5599
4174	3479
4210	2059
4210	9994
4217	8938
4238	8120
4266	8526
4310	956
4310	9856
4339	7326
4341	8746
4351	4654
4360	2380
4360	7548
4382	6194
4402	4654
4402	9677
4414	9656
4420	9644
4422	960
4422	8679
4423	7210
4423	9854
4432	5102
4434	4168
4459	119
4459	8926
4508	2862
4508	8954
4508	9651
4517	7239
4517	7401
4517	9942
4529	4771
4529	8289
4577	1530
4577	8783
4654	3532
4654	4351
4654	4402
4654	7516
4654	9718
4659	523
4659	8752
4663	8173
4663	8968
4666	714
4666	8646
4670	6681
4670	7108
4691	3222
4691	9133
4691	9729
4709	8135
4722	4906
4722	5570
4722	9856
4750	458
4750	8909
4759	7991
4768	6603
4768	9474
4771	4529
4771	8667
4797	1710
4797	6649
4797	9644
4800	8770
4800	8926
4818	9578
4818	9714
4836	7501
4867	2601
4872	9729
4872	9978
4874	8968
4874	9956
4880	7607
4880	9755
4882	337
4882	2822
4882	8086
4882	9578
4882	9848
4889	1925
4899	5416
4899	8959
4906	1612
4906	4722
4906	5743
4914	3562
4914	3756
4935	3249
4935	9872
4950	6040
4950	9028
5013	9368
5014	6688
5014	8473
5037	3571
5037	8029
5041	6092
5041	9764
5052	5751
5070	8567
5070	8632
5097	9521
5102	4432
5112	7565
5112	7838
5112	9638
5117	8679
5117	9856
5140	8456
5140	8806
5140	9942
5149	8109
5163	6224
5176	5774
5188	5599
5188	9616
5198	2711
5217	9575
5218	5774
5229	9928
5242	3686
5263	5273
5270	7030
5270	8595
5270	9281
5270	9575
5273	5263
5297	7948
5302	3300
5302	3823
5302	4125
5302	6055
5335	1562
5335	9760
5338	9885
5365	9671
5365	9856
5413	3090
5416	4899
5416	8959
5417	956
5417	9418
5417	9578
5421	9149
5421	9718
5436	7037
5443	2996
5443	3532
5472	7591
5501	9127
5528	2808
5528	8051
5528	9698
5540	6523
5563	8959
5563	9716
5570	4722
5572	3416
5572	3910
5572	6697
5576	2764
5576	6641
5582	2325
5582	3686
5582	8289
5599	4170
5599	5188
5599	9475
5608	2007
5608	8719
5623	7150
5623	7766
5623	9857
5626	4168
5643	1736
5660	7385
5664	4123
5675	6493
5688	2718
5688	8911
5702	9475
5721	9790
5734	3206
5736	8380
5743	4906
5743	9179
5751	5052
5765	9848
5767	9608
5767	9631
5769	3004
5769	3842
5774	5176
5774	5218
5774	8337
5777	3505
5778	9114
5778	9998
5787	1910
5794	7997
5794	9179
5825	7987
5892	9149
5926	7948
5951	9234
5951	9400
5956	3312
5956	7670
5956	8109
5956	8911
5970	9177
5983	9293
6040	4950
6055	5302
6055	9517
6055	9699
6055	9724
6075	6537
6075	8418
6075	9559
6080	2355
6080	9293
6092	5041
6118	9503
6127	1288
6127	3737
6127	4104
6127	9714
6133	1742
6137	28
6163	9724
6193	2324
6193	9718
6194	4382
6194	7150
6199	8994
6199	9677
6201	9677
6206	9569
6206	9578
6224	5163
6232	6513
6232	7278
6232	9885
6263	9304
6263	9668
6295	7101
6295	7108
6295	9407
6311	8746
6311	9452
6311	9854
6312	6493
6312	9100
6353	6581
6384	7233
6384	8952
6386	2764
6386	7888
6400	9521
6413	9715
6420	9856
6426	3536
6475	4104
6475	9567
6493	5675
6493	6312
6493	9133
6513	1530
6513	6232
6513	9575
6523	5540
6537	6075
6537	8506
6545	8174
6546	9902
6551	7506
6551	8289
6572	7516
6581	6353
6581	8617
6581	9047
6591	2597
6603	4768
6603	7766
6641	5576
6641	9133
6646	749
6646	9848
6649	4797
6656	8646
6678	8150
6678	9879
6681	4670
6688	5014
6688	8575
6693	7468
6697	5572
6703	7590
6716	7030
6738	8210
6791	358
6791	3946
6805	8652
6805	9651
6805	9857
6828	9407
6861	8926
6861	9007
6865	9656
6891	2483
6910	3200
6910	7672
6910	8418
6923	7555
6936	7591
6951	9085
6957	1353
6957	7590
6990	3124
6990	9715
6991	3690
6996	942
6996	2693
6996	3306
6996	8637
7004	7607
7014	1126
7014	8783
7030	5270
7030	6716
7037	330
7037	5436
7044	2205
7044	3999
7044	7761
7050	8418
7052	4101
7052	7166
7077	9630
7088	8224
7088	9621
7091	2208
7091	3634
7101	6295
7108	3780
7108	4670
7108	6295
7121	8741
7121	8918
7124	7505
7124	8051
7124	9856
7131	2993
7131	9234
7134	1241
7134	7937
7150	2854
7150	5623
7150	6194
7152	8575
7152	8617
7152	9393
7154	8987
7154	9161
7154	9575
7155	390
7155	8918
7166	7052
7166	7946
7171	2363
7171	8637
7210	4423
7210	7814
7210	9496
7233	6384
7238	8456
7238	9190
7238	9517
7239	4517
7253	1774
7253	8564
7253	9588
7264	2307
7264	7838
7278	6232
7278	9071
7302	9452
7302	9854
7309	3677
7316	829
7316	8228
7326	4339
7326	9976
7342	9790
7342	9960
7351	9588
7365	1105
7365	3027
7385	5660
7392	2550
7401	4517
7401	9407
7413	3328
7413	7421
7421	7413
7468	3567
7468	6693
7472	1281
7472	9190
7482	2052
7482	3000
7482	8994
7482	9830
7487	8150
7487	8181
7487	8235
7487	8637
7487	8919
7501	4836
7505	7124
7505	9856
7506	1222
7506	1757
7506	6551
7506	9418
7512	1174
7512	7617
7516	4654
7516	6572
7516	9369
7533	879
7533	9621
7548	4360
7548	9234
7551	9400
7555	6923
7555	9559
7565	1877
7565	5112
7565	9071
7590	6703
7590	6957
7591	1814
7591	5472
7591	6936
7607	3328
7607	4880
7607	7004
7609	7959
7610	8972
7617	129
7617	7512
7617	8801
7634	7814
7634	9293
7653	8493
7653	9179
7653	9234
7653	9400
7670	5956
7672	6910
7672	9656
7679	3005
7679	3081
7679	8289
7679	8565
7702	1736
7702	8512
7702	9928
7724	9285
7724	9910
7761	1612
7761	7044
7761	7774
7766	3124
7766	5623
7766	6603
7774	7761
7814	7210
7814	7634
7838	1275
7838	5112
7838	7264
7838	9775
7839	3856
7839	9755
7888	6386
7888	9621
7937	7134
7937	9254
7946	7166
7946	8801
7948	5297
7948	5926
7948	8632
7948	9436
7959	7609
7959	9998
7966	9254
7966	9826
7979	1281
7979	9616
7979	9942
7987	5825
7987	8919
7991	3961
7991	4759
7991	8641
7991	8827
7991	9354
7991	9567
7997	3756
7997	5794
7997	9452
7997	9567
8009	3004
8009	8952
8023	418
8023	1361
8023	2443
8029	5037
8029	8506
8029	9578
8051	714
8051	5528
8051	7124
8051	8485
8051	9100
8063	9432
8074	9127
8086	4882
8086	9608
8109	5149
8109	5956
8109	9149
8109	9567
8120	4238
8120	8564
8120	9902
8135	4709
8150	2443
8150	6678
8150	7487
8150	9978
8165	4166
8172	1105
8172	1736
8172	9199
8173	4663
8173	9133
8173	9567
8174	504
8174	3289
8174	6545
8181	4123
8181	7487
8187	8667
8210	6738
8210	9149
8224	2749
8224	4150
8224	7088
8224	9354
8224	9407
8228	7316
8228	9698
8233	2178
8233	9854
8235	2279
8235	7487
8235	9281
8235	9839
8241	855
8241	9913
8243	2138
8243	3639
8243	9337
8263	2223
8263	9902
8263	9978
8289	4529
8289	5582
8289	6551
8289	7679
8289	8667
8294	9407
8313	9956
8327	3842
8330	9252
8333	3605
8337	4023
8337	5774
8380	3532
8380	5736
8380	8681
8380	9715
8384	9724
8384	9755
8416	8700
8418	3264
8418	6075
8418	6910
8418	7050
8456	5140
8456	7238
8456	9252
8458	576
8458	9251
8473	1241
8473	2290
8473	5014
8480	2950
8485	714
8485	3756
8485	8051
8493	7653
8506	1491
8506	6537
8506	8029
8512	7702
8512	8770
8512	9407
8526	4266
8562	982
8564	7253
8564	8120
8564	9724
8565	3110
8565	7679
8567	2138
8567	5070
8575	6688
8575	7152
8595	5270
8595	9575
8595	9699
8597	9760
8617	6581
8617	7152
8617	9304
8632	5070
8632	7948
8632	8742
8637	3605
8637	6996
8637	7171
8637	7487
8641	7991
8646	1101
8646	3206
8646	4093
8646	4666
8646	6656
8646	8652
8646	9613
8652	1188
8652	6805
8652	8646
8652	9602
8656	3551
8656	8926
8667	4771
8667	8187
8667	8289
8679	2511
8679	4422
8679	5117
8679	9644
8681	3169
8681	3878
8681	8380
8681	8919
8700	4166
8700	8416
8719	5608
8741	7121
8741	8918
8741	9658
8742	8632
8742	9418
8742	9677
8742	9820
8746	1119
8746	4341
8746	6311
8752	523
8752	2761
8752	4659
8762	9790
8762	9960
8770	4800
8770	8512
8770	9668
8770	9837
8783	3689
8783	4577
8783	7014
8801	7617
8801	7946
8801	9368
8806	5140
8806	9608
8806	9913
8827	7991
8855	1267
8855	9764
8909	1981
8909	4750
8909	9281
8911	432
8911	5688
8911	5956
8918	7121
8918	7155
8918	8741
8918	9857
8919	7487
8919	7987
8919	8681
8926	119
8926	4459
8926	4800
8926	6861
8926	8656
8926	9496
8926	9620
8926	9638
8938	4217
8938	9503
8952	6384
8952	8009
8954	3842
8954	4508
8959	3524
8959	4899
8959	5416
8959	5563
8968	256
8968	3780
8968	4663
8968	4874
8972	3269
8972	3501
8972	7610
8972	9848
8978	2169
8987	7154
8987	9155
8987	9575
8987	9820
8994	3573
8994	6199
8994	7482
8994	9199
8994	9910
9007	6861
9007	9436
9007	9910
9028	4950
9040	1529
9041	9638
9047	2717
9047	6581
9071	2868
9071	7278
9071	7565
9071	9830
9085	2864
9085	3832
9085	6951
9085	9452
9100	6312
9100	8051
9114	121
9114	5778
9127	3412
9127	5501
9127	8074
9127	9285
9133	3648
9133	4691
9133	6493
9133	6641
9133	8173
9149	5421
9149	5892
9149	8109
9149	8210
9155	4055
9155	8987
9155	9436
9155	9517
9155	9699
9161	2952
9161	7154
9161	9400
9177	2178
9177	5970
9177	9764
9179	2822
9179	5743
9179	5794
9179	7653
9190	7238
9190	7472
9199	8172
9199	8994
9199	9699
9234	5951
9234	7131
9234	7548
9234	7653
9234	9400
9234	9976
9251	576
9251	8458
9252	8330
9252	8456
9252	9368
9252	9826
9254	1631
9254	7937
9254	7966
9281	444
9281	5270
9281	8235
9281	8909
9281	9839
9285	1201
9285	7724
9285	9127
9293	5983
9293	6080
9293	7634
9304	6263
9304	8617
9304	9668
9337	2138
9337	2935
9337	8243
9354	1971
9354	3961
9354	3996
9354	4001
9354	7991
9354	8224
9354	9436
9368	2178
9368	5013
9368	8801
9368	9252
9369	7516
9393	7152
9393	9638
9400	1458
9400	5951
9400	7551
9400	7653
9400	9161
9400	9234
9407	6295
9407	6828
9407	7401
9407	8224
9407	8294
9407	8512
9407	9724
9418	855
9418	5417
9418	7506
9418	8742
9418	9432
9422	2310
9422	9432
9422	9775
9422	9976
9428	9826
9432	2169
9432	8063
9432	9418
9432	9422
9432	9698
9436	1930
9436	7948
9436	9007
9436	9155
9436	9354
9436	9656
9442	3090
9442	9698
9452	6311
9452	7302
9452	7997
9452	9085
9452	9854
9474	4768
9474	9716
9475	1742
9475	2007
9475	3988
9475	5599
9475	5702
9496	1558
9496	7210
9496	8926
9503	6118
9503	8938
9517	1465
9517	6055
9517	7238
9517	9155
9517	9699
9521	5097
9521	6400
9559	2511
9559	6075
9559	7555
9567	279
9567	6475
9567	7991
9567	7997
9567	8109
9567	8173
9569	1101
9569	1925
9569	1930
9569	4168
9569	6206
9572	257
9572	2515
9572	9613
9572	9631
9572	9902
9575	5217
9575	5270
9575	6513
9575	7154
9575	8595
9575	8987
9575	9656
9578	3005
9578	3306
9578	4818
9578	4882
9578	5417
9578	6206
9578	8029
9578	9620
9588	7253
9588	7351
9588	9928
9594	1622
9594	1860
9602	3790
9602	8652
9608	3756
9608	5767
9608	8086
9608	8806
9613	2164
9613	2515
9613	3842
9613	8646
9613	9572
9613	9671
9616	4134
9616	5188
9616	7979
9620	3018
9620	8926
9620	9578
9621	879
9621	7088
9621	7533
9621	7888
9630	1188
9630	3476
9630	7077
9631	5767
9631	9572
9638	1697
9638	2943
9638	5112
9638	8926
9638	9041
9638	9393
9644	4420
9644	4797
9644	8679
9644	9928
9651	4508
9651	6805
9656	4414
9656	6865
9656	7672
9656	9436
9656	9575
9658	390
9658	8741
9668	789
9668	1415
9668	6263
9668	8770
9668	9304
9668	9994
9671	458
9671	1824
9671	3780
9671	5365
9671	9613
9677	2693
9677	2858
9677	4402
9677	6199
9677	6201
9677	8742
9692	2557
9698	5528
9698	8228
9698	9432
9698	9442
9698	9724
9699	6055
9699	8595
9699	9155
9699	9199
9699	9517
9699	9755
9714	1020
9714	4136
9714	4818
9714	6127
9714	9848
9715	1126
9715	6413
9715	6990
9715	8380
9715	9724
9716	4135
9716	5563
9716	9474
9716	9820
9716	9976
9718	3200
9718	4654
9718	5421
9718	6193
9724	6055
9724	6163
9724	8384
9724	8564
9724	9407
9724	9698
9724	9715
9724	9755
9727	2363
9727	4093
9729	2761
9729	3555
9729	4691
9729	4872
9755	4880
9755	7839
9755	8384
9755	9699
9755	9724
9760	5335
9760	8597
9764	5041
9764	8855
9764	9177
9775	1275
9775	7838
9775	9422
9790	886
9790	1507
9790	1727
9790	3567
9790	5721
9790	7342
9790	8762
9790	9960
9820	8742
9820	8987
9820	9716
9826	7966
9826	9252
9826	9428
9830	1877
9830	7482
9830	9071
9837	1424
9837	1697
9837	8770
9839	8235
9839	9281
9848	1633
9848	2106
9848	2244
9848	4882
9848	5765
9848	6646
9848	8972
9848	9714
9848	9942
9854	4423
9854	6311
9854	7302
9854	8233
9854	9452
9856	2993
9856	4310
9856	4722
9856	5117
9856	5365
9856	6420
9856	7124
9856	7505
9857	358
9857	5623
9857	6805
9857	8918
9872	356
9872	3298
9872	4935
9879	722
9879	6678
9879	9902
9879	9910
9885	987
9885	2601
9885	5338
9885	6232
9885	9998
9902	2502
9902	3567
9902	6546
9902	8120
9902	8263
9902	9572
9902	9879
9910	79
9910	7724
9910	8994
9910	9007
9910	9879
9913	3646
9913	8241
9913	8806
9928	842
9928	2208
9928	2363
9928	5229
9928	7702
9928	9588
9928	9644
9935	9956
9942	1316
9942	2106
9942	4517
9942	5140
9942	7979
9942	9848
9956	4874
9956	8313
9956	9935
9956	9976
9960	310
9960	886
9960	1548
9960	7342
9960	8762
9960	9790
9976	708
9976	2359
9976	7326
9976	9234
9976	9422
9976	9716
9976	9956
9978	4872
9978	8150
9978	8263
9994	4210
9994	9668
9998	1970
9998	5778
9998	7959
9998	9885
