8	6054
8	8979
14	9182
58	3454
94	5890
94	8212
128	8241
136	7236
160	1304
228	9270
230	4588
230	8563
254	2350
254	8098
254	9522
307	6700
327	6275
327	7887
351	4729
351	9925
364	4208
364	6469
367	8651
378	9556
432	7705
509	6582
509	8901
517	6972
571	9080
602	7813
664	8602
688	9020
704	9223
712	9657
763	3416
763	9116
785	5460
810	9258
817	6215
834	4926
840	8244
840	8277
857	4404
877	9420
893	4631
893	8435
897	9851
902	8163
931	9442
944	5697
944	8586
966	4280
966	5641
977	4117
984	8038
1001	7837
1029	5474
1039	8558
1053	6138
1053	8390
1060	8713
1070	9465
1083	2770
1090	8980
1096	5582
1174	1341
1296	8258
1304	160
1304	9345
1307	8893
1312	6923
1341	1174
1341	8661
1380	9153
1425	2395
1439	8861
1440	7803
1455	9264
1463	7837
1466	9390
1486	9258
1488	9131
1530	4577
1543	8269
1543	9792
1560	3866
1560	6903
1590	6032
1590	8214
1594	9969
1625	7454
1630	9644
1661	5391
1661	8819
1685	2294
1685	3388
1753	4580
1753	9925
1757	6485
1774	7048
1795	2880
1800	9646
1808	8827
1811	9037
1818	9131
1824	3382
1824	9214
1824	9388
1828	9969
1831	3618
1839	9247
1873	8481
1875	6939
2037	8658
2106	9942
2128	9831
2140	2481
2140	7026
2211	6218
2211	6659
2222	9420
2262	7067
2273	2548
2276	9096
2286	2860
2294	1685
2294	2962
2332	6477
2350	254
2350	9925
2350	9928
2371	7829
2371	9270
2372	9351
2372	10000
2395	1425
2423	9664
2435	6054
2435	8480
2441	8884
2481	2140
2481	9927
2493	6888
2493	9182
2523	8098
2544	9941
2548	2273
2548	7309
2562	9130
2562	9184
2576	7889
2576	8418
2658	8336
2660	6990
2674	8163
2674	9925
2685	6477
2718	9646
2726	5280
2770	1083
2770	6710
2780	5582
2797	9398
2797	9943
2823	4280
2826	3648
2831	6700
2831	9644
2835	6526
2847	8091
2847	9292
2860	2286
2860	8983
2860	9662
2870	8989
2880	1795
2880	5766
2912	9037
2912	9153
2941	8827
2945	9953
2951	7889
2951	8847
2961	9582
2962	2294
2962	8949
2962	9851
2980	4193
2984	9927
2986	4514
2986	9465
2996	6362
3024	7670
3024	9997
3027	4865
3071	4574
3071	5736
3075	8948
3097	9292
3099	9024
3099	9257
3101	3623
3101	8751
3175	5687
3177	9103
3179	4844
3179	6032
3211	6582
3242	4938
3242	7031
3264	3993
3264	6215
3264	8418
3286	6443
3286	7031
3286	7880
3298	8824
3306	9080
3319	8435
3344	7755
3354	8167
3367	4843
3367	9270
3382	1824
3382	6039
3382	9094
3388	1685
3391	9076
3391	9116
3399	6888
3416	763
3416	9076
3439	6524
3439	8038
3439	9458
3446	4678
3446	5908
3446	9539
3446	9832
3454	58
3454	9467
3481	7390
3481	7482
3510	8451
3555	9465
3575	6160
3586	3945
3586	9386
3618	1831
3623	3101
3623	8751
3623	9619
3643	6421
3648	2826
3648	8923
3656	9943
3686	5582
3701	5736
3715	9584
3726	8348
3726	9690
3746	6593
3778	5241
3778	8390
3778	8971
3782	4843
3782	9657
3789	8651
3806	9308
3820	5205
3820	6160
3820	8591
3820	8893
3823	5302
3825	8072
3837	9792
3853	8983
3866	1560
3866	6564
3898	4056
3898	9076
3929	5368
3929	8212
3929	8422
3932	6556
3945	3586
3945	6410
3949	8163
3954	6023
3969	8422
3973	4014
3982	7713
3982	9779
3985	9118
3993	3264
4009	8703
4014	3973
4016	9264
4040	7872
4040	9346
4056	3898
4056	8343
4059	9792
4069	6138
4107	8936
4117	977
4117	9103
4120	4397
4193	2980
4193	9832
4202	4773
4204	6278
4208	364
4208	9148
4227	7508
4227	8979
4230	8358
4236	9442
4262	5172
4262	8481
4274	9819
4280	966
4280	2823
4316	5488
4322	9530
4328	8797
4340	8524
4356	8901
4388	5999
4388	8277
4396	5083
4397	4120
4398	9617
4398	9775
4404	857
4417	4925
4417	7755
4425	9779
4448	7608
4514	2986
4514	9345
4574	3071
4574	8192
4577	1530
4577	6999
4577	8390
4580	1753
4580	5420
4588	230
4593	6556
4593	9516
4617	6337
4617	7282
4617	9270
4620	6410
4631	893
4634	6234
4634	9832
4651	6023
4651	8065
4651	8437
4654	10000
4665	8524
4676	8946
4676	9556
4678	3446
4722	9856
4724	5280
4729	351
4729	8466
4729	9925
4734	9264
4773	4202
4786	6228
4815	9620
4829	9094
4841	6039
4841	9388
4843	3367
4843	3782
4844	3179
4844	6893
4865	3027
4865	7079
4874	8968
4886	7425
4886	9346
4886	9621
4894	8923
4920	6054
4920	6337
4925	4417
4925	6360
4925	6443
4925	7690
4926	834
4926	6092
4938	3242
4938	9184
4938	9233
5004	7342
5013	8072
5014	9257
5023	9381
5055	9257
5083	4396
5099	9442
5099	9644
5172	4262
5172	9442
5191	6659
5191	8481
5191	8949
5198	8214
5205	3820
5205	8717
5226	9792
5234	9941
5241	3778
5241	6215
5264	9927
5267	8847
5280	2726
5280	4724
5280	6009
5296	8192
5299	6214
5299	8455
5302	3823
5368	3929
5368	9925
5372	8611
5378	7814
5378	8163
5391	1661
5399	7187
5399	9412
5420	4580
5424	5836
5424	8172
5424	9832
5432	6443
5432	7282
5432	8343
5432	9270
5432	9775
5460	785
5460	9584
5474	1029
5476	6278
5488	4316
5507	7923
5507	9184
5558	6270
5582	1096
5582	2780
5582	3686
5582	8289
5585	7026
5585	7503
5585	8098
5590	6275
5590	8258
5597	7620
5597	9920
5609	8559
5615	9969
5616	7068
5616	8369
5641	966
5659	8949
5666	8703
5678	6709
5683	6061
5683	8310
5687	3175
5687	7887
5696	8520
5697	944
5697	6485
5697	8586
5717	6228
5717	7084
5717	7267
5736	3071
5736	3701
5736	9467
5766	2880
5778	6421
5798	9390
5836	5424
5836	6032
5836	6431
5838	7642
5840	9969
5857	9584
5871	8559
5874	7462
5874	9247
5890	94
5895	6002
5903	7637
5908	3446
5965	8713
5967	7320
5999	4388
6002	5895
6009	5280
6009	6410
6012	8212
6014	6609
6023	3954
6023	4651
6023	6278
6032	1590
6032	3179
6032	5836
6032	8901
6039	3382
6039	4841
6039	9388
6053	8289
6053	8358
6054	8
6054	2435
6054	4920
6054	7608
6061	5683
6061	8310
6061	8971
6068	7569
6068	8980
6068	9412
6092	4926
6101	7813
6101	9582
6105	6990
6138	1053
6138	4069
6142	8160
6147	9106
6157	8109
6157	8310
6160	3575
6160	3820
6170	9233
6176	8492
6187	8503
6200	6598
6202	8559
6214	5299
6215	817
6215	3264
6215	5241
6218	2211
6218	8043
6218	8979
6228	4786
6228	5717
6234	4634
6234	8780
6235	8100
6252	7128
6261	7096
6261	8787
6270	5558
6270	8581
6275	327
6275	5590
6275	9532
6278	4204
6278	5476
6278	6023
6278	9969
6280	8305
6280	9212
6337	4617
6337	4920
6337	6999
6360	4925
6362	2996
6362	8611
6362	8751
6364	7120
6364	8923
6386	9532
6403	7504
6410	3945
6410	4620
6410	6009
6410	8948
6414	9442
6421	3643
6421	5778
6421	7159
6421	8435
6431	5836
6431	6528
6431	7803
6443	3286
6443	4925
6443	5432
6443	9270
6443	9775
6456	8703
6456	9928
6469	364
6477	2332
6477	2685
6477	9094
6477	9584
6485	1757
6485	5697
6485	8586
6502	6775
6524	3439
6524	6878
6526	2835
6528	6431
6529	8923
6529	9386
6547	7705
6556	3932
6556	4593
6556	7048
6556	9522
6556	9920
6564	3866
6564	7827
6564	8936
6574	8422
6582	509
6582	3211
6582	8901
6582	9388
6593	3746
6593	7705
6593	9539
6594	7911
6598	6200
6598	7314
6598	8258
6609	6014
6609	8658
6622	9310
6622	9420
6629	8694
6652	9617
6653	8371
6653	8923
6653	8999
6659	2211
6659	5191
6659	8481
6677	7559
6677	8269
6677	9386
6700	307
6700	2831
6700	8713
6709	5678
6710	2770
6759	7837
6775	6502
6775	9212
6796	9398
6796	9851
6796	9943
6802	7778
6802	8602
6820	6946
6820	6972
6820	8098
6820	9856
6847	8923
6847	9386
6855	8195
6878	6524
6878	8290
6878	9345
6878	9792
6888	2493
6888	3399
6893	4844
6893	9465
6903	1560
6923	1312
6923	8214
6927	9258
6939	1875
6946	6820
6972	517
6972	6820
6972	8893
6990	2660
6990	6105
6999	4577
6999	6337
6999	7309
7013	8112
7013	9927
7026	2140
7026	5585
7026	8612
7026	8797
7031	3242
7031	3286
7042	8269
7048	1774
7048	6556
7067	2262
7067	7813
7068	5616
7068	9106
7077	8825
7077	9247
7079	4865
7079	8634
7084	5717
7084	7829
7090	7754
7096	6261
7120	6364
7120	9894
7128	6252
7128	7569
7128	9386
7152	7911
7152	9264
7152	9522
7159	6421
7187	5399
7187	9023
7187	9214
7187	9412
7224	9539
7232	8884
7232	8948
7236	136
7236	9182
7236	9539
7267	5717
7267	7390
7280	7559
7282	4617
7282	5432
7282	7560
7282	7755
7282	9775
7309	2548
7309	6999
7314	6598
7320	5967
7326	8214
7326	8971
7342	5004
7380	7462
7380	9779
7390	3481
7390	7267
7390	9530
7408	8861
7425	4886
7425	8587
7425	9346
7454	1625
7454	9621
7457	9381
7461	8466
7461	9941
7462	5874
7462	7380
7462	8195
7462	9779
7464	8384
7464	9100
7464	9532
7464	9619
7480	8558
7482	3481
7482	9310
7502	9294
7502	9308
7502	9969
7503	5585
7504	6403
7504	7925
7508	4227
7537	8113
7537	8536
7559	6677
7559	7280
7560	7282
7560	8065
7568	8980
7569	6068
7569	7128
7573	8946
7608	4448
7608	6054
7608	8661
7608	9644
7620	5597
7637	5903
7637	8946
7642	5838
7642	8455
7670	3024
7670	8581
7689	8305
7689	8819
7690	4925
7705	432
7705	6547
7705	6593
7705	9148
7705	9381
7713	3982
7713	8195
7746	8100
7753	7919
7754	7090
7755	3344
7755	4417
7755	7282
7755	9775
7778	6802
7803	1440
7803	6431
7803	8147
7813	602
7813	6101
7813	7067
7813	9390
7814	5378
7814	8163
7827	6564
7829	2371
7829	7084
7829	8845
7837	1001
7837	1463
7837	6759
7837	9024
7872	4040
7872	9346
7880	3286
7880	8061
7880	8524
7887	327
7887	5687
7889	2576
7889	2951
7889	8847
7911	6594
7911	7152
7911	9264
7919	7753
7923	5507
7923	8343
7925	7504
7925	9247
7983	9103
8038	984
8038	3439
8038	8827
8043	6218
8053	8587
8061	7880
8061	8072
8061	8503
8065	4651
8065	7560
8072	3825
8072	5013
8072	8061
8072	8586
8091	2847
8098	254
8098	2523
8098	5585
8098	6820
8098	9617
8100	6235
8100	7746
8100	9388
8109	6157
8109	9257
8112	7013
8112	8437
8112	9927
8113	7537
8147	7803
8147	8717
8160	6142
8163	902
8163	2674
8163	3949
8163	5378
8163	7814
8163	9345
8167	3354
8167	8825
8172	5424
8172	9832
8192	4574
8192	5296
8195	6855
8195	7462
8195	7713
8195	9779
8212	94
8212	3929
8212	6012
8214	1590
8214	5198
8214	6923
8214	7326
8223	9387
8227	8558
8227	9467
8227	9894
8241	128
8244	840
8244	9020
8258	1296
8258	5590
8258	6598
8258	8936
8269	1543
8269	6677
8269	7042
8269	8492
8277	840
8277	4388
8289	5582
8289	6053
8290	6878
8290	9326
8290	9345
8305	6280
8305	7689
8305	8819
8308	8884
8308	9941
8310	5683
8310	6061
8310	6157
8310	8971
8336	2658
8343	4056
8343	5432
8343	7923
8348	3726
8348	9654
8352	8973
8352	9100
8358	4230
8358	6053
8369	5616
8369	8455
8371	6653
8371	8999
8384	7464
8384	8819
8384	9619
8390	1053
8390	3778
8390	4577
8390	8602
8390	9388
8418	2576
8418	3264
8418	8824
8418	9020
8418	9076
8422	3929
8422	3969
8422	6574
8422	9315
8435	893
8435	3319
8435	6421
8435	8480
8437	4651
8437	8112
8437	9100
8451	3510
8455	5299
8455	7642
8455	8369
8455	9465
8466	4729
8466	7461
8466	9941
8480	2435
8480	8435
8481	1873
8481	4262
8481	5191
8481	6659
8481	9245
8481	9442
8492	6176
8492	8269
8492	9258
8492	9621
8503	6187
8503	8061
8512	8717
8520	5696
8520	8847
8524	4340
8524	4665
8524	7880
8524	9690
8536	7537
8536	8999
8536	9690
8558	1039
8558	7480
8558	8227
8559	5609
8559	5871
8559	6202
8563	230
8581	6270
8581	7670
8581	9635
8586	944
8586	5697
8586	6485
8586	8072
8587	7425
8587	8053
8587	8949
8591	3820
8591	9851
8591	9953
8602	664
8602	6802
8602	8390
8611	5372
8611	6362
8611	8893
8612	7026
8619	9130
8619	9690
8634	7079
8651	367
8651	3789
8658	2037
8658	6609
8658	9024
8661	1341
8661	7608
8694	6629
8703	4009
8703	5666
8703	6456
8713	1060
8713	5965
8713	6700
8717	5205
8717	8147
8717	8512
8743	9582
8751	3101
8751	3623
8751	6362
8780	6234
8780	8944
8780	8999
8787	6261
8787	9182
8797	4328
8797	7026
8819	1661
8819	7689
8819	8305
8819	8384
8824	3298
8824	8418
8825	7077
8825	8167
8825	9247
8827	1808
8827	2941
8827	8038
8827	9458
8845	7829
8845	9351
8845	9387
8847	2951
8847	5267
8847	7889
8847	8520
8861	1439
8861	7408
8870	9020
8870	9184
8884	2441
8884	7232
8884	8308
8893	1307
8893	3820
8893	6972
8893	8611
8901	509
8901	4356
8901	6032
8901	6582
8901	9927
8923	3648
8923	4894
8923	6364
8923	6529
8923	6653
8923	6847
8923	9386
8936	4107
8936	6564
8936	8258
8944	8780
8944	9941
8946	4676
8946	7573
8946	7637
8946	9023
8948	3075
8948	6410
8948	7232
8949	2962
8949	5191
8949	5659
8949	8587
8968	4874
8971	3778
8971	6061
8971	7326
8971	8310
8973	8352
8974	9565
8974	9582
8979	8
8979	4227
8979	6218
8980	1090
8980	6068
8980	7568
8983	2860
8983	3853
8989	2870
8989	9423
8999	6653
8999	8371
8999	8536
8999	8780
9020	688
9020	8244
9020	8418
9020	8870
9020	9792
9023	7187
9023	8946
9023	9465
9024	3099
9024	7837
9024	8658
9037	1811
9037	2912
9037	9096
9037	9423
9037	9927
9076	3391
9076	3416
9076	3898
9076	8418
9076	9116
9080	571
9080	3306
9080	9188
9080	9387
9086	9617
9094	3382
9094	4829
9094	6477
9094	9515
9094	9997
9096	2276
9096	9037
9096	9423
9100	7464
9100	8352
9100	8437
9103	3177
9103	4117
9103	7983
9103	9340
9106	6147
9106	7068
9116	763
9116	3391
9116	9076
9118	3985
9118	9584
9130	2562
9130	8619
9131	1488
9131	1818
9148	4208
9148	7705
9148	9381
9148	9387
9153	1380
9153	2912
9153	9522
9182	14
9182	2493
9182	7236
9182	8787
9182	9539
9182	9927
9182	9943
9184	2562
9184	4938
9184	5507
9184	8870
9184	9233
9188	9080
9212	6280
9212	6775
9214	1824
9214	7187
9214	9388
9223	704
9233	4938
9233	6170
9233	9184
9245	8481
9245	9532
9247	1839
9247	5874
9247	7077
9247	7925
9247	8825
9257	3099
9257	5014
9257	5055
9257	8109
9258	810
9258	1486
9258	6927
9258	8492
9264	1455
9264	4016
9264	4734
9264	7152
9264	7911
9264	9941
9270	228
9270	2371
9270	3367
9270	4617
9270	5432
9270	6443
9270	9920
9272	9654
9292	2847
9292	3097
9294	7502
9294	9308
9294	9516
9308	3806
9308	7502
9308	9294
9310	6622
9310	7482
9315	8422
9326	8290
9326	9345
9326	9423
9340	9103
9345	1304
9345	4514
9345	6878
9345	8163
9345	8290
9345	9326
9346	4040
9346	4886
9346	7425
9346	7872
9351	2372
9351	8845
9381	5023
9381	7457
9381	7705
9381	9148
9386	3586
9386	6529
9386	6677
9386	6847
9386	7128
9386	8923
9387	8223
9387	8845
9387	9080
9387	9148
9388	1824
9388	4841
9388	6039
9388	6582
9388	8100
9388	8390
9388	9214
9390	1466
9390	5798
9390	7813
9398	2797
9398	6796
9398	9943
9412	5399
9412	6068
9412	7187
9420	877
9420	2222
9420	6622
9423	8989
9423	9037
9423	9096
9423	9326
9442	931
9442	4236
9442	5099
9442	5172
9442	6414
9442	8481
9458	3439
9458	8827
9465	1070
9465	2986
9465	3555
9465	6893
9465	8455
9465	9023
9467	3454
9467	5736
9467	8227
9515	9094
9516	4593
9516	9294
9522	254
9522	6556
9522	7152
9522	9153
9522	9662
9530	4322
9530	7390
9532	6275
9532	6386
9532	7464
9532	9245
9539	3446
9539	6593
9539	7224
9539	7236
9539	9182
9556	378
9556	4676
9565	8974
9582	2961
9582	6101
9582	8743
9582	8974
9582	9644
9584	3715
9584	5460
9584	5857
9584	6477
9584	9118
9617	4398
9617	6652
9617	8098
9617	9086
9619	3623
9619	7464
9619	8384
9619	9654
9620	4815
9621	4886
9621	7454
9621	8492
9627	9942
9635	8581
9644	1630
9644	2831
9644	5099
9644	7608
9644	9582
9644	9928
9646	1800
9646	2718
9646	9942
9654	8348
9654	9272
9654	9619
9654	9953
9657	712
9657	3782
9662	2860
9662	9522
9664	2423
9690	3726
9690	8524
9690	8536
9690	8619
9775	4398
9775	5432
9775	6443
9775	7282
9775	7755
9775	9894
9775	9920
9779	3982
9779	4425
9779	7380
9779	7462
9779	8195
9779	9856
9792	1543
9792	3837
9792	4059
9792	5226
9792	6878
9792	9020
9819	4274
9831	2128
9832	3446
9832	4193
9832	4634
9832	5424
9832	8172
9851	897
9851	2962
9851	6796
9851	8591
9856	4722
9856	6820
9856	9779
9894	7120
9894	8227
9894	9775
9920	5597
9920	6556
9920	9270
9920	9775
9925	351
9925	1753
9925	2350
9925	2674
9925	4729
9925	5368
9925	9928
9927	2481
9927	2984
9927	5264
9927	7013
9927	8112
9927	8901
9927	9037
9927	9182
9927	9942
9928	2350
9928	6456
9928	9644
9928	9925
9941	2544
9941	5234
9941	7461
9941	8308
9941	8466
9941	8944
9941	9264
9942	2106
9942	9627
9942	9646
9942	9927
9942	9969
9943	2797
9943	3656
9943	6796
9943	9182
9943	9398
9953	2945
9953	8591
9953	9654
9969	1594
9969	1828
9969	5615
9969	5840
9969	6278
9969	7502
9969	9942
9997	3024
9997	9094
10000	2372
10000	4654
