356	356
3123	3123
7508	7508
256	256
2057	2057
4912	4912
3548	3548
812	812
783	783
3977	3977
3846	3846
3448	3448
8210	8210
4102	4102
6788	6788
4908	4908
7573	7573
342	342
1287	1287
2499	2499
2043	2043
5593	5593
490	490
4498	4498
7315	7315
2974	2974
1602	1602
209	209
188	188
3332	3332
2845	2845
1321	1321
5460	5460
2187	2187
3530	3530
1192	1192
4386	4386
3828	3828
5267	5267
1188	1188
303	303
5217	5217
1059	1059
1815	1815
2142	2142
5315	5315
3464	3464
8480	8480
1076	1076
2398	2398
5919	5919
1861	1861
1282	1282
418	418
1203	1203
8913	8913
5232	5232
4187	4187
893	893
3223	3223
3710	3710
6084	6084
1141	1141
4641	4641
4620	4620
7785	7785
5913	5913
2711	2711
4999	4999
3954	3954
1218	1218
5755	5755
4789	4789
2401	2401
5197	5197
1008	1008
3338	3338
1974	1974
479	479
2707	2707
5372	5372
3165	3165
856	856
1772	1772
1662	1662
3005	3005
6657	6657
169	169
6536	6536
648	648
7590	7590
5558	5558
136	136
157	157
7309	7309
384	384
792	792
2841	2841
2312	2312
2304	2304
5325	5325
6668	6668
3903	3903
709	709
2052	2052
4607	4607
1284	1284
5821	5821
3870	3870
1155	1155
5309	5309
874	874
853	853
8076	8076
9398	9398
1638	1638
1986	1986
593	593
3787	3787
5109	5109
4245	4245
4216	4216
2852	2852
6881	6881
87	87
6852	6852
2294	2294
4116	4116
6323	6323
1757	1757
212	212
3296	3296
1068	1068
5047	5047
2688	2688
5861	5861
918	918
381	381
6240	6240
2530	2530
1872	1872
2555	2555
7092	7092
117	117
2803	2803
1431	1431
2884	2884
1054	1054
7748	7748
983	983
4017	4017
3996	3996
5310	5310
3082	3082
6145	6145
5768	5768
1689	1689
1071	1071
5058	5058
2212	2212
6372	6372
790	790
1248	1248
363	363
3884	3884
661	661
3834	3834
153	153
9206	9206
3297	3297
5077	5077
867	867
6537	6537
2458	2458
1471	1471
9579	9579
4107	4107
20	20
4028	4028
1292	1292
2525	2525
2148	2148
3491	3491
9371	9371
1132	1132
6635	6635
4763	4763
197	197
5569	5569
3029	3029
801	801
5715	5715
7445	7445
4520	4520
4093	4093
4878	4878
312	312
4799	4799
1118	1118
4312	4312
5105	5105
2767	2767
1374	1374
7610	7610
3552	3552
8974	8974
837	837
379	379
2667	2667
1651	1651
3473	3473
656	656
7402	7402
1014	1014
2357	2357
7192	7192
3113	3113
4981	4981
3588	3588
344	344
2522	2522
4700	4700
2770	2770
5566	5566
542	542
877	877
4223	4223
3832	3832
6476	6476
1323	1323
438	438
1671	1671
8009	8009
9352	9352
1244	1244
5273	5273
2385	2385
2712	2712
2662	2662
4861	4861
2633	2633
1269	1269
8463	8463
703	703
2483	2483
145	145
1946	1946
3189	3189
4909	4909
2042	2042
2827	2827
1455	1455
2290	2290
549	549
4041	4041
747	747
1582	1582
1524	1524
