6165	6165
1222	1222
3908	3908
5201	5201
4714	4714
3321	3321
5986	5986
4077	4077
5420	5420
8085	8085
6213	6213
325	325
1618	1618
3317	3317
1466	1466
2322	2322
2301	2301
908	908
3615	3615
1764	1764
1206	1206
2122	2122
1962	1962
6101	6101
2399	2399
2878	2878
5941	5941
3684	3684
3126	3126
3105	3105
267	267
1254	1254
2953	2953
3411	3411
1560	1560
7280	7280
1371	1371
6395	6395
5510	5510
3151	3151
2774	2774
59	59
1221	1221
2208	2208
1700	1700
1171	1171
1113	1113
2812	2812
1927	1927
4084	4084
2233	2233
2510	2510
1667	1667
2968	2968
3447	3447
1517	1517
522	522
1844	1844
3108	3108
4626	4626
6456	6456
1911	1911
7749	7749
4068	4068
3204	3204
5840	5840
6785	6785
6675	6675
4905	4905
5103	5103
5082	5082
7768	7768
3202	3202
3021	3021
7935	7935
7050	7050
285	285
1984	1984
5426	5426
991	991
2203	2203
3038	3038
5855	5855
1297	1297
1645	1645
2959	2959
3925	3925
2003	2003
2170	2170
806	806
2557	2557
2020	2020
4148	4148
2297	2297
8308	8308
1412	1412
548	548
4983	4983
1891	1891
4954	4954
498	498
388	388
367	367
4527	4527
4346	4346
4215	4215
3330	3330
4115	4115
434	434
4523	4523
6730	6730
3020	3020
5198	5198
4800	4800
742	742
6143	6143
6135	6135
5585	5585
532	532
6920	6920
6899	6899
482	482
105	105
961	961
2131	2131
2987	2987
3903	3903
101	101
1444	1444
8159	8159
7672	7672
4051	4051
4378	4378
5184	5184
1919	1919
5867	5867
2754	2754
4097	4097
5817	5817
4932	4932
6225	6225
3887	3887
3379	3379
1101	1101
1559	1559
166	166
2852	2852
2692	2692
841	841
762	762
1576	1576
4162	4162
5374	5374
1803	1803
431	431
3575	3575
2022	2022
171	171
6161	6161
7504	7504
629	629
6030	6030
9195	9195
1922	1922
3723	3723
3194	3194
1720	1720
4864	4864
1939	1939
4146	4146
6832	6832
3240	3240
1818	1818
4852	4852
794	794
2545	2545
4375	4375
2037	2037
1181	1181
3207	3207
2720	2720
5327	5327
4929	4929
5277	5277
4748	4748
690	690
2410	2410
3753	3753
6549	6549
1933	1933
5475	5475
5883	5883
2202	2202
6260	6260
3147	3147
1979	1979
2814	2814
557	557
4078	4078
2685	2685
834	834
2635	2635
4834	4834
776	776
4763	4763
5111	5111
655	655
3739	3739
4205	4205
626	626
2346	2346
4453	4453
264	264
164	164
135	135
5994	5994
4014	4014
1676	1676
1278	1278
2490	2490
5176	5176
4312	4312
4291	4291
4139	4139
1932	1932
458	458
945	945
4060	4060
6725	6725
2486	2486
7023	7023
1085	1085
3213	3213
5451	5451
406	406
2257	2257
4456	4456
246	246
5139	5139
1308	1308
5824	5824
1389	1389
6303	6303
1179	1179
2372	2372
3484	3484
2976	2976
7513	7513
5662	5662
3761	3761
1931	1931
3224	3224
2687	2687
4140	4140
4815	4815
5781	5781
2566	2566
2587	2587
4388	4388
2050	2050
5529	5529
2683	2683
2633	2633
1769	1769
4811	4811
245	245
4224	4224
5190	5190
8711	8711
3210	3210
5875	5875
3314	3314
4251	4251
2371	2371
4091	4091
289	289
2488	2488
2082	2082
189	189
508	508
3681	3681
