1	9256
25	9998
45	9896
92	9207
94	9013
132	9682
161	9311
162	6702
162	7259
178	8307
179	5809
237	7035
237	9015
255	8439
259	9207
276	9504
280	9301
285	8378
302	7011
373	626
373	3947
387	1360
387	7760
403	6178
429	8106
440	7106
440	9856
440	9933
466	1111
468	8192
468	8775
468	9735
486	9682
495	9731
500	8585
513	8986
541	1116
546	8514
565	4602
616	9923
626	373
631	4763
631	9852
700	2014
700	8912
720	6982
768	9770
768	9998
773	4788
929	8568
947	9014
1037	8760
1073	8937
1076	8568
1109	9433
1111	466
1111	8549
1116	541
1134	8635
1196	6045
1200	8102
1207	8962
1220	6511
1224	2523
1224	8776
1254	8102
1286	1308
1286	8192
1286	9735
1308	1286
1308	6197
1360	387
1360	5582
1360	5794
1402	5175
1402	7735
1420	6407
1450	5015
1450	9795
1460	1826
1507	9353
1521	9495
1528	6154
1528	9341
1556	7335
1556	8243
1581	9230
1587	9933
1588	9641
1600	4327
1609	9699
1635	4602
1654	4686
1662	7871
1693	3399
1703	9014
1797	9654
1812	4049
1812	7488
1812	9896
1826	1460
1837	9171
1837	9945
1844	5059
1844	7195
1863	7303
1863	7489
1863	9843
1889	9538
1915	3232
1920	6913
1920	8687
1954	6242
1962	3606
1988	6511
1998	3792
1998	7535
2014	700
2038	8328
2054	8377
2055	5369
2055	6609
2055	8776
2067	8710
2070	5695
2070	6177
2120	7124
2146	8722
2162	7035
2203	9640
2203	9774
2263	4478
2279	9949
2281	6242
2289	7307
2293	4225
2293	7573
2293	9285
2313	8926
2313	9640
2319	8657
2358	6917
2372	5439
2381	8373
2383	7573
2392	9923
2398	6869
2431	8625
2431	9463
2442	6197
2456	9053
2478	9399
2483	7165
2493	9421
2523	1224
2531	2617
2531	7326
2546	9732
2569	7875
2582	8655
2617	2531
2617	8161
2645	5439
2645	8130
2645	8378
2649	7390
2670	2752
2670	9852
2688	5063
2688	7099
2707	9193
2750	9998
2752	2670
2752	4787
2752	9852
2776	8431
2789	8130
2798	4655
2832	4320
2857	3531
2857	7163
2857	8903
2857	9793
2858	9339
2861	8509
2863	4489
2863	8702
2888	7259
2896	8657
2897	6627
2928	4700
2936	9053
2945	5729
2945	6286
2952	9770
2952	9900
2980	9015
2991	6718
2991	8480
2991	9744
3014	7121
3014	8518
3016	9007
3016	9685
3018	9301
3018	9620
3023	5329
3023	9923
3028	4486
3028	4901
3030	7019
3032	5931
3041	9013
3073	4078
3083	5737
3133	7595
3133	8377
3133	8662
3134	3659
3148	8950
3148	9311
3162	9113
3176	5662
3179	9141
3188	8167
3188	9949
3210	3804
3210	9923
3224	6609
3232	1915
3232	8625
3232	8903
3263	9786
3294	8814
3312	7869
3312	9731
3312	9786
3319	8576
3326	9100
3358	6584
3374	9113
3381	9640
3391	6880
3391	8377
3391	8515
3393	9428
3399	1693
3412	9013
3459	4320
3459	5369
3466	5995
3466	6462
3466	8130
3487	8549
3518	8773
3520	4700
3531	2857
3531	5060
3531	8662
3534	4922
3548	4790
3557	5056
3560	8480
3570	7343
3592	7124
3592	9856
3600	8760
3606	1962
3610	5420
3610	5812
3610	6234
3610	7875
3611	6462
3612	7876
3625	6638
3625	7105
3659	3134
3663	7343
3687	6985
3687	8651
3738	9156
3775	4486
3775	9639
3778	5241
3792	1998
3792	8651
3793	3831
3793	3878
3804	3210
3824	5744
3824	5963
3831	3793
3848	5691
3848	7794
3868	4558
3868	8171
3878	3793
3879	9847
3884	8192
3887	7885
3887	9339
3917	4504
3930	5442
3930	9729
3930	9847
3942	7560
3942	9770
3947	373
3952	5106
3957	7094
3957	9301
3982	7875
3993	4421
3993	9260
4049	1812
4049	7307
4078	3073
4090	9683
4121	7834
4139	9640
4139	9774
4173	7093
4184	9732
4191	4381
4225	2293
4229	8635
4265	8883
4269	4459
4270	6982
4270	9786
4275	5403
4275	9399
4277	5349
4283	5060
4283	5246
4317	7824
4320	2832
4320	3459
4327	1600
4327	6921
4330	4543
4330	4772
4330	6703
4372	5542
4372	8377
4372	8610
4381	4191
4381	9639
4395	7535
4400	9985
4421	3993
4448	4999
4459	4269
4459	8926
4462	9449
4465	7335
4465	9100
4478	2263
4478	5585
4486	3028
4486	3775
4486	6964
4489	2863
4489	7760
4489	9707
4490	9301
4490	9495
4504	3917
4504	4885
4504	9433
4507	7573
4519	7019
4543	4330
4543	7009
4543	7885
4543	9100
4543	9487
4558	3868
4558	5007
4560	9627
4570	9141
4578	6862
4578	8005
4589	6001
4589	8185
4602	565
4602	1635
4602	5898
4602	9744
4633	9707
4655	2798
4677	8662
4686	1654
4693	9053
4693	9682
4694	7466
4694	9698
4694	9744
4700	2928
4700	3520
4739	6269
4739	9134
4739	9251
4745	8446
4745	8514
4756	6407
4763	631
4772	4330
4772	6410
4772	7049
4772	9504
4787	2752
4788	773
4790	3548
4792	8312
4792	9744
4797	5341
4797	6649
4807	4950
4807	8775
4807	9207
4814	7396
4814	9207
4834	8942
4843	7471
4843	8781
4858	6506
4866	6380
4866	9260
4866	9487
4872	5662
4872	9729
4885	4504
4898	5868
4901	3028
4901	9053
4922	3534
4922	8568
4933	9013
4935	6490
4945	5809
4950	4807
4950	5161
4968	6500
4968	8431
4968	8882
4968	9171
4971	7489
4971	8814
4999	4448
5007	4558
5007	8342
5007	8879
5015	1450
5015	9744
5026	5535
5034	7027
5034	8503
5040	9818
5040	9985
5056	3557
5056	5931
5059	1844
5059	9692
5060	3531
5060	4283
5060	5061
5061	5060
5063	2688
5063	7040
5090	7027
5090	7326
5090	8773
5090	9627
5106	3952
5106	8662
5108	9886
5118	6045
5118	7027
5118	8071
5118	9627
5125	6577
5161	4950
5161	6964
5175	1402
5199	6045
5199	9015
5206	8318
5206	8722
5223	8694
5237	9998
5241	3778
5246	4283
5246	6088
5285	7466
5285	8814
5309	5508
5329	3023
5338	5985
5341	4797
5341	5657
5341	9639
5349	4277
5349	5744
5349	7691
5369	2055
5369	3459
5403	4275
5403	5579
5419	7995
5420	3610
5439	2372
5439	2645
5442	3930
5442	8423
5447	6691
5506	8071
5508	5309
5508	8522
5508	9256
5508	9341
5517	7965
5526	8986
5535	5026
5535	9504
5542	4372
5542	8610
5576	8171
5579	5403
5579	7049
5582	1360
5582	7595
5585	4478
5629	9463
5654	7162
5657	5341
5657	9098
5662	3176
5662	4872
5671	8548
5671	9707
5683	8775
5689	9039
5691	3848
5691	9682
5695	2070
5695	6322
5696	7760
5710	9985
5729	2945
5737	3083
5737	5809
5737	6018
5744	3824
5744	5349
5744	7691
5753	9449
5787	9786
5794	1360
5794	7595
5794	8164
5794	9972
5801	8548
5809	179
5809	4945
5809	5737
5809	6708
5809	8164
5812	3610
5812	7875
5816	6522
5816	9641
5818	6627
5818	9230
5841	9685
5845	8879
5868	4898
5891	9944
5895	6768
5898	4602
5898	9230
5899	6954
5905	8339
5911	7107
5911	9099
5911	9843
5917	9256
5917	9341
5922	8759
5931	3032
5931	5056
5939	8028
5963	3824
5985	5338
5995	3466
5995	9504
6001	4589
6018	5737
6020	7965
6020	9296
6022	7396
6045	1196
6045	5118
6045	5199
6045	7027
6066	6985
6066	7345
6088	5246
6124	8021
6146	8773
6154	1528
6154	9341
6177	2070
6178	403
6178	7343
6178	7878
6197	1308
6197	2442
6234	3610
6242	1954
6242	2281
6260	8102
6269	4739
6269	8962
6269	9463
6286	2945
6286	7163
6309	6936
6309	9617
6309	9852
6322	5695
6353	9731
6380	4866
6380	9487
6397	6768
6397	7535
6397	8635
6397	9856
6407	1420
6407	4756
6407	7463
6407	8701
6410	4772
6410	8522
6410	9001
6410	9641
6462	3466
6462	3611
6490	4935
6500	4968
6500	8882
6500	8983
6506	4858
6506	7226
6506	7691
6511	1220
6511	1988
6511	8440
6522	5816
6534	7076
6535	9601
6571	8605
6577	5125
6577	8625
6584	3358
6609	2055
6609	3224
6610	8576
6627	2897
6627	5818
6627	8121
6632	8687
6634	7909
6634	8217
6634	9399
6638	3625
6638	7121
6638	7420
6638	8013
6646	8451
6649	4797
6656	8995
6684	9053
6684	9098
6691	5447
6702	162
6703	4330
6703	7824
6708	5809
6718	2991
6718	9731
6768	5895
6768	6397
6768	8702
6768	9641
6813	8077
6817	9724
6817	9774
6819	9230
6819	9896
6853	8702
6853	9341
6853	9641
6862	4578
6862	8005
6862	8013
6862	9261
6869	2398
6869	7489
6872	7335
6880	3391
6880	8377
6880	8662
6880	9692
6911	9793
6913	1920
6913	8760
6917	2358
6917	7974
6917	8883
6921	4327
6921	7850
6921	8121
6921	8522
6935	9014
6936	6309
6936	8441
6936	9617
6954	5899
6954	9620
6954	9698
6964	4486
6964	5161
6964	8814
6978	7952
6978	8431
6978	9428
6978	9998
6982	720
6982	4270
6982	7871
6982	8102
6985	3687
6985	6066
7009	4543
7009	9100
7011	302
7011	9793
7015	7595
7019	3030
7019	4519
7027	5034
7027	5090
7027	5118
7027	6045
7027	8883
7027	9627
7035	237
7035	2162
7035	7821
7035	8378
7035	9256
7035	9341
7040	5063
7049	4772
7049	5579
7049	8967
7049	9504
7076	6534
7093	4173
7093	9463
7094	3957
7099	2688
7099	8522
7105	3625
7105	7396
7105	8361
7105	9261
7106	440
7106	8766
7107	5911
7107	8121
7107	9053
7112	9093
7121	3014
7121	6638
7121	8605
7124	2120
7124	3592
7124	8028
7124	8325
7124	9856
7128	7960
7128	9707
7162	5654
7162	7379
7163	2857
7163	6286
7163	9620
7165	2483
7165	8167
7170	9601
7195	1844
7195	9622
7213	9639
7226	6506
7238	8830
7238	9972
7256	8509
7256	8766
7259	162
7259	2888
7299	9843
7303	1863
7303	9795
7307	2289
7307	4049
7307	9640
7320	8299
7320	8775
7320	9421
7320	9795
7326	2531
7326	5090
7326	8687
7335	1556
7335	4465
7335	6872
7335	9261
7335	9972
7343	3570
7343	3663
7343	6178
7343	9487
7345	6066
7374	7691
7379	7162
7384	8164
7390	2649
7396	4814
7396	6022
7396	7105
7396	9735
7420	6638
7420	8164
7420	8655
7420	9793
7463	6407
7464	9100
7464	9724
7464	9923
7466	4694
7466	5285
7466	9744
7471	4843
7471	9193
7488	1812
7488	9896
7489	1863
7489	4971
7489	6869
7489	8842
7498	9818
7506	8995
7520	7939
7535	1998
7535	4395
7535	6397
7535	8018
7535	9296
7545	8130
7548	9685
7560	3942
7573	2293
7573	2383
7573	4507
7576	8185
7587	8018
7587	9296
7595	3133
7595	5582
7595	5794
7595	7015
7595	7725
7596	9627
7607	8171
7650	8595
7691	5349
7691	5744
7691	6506
7691	7374
7708	9640
7722	9641
7725	7595
7725	8307
7735	1402
7735	9306
7735	9735
7760	387
7760	4489
7760	5696
7760	9900
7760	9972
7794	3848
7794	8316
7794	9735
7806	8926
7821	7035
7821	8339
7821	9256
7821	9341
7824	4317
7824	6703
7831	7869
7831	9707
7831	9933
7834	4121
7834	7974
7850	6921
7850	8121
7850	8522
7859	9538
7869	3312
7869	7831
7869	9339
7869	9731
7871	1662
7871	6982
7871	8318
7875	2569
7875	3610
7875	3982
7875	5812
7875	8373
7876	3612
7876	8766
7878	6178
7885	3887
7885	4543
7909	6634
7909	9683
7909	9758
7921	8013
7921	8722
7939	7520
7951	9487
7952	6978
7952	9998
7960	7128
7960	8964
7960	9353
7960	9707
7965	5517
7965	6020
7974	6917
7974	7834
7975	9098
7990	9005
7990	9949
7995	5419
7995	8503
7995	8575
7995	9735
7996	9261
7996	9896
8005	4578
8005	6862
8005	8842
8013	6638
8013	6862
8013	7921
8013	8842
8013	9285
8018	7535
8018	7587
8018	9296
8021	6124
8021	9014
8028	5939
8028	7124
8041	8625
8041	8903
8071	5118
8071	5506
8071	9900
8077	6813
8081	8694
8102	1200
8102	1254
8102	6260
8102	6982
8102	9256
8106	429
8106	9972
8121	6627
8121	6921
8121	7107
8121	7850
8121	8522
8128	8775
8130	2645
8130	2789
8130	3466
8130	7545
8130	8722
8161	2617
8161	8722
8164	5794
8164	5809
8164	7384
8164	7420
8167	3188
8167	7165
8171	3868
8171	5576
8171	7607
8185	4589
8185	7576
8192	468
8192	1286
8192	3884
8192	8766
8192	9735
8217	6634
8243	1556
8243	9134
8253	9731
8299	7320
8299	9261
8307	178
8307	7725
8312	4792
8312	9207
8315	9818
8316	7794
8318	5206
8318	7871
8325	7124
8328	2038
8328	8590
8328	9640
8339	5905
8339	7821
8342	5007
8361	7105
8373	2381
8373	7875
8373	9972
8377	2054
8377	3133
8377	3391
8377	4372
8377	6880
8378	285
8378	2645
8378	7035
8378	9256
8378	9341
8423	5442
8423	9770
8431	2776
8431	4968
8431	6978
8431	8651
8431	9998
8439	255
8439	9729
8440	6511
8440	8590
8441	6936
8441	9617
8446	4745
8451	6646
8463	8759
8480	2991
8480	3560
8480	9735
8503	5034
8503	7995
8509	2861
8509	7256
8509	9622
8514	546
8514	4745
8515	3391
8518	3014
8522	5508
8522	6410
8522	6921
8522	7099
8522	7850
8522	8121
8548	5671
8548	5801
8548	8549
8549	1111
8549	3487
8549	8548
8568	929
8568	1076
8568	4922
8568	9682
8575	7995
8575	9495
8575	9622
8575	9843
8576	3319
8576	6610
8585	500
8590	8328
8590	8440
8590	9249
8595	7650
8595	9699
8595	9985
8605	6571
8605	7121
8610	4372
8610	5542
8625	2431
8625	3232
8625	6577
8625	8041
8625	8903
8635	1134
8635	4229
8635	6397
8635	9856
8635	9933
8651	3687
8651	3792
8651	8431
8655	2582
8655	7420
8657	2319
8657	2896
8662	3133
8662	3531
8662	4677
8662	5106
8662	6880
8662	8950
8687	1920
8687	6632
8687	7326
8694	5223
8694	8081
8694	8995
8694	9732
8701	6407
8702	2863
8702	6768
8702	6853
8702	9641
8710	2067
8710	9617
8722	2146
8722	5206
8722	7921
8722	8130
8722	8161
8759	5922
8759	8463
8759	9900
8760	1037
8760	3600
8760	6913
8760	9301
8760	9770
8766	7106
8766	7256
8766	7876
8766	8192
8766	8920
8766	8983
8773	3518
8773	5090
8773	6146
8773	9156
8775	468
8775	4807
8775	5683
8775	7320
8775	8128
8775	9339
8776	1224
8776	2055
8781	4843
8814	3294
8814	4971
8814	5285
8814	6964
8830	7238
8842	7489
8842	8005
8842	8013
8879	5007
8879	5845
8882	4968
8882	6500
8882	8983
8882	9171
8882	9260
8882	9985
8883	4265
8883	6917
8883	7027
8903	2857
8903	3232
8903	8041
8903	8625
8903	9682
8912	700
8912	9306
8912	9487
8912	9692
8920	8766
8926	2313
8926	4459
8926	7806
8926	9620
8937	1073
8942	4834
8950	3148
8950	8662
8962	1207
8962	6269
8962	9251
8964	7960
8967	7049
8967	9627
8967	9707
8983	6500
8983	8766
8983	8882
8983	9013
8983	9171
8986	513
8986	5526
8986	9985
8995	6656
8995	7506
8995	8694
8995	9852
9001	6410
9001	9015
9005	7990
9005	9949
9007	3016
9013	94
9013	3041
9013	3412
9013	4933
9013	8983
9014	947
9014	1703
9014	6935
9014	8021
9015	237
9015	2980
9015	5199
9015	9001
9039	5689
9053	2456
9053	2936
9053	4693
9053	4901
9053	6684
9053	7107
9053	9886
9093	7112
9093	9923
9098	5657
9098	6684
9098	7975
9098	9735
9098	9744
9099	5911
9099	9113
9099	9538
9100	3326
9100	4465
9100	4543
9100	7009
9100	7464
9113	3162
9113	3374
9113	9099
9134	4739
9134	8243
9134	9251
9134	9463
9141	3179
9141	4570
9156	3738
9156	8773
9156	9685
9171	1837
9171	4968
9171	8882
9171	8983
9192	9793
9193	2707
9193	7471
9207	92
9207	259
9207	4807
9207	4814
9207	8312
9230	1581
9230	5818
9230	5898
9230	6819
9249	8590
9251	4739
9251	8962
9251	9134
9256	1
9256	5508
9256	5917
9256	7035
9256	7821
9256	8102
9256	8378
9260	3993
9260	4866
9260	8882
9261	6862
9261	7105
9261	7335
9261	7996
9261	8299
9261	9900
9285	2293
9285	8013
9296	6020
9296	7535
9296	7587
9296	8018
9296	9923
9301	280
9301	3018
9301	3957
9301	4490
9301	8760
9301	9495
9301	9620
9301	9627
9306	7735
9306	8912
9306	9698
9311	161
9311	3148
9311	9770
9339	2858
9339	3887
9339	7869
9339	8775
9341	1528
9341	5508
9341	5917
9341	6154
9341	6853
9341	7035
9341	7821
9341	8378
9341	9847
9341	9945
9353	1507
9353	7960
9353	9707
9399	2478
9399	4275
9399	6634
9421	2493
9421	7320
9428	3393
9428	6978
9433	1109
9433	4504
9449	4462
9449	5753
9463	2431
9463	5629
9463	6269
9463	7093
9463	9134
9487	4543
9487	4866
9487	6380
9487	7343
9487	7951
9487	8912
9495	1521
9495	4490
9495	8575
9495	9301
9495	9620
9504	276
9504	4772
9504	5535
9504	5995
9504	7049
9538	1889
9538	7859
9538	9099
9601	6535
9601	7170
9617	6309
9617	6936
9617	8441
9617	8710
9620	3018
9620	6954
9620	7163
9620	8926
9620	9301
9620	9495
9622	7195
9622	8509
9622	8575
9627	4560
9627	5090
9627	5118
9627	7027
9627	7596
9627	8967
9627	9301
9639	3775
9639	4381
9639	5341
9639	7213
9640	2203
9640	2313
9640	3381
9640	4139
9640	7307
9640	7708
9640	8328
9640	9774
9640	9886
9641	1588
9641	5816
9641	6410
9641	6768
9641	6853
9641	7722
9641	8702
9654	1797
9682	132
9682	486
9682	4693
9682	5691
9682	8568
9682	8903
9682	9945
9683	4090
9683	7909
9683	9758
9685	3016
9685	5841
9685	7548
9685	9156
9692	5059
9692	6880
9692	8912
9698	4694
9698	6954
9698	9306
9698	9724
9699	1609
9699	8595
9699	9945
9707	4489
9707	4633
9707	5671
9707	7128
9707	7831
9707	7960
9707	8967
9707	9353
9724	6817
9724	7464
9724	9698
9729	3930
9729	4872
9729	8439
9729	9847
9731	495
9731	3312
9731	6353
9731	6718
9731	7869
9731	8253
9732	2546
9732	4184
9732	8694
9735	468
9735	1286
9735	7396
9735	7735
9735	7794
9735	7995
9735	8192
9735	8480
9735	9098
9744	2991
9744	4602
9744	4694
9744	4792
9744	5015
9744	7466
9744	9098
9744	9786
9758	7909
9758	9683
9770	768
9770	2952
9770	3942
9770	8423
9770	8760
9770	9311
9770	9900
9774	2203
9774	4139
9774	6817
9774	9640
9786	3263
9786	3312
9786	4270
9786	5787
9786	9744
9793	2857
9793	6911
9793	7011
9793	7420
9793	9192
9795	1450
9795	7303
9795	7320
9818	5040
9818	7498
9818	8315
9818	9949
9843	1863
9843	5911
9843	7299
9843	8575
9847	3879
9847	3930
9847	9341
9847	9729
9852	631
9852	2670
9852	2752
9852	6309
9852	8995
9856	440
9856	3592
9856	6397
9856	7124
9856	8635
9886	5108
9886	9053
9886	9640
9896	45
9896	1812
9896	6819
9896	7488
9896	7996
9900	2952
9900	7760
9900	8071
9900	8759
9900	9261
9900	9770
9923	616
9923	2392
9923	3023
9923	3210
9923	7464
9923	9093
9923	9296
9933	440
9933	1587
9933	7831
9933	8635
9944	5891
9945	1837
9945	9341
9945	9682
9945	9699
9949	2279
9949	3188
9949	7990
9949	9005
9949	9818
9972	5794
9972	7238
9972	7335
9972	7760
9972	8106
9972	8373
9985	4400
9985	5040
9985	5710
9985	8595
9985	8882
9985	8986
9998	25
9998	768
9998	2750
9998	5237
9998	6978
9998	7952
9998	8431
