843	843
8982	8982
1730	1730
3937	3937
504	504
6363	6363
7627	7627
7119	7119
1210	1210
7019	7019
4812	4812
552	552
2272	2272
6251	6251
2143	2143
2093	2093
2072	2072
3792	3792
7444	7444
3386	3386
3763	3763
3255	3255
2341	2341
1943	1943
3634	3634
419	419
4725	4725
5102	5102
436	436
8146	8146
2745	2745
1729	1729
2695	2695
5250	5250
2514	2514
765	765
2464	2464
257	257
7967	7967
9485	9485
1238	1238
3416	3416
1675	1675
6539	6539
253	253
2331	2331
2810	2810
3137	3137
1307	1307
2142	2142
2906	2906
3741	3741
1513	1513
6914	6914
120	120
497	497
1332	1332
6348	6348
3381	3381
2517	2517
666	666
1074	1074
2715	2715
1199	1199
5757	5757
5199	5199
5178	5178
4670	4670
9426	9426
433	433
5347	5347
2074	2074
223	223
5087	5087
1974	1974
144	144
4050	4050
4029	4029
1343	1343
7173	7173
1562	1562
1135	1135
467	467
4606	4606
4090	4090
1458	1458
4144	4144
4623	4623
871	871
4523	4523
4900	4900
3499	3499
3855	3855
3399	3399
5098	5098
8271	8271
2362	2362
105	105
961	961
2791	2791
55	55
788	788
3374	3374
2548	2548
1184	1184
249	249
2956	2956
4505	4505
5717	5717
6196	6196
5209	5209
287	287
3379	3379
6125	6125
614	614
2923	2923
6931	6931
2265	2265
4472	4472
6294	6294
4443	4443
233	233
212	212
4212	4212
2382	2382
3704	3704
2282	2282
9026	9026
5832	5832
1245	1245
3575	3575
1574	1574
3265	3265
4385	4385
7063	7063
3361	3361
4306	4306
1104	1104
3290	3290
6832	6832
4604	4604
9120	9120
7748	7748
7219	7219
2645	2645
1252	1252
6632	6632
215	215
7946	7946
4521	4521
463	463
413	413
392	392
790	790
511	511
4061	4061
2210	2210
461	461
8548	8548
330	330
3524	3524
5173	5173
5958	5958
2177	2177
2656	2656
4355	4355
3949	3949
2077	2077
1082	1082
1561	1561
7420	7420
655	655
1969	1969
576	576
5977	5977
3516	3516
5288	5288
2929	2929
3308	3308
7337	7337
6750	6750
1684	1684
2163	2163
8857	8857
8349	8349
3652	3652
1801	1801
3144	3144
8189	8189
2586	2586
1722	1722
1324	1324
1701	1701
3175	3175
816	816
1672	1672
3473	3473
4816	4816
1999	1999
1093	1093
3779	3779
556	556
5928	5928
3700	3700
6336	6336
6684	6684
3092	3092
2076	2076
523	523
2353	2353
3696	3696
5874	5874
3159	3159
3617	3617
6303	6303
1258	1258
1716	1716
4881	4881
1637	1637
2849	2849
6480	6480
2393	2393
3715	3715
290	290
4827	4827
261	261
4290	4290
6476	6476
588	588
211	211
3245	3245
3224	3224
2797	2797
9868	9868
199	199
1390	1390
1848	1848
2683	2683
6691	6691
1769	1769
6185	6185
4732	4732
4653	4653
1061	1061
951	951
6352	6352
2354	2354
1736	1736
5613	5613
2521	2521
8099	8099
2190	2190
4449	4449
5255	5255
2519	2519
