33	9192
51	8487
67	5434
67	9421
79	5078
79	9771
79	9995
96	9336
97	8638
113	6823
142	9418
149	549
152	6149
152	7647
177	8811
209	7917
218	9378
268	7014
277	9965
303	8256
303	8348
325	9332
366	9795
372	9332
382	919
382	5657
382	9318
405	8223
412	8816
446	8478
485	1769
485	8283
514	7917
516	1304
516	9990
522	6470
529	2345
549	149
560	4531
560	9694
574	9757
576	9904
587	4731
587	7240
594	4233
594	9990
645	1025
667	9602
671	8478
671	8539
708	5834
719	9590
746	8478
746	9090
754	8181
754	9623
828	9233
829	6470
856	7532
882	7728
882	8373
897	9851
912	9894
919	382
968	2799
968	7132
987	5543
1010	1720
1025	645
1025	4936
1076	1799
1095	9921
1096	7772
1105	7365
1107	3219
1110	2721
1129	9098
1130	8606
1131	7378
1132	8886
1183	6444
1183	8223
1183	8965
1184	5526
1188	8652
1189	9706
1206	9728
1217	6101
1217	6254
1217	8886
1222	9629
1226	3971
1233	4403
1243	9216
1249	6679
1259	2235
1259	6898
1272	7303
1275	5444
1304	516
1319	3508
1319	9821
1336	8692
1336	9872
1359	3654
1379	9317
1390	9867
1391	9413
1395	8638
1428	6231
1430	9861
1433	9776
1447	7828
1448	9959
1452	2721
1452	7160
1506	8391
1506	9877
1513	9861
1575	7160
1575	7378
1575	9624
1600	4327
1600	7984
1626	9629
1629	9405
1634	9336
1676	1713
1676	4696
1692	6679
1695	5724
1706	9921
1713	1676
1713	8192
1720	1010
1729	3757
1729	9776
1737	5005
1740	2949
1740	2959
1769	485
1799	1076
1869	3208
1869	4208
1869	8602
1966	9274
1981	5646
2002	9950
2004	8539
2005	9211
2044	9694
2045	9447
2076	6245
2076	9776
2090	7119
2111	9109
2111	9990
2138	8567
2184	6312
2184	8444
2197	7768
2201	8731
2235	1259
2235	7001
2250	6679
2304	5517
2317	8022
2317	8487
2317	9427
2341	9602
2341	9995
2345	529
2350	9990
2391	4471
2417	9318
2429	4710
2430	2815
2440	5165
2465	9861
2470	7690
2478	6229
2515	5146
2515	9572
2517	7456
2519	5208
2528	3405
2528	9123
2528	9851
2530	9740
2561	9490
2561	9713
2563	9283
2577	5348
2577	8818
2577	9255
2600	2909
2645	8378
2654	5678
2698	4545
2698	9959
2706	9590
2721	1110
2721	1452
2766	3950
2776	7508
2799	968
2800	6811
2800	9472
2800	9937
2815	2430
2847	8378
2856	4884
2856	8235
2866	6571
2866	9317
2909	2600
2909	3189
2909	7375
2949	1740
2959	1740
2959	4601
2959	9937
2973	9894
2985	6708
3011	3885
3049	6627
3051	9336
3057	7365
3091	4236
3091	7166
3091	7658
3091	9432
3117	5051
3149	8818
3149	8891
3165	9418
3183	7307
3189	2909
3189	6947
3189	9785
3198	9013
3200	9472
3208	1869
3215	8169
3219	1107
3227	9950
3229	7116
3229	9013
3266	8955
3268	6335
3268	6388
3268	9446
3310	9894
3330	7836
3359	8522
3367	6449
3367	9422
3405	2528
3407	5155
3407	9867
3418	4839
3418	9795
3441	8348
3452	6165
3459	9762
3471	6724
3471	8036
3476	9762
3481	7482
3481	9572
3494	7482
3494	9728
3508	1319
3508	6897
3508	9405
3508	9413
3509	7056
3569	7592
3569	8965
3604	9317
3622	6149
3622	8702
3622	9233
3636	9418
3645	5394
3654	1359
3669	6254
3669	8235
3688	7340
3696	9713
3696	9996
3724	9590
3726	8348
3726	9211
3736	8022
3736	9123
3740	4874
3740	8181
3756	9098
3757	1729
3764	3807
3764	9938
3807	3764
3807	9938
3838	8952
3838	9446
3862	8478
3875	9490
3879	9694
3885	3011
3888	8768
3941	8063
3950	2766
3950	9676
3961	4043
3961	8467
3967	8702
3971	1226
4025	9421
4028	4618
4028	7059
4028	9965
4029	9566
4042	6448
4042	9566
4043	3961
4055	8426
4070	5165
4070	8426
4081	7062
4104	6475
4105	5357
4110	8114
4123	8181
4123	9274
4123	9996
4125	9995
4147	9624
4152	7736
4152	8444
4178	9776
4208	1869
4208	9413
4227	7508
4227	7696
4233	594
4236	3091
4236	7658
4275	7365
4275	7445
4300	8573
4317	7472
4325	6331
4327	1600
4330	4772
4337	9894
4344	8480
4372	9228
4403	1233
4403	5024
4403	8686
4406	9959
4416	8886
4461	6165
4469	4618
4469	9965
4471	2391
4481	9216
4527	7658
4527	8127
4531	560
4531	9624
4536	5407
4536	8811
4545	2698
4545	5724
4545	7871
4545	9959
4548	6854
4548	7942
4556	9840
4557	9877
4595	6391
4599	8350
4599	8480
4601	2959
4601	9001
4609	6254
4617	9625
4618	4028
4618	4469
4618	8286
4619	9336
4649	9728
4665	8470
4665	8955
4674	9301
4677	7386
4684	6537
4696	1676
4696	9418
4703	6823
4710	2429
4710	7178
4710	9740
4731	587
4750	8583
4750	9514
4772	4330
4772	8686
4772	9504
4790	7802
4839	3418
4847	7647
4874	3740
4874	8968
4884	2856
4896	9090
4936	1025
4936	7113
4938	8222
4938	9233
4950	9615
4968	9861
4988	5517
5005	1737
5005	8282
5009	9222
5011	8731
5011	8939
5024	4403
5030	6661
5048	6463
5049	9624
5051	3117
5051	7001
5051	7676
5051	9615
5064	8467
5078	79
5089	6541
5096	9840
5146	2515
5146	8339
5146	9937
5155	3407
5155	8652
5155	9332
5155	9867
5160	8435
5160	9446
5165	2440
5165	4070
5165	6003
5165	8426
5176	8237
5178	9228
5178	9978
5184	9421
5208	2519
5208	7033
5219	9414
5259	6571
5266	8994
5266	9413
5290	9982
5303	8272
5303	9706
5309	8408
5309	8731
5309	9713
5311	6961
5311	9490
5322	8522
5348	2577
5357	4105
5394	3645
5398	7958
5398	9389
5401	5806
5401	6245
5407	4536
5407	6857
5419	8487
5419	8994
5424	7276
5424	9590
5424	9832
5426	9483
5432	9422
5434	67
5444	1275
5444	6611
5444	6881
5450	6571
5450	7984
5450	9932
5451	7942
5455	8955
5498	7836
5517	2304
5517	4988
5517	7972
5526	1184
5526	9133
5526	9587
5526	9879
5538	5634
5543	987
5554	9405
5579	6707
5592	9950
5594	6552
5607	9938
5633	6086
5633	8120
5634	5538
5636	7728
5639	7307
5639	9274
5646	1981
5646	9305
5657	382
5657	8743
5657	9098
5666	7033
5666	7365
5678	2654
5683	7058
5683	9623
5698	6550
5724	1695
5724	4545
5727	7113
5727	9123
5764	9305
5773	7459
5773	8652
5783	7840
5806	5401
5806	9978
5808	9572
5819	6716
5819	8480
5819	8816
5834	708
5834	9872
5852	7056
5852	7483
5906	6087
5906	9982
5957	9504
5957	9872
5960	6245
5960	7262
5960	9452
5999	9427
5999	9447
6001	7532
6001	7870
6003	5165
6003	9109
6003	9694
6018	8985
6048	9421
6078	6176
6086	5633
6087	5906
6101	1217
6139	9590
6139	9832
6149	152
6149	3622
6149	9274
6150	7043
6158	6708
6158	7386
6162	7262
6162	8573
6165	3452
6165	4461
6165	6449
6176	6078
6176	7116
6179	7548
6229	2478
6229	7358
6231	1428
6244	6947
6245	2076
6245	5401
6245	5960
6245	6335
6254	1217
6254	3669
6254	4609
6254	9694
6312	2184
6312	9851
6331	4325
6335	3268
6335	6245
6341	8686
6344	7132
6388	3268
6388	7713
6391	4595
6391	9566
6444	1183
6444	7375
6448	4042
6448	9427
6449	3367
6449	6165
6457	8373
6459	7019
6459	8256
6463	5048
6463	9490
6465	9932
6470	522
6470	829
6470	7772
6475	4104
6475	8811
6479	7456
6479	9013
6505	9389
6518	6537
6518	8950
6524	6878
6524	7809
6537	4684
6537	6518
6537	6557
6537	8859
6537	9757
6537	9776
6541	5089
6541	9228
6550	5698
6552	5594
6552	9200
6557	6537
6557	9937
6568	8022
6571	2866
6571	5259
6571	5450
6571	9879
6574	7871
6611	5444
6627	3049
6639	8950
6639	9222
6639	9978
6661	5030
6672	9200
6678	8450
6678	8725
6678	9879
6679	1249
6679	1692
6679	2250
6679	7472
6679	7713
6707	5579
6707	9472
6707	9932
6708	2985
6708	6158
6716	5819
6716	8192
6722	7166
6724	3471
6724	7704
6744	9795
6755	8859
6766	7972
6811	2800
6823	113
6823	4703
6823	7981
6854	4548
6857	5407
6865	8348
6878	6524
6880	8169
6881	5444
6881	9950
6897	3508
6897	8997
6897	9508
6897	9572
6898	1259
6898	8743
6947	3189
6947	6244
6960	9317
6961	5311
6961	8120
6972	8317
6972	9305
6995	8977
7001	2235
7001	5051
7001	9938
7012	8450
7012	8725
7012	8970
7012	9566
7014	268
7014	8955
7019	6459
7033	5208
7033	5666
7043	6150
7043	8169
7043	9422
7048	8222
7056	3509
7056	5852
7056	7483
7056	7690
7058	5683
7059	4028
7062	4081
7062	9990
7105	8965
7105	9911
7109	8816
7109	9246
7109	9305
7113	4936
7113	5727
7116	3229
7116	6176
7116	7972
7119	2090
7119	9795
7132	968
7132	6344
7138	7375
7160	1452
7160	1575
7160	7386
7166	3091
7166	6722
7178	4710
7221	9378
7240	587
7262	5960
7262	6162
7262	9572
7268	8811
7276	5424
7276	9590
7276	9832
7303	1272
7303	9472
7303	9795
7307	3183
7307	5639
7340	3688
7340	9133
7358	6229
7358	8120
7358	9200
7358	9965
7365	1105
7365	3057
7365	4275
7365	5666
7375	2909
7375	6444
7375	7138
7378	1131
7378	1575
7378	7386
7386	4677
7386	6158
7386	7160
7386	7378
7445	4275
7445	8692
7445	9013
7445	9255
7456	2517
7456	6479
7459	5773
7466	7565
7466	9879
7472	4317
7472	6679
7475	8602
7475	8997
7475	9625
7479	9771
7481	9978
7482	3481
7482	3494
7482	8994
7483	5852
7483	7056
7483	8272
7489	9524
7508	2776
7508	4227
7532	856
7532	6001
7532	7870
7537	9421
7537	9508
7548	6179
7548	9318
7565	7466
7565	8818
7565	9795
7592	3569
7647	152
7647	4847
7647	9228
7647	9795
7658	3091
7658	4236
7658	4527
7658	9432
7676	5051
7676	9255
7690	2470
7690	7056
7696	4227
7696	8768
7704	6724
7704	8685
7713	6388
7713	6679
7714	8508
7728	882
7728	5636
7736	4152
7736	8283
7762	9283
7762	9446
7768	2197
7772	1096
7772	6470
7772	9625
7774	8258
7796	8340
7801	8532
7802	4790
7809	6524
7809	8573
7828	1447
7828	8532
7828	9629
7836	3330
7836	5498
7840	5783
7840	8535
7855	8237
7855	8725
7855	8970
7855	9587
7855	9879
7870	6001
7870	7532
7870	8905
7871	4545
7871	6574
7871	8767
7871	9959
7917	209
7917	514
7942	4548
7942	5451
7958	5398
7971	9590
7972	5517
7972	6766
7972	7116
7972	9624
7981	6823
7984	1600
7984	5450
8022	2317
8022	3736
8022	6568
8022	8487
8022	8768
8036	3471
8036	8282
8038	8181
8038	8539
8057	8256
8063	3941
8063	9432
8114	4110
8114	8638
8117	8508
8117	8743
8120	5633
8120	6961
8120	7358
8127	4527
8169	3215
8169	6880
8169	7043
8181	754
8181	3740
8181	4123
8181	8038
8181	9713
8181	9996
8192	1713
8192	6716
8209	9959
8222	4938
8222	7048
8222	8692
8223	405
8223	1183
8232	8602
8232	9676
8235	2856
8235	3669
8235	9524
8235	9904
8235	9995
8237	5176
8237	7855
8256	303
8256	6459
8256	8057
8256	8580
8256	9405
8258	7774
8258	9274
8258	9965
8272	5303
8272	7483
8282	5005
8282	8036
8283	485
8283	7736
8286	4618
8286	9894
8286	9965
8317	6972
8325	9483
8325	9840
8339	5146
8339	9867
8339	9937
8340	7796
8340	9317
8348	303
8348	3441
8348	3726
8348	6865
8350	4599
8373	882
8373	6457
8378	2645
8378	2847
8378	8731
8391	1506
8395	9728
8408	5309
8426	4055
8426	4070
8426	5165
8426	8818
8426	9872
8435	5160
8435	8480
8435	9446
8435	9740
8435	9904
8444	2184
8444	4152
8444	9566
8450	6678
8450	7012
8450	8970
8450	9879
8467	3961
8467	5064
8467	8586
8467	8905
8467	9317
8470	4665
8478	446
8478	671
8478	746
8478	3862
8478	9414
8480	4344
8480	4599
8480	5819
8480	8435
8487	51
8487	2317
8487	5419
8487	8022
8508	7714
8508	8117
8508	8638
8522	3359
8522	5322
8522	9879
8532	7801
8532	7828
8532	8977
8532	9378
8535	7840
8535	9098
8539	671
8539	2004
8539	8038
8557	8728
8567	2138
8573	4300
8573	6162
8573	7809
8580	8256
8583	4750
8583	9283
8583	9301
8583	9978
8586	8467
8597	8977
8597	9894
8602	1869
8602	7475
8602	8232
8606	1130
8638	97
8638	1395
8638	8114
8638	8508
8638	9894
8652	1188
8652	5155
8652	5773
8652	9283
8652	9602
8674	9109
8674	9432
8674	9894
8685	7704
8686	4403
8686	4772
8686	6341
8686	9504
8692	1336
8692	7445
8692	8222
8692	9013
8692	9255
8702	3622
8702	3967
8725	6678
8725	7012
8725	7855
8725	8841
8725	8970
8725	9098
8725	9879
8728	8557
8731	2201
8731	5011
8731	5309
8731	8378
8731	9572
8743	5657
8743	6898
8743	8117
8743	8997
8743	9332
8767	7871
8767	9851
8767	9959
8768	3888
8768	7696
8768	8022
8811	177
8811	4536
8811	6475
8811	7268
8816	412
8816	5819
8816	7109
8816	9274
8818	2577
8818	3149
8818	7565
8818	8426
8841	8725
8841	9602
8841	9911
8841	9995
8859	6537
8859	6755
8859	9776
8886	1132
8886	1217
8886	4416
8891	3149
8905	7870
8905	8467
8939	5011
8939	9590
8939	9601
8950	6518
8950	6639
8950	9222
8950	9418
8952	3838
8955	3266
8955	4665
8955	5455
8955	7014
8959	9192
8959	9932
8965	1183
8965	3569
8965	7105
8968	4874
8968	9447
8970	7012
8970	7855
8970	8450
8970	8725
8970	9587
8970	9879
8977	6995
8977	8532
8977	8597
8985	6018
8994	5266
8994	5419
8994	7482
8994	9233
8997	6897
8997	7475
8997	8743
8997	9623
9001	4601
9013	3198
9013	3229
9013	6479
9013	7445
9013	8692
9013	9255
9090	746
9090	4896
9090	9514
9098	1129
9098	3756
9098	5657
9098	8535
9098	8725
9109	2111
9109	6003
9109	8674
9109	9413
9109	9832
9123	2528
9123	3736
9123	5727
9133	5526
9133	7340
9192	33
9192	8959
9200	6552
9200	6672
9200	7358
9200	9676
9211	2005
9211	3726
9216	1243
9216	4481
9216	9995
9222	5009
9222	6639
9222	8950
9228	4372
9228	5178
9228	6541
9228	7647
9233	828
9233	3622
9233	4938
9233	8994
9233	9590
9246	7109
9255	2577
9255	7445
9255	7676
9255	8692
9255	9013
9274	1966
9274	4123
9274	5639
9274	6149
9274	8258
9274	8816
9274	9283
9274	9965
9283	2563
9283	7762
9283	8583
9283	8652
9283	9274
9301	4674
9301	8583
9305	5646
9305	5764
9305	6972
9305	7109
9317	1379
9317	2866
9317	3604
9317	6960
9317	8340
9317	8467
9318	382
9318	2417
9318	7548
9332	325
9332	372
9332	5155
9332	8743
9332	9821
9336	96
9336	1634
9336	3051
9336	4619
9367	9950
9378	218
9378	7221
9378	8532
9389	5398
9389	6505
9405	1629
9405	3508
9405	5554
9405	8256
9413	1391
9413	3508
9413	4208
9413	5266
9413	9109
9413	9694
9413	9879
9414	5219
9414	8478
9418	142
9418	3165
9418	3636
9418	4696
9418	8950
9418	9432
9421	67
9421	4025
9421	5184
9421	6048
9421	7537
9422	3367
9422	5432
9422	7043
9422	9432
9427	2317
9427	5999
9427	6448
9432	3091
9432	7658
9432	8063
9432	8674
9432	9418
9432	9422
9446	3268
9446	3838
9446	5160
9446	7762
9446	8435
9446	9937
9447	2045
9447	5999
9447	8968
9452	5960
9472	2800
9472	3200
9472	6707
9472	7303
9483	5426
9483	8325
9483	9601
9490	2561
9490	3875
9490	5311
9490	6463
9504	4772
9504	5957
9504	8686
9508	6897
9508	7537
9508	9572
9508	9821
9514	4750
9514	9090
9524	7489
9524	8235
9566	4029
9566	4042
9566	6391
9566	7012
9566	8444
9566	9937
9572	2515
9572	3481
9572	5808
9572	6897
9572	7262
9572	8731
9572	9508
9587	5526
9587	7855
9587	8970
9587	9879
9590	719
9590	2706
9590	3724
9590	5424
9590	6139
9590	7276
9590	7971
9590	8939
9590	9233
9590	9832
9601	8939
9601	9483
9602	667
9602	2341
9602	8652
9602	8841
9602	9995
9615	4950
9615	5051
9615	9982
9623	754
9623	5683
9623	8997
9624	1575
9624	4147
9624	4531
9624	5049
9624	7972
9624	9982
9625	4617
9625	7475
9625	7772
9629	1222
9629	1626
9629	7828
9629	9877
9676	3950
9676	8232
9676	9200
9694	560
9694	2044
9694	3879
9694	6003
9694	6254
9694	9413
9706	1189
9706	5303
9713	2561
9713	3696
9713	5309
9713	8181
9713	9996
9728	1206
9728	3494
9728	4649
9728	8395
9728	9861
9740	2530
9740	4710
9740	8435
9757	574
9757	6537
9762	3459
9762	3476
9771	79
9771	7479
9771	9937
9771	9996
9776	1433
9776	1729
9776	2076
9776	4178
9776	6537
9776	8859
9785	3189
9785	9894
9795	366
9795	3418
9795	6744
9795	7119
9795	7303
9795	7565
9795	7647
9821	1319
9821	9332
9821	9508
9832	5424
9832	6139
9832	7276
9832	9109
9832	9590
9840	4556
9840	5096
9840	8325
9840	9978
9851	897
9851	2528
9851	6312
9851	8767
9861	1430
9861	1513
9861	2465
9861	4968
9861	9728
9867	1390
9867	3407
9867	5155
9867	8339
9872	1336
9872	5834
9872	5957
9872	8426
9877	1506
9877	4557
9877	9629
9879	5526
9879	6571
9879	6678
9879	7466
9879	7855
9879	8450
9879	8522
9879	8725
9879	8970
9879	9413
9879	9587
9894	912
9894	2973
9894	3310
9894	4337
9894	8286
9894	8597
9894	8638
9894	8674
9894	9785
9904	576
9904	8235
9904	8435
9911	7105
9911	8841
9921	1095
9921	1706
9932	5450
9932	6465
9932	6707
9932	8959
9937	2800
9937	2959
9937	5146
9937	6557
9937	8339
9937	9446
9937	9566
9937	9771
9938	3764
9938	3807
9938	5607
9938	7001
9950	2002
9950	3227
9950	5592
9950	6881
9950	9367
9959	1448
9959	2698
9959	4406
9959	4545
9959	7871
9959	8209
9959	8767
9965	277
9965	4028
9965	4469
9965	7358
9965	8258
9965	8286
9965	9274
9978	5178
9978	5806
9978	6639
9978	7481
9978	8583
9978	9840
9982	5290
9982	5906
9982	9615
9982	9624
9990	516
9990	594
9990	2111
9990	2350
9990	7062
9995	79
9995	2341
9995	4125
9995	8235
9995	8841
9995	9216
9995	9602
9996	3696
9996	4123
9996	8181
9996	9713
9996	9771
