1322	1322
4335	4335
6623	6623
2057	2057
4366	4366
5151	5151
2792	2792
2305	2305
1441	1441
6821	6821
933	933
3619	3619
8622	8622
3090	3090
1341	1341
6255	6255
1668	1668
1160	1160
2584	2584
581	581
5953	5953
7296	7296
1874	1874
2680	2680
5643	5643
1962	1962
3386	3386
1514	1514
2370	2370
2828	2828
7511	7511
7461	7461
2039	2039
3222	3222
4167	4167
1321	1321
3580	3580
4873	4873
1192	1192
2158	2158
1142	1142
7886	7886
3451	3451
715	715
1042	1042
4890	4890
7097	7097
8869	8869
1088	1088
601	601
4580	4580
5546	5546
5496	5496
4022	4022
2629	2629
3595	3595
5315	5315
3087	3087
291	291
1765	1765
3058	3058
1584	1584
4576	4576
1005	1005
4199	4199
5411	5411
4476	4476
3989	3989
1282	1282
158	158
3331	3331
993	993
5988	5988
1220	1220
6521	6521
4133	4133
1418	1418
25	25
3596	3596
6669	6669
273	273
6132	6132
3744	3744
173	173
5574	5574
4537	4537
1335	1335
4508	4508
8029	8029
2120	2120
4248	4248
6536	6536
2347	2347
954	954
5004	5004
3153	3153
4983	4983
875	875
3582	3582
4367	4367
1173	1173
288	288
2851	2851
5558	5558
115	115
107	107
2793	2793
2751	2751
4094	4094
4871	4871
7667	7667
7536	7536
2106	2106
2462	2462
4313	4313
2035	2035
1925	1925
7436	7436
6064	6064
7784	7784
6035	6035
3626	3626
301	301
1573	1573
7453	7453
528	528
4865	4865
2171	2171
757	757
139	139
597	597
395	395
1738	1738
7618	7618
3916	3916
3816	3816
7976	7976
1080	1080
564	564
1907	1907
1886	1886
2823	2823
972	972
3179	3179
5001	5001
791	791
1270	1270
1728	1728
8299	8299
2411	2411
2340	2340
6390	6390
4518	4518
1824	1824
6717	6717
2638	2638
889	889
4062	4062
281	281
1893	1893
906	906
4733	4733
7419	7419
3769	3769
2834	2834
7698	7698
6582	6582
1864	1864
5835	5835
5327	5327
1227	1227
3913	3913
4690	4690
6012	6012
3226	3226
2231	2231
1346	1346
4003	4003
2000	2000
6008	6008
2814	2814
2437	2437
1421	1421
3651	3651
2983	2983
7122	7122
6635	6635
2077	2077
5619	5619
1032	1032
3341	3341
7747	7747
3689	3689
7566	7566
3487	3487
2123	2123
4730	4730
1507	1507
1915	1915
3258	3258
4978	4978
4114	4114
2263	2263
891	891
362	362
2671	2671
5713	5713
1278	1278
2977	2977
1118	1118
2948	2948
4160	4160
3631	3631
916	916
3225	3225
258	258
4258	4258
6894	6894
1362	1362
5022	5022
4456	4456
3369	3369
3238	3238
2295	2295
3617	3617
7167	7167
2245	2245
6274	6274
9397	9397
2145	2145
3357	3357
4302	4302
1914	1914
3584	3584
7134	7134
2110	2110
4340	4340
4109	4109
6418	6418
4546	4546
2716	2716
1344	1344
3124	3124
4467	4467
2129	2129
3095	3095
3930	3930
736	736
3045	3045
1652	1652
3749	3749
534	534
992	992
5042	5042
5856	5856
6822	6822
426	426
1240	1240
3062	3062
682	682
674	674
880	880
4930	4930
830	830
343	343
5236	5236
8359	8359
8249	8249
2908	2908
4628	4628
4141	4141
12	12
2190	2190
260	260
2082	2082
7085	7085
4718	4718
1524	1524
4168	4168
