6	6238
9	9762
16	5790
19	9403
19	9651
39	4508
39	9055
39	9635
55	9800
59	1656
59	8423
71	2674
71	4866
71	6319
77	6243
87	8351
109	8973
163	9800
166	9491
240	7259
277	9375
289	9898
290	9950
297	8568
308	5941
311	3634
315	9842
322	6175
382	9898
436	8517
441	7229
455	6713
455	9864
457	1486
464	9800
465	3830
473	9882
477	7723
485	1769
547	9668
584	8452
585	5523
634	8869
658	9935
730	5592
730	8416
730	9794
733	4201
859	9834
979	1413
979	8442
982	5941
1019	2270
1019	4917
1027	3564
1079	9375
1102	9840
1126	8869
1126	9715
1148	7995
1152	6036
1155	6997
1158	9651
1168	5486
1178	4307
1178	7698
1178	7723
1196	9590
1210	5912
1273	6066
1281	7979
1354	4717
1372	5236
1400	6080
1400	8838
1400	9560
1407	5351
1407	9925
1413	979
1413	8018
1418	9089
1466	3365
1474	8094
1483	5971
1486	457
1498	6726
1498	9864
1501	3898
1537	9494
1537	9512
1545	9677
1545	9842
1549	3817
1549	5592
1549	9950
1572	9750
1583	6898
1601	7611
1611	4389
1626	9677
1639	5582
1639	7230
1639	9560
1648	9096
1656	59
1656	4604
1678	8850
1683	9609
1687	9610
1693	2883
1719	8403
1742	8425
1763	9514
1769	485
1774	7253
1774	9552
1778	4960
1821	5864
1982	9715
1986	8403
2007	6463
2060	5618
2110	5737
2118	5271
2162	5290
2164	9934
2182	9129
2185	3656
2196	7919
2204	5230
2204	9842
2243	8943
2255	6243
2255	9656
2262	5986
2268	6243
2268	9544
2270	1019
2297	5450
2297	7370
2298	5134
2298	7307
2317	9280
2323	3904
2323	9000
2330	9646
2335	5755
2346	6080
2346	9925
2356	3401
2356	6570
2368	6435
2368	6896
2379	4281
2384	9071
2406	4221
2406	6801
2406	9486
2414	9978
2433	5530
2455	9579
2479	3908
2479	6175
2485	9644
2514	6240
2526	9943
2559	8423
2650	9677
2662	7409
2667	7584
2669	7506
2671	4358
2672	7258
2672	8998
2674	71
2674	9925
2682	9750
2698	2811
2715	9882
2716	3356
2722	9794
2731	5842
2731	6078
2745	3864
2745	8301
2745	9845
2750	9420
2759	6449
2759	7221
2778	2954
2793	6514
2795	8454
2795	9651
2811	2698
2811	4947
2811	9845
2826	5953
2826	9246
2840	8403
2848	7428
2848	9609
2858	3564
2858	9677
2869	5267
2869	6467
2869	9139
2883	1693
2883	7771
2884	9320
2893	9320
2897	5866
2899	9216
2917	5010
2922	9327
2936	9494
2941	6957
2941	9375
2944	5864
2944	8980
2954	2778
2961	9582
2983	6736
2987	9609
3016	9007
3021	3254
3083	5737
3111	9421
3114	5169
3144	5659
3144	6291
3144	8869
3187	9762
3224	7253
3254	3021
3254	7611
3278	3795
3278	8568
3278	9935
3288	8028
3290	4483
3290	7993
3290	8442
3305	4831
3356	2716
3365	1466
3375	8581
3375	9327
3397	8012
3397	9533
3397	9941
3401	2356
3401	9327
3435	7409
3435	8443
3444	9208
3452	6080
3452	9677
3474	9491
3476	9762
3485	3552
3502	8538
3516	8713
3539	7012
3552	3485
3562	9514
3564	1027
3564	2858
3564	7425
3575	8001
3576	8655
3592	7124
3600	9925
3614	4909
3614	7527
3634	311
3634	7215
3653	8454
3656	2185
3656	9669
3656	9943
3658	6991
3661	9420
3663	9667
3666	9898
3678	8458
3684	9360
3684	9667
3699	9496
3705	9267
3708	8581
3708	8943
3708	9955
3719	7527
3719	9625
3723	6253
3723	8849
3723	9610
3726	8676
3726	9656
3750	5832
3769	8713
3778	5528
3778	6238
3783	9560
3784	5134
3785	8525
3785	9254
3795	3278
3807	9496
3817	1549
3817	6681
3817	9529
3821	4557
3830	465
3830	6881
3834	5954
3834	8802
3834	9529
3839	4468
3839	5045
3839	9950
3859	6291
3859	7993
3864	2745
3898	1501
3904	2323
3904	9000
3908	2479
3908	9007
3917	4504
3917	4867
3926	9853
3946	9327
3969	8422
3999	7044
4040	8794
4101	8046
4116	8007
4130	9651
4130	9834
4164	9525
4166	7423
4166	9208
4201	733
4221	2406
4221	4363
4221	8337
4221	8574
4224	4313
4224	9007
4224	9610
4254	9978
4281	2379
4284	5231
4307	1178
4307	6564
4307	8796
4311	8968
4313	4224
4313	7230
4315	6839
4315	8901
4323	9941
4329	6106
4329	7723
4329	9225
4332	9677
4341	9845
4358	2671
4363	4221
4363	8463
4372	8628
4389	1611
4389	6510
4397	9525
4404	7993
4404	9225
4416	9934
4462	8628
4468	3839
4468	8286
4468	9283
4483	3290
4483	8261
4498	8517
4500	8541
4500	8869
4500	9502
4500	9560
4504	3917
4504	8973
4508	39
4508	7956
4508	9502
4508	9651
4557	3821
4557	8403
4587	6463
4604	1656
4604	9320
4612	5388
4612	7611
4706	9689
4717	1354
4718	9000
4718	9225
4718	9635
4733	5499
4733	9071
4755	8271
4831	3305
4831	8399
4837	6409
4837	8078
4837	9677
4853	5021
4858	8666
4866	71
4867	3917
4877	9646
4881	6669
4902	9000
4909	3614
4917	1019
4917	7947
4947	2811
4960	1778
4969	8012
4969	9514
4985	7698
4997	8425
5010	2917
5021	4853
5045	3839
5045	8271
5099	9644
5102	6078
5102	9544
5134	2298
5134	3784
5134	9646
5147	6455
5167	8403
5169	3114
5184	7694
5184	9421
5192	9800
5217	7423
5230	2204
5231	4284
5231	9670
5231	9740
5233	9668
5233	9853
5233	9882
5236	1372
5247	5491
5267	2869
5267	8018
5271	2118
5273	6020
5273	7341
5273	9625
5278	6291
5278	9282
5286	9129
5290	2162
5290	6991
5302	5866
5334	7019
5334	9360
5351	1407
5353	8439
5353	9715
5357	9667
5365	9320
5367	6063
5367	8001
5388	4612
5423	7538
5423	8887
5449	8690
5449	9609
5450	2297
5450	6571
5468	5996
5486	1168
5486	8149
5491	5247
5499	4733
5512	6106
5512	9139
5512	9232
5523	585
5523	8520
5523	9541
5528	3778
5530	2433
5530	8271
5537	5680
5537	7879
5537	8590
5537	9502
5541	6186
5541	9858
5560	9071
5563	9748
5582	1639
5592	730
5592	1549
5592	9950
5618	2060
5641	5810
5643	8463
5643	9263
5643	9544
5659	3144
5659	9225
5667	6537
5680	5537
5680	6020
5737	2110
5737	3083
5737	8271
5754	6423
5755	2335
5755	6313
5755	7995
5765	8419
5774	8337
5774	9327
5790	16
5790	9550
5810	5641
5810	6956
5821	6801
5821	8965
5821	9280
5821	9486
5823	9403
5832	3750
5842	2731
5856	6276
5864	1821
5864	2944
5864	8691
5866	2897
5866	5302
5912	1210
5912	6128
5912	9955
5916	8441
5929	6638
5935	7527
5941	308
5941	982
5941	6036
5941	9530
5953	2826
5953	6720
5954	3834
5954	8574
5971	1483
5971	6266
5971	9403
5982	6361
5986	2262
5996	5468
5996	8332
5996	9403
6003	7526
6020	5273
6020	5680
6020	9625
6036	1152
6036	5941
6036	9071
6037	6108
6063	5367
6066	1273
6066	9750
6074	7769
6074	9385
6078	2731
6078	5102
6078	8423
6078	9544
6080	1400
6080	2346
6080	3452
6080	7027
6080	8452
6080	9560
6098	6389
6106	4329
6106	5512
6106	9232
6106	9858
6108	6037
6125	9071
6128	5912
6149	7538
6149	8887
6162	9282
6162	9391
6168	8568
6168	9579
6175	322
6175	2479
6175	8574
6178	7248
6178	7919
6178	9578
6186	5541
6218	9225
6233	9740
6238	6
6238	3778
6238	6377
6238	8116
6239	8517
6240	2514
6240	7791
6243	77
6243	2255
6243	2268
6253	3723
6253	8541
6253	9739
6266	5971
6267	8007
6276	5856
6291	3144
6291	3859
6291	5278
6313	5755
6313	7370
6313	9280
6319	71
6319	8968
6355	8898
6361	5982
6377	6238
6377	9344
6389	6098
6389	8590
6389	9403
6389	9842
6409	4837
6409	9677
6423	5754
6423	8666
6435	2368
6435	9246
6442	7743
6449	2759
6455	5147
6455	8454
6455	9842
6460	9502
6463	2007
6463	4587
6467	2869
6468	9525
6472	9739
6479	7542
6510	4389
6514	2793
6518	6537
6518	9129
6530	6953
6530	7611
6530	8934
6530	9089
6537	5667
6537	6518
6564	4307
6564	8796
6568	6801
6568	8001
6568	8800
6568	9280
6568	9385
6568	9486
6570	2356
6570	6962
6570	8943
6570	9494
6571	5450
6571	7053
6571	8593
6571	8791
6638	5929
6669	4881
6669	7652
6681	3817
6693	7468
6694	8947
6713	455
6713	9845
6720	5953
6720	8893
6726	1498
6734	8442
6736	2983
6736	9689
6769	8094
6769	8968
6769	9762
6801	2406
6801	5821
6801	6568
6801	9280
6801	9486
6814	7993
6814	8879
6821	8023
6821	8381
6830	8628
6839	4315
6839	8271
6881	3830
6881	9950
6896	2368
6896	9391
6896	9582
6898	1583
6898	8743
6901	8149
6901	8403
6901	8947
6912	6991
6912	9610
6953	6530
6956	5810
6956	7722
6957	2941
6957	8439
6957	8879
6962	6570
6962	8998
6991	3658
6991	5290
6991	6912
6997	1155
6997	8690
6997	9840
6997	9941
7006	9360
7012	3539
7012	9199
7019	5334
7027	6080
7027	8381
7036	7053
7043	8169
7043	9748
7044	3999
7053	6571
7053	7036
7053	8593
7053	9762
7053	9800
7124	3592
7124	8028
7124	9840
7135	9943
7175	9935
7215	3634
7215	9935
7221	2759
7229	441
7230	1639
7230	4313
7230	8541
7248	6178
7249	7786
7253	1774
7253	3224
7258	2672
7259	240
7259	8001
7307	2298
7307	7884
7307	9263
7341	5273
7341	8525
7341	9283
7370	2297
7370	6313
7409	2662
7409	3435
7409	9864
7421	8800
7423	4166
7423	5217
7423	9208
7423	9858
7425	3564
7428	2848
7428	9609
7468	6693
7468	7956
7468	9934
7484	8840
7506	2669
7506	9858
7523	8791
7523	9925
7523	9941
7526	6003
7527	3614
7527	3719
7527	5935
7538	5423
7538	6149
7538	8998
7538	9762
7542	6479
7542	9762
7584	2667
7591	9089
7591	9635
7592	8574
7611	1601
7611	3254
7611	4612
7611	6530
7632	8628
7652	6669
7694	5184
7694	8887
7698	1178
7698	4985
7704	8028
7704	8351
7708	7948
7722	6956
7723	477
7723	1178
7723	4329
7743	6442
7743	8943
7769	6074
7769	8116
7771	2883
7771	8197
7771	8297
7771	9560
7786	7249
7786	8601
7786	9544
7791	6240
7864	8094
7879	5537
7879	8590
7879	8611
7884	7307
7884	8690
7884	9263
7884	9533
7887	9739
7895	9225
7903	8574
7919	2196
7919	6178
7947	4917
7947	9689
7948	7708
7956	4508
7956	7468
7979	1281
7979	8791
7993	3290
7993	3859
7993	4404
7993	6814
7993	8261
7995	1148
7995	5755
7995	9344
8001	3575
8001	5367
8001	6568
8001	7259
8001	8722
8001	9232
8001	9280
8001	9486
8007	4116
8007	6267
8007	8743
8007	8838
8012	3397
8012	4969
8012	9898
8017	8422
8017	8442
8017	9514
8018	1413
8018	5267
8023	6821
8023	9898
8028	3288
8028	7124
8028	7704
8046	4101
8078	4837
8078	9360
8094	1474
8094	6769
8094	7864
8098	9617
8116	6238
8116	7769
8116	8452
8116	8850
8116	9635
8149	5486
8149	6901
8149	8590
8169	7043
8197	7771
8223	8552
8223	9606
8261	4483
8261	7993
8271	4755
8271	5045
8271	5530
8271	5737
8271	6839
8273	8800
8286	4468
8286	9208
8297	7771
8301	2745
8301	9845
8312	9514
8312	9546
8327	8796
8332	5996
8337	4221
8337	5774
8351	87
8351	7704
8351	8649
8354	9845
8381	6821
8381	7027
8381	8713
8381	9403
8399	4831
8403	1719
8403	1986
8403	2840
8403	4557
8403	5167
8403	6901
8416	730
8416	8690
8419	5765
8419	8452
8422	3969
8422	8017
8422	9514
8423	59
8423	2559
8423	6078
8425	1742
8425	4997
8435	9740
8439	5353
8439	6957
8441	5916
8441	9617
8442	979
8442	3290
8442	6734
8442	8017
8443	3435
8443	9560
8452	584
8452	6080
8452	8116
8452	8419
8454	2795
8454	3653
8454	6455
8454	8791
8458	3678
8458	8947
8461	8765
8463	4363
8463	5643
8463	9667
8463	9715
8517	436
8517	4498
8517	6239
8520	5523
8520	9541
8525	3785
8525	7341
8525	9254
8537	9512
8537	9546
8538	3502
8538	9925
8541	4500
8541	6253
8541	7230
8541	9502
8541	9560
8541	9943
8552	8223
8568	297
8568	3278
8568	6168
8574	4221
8574	5954
8574	6175
8574	7592
8574	7903
8581	3375
8581	3708
8581	9327
8581	9635
8590	5537
8590	6389
8590	7879
8590	8149
8593	6571
8593	7053
8593	9762
8601	7786
8611	7879
8611	8893
8611	9898
8628	4372
8628	4462
8628	6830
8628	7632
8649	8351
8649	9656
8649	9950
8655	3576
8666	4858
8666	6423
8676	3726
8690	5449
8690	6997
8690	7884
8690	8416
8690	9950
8691	5864
8713	3516
8713	3769
8713	8381
8713	9882
8722	8001
8722	9978
8743	6898
8743	8007
8743	9582
8765	8461
8791	6571
8791	7523
8791	7979
8791	8454
8791	9267
8794	4040
8796	4307
8796	6564
8796	8327
8796	9617
8796	9740
8800	6568
8800	7421
8800	8273
8800	9609
8802	3834
8838	1400
8838	8007
8840	7484
8849	3723
8849	9246
8849	9420
8849	9715
8850	1678
8850	8116
8869	634
8869	1126
8869	3144
8869	4500
8879	6814
8879	6957
8879	9715
8887	5423
8887	6149
8887	7694
8887	9628
8893	6720
8893	8611
8893	9000
8898	6355
8898	9667
8901	4315
8934	6530
8943	2243
8943	3708
8943	6570
8943	7743
8943	9494
8947	6694
8947	6901
8947	8458
8965	5821
8968	4311
8968	6319
8968	6769
8973	109
8973	4504
8980	2944
8980	9541
8998	2672
8998	6962
8998	7538
9000	2323
9000	3904
9000	4718
9000	4902
9000	8893
9007	3016
9007	3908
9007	4224
9007	9055
9055	39
9055	9007
9055	9327
9071	2384
9071	4733
9071	5560
9071	6036
9071	6125
9089	1418
9089	6530
9089	7591
9089	9129
9089	9246
9096	1648
9115	9314
9115	9842
9129	2182
9129	5286
9129	6518
9129	9089
9139	2869
9139	5512
9139	9375
9199	7012
9199	9590
9208	3444
9208	4166
9208	7423
9208	8286
9216	2899
9216	9669
9225	4329
9225	4404
9225	4718
9225	5659
9225	6218
9225	7895
9232	5512
9232	6106
9232	8001
9246	2826
9246	6435
9246	8849
9246	9089
9246	9610
9246	9898
9254	3785
9254	8525
9263	5643
9263	7307
9263	7884
9267	3705
9267	8791
9280	2317
9280	5821
9280	6313
9280	6568
9280	6801
9280	8001
9280	9486
9282	5278
9282	6162
9283	4468
9283	7341
9314	9115
9314	9606
9314	9669
9320	2884
9320	2893
9320	4604
9320	5365
9327	2922
9327	3375
9327	3401
9327	3946
9327	5774
9327	8581
9327	9055
9344	6377
9344	7995
9344	9530
9344	9864
9360	3684
9360	5334
9360	7006
9360	8078
9375	277
9375	1079
9375	2941
9375	9139
9375	9625
9375	9762
9385	6074
9385	6568
9385	9582
9391	6162
9391	6896
9403	19
9403	5823
9403	5971
9403	5996
9403	6389
9403	8381
9403	9533
9403	9564
9420	2750
9420	3661
9420	8849
9420	9610
9421	3111
9421	5184
9486	2406
9486	5821
9486	6568
9486	6801
9486	8001
9486	9280
9491	166
9491	3474
9494	1537
9494	2936
9494	6570
9494	8943
9494	9898
9496	3699
9496	3807
9502	4500
9502	4508
9502	5537
9502	6460
9502	8541
9502	9560
9512	1537
9512	8537
9512	9546
9514	1763
9514	3562
9514	4969
9514	8017
9514	8312
9514	8422
9525	4164
9525	4397
9525	6468
9529	3817
9529	3834
9530	5941
9530	9344
9533	3397
9533	7884
9533	9403
9533	9955
9541	5523
9541	8520
9541	8980
9544	2268
9544	5102
9544	5643
9544	6078
9544	7786
9544	9646
9544	9845
9546	8312
9546	8537
9546	9512
9546	9800
9550	5790
9552	1774
9552	9935
9560	1400
9560	1639
9560	3783
9560	4500
9560	6080
9560	7771
9560	8443
9560	8541
9560	9502
9564	9403
9578	6178
9579	2455
9579	6168
9582	2961
9582	6896
9582	8743
9582	9385
9582	9644
9590	1196
9590	9199
9593	9842
9593	9858
9606	8223
9606	9314
9609	1683
9609	2848
9609	2987
9609	5449
9609	7428
9609	8800
9609	9748
9610	1687
9610	3723
9610	4224
9610	6912
9610	9246
9610	9420
9617	8098
9617	8441
9617	8796
9625	3719
9625	5273
9625	6020
9625	9375
9628	8887
9628	9864
9635	39
9635	4718
9635	7591
9635	8116
9635	8581
9644	2485
9644	5099
9644	9582
9646	2330
9646	4877
9646	5134
9646	9544
9651	19
9651	1158
9651	2795
9651	4130
9651	4508
9651	9934
9656	2255
9656	3726
9656	8649
9667	3663
9667	3684
9667	5357
9667	8463
9667	8898
9668	547
9668	5233
9668	9853
9669	3656
9669	9216
9669	9314
9669	9943
9670	5231
9670	9740
9677	1545
9677	1626
9677	2650
9677	2858
9677	3452
9677	4332
9677	4837
9677	6409
9689	4706
9689	6736
9689	7947
9715	1126
9715	1982
9715	5353
9715	8463
9715	8849
9715	8879
9715	9882
9739	6253
9739	6472
9739	7887
9740	5231
9740	6233
9740	8435
9740	8796
9740	9670
9748	5563
9748	7043
9748	9609
9750	1572
9750	2682
9750	6066
9750	9794
9762	9
9762	3187
9762	3476
9762	6769
9762	7053
9762	7538
9762	7542
9762	8593
9762	9375
9794	730
9794	2722
9794	9750
9800	55
9800	163
9800	464
9800	5192
9800	7053
9800	9546
9834	859
9834	4130
9840	1102
9840	6997
9840	7124
9840	9978
9842	315
9842	1545
9842	2204
9842	6389
9842	6455
9842	9115
9842	9593
9845	2745
9845	2811
9845	4341
9845	6713
9845	8301
9845	8354
9845	9544
9845	9955
9853	3926
9853	5233
9853	9668
9858	5541
9858	6106
9858	7423
9858	7506
9858	9593
9864	455
9864	1498
9864	7409
9864	9344
9864	9628
9864	9925
9882	473
9882	2715
9882	5233
9882	8713
9882	9715
9882	9935
9898	289
9898	382
9898	3666
9898	8012
9898	8023
9898	8611
9898	9246
9898	9494
9898	9935
9925	1407
9925	2346
9925	2674
9925	3600
9925	7523
9925	8538
9925	9864
9934	2164
9934	4416
9934	7468
9934	9651
9935	658
9935	3278
9935	7175
9935	7215
9935	9552
9935	9882
9935	9898
9941	3397
9941	4323
9941	6997
9941	7523
9943	2526
9943	3656
9943	7135
9943	8541
9943	9669
9950	290
9950	1549
9950	3839
9950	5592
9950	6881
9950	8649
9950	8690
9955	3708
9955	5912
9955	9533
9955	9845
9978	2414
9978	4254
9978	8722
9978	9840
