5	8563
5	8739
24	9942
30	8262
46	9789
56	6893
60	7429
155	1133
210	7506
210	9647
219	9901
237	8771
243	2871
249	7257
255	8439
274	9243
303	9656
306	6447
311	611
312	9755
320	6770
330	7932
336	2409
336	8890
336	9083
396	9730
431	6196
435	4315
477	2158
510	3150
511	6286
511	9422
541	7429
611	311
611	6196
672	4274
705	8632
733	8909
755	9328
809	7092
809	8262
822	3915
829	9375
884	5740
899	7659
918	6780
926	1947
926	2091
933	1636
1002	8814
1017	9503
1023	4847
1025	9730
1072	4355
1072	9288
1081	7144
1103	9579
1106	9692
1118	7631
1133	155
1133	6271
1133	8349
1181	9127
1203	8701
1226	5909
1226	9555
1245	9787
1262	7529
1265	9308
1265	9579
1290	7353
1298	8793
1383	7415
1390	7070
1390	9732
1393	8907
1407	9308
1510	7814
1520	6202
1520	7826
1526	8927
1526	9547
1532	9385
1576	6552
1576	9732
1595	3117
1595	4676
1595	6770
1609	8502
1609	9699
1611	4389
1611	8909
1611	9577
1623	3275
1633	7273
1636	933
1636	8662
1636	9152
1636	9732
1642	3870
1684	5855
1708	4034
1734	7261
1743	5168
1743	9703
1769	8364
1769	9640
1769	9901
1776	7363
1787	9540
1795	6552
1795	9464
1803	6753
1807	8296
1814	2989
1814	6907
1823	3117
1823	9127
1838	2539
1838	5088
1838	9955
1855	6708
1855	7982
1857	9416
1887	5673
1908	8296
1918	9472
1937	7743
1947	926
1949	2769
1949	8103
1967	6316
1967	8907
1997	4460
2030	5779
2047	8419
2056	9771
2075	8610
2077	9732
2091	926
2158	477
2170	7429
2184	8444
2184	9955
2200	9503
2220	9009
2225	7484
2225	9451
2256	2769
2256	7979
2256	9928
2264	9545
2279	9787
2320	4475
2320	9796
2334	7449
2334	8059
2334	8373
2335	9523
2346	6080
2384	9463
2388	9732
2409	336
2473	2708
2512	7476
2527	5533
2539	1838
2546	6423
2546	9732
2549	6894
2571	6367
2587	5261
2587	6196
2587	8291
2595	3639
2595	9186
2630	4736
2638	9906
2647	9787
2663	9906
2681	6529
2708	2473
2714	9796
2720	7086
2749	9061
2758	9593
2769	1949
2769	2256
2769	9928
2774	9906
2783	9725
2810	5315
2810	9656
2839	6724
2843	3150
2843	8815
2871	243
2885	4355
2885	9662
2891	9852
2893	5079
2908	6361
2912	8378
2930	9083
2937	7116
2937	8771
2937	9328
2950	9662
2989	1814
3011	5168
3011	5914
3012	9570
3012	9707
3021	4814
3021	8498
3027	3513
3049	9901
3079	9056
3079	9852
3084	9553
3089	6823
3089	9963
3117	1595
3117	1823
3124	5353
3138	8090
3150	510
3150	2843
3150	6931
3157	9288
3200	8385
3200	9056
3200	9472
3214	6404
3221	9834
3224	7253
3224	9461
3224	9540
3230	8249
3260	9662
3260	9845
3275	1623
3275	8135
3336	9640
3336	9891
3341	9703
3347	8020
3353	7196
3355	9422
3396	9652
3483	9647
3485	7575
3502	9928
3506	8595
3507	4907
3511	9665
3513	3027
3513	6213
3550	4156
3550	7449
3560	9845
3566	9755
3567	7468
3567	9895
3604	8815
3639	2595
3674	9642
3679	4492
3706	9895
3708	8943
3708	9955
3715	4275
3747	4116
3747	5197
3753	8213
3767	7674
3816	8933
3830	9032
3849	9597
3859	7490
3859	8909
3864	4821
3870	1642
3884	5850
3887	7061
3910	7353
3910	7586
3910	8103
3915	822
3915	9643
3936	4847
3936	7440
3936	9409
3964	5910
3964	7506
3994	8850
3994	9979
4015	7368
4015	9791
4034	1708
4034	6202
4042	9597
4084	8389
4097	8132
4116	3747
4118	5773
4156	3550
4156	7449
4156	8389
4163	9565
4176	7239
4176	7414
4176	9789
4180	5320
4194	7841
4207	9365
4218	8793
4220	9463
4223	9791
4232	9942
4246	9577
4264	8816
4264	9647
4264	9725
4265	7131
4274	672
4275	3715
4275	6662
4315	435
4317	7224
4317	9157
4318	9713
4355	1072
4355	2885
4355	8291
4355	9288
4357	8250
4362	7490
4388	5481
4388	6447
4389	1611
4389	6335
4389	8814
4460	1997
4467	9597
4475	2320
4475	7033
4475	9796
4483	8082
4492	3679
4500	9942
4529	8289
4529	8349
4529	9501
4532	7168
4533	5533
4540	7821
4562	6356
4562	9928
4579	6938
4600	7962
4610	8813
4615	9891
4653	9757
4669	9591
4676	1595
4676	8946
4693	7196
4693	7575
4702	5733
4702	9546
4715	6801
4715	7001
4715	9866
4718	9642
4736	2630
4738	5588
4738	7425
4747	4826
4747	9906
4749	9778
4749	9822
4749	9895
4795	7631
4806	7275
4806	7395
4806	9979
4814	3021
4814	8956
4815	9787
4821	3864
4821	7406
4826	4747
4826	9032
4832	6530
4836	9891
4843	7471
4845	6464
4847	1023
4847	3936
4853	9730
4853	9895
4880	9755
4887	9315
4892	7906
4892	9308
4907	3507
4907	5726
4972	5617
4972	6065
4972	9713
4992	6376
4992	9834
5006	7429
5006	8927
5006	9288
5014	5997
5014	7575
5052	8701
5079	2893
5079	9791
5088	1838
5088	9662
5088	9780
5088	9845
5093	5497
5099	9555
5102	9544
5136	5740
5136	6898
5136	8103
5136	8866
5140	8456
5140	9942
5167	5197
5167	6401
5168	1743
5168	3011
5187	8739
5197	3747
5197	5167
5198	9375
5206	8318
5206	8502
5206	9927
5261	2587
5261	9288
5261	9570
5281	8927
5281	9547
5315	2810
5315	7015
5320	4180
5320	7311
5344	6857
5344	6996
5344	8429
5353	3124
5353	8429
5353	8439
5396	6907
5396	9891
5409	9464
5409	9557
5409	9906
5409	9963
5446	9422
5448	8671
5453	8457
5456	5910
5468	5996
5474	8907
5481	4388
5487	9409
5497	5093
5513	7424
5513	8662
5531	7674
5533	2527
5533	4533
5546	9725
5554	8497
5554	9250
5570	7695
5588	4738
5591	9157
5591	9665
5592	5776
5617	4972
5617	7651
5617	9505
5631	5823
5631	5909
5631	8552
5648	6564
5648	6894
5648	9927
5664	7743
5664	8262
5673	1887
5691	8456
5706	6424
5718	6706
5718	9546
5726	4907
5727	8048
5733	4702
5733	6938
5733	8662
5733	9546
5740	884
5740	5136
5773	4118
5773	8082
5776	5592
5776	9250
5776	9751
5777	7743
5777	9523
5779	2030
5779	7842
5779	9789
5780	9979
5823	5631
5823	9755
5846	9083
5850	3884
5850	9021
5855	1684
5855	6176
5855	7279
5855	9544
5873	9451
5896	9310
5896	9553
5909	1226
5909	5631
5910	3964
5910	5456
5910	9186
5914	3011
5920	9385
5946	6938
5946	9579
5946	9792
5954	7203
5954	8262
5996	5468
5997	5014
5997	7562
5997	8760
5997	9288
6002	9186
6024	7624
6024	8497
6024	8825
6045	9574
6045	9942
6065	4972
6065	9692
6080	2346
6080	9574
6102	9389
6176	5855
6176	7116
6176	9544
6176	9593
6195	9389
6196	431
6196	611
6196	2587
6196	8249
6198	8382
6202	1520
6202	4034
6202	7414
6213	3513
6226	8055
6234	8135
6247	6375
6247	7033
6247	9568
6247	9699
6257	9662
6266	9755
6269	9463
6269	9796
6271	1133
6271	9928
6286	511
6313	6857
6316	1967
6329	6882
6335	4389
6335	9596
6341	6797
6356	4562
6356	7717
6356	9780
6361	2908
6367	2571
6367	9652
6375	6247
6375	9568
6376	4992
6401	5167
6401	8330
6404	3214
6404	8378
6423	2546
6423	8866
6424	5706
6424	8943
6441	9464
6447	306
6447	4388
6464	4845
6464	8671
6486	8632
6502	9422
6502	9778
6511	8090
6511	8440
6519	9545
6529	2681
6529	9687
6529	9707
6530	4832
6530	7070
6530	7116
6530	7611
6543	8818
6552	1576
6552	1795
6552	9152
6552	9157
6552	9200
6552	9570
6552	9732
6564	5648
6564	9780
6593	7468
6593	7680
6593	9250
6621	6882
6636	9505
6636	9778
6642	9127
6642	9789
6643	9755
6644	7449
6644	7753
6644	9656
6662	4275
6662	7033
6691	6732
6695	8678
6695	9596
6706	5718
6708	1855
6708	9642
6724	2839
6732	6691
6752	9170
6752	9866
6753	1803
6753	9928
6770	320
6770	1595
6780	918
6780	6887
6797	6341
6797	8815
6798	7924
6799	6833
6801	4715
6801	9486
6821	6890
6823	3089
6823	9557
6833	6799
6833	9771
6849	8352
6849	9755
6857	5344
6857	6313
6877	9687
6882	6329
6882	6621
6882	7652
6887	6780
6890	6821
6893	56
6894	2549
6894	5648
6894	9927
6898	5136
6898	9501
6907	1814
6907	5396
6931	3150
6937	9135
6938	4579
6938	5733
6938	5946
6971	9167
6971	9544
6971	9792
6996	5344
7001	4715
7001	9170
7001	9866
7015	5315
7033	4475
7033	6247
7033	6662
7047	7490
7061	3887
7070	1390
7070	6530
7086	2720
7086	9464
7092	809
7092	7471
7092	8132
7092	9597
7094	7224
7094	8262
7108	8369
7108	8594
7116	2937
7116	6176
7116	6530
7116	9593
7131	4265
7131	7924
7131	9725
7144	1081
7145	8038
7164	7562
7168	4532
7177	7695
7196	3353
7196	4693
7200	7368
7200	7643
7203	5954
7203	9652
7224	4317
7224	7094
7239	4176
7239	9789
7253	3224
7253	8564
7253	9540
7253	9570
7257	249
7257	9063
7261	1734
7273	1633
7275	4806
7275	9243
7275	9845
7279	5855
7279	9544
7290	9501
7302	9452
7311	5320
7326	7652
7326	9365
7353	1290
7353	3910
7353	8008
7362	9075
7362	9546
7363	1776
7363	7841
7363	9452
7368	4015
7368	7200
7368	8020
7368	8865
7368	9545
7395	4806
7395	7695
7406	4821
7406	8249
7414	4176
7414	6202
7415	1383
7420	7717
7421	9906
7424	5513
7424	8756
7425	4738
7429	60
7429	541
7429	2170
7429	5006
7440	3936
7440	9656
7449	2334
7449	3550
7449	4156
7449	6644
7452	9789
7460	7979
7468	3567
7468	6593
7471	4843
7471	7092
7471	7906
7471	8271
7471	9310
7476	2512
7476	9310
7484	2225
7484	8497
7490	3859
7490	4362
7490	7047
7506	210
7506	3964
7506	9647
7529	1262
7529	8429
7529	9360
7540	9547
7562	5997
7562	7164
7575	3485
7575	4693
7575	5014
7582	8760
7586	3910
7586	8082
7586	9596
7590	8818
7611	6530
7624	6024
7624	9308
7631	1118
7631	4795
7643	7200
7648	8756
7651	5617
7651	9452
7652	6882
7652	7326
7658	9574
7659	899
7661	9416
7674	3767
7674	5531
7680	6593
7680	9032
7683	8933
7695	5570
7695	7177
7695	7395
7695	9699
7717	6356
7717	7420
7728	8933
7743	1937
7743	5664
7743	5777
7743	8943
7743	9751
7744	9880
7753	6644
7753	9568
7792	7966
7799	9452
7814	1510
7821	4540
7826	1520
7831	7869
7831	9707
7841	4194
7841	7363
7842	5779
7842	9725
7842	9789
7869	7831
7906	4892
7906	7471
7924	6798
7924	7131
7924	9557
7932	330
7962	4600
7962	8039
7966	7792
7966	9650
7968	8457
7968	9596
7978	8318
7979	2256
7979	7460
7979	9942
7982	1855
7982	8249
7982	9075
7982	9771
7982	9791
7992	9555
8008	7353
8020	3347
8020	7368
8020	8865
8020	9791
8038	7145
8039	7962
8048	5727
8048	8956
8055	6226
8055	8606
8055	9186
8055	9642
8059	2334
8082	4483
8082	5773
8082	7586
8082	9409
8085	9852
8090	3138
8090	6511
8090	9963
8103	1949
8103	3910
8103	5136
8103	8866
8132	4097
8132	7092
8132	9200
8135	3275
8135	6234
8135	8262
8213	3753
8213	8296
8217	9596
8249	3230
8249	6196
8249	7406
8249	7982
8249	9822
8250	4357
8250	9880
8262	30
8262	809
8262	5664
8262	5954
8262	7094
8262	8135
8262	8291
8262	9125
8271	7471
8289	4529
8291	2587
8291	4355
8291	8262
8296	1807
8296	1908
8296	8213
8314	9056
8314	9167
8314	9901
8318	5206
8318	7978
8318	8389
8329	9167
8329	9579
8330	6401
8349	1133
8349	4529
8349	9501
8352	6849
8352	9463
8364	1769
8364	9640
8369	7108
8373	2334
8378	2912
8378	6404
8378	8552
8382	6198
8382	9328
8382	9895
8385	3200
8385	9687
8388	9061
8389	4084
8389	4156
8389	8318
8389	9416
8389	9647
8401	9866
8419	2047
8419	9125
8429	5344
8429	5353
8429	7529
8439	255
8439	5353
8439	8665
8439	9596
8440	6511
8444	2184
8456	5140
8456	5691
8456	8497
8457	5453
8457	7968
8457	8498
8497	5554
8497	6024
8497	7484
8497	8456
8498	3021
8498	8457
8498	9597
8498	9891
8498	9963
8502	1609
8502	5206
8552	5631
8552	8378
8552	9132
8552	9250
8552	9387
8563	5
8563	9042
8563	9640
8564	7253
8564	9540
8564	9880
8594	7108
8595	3506
8595	9699
8606	8055
8610	2075
8632	705
8632	6486
8662	1636
8662	5513
8662	5733
8665	8439
8665	9308
8665	9895
8671	5448
8671	6464
8671	8939
8678	6695
8678	9979
8683	9834
8701	1203
8701	5052
8739	5
8739	5187
8739	9125
8739	9565
8756	7424
8756	7648
8760	5997
8760	7582
8760	8813
8760	9796
8771	237
8771	2937
8793	1298
8793	4218
8811	9730
8813	4610
8813	8760
8814	1002
8814	4389
8814	9730
8815	2843
8815	3604
8815	6797
8815	9895
8816	4264
8818	6543
8818	7590
8825	6024
8850	3994
8850	9409
8850	9979
8861	9692
8861	9906
8865	7368
8865	8020
8865	8890
8865	9791
8866	5136
8866	6423
8866	8103
8890	336
8890	8865
8890	9075
8890	9791
8890	9955
8907	1393
8907	1967
8907	5474
8909	733
8909	1611
8909	3859
8909	9167
8927	1526
8927	5006
8927	5281
8927	9547
8933	3816
8933	7683
8933	7728
8933	9955
8939	8671
8939	9895
8943	3708
8943	6424
8943	7743
8946	4676
8956	4814
8956	8048
8956	9042
9009	2220
9009	9713
9021	5850
9021	9553
9032	3830
9032	4826
9032	7680
9042	8563
9042	8956
9042	9360
9042	9553
9042	9662
9056	3079
9056	3200
9056	8314
9056	9422
9056	9852
9061	2749
9061	8388
9063	7257
9075	7362
9075	7982
9075	8890
9075	9791
9083	336
9083	2930
9083	5846
9125	8262
9125	8419
9125	8739
9127	1181
9127	1823
9127	6642
9132	8552
9132	9250
9132	9387
9135	6937
9152	1636
9152	6552
9152	9732
9157	4317
9157	5591
9157	6552
9157	9540
9167	6971
9167	8314
9167	8329
9167	8909
9167	9375
9170	6752
9170	7001
9170	9866
9186	2595
9186	5910
9186	6002
9186	8055
9200	6552
9200	8132
9200	9901
9243	274
9243	7275
9250	5554
9250	5776
9250	6593
9250	8552
9250	9132
9250	9387
9250	9778
9288	1072
9288	3157
9288	4355
9288	5006
9288	5261
9288	5997
9288	9503
9308	1265
9308	1407
9308	4892
9308	7624
9308	8665
9310	5896
9310	7471
9310	7476
9315	4887
9315	9650
9328	755
9328	2937
9328	8382
9328	9780
9328	9928
9360	7529
9360	9042
9360	9540
9360	9553
9365	4207
9365	7326
9375	829
9375	5198
9375	9167
9375	9942
9385	1532
9385	5920
9385	9597
9387	8552
9387	9132
9387	9250
9387	9555
9389	6102
9389	6195
9409	3936
9409	5487
9409	8082
9409	8850
9409	9615
9416	1857
9416	7661
9416	8389
9422	511
9422	3355
9422	5446
9422	6502
9422	9056
9451	2225
9451	5873
9452	7302
9452	7363
9452	7651
9452	7799
9461	3224
9463	2384
9463	4220
9463	6269
9463	8352
9464	1795
9464	5409
9464	6441
9464	7086
9472	1918
9472	3200
9472	9942
9486	6801
9501	4529
9501	6898
9501	7290
9501	8349
9503	1017
9503	2200
9503	9288
9505	5617
9505	6636
9523	2335
9523	5777
9523	9568
9540	1787
9540	3224
9540	7253
9540	8564
9540	9157
9540	9360
9544	5102
9544	5855
9544	6176
9544	6971
9544	7279
9544	9845
9545	2264
9545	6519
9545	7368
9546	4702
9546	5718
9546	5733
9546	7362
9547	1526
9547	5281
9547	7540
9547	8927
9547	9555
9553	3084
9553	5896
9553	9021
9553	9042
9553	9360
9555	1226
9555	5099
9555	7992
9555	9387
9555	9547
9557	5409
9557	6823
9557	7924
9557	9963
9565	4163
9565	8739
9568	6247
9568	6375
9568	7753
9568	9523
9568	9730
9570	3012
9570	5261
9570	6552
9570	7253
9574	6045
9574	6080
9574	7658
9574	9615
9574	9942
9577	1611
9577	4246
9579	1103
9579	1265
9579	5946
9579	8329
9579	9792
9591	4669
9593	2758
9593	6176
9593	7116
9596	6335
9596	6695
9596	7586
9596	7968
9596	8217
9596	8439
9597	3849
9597	4042
9597	4467
9597	7092
9597	8498
9597	9385
9615	9409
9615	9574
9615	9755
9640	1769
9640	3336
9640	8364
9640	8563
9642	3674
9642	4718
9642	6708
9642	8055
9643	3915
9647	210
9647	3483
9647	4264
9647	7506
9647	8389
9650	7966
9650	9315
9650	9725
9652	3396
9652	6367
9652	7203
9652	9927
9656	303
9656	2810
9656	6644
9656	7440
9662	2885
9662	2950
9662	3260
9662	5088
9662	6257
9662	9042
9662	9845
9665	3511
9665	5591
9665	9942
9687	6529
9687	6877
9687	8385
9687	9707
9692	1106
9692	6065
9692	8861
9699	1609
9699	6247
9699	7695
9699	8595
9699	9755
9703	1743
9703	3341
9707	3012
9707	6529
9707	7831
9707	9687
9713	4318
9713	4972
9713	9009
9725	2783
9725	4264
9725	5546
9725	7131
9725	7842
9725	9650
9725	9792
9730	396
9730	1025
9730	4853
9730	8811
9730	8814
9730	9568
9732	1390
9732	1576
9732	1636
9732	2077
9732	2388
9732	2546
9732	6552
9732	9152
9751	5776
9751	7743
9755	312
9755	3566
9755	4880
9755	5823
9755	6266
9755	6643
9755	6849
9755	9615
9755	9699
9757	4653
9757	9963
9771	2056
9771	6833
9771	7982
9778	4749
9778	6502
9778	6636
9778	9250
9780	5088
9780	6356
9780	6564
9780	9328
9787	1245
9787	2279
9787	2647
9787	4815
9789	46
9789	4176
9789	5779
9789	6642
9789	7239
9789	7452
9789	7842
9791	4015
9791	4223
9791	5079
9791	7982
9791	8020
9791	8865
9791	8890
9791	9075
9792	5946
9792	6971
9792	9579
9792	9725
9796	2320
9796	2714
9796	4475
9796	6269
9796	8760
9822	4749
9822	8249
9822	9895
9834	3221
9834	4992
9834	8683
9845	3260
9845	3560
9845	5088
9845	7275
9845	9544
9845	9662
9845	9955
9852	2891
9852	3079
9852	8085
9852	9056
9866	4715
9866	6752
9866	7001
9866	8401
9866	9170
9880	7744
9880	8250
9880	8564
9891	3336
9891	4615
9891	4836
9891	5396
9891	8498
9895	3567
9895	3706
9895	4749
9895	4853
9895	8382
9895	8665
9895	8815
9895	8939
9895	9822
9901	219
9901	1769
9901	3049
9901	8314
9901	9200
9906	2638
9906	2663
9906	2774
9906	4747
9906	5409
9906	7421
9906	8861
9927	5206
9927	5648
9927	6894
9927	9652
9927	9942
9928	2256
9928	2769
9928	3502
9928	4562
9928	6271
9928	6753
9928	9328
9942	24
9942	4232
9942	4500
9942	5140
9942	6045
9942	7979
9942	9375
9942	9472
9942	9574
9942	9665
9942	9927
9955	1838
9955	2184
9955	3708
9955	8890
9955	8933
9955	9845
9963	3089
9963	5409
9963	8090
9963	8498
9963	9557
9963	9757
9979	3994
9979	4806
9979	5780
9979	8678
9979	8850
