2	8870
37	3166
80	9224
114	7754
114	8882
123	9594
149	5571
186	701
186	3388
215	9279
224	9959
231	7853
237	9015
252	3486
258	8287
311	8316
323	1986
323	2715
323	4798
336	9961
361	8169
364	9885
372	1079
372	9394
377	7915
378	9295
386	5555
386	6782
386	8938
386	9478
393	9959
415	7461
418	8023
451	3067
451	8926
486	2690
486	5936
493	8926
513	5362
513	7748
513	8292
513	9450
519	5171
543	2942
543	5379
543	5727
551	717
558	8030
558	8944
594	9925
594	9928
598	3988
601	7431
607	8852
622	3037
674	8926
701	186
701	8070
701	8394
712	2712
717	551
720	5665
736	1903
767	9841
775	1571
782	4247
791	5719
791	9968
797	7788
810	9818
812	9074
826	4564
861	3630
863	6395
864	6669
901	6824
940	9816
949	8814
959	3760
959	9593
966	5641
966	8779
978	3224
986	1858
990	8588
1068	8221
1079	372
1079	7059
1079	9861
1079	9885
1087	8504
1103	5508
1103	8438
1119	7951
1119	9757
1125	9546
1142	9068
1176	9885
1187	7108
1194	2598
1198	3443
1198	7666
1226	5476
1241	8440
1246	6948
1278	1696
1284	6516
1335	6105
1338	2916
1341	5274
1390	8144
1498	6726
1514	5400
1528	8731
1530	4577
1551	5715
1560	8339
1566	4064
1566	8141
1566	9961
1571	775
1592	8256
1613	7891
1613	9650
1628	6220
1628	9568
1651	3372
1651	9676
1658	8606
1696	1278
1739	8381
1753	4792
1753	9925
1759	7362
1771	7915
1830	8334
1858	986
1894	8203
1903	736
1926	4684
1926	5035
1926	9638
1926	9971
1948	6622
1948	6948
1965	8973
1986	323
2035	3261
2035	6093
2035	9668
2035	9989
2054	4679
2054	4764
2054	8840
2084	7034
2084	9650
2128	8552
2135	9146
2161	4603
2161	5216
2210	9070
2213	7097
2237	9725
2242	2351
2242	9213
2246	5072
2293	9917
2311	9615
2317	2853
2317	9875
2328	9552
2351	2242
2351	9717
2351	9757
2357	2580
2357	7002
2363	7900
2363	9928
2379	8203
2419	7017
2440	5165
2457	3863
2494	9568
2510	7402
2510	9830
2520	9588
2520	9968
2532	9445
2580	2357
2594	5606
2598	1194
2608	8928
2621	7588
2656	9830
2690	486
2690	5993
2690	6516
2691	7342
2712	712
2714	9027
2715	323
2725	6945
2739	9611
2771	3743
2771	6907
2785	6357
2788	3455
2788	4963
2805	8539
2836	3245
2836	5936
2844	8144
2853	2317
2865	7083
2865	8942
2865	9155
2865	9517
2873	3960
2913	7498
2916	1338
2916	9813
2941	4250
2941	6957
2942	543
2994	6214
3013	8339
3013	9279
3032	9875
3037	622
3041	9820
3065	7020
3067	451
3072	9492
3089	7199
3103	4366
3103	9552
3104	5930
3104	9454
3118	9866
3127	3676
3127	7292
3127	7472
3132	9279
3166	37
3166	7754
3166	9989
3178	9615
3190	9304
3190	9394
3216	9105
3224	978
3227	9920
3245	2836
3245	8711
3245	9478
3261	2035
3372	1651
3372	5059
3373	7392
3376	5097
3388	186
3388	9121
3391	6130
3391	9116
3393	4997
3393	9428
3400	9460
3400	9977
3409	3714
3409	9148
3432	5936
3439	9458
3443	1198
3445	9277
3455	2788
3470	8583
3477	8539
3486	252
3509	9611
3515	4977
3516	5363
3565	6412
3565	8316
3581	7580
3600	5041
3600	8256
3600	9925
3630	861
3665	9324
3666	4076
3666	9010
3666	9786
3676	3127
3676	4317
3676	6466
3679	9224
3683	5226
3683	9552
3691	7315
3691	9252
3693	9245
3714	3409
3714	8169
3714	9116
3726	7015
3743	2771
3743	9259
3760	959
3760	5963
3802	9594
3863	2457
3863	8779
3864	7951
3872	8779
3874	9245
3878	9611
3891	5171
3891	9757
3902	4792
3926	7643
3926	9959
3960	2873
3960	9259
3960	9577
3984	9521
3988	598
3989	9380
3989	9425
3992	6051
4004	5807
4004	9445
4005	8583
4064	1566
4075	7179
4075	8807
4076	3666
4076	7045
4076	8894
4114	9652
4129	6669
4135	4980
4145	8269
4148	9146
4176	7977
4216	8063
4216	9857
4238	8870
4240	5273
4240	6850
4241	9304
4247	782
4250	2941
4252	4319
4252	8942
4256	9889
4298	7153
4298	8139
4317	3676
4317	4634
4317	7472
4317	7699
4319	4252
4322	8583
4322	9460
4366	3103
4366	5080
4366	9498
4383	5540
4383	5661
4387	9866
4389	8063
4389	8814
4393	9456
4477	7513
4477	9092
4526	7748
4526	9820
4527	5640
4527	7658
4527	9401
4564	826
4564	5921
4564	7915
4577	1530
4577	6999
4588	7498
4588	9454
4595	8848
4598	8155
4598	9513
4603	2161
4629	8588
4634	4317
4634	6234
4640	5760
4640	7892
4640	7952
4655	9010
4679	2054
4684	1926
4684	7646
4684	9638
4684	9971
4713	7431
4713	9824
4716	6646
4716	9015
4716	9552
4728	7616
4759	4764
4764	2054
4764	4759
4764	9907
4774	7849
4774	8821
4792	1753
4792	3902
4792	8334
4792	9885
4798	323
4798	6918
4813	9492
4881	6669
4881	9534
4905	8218
4954	5226
4954	5715
4963	2788
4968	8882
4968	9423
4968	9861
4977	3515
4980	4135
4980	9181
4988	9276
4988	9593
4997	3393
5000	8156
5000	9861
5028	9394
5035	1926
5035	9638
5035	9971
5041	3600
5041	7229
5041	8635
5049	7438
5056	7849
5059	3372
5072	2246
5080	4366
5080	9498
5085	9176
5097	3376
5097	9521
5098	5555
5098	9460
5098	9676
5098	9816
5117	8928
5117	9817
5145	7785
5145	9818
5149	8606
5149	9977
5150	7856
5160	6421
5165	2440
5165	9009
5171	519
5171	3891
5174	7517
5174	7900
5174	9925
5177	5317
5177	9454
5209	9498
5216	2161
5226	3683
5226	4954
5226	8381
5226	9213
5273	4240
5274	1341
5302	5866
5302	8635
5306	9813
5308	7856
5316	6201
5316	9925
5317	5177
5332	7480
5332	8144
5344	8973
5362	513
5362	8809
5363	3516
5363	8946
5379	543
5379	6610
5395	7303
5400	1514
5434	8973
5448	7666
5468	8499
5476	1226
5476	9304
5508	1103
5508	9942
5518	9857
5540	4383
5540	9148
5555	386
5555	5098
5571	149
5571	8961
5597	7379
5597	9920
5606	2594
5606	7676
5606	9289
5606	9866
5620	9224
5637	7375
5640	4527
5641	966
5643	9492
5649	8894
5659	8949
5661	4383
5665	720
5665	9447
5715	1551
5715	4954
5715	7951
5715	9917
5719	791
5727	543
5727	8635
5738	7699
5760	4640
5763	6093
5763	8807
5783	9498
5799	9818
5807	4004
5830	5963
5835	7952
5866	5302
5880	8807
5885	8889
5891	9517
5897	9676
5904	6716
5915	6108
5915	6438
5915	8731
5915	9786
5919	7681
5919	7853
5919	7985
5919	9889
5921	4564
5921	9498
5930	3104
5930	8852
5936	486
5936	2836
5936	3432
5936	5993
5936	6945
5955	9154
5963	3760
5963	5830
5963	9676
5963	9816
5986	6988
5986	9259
5993	2690
5993	5936
5999	9015
5999	9447
6012	7034
6012	8122
6037	6108
6048	7431
6048	9289
6051	3992
6051	9008
6056	9593
6057	9794
6086	6824
6086	9146
6090	9121
6093	2035
6093	5763
6099	7565
6099	7960
6105	1335
6105	9121
6108	5915
6108	6037
6115	9261
6130	3391
6130	9295
6157	6483
6157	8729
6157	9121
6158	7386
6183	7915
6201	5316
6201	8476
6214	2994
6220	1628
6220	7034
6220	9650
6220	9925
6220	9928
6222	9176
6234	4634
6234	9110
6308	7061
6308	9027
6357	2785
6357	6907
6357	9289
6395	863
6399	7277
6399	8287
6412	3565
6421	5160
6421	6610
6438	5915
6466	3676
6466	7050
6483	6157
6492	7977
6495	9176
6495	9861
6501	8122
6503	7575
6503	7788
6503	8942
6514	7853
6514	9907
6516	1284
6516	2690
6542	8499
6542	9652
6542	9668
6549	9725
6555	7588
6555	8197
6555	9717
6577	9875
6601	9335
6603	7126
6610	5379
6610	6421
6622	1948
6638	9817
6642	9841
6646	4716
6651	7362
6651	8373
6651	9959
6658	9224
6658	9447
6669	864
6669	4129
6669	4881
6677	7559
6677	7952
6677	8269
6677	9830
6716	5904
6716	8192
6716	8588
6726	1498
6726	9594
6782	386
6782	9478
6824	901
6824	6086
6824	9146
6848	9010
6848	9717
6850	4240
6850	7243
6859	7438
6859	7973
6859	9110
6859	9816
6872	8438
6872	9942
6907	2771
6907	6357
6908	9715
6918	4798
6918	8221
6945	2725
6945	5936
6945	9265
6945	9458
6948	1246
6948	1948
6948	8156
6950	7026
6957	2941
6957	9824
6958	7498
6958	9068
6981	7580
6988	5986
6988	9594
6997	8635
6999	4577
6999	7517
6999	8144
7002	2357
7002	9521
7015	3726
7017	2419
7017	7646
7017	9577
7017	9689
7020	3065
7026	6950
7026	8544
7026	9830
7034	2084
7034	6012
7034	6220
7034	9517
7034	9650
7034	9875
7034	9925
7034	9928
7045	4076
7045	8417
7047	8243
7047	8339
7050	6466
7050	8740
7059	1079
7059	7856
7059	9885
7061	6308
7083	2865
7083	8504
7083	9155
7083	9261
7083	9517
7097	2213
7097	8448
7108	1187
7108	8821
7108	9959
7126	6603
7126	7977
7126	9394
7126	9419
7153	4298
7153	8200
7179	4075
7179	8316
7199	3089
7199	7461
7199	8197
7206	8779
7217	9611
7229	5041
7229	9537
7243	6850
7267	9394
7267	9419
7277	6399
7277	8287
7292	3127
7292	7882
7292	8555
7292	8973
7292	9537
7303	5395
7312	7985
7312	8779
7315	3691
7315	7629
7315	8370
7315	9252
7339	7646
7339	9577
7339	9689
7342	2691
7342	8961
7347	8539
7347	9458
7362	1759
7362	6651
7362	7849
7362	9546
7375	5637
7375	8399
7379	5597
7386	6158
7392	3373
7392	8465
7394	9456
7402	2510
7402	8928
7402	9295
7404	8944
7431	601
7431	4713
7431	6048
7438	5049
7438	6859
7455	7480
7455	8465
7455	8814
7456	9917
7461	415
7461	7199
7461	9824
7472	3127
7472	4317
7472	8326
7472	9190
7480	5332
7480	7455
7498	2913
7498	4588
7498	6958
7498	9818
7513	4477
7513	9568
7513	9668
7517	5174
7517	6999
7519	9086
7549	8617
7556	9277
7559	6677
7559	9788
7565	6099
7565	8334
7566	8218
7575	6503
7575	8197
7580	3581
7580	6981
7588	2621
7588	6555
7588	9423
7616	4728
7616	9304
7616	9668
7616	9877
7629	7315
7629	9129
7640	9380
7640	9401
7643	3926
7643	8852
7643	9857
7646	4684
7646	7017
7646	7339
7646	9577
7646	9689
7646	9968
7658	4527
7658	8961
7658	9968
7666	1198
7666	5448
7676	5606
7676	9866
7681	5919
7699	4317
7699	5738
7699	9105
7699	9289
7742	9279
7748	513
7748	4526
7748	7882
7748	8292
7748	9450
7754	114
7754	3166
7785	5145
7785	9917
7788	797
7788	6503
7788	8852
7849	4774
7849	5056
7849	7362
7853	231
7853	5919
7853	6514
7853	8465
7853	9907
7856	5150
7856	5308
7856	7059
7882	7292
7882	7748
7882	8292
7882	9450
7891	1613
7892	4640
7892	7952
7900	2363
7900	5174
7900	9498
7915	377
7915	1771
7915	4564
7915	6183
7943	9289
7951	1119
7951	3864
7951	5715
7952	4640
7952	5835
7952	6677
7952	7892
7960	6099
7973	6859
7973	8243
7977	4176
7977	6492
7977	7126
7977	9588
7978	8478
7978	8658
7978	9235
7985	5919
7985	7312
7985	9176
8005	8030
8005	9877
8023	418
8023	9786
8029	9245
8029	9794
8029	9977
8030	558
8030	8005
8030	8399
8063	4216
8063	4389
8063	8821
8070	701
8070	9968
8122	6012
8122	6501
8122	8740
8129	9458
8129	9588
8134	8848
8134	9968
8139	4298
8139	9078
8139	9615
8141	1566
8141	9537
8141	9889
8144	1390
8144	2844
8144	5332
8144	6999
8144	9841
8144	9959
8155	4598
8155	9513
8155	9689
8156	5000
8156	6948
8156	9861
8169	361
8169	3714
8169	9116
8192	6716
8197	6555
8197	7199
8197	7575
8197	9717
8200	7153
8203	1894
8203	2379
8218	4905
8218	7566
8218	9289
8221	1068
8221	6918
8243	7047
8243	7973
8250	9627
8256	1592
8256	3600
8269	4145
8269	6677
8269	9129
8287	258
8287	6399
8287	7277
8292	513
8292	7748
8292	7882
8292	9450
8316	311
8316	3565
8316	7179
8316	9794
8326	7472
8326	9295
8334	1830
8334	4792
8334	7565
8339	1560
8339	3013
8339	7047
8339	9086
8370	7315
8370	8729
8370	9121
8370	9977
8373	6651
8373	9534
8380	9715
8381	1739
8381	5226
8394	701
8394	9788
8399	7375
8399	8030
8417	7045
8417	9611
8420	9968
8438	1103
8438	6872
8438	9971
8440	1241
8440	9074
8440	9971
8448	7097
8461	8946
8465	7392
8465	7455
8465	7853
8465	9279
8476	6201
8476	8705
8476	9335
8478	7978
8499	5468
8499	6542
8504	1087
8504	7083
8504	9154
8504	9155
8504	9517
8539	2805
8539	3477
8539	7347
8539	8973
8544	7026
8544	9830
8552	2128
8552	8894
8552	9387
8555	7292
8583	3470
8583	4005
8583	4322
8583	9027
8588	990
8588	4629
8588	6716
8606	1658
8606	5149
8606	8894
8617	7549
8617	9304
8617	9456
8635	5041
8635	5302
8635	5727
8635	6997
8635	8928
8635	9380
8635	9593
8658	7978
8658	9877
8696	9877
8705	8476
8711	3245
8729	6157
8729	8370
8729	9121
8731	1528
8731	5915
8737	9010
8737	9066
8737	9786
8740	7050
8740	8122
8740	9092
8779	966
8779	3863
8779	3872
8779	7206
8779	7312
8807	4075
8807	5763
8807	5880
8807	8894
8809	5362
8814	949
8814	4389
8814	7455
8821	4774
8821	7108
8821	8063
8840	2054
8840	9917
8848	4595
8848	8134
8852	607
8852	5930
8852	7643
8852	7788
8860	9478
8870	2
8870	4238
8882	114
8882	4968
8882	9861
8889	5885
8889	9861
8894	4076
8894	5649
8894	8552
8894	8606
8894	8807
8894	9989
8926	451
8926	493
8926	674
8926	9638
8928	2608
8928	5117
8928	7402
8928	8635
8937	9068
8938	386
8938	9650
8942	2865
8942	4252
8942	6503
8944	558
8944	7404
8944	9380
8944	9425
8946	5363
8946	8461
8949	5659
8961	5571
8961	7342
8961	7658
8973	1965
8973	5344
8973	5434
8973	7292
8973	8539
8973	9866
9008	6051
9008	9816
9009	5165
9009	9026
9009	9857
9010	3666
9010	4655
9010	6848
9010	8737
9010	9066
9010	9786
9015	237
9015	4716
9015	5999
9015	9052
9015	9552
9015	9638
9026	9009
9027	2714
9027	6308
9027	8583
9052	9015
9052	9552
9066	8737
9066	9010
9066	9498
9068	1142
9068	6958
9068	8937
9070	2210
9074	812
9074	8440
9074	9588
9078	8139
9086	7519
9086	8339
9086	9866
9086	9907
9092	4477
9092	8740
9092	9925
9105	3216
9105	7699
9110	6234
9110	6859
9110	9380
9116	3391
9116	3714
9116	8169
9116	9521
9121	3388
9121	6090
9121	6105
9121	6157
9121	8370
9121	8729
9128	9817
9129	7629
9129	8269
9129	9920
9146	2135
9146	4148
9146	6086
9146	6824
9148	3409
9148	5540
9148	9387
9148	9917
9154	5955
9154	8504
9154	9500
9155	2865
9155	7083
9155	8504
9155	9517
9176	5085
9176	6222
9176	6495
9176	7985
9176	9889
9181	4980
9190	7472
9190	9676
9190	9816
9213	2242
9213	5226
9224	80
9224	3679
9224	5620
9224	6658
9224	9447
9235	7978
9235	9456
9245	3693
9245	3874
9245	8029
9245	9875
9252	3691
9252	7315
9259	3743
9259	3960
9259	5986
9261	6115
9261	7083
9261	9611
9265	6945
9265	9304
9265	9841
9276	4988
9277	3445
9277	7556
9277	9419
9277	9460
9279	215
9279	3013
9279	3132
9279	7742
9279	8465
9279	9907
9289	5606
9289	6048
9289	6357
9289	7699
9289	7943
9289	8218
9289	9866
9295	378
9295	6130
9295	7402
9295	8326
9304	3190
9304	4241
9304	5476
9304	7616
9304	8617
9304	9265
9304	9668
9324	3665
9335	6601
9335	8476
9335	9725
9380	3989
9380	7640
9380	8635
9380	8944
9380	9110
9387	8552
9387	9148
9394	372
9394	3190
9394	5028
9394	7126
9394	7267
9394	9419
9394	9588
9401	4527
9401	7640
9419	7126
9419	7267
9419	9277
9419	9394
9419	9588
9423	4968
9423	7588
9423	9959
9425	3989
9425	8944
9425	9456
9428	3393
9445	2532
9445	4004
9445	9824
9447	5665
9447	5999
9447	6658
9447	9224
9450	513
9450	7748
9450	7882
9450	8292
9454	3104
9454	4588
9454	5177
9456	4393
9456	7394
9456	8617
9456	9235
9456	9425
9456	9877
9458	3439
9458	6945
9458	7347
9458	8129
9458	9961
9460	3400
9460	4322
9460	5098
9460	9277
9460	9552
9478	386
9478	3245
9478	6782
9478	8860
9492	3072
9492	4813
9492	5643
9498	4366
9498	5080
9498	5209
9498	5783
9498	5921
9498	7900
9498	9066
9500	9154
9500	9521
9513	4598
9513	8155
9517	2865
9517	5891
9517	7034
9517	7083
9517	8504
9517	9155
9521	3984
9521	5097
9521	7002
9521	9116
9521	9500
9534	4881
9534	8373
9534	9788
9537	7229
9537	7292
9537	8141
9537	9961
9546	1125
9546	7362
9546	9816
9552	2328
9552	3103
9552	3683
9552	4716
9552	9015
9552	9052
9552	9460
9568	1628
9568	2494
9568	7513
9568	9841
9577	3960
9577	7017
9577	7339
9577	7646
9577	9689
9577	9717
9577	9989
9588	2520
9588	7977
9588	8129
9588	9074
9588	9394
9588	9419
9588	9928
9593	959
9593	4988
9593	6056
9593	8635
9593	9824
9594	123
9594	3802
9594	6726
9594	6988
9611	2739
9611	3509
9611	3878
9611	7217
9611	8417
9611	9261
9611	9925
9615	2311
9615	3178
9615	8139
9627	8250
9627	9889
9627	9942
9638	1926
9638	4684
9638	5035
9638	8926
9638	9015
9638	9971
9650	1613
9650	2084
9650	6220
9650	7034
9650	8938
9650	9725
9652	4114
9652	6542
9668	2035
9668	6542
9668	7513
9668	7616
9668	9304
9668	9989
9676	1651
9676	5098
9676	5897
9676	5963
9676	9190
9676	9816
9689	7017
9689	7339
9689	7646
9689	8155
9689	9577
9715	6908
9715	8380
9717	2351
9717	6555
9717	6848
9717	8197
9717	9577
9725	2237
9725	6549
9725	9335
9725	9650
9757	1119
9757	2351
9757	3891
9757	9818
9786	3666
9786	5915
9786	8023
9786	8737
9786	9010
9788	7559
9788	8394
9788	9534
9794	6057
9794	8029
9794	8316
9813	2916
9813	5306
9816	940
9816	5098
9816	5963
9816	6859
9816	9008
9816	9190
9816	9546
9816	9676
9817	5117
9817	6638
9817	9128
9818	810
9818	5145
9818	5799
9818	7498
9818	9757
9820	3041
9820	4526
9824	4713
9824	6957
9824	7461
9824	9445
9824	9593
9830	2510
9830	2656
9830	6677
9830	7026
9830	8544
9841	767
9841	6642
9841	8144
9841	9265
9841	9568
9857	4216
9857	5518
9857	7643
9857	9009
9861	1079
9861	4968
9861	5000
9861	6495
9861	8156
9861	8882
9861	8889
9866	3118
9866	4387
9866	5606
9866	7676
9866	8973
9866	9086
9866	9289
9875	2317
9875	3032
9875	6577
9875	7034
9875	9245
9877	7616
9877	8005
9877	8658
9877	8696
9877	9456
9885	364
9885	1079
9885	1176
9885	4792
9885	7059
9889	4256
9889	5919
9889	8141
9889	9176
9889	9627
9907	4764
9907	6514
9907	7853
9907	9086
9907	9279
9917	2293
9917	5715
9917	7456
9917	7785
9917	8840
9917	9148
9920	3227
9920	5597
9920	9129
9925	594
9925	1753
9925	3600
9925	5174
9925	5316
9925	6220
9925	7034
9925	9092
9925	9611
9925	9928
9928	594
9928	2363
9928	6220
9928	7034
9928	9588
9928	9925
9942	5508
9942	6872
9942	9627
9959	224
9959	393
9959	3926
9959	6651
9959	7108
9959	8144
9959	9423
9959	9961
9961	336
9961	1566
9961	9458
9961	9537
9961	9959
9968	791
9968	2520
9968	7646
9968	7658
9968	8070
9968	8134
9968	8420
9971	1926
9971	4684
9971	5035
9971	8438
9971	8440
9971	9638
9977	3400
9977	5149
9977	8029
9977	8370
9989	2035
9989	3166
9989	8894
9989	9577
9989	9668
