0.00029397460514	0.0132551362728	0.0132641117324
0.00029397460514	0.025061917753	0.0250788879467
0.00029397460514	0.03673752988	0.0367624059891
0.00029397460514	0.0497520036208	0.0497856922294
0.000293974605141	0.111337215489	0.111412605335
0.000293974605141	0.131509797305	0.131598846626
0.000293974605141	0.298713829707	0.29891609801
0.000293974605141	0.333333694514	0.33355940499
0.000293974605141	0.666667389029	0.66711880998
0.000293974605141	0.00111285131201	0.00111360485779
0.000293974605141	0.00111360485779	0.00111435891382
0.000293974605141	0.00140273766078	0.00140368749751
0.000293974605141	0.00167720347237	0.00167833915832
0.000293974605141	0.00357962317105	0.00358204704377
0.000293974605141	0.00391419049964	0.00391684091816
0.000293974605141	0.00420536084368	0.00420820842258
0.000293974605141	0.00506235163668	0.00506577951036
0.000293974605141	0.00599984366522	0.00600390634352
0.000293974605141	0.00600390634352	0.00600797177278
0.000293974605141	0.0120566804976	0.012064844446
0.000293974605141	0.0186949064547	0.0187075653496
0.000293974605141	0.0426367767424	0.0426656474126
0.000293974605141	0.0624577079689	0.0625
0.000587949210281	0.00505550284641	0.00506235163668
0.000587949210281	0.0836159440706	0.0837292202533
0.000587949210281	0.137239304513	0.137425225329
0.000587949210281	0.0816582345739	0.0817688586087
0.000881923815422	0.00131004140459	0.00131270441471
0.000881923815422	0.00213134013461	0.00213567265444
0.000881923815422	0.0028168926746	0.00282261876363
0.000881923815422	0.0969771766436	0.0971743087361
0.000881923815422	0.0100836661005	0.0101041638534
0.000881923815422	0.0218738588221	0.0219183233003
0.000881923815422	0.0718033672914	0.0719493268721
0.000881923815422	0.111111351899	0.111337215489
0.00117589842056	0.131598846626	0.131955647295
0.00117589842056	0.012064844446	0.0120975555578
0.00117589842056	0.0155827508763	0.015625
0.0014698730257	0.0833334236286	0.0836159440706
0.0014698730257	0.100044304161	0.100383478526
0.0014698730257	0.0526272246472	0.0528056436551
0.0014698730257	0.0971743087361	0.097503753123
0.00176384763084	0.00111435891382	0.00111889398458
0.00176384763084	0.0365886263197	0.03673752988
0.00205782223598	0.00111889398458	0.00112420823238
0.00205782223598	0.210366453007	0.211365599909
0.00205782223598	0.00391684091816	0.00393544416699
0.00235179684112	0.0249265689485	0.025061917753
0.00235179684112	0.651940632596	0.655480605762
0.00264577144627	0.00139421800091	0.00140273766078
0.00293974605141	0.111412605335	0.112169317188
0.00323372065655	0.0406636298156	0.0409675378601
0.00352769526169	0.00298776263076	0.00301213051837
0.00382166986683	0.0528056436551	0.0532723690518
0.00382166986683	0.00213567265444	0.00215454890701
0.00529154289253	0.0187075653496	0.0189368968637
0.00587949210281	0.137425225329	0.139298342824
0.00587949210281	0.0153732126815	0.0155827508763
0.00734936512852	0.655480605762	0.666667389029
0.0079373143388	0.00215454890701	0.00219428821745
0.0079373143388	0.00276587778441	0.0028168926746
0.00823128894394	0.0817688586087	0.0833334236286
0.0111710349953	0.097503753123	0.100044304161
0.0144047556519	0.0120975555578	0.0125055380201
0.0170505270982	0.131955647295	0.137239304513
0.0173445017033	0.0409675378601	0.0426367767424
0.0179324509136	0.0081749730364	0.00851959166145
0.0205782223598	0.0132641117324	0.0139077345822
0.0217541207804	0.200088608322	0.210366453007
0.0220480953855	0.125	0.131509797305
0.0223420699907	0.0682028843076	0.0718033672914
0.0241059176215	0.0497856922294	0.0526272246472
0.0246938668318	0.00282261876363	0.00298776263076
0.0246938668318	0.0219183233003	0.0232007057168
0.0252818160421	0.0125055380201	0.0132551362728
0.0261637398575	0.00131270441471	0.00139421800091
0.0285155366986	0.00199589286847	0.00213134013461
0.0288095113038	0.00393544416699	0.00420536084368
0.0291034859089	0.00764509423506	0.0081749730364
0.0291034859089	0.0189368968637	0.0202494065467
0.0311613081449	0.0232007057168	0.0249265689485
0.03145528275	0.155022214831	0.166666847257
0.0323372065655	0.0290076679294	0.03125
0.0329251557757	0.00219428821745	0.00236711210796
0.0329251557757	0.463494781271	0.5
0.033513104986	0.0202494065467	0.0218738588221
0.0379227240631	0.0625	0.0682028843076
0.0385106732734	0.00358204704377	0.00391419049964
0.0435082415608	0.0139077345822	0.0153732126815
0.043802216166	0.0367624059891	0.0406636298156
0.0440961907711	0.100383478526	0.111111351899
0.0464479876122	0.139298342824	0.155022214831
0.0470359368225	0.112169317188	0.125
0.0473299114276	0.29891609801	0.333333694514
0.0549732511613	0.0719493268721	0.0816582345739
0.0567370987921	0.0009765625	0.00111285131201
0.0632045401052	0.0250788879467	0.0290076679294
0.0637924893155	0.0837292202533	0.0969771766436
0.0664382607618	0.00112420823238	0.00131004140459
0.0667322353669	0.0426656474126	0.0497520036208
0.0676141591823	0.00236711210796	0.00276587778441
0.0684960829978	0.03125	0.0365886263197
0.069084032208	0.0532723690518	0.0624577079689
0.0729057020749	0.211365599909	0.25
0.07319967668	0.00851959166145	0.0100836661005
0.0734936512852	0.00506577951036	0.00599984366522
0.0749635243109	0.00301213051837	0.00357962317105
0.075257498916	0.00167833915832	0.00199589286847
0.0767273719417	0.0101041638534	0.0120566804976
0.077315321152	0.00140368749751	0.00167720347237
0.077315321152	0.25	0.298713829707
0.0779032703623	0.015625	0.0186949064547
0.079373143388	0.166666847257	0.200088608322
0.0796671179931	0.00420820842258	0.00505550284641
0.10465495943	0.00600797177278	0.00764509423506
0.115238045215	0.5	0.651940632596
0.142871658098	0.33355940499	0.463494781271
0.175796813874	0.66711880998	1
