0 182.68136158
0.0009765625 7267.8118272
0.00111285131201 7654.61303069
0.00111360485779 8017.89952881
0.00111435891382 8292.34332923
0.00111889398458 7896.08101525
0.00112420823238 7626.14018228
0.00131004140459 8681.91482158
0.00131270441471 9019.18451187
0.00139421800091 9400.10399676
0.00140273766078 8970.85888189
0.00140368749751 9128.98580235
0.00167720347237 9783.70234153
0.00167833915832 9658.71572121
0.00199589286847 10489.2645402
0.00213134013461 10389.3701881
0.00213567265444 10491.3255756
0.00215454890701 10960.3613764
0.00219428821745 10655.3169973
0.00236711210796 10637.7279651
0.00276587778441 11020.9739788
0.0028168926746 11447.5798854
0.00282261876363 11572.5875633
0.00298776263076 11762.3764321
0.00301213051837 11838.1274878
0.00357962317105 12084.5010702
0.00358204704377 12158.5440147
0.00391419049964 12490.2844746
0.00391684091816 12326.5486606
0.00393544416699 12095.8240709
0.00420536084368 12715.0975942
0.00420820842258 12615.7676615
0.00505550284641 12911.7678612
0.00506235163668 12996.5154246
0.00506577951036 12891.3091153
0.00599984366522 13384.2306756
0.00600390634352 13481.0301742
0.00600797177278 13420.2577986
0.00764509423506 14009.9135098
0.0081749730364 14175.3993969
0.00851959166145 14220.1478667
0.0100836661005 14407.4374518
0.0101041638534 14396.0365208
0.0120566804976 14915.3837432
0.012064844446 14965.6406432
0.0120975555578 15030.5893728
0.0125055380201 15053.6598465
0.0132551362728 15099.0635699
0.0132641117324 15059.2229119
0.0139077345822 15241.72637
0.0153732126815 15206.1725746
0.0155827508763 15550.6209111
0.015625 15470.9467285
0.0186949064547 15680.3945654
0.0187075653496 15696.0113879
0.0189368968637 15692.5740374
0.0202494065467 15824.9611117
0.0218738588221 15992.6899172
0.0219183233003 16147.7885587
0.0232007057168 15882.269962
0.0249265689485 16069.8940031
0.025061917753 16216.0165754
0.0250788879467 16066.7070041
0.0290076679294 16485.1080795
0.03125 16399.6983756
0.0365886263197 16520.1995762
0.03673752988 16569.8159698
0.0367624059891 16511.2582823
0.0406636298156 16576.6708014
0.0409675378601 16586.6898666
0.0426367767424 16640.387549
0.0426656474126 16705.8570727
0.0497520036208 16657.7850233
0.0497856922294 16729.3928628
0.0526272246472 16836.3901451
0.0528056436551 16780.6251928
0.0532723690518 16826.5218673
0.0624577079689 16738.3832412
0.0625 16855.7641279
0.0682028843076 16890.4619413
0.0718033672914 16860.6969397
0.0719493268721 16870.2789009
0.0816582345739 16806.8144452
0.0817688586087 16795.374933
0.0833334236286 16786.0929357
0.0836159440706 16685.1098585
0.0837292202533 16826.9128785
0.0969771766436 16683.6467495
0.0971743087361 16818.4031247
0.097503753123 16762.0042677
0.100044304161 16785.5903236
0.100383478526 16828.728018
0.111111351899 16754.5872358
0.111337215489 16783.6223273
0.111412605335 16580.7178699
0.112169317188 16700.9938587
0.125 16681.1562647
0.131509797305 16872.4209982
0.131598846626 16736.1360755
0.131955647295 16506.4814419
0.137239304513 16713.3779328
0.137425225329 16648.8397447
0.139298342824 16583.8152777
0.155022214831 16667.2327912
0.166666847257 16276.6749962
0.200088608322 16077.9294005
0.210366453007 15909.324393
0.211365599909 15995.360295
0.25 15363.3090882
0.298713829707 15310.5008994
0.29891609801 15202.3251105
0.333333694514 14392.0838228
0.33355940499 14346.1149749
0.463494781271 14147.2325679
0.5 11067.080049
0.651940632596 10973.0196719
0.655480605762 11206.2813701
0.666667389029 10438.4709413
0.66711880998 10896.1839052
1 0.0
