0 0.0
0.0009765625 33915.8408868
0.000990543403314 32973.5660323
0.000992556948155 36434.1307718
0.000999975027718 39771.5732198
0.00100132971378 37181.179801
0.00102187162955 45571.1171871
0.00108165860283 66095.7889145
0.00110310149274 62811.4456022
0.00110534384205 63588.9327528
0.0011060923043 65457.0568393
0.00116133507324 74668.3572338
0.00122016254222 83395.4941205
0.00124098649001 85938.8542995
0.00127418375314 88307.5142573
0.00127504654207 92173.7769417
0.00130473158028 95355.7553396
0.00130826906646 94383.6505773
0.0013829388922 100701.767572
0.00138762738921 102542.381611
0.00147479133706 106320.708255
0.00147678926622 109377.178475
0.00147778924556 104468.090573
0.00148681958495 104467.940182
0.00148984194409 103569.624969
0.00156530994016 111154.245776
0.00156743049667 112521.399246
0.001665888794 114768.717107
0.00167833915832 116513.747189
0.00172323591354 120675.984271
0.00172440276947 117933.312974
0.00175264558106 122233.816066
0.00182776571961 125017.423514
0.00192165158519 128139.887026
0.00195444752088 129194.810704
0.00198645807786 128260.835643
0.00203270586725 132205.904419
0.00203408227478 129284.035086
0.00213278333044 133599.097238
0.00214001398127 134465.662297
0.00215892860489 135087.176802
0.00224993893655 138134.623529
0.00226062514382 137035.205774
0.00228524173766 139574.203863
0.00231012638864 138726.151638
0.00235114319744 140614.488652
0.00242550353921 142569.118037
0.00258310197188 147699.197681
0.00258835281867 145427.899673
0.00269746566657 148211.576168
0.00270111997697 148269.638197
0.00279221355155 149651.475901
0.00283794530439 150795.905725
0.002941607168 153774.805131
0.0029435990205 153966.712694
0.00308643313018 155087.247842
0.00308852304879 154818.526951
0.00309061438254 154027.690002
0.00312850147594 156074.346188
0.00321436616827 156048.300524
0.00342785889226 160946.748739
0.00343018000073 160130.13001
0.00361860271172 160564.751651
0.00366048366037 162173.93011
0.00380190315933 164737.464841
0.00394077559149 165589.310377
0.00394344401159 165490.816184
0.00405441908918 166188.017127
0.00405716446079 165654.448481
0.00428872826603 167680.393946
0.00430035618798 168592.77125
0.00444237493083 169967.012619
0.00444538299925 169777.8666
0.00476315368036 172147.531048
0.0047728360663 172510.036188
0.00491712671699 172710.988745
0.00493713779005 173194.042653
0.00495723030153 172443.477873
0.00520833897679 175500.201025
0.00523307626583 176810.832979
0.00534766571474 178533.112811
0.00540223995394 178056.128728
0.00540589797642 177544.458858
0.00556932712541 178788.923436
0.00573769700522 180187.782287
0.00599578373602 181096.581792
0.00599984366522 182524.981867
0.00616451506917 183041.493966
0.00616868925153 183855.991733
0.00620218462417 182133.921889
0.00620638431374 182470.390096
0.00638104229765 185045.220533
0.00638536309725 184106.630446
0.00640701102105 183765.425142
0.00642003498743 184672.998622
0.00642873233654 184016.813976
0.00658285751953 185681.864391
0.00658731497441 186130.328714
0.00662308344332 186039.665587
0.00664104044421 185993.082423
0.00672245135106 186051.662797
0.00676353029207 185980.849896
0.00691631239869 187383.692879
0.00713988814152 186937.740283
0.0073308851808 188809.43197
0.00736071944935 190379.969427
0.00748634143181 189121.799183
0.00756786234514 190299.752265
0.00790292023605 192244.330234
0.00790827154591 193056.843323
0.00798357147386 191671.030769
0.00838797956763 193845.440852
0.0084050303833 193381.351043
0.00865912821659 194210.654157
0.00885473018675 194851.043353
0.00889678620904 194636.981936
0.00945563869002 195757.69274
0.00949411999985 196638.123195
0.0098742755801 197389.276266
0.00992117398864 197112.854829
0.00996829514372 196564.325105
0.0100427952584 197065.945736
0.0104237314059 198774.42644
0.0111085359544 199391.883839
0.0111386542508 199989.378932
0.0117187373022 200191.820581
0.011726672419 199687.327854
0.0120485220735 201041.703455
0.0125819557184 201058.679639
0.0131390064883 201608.921317
0.0131568061618 201333.582405
0.0131657150391 201485.300842
0.0131924778821 201436.890102
0.0132820808884 201763.989082
0.0138889189873 201951.044806
0.014011676912 202092.696423
0.0158809111705 202872.574119
0.0184560083874 202704.861474
0.0185813611719 202937.446464
0.0370371574308 203124.475158
0.0370622364269 203059.917941
0.0386769324806 203135.016418
0.0387031218187 203080.90085
0.0449179999203 203103.430075
0.0470338666132 202888.964298
0.0470657146879 203045.344118
0.0470975843279 203106.143273
0.0482593777841 202794.544736
0.050123835506 203057.174832
0.0555180829513 202997.582873
0.0555556759493 202994.111843
0.0556309383286 203005.5126
0.0595672869766 202962.964727
0.059607621815 202944.637947
0.0596883734459 202984.102541
0.0605428987611 202977.675707
0.0605838942161 202883.202441
0.0606659684228 202996.932714
0.062120400338 202946.870696
0.0639550958156 202788.627593
0.0639984017739 202846.499274
0.0647391058501 202616.32801
0.0649585870619 202808.298569
0.0666962750423 202768.649798
0.0689455650244 202614.878211
0.0689922501826 202549.94166
0.0694138417163 202602.264143
0.0694608439591 202499.043648
0.0714639453986 202372.256989
0.0715123358295 202627.792011
0.0727328036736 202321.205259
0.0743254446877 202292.464842
0.0743757727275 202332.76593
0.0744261348461 202309.214975
0.0744765310663 202162.399533
0.0745269614114 202420.269621
0.0751347957158 202278.744171
0.0769361094947 201971.019761
0.0770925027491 202015.593517
0.0800167205833 201490.951001
0.0800709023607 201720.852356
0.0832770341927 201811.08642
0.0833334236286 201340.864843
0.0833898512475 201485.721157
0.0842979071915 201483.00789
0.0862021216014 201376.609559
0.0862604917038 201272.815663
0.0884481981114 201232.645789
0.0889886792726 200934.325783
0.0895930883355 200936.724042
0.0905074077589 201173.870112
0.0909372776112 200777.117012
0.0930544368453 200310.290111
0.0947707678792 200154.541081
0.0948349400749 200572.611899
0.0961926392779 200075.5461
0.0963229533598 199825.294159
0.0997062757941 199591.829506
0.100044304161 199050.210219
0.10011204723 199219.948727
0.10397978627 198534.259939
0.104756900701 198793.565294
0.105325720313 198272.511303
0.105682799954 198724.545433
0.106328596745 198443.695249
0.106400595101 198362.431943
0.111111351899 196876.09453
0.111563538207 197205.194937
0.115952156953 196419.952258
0.116030671718 196861.555762
0.116109239647 196453.103189
0.117135477132 196461.310015
0.117532594703 196538.558346
0.117691818447 196030.154746
0.11777151119 196530.075105
0.119134573953 196189.321015
0.119700410087 195808.833912
0.121003862093 195892.289114
0.121331936846 195869.440557
0.125 194851.77599
0.125084641337 194251.498842
0.125169339987 194439.247261
0.125254095988 194288.410432
0.125423780204 194164.748083
0.125678737639 194539.50349
0.127564329647 193791.863673
0.133302287015 193575.367927
0.133392550085 192794.205054
0.136405768615 192337.385179
0.136498133148 192559.987711
0.136590560223 192282.463761
0.136683049884 192279.823207
0.13948705306 192340.15057
0.140054719051 191870.230371
0.142927890797 190191.195915
0.143024671659 190397.041311
0.143121518054 189576.21826
0.149559251637 189614.833137
0.149660522797 189710.411306
0.150167908132 189061.719632
0.150269591432 189121.359382
0.153872218989 187963.686404
0.154185005498 187991.136549
0.154289408898 188074.768808
0.157774668799 187617.204779
0.158631369649 187141.957056
0.166666847257 184087.700091
0.173105871228 183316.126764
0.1759410537 183101.929253
0.176537536384 182976.58775
0.180159139891 183003.749834
0.183606304167 180841.296508
0.187626758703 178989.410993
0.191346287138 178707.121342
0.191475853582 179842.117605
0.192385278556 178897.18689
0.192515548533 178974.741229
0.199953213864 178487.723689
0.200088608322 175681.020235
0.20022409446 175825.332276
0.20599812698 174443.617166
0.209230352881 174636.144237
0.209655669627 174486.075249
0.213811901021 174365.491133
0.214101556256 174649.58505
0.214391603893 173839.38287
0.214536775029 172521.179106
0.222222703797 171426.387173
0.230808078394 169079.622919
0.231120758689 169418.52617
0.231747390635 169113.114343
0.236821997698 167815.437967
0.245804960821 167665.3018
0.245971402904 167248.495155
0.249830831876 168225.58627
0.25 163430.359815
0.261245223064 161647.818917
0.261422120223 162991.366003
0.26391129459 161329.574677
0.268233716881 159384.888637
0.271705784903 159460.214903
0.272811537231 157669.148505
0.272996266296 158012.104639
0.273551204345 157953.815225
0.273736434261 158268.107247
0.274850450658 158860.717952
0.280678835579 158488.95675
0.285855781594 155622.415442
0.288382332619 155219.358555
0.291325344998 154027.593132
0.292115208138 154897.844181
0.300132587277 153252.768867
0.307744437979 151507.46008
0.313845189256 151206.718171
0.3279622259 150452.461327
0.328184299189 150414.416833
0.329519900317 148009.870679
0.333333694514 142008.515478
0.334690251971 141826.267427
0.347385483918 141124.517299
0.350930637916 140725.111081
0.363502971426 141115.688952
0.363749110445 138226.975585
0.364488527963 139443.857199
0.375253517407 136307.923808
0.399635822047 134381.92312
0.400177216645 130356.10328
0.401262207148 131174.564065
0.417894575667 129160.919074
0.41817754491 129886.973567
0.423303882183 129756.641296
0.428783207787 127290.9706
0.429073550057 127097.225725
0.439360343154 125310.739621
0.440253460759 125514.231466
0.444445407594 123990.298485
0.445952184918 124857.931251
0.44625415283 124182.511493
0.456025846352 124727.4882
0.499323556445 123020.648194
0.499661663751 122865.518364
0.5 106031.471989
0.500338565347 103625.155126
0.500677359946 103559.872415
0.502374777175 104073.67928
0.518965643415 103081.952874
0.522136891214 104272.308775
0.55531073373 103260.234266
0.555686751672 101655.300584
0.569394317378 101923.265075
0.595409078769 98474.9397181
0.597023396549 98392.0562778
0.600265174554 94140.9669089
0.619669262247 93766.7771085
0.620088859324 93806.7892812
0.628540723154 93777.0667104
0.631098675197 94331.2688992
0.663067000783 93361.8252571
0.666667389029 82791.7603926
0.66711880998 82830.7369518
0.667570536602 81544.450264
0.746959310968 80611.2607452
0.750507034813 76256.4359444
0.753561349247 76437.3447686
0.754582213797 76997.2130491
0.800354433289 75455.6696727
0.801438689361 74124.6690248
0.979897753126 74868.2779099
1 0.0
