0 266.434241349
0.0009765625 7451.31223904
0.00106711375175 8206.86869597
0.00106783632722 7509.64900398
0.00107654549151 7779.56997756
0.0011379896289 7759.97834518
0.00114416880005 8172.78408588
0.00116133507324 8328.1892477
0.00139610677577 8673.86485661
0.00141993348213 9443.93834588
0.00163461213188 9491.02983292
0.00195974656569 10210.6393124
0.00196107357024 10242.1962155
0.00196639058008 9960.63164084
0.00196905448851 9813.77268455
0.00197974625967 9913.33912636
0.00218243779603 10586.7130235
0.00221968444895 10766.9810593
0.00242058305565 11073.5720003
0.00256915173203 11298.9694664
0.00257437422122 10862.2775688
0.0028824742545 11276.1431731
0.00288442606629 11472.7989962
0.00301213051837 11399.7744648
0.00378649338851 12249.602857
0.0037890573394 12284.9426047
0.00454887833046 12664.376237
0.00456121159078 12580.0095215
0.00457048347533 12484.8882315
0.0046077598729 12567.5639628
0.00499427918709 12932.2941876
0.00506577951036 13062.9810536
0.00610224021231 13196.1157106
0.00610637222645 13342.2070502
0.00693506442393 13465.3322625
0.00713988814152 13529.3494625
0.00872384400159 13996.6849028
0.00872975118412 13996.6241791
0.00997504498232 14200.3861254
0.00998855837418 14097.8827479
0.0100088627951 14236.2144107
0.0104025853642 14300.4844903
0.0118623944654 14385.5195915
0.0124464230574 14699.1292885
0.0135913080936 14698.0438923
0.0136005111855 14729.2400359
0.013609720509 14614.2028726
0.0148716747905 15038.2358586
0.0149625512609 14978.885941
0.016338882514 15258.3639262
0.0164944559119 15087.2143709
0.0179995114924 15322.3760885
0.0182572005086 15356.5077642
0.020469908127 15495.8690122
0.0204837689301 15463.6175468
0.0208333559071 15678.2403918
0.0209464789696 15563.518255
0.0230754085303 15788.8985572
0.0255241691906 15863.9314013
0.0255760539026 15866.1946495
0.0279097703258 15906.8079665
0.0280233538239 15910.8474357
0.0280423292969 16012.7237054
0.0322820274694 16082.9708353
0.0326114734712 16015.7699327
0.0326335557009 16124.2206574
0.0344261447291 16194.1445682
0.0362680691259 16214.5456882
0.040608616515 16262.7732226
0.0406911644074 16300.6860236
0.0416667118143 16485.580814
0.0416949256237 16256.5152515
0.0423204858418 16449.9211152
0.0536705111159 16400.0518756
0.0537068530663 16467.1558493
0.0573903954264 16486.1104775
0.0574292562247 16605.7674302
0.0574681433367 16616.4049933
0.0663360767056 16401.383088
0.0680184675337 16580.4915383
0.0681567332916 16570.6750367
0.0833334236286 16574.7610876
0.0834463170752 16586.4909487
0.0837292202533 16654.4230307
0.100044304161 16590.7611374
0.10011204723 16557.4830422
0.105969335093 16581.177263
0.111111351899 16491.0643854
0.111261876657 16535.0605654
0.125 16374.4329727
0.145465607347 16404.1859636
0.166666847257 15828.2182621
0.167912466398 15933.1959143
0.190699768843 15820.4953546
0.211508722044 15755.6143144
0.211651941091 15775.6557359
0.25 15169.1776885
0.29750309091 15183.5453963
0.297704539384 15129.03142
0.297906124265 15078.6255833
0.333333694514 14091.2021866
0.33355940499 14456.3759768
0.333785268301 14529.2634566
0.49763644864 14353.41378
0.5 11199.7737795
0.508533267932 11255.0487141
0.594201205627 10967.0754674
0.691954940982 10700.682943
1 0.0
