0.00029397460514	0.0013216202729	0.00132251518256
0.00029397460514	0.0834463170752	0.0835028211378
0.000293974605141	0.125084641337	0.125169339987
0.000293974605141	0.182985937624	0.183109843018
0.000293974605141	0.199953213864	0.200088608322
0.000293974605141	0.200088608322	0.20022409446
0.000293974605141	0.270971107699	0.271154590553
0.000293974605141	0.333333694514	0.33355940499
0.000293974605141	0.502374777175	0.502714950556
0.000293974605141	0.544884908037	0.545253866333
0.000293974605141	0.668474907687	0.668927552565
0.000293974605141	0.666667389029	0.66711880998
0.000293974605141	0.762282910217	0.762799075372
0.000293974605141	0.5	0.500338565347
0.000293974605141	0.00131983226987	0.00132072596881
0.000293974605141	0.00132072596881	0.0013216202729
0.000293974605141	0.00150097658588	0.00150199294319
0.000293974605141	0.00436487559206	0.00436783118329
0.000293974605141	0.00436783118329	0.00437078877585
0.000293974605141	0.00488065016888	0.00488395500692
0.000293974605141	0.00697744258146	0.00698216722199
0.000293974605141	0.0199500899646	0.0199635987829
0.000293974605141	0.0200312802066	0.0200448440012
0.000293974605141	0.0330112496285	0.0330336025588
0.000293974605141	0.112093415296	0.112169317188
0.000293974605141	0.166666847257	0.166779702495
0.000293974605141	0.269872814951	0.270055554117
0.000293974605141	0.300335816264	0.300539182863
0.000587949210281	0.00657395165645	0.00658285751953
0.000587949210281	0.00767620723012	0.00768660634075
0.000587949210281	0.0833334236286	0.0834463170752
0.000587949210281	0.111941765559	0.112093415296
0.000587949210281	0.270055554117	0.270421403748
0.000587949210281	0.501695120815	0.502374777175
0.000587949210281	0.235065189406	0.235383636894
0.000587949210281	0.33355940499	0.334011284551
0.000881923815422	0.142927890797	0.143218430027
0.000881923815422	0.0125904753467	0.012616068861
0.000881923815422	0.015053983051	0.0150845843046
0.000881923815422	0.270421403748	0.270971107699
0.000881923815422	0.29750309091	0.298107845646
0.000881923815422	0.66711880998	0.668474907687
0.00117589842056	0.00698216722199	0.00700109779778
0.00117589842056	0.099976606932	0.100247671012
0.00117589842056	0.234429586317	0.235065189406
0.00117589842056	0.500338565347	0.501695120815
0.0014698730257	0.00765027096302	0.00767620723012
0.0014698730257	0.0199635987829	0.0200312802066
0.0014698730257	0.0593258504638	0.0595269794318
0.0014698730257	0.0996388072995	0.099976606932
0.00176384763084	0.13000514503	0.130534222803
0.00176384763084	0.100247671012	0.100655645747
0.00176384763084	0.166779702495	0.167458440507
0.00205782223598	0.00113107794124	0.0011364500574
0.00264577144627	0.041610341457	0.0418646101267
0.00293974605141	0.125169339987	0.126019487265
0.00323372065655	0.298107845646	0.300335816264
0.00323372065655	0.111111351899	0.111941765559
0.00352769526169	0.00276400619098	0.00278654914387
0.00382166986683	0.403168023809	0.406731445119
0.00411564447197	0.00237674546827	0.00239937604708
0.00411564447197	0.145564106575	0.14695011952
0.00470359368225	0.045530236075	0.0460260278397
0.00558551749767	0.012616068861	0.0127793736452
0.00587949210281	0.334011284551	0.338563886734
0.00617346670795	0.00111511348044	0.00113107794124
0.00676141591823	0.750507034813	0.762282910217
0.00705539052337	0.143218430027	0.145564106575
0.0094071873645	0.0257149293462	0.0262780129767
0.0094071873645	0.372974379673	0.381141455108
0.0114650096005	0.081162275562	0.0833334236286
0.0129348826262	0.00328920154045	0.0033886394897
0.0135228318365	0.00488395500692	0.00503842138049
0.0135228318365	0.126019487265	0.13000514503
0.0152866794673	0.300539182863	0.311306207544
0.0176384763084	0.0150845843046	0.0157098422049
0.0185204001239	0.00239937604708	0.00250391002582
0.0220480953855	0.00178255716972	0.0018753898566
0.0243998922267	0.381141455108	0.403168023809
0.0252818160421	0.00658285751953	0.00697744258146
0.0261637398575	0.235383636894	0.25
0.0273396382781	0.20022409446	0.213233765632
0.0279275874884	0.00278654914387	0.00297162699006
0.0288095113038	0.0759529599988	0.081162275562
0.0296914351192	0.311306207544	0.333333694514
0.0329251557757	0.0022032182419	0.00237674546827
0.0332191303809	0.25	0.269872814951
0.0332191303809	0.00204097830519	0.0022032182419
0.0349829780117	0.502714950556	0.544884908037
0.0364528510374	0.0418646101267	0.045530236075
0.0367468256426	0.0018753898566	0.00204097830519
0.0382166986683	0.183109843018	0.199953213864
0.0385106732734	0.167458440507	0.182985937624
0.0385106732734	0.00700109779778	0.00765027096302
0.0388046478786	0.0460260278397	0.0503278228734
0.0393925970888	0.130534222803	0.142927890797
0.0402745209043	0.271154590553	0.29750309091
0.0411564447197	0.213233765632	0.234429586317
0.0420383685351	0.338563886734	0.372974379673
0.0423323431402	0.0200448440012	0.0220970869121
0.0429202923505	0.100655645747	0.111111351899
0.0429202923505	0.00250391002582	0.00276400619098
0.0440961907711	0.00297162699006	0.00328920154045
0.0446841399814	0.0595269794318	0.0659778236475
0.0458600384019	0.00970201415682	0.010782561463
0.0470359368225	0.00870614642653	0.00970201415682
0.0473299114276	0.112169317188	0.125084641337
0.0479178606379	0.00437078877585	0.00488065016888
0.0499756828739	0.668927552565	0.750507034813
0.0505636320842	0.0033886394897	0.00380705367317
0.0540913273459	0.00768660634075	0.00870614642653
0.0546792765562	0.14695011952	0.166666847257
0.0549732511613	0.00132251518256	0.00150097658588
0.0549732511613	0.00579232944527	0.00657395165645
0.0593828702384	0.00380705367317	0.00436487559206
0.060558768659	0.00503842138049	0.00579232944527
0.0611467178692	0.0659778236475	0.0759529599988
0.0649683877361	0.0011364500574	0.00131983226987
0.0658503115515	0.0220970869121	0.0257149293462
0.0673201845772	0.010782561463	0.0125904753467
0.071141854444	0.0127793736452	0.015053983051
0.0714358290492	0.0503278228734	0.0593258504638
0.0743755751006	0.00150199294319	0.00178255716972
0.0767273719417	0.0835028211378	0.0996388072995
0.0873104577268	0.545253866333	0.666667389029
0.0896622545679	0.406731445119	0.5
0.0990694419324	0.0262780129767	0.0330112496285
0.100245340353	0.0330336025588	0.041610341457
0.103773035615	0.0157098422049	0.0199500899646
