0.00029397460514	0.00412640620356	0.00412920031985
0.00029397460514	0.00417133982108	0.0041741643633
0.00029397460514	0.0104307896344	0.0104378526422
0.00029397460514	0.0588060898151	0.0588459092235
0.00029397460514	0.0740743148617	0.0741244728538
0.00029397460514	0.0769361094947	0.0769882052959
0.00029397460514	0.0985654993819	0.0986322411068
0.00029397460514	0.138077933906	0.138171430713
0.000293974605141	0.100044304161	0.10011204723
0.000293974605141	0.105325720313	0.105397039591
0.000293974605141	0.106184746157	0.106256647107
0.000293974605141	0.109840085788	0.109914461882
0.000293974605141	0.111714675552	0.111790320988
0.000293974605141	0.118973398324	0.119053958864
0.000293974605141	0.125	0.125084641337
0.000293974605141	0.125084641337	0.125169339987
0.000293974605141	0.125169339987	0.125254095988
0.000293974605141	0.125254095988	0.125338909381
0.000293974605141	0.130445893885	0.130534222803
0.000293974605141	0.135852892452	0.135944882615
0.000293974605141	0.142927890797	0.143024671659
0.000293974605141	0.143024671659	0.143121518054
0.000293974605141	0.150575054635	0.150677013626
0.000293974605141	0.153872218989	0.153976410592
0.000293974605141	0.181628499481	0.181751485713
0.000293974605141	0.181751485713	0.181874555222
0.000293974605141	0.200088608322	0.20022409446
0.000293974605141	0.214682044464	0.214827412265
0.000293974605141	0.222222703797	0.222373177611
0.000293974605141	0.222373177611	0.222523753314
0.000293974605141	0.230651896915	0.230808078394
0.000293974605141	0.234747172741	0.234906127257
0.000293974605141	0.236661746766	0.236821997698
0.000293974605141	0.25	0.250169282673
0.000293974605141	0.285855781594	0.286049343318
0.000293974605141	0.296297259447	0.296497891415
0.000293974605141	0.303606258879	0.303811839995
0.000293974605141	0.311517002532	0.311727940256
0.000293974605141	0.428493061982	0.428783207787
0.000293974605141	0.429073550057	0.429364088928
0.000293974605141	0.429364088928	0.429654824531
0.000293974605141	0.498985677928	0.499323556445
0.000293974605141	0.500338565347	0.500677359946
0.000293974605141	0.571324701697	0.571711563189
0.000293974605141	0.600265174554	0.600671632528
0.000293974605141	0.331533500392	0.3317579919
0.000293974605141	0.374999593672	0.375253517407
0.000293974605141	0.428783207787	0.429073550057
0.000293974605141	0.444445407594	0.444746355221
0.000293974605141	0.444746355221	0.445047506629
0.000293974605141	0.5	0.500338565347
0.000293974605141	0.556816333868	0.557193371298
0.000293974605141	0.600671632528	0.601078365726
0.000293974605141	0.804700278717	0.805245165975
0.000293974605141	0.0009765625	0.000977223760442
0.000293974605141	0.0010541906834	0.00105490450827
0.000293974605141	0.0018314811431	0.0018327212952
0.000293974605141	0.00195974656569	0.00196107357024
0.000293974605141	0.00210410421129	0.00210552896483
0.000293974605141	0.00222570262401	0.00222720971557
0.000293974605141	0.0022713621058	0.0022729001148
0.000293974605141	0.00248533535818	0.00248701825504
0.000293974605141	0.00264682139636	0.00264861364036
0.000293974605141	0.00283602494486	0.00283794530439
0.000293974605141	0.00340473401713	0.00340703946703
0.000293974605141	0.00653844852752	0.0065428759117
0.000293974605141	0.00668162190689	0.00668614623817
0.000293974605141	0.00668614623817	0.006690673633
0.000293974605141	0.00793508249733	0.00794045558524
0.000293974605141	0.00794045558524	0.00794583231144
0.000293974605141	0.00906088188024	0.00906701728146
0.000293974605141	0.0476426818886	0.0476749422108
0.000293974605141	0.0611193680804	0.0611607538805
0.000293974605141	0.0666511435073	0.0666962750423
0.000293974605141	0.0769882052959	0.0770403363727
0.000293974605141	0.0832770341927	0.0833334236286
0.000293974605141	0.0869051773228	0.0869640234857
0.000293974605141	0.0938769032702	0.0939404702028
0.000293974605141	0.0943866455718	0.0944505576665
0.000293974605141	0.166666847257	0.166779702495
0.000293974605141	0.185229117928	0.185354542249
0.000293974605141	0.243486562858	0.243651435083
0.000587949210281	0.00185393282699	0.00185644438667
0.000587949210281	0.00727157892394	0.00728142987655
0.000587949210281	0.0763137027104	0.0764170864015
0.000587949210281	0.119862570614	0.120024950823
0.000587949210281	0.12440911216	0.124577651659
0.000587949210281	0.150677013626	0.150881138773
0.000587949210281	0.206416873361	0.206696510406
0.000587949210281	0.214391603893	0.214682044464
0.000587949210281	0.380883547168	0.381399537686
0.000587949210281	0.499323556445	0.5
0.000587949210281	0.150371343584	0.150575054635
0.000587949210281	0.150881138773	0.151085540453
0.000587949210281	0.181874555222	0.1821209443
0.000587949210281	0.190312906874	0.190570727554
0.000587949210281	0.333333694514	0.333785268301
0.000587949210281	0.00105490450827	0.00105633360839
0.000587949210281	0.00113721958261	0.00113876019661
0.000587949210281	0.00152762675963	0.00152969626599
0.000587949210281	0.0065428759117	0.00655173967585
0.000587949210281	0.134936407475	0.135119208511
0.000881923815422	0.00152969626599	0.00153280578346
0.000881923815422	0.00165241189097	0.00165577086083
0.000881923815422	0.00248029349716	0.00248533535818
0.000881923815422	0.00342322138615	0.00343018000073
0.000881923815422	0.0048542918442	0.00486415949287
0.000881923815422	0.00569513324942	0.00570671013352
0.000881923815422	0.00699636034745	0.00701058232423
0.000881923815422	0.00895721297634	0.00897542091142
0.000881923815422	0.0833334236286	0.0835028211378
0.000881923815422	0.18089232777	0.181260039889
0.000881923815422	0.242992615268	0.243486562858
0.000881923815422	0.0511867444674	0.0512907952389
0.000881923815422	0.153976410592	0.154289408898
0.000881923815422	0.181260039889	0.181628499481
0.000881923815422	0.621349356057	0.622612415088
0.000881923815422	0.310885045389	0.311517002532
0.000881923815422	0.00387202689122	0.00387989782322
0.000881923815422	0.0041741643633	0.00418264947066
0.00117589842056	0.00277901447127	0.00278654914387
0.00117589842056	0.00868260549488	0.00870614642653
0.00117589842056	0.115404039197	0.115716931289
0.00117589842056	0.264089997028	0.264806017648
0.00117589842056	0.149154851809	0.149559251637
0.00117589842056	0.230808078394	0.231433862578
0.00117589842056	0.00865912821659	0.00868260549488
0.0014698730257	0.128517708038	0.128953414122
0.0014698730257	0.000977223760442	0.000980536785118
0.0014698730257	0.00106135072228	0.00106494895768
0.0014698730257	0.664414862103	0.666667389029
0.0014698730257	0.124577651659	0.125
0.00176384763084	0.185354542249	0.186108873691
0.00176384763084	0.00137175103056	0.00137733360177
0.00176384763084	0.00282453004543	0.00283602494486
0.00176384763084	0.0066545401381	0.00668162190689
0.00176384763084	0.0113134259699	0.0113594678571
0.00176384763084	0.349035410154	0.35045586838
0.00176384763084	0.266785100169	0.267870826944
0.00205782223598	0.00105633360839	0.00106135072228
0.00205782223598	0.0939404702028	0.0943866455718
0.00205782223598	0.3317579919	0.333333694514
0.00205782223598	0.00340703946703	0.00342322138615
0.00205782223598	0.0082976243624	0.00833703438029
0.00235179684112	0.00387989782322	0.00390096528473
0.00235179684112	0.135119208511	0.135852892452
0.00235179684112	0.149559251637	0.150371343584
0.00235179684112	0.267870826944	0.269325339045
0.00235179684112	0.0509103065373	0.0511867444674
0.00235179684112	0.111111351899	0.111714675552
0.00235179684112	0.300132587277	0.301762277547
0.00235179684112	0.363749110445	0.365724232144
0.00235179684112	0.800354433289	0.804700278717
0.00264577144627	0.00555050955684	0.00558442710309
0.00264577144627	0.157774668799	0.158738783818
0.00264577144627	0.301762277547	0.303606258879
0.00264577144627	0.0046077598729	0.00463591655059
0.00293974605141	0.066201504412	0.0666511435073
0.00293974605141	0.0714639453986	0.0719493268721
0.00293974605141	0.119053958864	0.119862570614
0.00293974605141	0.0764170864015	0.0769361094947
0.00293974605141	0.0954790568067	0.0961275483645
0.00323372065655	0.264806017648	0.266785100169
0.00323372065655	0.00124350912752	0.00125280275008
0.00323372065655	0.00294958267412	0.00297162699006
0.00323372065655	0.0606659684228	0.0611193680804
0.00323372065655	0.105397039591	0.106184746157
0.00323372065655	0.222523753314	0.224186830591
0.00323372065655	0.234906127257	0.236661746766
0.00352769526169	0.145662672499	0.146850682416
0.00352769526169	0.175109362266	0.176537536384
0.00352769526169	0.250169282673	0.252209637855
0.00352769526169	0.186108873691	0.187626758703
0.00382166986683	0.00222720971557	0.00224689502317
0.00382166986683	0.0645203662185	0.065090632793
0.00382166986683	0.26177627397	0.264089997028
0.00382166986683	0.00418264947066	0.00421961803308
0.00382166986683	0.00749648332747	0.00756274138083
0.00411564447197	0.00264861364036	0.00267383285737
0.00411564447197	0.068573219225	0.0692261505814
0.00411564447197	0.0639118191612	0.0645203662185
0.00411564447197	0.198201400593	0.200088608322
0.00411564447197	0.00897542091142	0.00906088188024
0.00440961907711	0.00185644438667	0.0018753898566
0.00440961907711	0.0036654425904	0.00370284933034
0.00440961907711	0.208947287833	0.211079646113
0.00440961907711	0.00412920031985	0.00417133982108
0.00470359368225	0.0944505576665	0.0954790568067
0.00470359368225	0.00224689502317	0.0022713621058
0.00470359368225	0.109914461882	0.111111351899
0.00470359368225	0.120024950823	0.121331936846
0.00470359368225	0.154289408898	0.155969510406
0.00470359368225	0.206696510406	0.208947287833
0.00499756828739	0.000980536785118	0.000991885312166
0.00499756828739	0.0018327212952	0.00185393282699
0.00499756828739	0.128953414122	0.130445893885
0.00499756828739	0.155969510406	0.157774668799
0.00529154289253	0.296497891415	0.300132587277
0.00558551749767	0.00854847513578	0.00865912821659
0.00558551749767	0.269325339045	0.272811537231
0.00587949210281	0.00278654914387	0.00282453004543
0.00587949210281	0.00533320592658	0.00540589797642
0.00587949210281	0.138171430713	0.140054719051
0.00587949210281	0.0104378526422	0.0105801214604
0.00617346670795	0.00113876019661	0.00115506319432
0.00617346670795	0.187626758703	0.190312906874
0.00617346670795	0.231433862578	0.234747172741
0.00617346670795	0.0986322411068	0.100044304161
0.00617346670795	0.0704552763108	0.0714639453986
0.00646744131309	0.0597692344728	0.0606659684228
0.00646744131309	0.375253517407	0.380883547168
0.00676141591823	0.00453657841858	0.0046077598729
0.00676141591823	0.00655173967585	0.0066545401381
0.00676141591823	0.281439833103	0.285855781594
0.00676141591823	0.146850682416	0.149154851809
0.00676141591823	0.211079646113	0.214391603893
0.00676141591823	0.252209637855	0.256166948224
0.00676141591823	0.00137733360177	0.00139894473682
0.00676141591823	0.0588459092235	0.0597692344728
0.00676141591823	0.135944882615	0.138077933906
0.00705539052337	0.103628460749	0.105325720313
0.00734936512852	0.00498077493628	0.00506577951036
0.00734936512852	0.1821209443	0.185229117928
0.00734936512852	0.065090632793	0.066201504412
0.00734936512852	0.400177216645	0.407006855464
0.00764333973366	0.00196107357024	0.00199589286847
0.00764333973366	0.00570671013352	0.00580803404358
0.00764333973366	0.0692261505814	0.0704552763108
0.00764333973366	0.143121518054	0.145662672499
0.00764333973366	0.0561606375965	0.0571577822314
0.00764333973366	0.0018753898566	0.00190868782141
0.0079373143388	0.151085540453	0.153872218989
0.00823128894394	0.445047506629	0.453563043875
0.00823128894394	0.622612415088	0.634525478596
0.00852526354908	0.00641134940486	0.00653844852752
0.00852526354908	0.00558442710309	0.00569513324942
0.00881923815422	0.00144416682783	0.00147379338632
0.00881923815422	0.140054719051	0.142927890797
0.0094071873645	0.00756274138083	0.00772834385308
0.0094071873645	0.256166948224	0.26177627397
0.00999513657478	0.171125302872	0.175109362266
0.00999513657478	0.303811839995	0.310885045389
0.0102891111799	0.00486415949287	0.00498077493628
0.0105830857851	0.00906701728146	0.00929068058596
0.0105830857851	0.176537536384	0.18089232777
0.0108770603902	0.00332052022211	0.00340473401713
0.0108770603902	0.00833703438029	0.00854847513578
0.0108770603902	0.0961275483645	0.0985654993819
0.0108770603902	0.365724232144	0.374999593672
0.0108770603902	0.557193371298	0.571324701697
0.0108770603902	0.121331936846	0.12440911216
0.0108770603902	0.125338909381	0.128517708038
0.0111710349953	0.243651435083	0.25
0.0111710349953	0.00133691642869	0.00137175103056
0.0111710349953	0.006073394296	0.00623164223713
0.0111710349953	0.166779702495	0.171125302872
0.0111710349953	0.236821997698	0.242992615268
0.0114650096005	0.00190868782141	0.00195974656569
0.0114650096005	0.00772834385308	0.00793508249733
0.0114650096005	0.00540589797642	0.00555050955684
0.0117589842056	0.00115506319432	0.00118676499998
0.0117589842056	0.00153280578346	0.00157487509301
0.0120529588108	0.115716931289	0.118973398324
0.0120529588108	0.0666962750423	0.068573219225
0.0123469334159	0.00623164223713	0.00641134940486
0.0123469334159	0.00870614642653	0.00895721297634
0.0123469334159	0.0571577822314	0.0588060898151
0.0123469334159	0.224186830591	0.230651896915
0.012640908021	0.00728142987655	0.00749648332747
0.012640908021	0.0101315590207	0.0104307896344
0.012640908021	0.0719493268721	0.0740743148617
0.012640908021	0.0741244728538	0.0763137027104
0.0132288572313	0.20022409446	0.206416873361
0.0135228318365	0.00421961803308	0.00435307321327
0.0135228318365	0.272811537231	0.281439833103
0.0138168064416	0.00139894473682	0.00144416682783
0.0138168064416	0.0909372776112	0.0938769032702
0.0138168064416	0.111790320988	0.115404039197
0.0144047556519	0.601078365726	0.621349356057
0.0144047556519	0.106256647107	0.109840085788
0.0144047556519	0.130534222803	0.134936407475
0.014698730257	0.429654824531	0.444445407594
0.014698730257	0.214827412265	0.222222703797
0.0149927048622	0.10011204723	0.103628460749
0.0152866794673	0.286049343318	0.296297259447
0.0155806540725	0.00147379338632	0.00152762675963
0.0158746286776	0.00701058232423	0.00727157892394
0.0161686032827	0.35045586838	0.363749110445
0.0164625778879	0.0770403363727	0.0800167205833
0.0164625778879	0.0022729001148	0.00236071156958
0.016756552493	0.00283794530439	0.00294958267412
0.016756552493	0.00267383285737	0.00277901447127
0.0170505270982	0.190570727554	0.198201400593
0.0173445017033	0.0800167205833	0.0832770341927
0.0173445017033	0.0835028211378	0.0869051773228
0.0176384763084	0.0512907952389	0.0534168050969
0.0179324509136	0.00435307321327	0.00453657841858
0.018814374729	0.00794583231144	0.0082976243624
0.018814374729	0.00929068058596	0.00970201415682
0.018814374729	0.00970201415682	0.0101315590207
0.0191083493341	0.0611607538805	0.0639118191612
0.0191083493341	0.00175264558106	0.0018314811431
0.0194023239393	0.00370284933034	0.00387202689122
0.0194023239393	0.333785268301	0.349035410154
0.0194023239393	0.00580803404358	0.006073394296
0.0194023239393	0.006690673633	0.00699636034745
0.0194023239393	0.0869640234857	0.0909372776112
0.0199902731496	0.00463591655059	0.0048542918442
0.0199902731496	0.634525478596	0.664414862103
0.0202842477547	0.00118676499998	0.00124350912752
0.020872196965	0.381399537686	0.400177216645
0.020872196965	0.00157487509301	0.00165241189097
0.0211661715701	0.158738783818	0.166666847257
0.0211661715701	0.571711563189	0.600265174554
0.0214601461753	0.00236071156958	0.00248029349716
0.0217541207804	0.0534168050969	0.0561606375965
0.0223420699907	0.407006855464	0.428493061982
0.0223420699907	0.00506577951036	0.00533320592658
0.022930019201	0.00199589286847	0.00210410421129
0.0235179684112	0.00314548892959	0.00332052022211
0.0241059176215	0.00210552896483	0.00222570262401
0.0241059176215	0.0450702827936	0.0476426818886
0.0243998922267	0.00390096528473	0.00412640620356
0.0246938668318	0.00165577086083	0.00175264558106
0.0246938668318	0.00297162699006	0.00314548892959
0.0264577144627	0.000991885312166	0.0010541906834
0.0267516890678	0.311727940256	0.331533500392
0.0270456636729	0.00248701825504	0.00264682139636
0.0279275874884	0.750507034813	0.800354433289
0.0282215620935	0.00125280275008	0.00133691642869
0.0285155366986	0.0476749422108	0.0509103065373
0.0285155366986	0.00106494895768	0.00113721958261
0.0288095113038	0.00343018000073	0.0036654425904
0.0291034859089	0.0105801214604	0.0113134259699
0.0414504193248	0.453563043875	0.498985677928
0.0440961907711	0.0113594678571	0.012573441855
0.0461540130071	0.500677359946	0.556816333868
0.0464479876122	0.0404988130935	0.0450702827936
0.0514455558996	0.666667389029	0.750507034813
0.0608527432641	0.0352038005815	0.0404988130935
0.094071873645	0.805245165975	1
0.447135374419	0.012573441855	0.0352038005815
