1851	1851
1474	1474
1780	1780
1599	1599
206	206
1295	1295
4235	4235
4112	4112
758	758
127	127
1195	1195
3852	3852
3598	3598
7504	7504
4433	4433
2807	2807
2176	2176
3498	3498
6438	6438
3723	3723
4791	4791
1720	1720
1212	1212
3361	3361
625	625
5793	5793
1206	1206
2193	2193
67	67
4837	4837
3232	3232
4046	4046
4758	4758
6122	6122
1514	1514
163	163
773	773
998	998
2595	2595
346	346
3430	3430
3684	3684
4294	4294
2291	2291
1152	1152
5262	5262
1204	1204
1560	1560
696	696
1073	1073
4492	4492
1277	1277
4217	4217
6445	6445
2845	2845
3222	3222
4544	4544
1606	1606
9	9
1098	1098
967	967
3297	3297
1679	1679
2535	2535
917	917
3247	3247
2739	2739
1346	1346
1469	1469
3799	3799
1238	1238
2814	2814
332	332
557	557
2227	2227
1850	1850
2706	2706
2431	2431
7345	7345
1517	1517
2962	2962
1865	1865
5648	5648
14	14
451	451
197	197
1540	1540
909	909
422	422
626	626
4880	4880
1861	1861
1463	1463
2319	2319
2675	2675
164	164
143	143
368	368
8730	8730
849	849
1959	1959
1074	1074
943	943
537	537
4770	4770
2746	2746
3856	3856
3581	3581
1447	1447
860	860
4033	4033
383	383
6619	6619
2328	2328
3671	3671
2561	2561
202	202
2705	2705
1008	1008
2228	2228
4050	4050
4762	4762
3115	3115
5089	5089
502	502
15	15
748	748
5497	5497
4125	4125
1208	1208
1687	1687
69	69
1810	1810
1179	1179
3590	3590
1129	1129
6174	6174
7009	7009
134	134
6276	6276
3257	3257
5333	5333
877	877
4194	4194
1704	1704
1683	1683
1196	1196
3657	3657
2285	2285
717	717
2264	2264
2976	2976
1125	1125
1981	1981
2185	2185
6722	6722
813	813
3936	3936
488	488
1090	1090
2687	2687
4263	4263
1781	1781
1294	1294
946	946
2964	2964
2566	2566
3909	3909
6108	6108
2914	2914
1565	1565
1523	1523
2858	2858
5263	5263
1184	1184
3260	3260
4074	4074
2223	2223
1534	1534
649	649
2704	2704
1709	1709
570	570
316	316
1405	1405
1130	1130
7358	7358
3156	3156
56	56
2488	2488
260	260
137	137
464	464
697	697
689	689
2613	2613
1016	1016
1707	1707
