5678	5678
3371	3371
908	908
4825	4825
536	536
5708	5708
4840	4840
5146	5146
2302	2302
2071	2071
4724	4724
2236	2236
6103	6103
1343	1343
1433	1433
871	871
9373	9373
2134	2134
1216	1216
348	348
900	900
413	413
3849	3849
3312	3312
1866	1866
7138	7138
4765	4765
2748	2748
3730	3730
3093	3093
1547	1547
7406	7406
3198	3198
2966	2966
4230	4230
8378	8378
1592	1592
4295	4295
443	443
4013	4013
5779	5779
7399	7399
1374	1374
455	455
1538	1538
1338	1338
5842	5842
3354	3354
4171	4171
1758	1758
1772	1772
4399	4399
3637	3637
265	265
346	346
3555	3555
4669	4669
6239	6239
701	701
7467	7467
1046	1046
459	459
3699	3699
8640	8640
12	12
5334	5334
4366	4366
5183	5183
4952	4952
422	422
2298	2298
6933	6933
5312	5312
1494	1494
4016	4016
5130	5130
2807	2807
4146	4146
6434	6434
1071	1071
1864	1864
690	690
5780	5780
3879	3879
1085	1085
5795	5795
1	1
2323	2323
