17	7404
17	9770
17	9950
24	4178
24	5612
24	9942
28	2145
28	6137
28	7998
28	9195
30	4043
30	5986
32	1720
41	7873
68	7233
68	7844
79	9995
86	8899
88	6455
94	9303
130	978
130	9804
165	3781
170	1277
170	7982
170	8406
172	8986
177	7189
177	7922
177	8811
177	9567
177	9766
187	9193
188	7505
188	9623
193	8936
193	9303
211	7365
211	9783
259	6591
259	8556
259	9207
259	9332
288	1697
293	8642
308	5941
308	7393
308	8267
327	9337
344	9365
344	9381
344	9392
344	9475
344	9817
368	7922
368	8744
390	5047
390	7155
390	8744
390	9125
413	8072
418	9523
472	5234
472	9963
485	4819
495	9731
495	9948
545	8425
569	1331
569	3199
569	3860
569	9203
582	8756
611	6196
632	5583
632	6658
649	1417
649	6091
671	6199
722	6517
745	3829
749	6646
796	8007
819	9783
842	8642
842	9928
869	9616
878	9045
895	7704
895	9948
904	6907
904	7713
904	9350
934	7218
934	8073
934	8597
934	9302
934	9572
939	5552
939	7352
958	8642
958	9535
958	9981
963	9082
978	130
978	9058
978	9929
989	3341
989	9999
1017	3716
1017	8715
1018	8627
1018	9863
1043	6630
1048	5915
1071	8920
1083	7324
1107	5205
1107	7142
1128	7243
1169	9902
1170	8479
1170	9438
1170	9498
1171	4770
1171	5579
1171	6649
1183	6444
1183	8223
1202	6608
1202	7686
1202	9948
1218	8756
1240	8681
1277	170
1284	2119
1302	8016
1305	7083
1313	7732
1313	8032
1327	6742
1327	9667
1331	569
1333	8803
1333	9140
1333	9667
1347	4305
1347	7710
1347	8479
1385	9985
1401	1574
1401	9058
1416	8839
1417	649
1417	7032
1434	6552
1455	5169
1455	5201
1455	7899
1467	9711
1467	9744
1468	1967
1468	2254
1468	3804
1468	6917
1471	8377
1471	8716
1471	9576
1479	7446
1479	9024
1500	8416
1500	9206
1500	9545
1525	1589
1528	9341
1542	1858
1542	6656
1542	7268
1546	8449
1546	9181
1553	2315
1553	5219
1574	1401
1574	9969
1589	1525
1589	7631
1594	2699
1594	9969
1608	7068
1614	8016
1620	6997
1620	7815
1620	9294
1620	9302
1635	3193
1635	9948
1641	4636
1641	9809
1649	9327
1697	288
1697	8906
1697	9837
1704	5989
1704	8743
1704	9864
1705	5348
1711	2211
1711	8471
1711	9178
1720	32
1731	5579
1731	9809
1784	7011
1789	2118
1808	8827
1812	5666
1813	6084
1840	8586
1846	3821
1846	5303
1846	6563
1858	1542
1858	9840
1967	1468
1967	5173
1967	6917
1967	7277
1967	8907
2010	7654
2010	8350
2010	9538
2020	3427
2042	6108
2042	8087
2042	8134
2042	9104
2042	9146
2075	8628
2080	7287
2080	8597
2080	9505
2081	7268
2081	9207
2081	9332
2081	9550
2101	8007
2101	8479
2101	9498
2114	4043
2118	1789
2119	1284
2121	8425
2143	3923
2143	6816
2143	8821
2145	28
2149	9381
2162	5290
2162	7035
2165	4050
2175	8356
2188	9840
2210	7469
2210	8936
2211	1711
2211	2646
2254	1468
2254	5231
2264	8700
2264	9536
2264	9545
2268	5881
2268	6137
2270	8774
2288	5069
2297	5450
2302	9203
2315	1553
2315	9783
2347	6050
2404	9744
2414	7357
2414	8263
2426	9892
2445	9218
2474	8906
2497	9744
2552	8803
2556	8976
2556	9576
2557	9692
2569	7493
2569	9697
2582	6442
2606	8642
2646	2211
2646	5801
2646	8812
2672	6002
2672	7324
2686	6770
2699	1594
2782	5370
2785	6357
2785	9685
2785	9892
2786	4498
2786	8744
2808	8219
2808	8353
2808	8421
2808	9623
2817	5814
2817	9459
2845	8627
2845	9473
2870	5132
2870	6828
2884	3093
2884	4159
2884	6907
2884	7004
2884	9320
2884	9674
2884	9703
2884	9999
2935	9337
2952	9770
2952	9900
2998	8396
2998	9654
2998	9667
3013	7935
3013	8339
3013	8444
3013	9061
3013	9198
3014	4082
3014	5619
3017	7898
3042	3759
3042	8863
3042	9198
3054	5258
3054	6444
3054	8709
3065	5169
3065	9203
3089	3381
3089	7199
3089	7840
3089	9963
3093	2884
3093	7243
3094	6953
3094	8353
3106	4305
3106	7935
3109	5072
3109	8650
3109	8861
3109	9981
3114	5169
3114	5342
3114	8113
3143	8203
3157	6091
3157	8839
3157	9218
3157	9356
3188	3414
3188	9949
3193	1635
3193	9668
3199	569
3199	5842
3201	7930
3215	8169
3215	8379
3215	8396
3215	9116
3233	9024
3233	9645
3238	7153
3238	7324
3238	9809
3246	7898
3246	9555
3246	9695
3246	9761
3292	9473
3292	9902
3296	5552
3296	9218
3296	9684
3307	5327
3307	8948
3327	9625
3327	9812
3341	989
3341	9703
3360	7233
3360	9283
3375	9327
3381	3089
3381	9981
3382	3860
3382	8906
3382	9094
3414	3188
3414	9508
3427	2020
3427	5712
3439	6524
3439	8812
3450	7631
3450	9262
3460	8416
3460	9536
3460	9545
3463	5555
3463	9654
3466	3829
3466	8130
3466	9840
3478	6997
3514	8627
3514	9674
3519	8654
3519	9895
3522	9337
3545	8471
3545	9214
3581	9262
3581	9812
3581	9974
3584	8248
3584	8263
3585	9538
3617	9262
3617	9429
3634	9654
3647	9756
3664	8649
3697	6476
3697	7480
3699	6907
3699	7840
3699	9664
3714	8169
3714	8377
3714	8416
3714	9116
3716	1017
3716	8143
3716	8700
3716	8836
3759	3042
3759	9550
3781	165
3781	4360
3781	5839
3781	6108
3781	8649
3781	9662
3781	9695
3804	1468
3804	4311
3810	4669
3821	1846
3821	4285
3821	8708
3821	9146
3821	9284
3829	745
3829	3466
3837	5830
3860	569
3860	3382
3860	7068
3860	8995
3860	9995
3867	4564
3867	6742
3867	6828
3891	9474
3891	9864
3911	8114
3923	2143
3931	5128
3931	6387
3931	7920
3954	6810
3960	9038
3960	9976
3984	4689
3984	9981
4008	6546
4008	9094
4008	9902
4008	9962
4010	9607
4010	9678
4020	5173
4020	9744
4039	7407
4039	9830
4043	30
4043	2114
4043	9744
4050	2165
4058	5612
4070	8863
4082	3014
4082	8717
4082	9538
4082	9576
4082	9711
4102	5941
4102	9045
4110	8114
4159	2884
4159	9284
4178	24
4178	4376
4178	9985
4241	6104
4241	8697
4241	9304
4285	3821
4302	5751
4302	6290
4302	6563
4302	8899
4305	1347
4305	3106
4311	3804
4311	7277
4311	9616
4337	6476
4349	5802
4349	6031
4349	8697
4349	8804
4349	9214
4360	3781
4360	6485
4360	9576
4374	8717
4374	9347
4374	9654
4376	4178
4376	9206
4425	6497
4425	8111
4425	9078
4425	9779
4425	9804
4425	9949
4433	5899
4433	7992
4434	6922
4434	8957
4434	9788
4443	7357
4443	8079
4443	9664
4443	9740
4453	8821
4453	9365
4455	4719
4455	6556
4455	9822
4455	9895
4465	7438
4465	7922
4465	9766
4498	2786
4513	8995
4540	7821
4540	9654
4540	9830
4564	3867
4564	5579
4570	7418
4596	7998
4596	9981
4604	6934
4604	7268
4604	9320
4622	9830
4623	7374
4623	9697
4633	7338
4633	8804
4635	8169
4635	9146
4636	1641
4644	5811
4644	8007
4644	8073
4644	9760
4656	8644
4669	3810
4669	7706
4669	8603
4689	3984
4689	8836
4689	9062
4690	5108
4690	9082
4690	9695
4692	5774
4692	7290
4692	9125
4719	4455
4719	9822
4719	9895
4724	5511
4754	6271
4754	6540
4754	8871
4754	9607
4770	1171
4770	6357
4770	7713
4770	9779
4819	485
4828	8471
4828	8597
4828	9623
4829	8087
4829	9094
4829	9104
4829	9902
4841	8087
4841	8697
4870	9155
4870	9949
4909	6811
4909	6828
4909	9038
4909	9061
4912	9678
4989	9061
4993	5899
4995	5839
4995	8267
4995	9902
5026	9332
5037	8203
5047	390
5047	5285
5047	7418
5047	9349
5061	9413
5069	2288
5069	9024
5069	9817
5072	3109
5073	8715
5099	9555
5099	9644
5108	4690
5108	8871
5128	3931
5132	2870
5132	6828
5169	1455
5169	3065
5169	3114
5169	8004
5173	1967
5173	4020
5173	6199
5173	7112
5173	9194
5173	9277
5173	9997
5194	9783
5201	1455
5205	1107
5205	8194
5205	8717
5205	9929
5208	7495
5208	7506
5208	9711
5208	9783
5219	1553
5219	7175
5230	7980
5231	2254
5231	9664
5231	9740
5234	472
5243	7233
5243	8836
5243	8957
5243	9863
5253	5450
5253	6108
5253	7357
5253	9194
5258	3054
5258	7912
5258	9120
5276	6091
5276	8072
5276	9974
5285	5047
5285	8814
5290	2162
5298	8871
5303	1846
5303	9327
5322	5603
5322	6430
5322	8079
5322	8809
5327	3307
5327	7564
5342	3114
5342	9203
5348	1705
5348	8607
5370	2782
5370	6863
5380	7991
5380	8850
5380	9214
5380	9567
5380	9863
5396	6907
5396	9785
5400	8836
5400	9206
5440	6828
5440	7560
5440	7725
5440	7772
5450	2297
5450	5253
5451	7710
5471	8807
5482	8491
5482	9296
5489	8836
5489	9181
5511	4724
5511	5975
5511	8688
5516	7081
5516	7155
5516	8644
5516	8651
5516	9811
5523	8975
5523	9770
5523	9900
5552	939
5552	3296
5552	7418
5555	3463
5555	9296
5566	7430
5566	9350
5566	9760
5576	7243
5576	9429
5579	1171
5579	1731
5579	4564
5579	6707
5579	6934
5579	9337
5583	632
5583	9498
5594	6552
5603	5322
5603	9392
5603	9475
5610	6917
5610	9284
5610	9958
5612	24
5612	4058
5612	6927
5619	3014
5619	8644
5619	9811
5666	1812
5666	7365
5666	9783
5669	8948
5674	6695
5674	8840
5674	8982
5675	8853
5712	3427
5712	6002
5712	8338
5712	9948
5729	6108
5729	9625
5751	4302
5774	4692
5774	9327
5774	9473
5784	9214
5799	7589
5799	8778
5799	9962
5799	9985
5801	2646
5801	6563
5801	8899
5801	8957
5802	4349
5811	4644
5811	8654
5811	9654
5811	9760
5814	2817
5814	6200
5814	9737
5830	3837
5830	8586
5830	9863
5838	6563
5838	9703
5839	3781
5839	4995
5839	8267
5839	8325
5842	3199
5842	7277
5842	7553
5854	7472
5854	7764
5854	9812
5858	7754
5858	8350
5858	8768
5881	2268
5881	6137
5881	8379
5881	8492
5895	6002
5895	7214
5895	7490
5899	4433
5899	4993
5915	1048
5915	6108
5915	9104
5915	9902
5925	9701
5925	9897
5926	9761
5941	308
5941	4102
5946	9508
5974	8111
5975	5511
5975	7899
5975	9193
5975	9685
5986	30
5986	6614
5986	9038
5986	9674
5986	9895
5989	1704
5989	7028
5989	9219
6002	2672
6002	5712
6002	5895
6002	8253
6018	8379
6018	9695
6018	9974
6022	7686
6031	4349
6049	7490
6049	8188
6049	8853
6049	9528
6049	9942
6050	2347
6050	6219
6050	8827
6062	6196
6084	1813
6084	6524
6084	6708
6091	649
6091	3157
6091	5276
6091	8072
6091	9974
6100	7979
6100	8111
6104	4241
6104	8697
6104	9147
6104	9214
6108	2042
6108	3781
6108	5253
6108	5729
6108	5915
6108	6546
6108	8087
6108	8395
6108	9104
6108	9902
6137	28
6137	2268
6137	5881
6137	8379
6137	8492
6140	9645
6165	6449
6165	9429
6165	9718
6185	6892
6185	8871
6185	9381
6196	611
6196	6062
6196	6596
6199	671
6199	5173
6199	8982
6200	5814
6200	7374
6200	9147
6200	9697
6219	6050
6231	9382
6233	8804
6233	9581
6233	9740
6233	9949
6263	6831
6263	9304
6263	9668
6271	4754
6271	7900
6271	8996
6271	9928
6273	9045
6290	4302
6290	8957
6303	9304
6303	9536
6303	9567
6309	6360
6309	9576
6351	7764
6351	9058
6351	9581
6357	2785
6357	4770
6357	6534
6357	6907
6359	8137
6359	9567
6360	6309
6360	9785
6387	3931
6387	8827
6400	7894
6400	9576
6400	9684
6425	8920
6430	5322
6430	7564
6430	8079
6436	6997
6436	7710
6436	8253
6436	9731
6442	2582
6444	1183
6444	3054
6444	8709
6449	6165
6449	7686
6449	8803
6455	88
6455	7617
6455	8807
6455	9473
6455	9760
6461	6941
6461	7589
6461	8569
6461	9207
6476	3697
6476	4337
6476	8778
6485	4360
6485	6517
6485	8016
6485	8586
6485	9218
6497	4425
6497	6524
6497	7068
6497	8253
6517	722
6517	6485
6517	8275
6517	9193
6524	3439
6524	6084
6524	6497
6524	7741
6524	9320
6534	6357
6534	9809
6540	4754
6540	8726
6540	8882
6546	4008
6546	6108
6546	9902
6552	1434
6552	5594
6552	8079
6552	8709
6556	4455
6563	1846
6563	4302
6563	5801
6563	5838
6563	7068
6563	8957
6563	9718
6563	9958
6591	259
6591	8113
6591	9505
6596	6196
6596	7165
6596	8624
6608	1202
6608	6880
6608	8709
6614	5986
6614	9674
6630	1043
6630	7547
6630	9198
6630	9710
6630	9783
6638	7837
6638	9024
6638	9817
6646	749
6649	1171
6649	8137
6649	9545
6649	9667
6653	8923
6653	9895
6656	1542
6656	8995
6658	632
6658	6816
6669	9356
6695	5674
6695	8134
6695	8840
6695	9804
6707	5579
6707	7921
6707	9550
6708	6084
6742	1327
6742	3867
6742	7626
6742	8861
6770	2686
6770	9116
6775	8127
6775	8812
6775	9194
6789	7493
6810	3954
6810	6863
6810	9863
6810	9958
6810	9997
6811	4909
6811	9038
6816	2143
6816	6658
6816	8406
6821	6890
6821	8744
6828	2870
6828	3867
6828	4909
6828	5132
6828	5440
6828	8223
6831	6263
6863	5370
6863	6810
6863	9999
6865	6980
6865	7393
6865	8963
6880	6608
6880	8169
6880	8377
6880	9116
6880	9692
6881	8143
6881	8376
6881	9950
6890	6821
6892	6185
6892	7157
6892	7930
6892	9578
6892	9785
6907	904
6907	2884
6907	3699
6907	5396
6907	6357
6907	7462
6907	8607
6907	9779
6907	9929
6917	1468
6917	1967
6917	5610
6917	9078
6918	8221
6922	4434
6922	7564
6922	7812
6922	8394
6922	9788
6927	5612
6927	8395
6934	4604
6934	5579
6934	8840
6934	9710
6934	9756
6941	6461
6941	8569
6941	9284
6941	9811
6941	9812
6953	3094
6953	8143
6953	9413
6953	9680
6980	6865
6980	7393
6980	7772
6992	9731
6992	9948
6995	9710
6997	1620
6997	3478
6997	6436
6997	8016
6997	9302
6997	9840
7000	8603
7004	2884
7004	8188
7004	9703
7004	9949
7011	1784
7011	7077
7028	5989
7028	9864
7032	1417
7032	8275
7032	8778
7032	8853
7032	9193
7035	2162
7035	7821
7035	8356
7035	9341
7038	8339
7038	9198
7038	9710
7068	1608
7068	3860
7068	6497
7068	6563
7068	7741
7077	7011
7077	9659
7081	5516
7081	8651
7083	1305
7083	9155
7085	7189
7085	8338
7085	9155
7092	9664
7092	9740
7097	9664
7112	5173
7112	9997
7142	1107
7142	7963
7142	8607
7142	8644
7142	9536
7153	3238
7155	390
7155	5516
7155	8744
7155	9888
7157	6892
7165	6596
7165	8624
7165	8768
7175	5219
7175	8408
7175	8851
7189	177
7189	7085
7189	9155
7199	3089
7214	5895
7218	934
7218	7779
7218	8716
7218	9576
7218	9662
7233	68
7233	3360
7233	5243
7243	1128
7243	3093
7243	5576
7268	1542
7268	2081
7268	4604
7268	7290
7268	8811
7268	9320
7268	9567
7275	7589
7277	1967
7277	4311
7277	5842
7277	8248
7277	8492
7277	9475
7287	2080
7287	9760
7290	4692
7290	7268
7324	1083
7324	2672
7324	3238
7324	9505
7324	9644
7338	4633
7338	7430
7338	9684
7352	939
7352	9680
7357	2414
7357	4443
7357	5253
7357	9330
7365	211
7365	5666
7366	8353
7366	8644
7374	4623
7374	6200
7374	9697
7393	308
7393	6865
7393	6980
7404	17
7404	9770
7407	4039
7407	9770
7407	9900
7418	4570
7418	5047
7418	5552
7430	5566
7430	7338
7430	9350
7438	4465
7438	8644
7438	9766
7446	1479
7446	7837
7446	9024
7446	9817
7447	8032
7448	8869
7448	9969
7462	6907
7462	8209
7462	9350
7462	9434
7462	9779
7469	2210
7469	8936
7469	9207
7469	9277
7469	9349
7469	9381
7472	5854
7480	3697
7490	5895
7490	6049
7490	7935
7490	9120
7490	9198
7490	9949
7493	2569
7493	6789
7493	9999
7495	5208
7502	8812
7502	9294
7502	9692
7502	9809
7502	9969
7505	188
7505	8325
7505	9302
7505	9840
7506	5208
7506	7846
7506	8586
7506	8995
7513	7963
7513	8607
7513	9668
7513	9692
7535	8018
7535	9296
7547	6630
7547	9438
7547	9710
7553	5842
7553	8377
7555	8743
7555	8986
7555	9178
7560	5440
7560	9962
7564	5327
7564	6430
7564	6922
7589	5799
7589	6461
7589	7275
7617	6455
7626	6742
7626	8807
7626	9123
7631	1589
7631	3450
7631	9262
7631	9413
7648	7900
7648	8649
7648	8756
7648	8976
7648	9538
7654	2010
7686	1202
7686	6022
7686	6449
7686	9294
7704	895
7704	8028
7706	4669
7706	8603
7710	1347
7710	5451
7710	6436
7710	9981
7713	904
7713	4770
7718	8812
7718	8827
7725	5440
7725	7772
7732	1313
7732	8809
7732	8814
7741	6524
7741	7068
7741	9731
7748	8957
7754	5858
7754	8032
7763	9337
7763	9737
7764	5854
7764	6351
7764	9058
7764	9474
7764	9581
7772	5440
7772	6980
7772	7725
7772	9625
7773	8079
7779	7218
7779	8716
7779	8836
7779	9576
7783	8776
7812	6922
7812	9147
7815	1620
7821	4540
7821	7035
7821	8339
7821	9341
7821	9740
7837	6638
7837	7446
7837	9024
7840	3089
7840	3699
7840	7898
7844	68
7844	8130
7844	9963
7844	9995
7846	7506
7846	8016
7846	8072
7846	8586
7873	41
7894	6400
7898	3017
7898	3246
7898	7840
7898	9082
7898	9198
7898	9695
7899	1455
7899	5975
7899	8394
7899	8982
7900	6271
7900	7648
7900	9498
7912	5258
7912	8853
7920	3931
7920	9770
7921	6707
7921	8379
7921	9550
7922	177
7922	368
7922	4465
7922	9766
7930	3201
7930	6892
7935	3013
7935	3106
7935	7490
7935	9198
7963	7142
7963	7513
7963	8209
7963	8219
7963	8607
7963	9555
7979	6100
7979	9043
7979	9616
7979	9942
7980	5230
7982	170
7988	8850
7988	8986
7988	9043
7988	9476
7991	5380
7991	8809
7991	8827
7991	9567
7992	4433
7992	8219
7992	8421
7992	9555
7998	28
7998	4596
7998	9195
7998	9434
8004	5169
8004	9434
8007	796
8007	2101
8007	4644
8007	8743
8007	9498
8016	1302
8016	1614
8016	6485
8016	6997
8016	7846
8016	8586
8018	7535
8018	9296
8018	9703
8028	7704
8031	8708
8031	9062
8032	1313
8032	7447
8032	7754
8034	9498
8057	8681
8072	413
8072	5276
8072	6091
8072	7846
8072	8586
8072	9811
8073	934
8073	4644
8073	8871
8073	9760
8079	4443
8079	5322
8079	6430
8079	6552
8079	7773
8087	2042
8087	4829
8087	4841
8087	6108
8087	8556
8087	9104
8087	9505
8087	9902
8111	4425
8111	5974
8111	6100
8111	8139
8111	8479
8111	9078
8111	9356
8111	9804
8113	3114
8113	6591
8113	8812
8114	3911
8114	4110
8114	8996
8127	6775
8127	9455
8130	3466
8130	7844
8134	2042
8134	6695
8134	9238
8134	9664
8137	6359
8137	6649
8137	9140
8137	9284
8137	9654
8137	9667
8139	8111
8139	9078
8139	9804
8143	3716
8143	6881
8143	6953
8143	8376
8143	9327
8169	3215
8169	3714
8169	4635
8169	6880
8169	8275
8169	8377
8169	9116
8174	9582
8188	6049
8188	7004
8188	8948
8188	9219
8188	9619
8192	9459
8194	5205
8194	9392
8194	9490
8194	9929
8203	3143
8203	5037
8203	9697
8209	7462
8209	7963
8209	8219
8209	8607
8209	9942
8219	2808
8219	7963
8219	7992
8219	8209
8219	8421
8219	9623
8219	9737
8221	6918
8221	9283
8221	9697
8223	1183
8223	6828
8223	9480
8248	3584
8248	7277
8253	6002
8253	6436
8253	6497
8253	9731
8253	9948
8263	2414
8263	3584
8263	9246
8263	9902
8267	308
8267	4995
8267	5839
8275	6517
8275	7032
8275	8169
8275	9193
8275	9804
8275	9942
8325	5839
8325	7505
8325	9302
8325	9645
8325	9840
8338	5712
8338	7085
8339	3013
8339	7038
8339	7821
8350	2010
8350	5858
8350	8995
8353	2808
8353	3094
8353	7366
8353	8473
8353	8756
8353	8839
8353	9356
8356	2175
8356	7035
8376	6881
8376	8143
8376	8836
8377	1471
8377	3714
8377	6880
8377	7553
8377	8169
8377	9116
8377	9962
8379	3215
8379	5881
8379	6018
8379	6137
8379	7921
8379	8421
8379	8492
8379	8986
8379	9958
8394	6922
8394	7899
8394	9147
8394	9788
8395	6108
8395	6927
8396	2998
8396	3215
8396	9140
8396	9654
8406	170
8406	6816
8408	7175
8408	9962
8416	1500
8416	3460
8416	3714
8416	8700
8416	9536
8416	9812
8416	9995
8421	2808
8421	7992
8421	8219
8421	8379
8421	8812
8421	9623
8425	545
8425	2121
8444	3013
8444	9480
8444	9566
8449	1546
8470	9710
8471	1711
8471	3545
8471	4828
8471	9756
8473	8353
8473	8839
8473	9218
8473	9356
8473	9476
8473	9576
8479	1170
8479	1347
8479	2101
8479	8111
8479	9181
8491	5482
8491	9082
8491	9695
8491	9761
8492	5881
8492	6137
8492	7277
8492	8379
8556	259
8556	8087
8556	8715
8556	9094
8556	9104
8556	9902
8569	6461
8569	6941
8569	9284
8586	1840
8586	5830
8586	6485
8586	7506
8586	7846
8586	8016
8586	8072
8586	9985
8597	934
8597	2080
8597	4828
8597	8774
8597	9392
8597	9760
8603	4669
8603	7000
8603	7706
8603	8681
8603	9296
8603	9981
8607	5348
8607	6907
8607	7142
8607	7513
8607	7963
8607	8209
8607	9685
8624	6596
8624	7165
8627	1018
8627	2845
8627	3514
8628	2075
8642	293
8642	842
8642	958
8642	2606
8642	8650
8642	8861
8642	9178
8642	9981
8644	4656
8644	5516
8644	5619
8644	7142
8644	7366
8644	7438
8644	9668
8644	9811
8649	3664
8649	3781
8649	7648
8649	8976
8649	9480
8649	9538
8649	9950
8650	3109
8650	8642
8650	8861
8650	9981
8651	5516
8651	7081
8651	9474
8654	3519
8654	5811
8654	9246
8679	9505
8679	9644
8681	1240
8681	8057
8681	8603
8681	9123
8681	9950
8688	5511
8688	9104
8688	9576
8697	4241
8697	4349
8697	4841
8697	6104
8697	9214
8697	9498
8700	2264
8700	3716
8700	8416
8700	9381
8700	9536
8700	9545
8708	3821
8708	8031
8708	9062
8708	9674
8708	9817
8709	3054
8709	6444
8709	6552
8709	6608
8709	9508
8709	9662
8709	9731
8709	9974
8715	1017
8715	5073
8715	8556
8715	9382
8716	1471
8716	7218
8716	7779
8716	9116
8716	9576
8717	4082
8717	4374
8717	5205
8717	9349
8717	9363
8726	6540
8726	9694
8734	8948
8743	1704
8743	7555
8743	8007
8743	9178
8743	9332
8743	9582
8744	368
8744	390
8744	2786
8744	6821
8744	7155
8744	9365
8744	9888
8756	582
8756	1218
8756	7648
8756	8353
8768	5858
8768	7165
8768	9550
8768	9942
8774	2270
8774	8597
8774	9950
8776	7783
8776	9302
8778	5799
8778	6476
8778	7032
8778	8920
8778	9045
8778	9283
8803	1333
8803	2552
8803	6449
8803	9140
8803	9654
8803	9667
8804	4349
8804	4633
8804	6233
8807	5471
8807	6455
8807	7626
8807	9363
8809	5322
8809	7732
8809	7991
8809	9195
8809	9985
8811	177
8811	7268
8811	9320
8811	9567
8812	2646
8812	3439
8812	6775
8812	7502
8812	7718
8812	8113
8812	8421
8814	5285
8814	7732
8821	2143
8821	4453
8821	9302
8821	9505
8827	1808
8827	6050
8827	6387
8827	7718
8827	7991
8827	9219
8827	9740
8836	3716
8836	4689
8836	5243
8836	5400
8836	5489
8836	7779
8836	8376
8839	1416
8839	3157
8839	8353
8839	8473
8839	9218
8840	5674
8840	6695
8840	6934
8850	5380
8850	7988
8851	7175
8851	9125
8851	9804
8853	5675
8853	6049
8853	7032
8853	7912
8853	9528
8853	9942
8861	3109
8861	6742
8861	8642
8861	8650
8861	9692
8863	3042
8863	4070
8863	9238
8863	9969
8869	7448
8871	4754
8871	5108
8871	5298
8871	6185
8871	8073
8871	9062
8882	6540
8882	9985
8899	86
8899	4302
8899	5801
8899	8957
8899	9718
8899	9892
8906	1697
8906	2474
8906	3382
8906	9837
8907	1967
8920	1071
8920	6425
8920	8778
8920	9045
8923	6653
8936	193
8936	2210
8936	7469
8948	3307
8948	5669
8948	8188
8948	8734
8957	4434
8957	5243
8957	5801
8957	6290
8957	6563
8957	7748
8957	8899
8957	9718
8957	9963
8963	6865
8963	9888
8963	9974
8975	5523
8975	9770
8976	2556
8976	7648
8976	8649
8982	5674
8982	6199
8982	7899
8982	9341
8982	9505
8986	172
8986	7555
8986	7988
8986	8379
8986	9985
8995	3860
8995	4513
8995	6656
8995	7506
8995	8350
8995	9277
8996	6271
8996	8114
8996	9928
9024	1479
9024	3233
9024	5069
9024	6638
9024	7446
9024	7837
9024	9475
9024	9788
9024	9817
9024	9929
9038	3960
9038	4909
9038	5986
9038	6811
9038	9811
9043	7979
9043	7988
9045	878
9045	4102
9045	6273
9045	8778
9045	8920
9045	9528
9058	978
9058	1401
9058	6351
9058	7764
9058	9474
9058	9581
9058	9892
9061	3013
9061	4909
9061	4989
9061	9711
9061	9995
9062	4689
9062	8031
9062	8708
9062	8871
9078	4425
9078	6917
9078	8111
9078	8139
9078	9206
9078	9480
9078	9804
9082	963
9082	4690
9082	7898
9082	8491
9082	9104
9082	9695
9082	9718
9082	9761
9094	3382
9094	4008
9094	4829
9094	8556
9094	9104
9094	9902
9094	9997
9104	2042
9104	4829
9104	5915
9104	6108
9104	8087
9104	8556
9104	8688
9104	9082
9104	9094
9104	9902
9116	3215
9116	3714
9116	6770
9116	6880
9116	8169
9116	8377
9116	8716
9120	5258
9120	7490
9123	7626
9123	8681
9125	390
9125	4692
9125	8851
9125	9146
9140	1333
9140	8137
9140	8396
9140	8803
9140	9523
9140	9667
9146	2042
9146	3821
9146	4635
9146	9125
9146	9659
9147	6104
9147	6200
9147	7812
9147	8394
9147	9685
9147	9756
9155	4870
9155	7083
9155	7085
9155	7189
9178	1711
9178	7555
9178	8642
9178	8743
9178	9582
9181	1546
9181	5489
9181	8479
9181	9262
9193	187
9193	5975
9193	6517
9193	7032
9193	8275
9193	9535
9193	9662
9194	5173
9194	5253
9194	6775
9194	9710
9195	28
9195	7998
9195	8809
9195	9332
9195	9459
9198	3013
9198	3042
9198	6630
9198	7038
9198	7490
9198	7898
9198	7935
9203	569
9203	2302
9203	3065
9203	5342
9203	9744
9203	9969
9206	1500
9206	4376
9206	5400
9206	9078
9206	9429
9207	259
9207	2081
9207	6461
9207	7469
9207	9332
9214	3545
9214	4349
9214	5380
9214	5784
9214	6104
9214	8697
9214	9864
9214	9995
9218	2445
9218	3157
9218	3296
9218	6485
9218	8473
9218	8839
9218	9356
9219	5989
9219	8188
9219	8827
9219	9974
9238	8134
9238	8863
9238	9969
9246	8263
9246	8654
9262	3450
9262	3581
9262	3617
9262	7631
9262	9181
9262	9392
9262	9429
9277	5173
9277	7469
9277	8995
9277	9837
9283	3360
9283	8221
9283	8778
9283	9962
9283	9985
9284	3821
9284	4159
9284	5610
9284	6941
9284	8137
9284	8569
9294	1620
9294	7502
9294	7686
9294	9473
9296	5482
9296	5555
9296	7535
9296	8018
9296	8603
9296	9703
9296	9737
9302	934
9302	1620
9302	6997
9302	7505
9302	8325
9302	8776
9302	8821
9302	9476
9303	94
9303	193
9303	9455
9303	9744
9303	9785
9303	9888
9304	4241
9304	6263
9304	6303
9304	9662
9304	9668
9320	2884
9320	4604
9320	6524
9320	7268
9320	8811
9320	9455
9320	9567
9327	1649
9327	3375
9327	5303
9327	5774
9327	8143
9330	7357
9332	259
9332	2081
9332	5026
9332	8743
9332	9195
9332	9207
9332	9895
9337	327
9337	2935
9337	3522
9337	5579
9337	7763
9337	9737
9341	1528
9341	7035
9341	7821
9341	8982
9347	4374
9347	9476
9347	9535
9347	9578
9347	9785
9349	5047
9349	7469
9349	8717
9350	904
9350	5566
9350	7430
9350	7462
9350	9664
9356	3157
9356	6669
9356	8111
9356	8353
9356	8473
9356	9218
9363	8717
9363	8807
9363	9737
9365	344
9365	4453
9365	8744
9376	9536
9381	344
9381	2149
9381	6185
9381	7469
9381	8700
9381	9623
9382	6231
9382	8715
9382	9664
9389	9578
9392	344
9392	5603
9392	8194
9392	8597
9392	9262
9392	9475
9413	5061
9413	6953
9413	7631
9413	9694
9429	3617
9429	5576
9429	6165
9429	9206
9429	9262
9429	9623
9434	7462
9434	7998
9434	8004
9434	9528
9434	9744
9434	9756
9438	1170
9438	7547
9438	9490
9438	9839
9455	8127
9455	9303
9455	9320
9459	2817
9459	8192
9459	9195
9459	9662
9473	2845
9473	3292
9473	5774
9473	6455
9473	9294
9474	3891
9474	7764
9474	8651
9474	9058
9474	9581
9475	344
9475	5603
9475	7277
9475	9024
9475	9392
9475	9490
9475	9744
9476	7988
9476	8473
9476	9302
9476	9347
9476	9692
9476	9812
9480	8223
9480	8444
9480	8649
9480	9078
9480	9535
9490	8194
9490	9438
9490	9475
9490	9701
9490	9783
9490	9897
9498	1170
9498	2101
9498	5583
9498	7900
9498	8007
9498	8034
9498	8697
9505	2080
9505	6591
9505	7324
9505	8087
9505	8679
9505	8821
9505	8982
9505	9644
9508	3414
9508	5946
9508	8709
9508	9572
9508	9692
9523	418
9523	9140
9523	9644
9528	6049
9528	8853
9528	9045
9528	9434
9528	9785
9528	9942
9535	958
9535	9193
9535	9347
9535	9480
9535	9578
9535	9785
9535	9817
9536	2264
9536	3460
9536	6303
9536	7142
9536	8416
9536	8700
9536	9376
9536	9545
9538	2010
9538	3585
9538	4082
9538	7648
9538	8649
9545	1500
9545	2264
9545	3460
9545	6649
9545	8700
9545	9536
9550	2081
9550	3759
9550	6707
9550	7921
9550	8768
9555	3246
9555	5099
9555	7963
9555	7992
9555	9625
9566	8444
9566	9929
9567	177
9567	5380
9567	6303
9567	6359
9567	7268
9567	7991
9567	8811
9567	9320
9572	934
9572	9508
9572	9902
9572	9999
9576	1471
9576	2556
9576	4082
9576	4360
9576	6309
9576	6400
9576	7218
9576	7779
9576	8473
9576	8688
9576	8716
9578	6892
9578	9347
9578	9389
9578	9535
9578	9623
9578	9785
9581	6233
9581	6351
9581	7764
9581	9058
9581	9474
9582	8174
9582	8743
9582	9178
9582	9644
9607	4010
9607	4754
9607	9678
9616	869
9616	4311
9616	7979
9619	8188
9619	9654
9623	188
9623	2808
9623	4828
9623	8219
9623	8421
9623	9381
9623	9429
9623	9578
9623	9897
9623	9997
9625	3327
9625	5729
9625	7772
9625	9555
9644	5099
9644	7324
9644	8679
9644	9505
9644	9523
9644	9582
9644	9928
9645	3233
9645	6140
9645	8325
9654	2998
9654	3463
9654	3634
9654	4374
9654	4540
9654	5811
9654	8137
9654	8396
9654	8803
9654	9619
9654	9667
9659	7077
9659	9146
9659	9744
9659	9997
9662	3781
9662	7218
9662	8709
9662	9193
9662	9304
9662	9459
9662	9892
9664	3699
9664	4443
9664	5231
9664	7092
9664	7097
9664	8134
9664	9350
9664	9382
9664	9740
9667	1327
9667	1333
9667	2998
9667	6649
9667	8137
9667	8803
9667	9140
9667	9654
9668	3193
9668	6263
9668	7513
9668	8644
9668	9304
9674	2884
9674	3514
9674	5986
9674	6614
9674	8708
9674	9796
9678	4010
9678	4912
9678	9607
9678	9766
9680	6953
9680	7352
9684	3296
9684	6400
9684	7338
9685	2785
9685	5975
9685	8607
9685	9147
9685	9892
9685	9999
9692	2557
9692	6880
9692	7502
9692	7513
9692	8861
9692	9476
9692	9508
9692	9697
9692	9812
9692	9974
9694	8726
9694	9413
9695	3246
9695	3781
9695	4690
9695	6018
9695	7898
9695	8491
9695	9082
9695	9761
9697	2569
9697	4623
9697	6200
9697	7374
9697	8203
9697	8221
9697	9692
9701	5925
9701	9490
9701	9897
9703	2884
9703	3341
9703	5838
9703	7004
9703	8018
9703	9296
9710	6630
9710	6934
9710	6995
9710	7038
9710	7547
9710	8470
9710	9194
9711	1467
9711	4082
9711	5208
9711	9061
9711	9864
9711	9995
9718	6165
9718	6563
9718	8899
9718	8957
9718	9082
9718	9740
9731	495
9731	6436
9731	6992
9731	7741
9731	8253
9731	8709
9731	9948
9737	5814
9737	7763
9737	8219
9737	9296
9737	9337
9737	9363
9740	4443
9740	5231
9740	6233
9740	7092
9740	7821
9740	8827
9740	9664
9740	9718
9744	1467
9744	2404
9744	2497
9744	4020
9744	4043
9744	9203
9744	9303
9744	9434
9744	9475
9744	9659
9756	3647
9756	6934
9756	8471
9756	9147
9756	9434
9756	9817
9760	4644
9760	5566
9760	5811
9760	6455
9760	7287
9760	8073
9760	8597
9761	3246
9761	5926
9761	8491
9761	9082
9761	9695
9761	9950
9766	177
9766	4465
9766	7438
9766	7922
9766	9678
9770	17
9770	2952
9770	5523
9770	7404
9770	7407
9770	7920
9770	8975
9770	9900
9779	4425
9779	4770
9779	6907
9779	7462
9779	9974
9783	211
9783	819
9783	2315
9783	5194
9783	5208
9783	5666
9783	6630
9783	9490
9785	5396
9785	6360
9785	6892
9785	9303
9785	9347
9785	9528
9785	9535
9785	9578
9788	4434
9788	6922
9788	8394
9788	9024
9796	9674
9804	130
9804	4425
9804	6695
9804	8111
9804	8139
9804	8275
9804	8851
9804	9078
9809	1641
9809	1731
9809	3238
9809	6534
9809	7502
9809	9811
9811	5516
9811	5619
9811	6941
9811	8072
9811	8644
9811	9038
9811	9809
9812	3327
9812	3581
9812	5854
9812	6941
9812	8416
9812	9476
9812	9692
9812	9974
9817	344
9817	5069
9817	6638
9817	7446
9817	8708
9817	9024
9817	9535
9817	9756
9822	4455
9822	4719
9822	9840
9822	9895
9830	4039
9830	4540
9830	4622
9837	1697
9837	8906
9837	9277
9837	9962
9839	9438
9840	1858
9840	2188
9840	3466
9840	6997
9840	7505
9840	8325
9840	9822
9840	9929
9863	1018
9863	5243
9863	5380
9863	5830
9863	6810
9864	1704
9864	3891
9864	7028
9864	9214
9864	9711
9864	9995
9888	7155
9888	8744
9888	8963
9888	9303
9892	2426
9892	2785
9892	8899
9892	9058
9892	9662
9892	9685
9895	3519
9895	4455
9895	4719
9895	5986
9895	6653
9895	9332
9895	9822
9897	5925
9897	9490
9897	9623
9897	9701
9900	2952
9900	5523
9900	7407
9900	9770
9902	1169
9902	3292
9902	4008
9902	4829
9902	4995
9902	5915
9902	6108
9902	6546
9902	8087
9902	8263
9902	8556
9902	9094
9902	9104
9902	9572
9928	842
9928	6271
9928	8996
9928	9644
9929	978
9929	5205
9929	6907
9929	8194
9929	9024
9929	9566
9929	9840
9942	24
9942	6049
9942	7979
9942	8209
9942	8275
9942	8768
9942	8853
9942	9528
9942	9969
9948	495
9948	895
9948	1202
9948	1635
9948	5712
9948	6992
9948	8253
9948	9731
9948	9976
9949	3188
9949	4425
9949	4870
9949	6233
9949	7004
9949	7490
9950	17
9950	6881
9950	8649
9950	8681
9950	8774
9950	9761
9958	5610
9958	6563
9958	6810
9958	8379
9962	4008
9962	5799
9962	7560
9962	8377
9962	8408
9962	9283
9962	9837
9963	472
9963	3089
9963	7844
9963	8957
9969	1574
9969	1594
9969	7448
9969	7502
9969	8863
9969	9203
9969	9238
9969	9942
9974	3581
9974	5276
9974	6018
9974	6091
9974	8709
9974	8963
9974	9219
9974	9692
9974	9779
9974	9812
9976	3960
9976	9948
9981	958
9981	3109
9981	3381
9981	3984
9981	4596
9981	7710
9981	8603
9981	8642
9981	8650
9985	1385
9985	4178
9985	5799
9985	8586
9985	8809
9985	8882
9985	8986
9985	9283
9995	79
9995	3860
9995	7844
9995	8416
9995	9061
9995	9214
9995	9711
9995	9864
9997	5173
9997	6810
9997	7112
9997	9094
9997	9623
9997	9659
9999	989
9999	2884
9999	6863
9999	7493
9999	9572
9999	9685
