1320	1320
3957	3957
3154	3154
5361	5361
3119	3119
7045	7045
499	499
4638	4638
5721	5721
1868	1868
6106	6106
1561	1561
1932	1932
1651	1651
502	502
15	15
6270	6270
4319	4319
1500	1500
6450	6450
5697	5697
8887	8887
465	465
1794	1794
5396	5396
4497	4497
6784	6784
2314	2314
5916	5916
1090	1090
5800	5800
4195	4195
2344	2344
1054	1054
1525	1525
988	988
838	838
351	351
1805	1805
3094	3094
1243	1243
5828	5828
4910	4910
992	992
2612	2612
1338	1338
1157	1157
1809	1809
2942	2942
4643	4643
1924	1924
9568	9568
840	840
2510	2510
1973	1973
864	864
6592	6592
5855	5855
36	36
2102	2102
6305	6305
3455	3455
6520	6520
2437	2437
586	586
1800	1800
1914	1914
3534	3534
4667	4667
534	534
162	162
689	689
2665	2665
6431	6431
1826	1826
1776	1776
1108	1108
6430	6430
7338	7338
2743	2743
6701	6701
280	280
2261	2261
3078	3078
1954	1954
1888	1888
5540	5540
5846	5846
6152	6152
8845	8845
2911	2911
4631	4631
1225	1225
4926	4926
1255	1255
