0.00029397460514	0.00097854762491	0.000979210229541
0.00029397460514	0.00404345616736	0.00404619411563
0.00029397460514	0.0120975555578	0.0121057471839
0.00029397460514	0.029904853028	0.0299251025218
0.00029397460514	0.032523293876	0.0325453163965
0.00029397460514	0.0363910266437	0.0364156681248
0.00029397460514	0.0548457422762	0.0548828800117
0.00029397460514	0.0618686156153	0.0619105087538
0.00029397460514	0.0769361094947	0.0769882052959
0.00029397460514	0.0912455769555	0.0913073621363
0.000293974605141	0.142927890797	0.143024671659
0.000293974605141	0.185480051498	0.185605645734
0.000293974605141	0.188517902191	0.188645553449
0.000293974605141	0.222072331805	0.222222703797
0.000293974605141	0.249830831876	0.25
0.000293974605141	0.429364088928	0.429654824531
0.000293974605141	0.494948924922	0.495284070031
0.000293974605141	0.666667389029	0.66711880998
0.000293974605141	0.373479655484	0.373732550022
0.000293974605141	0.378058052152	0.378314046863
0.000293974605141	0.401262207148	0.401533914104
0.000293974605141	0.5	0.500338565347
0.000293974605141	0.0009765625	0.000977223760442
0.000293974605141	0.000977223760442	0.000977885468645
0.000293974605141	0.000977885468645	0.00097854762491
0.000293974605141	0.00103439850644	0.00103509892941
0.000293974605141	0.00103509892941	0.00103579982667
0.000293974605141	0.00124014674858	0.00124098649001
0.000293974605141	0.00125026125911	0.00125110784939
0.000293974605141	0.0013305966874	0.00133149767526
0.000293974605141	0.00161045011433	0.00161154059953
0.000293974605141	0.00188940597043	0.00189068534521
0.000293974605141	0.00258660135151	0.00258835281867
0.000293974605141	0.00285915527537	0.00286109129716
0.000293974605141	0.0033909340415	0.00339323014702
0.000293974605141	0.00454272421161	0.0045458002296
0.000293974605141	0.00531518616118	0.00531878523687
0.000293974605141	0.005764948509	0.00576885213258
0.000293974605141	0.010673634408	0.0106808618535
0.000293974605141	0.0130062742719	0.0130150812194
0.000293974605141	0.0185687876758	0.0185813611719
0.000293974605141	0.0364156681248	0.0364403262914
0.000293974605141	0.0548086296708	0.0548457422762
0.000293974605141	0.0682490665739	0.0682952801117
0.000293974605141	0.0682952801117	0.0683415249421
0.000293974605141	0.0771447044489	0.0771969414961
0.000293974605141	0.083220682914	0.0832770341927
0.000293974605141	0.0832770341927	0.0833334236286
0.000293974605141	0.214246530991	0.214391603893
0.000587949210281	0.00338634649055	0.0033909340415
0.000587949210281	0.00445441943114	0.00446045392176
0.000587949210281	0.0113979791979	0.011413420267
0.000587949210281	0.0142604573578	0.014279776283
0.000587949210281	0.0185436662024	0.0185687876758
0.000587949210281	0.199817911023	0.200088608322
0.000587949210281	0.428783207787	0.429364088928
0.000587949210281	0.600265174554	0.601078365726
0.000587949210281	0.159600719717	0.159816933987
0.000587949210281	0.00232424289774	0.00232739159582
0.000881923815422	0.00616451506917	0.00617704609757
0.000881923815422	0.0273857710892	0.0274414400058
0.000881923815422	0.18089232777	0.181260039889
0.000881923815422	0.0154253315871	0.0154566877062
0.000881923815422	0.0769882052959	0.0771447044489
0.000881923815422	0.111111351899	0.111337215489
0.000881923815422	0.200088608322	0.200495342024
0.000881923815422	0.275782260098	0.276342861425
0.000881923815422	0.617993711316	0.6192499491
0.000881923815422	0.00668162190689	0.00669520409348
0.00117589842056	0.00100540479323	0.00100813072216
0.00117589842056	0.400177216645	0.401262207148
0.00117589842056	0.0325453163965	0.0326335557009
0.00117589842056	0.0364403262914	0.0365391260389
0.0014698730257	0.00207721632979	0.00208425859507
0.0014698730257	0.00306561156693	0.00307600473089
0.0014698730257	0.00322090022866	0.0032318198587
0.0014698730257	0.00529722728072	0.00531518616118
0.0014698730257	0.0103184293061	0.0103534112747
0.0014698730257	0.598237006549	0.600265174554
0.00176384763084	0.140244453965	0.140815202326
0.00176384763084	0.373732550022	0.375253517407
0.00176384763084	0.416482599021	0.41817754491
0.00176384763084	0.0153628100513	0.0154253315871
0.00176384763084	0.200495342024	0.201311291494
0.00205782223598	0.0249097018249	0.0250280118075
0.00205782223598	0.0833334236286	0.0837292202533
0.00235179684112	0.750507034813	0.754582213797
0.00235179684112	0.166666847257	0.167571831757
0.00235179684112	0.220873013185	0.222072331805
0.00264577144627	0.000979210229541	0.000985193897872
0.00293974605141	0.00154217231288	0.00155264671176
0.00293974605141	0.305048253306	0.307120134027
0.00323372065655	0.00124098649001	0.00125026125911
0.00323372065655	0.00126816055566	0.00127763841576
0.00323372065655	0.00161154059953	0.00162358478139
0.00323372065655	0.167571831757	0.168824214487
0.00323372065655	0.375253517407	0.378058052152
0.00352769526169	0.0032318198587	0.00325817825221
0.00352769526169	0.276342861425	0.278596685649
0.00352769526169	0.378314046863	0.381399537686
0.00352769526169	0.445047506629	0.448677268751
0.00352769526169	0.285855781594	0.288187192226
0.00411564447197	0.222222703797	0.224338634375
0.00411564447197	0.495284070031	0.5
0.00411564447197	0.0619105087538	0.0625
0.00411564447197	0.66711880998	0.673470893116
0.00440961907711	0.00144318959985	0.00145791770341
0.00440961907711	0.333333694514	0.336735446558
0.00440961907711	0.0204976391187	0.0207068225494
0.00499756828739	0.00286109129716	0.00289420496762
0.00499756828739	0.123653501649	0.125084641337
0.00499756828739	0.00669520409348	0.0067726929811
0.00558551749767	0.00617704609757	0.00625700295189
0.00558551749767	0.560598217601	0.567854707079
0.00587949210281	0.00125110784939	0.00126816055566
0.00617346670795	0.00658731497441	0.00668162190689
0.00646744131309	0.300539182863	0.305048253306
0.00646744131309	0.0101659074539	0.0103184293061
0.00646744131309	0.140815202326	0.142927890797
0.00676141591823	0.185605645734	0.188517902191
0.00764333973366	0.00238318947896	0.00242550353921
0.0079373143388	0.00289420496762	0.00294758677264
0.0079373143388	0.00446045392176	0.00454272421161
0.00823128894394	0.00531878523687	0.00542055485273
0.00823128894394	0.0683415249421	0.0696491714122
0.00823128894394	0.26177627397	0.266785100169
0.00823128894394	0.00404619411563	0.00412361397797
0.00852526354908	0.125084641337	0.127564329647
0.00852526354908	0.326854111484	0.333333694514
0.00881923815422	0.000985193897872	0.00100540479323
0.00911321275936	0.0407738801005	0.0416385170963
0.00999513657478	0.181260039889	0.185480051498
0.0102891111799	0.00232739159582	0.00238318947896
0.0108770603902	0.41817754491	0.428783207787
0.0111710349953	0.00100813072216	0.00103439850644
0.0111710349953	0.0117903470906	0.0120975555578
0.0111710349953	0.278596685649	0.285855781594
0.0120529588108	0.601078365726	0.617993711316
0.0123469334159	0.0106808618535	0.0109888749517
0.0123469334159	0.0463386355622	0.0476749422108
0.012640908021	0.0067726929811	0.00697272113796
0.012640908021	0.08862799277	0.0912455769555
0.0129348826262	0.214391603893	0.220873013185
0.0132288572313	0.0103534112747	0.010673634408
0.0135228318365	0.111337215489	0.114858512449
0.0141107810467	0.011413420267	0.0117903470906
0.0144047556519	0.266785100169	0.275782260098
0.0152866794673	0.00224385522786	0.00232424289774
0.0152866794673	0.429654824531	0.445047506629
0.0155806540725	0.0161082693617	0.0166966574532
0.0158746286776	0.401533914104	0.416482599021
0.0158746286776	0.00155264671176	0.00161045011433
0.0158746286776	0.0109888749517	0.0113979791979
0.0161686032827	0.0178659863496	0.0185436662024
0.016756552493	0.00325817825221	0.00338634649055
0.0170505270982	0.00294758677264	0.00306561156693
0.0176384763084	0.00127763841576	0.0013305966874
0.0179324509136	0.0154566877062	0.0161082693617
0.0182264255187	0.159816933987	0.166666847257
0.0182264255187	0.288187192226	0.300539182863
0.0185204001239	0.00171625134045	0.00179102352188
0.018814374729	0.0696491714122	0.0727328036736
0.0194023239393	0.127564329647	0.133392550085
0.0194023239393	0.044313996385	0.0463386355622
0.0199902731496	0.25	0.26177627397
0.0199902731496	0.00307600473089	0.00322090022866
0.020872196965	0.381399537686	0.400177216645
0.020872196965	0.0045458002296	0.0047696064194
0.0217541207804	0.133392550085	0.140244453965
0.0223420699907	0.151597756942	0.159600719717
0.0223420699907	0.00625700295189	0.00658731497441
0.0226360445958	0.567854707079	0.598237006549
0.0232239938061	0.00179102352188	0.00188940597043
0.0241059176215	0.00162358478139	0.00171625134045
0.0243998922267	0.0727328036736	0.0769361094947
0.0243998922267	0.00145791770341	0.00154217231288
0.0246938668318	0.0837292202533	0.08862799277
0.024987841437	0.188645553449	0.199817911023
0.0252818160421	0.143024671659	0.151597756942
0.0267516890678	0.00542055485273	0.005764948509
0.0270456636729	0.201311291494	0.214246530991
0.0270456636729	0.307120134027	0.326854111484
0.0270456636729	0.0416385170963	0.044313996385
0.0276336128832	0.00116369579791	0.00124014674858
0.0279275874884	0.00242550353921	0.00258660135151
0.0282215620935	0.754582213797	0.805245165975
0.0282215620935	0.0207068225494	0.0220970869121
0.0288095113038	0.00576885213258	0.00616451506917
0.0293974605141	0.0166966574532	0.0178659863496
0.0299854097243	0.168824214487	0.18089232777
0.0311613081449	0.0121057471839	0.0130062742719
0.0317492573552	0.014279776283	0.0153628100513
0.0320432319603	0.6192499491	0.666667389029
0.0320432319603	0.114858512449	0.123653501649
0.0320432319603	0.00208425859507	0.00224385522786
0.0326311811706	0.0771969414961	0.083220682914
0.033513104986	0.00412361397797	0.00445441943114
0.0349829780117	0.00133149767526	0.00144318959985
0.0361588764323	0.0299251025218	0.032523293876
0.0373347748529	0.0274414400058	0.029904853028
0.037628749458	0.00339323014702	0.00370034371404
0.0382166986683	0.0625	0.0682490665739
0.0385106732734	0.00370034371404	0.00404345616736
0.0390986224837	0.0250280118075	0.0273857710892
0.039686571694	0.0130150812194	0.0142604573578
0.039686571694	0.0913073621363	0.100044304161
0.0408624701145	0.00189068534521	0.00207721632979
0.0426263177454	0.0185813611719	0.0204976391187
0.0426263177454	0.448677268751	0.494948924922
0.0432142669557	0.00258835281867	0.00285915527537
0.0449781145865	0.336735446558	0.373479655484
0.0455660637968	0.100044304161	0.111111351899
0.0455660637968	0.0047696064194	0.00529722728072
0.0467419622174	0.224338634375	0.249830831876
0.0470359368225	0.673470893116	0.750507034813
0.0473299114276	0.0326335557009	0.0363910266437
0.0476238860328	0.0365391260389	0.0407738801005
0.0493877336636	0.500338565347	0.560598217601
0.0493877336636	0.00697272113796	0.0078125
0.0505636320842	0.00103579982667	0.00116369579791
0.0517395305047	0.0078125	0.00880095014538
0.0520335051099	0.0220970869121	0.0249097018249
0.0520335051099	0.0548828800117	0.0618686156153
0.060558768659	0.0476749422108	0.0548086296708
0.0626165908949	0.00880095014538	0.0101659074539
0.094071873645	0.805245165975	1
