0 0.0
0.00101979861565 0.0
0.00111209827613 505.237993096
0.0012950527359 1005.53824677
0.00129592965586 860.096186143
0.00147479133706 1987.18906831
0.00148279930818 2482.11070658
0.00152349614255 2604.67005679
0.00152452774855 2207.08461586
0.00162029110563 2558.42172725
0.00171974008109 3078.26492541
0.0019438923775 3518.30659449
0.00195048264237 3739.43896568
0.001953125 3406.33324538
0.00252775142321 5390.06471505
0.00253117581834 4969.95452972
0.00253288975518 4975.41644537
0.00285528716105 4952.86914799
0.00286109129716 5525.04510914
0.00303053677011 5146.2326263
0.00304493046921 5359.04295819
0.00312850147594 5478.90439626
0.00342322138615 5832.92983971
0.00343018000073 6118.20671509
0.00375331948128 6638.35055517
0.00430909781403 6653.06942624
0.00464534029298 6895.11726972
0.00529006073022 7163.76291695
0.0053008141959 7000.55304289
0.00536942893857 7177.36100206
0.00586730645439 7641.80752388
0.00587525501116 7489.30515136
0.00657395165645 7754.05598571
0.00751680835568 7915.05774618
0.00752189821733 8215.60450422
0.00766063493727 8241.39094147
0.00828639861336 8244.66615842
0.0082920095882 8303.24824097
0.00969544907068 8850.40065751
0.00970201415682 8619.15728551
0.0110560247639 8756.92226193
0.0110784990963 8736.06819787
0.0115142983689 9001.60360163
0.0115220950538 8926.99309831
0.0123457325207 9138.63200771
0.0124127686275 9118.02980187
0.0150947985396 9562.71792859
0.0151254827617 9460.28954775
0.0170507210769 9750.04160559
0.0170622666435 9689.18797122
0.0170969502716 9727.80046205
0.0172247278642 9774.97713608
0.0202083277067 10072.6356149
0.0250110760403 10439.3767667
0.0250280118075 10299.4959024
0.0250958696315 10294.0179585
0.0263492598976 10421.0867835
0.0265641617769 10381.9401093
0.028099332844 10493.2655753
0.0302714493806 10519.0956331
0.03125 10535.8029919
0.0404166554134 10601.0284932
0.0405262360828 10721.1252893
0.0513255258106 10905.3638795
0.0513602798995 10942.7881878
0.060297507925 10880.1686144
0.0603383372184 10846.0757954
0.0642153718199 11002.4987054
0.0652671114017 11005.5888645
0.0764170864015 11063.6559246
0.0764688307562 11115.7755723
0.0772492139146 11111.9544915
0.0833334236286 11081.3581951
0.0906913883128 11218.7316369
0.0907527982354 11136.376263
0.0908142497406 11177.5769938
0.100044304161 11154.3553563
0.10011204723 11287.7970875
0.104756900701 11248.1570718
0.104827834814 11194.4607414
0.123737231231 11203.6120714
0.123904860519 11194.4686794
0.123988760303 11200.7147854
0.125 11232.8354258
0.142348579345 11100.6174424
0.142831175424 11228.8378469
0.142927890797 11260.2479661
0.143218430027 11237.253968
0.143509559855 11271.7474824
0.147049623956 11184.1939772
0.166554068385 11192.2600146
0.166666847257 11070.4050021
0.167231888141 11159.9102438
0.167458440507 10912.603271
0.19264590672 10991.340618
0.219680171577 10980.6969966
0.219828923764 10996.1903268
0.220723554492 10852.7869867
0.221922061566 10924.0586423
0.229406243697 10957.1204596
0.230028227122 10896.8984216
0.230183986295 10974.1685228
0.25 10623.8826305
0.283735227708 10648.6480971
0.283927353539 10780.3976234
0.329743028355 10526.8614756
0.32996630748 10485.1336185
0.330413319401 10442.570419
0.333333694514 9868.30020998
0.33355940499 10103.4903478
0.351643998455 9805.77329867
0.388697234944 9848.89140928
0.402077880085 9814.37417781
0.425314386978 9871.61564441
0.425602380404 9758.46793977
0.425890568838 9762.37417461
0.426178952415 9699.03250874
0.437283441681 9557.27646402
0.497973413554 9453.36932885
0.5 7917.56491197
0.510602829479 7574.6237759
0.510948574327 7976.78170303
0.545253866333 7655.21661697
0.633238252199 7766.09907645
0.634096112656 7836.8579639
0.634525478596 7838.35253406
0.666667389029 7067.31051858
0.669833762027 6842.41042303
0.753051435007 6981.79412378
1 0.0
