0 1123.3005955
0.0009765625 3033.96130488
0.00149894593401 3553.00974492
0.0014999609163 3496.50008087
0.00150606525919 3335.33317934
0.00164237581104 3382.13866062
0.001953125 3606.89606864
0.00226062514382 3702.12944847
0.00226982513753 3698.27054364
0.0022713621058 3788.30150399
0.0022729001148 3799.6056258
0.00232267014649 3662.32720627
0.00390889504177 4158.69766164
0.00393011995531 4074.14617835
0.00393278116016 4125.38131155
0.00393810897703 4086.63545207
0.00602426103675 4278.28149257
0.00692568206467 4310.93077771
0.00890281049605 4510.30780396
0.0121962219884 4623.89705935
0.0122127444529 4591.75516139
0.0138795207378 4754.05553557
0.0138889189873 4710.49555192
0.0139454422759 4685.74782938
0.0164053763406 4842.18601873
0.0169356942312 4767.81203269
0.0169471619096 4785.61197269
0.0205115186993 4857.49232508
0.0206508324625 4846.15439059
0.0210459654099 4897.85465794
0.0210744767979 4917.35271264
0.0244751402558 4978.74091095
0.0246247007048 4926.27240077
0.0261007373688 4971.48681741
0.0261360965569 4984.01912795
0.0262780129767 4962.34193195
0.0336656673806 5093.682236
0.0395506098306 5066.30806495
0.0395773907624 5084.52552334
0.042781325718 5156.24242142
0.0500221520806 5179.76319178
0.0500560236151 5192.78805228
0.056849097255 5205.59438577
0.057003230794 5207.88365233
0.0657994233128 5235.17825845
0.0659778236475 5240.6779744
0.0674682037377 5260.89263087
0.0675138885293 5260.16222163
0.0681567332916 5265.52059441
0.0830518577629 5254.38818394
0.0833334236286 5303.45249474
0.10011204723 5280.74466483
0.111111351899 5310.64700333
0.111639081303 5298.85526999
0.111714675552 5292.1318624
0.124915415938 5289.8009882
0.125 5265.99194008
0.166666847257 5214.24370174
0.166779702495 5219.9079032
0.249830831876 5149.74776057
0.25 5044.48744901
0.259834348248 4996.30468743
0.261068445607 5072.01670531
0.333333694514 4858.73523808
0.33355940499 4846.69001193
0.49763644864 4824.49940239
0.5 3687.49819616
0.707106781187 3739.94263922
0.998647112891 3598.81272831
1 0.0
