0 0.0
0.0009765625 421.009577393
0.00113107794124 792.091827134
0.0011364500574 1072.91693156
0.00126730242629 1416.1469761
0.00126816055566 1472.84377964
0.00127936925794 930.320835345
0.0013091549356 1259.17348718
0.00141035438757 1787.43280053
0.00147479133706 2295.10331235
0.00147578996354 1894.25785703
0.00161045011433 2685.2327871
0.00161590992935 2755.23864409
0.00164237581104 2872.58827046
0.00195577093729 4042.1184133
0.00196373027561 3836.28740627
0.00200673036937 4091.82582929
0.00232424289774 4662.51554849
0.00252091652513 5104.42024457
0.00253288975518 5085.10558667
0.00288637919971 5583.38475023
0.00288833365566 5514.37917563
0.00289224653872 5097.40335109
0.00289616472263 5527.1873022
0.00289812580466 5130.52201361
0.0029000882146 5239.3692772
0.00297968388817 5794.83225927
0.0033909340415 5711.14308804
0.00339323014702 5591.29546939
0.00351717494614 5990.13076203
0.00351955653325 5992.13612916
0.00374317071591 6257.23567452
0.00375077971321 5882.7412118
0.00378137069041 6186.80490918
0.00425979583072 6824.06921381
0.00487404720019 6993.51019317
0.00489719675227 6833.27447966
0.0049005127945 7034.91622085
0.00490383108213 6823.04910797
0.0052793290795 6957.11070717
0.00589517354529 7657.62111717
0.00693976036891 7749.73123538
0.00816391322076 8206.011984
0.00907930055014 8266.07813195
0.0090916004592 8412.0093255
0.0102488195594 8708.0979707
0.0102557593497 8540.79941209
0.0102766069281 8667.76156663
0.012146788592 8944.70901974
0.0125819557184 8948.41330565
0.014011676912 9171.35107638
0.0140211646485 9228.96286689
0.0156355801671 9359.9746257
0.0156461674983 9269.03189468
0.0171665291823 9515.70635289
0.0171781531661 9556.99128939
0.0186065337115 9581.45206561
0.0186443564761 9619.15300701
0.0202631180414 9596.41880801
0.0222170719089 9794.98015533
0.02298187991 9905.62163042
0.0247751750742 9974.07626227
0.0251639114367 10037.8215835
0.0262780129767 10065.4235244
0.0274414400058 10115.0827927
0.0277402576957 10082.2993228
0.0280043911911 10138.1464063
0.0280423292969 10187.050876
0.0314196844098 10216.2612511
0.0337112749299 10276.0885385
0.040581137781 10397.6047496
0.0416385170963 10322.8869592
0.0423204858418 10409.9113056
0.0455919167915 10452.0015754
0.0525916132516 10499.2220567
0.0526628601563 10500.0099258
0.0555556759493 10654.8342702
0.0556686077444 10603.4313778
0.0557063026674 10619.6846266
0.06220455608 10603.0314566
0.0666962750423 10739.791387
0.0695549439461 10693.9545958
0.0696020417335 10664.9070649
0.0696491714122 10719.9818127
0.0797463611498 10786.3225848
0.0828272901975 10718.8051494
0.087613967095 10822.300627
0.0877920659556 10790.5298336
0.0996388072995 10809.0389619
0.10168286128 10805.7395032
0.101751713866 10874.2615381
0.111111351899 10757.0338013
0.111186588805 10873.7953894
0.112017564764 10853.9338151
0.12440911216 10789.6884781
0.129917174124 10795.7677122
0.13000514503 10840.172758
0.130357624736 10842.2661059
0.143024671659 10834.5265368
0.166666847257 10709.7294075
0.167458440507 10643.5540949
0.174635876372 10615.5263305
0.199817911023 10642.6651484
0.200088608322 10638.7295353
0.20022409446 10638.4155473
0.200631103574 10595.8019667
0.200766957052 10576.6706968
0.223127076415 10374.736069
0.25 10036.6292427
0.255474287164 10192.5346628
0.26089178777 10208.1984632
0.261068445607 10199.6753493
0.29891609801 10075.942114
0.304223419938 9975.44562776
0.333333694514 9607.08912964
0.333785268301 9632.52468855
0.342250605744 9670.21564398
0.398285537836 9579.41355286
0.428203112512 9349.7280245
0.428493061982 9347.82977092
0.499661663751 9239.8488621
0.5 8111.76171743
0.66037947559 7593.05788748
0.660826638802 7568.23454626
0.666667389029 6614.97305283
0.66711880998 6954.87025314
0.677127773468 6809.09680104
0.756628093726 6641.27069221
0.759707318837 6541.62138415
0.850053176859 6436.06658268
1 0.0
