0 1137.51077745
0.0009765625 2833.501248
0.00139799810939 3109.70077621
0.00139894473682 3114.91839166
0.00140368749751 3211.80846411
0.00150402772291 3198.71901657
0.00150504614625 3152.78945718
0.00150606525919 3160.55288339
0.00245357580833 3500.93311074
0.00245523719982 3479.95148043
0.00340703946703 3695.40862229
0.00443936889789 3876.22654936
0.00444237493083 3898.7794754
0.00444839310452 3817.10218439
0.00611464465037 4004.03217428
0.00611878506394 4044.68530706
0.00612292828112 3999.63604188
0.00656950324417 4028.13975342
0.00889678620904 4209.33603718
0.00928439383792 4211.16454418
0.00929068058596 4199.89159865
0.011048543456 4214.20137939
0.0141738451211 4343.39969426
0.0141834426667 4342.80372961
0.0142122743137 4394.36563225
0.014308803754 4390.69355033
0.0143281881751 4407.83690327
0.0161300915546 4410.44375834
0.0161410137347 4438.67394985
0.0181832009184 4461.9908844
0.0242114943679 4590.68088235
0.0242278887138 4593.11831004
0.0251980014881 4600.92237986
0.0253005489874 4637.72148892
0.0259071151872 4586.35368913
0.0319342858954 4693.77228144
0.0322820274694 4694.86266557
0.0326114734712 4702.2538827
0.0326335557009 4696.78312942
0.0407738801005 4736.8679043
0.0416385170963 4723.12962933
0.0417514105689 4747.03456059
0.0418646101267 4734.79040228
0.0475782267184 4751.68048018
0.0476749422108 4756.12579276
0.0554429732525 4832.32113586
0.0557817691037 4828.00488544
0.0665609720345 4841.71544144
0.0681567332916 4869.42252963
0.0810524721657 4862.1862595
0.0996388072995 4880.84429112
0.100044304161 4904.95555892
0.111111351899 4894.45383007
0.111261876657 4896.08486323
0.125 4871.64111345
0.162214710565 4871.30817964
0.162654519262 4871.00508
0.16276465763 4890.98440515
0.166666847257 4779.34025329
0.167005642276 4769.68099442
0.245971402904 4762.05061978
0.25 4664.85876305
0.333333694514 4451.73272018
0.5 3408.35887131
0.840896415254 3348.85559818
1 0.0
