0.00029397460514	0.0565038188853	0.0565420793553
0.00029397460514	0.0681106135047	0.0681567332916
0.000293974605141	0.112397331376	0.112473439059
0.000293974605141	0.148751545455	0.148852269692
0.000293974605141	0.222373177611	0.222523753314
0.000293974605141	0.249830831876	0.25
0.000293974605141	0.310674678029	0.310885045389
0.000293974605141	0.311727940256	0.311939020812
0.000293974605141	0.333333694514	0.33355940499
0.000293974605141	0.666667389029	0.66711880998
0.000293974605141	0.00121357296105	0.00121439470855
0.000293974605141	0.00152969626599	0.00153073207028
0.000293974605141	0.00372799899783	0.00373052334037
0.000293974605141	0.00518021094362	0.00518371862345
0.000293974605141	0.00520129268212	0.00520481463704
0.000293974605141	0.006565057842	0.00656950324417
0.000293974605141	0.0102072793217	0.0102141909839
0.000293974605141	0.0103044696361	0.0103114471088
0.000293974605141	0.0209464789696	0.0209606624734
0.000293974605141	0.0248591689041	0.0248760018104
0.000293974605141	0.0248760018104	0.0248928461147
0.000293974605141	0.0564655843051	0.0565038188853
0.000293974605141	0.0680645249257	0.0681106135047
0.000293974605141	0.083220682914	0.0832770341927
0.000293974605141	0.0832770341927	0.0833334236286
0.000293974605141	0.124915415938	0.125
0.000587949210281	0.0138889189873	0.0139077345822
0.000587949210281	0.112245270475	0.112397331376
0.000587949210281	0.168938530544	0.169167394932
0.000881923815422	0.00784960589336	0.00786556232031
0.000881923815422	0.017853896928	0.0178901897567
0.000881923815422	0.0420065412708	0.0420919308198
0.000881923815422	0.0833334236286	0.0835028211378
0.00117589842056	0.0339862206537	0.0340783666458
0.00117589842056	0.112473439059	0.112778385488
0.00117589842056	0.310885045389	0.311727940256
0.0014698730257	0.00518371862345	0.00520129268212
0.00176384763084	0.00121439470855	0.00121933689179
0.00176384763084	0.00122761859991	0.00123261459999
0.00176384763084	0.0102141909839	0.0102557593497
0.00176384763084	0.33355940499	0.334916881013
0.00205782223598	0.0102557593497	0.0103044696361
0.00235179684112	0.0338026754685	0.0339862206537
0.00235179684112	0.222523753314	0.22373203529
0.00264577144627	0.0561226352376	0.0564655843051
0.00264577144627	0.5	0.503055354279
0.00293974605141	0.00121933689179	0.00122761859991
0.00352769526169	0.517912846801	0.522136891214
0.00352769526169	0.0835028211378	0.0841838616396
0.00411564447197	0.148852269692	0.150269591432
0.00587949210281	0.041441687549	0.0420065412708
0.00587949210281	0.166666847257	0.168938530544
0.00617346670795	0.110660998379	0.112245270475
0.0094071873645	0.0500560236151	0.0511521078052
0.0117589842056	0.00153073207028	0.00157274446479
0.0120529588108	0.0203731447686	0.0209464789696
0.012640908021	0.503055354279	0.517912846801
0.0129348826262	0.0139077345822	0.0143281881751
0.0135228318365	0.0659778236475	0.0680645249257
0.0138168064416	0.00786556232031	0.00811982338274
0.0149927048622	0.0483574778985	0.0500560236151
0.022930019201	0.0235806941811	0.0248591689041
0.024987841437	0.0023848032097	0.00252604096334
0.0288095113038	0.311939020812	0.333333694514
0.0293974605141	0.00123261459999	0.00131893917568
0.03145528275	0.00346753221197	0.00372799899783
0.0326311811706	0.0103114471088	0.0111160578851
0.0346890034066	0.0111160578851	0.01204036917
0.037628749458	0.0009765625	0.00106494895768
0.0402745209043	0.0511521078052	0.0561226352376
0.0443901653762	0.112778385488	0.124915415938
0.0449781145865	0.150269591432	0.166666847257
0.0479178606379	0.22373203529	0.249830831876
0.0511515812945	0.0209606624734	0.0235806941811
0.0517395305047	0.0248928461147	0.0280423292969
0.0535033781356	0.0841838616396	0.0952208867921
0.056443124187	0.0178901897567	0.0203731447686
0.0567370987921	0.00106494895768	0.00121357296105
0.0576190226076	0.00252604096334	0.00288442606629
0.0602647940538	0.0420919308198	0.0483574778985
0.0620286416847	0.01204036917	0.0138889189873
0.0643804385258	0.00131893917568	0.00152969626599
0.0652623623412	0.0952208867921	0.110660998379
0.0670262099721	0.0565420793553	0.0659778236475
0.0729057020749	0.00157274446479	0.00186021810724
0.0755514735211	0.125	0.148751545455
0.077315321152	0.00656950324417	0.00784960589336
0.0799610925982	0.00288442606629	0.00346753221197
0.0811369910188	0.0280423292969	0.0338026754685
0.0849586608856	0.0340783666458	0.041441687549
0.0867225085165	0.0681567332916	0.083220682914
0.0943658482501	0.25	0.310674678029
0.0955417466707	0.0143281881751	0.017853896928
0.0993634165375	0.00811982338274	0.0102072793217
0.100833289563	0.00520481463704	0.006565057842
0.106124832456	0.522136891214	0.666667389029
0.107888680087	0.00186021810724	0.0023848032097
0.118765740477	0.169167394932	0.222373177611
0.142577683493	0.00373052334037	0.00518021094362
0.174032966243	0.334916881013	0.5
0.175796813874	0.66711880998	1
