0 148.796860423
0.0009765625 2059.64967916
0.00106494895768 2251.74286175
0.00121357296105 2588.77156557
0.00121439470855 2604.59434361
0.00121933689179 2681.10215544
0.00122761859991 2671.05865319
0.00123261459999 2900.77757857
0.00131893917568 2743.08414516
0.00152969626599 3130.51401503
0.00153073207028 2978.27126606
0.00157274446479 2887.84940605
0.00186021810724 3680.79263625
0.0023848032097 4054.75210802
0.00252604096334 4155.24004056
0.00288442606629 4319.44928898
0.00346753221197 4636.55049648
0.00372799899783 4876.11784489
0.00373052334037 4723.64130849
0.00518021094362 5268.09431785
0.00518371862345 5188.06872337
0.00520129268212 5108.0460014
0.00520481463704 5292.690412
0.006565057842 5463.47857157
0.00656950324417 5407.21857531
0.00784960589336 5546.26656794
0.00786556232031 5638.68046663
0.00811982338274 5663.10309447
0.0102072793217 5867.95443248
0.0102141909839 6034.8206182
0.0102557593497 5916.06921514
0.0103044696361 5863.21953678
0.0103114471088 5880.03485649
0.0111160578851 5987.10377488
0.01204036917 6049.93533112
0.0138889189873 6296.88658706
0.0139077345822 6204.45203661
0.0143281881751 6194.67316593
0.017853896928 6627.23318369
0.0178901897567 6582.18421368
0.0203731447686 6582.17521874
0.0209464789696 6651.00806423
0.0209606624734 6706.88736465
0.0235806941811 6779.59438318
0.0248591689041 6715.01076621
0.0248760018104 6800.08655992
0.0248928461147 6808.70633285
0.0280423292969 7002.34448288
0.0338026754685 7061.90529745
0.0339862206537 6941.7264138
0.0340783666458 7053.19258394
0.041441687549 7094.83951971
0.0420065412708 7183.35065958
0.0420919308198 7131.99530821
0.0483574778985 7094.42085364
0.0500560236151 7171.6582124
0.0511521078052 7144.82596131
0.0561226352376 7171.52870486
0.0564655843051 7153.44254958
0.0565038188853 7158.20717251
0.0565420793553 7196.47025898
0.0659778236475 7265.75915647
0.0680645249257 7305.54233673
0.0681106135047 7310.15102927
0.0681567332916 7304.26081505
0.083220682914 7258.86061029
0.0832770341927 7334.86457208
0.0833334236286 7288.11094575
0.0835028211378 7308.7927681
0.0841838616396 7358.24942128
0.0952208867921 7348.86322802
0.110660998379 7386.32495358
0.112245270475 7312.10415422
0.112397331376 7360.10956694
0.112473439059 7321.00959973
0.112778385488 7388.32154207
0.124915415938 7327.87997259
0.125 7339.00426382
0.148751545455 7294.41910758
0.148852269692 7368.69324107
0.150269591432 7361.5979148
0.166666847257 7177.46227542
0.168938530544 7150.03638154
0.169167394932 7119.57107105
0.222373177611 7124.28824163
0.222523753314 7060.89994453
0.22373203529 7159.07302018
0.249830831876 7033.01649935
0.25 6924.22388801
0.310674678029 6928.75994936
0.310885045389 6908.84045056
0.311727940256 6917.82641553
0.311939020812 6986.32574323
0.333333694514 6603.26408231
0.33355940499 6429.46330022
0.334916881013 6633.06591532
0.5 5121.05432836
0.503055354279 4969.282948
0.517912846801 5040.27690978
0.522136891214 5074.27084124
0.666667389029 4852.99187689
0.66711880998 4920.64133953
1 0.0
