1	132 
2	66 
3	144 
4	308 
5	264 
6	165 
7	211 
8	237 
9	279 
10	131 
11	226 
12	209 
13	164 
14	274 
15	282 
16	117 
17	276 
18	137 
19	169 
20	220 
21	261 
22	54 
23	295 
24	190 
25	253 
26	72 
27	220 
28	294 
29	126 
30	303 
31	277 
32	187 
33	38 
34	125 
35	61 
36	93 
37	153 
38	20 
39	126 
40	293 
41	79 
42	306 
43	218 
44	98 
45	210 
46	42 
47	226 
48	145 
49	295 
50	286 
51	12 
52	85 
53	196 
54	293 
55	180 
56	142 
57	55 
58	216 
59	271 
60	303 
61	12 
62	38 
63	64 
64	86 
65	152 
66	229 
67	252 
68	306 
69	276 
70	129 
71	101 
72	133 
73	289 
74	38 
75	147 
76	81 
77	299 
78	264 
79	62 
80	218 
81	274 
82	237 
83	168 
84	130 
85	256 
86	1 
87	256 
88	3 
89	252 
90	191 
91	303 
92	273 
93	182 
94	68 
95	216 
96	251 
97	36 
98	25 
99	226 
100	259 
101	207 
102	226 
103	86 
104	140 
105	14 
106	119 
107	14 
108	308 
109	156 
110	2 
111	92 
112	98 
113	239 
114	83 
115	204 
116	261 
117	73 
118	148 
119	76 
120	116 
121	200 
122	110 
123	187 
124	233 
125	58 
126	149 
127	158 
128	272 
129	3 
130	248 
131	2 
132	177 
133	212 
134	261 
135	215 
136	212 
137	79 
138	286 
139	221 
140	285 
141	56 
142	209 
143	165 
144	70 
145	182 
146	282 
147	104 
148	278 
149	31 
150	261 
151	184 
152	246 
153	76 
154	91 
155	274 
156	168 
157	177 
158	238 
159	230 
160	64 
161	256 
162	153 
163	149 
164	54 
165	14 
166	166 
167	13 
168	307 
169	261 
170	20 
171	147 
172	164 
173	7 
174	42 
175	270 
176	154 
177	15 
178	124 
179	144 
180	247 
181	213 
182	128 
183	130 
184	297 
185	299 
186	245 
187	152 
188	277 
189	91 
190	226 
191	203 
192	184 
193	68 
194	128 
195	192 
196	163 
197	201 
198	157 
199	282 
200	156 
201	132 
202	255 
203	204 
204	119 
205	197 
206	187 
207	150 
208	198 
209	196 
210	184 
211	220 
212	268 
213	277 
214	37 
215	143 
216	193 
217	163 
218	120 
219	50 
220	165 
221	48 
222	22 
223	11 
224	14 
225	225 
226	225 
227	133 
228	168 
229	21 
230	264 
231	195 
232	23 
233	287 
234	178 
235	49 
236	124 
237	252 
238	164 
239	167 
240	153 
241	32 
242	64 
243	207 
244	132 
245	269 
246	198 
247	285 
248	154 
249	133 
250	86 
251	101 
252	195 
253	195 
254	291 
255	182 
256	263 
257	246 
258	177 
259	273 
260	281 
261	212 
262	127 
263	137 
264	135 
265	45 
266	246 
267	177 
268	245 
269	223 
270	76 
271	171 
272	188 
273	240 
274	235 
275	202 
276	179 
277	100 
278	176 
279	118 
280	143 
281	253 
282	19 
283	188 
284	105 
285	60 
286	123 
287	212 
288	265 
289	36 
290	181 
291	53 
292	153 
293	168 
294	282 
295	12 
296	305 
297	14 
298	203 
299	5 
300	283 
301	303 
302	174 
303	299 
304	110 
305	234 
306	168 
307	91 
308	177 
309	60 
310	199 
311	71 
312	241 
313	33 
314	32 
315	206 
316	157 
317	149 
318	232 
319	21 
320	221 
321	68 
322	91 
323	96 
324	75 
325	273 
326	276 
327	46 
328	242 
329	218 
330	51 
331	181 
332	222 
333	3 
334	188 
335	190 
336	256 
337	75 
338	58 
339	134 
340	79 
341	103 
342	232 
343	58 
344	174 
345	15 
346	44 
347	176 
348	261 
349	275 
350	108 
351	78 
352	226 
353	147 
354	299 
355	252 
356	191 
357	97 
358	142 
359	29 
360	244 
361	16 
362	124 
363	236 
364	148 
365	265 
366	252 
367	266 
368	59 
369	200 
370	187 
371	85 
372	273 
373	282 
374	42 
375	219 
376	90 
377	44 
378	121 
379	157 
380	23 
381	237 
382	195 
383	180 
384	162 
385	53 
386	177 
387	240 
388	126 
389	22 
390	58 
391	18 
392	21 
393	102 
394	34 
395	8 
396	201 
397	216 
398	147 
399	215 
400	103 
401	193 
402	203 
403	14 
404	82 
405	99 
406	236 
407	85 
408	228 
409	5 
410	62 
411	25 
412	210 
413	24 
414	198 
415	243 
416	263 
417	290 
418	150 
419	69 
420	95 
421	38 
422	170 
423	92 
424	97 
425	26 
426	53 
427	244 
428	254 
429	151 
430	205 
431	186 
432	114 
433	21 
434	241 
435	256 
436	58 
437	103 
438	126 
439	4 
440	154 
441	104 
442	199 
443	201 
444	35 
445	275 
446	110 
447	149 
448	62 
449	171 
450	273 
451	76 
452	166 
453	29 
454	263 
455	85 
456	250 
457	286 
458	113 
459	7 
460	261 
461	176 
462	277 
463	210 
464	195 
465	274 
466	257 
467	180 
468	291 
469	129 
470	51 
471	270 
472	243 
473	29 
474	298 
475	74 
476	270 
477	86 
478	141 
479	234 
480	281 
481	56 
482	183 
483	123 
484	114 
485	219 
486	194 
487	225 
488	41 
489	207 
490	300 
491	224 
492	77 
493	76 
494	41 
495	114 
496	278 
497	215 
498	234 
499	101 
500	21 
501	83 
502	1 
503	84 
504	284 
505	47 
506	137 
507	199 
508	145 
509	173 
510	224 
511	123 
512	222 
513	164 
514	196 
515	55 
516	137 
517	56 
518	35 
519	257 
520	19 
521	80 
522	100 
523	23 
524	300 
525	235 
526	72 
527	245 
528	229 
529	142 
530	249 
531	34 
532	134 
533	276 
534	40 
535	138 
536	296 
537	4 
538	31 
539	62 
540	5 
541	21 
542	80 
543	272 
544	258 
545	196 
546	227 
547	47 
548	212 
549	31 
550	44 
551	60 
552	30 
553	287 
554	279 
555	235 
556	33 
557	98 
558	203 
559	190 
560	241 
561	61 
562	168 
563	19 
564	11 
565	201 
566	298 
567	162 
568	46 
569	304 
570	65 
571	304 
572	28 
573	105 
574	145 
575	274 
576	20 
577	160 
578	243 
579	85 
580	162 
581	239 
582	25 
583	176 
584	23 
585	33 
586	111 
587	228 
588	147 
589	99 
590	119 
591	1 
592	65 
593	118 
594	78 
595	50 
596	42 
597	49 
598	41 
599	122 
600	173 
601	250 
602	305 
603	302 
604	190 
605	82 
606	308 
607	206 
608	51 
609	201 
610	87 
611	288 
612	289 
613	278 
614	109 
615	205 
616	106 
617	148 
618	123 
619	262 
620	80 
621	75 
622	28 
623	261 
624	47 
625	135 
626	282 
627	18 
628	141 
629	133 
630	276 
631	13 
632	57 
633	161 
634	290 
635	283 
636	242 
637	288 
638	53 
639	130 
640	21 
641	68 
642	296 
643	48 
644	213 
645	250 
646	38 
647	51 
648	7 
649	7 
650	293 
651	225 
652	210 
653	31 
654	26 
655	149 
656	275 
657	225 
658	162 
659	229 
660	262 
661	235 
662	292 
663	209 
664	124 
665	300 
666	275 
667	103 
668	269 
669	117 
670	308 
671	285 
672	91 
673	9 
674	239 
675	241 
676	139 
677	101 
678	246 
679	159 
680	238 
681	27 
682	307 
683	303 
684	7 
685	68 
686	28 
687	164 
688	128 
689	269 
690	122 
691	244 
692	115 
693	236 
694	84 
695	258 
696	149 
697	91 
698	250 
699	32 
700	173 
701	48 
702	93 
703	130 
704	48 
705	192 
706	271 
707	289 
708	48 
709	287 
710	52 
711	187 
712	266 
713	283 
714	111 
715	292 
716	135 
717	60 
718	135 
719	214 
720	174 
721	37 
722	233 
723	231 
724	271 
725	132 
726	165 
727	168 
728	283 
729	36 
730	54 
731	129 
732	305 
733	43 
734	70 
735	164 
736	288 
737	303 
738	12 
739	203 
740	285 
741	6 
742	297 
743	161 
744	163 
745	30 
746	82 
747	161 
748	17 
749	68 
750	31 
751	27 
752	305 
753	58 
754	277 
755	306 
756	46 
757	207 
758	44 
759	174 
760	247 
761	175 
762	33 
763	16 
764	111 
765	113 
766	150 
767	227 
768	129 
769	245 
770	87 
771	307 
772	92 
773	286 
774	220 
775	211 
776	230 
777	31 
778	293 
779	61 
780	249 
781	151 
782	140 
783	113 
784	134 
785	183 
786	92 
787	213 
788	60 
789	38 
790	61 
791	308 
792	138 
793	236 
794	235 
795	166 
796	296 
797	120 
798	210 
799	46 
800	286 
801	240 
802	150 
803	81 
804	89 
805	215 
806	300 
807	307 
808	130 
809	57 
810	235 
811	306 
812	47 
813	305 
814	191 
815	57 
816	263 
817	194 
818	188 
819	187 
820	178 
821	230 
822	16 
823	139 
824	169 
825	138 
826	46 
827	119 
828	37 
829	100 
830	249 
831	72 
832	100 
833	155 
834	93 
835	82 
836	174 
837	33 
838	131 
839	91 
840	271 
841	220 
842	78 
843	246 
844	197 
845	51 
846	69 
847	25 
848	303 
849	149 
850	239 
851	259 
852	39 
853	32 
854	36 
855	163 
856	107 
857	132 
858	73 
859	229 
860	143 
861	153 
862	251 
863	104 
864	199 
865	116 
866	128 
867	156 
868	275 
869	64 
870	211 
871	176 
872	94 
873	219 
874	167 
875	33 
876	23 
877	40 
878	47 
879	109 
880	295 
881	70 
882	120 
883	304 
884	307 
885	109 
886	199 
887	124 
888	140 
889	252 
890	43 
891	36 
892	40 
893	182 
894	40 
895	220 
896	166 
897	201 
898	159 
899	173 
900	256 
901	108 
902	2 
903	123 
904	171 
905	215 
906	130 
907	191 
908	155 
909	19 
910	147 
911	308 
912	211 
913	280 
914	110 
915	161 
916	94 
917	222 
918	91 
919	223 
920	40 
921	217 
922	165 
923	264 
924	248 
925	231 
926	3 
927	235 
928	67 
929	32 
930	169 
931	167 
932	113 
933	300 
934	211 
935	293 
936	13 
937	34 
938	50 
939	93 
940	24 
941	246 
942	107 
943	25 
944	184 
945	198 
946	19 
947	192 
948	64 
949	28 
950	139 
951	246 
952	308 
953	38 
954	151 
955	68 
956	77 
957	80 
958	267 
959	178 
960	187 
961	168 
962	308 
963	301 
964	275 
965	114 
966	223 
967	191 
968	295 
969	46 
970	153 
971	192 
972	46 
973	117 
974	252 
975	271 
976	39 
977	57 
978	111 
979	147 
980	142 
981	180 
982	73 
983	141 
984	73 
985	123 
986	47 
987	148 
988	87 
989	295 
990	2 
991	15 
992	101 
993	247 
994	149 
995	132 
996	268 
997	96 
998	259 
999	256 
1000	111 
1001	88 
1002	80 
1003	20 
1004	38 
1005	6 
1006	113 
1007	195 
1008	271 
1009	154 
1010	90 
1011	185 
1012	30 
1013	92 
1014	292 
1015	51 
1016	298 
1017	218 
1018	91 
1019	45 
1020	52 
1021	121 
1022	9 
1023	193 
1024	276 
1025	201 
1026	78 
1027	10 
1028	143 
1029	23 
1030	217 
1031	62 
1032	108 
1033	208 
1034	257 
1035	40 
1036	151 
1037	112 
1038	134 
1039	48 
1040	85 
1041	218 
1042	129 
1043	119 
1044	46 
1045	51 
1046	97 
1047	153 
1048	224 
1049	48 
1050	278 
1051	56 
1052	29 
1053	281 
1054	283 
1055	153 
1056	94 
1057	68 
1058	137 
1059	53 
1060	66 
1061	213 
1062	173 
1063	172 
1064	199 
1065	46 
1066	106 
1067	184 
1068	234 
1069	199 
1070	28 
1071	57 
1072	140 
1073	138 
1074	259 
1075	101 
1076	212 
1077	155 
1078	195 
1079	148 
1080	228 
1081	268 
1082	281 
1083	135 
1084	86 
1085	283 
1086	139 
1087	126 
1088	97 
1089	31 
1090	223 
1091	42 
1092	74 
1093	28 
1094	19 
1095	186 
1096	98 
1097	108 
1098	112 
1099	19 
1100	64 
1101	217 
1102	258 
1103	60 
1104	210 
1105	220 
1106	84 
1107	103 
1108	282 
1109	12 
1110	106 
1111	257 
1112	136 
1113	216 
1114	100 
1115	109 
1116	21 
1117	93 
1118	32 
1119	258 
1120	226 
1121	44 
1122	139 
1123	115 
1124	287 
1125	269 
1126	290 
1127	95 
1128	304 
1129	195 
1130	66 
1131	244 
1132	51 
1133	258 
1134	154 
1135	45 
1136	160 
1137	218 
1138	148 
1139	249 
1140	287 
1141	73 
1142	65 
1143	303 
1144	139 
1145	109 
1146	125 
1147	34 
1148	206 
1149	222 
1150	128 
1151	204 
1152	260 
1153	71 
1154	210 
1155	265 
1156	288 
1157	77 
1158	91 
1159	200 
1160	54 
1161	139 
1162	58 
1163	76 
1164	280 
1165	128 
1166	54 
1167	166 
1168	7 
1169	272 
1170	57 
1171	193 
1172	84 
1173	32 
1174	249 
1175	243 
1176	148 
1177	254 
1178	86 
1179	140 
1180	33 
1181	125 
1182	209 
1183	233 
1184	54 
1185	286 
1186	116 
1187	73 
1188	141 
1189	219 
1190	7 
1191	282 
1192	65 
1193	101 
1194	81 
1195	112 
1196	214 
1197	290 
1198	282 
1199	181 
1200	169 
1201	241 
1202	114 
1203	124 
1204	62 
1205	193 
1206	19 
1207	68 
1208	20 
1209	218 
1210	121 
1211	283 
1212	147 
1213	64 
1214	58 
1215	47 
1216	13 
1217	267 
1218	101 
1219	86 
1220	234 
1221	203 
1222	184 
1223	304 
1224	265 
1225	227 
1226	249 
1227	21 
1228	69 
1229	51 
1230	30 
1231	215 
1232	75 
1233	283 
1234	295 
1235	80 
1236	140 
1237	125 
1238	178 
1239	80 
1240	151 
1241	49 
1242	181 
1243	272 
1244	179 
1245	33 
1246	18 
1247	87 
1248	80 
1249	55 
1250	15 
1251	1 
1252	289 
1253	207 
1254	17 
1255	40 
1256	270 
1257	244 
1258	120 
1259	307 
1260	51 
1261	306 
1262	240 
1263	232 
1264	38 
1265	213 
1266	19 
1267	219 
1268	189 
1269	212 
1270	94 
1271	144 
1272	146 
1273	130 
1274	270 
1275	308 
1276	219 
1277	20 
1278	234 
1279	147 
1280	258 
1281	221 
1282	237 
1283	40 
1284	134 
1285	286 
1286	291 
1287	210 
1288	265 
1289	68 
1290	147 
1291	176 
1292	160 
1293	68 
1294	301 
1295	101 
1296	237 
1297	104 
1298	33 
1299	10 
1300	184 
1301	36 
1302	165 
1303	295 
1304	137 
1305	189 
1306	289 
1307	198 
1308	291 
1309	217 
1310	301 
1311	183 
1312	85 
1313	80 
1314	134 
1315	177 
1316	172 
1317	230 
1318	294 
1319	61 
1320	145 
1321	16 
1322	119 
1323	152 
1324	174 
1325	83 
1326	38 
1327	263 
1328	294 
1329	67 
1330	184 
1331	304 
1332	70 
1333	90 
1334	61 
1335	81 
1336	229 
1337	115 
1338	46 
1339	171 
1340	117 
1341	249 
1342	123 
1343	68 
1344	131 
1345	154 
1346	133 
1347	258 
1348	36 
1349	94 
1350	256 
1351	100 
1352	197 
1353	200 
1354	295 
1355	250 
1356	236 
1357	25 
1358	5 
1359	101 
1360	98 
1361	106 
1362	189 
1363	22 
1364	244 
1365	146 
1366	256 
1367	56 
1368	80 
1369	95 
1370	196 
1371	141 
1372	8 
1373	306 
1374	42 
1375	293 
1376	194 
1377	113 
1378	170 
1379	58 
1380	243 
1381	274 
1382	6 
1383	37 
1384	192 
1385	235 
1386	92 
1387	297 
1388	193 
1389	300 
1390	73 
1391	134 
1392	114 
1393	23 
1394	80 
1395	81 
1396	162 
1397	30 
1398	153 
1399	175 
1400	172 
1401	195 
1402	247 
1403	63 
1404	283 
1405	274 
1406	37 
1407	213 
1408	41 
1409	261 
1410	265 
1411	200 
1412	140 
1413	84 
1414	126 
1415	248 
1416	221 
1417	7 
1418	306 
1419	236 
1420	275 
1421	117 
1422	119 
1423	234 
1424	136 
1425	76 
1426	204 
1427	77 
1428	148 
1429	286 
1430	300 
1431	266 
1432	42 
1433	181 
1434	233 
1435	229 
1436	279 
1437	140 
1438	5 
1439	18 
1440	208 
1441	5 
1442	205 
1443	274 
1444	290 
1445	132 
1446	287 
1447	227 
1448	102 
1449	171 
1450	187 
1451	46 
1452	20 
1453	36 
1454	105 
1455	128 
1456	300 
1457	206 
1458	53 
1459	144 
1460	20 
1461	273 
1462	103 
1463	88 
1464	211 
1465	44 
1466	150 
1467	260 
1468	23 
1469	6 
1470	68 
1471	179 
1472	1 
1473	157 
1474	19 
1475	220 
1476	158 
1477	25 
1478	46 
1479	88 
1480	275 
1481	16 
1482	151 
1483	185 
1484	224 
1485	71 
1486	286 
1487	213 
1488	11 
1489	123 
1490	113 
1491	291 
1492	278 
1493	247 
1494	152 
1495	162 
1496	139 
1497	271 
1498	145 
1499	39 
1500	54 
1501	304 
1502	146 
1503	104 
1504	125 
1505	143 
1506	168 
1507	199 
1508	69 
1509	191 
1510	88 
1511	24 
1512	113 
1513	213 
1514	48 
1515	170 
1516	102 
1517	248 
1518	104 
1519	47 
1520	116 
1521	306 
1522	252 
1523	300 
1524	266 
1525	258 
1526	215 
1527	232 
1528	60 
1529	261 
1530	208 
1531	244 
1532	123 
1533	292 
1534	253 
1535	95 
1536	42 
1537	109 
1538	217 
1539	277 
1540	157 
1541	282 
1542	47 
1543	30 
1544	286 
1545	112 
1546	286 
1547	60 
1548	199 
1549	181 
1550	231 
1551	297 
1552	156 
1553	50 
1554	302 
1555	275 
1556	46 
1557	253 
1558	66 
1559	294 
1560	283 
1561	285 
1562	90 
1563	212 
1564	302 
1565	252 
1566	19 
1567	143 
1568	215 
1569	259 
1570	240 
1571	211 
1572	293 
1573	70 
1574	195 
1575	294 
1576	233 
1577	47 
1578	111 
1579	46 
1580	68 
1581	278 
1582	201 
1583	307 
1584	49 
1585	214 
1586	88 
1587	103 
1588	83 
1589	11 
1590	294 
1591	283 
1592	25 
1593	35 
1594	159 
1595	171 
1596	5 
1597	6 
1598	40 
1599	122 
1600	56 
1601	212 
1602	20 
1603	276 
1604	64 
1605	206 
1606	25 
1607	100 
1608	132 
1609	82 
1610	306 
1611	267 
1612	206 
1613	210 
1614	184 
1615	222 
1616	298 
1617	69 
1618	132 
1619	244 
1620	154 
1621	205 
1622	187 
1623	197 
1624	48 
1625	183 
1626	77 
1627	40 
1628	167 
1629	247 
1630	150 
1631	170 
1632	117 
1633	62 
1634	100 
1635	256 
1636	233 
1637	118 
1638	235 
1639	172 
1640	219 
1641	213 
1642	11 
1643	168 
1644	29 
1645	83 
1646	139 
1647	193 
1648	69 
1649	157 
1650	115 
1651	63 
1652	152 
1653	38 
1654	159 
1655	225 
1656	271 
1657	226 
1658	155 
1659	96 
1660	61 
1661	24 
1662	279 
1663	279 
1664	34 
1665	148 
1666	221 
1667	155 
1668	100 
1669	141 
1670	279 
1671	226 
1672	103 
1673	185 
1674	9 
1675	304 
1676	91 
1677	197 
1678	89 
1679	134 
1680	161 
1681	83 
1682	291 
1683	255 
1684	295 
1685	140 
1686	168 
1687	250 
1688	132 
1689	231 
1690	58 
1691	89 
1692	109 
1693	303 
1694	72 
1695	302 
1696	239 
1697	136 
1698	292 
1699	160 
1700	126 
1701	94 
1702	19 
1703	140 
1704	145 
1705	213 
1706	165 
1707	236 
1708	136 
1709	246 
1710	19 
1711	37 
1712	60 
1713	291 
1714	159 
1715	41 
1716	138 
1717	161 
1718	248 
1719	169 
1720	239 
1721	143 
1722	33 
1723	64 
1724	35 
1725	265 
1726	47 
1727	296 
1728	147 
1729	69 
1730	277 
1731	189 
1732	242 
1733	231 
1734	248 
1735	147 
1736	214 
1737	286 
1738	62 
1739	192 
1740	174 
1741	304 
1742	174 
1743	295 
1744	152 
1745	11 
1746	226 
1747	98 
1748	275 
1749	153 
1750	231 
1751	77 
1752	257 
1753	260 
1754	40 
1755	29 
1756	96 
1757	184 
1758	194 
1759	300 
1760	295 
1761	21 
1762	279 
1763	90 
1764	244 
1765	229 
1766	66 
1767	80 
1768	177 
1769	264 
1770	71 
1771	16 
1772	213 
1773	297 
1774	79 
1775	164 
1776	196 
1777	106 
1778	166 
1779	211 
1780	77 
1781	56 
1782	209 
1783	57 
1784	4 
1785	47 
1786	101 
1787	55 
1788	200 
1789	190 
1790	147 
1791	131 
1792	61 
1793	202 
1794	124 
1795	44 
1796	139 
1797	120 
1798	186 
1799	212 
1800	113 
1801	295 
1802	137 
1803	22 
1804	118 
1805	183 
1806	65 
1807	69 
1808	286 
1809	125 
1810	276 
1811	195 
1812	157 
1813	67 
1814	171 
1815	11 
1816	150 
1817	269 
1818	187 
1819	141 
1820	304 
1821	24 
1822	133 
1823	46 
1824	250 
1825	163 
1826	20 
1827	197 
1828	159 
1829	129 
1830	211 
1831	123 
1832	121 
1833	225 
1834	158 
1835	308 
1836	137 
1837	105 
1838	257 
1839	141 
1840	184 
1841	59 
1842	75 
1843	279 
1844	34 
1845	283 
1846	169 
1847	248 
1848	296 
1849	224 
1850	297 
1851	132 
1852	58 
1853	301 
1854	215 
1855	223 
1856	224 
1857	211 
1858	47 
1859	219 
1860	187 
1861	280 
1862	96 
1863	100 
1864	159 
1865	296 
1866	142 
1867	66 
1868	28 
1869	278 
1870	144 
1871	117 
1872	193 
1873	193 
1874	246 
1875	57 
1876	167 
1877	92 
1878	28 
1879	65 
1880	68 
1881	299 
1882	188 
1883	50 
1884	120 
1885	19 
1886	48 
1887	296 
1888	143 
1889	247 
1890	210 
1891	281 
1892	301 
1893	150 
1894	137 
1895	193 
1896	130 
1897	257 
1898	160 
1899	282 
1900	38 
1901	28 
1902	205 
1903	5 
1904	10 
1905	143 
1906	192 
1907	122 
1908	236 
1909	281 
1910	36 
1911	196 
1912	139 
1913	135 
1914	14 
1915	212 
1916	275 
1917	189 
1918	280 
1919	163 
1920	25 
1921	229 
1922	106 
1923	273 
1924	289 
1925	2 
1926	209 
1927	123 
1928	93 
1929	182 
1930	239 
1931	192 
1932	177 
1933	271 
1934	53 
1935	92 
1936	251 
1937	209 
1938	14 
1939	281 
1940	148 
1941	146 
1942	153 
1943	206 
1944	171 
1945	196 
1946	42 
1947	3 
1948	86 
1949	95 
1950	56 
1951	212 
1952	55 
1953	153 
1954	180 
1955	47 
1956	294 
1957	147 
1958	212 
1959	1 
1960	267 
1961	232 
1962	147 
1963	78 
1964	65 
1965	156 
1966	95 
1967	23 
1968	174 
1969	202 
1970	253 
1971	238 
1972	152 
1973	303 
1974	84 
1975	204 
1976	307 
1977	299 
1978	118 
1979	147 
1980	239 
1981	43 
1982	146 
1983	237 
1984	61 
1985	217 
1986	96 
1987	72 
1988	234 
1989	36 
1990	170 
1991	187 
1992	122 
1993	215 
1994	155 
1995	297 
1996	286 
1997	19 
1998	258 
1999	215 
2000	57 
2001	131 
2002	279 
2003	210 
2004	304 
2005	225 
2006	61 
2007	174 
2008	15 
2009	159 
2010	304 
2011	50 
2012	308 
2013	297 
2014	269 
2015	158 
2016	25 
2017	177 
2018	119 
2019	86 
2020	87 
2021	129 
2022	25 
2023	275 
2024	20 
2025	1 
2026	183 
2027	24 
2028	164 
2029	121 
2030	212 
2031	213 
2032	13 
2033	229 
2034	116 
2035	160 
2036	151 
2037	55 
2038	58 
2039	22 
2040	245 
2041	24 
2042	259 
2043	288 
2044	296 
2045	218 
2046	132 
2047	35 
2048	134 
2049	82 
2050	74 
2051	13 
2052	82 
2053	297 
2054	166 
2055	74 
2056	4 
2057	91 
2058	70 
2059	249 
2060	236 
2061	83 
2062	206 
2063	217 
2064	196 
2065	255 
2066	79 
2067	305 
2068	146 
2069	229 
2070	48 
2071	254 
2072	263 
2073	240 
2074	192 
2075	63 
2076	230 
2077	213 
2078	294 
2079	32 
2080	211 
2081	273 
2082	180 
2083	243 
2084	78 
2085	90 
2086	122 
2087	153 
2088	181 
2089	70 
2090	111 
2091	3 
2092	250 
2093	94 
2094	116 
2095	83 
2096	234 
2097	71 
2098	62 
2099	152 
2100	46 
2101	57 
2102	221 
2103	194 
2104	111 
2105	263 
2106	172 
2107	281 
2108	86 
2109	214 
2110	52 
2111	78 
2112	275 
2113	107 
2114	1 
2115	176 
2116	284 
2117	25 
2118	190 
2119	134 
2120	61 
2121	170 
2122	20 
2123	272 
2124	187 
2125	145 
2126	9 
2127	36 
2128	99 
2129	236 
2130	282 
2131	230 
2132	80 
2133	66 
2134	33 
2135	109 
2136	243 
2137	298 
2138	46 
2139	285 
2140	92 
2141	271 
2142	66 
2143	39 
2144	116 
2145	108 
2146	108 
2147	246 
2148	40 
2149	297 
2150	18 
2151	124 
2152	213 
2153	133 
2154	239 
2155	230 
2156	44 
2157	237 
2158	86 
2159	306 
2160	286 
2161	67 
2162	155 
2163	224 
2164	159 
2165	139 
2166	35 
2167	207 
2168	170 
2169	155 
2170	303 
2171	80 
2172	265 
2173	78 
2174	265 
2175	60 
2176	277 
2177	35 
2178	203 
2179	2 
2180	37 
2181	38 
2182	21 
2183	122 
2184	257 
2185	75 
2186	187 
2187	262 
2188	19 
2189	77 
2190	254 
2191	229 
2192	88 
2193	177 
2194	99 
2195	91 
2196	86 
2197	190 
2198	97 
2199	254 
2200	297 
2201	258 
2202	83 
2203	264 
2204	206 
2205	243 
2206	134 
2207	217 
2208	78 
2209	260 
2210	122 
2211	197 
2212	211 
2213	256 
2214	68 
2215	39 
2216	202 
2217	262 
2218	8 
2219	49 
2220	179 
2221	106 
2222	40 
2223	250 
2224	47 
2225	249 
2226	59 
2227	292 
2228	276 
2229	219 
2230	244 
2231	39 
2232	258 
2233	66 
2234	143 
2235	278 
2236	218 
2237	202 
2238	148 
2239	11 
2240	217 
2241	17 
2242	30 
2243	102 
2244	172 
2245	273 
2246	64 
2247	209 
2248	115 
2249	232 
2250	171 
2251	17 
2252	285 
2253	288 
2254	8 
2255	299 
2256	78 
2257	46 
2258	306 
2259	43 
2260	201 
2261	104 
2262	187 
2263	199 
2264	54 
2265	296 
2266	75 
2267	142 
2268	107 
2269	102 
2270	45 
2271	111 
2272	293 
2273	130 
2274	108 
2275	187 
2276	69 
2277	229 
2278	303 
2279	236 
2280	197 
2281	308 
2282	117 
2283	34 
2284	165 
2285	90 
2286	86 
2287	123 
2288	262 
2289	127 
2290	32 
2291	275 
2292	219 
2293	297 
2294	140 
2295	207 
2296	305 
2297	139 
2298	127 
2299	306 
2300	288 
2301	248 
2302	6 
2303	20 
2304	89 
2305	275 
2306	302 
2307	179 
2308	308 
2309	125 
2310	144 
2311	113 
2312	68 
2313	76 
2314	201 
2315	220 
2316	248 
2317	12 
2318	122 
2319	302 
2320	180 
2321	45 
2322	287 
2323	34 
2324	134 
2325	221 
2326	269 
2327	196 
2328	279 
2329	159 
2330	61 
2331	233 
2332	82 
2333	19 
2334	287 
2335	155 
2336	163 
2337	273 
2338	39 
2339	187 
2340	77 
2341	185 
2342	295 
2343	60 
2344	137 
2345	45 
2346	78 
2347	132 
2348	283 
2349	214 
2350	78 
2351	205 
2352	255 
2353	50 
2354	225 
2355	257 
2356	109 
2357	42 
2358	23 
2359	193 
2360	39 
2361	40 
2362	113 
2363	78 
2364	89 
2365	213 
2366	229 
2367	152 
2368	153 
2369	230 
2370	191 
2371	258 
2372	149 
2373	160 
2374	136 
2375	61 
2376	126 
2377	174 
2378	83 
2379	137 
2380	123 
2381	132 
2382	288 
2383	175 
2384	260 
2385	201 
2386	22 
2387	204 
2388	185 
2389	264 
2390	49 
2391	218 
2392	35 
2393	5 
2394	241 
2395	153 
2396	290 
2397	208 
2398	155 
2399	28 
2400	156 
2401	308 
2402	161 
2403	54 
2404	260 
2405	80 
2406	12 
2407	261 
2408	208 
2409	109 
2410	113 
2411	222 
2412	81 
2413	197 
2414	207 
2415	70 
2416	295 
2417	53 
2418	286 
2419	283 
2420	101 
2421	159 
2422	297 
2423	276 
2424	247 
2425	244 
2426	147 
2427	205 
2428	100 
2429	91 
2430	24 
2431	91 
2432	219 
2433	102 
2434	141 
2435	112 
2436	84 
2437	142 
2438	189 
2439	202 
2440	21 
2441	27 
2442	40 
2443	176 
2444	305 
2445	197 
2446	67 
2447	275 
2448	122 
2449	27 
2450	155 
2451	132 
2452	193 
2453	275 
2454	11 
2455	30 
2456	79 
2457	74 
2458	162 
2459	183 
2460	96 
2461	27 
2462	138 
2463	281 
2464	132 
2465	86 
2466	106 
2467	234 
2468	120 
2469	276 
2470	160 
2471	274 
2472	163 
2473	113 
2474	144 
2475	167 
2476	237 
2477	123 
2478	94 
2479	91 
2480	140 
2481	59 
2482	18 
2483	51 
2484	68 
2485	150 
2486	168 
2487	241 
2488	185 
2489	48 
2490	34 
2491	140 
2492	231 
2493	274 
2494	167 
2495	158 
2496	60 
2497	260 
2498	304 
2499	307 
2500	103 
2501	116 
2502	259 
2503	231 
2504	34 
2505	6 
2506	275 
2507	278 
2508	149 
2509	176 
2510	92 
2511	181 
2512	52 
2513	112 
2514	270 
2515	9 
2516	64 
2517	159 
2518	267 
2519	220 
2520	308 
2521	72 
2522	245 
2523	62 
2524	249 
2525	68 
2526	75 
2527	113 
2528	201 
2529	204 
2530	26 
2531	132 
2532	109 
2533	98 
2534	94 
2535	291 
2536	136 
2537	3 
2538	147 
2539	257 
2540	83 
2541	199 
2542	138 
2543	149 
2544	243 
2545	105 
2546	110 
2547	178 
2548	139 
2549	199 
2550	264 
2551	68 
2552	227 
2553	247 
2554	255 
2555	18 
2556	257 
2557	219 
2558	142 
2559	27 
2560	51 
2561	114 
2562	162 
2563	191 
2564	270 
2565	165 
2566	45 
2567	234 
2568	244 
2569	104 
2570	25 
2571	188 
2572	172 
2573	160 
2574	296 
2575	104 
2576	45 
2577	82 
2578	305 
2579	206 
2580	157 
2581	217 
2582	192 
2583	149 
2584	110 
2585	112 
2586	213 
2587	140 
2588	226 
2589	210 
2590	153 
2591	164 
2592	182 
2593	237 
2594	26 
2595	36 
2596	214 
2597	40 
2598	206 
2599	225 
2600	65 
2601	73 
2602	185 
2603	30 
2604	110 
2605	204 
2606	267 
2607	166 
2608	280 
2609	151 
2610	162 
2611	36 
2612	246 
2613	117 
2614	99 
2615	39 
2616	204 
2617	132 
2618	274 
2619	36 
2620	307 
2621	76 
2622	264 
2623	119 
2624	301 
2625	1 
2626	178 
2627	48 
2628	264 
2629	212 
2630	132 
2631	145 
2632	249 
2633	171 
2634	103 
2635	178 
2636	24 
2637	106 
2638	305 
2639	99 
2640	125 
2641	213 
2642	140 
2643	306 
2644	132 
2645	275 
2646	143 
2647	282 
2648	128 
2649	94 
2650	112 
2651	238 
2652	117 
2653	244 
2654	237 
2655	14 
2656	190 
2657	282 
2658	42 
2659	231 
2660	134 
2661	161 
2662	270 
2663	305 
2664	261 
2665	223 
2666	242 
2667	279 
2668	144 
2669	184 
2670	13 
2671	50 
2672	24 
2673	196 
2674	101 
2675	248 
2676	76 
2677	105 
2678	43 
2679	84 
2680	250 
2681	67 
2682	192 
2683	187 
2684	65 
2685	22 
2686	190 
2687	35 
2688	295 
2689	161 
2690	194 
2691	300 
2692	11 
2693	112 
2694	263 
2695	242 
2696	302 
2697	50 
2698	102 
2699	18 
2700	254 
2701	1 
2702	185 
2703	282 
2704	134 
2705	70 
2706	255 
2707	254 
2708	3 
2709	82 
2710	202 
2711	47 
2712	59 
2713	28 
2714	180 
2715	96 
2716	177 
2717	51 
2718	61 
2719	90 
2720	224 
2721	106 
2722	201 
2723	290 
2724	248 
2725	114 
2726	67 
2727	279 
2728	213 
2729	197 
2730	306 
2731	92 
2732	189 
2733	158 
2734	288 
2735	108 
2736	118 
2737	76 
2738	194 
2739	132 
2740	89 
2741	82 
2742	3 
2743	274 
2744	292 
2745	291 
2746	203 
2747	237 
2748	26 
2749	28 
2750	253 
2751	215 
2752	13 
2753	178 
2754	275 
2755	11 
2756	115 
2757	40 
2758	178 
2759	189 
2760	36 
2761	23 
2762	104 
2763	290 
2764	124 
2765	288 
2766	88 
2767	162 
2768	53 
2769	78 
2770	6 
2771	171 
2772	231 
2773	214 
2774	305 
2775	308 
2776	242 
2777	170 
2778	259 
2779	249 
2780	165 
2781	189 
2782	187 
2783	202 
2784	25 
2785	53 
2786	58 
2787	130 
2788	28 
2789	239 
2790	210 
2791	141 
2792	143 
2793	135 
2794	283 
2795	3 
2796	159 
2797	75 
2798	227 
2799	93 
2800	217 
2801	191 
2802	170 
2803	271 
2804	297 
2805	152 
2806	106 
2807	21 
2808	277 
2809	302 
2810	299 
2811	291 
2812	14 
2813	290 
2814	106 
2815	24 
2816	226 
2817	230 
2818	136 
2819	168 
2820	249 
2821	21 
2822	257 
2823	221 
2824	244 
2825	9 
2826	101 
2827	136 
2828	252 
2829	240 
2830	33 
2831	150 
2832	178 
2833	303 
2834	252 
2835	193 
2836	194 
2837	152 
2838	135 
2839	5 
2840	179 
2841	32 
2842	265 
2843	23 
2844	220 
2845	91 
2846	93 
2847	76 
2848	255 
2849	162 
2850	235 
2851	132 
2852	291 
2853	43 
2854	88 
2855	23 
2856	35 
2857	133 
2858	152 
2859	289 
2860	86 
2861	47 
2862	126 
2863	186 
2864	86 
2865	293 
2866	58 
2867	36 
2868	183 
2869	287 
2870	49 
2871	207 
2872	193 
2873	121 
2874	299 
2875	290 
2876	42 
2877	296 
2878	155 
2879	272 
2880	194 
2881	308 
2882	191 
2883	90 
2884	295 
2885	270 
2886	76 
2887	206 
2888	153 
2889	66 
2890	49 
2891	168 
2892	150 
2893	183 
2894	269 
2895	20 
2896	262 
2897	308 
2898	231 
2899	144 
2900	33 
2901	89 
2902	171 
2903	98 
2904	259 
2905	175 
2906	129 
2907	274 
2908	72 
2909	65 
2910	218 
2911	10 
2912	60 
2913	150 
2914	96 
2915	86 
2916	46 
2917	108 
2918	47 
2919	120 
2920	20 
2921	30 
2922	157 
2923	295 
2924	235 
2925	48 
2926	129 
2927	221 
2928	94 
2929	195 
2930	256 
2931	96 
2932	202 
2933	130 
2934	71 
2935	46 
2936	79 
2937	178 
2938	57 
2939	38 
2940	203 
2941	100 
2942	192 
2943	209 
2944	273 
2945	123 
2946	176 
2947	39 
2948	195 
2949	160 
2950	291 
2951	287 
2952	276 
2953	14 
2954	160 
2955	123 
2956	241 
2957	90 
2958	36 
2959	174 
2960	159 
2961	299 
2962	221 
2963	105 
2964	252 
2965	181 
2966	69 
2967	15 
2968	85 
2969	104 
2970	132 
2971	141 
2972	19 
2973	27 
2974	288 
2975	66 
2976	32 
2977	194 
2978	72 
2979	27 
2980	162 
2981	150 
2982	299 
2983	283 
2984	59 
2985	223 
2986	119 
2987	255 
2988	100 
2989	171 
2990	189 
2991	291 
2992	253 
2993	210 
2994	230 
2995	2 
2996	303 
2997	2 
2998	90 
2999	283 
3000	19 
3001	214 
3002	84 
3003	60 
3004	132 
3005	234 
3006	34 
3007	145 
3008	89 
3009	188 
3010	3 
3011	7 
3012	64 
3013	217 
3014	225 
3015	141 
3016	234 
3017	115 
3018	143 
3019	223 
3020	30 
3021	123 
3022	51 
3023	35 
3024	114 
3025	277 
3026	195 
3027	220 
3028	79 
3029	150 
3030	61 
3031	96 
3032	254 
3033	31 
3034	232 
3035	127 
3036	183 
3037	13 
3038	216 
3039	288 
3040	72 
3041	27 
3042	217 
3043	219 
3044	27 
3045	59 
3046	178 
3047	45 
3048	180 
3049	278 
3050	191 
3051	251 
3052	218 
3053	52 
3054	233 
3055	267 
3056	152 
3057	193 
3058	246 
3059	132 
3060	267 
3061	236 
3062	140 
3063	262 
3064	90 
3065	6 
3066	115 
3067	76 
3068	64 
3069	145 
3070	168 
3071	22 
3072	274 
3073	256 
3074	279 
3075	170 
3076	57 
3077	293 
3078	283 
3079	13 
3080	96 
3081	258 
3082	131 
3083	52 
3084	14 
3085	103 
3086	144 
3087	64 
3088	157 
3089	243 
3090	240 
3091	10 
3092	86 
3093	139 
3094	212 
3095	34 
3096	162 
3097	105 
3098	217 
3099	88 
3100	182 
3101	36 
3102	306 
3103	162 
3104	97 
3105	207 
3106	238 
3107	80 
3108	202 
3109	267 
3110	100 
3111	274 
3112	270 
3113	76 
3114	124 
3115	259 
3116	14 
3117	171 
3118	127 
3119	76 
3120	43 
3121	249 
3122	279 
3123	75 
3124	193 
3125	97 
3126	33 
3127	221 
3128	194 
3129	297 
3130	239 
3131	281 
3132	54 
3133	16 
3134	113 
3135	199 
3136	73 
3137	267 
3138	234 
3139	252 
3140	81 
3141	70 
3142	125 
3143	196 
3144	290 
3145	181 
3146	126 
3147	41 
3148	210 
3149	158 
3150	224 
3151	282 
3152	287 
3153	109 
3154	143 
3155	93 
3156	51 
3157	32 
3158	181 
3159	184 
3160	174 
3161	17 
3162	2 
3163	305 
3164	150 
3165	139 
3166	160 
3167	259 
3168	268 
3169	151 
3170	172 
3171	285 
3172	16 
3173	244 
3174	166 
3175	146 
3176	162 
3177	137 
3178	223 
3179	187 
3180	188 
3181	177 
3182	153 
3183	28 
3184	227 
3185	207 
3186	23 
3187	58 
3188	21 
3189	77 
3190	103 
3191	33 
3192	237 
3193	247 
3194	201 
3195	225 
3196	27 
3197	74 
3198	287 
3199	304 
3200	149 
3201	8 
3202	96 
3203	208 
3204	282 
3205	83 
3206	288 
3207	305 
3208	278 
3209	211 
3210	104 
3211	173 
3212	97 
3213	305 
3214	237 
3215	16 
3216	29 
3217	200 
3218	44 
3219	103 
3220	258 
3221	239 
3222	142 
3223	278 
3224	55 
3225	30 
3226	153 
3227	275 
3228	102 
3229	46 
3230	186 
3231	144 
3232	69 
3233	263 
3234	235 
3235	61 
3236	226 
3237	141 
3238	150 
3239	67 
3240	270 
3241	43 
3242	200 
3243	237 
3244	86 
3245	61 
3246	292 
3247	93 
3248	283 
3249	229 
3250	187 
3251	249 
3252	29 
3253	22 
3254	305 
3255	50 
3256	77 
3257	143 
3258	210 
3259	90 
3260	291 
3261	47 
3262	242 
3263	130 
3264	45 
3265	158 
3266	245 
3267	176 
3268	182 
3269	132 
3270	297 
3271	210 
3272	92 
3273	219 
3274	225 
3275	225 
3276	40 
3277	240 
3278	162 
3279	276 
3280	115 
3281	256 
3282	187 
3283	44 
3284	73 
3285	22 
3286	200 
3287	41 
3288	185 
3289	300 
3290	80 
3291	196 
3292	91 
3293	31 
3294	27 
3295	153 
3296	28 
3297	279 
3298	45 
3299	225 
3300	189 
3301	49 
3302	261 
3303	153 
3304	133 
3305	234 
3306	77 
3307	55 
3308	142 
3309	4 
3310	202 
3311	308 
3312	114 
3313	122 
3314	190 
3315	163 
3316	201 
3317	14 
3318	211 
3319	182 
3320	45 
3321	1 
3322	182 
3323	34 
3324	42 
3325	146 
3326	301 
3327	219 
3328	295 
3329	227 
3330	20 
3331	303 
3332	218 
3333	74 
3334	247 
3335	242 
3336	264 
3337	191 
3338	10 
3339	97 
3340	250 
3341	295 
3342	149 
3343	27 
3344	303 
3345	197 
3346	243 
3347	267 
3348	59 
3349	264 
3350	210 
3351	294 
3352	48 
3353	136 
3354	21 
3355	308 
3356	177 
3357	61 
3358	214 
3359	196 
3360	232 
3361	198 
3362	132 
3363	8 
3364	220 
3365	232 
3366	66 
3367	308 
3368	131 
3369	306 
3370	278 
3371	124 
3372	219 
3373	264 
3374	248 
3375	157 
3376	288 
3377	263 
3378	138 
3379	303 
3380	45 
3381	264 
3382	250 
3383	114 
3384	51 
3385	217 
3386	267 
3387	162 
3388	216 
3389	268 
3390	296 
3391	16 
3392	131 
3393	196 
3394	188 
3395	255 
3396	259 
3397	243 
3398	286 
3399	307 
3400	94 
3401	195 
3402	2 
3403	259 
3404	196 
3405	263 
3406	33 
3407	73 
3408	219 
3409	231 
3410	192 
3411	56 
3412	125 
3413	263 
3414	163 
3415	62 
3416	16 
3417	96 
3418	187 
3419	57 
3420	126 
3421	54 
3422	57 
3423	81 
3424	268 
3425	215 
3426	74 
3427	281 
3428	204 
3429	95 
3430	218 
3431	263 
3432	104 
3433	115 
3434	150 
3435	224 
3436	8 
3437	150 
3438	43 
3439	285 
3440	48 
3441	299 
3442	301 
3443	282 
3444	129 
3445	122 
3446	274 
3447	178 
3448	210 
3449	292 
3450	11 
3451	213 
3452	149 
3453	290 
3454	216 
3455	304 
3456	36 
3457	29 
3458	231 
3459	255 
3460	54 
3461	34 
3462	219 
3463	272 
3464	48 
3465	129 
3466	140 
3467	183 
3468	290 
3469	169 
3470	110 
3471	283 
3472	153 
3473	271 
3474	301 
3475	157 
3476	268 
3477	190 
3478	154 
3479	59 
3480	9 
3481	94 
3482	36 
3483	184 
3484	139 
3485	141 
3486	195 
3487	257 
3488	62 
3489	149 
3490	185 
3491	15 
3492	54 
3493	222 
3494	19 
3495	232 
3496	200 
3497	123 
3498	162 
3499	14 
3500	15 
3501	266 
3502	78 
3503	243 
3504	169 
3505	166 
3506	267 
3507	282 
3508	247 
3509	117 
3510	68 
3511	104 
3512	218 
3513	220 
3514	295 
3515	176 
3516	86 
3517	144 
3518	155 
3519	40 
3520	30 
3521	117 
3522	46 
3523	234 
3524	185 
3525	57 
3526	195 
3527	89 
3528	229 
3529	9 
3530	63 
3531	147 
3532	146 
3533	97 
3534	155 
3535	213 
3536	145 
3537	271 
3538	235 
3539	240 
3540	286 
3541	218 
3542	145 
3543	298 
3544	257 
3545	37 
3546	204 
3547	236 
3548	229 
3549	278 
3550	228 
3551	236 
3552	13 
3553	61 
3554	283 
3555	119 
3556	37 
3557	181 
3558	105 
3559	150 
3560	291 
3561	239 
3562	158 
3563	73 
3564	152 
3565	71 
3566	183 
3567	199 
3568	216 
3569	28 
3570	188 
3571	140 
3572	291 
3573	285 
3574	96 
3575	35 
3576	9 
3577	37 
3578	79 
3579	193 
3580	146 
3581	219 
3582	189 
3583	48 
3584	228 
3585	115 
3586	284 
3587	234 
3588	47 
3589	135 
3590	281 
3591	87 
3592	154 
3593	32 
3594	121 
3595	230 
3596	39 
3597	202 
3598	107 
3599	38 
3600	93 
3601	176 
3602	301 
3603	137 
3604	202 
3605	205 
3606	153 
3607	101 
3608	142 
3609	197 
3610	104 
3611	140 
3612	296 
3613	275 
3614	18 
3615	218 
3616	264 
3617	11 
3618	230 
3619	43 
3620	247 
3621	235 
3622	170 
3623	36 
3624	295 
3625	88 
3626	91 
3627	221 
3628	184 
3629	302 
3630	234 
3631	30 
3632	188 
3633	12 
3634	71 
3635	76 
3636	163 
3637	80 
3638	143 
3639	46 
3640	241 
3641	144 
3642	158 
3643	35 
3644	114 
3645	235 
3646	244 
3647	144 
3648	284 
3649	63 
3650	230 
3651	7 
3652	79 
3653	287 
3654	101 
3655	21 
3656	75 
3657	271 
3658	6 
3659	21 
3660	226 
3661	40 
3662	81 
3663	104 
3664	127 
3665	63 
3666	36 
3667	250 
3668	89 
3669	197 
3670	305 
3671	208 
3672	141 
3673	27 
3674	9 
3675	166 
3676	221 
3677	244 
3678	120 
3679	236 
3680	274 
3681	72 
3682	128 
3683	50 
3684	14 
3685	11 
3686	98 
3687	266 
3688	114 
3689	79 
3690	302 
3691	91 
3692	7 
3693	124 
3694	159 
3695	13 
3696	105 
3697	112 
3698	292 
3699	66 
3700	113 
3701	143 
3702	190 
3703	136 
3704	206 
3705	237 
3706	144 
3707	215 
3708	109 
3709	101 
3710	63 
3711	277 
3712	276 
3713	196 
3714	16 
3715	51 
3716	215 
3717	14 
3718	160 
3719	249 
3720	38 
3721	245 
3722	239 
3723	40 
3724	276 
3725	211 
3726	299 
3727	139 
3728	181 
3729	308 
3730	262 
3731	196 
3732	60 
3733	108 
3734	58 
3735	138 
3736	12 
3737	33 
3738	155 
3739	59 
3740	253 
3741	118 
3742	94 
3743	22 
3744	189 
3745	205 
3746	146 
3747	237 
3748	294 
3749	195 
3750	186 
3751	275 
3752	194 
3753	103 
3754	181 
3755	49 
3756	195 
3757	69 
3758	74 
3759	262 
3760	296 
3761	143 
3762	302 
3763	14 
3764	104 
3765	210 
3766	79 
3767	143 
3768	24 
3769	83 
3770	121 
3771	96 
3772	80 
3773	217 
3774	40 
3775	178 
3776	39 
3777	23 
3778	277 
3779	194 
3780	250 
3781	291 
3782	94 
3783	172 
3784	164 
3785	170 
3786	291 
3787	17 
3788	278 
3789	266 
3790	185 
3791	75 
3792	266 
3793	1 
3794	33 
3795	2 
3796	136 
3797	27 
3798	195 
3799	142 
3800	269 
3801	95 
3802	187 
3803	41 
3804	23 
3805	54 
3806	58 
3807	104 
3808	111 
3809	25 
3810	195 
3811	233 
3812	59 
3813	204 
3814	113 
3815	183 
3816	120 
3817	230 
3818	58 
3819	226 
3820	111 
3821	169 
3822	288 
3823	212 
3824	24 
3825	7 
3826	211 
3827	219 
3828	59 
3829	140 
3830	215 
3831	1 
3832	34 
3833	223 
3834	4 
3835	10 
3836	75 
3837	30 
3838	84 
3839	181 
3840	217 
3841	100 
3842	39 
3843	9 
3844	164 
3845	225 
3846	275 
3847	278 
3848	272 
3849	19 
3850	299 
3851	92 
3852	261 
3853	138 
3854	277 
3855	233 
3856	152 
3857	210 
3858	245 
3859	43 
3860	304 
3861	150 
3862	110 
3863	183 
3864	101 
3865	223 
3866	283 
3867	49 
3868	295 
3869	178 
3870	61 
3871	12 
3872	183 
3873	78 
3874	207 
3875	202 
3876	117 
3877	161 
3878	151 
3879	213 
3880	64 
3881	29 
3882	168 
3883	241 
3884	288 
3885	101 
3886	42 
3887	198 
3888	175 
3889	204 
3890	108 
3891	145 
3892	199 
3893	288 
3894	27 
3895	14 
3896	293 
3897	6 
3898	76 
3899	276 
3900	225 
3901	82 
3902	260 
3903	245 
3904	34 
3905	35 
3906	158 
3907	104 
3908	307 
3909	198 
3910	307 
3911	228 
3912	256 
3913	33 
3914	253 
3915	219 
3916	3 
3917	292 
3918	288 
3919	287 
3920	60 
3921	53 
3922	198 
3923	39 
3924	237 
3925	199 
3926	102 
3927	69 
3928	278 
3929	115 
3930	213 
3931	126 
3932	263 
3933	238 
3934	99 
3935	237 
3936	190 
3937	229 
3938	147 
3939	232 
3940	42 
3941	62 
3942	147 
3943	232 
3944	257 
3945	170 
3946	142 
3947	243 
3948	30 
3949	19 
3950	24 
3951	172 
3952	40 
3953	61 
3954	82 
3955	38 
3956	139 
3957	223 
3958	285 
3959	266 
3960	22 
3961	238 
3962	37 
3963	138 
3964	80 
3965	69 
3966	157 
3967	85 
3968	265 
3969	115 
3970	23 
3971	227 
3972	178 
3973	72 
3974	116 
3975	176 
3976	106 
3977	75 
3978	236 
3979	81 
3980	231 
3981	154 
3982	171 
3983	203 
3984	288 
3985	56 
3986	36 
3987	156 
3988	174 
3989	203 
3990	289 
3991	227 
3992	266 
3993	45 
3994	208 
3995	31 
3996	238 
3997	135 
3998	56 
3999	243 
4000	36 
4001	238 
4002	278 
4003	69 
4004	219 
4005	143 
4006	111 
4007	298 
4008	259 
4009	220 
4010	203 
4011	228 
4012	107 
4013	87 
4014	192 
4015	75 
4016	128 
4017	274 
4018	229 
4019	210 
4020	260 
4021	9 
4022	119 
4023	272 
4024	300 
4025	109 
4026	76 
4027	212 
4028	256 
4029	123 
4030	237 
4031	278 
4032	86 
4033	55 
4034	136 
4035	257 
4036	48 
4037	26 
4038	77 
4039	92 
4040	117 
4041	267 
4042	123 
4043	303 
4044	42 
4045	294 
4046	266 
4047	100 
4048	134 
4049	127 
4050	139 
4051	48 
4052	250 
4053	88 
4054	46 
4055	17 
4056	76 
4057	178 
4058	224 
4059	168 
4060	26 
4061	282 
4062	52 
4063	200 
4064	256 
4065	9 
4066	216 
4067	257 
4068	279 
4069	281 
4070	17 
4071	184 
4072	229 
4073	81 
4074	285 
4075	303 
4076	35 
4077	76 
4078	166 
4079	284 
4080	290 
4081	78 
4082	33 
4083	139 
4084	102 
4085	48 
4086	209 
4087	43 
4088	146 
4089	166 
4090	121 
4091	195 
4092	143 
4093	203 
4094	284 
4095	250 
4096	114 
4097	27 
4098	305 
4099	66 
4100	155 
4101	85 
4102	47 
4103	213 
4104	265 
4105	76 
4106	118 
4107	122 
4108	229 
4109	35 
4110	183 
4111	275 
4112	89 
4113	86 
4114	190 
4115	103 
4116	237 
4117	307 
4118	147 
4119	169 
4120	83 
4121	275 
4122	231 
4123	105 
4124	297 
4125	212 
4126	82 
4127	166 
4128	85 
4129	86 
4130	229 
4131	282 
4132	51 
4133	111 
4134	113 
4135	265 
4136	162 
4137	230 
4138	50 
4139	264 
4140	269 
4141	203 
4142	157 
4143	31 
4144	73 
4145	240 
4146	223 
4147	146 
4148	138 
4149	202 
4150	28 
4151	116 
4152	199 
4153	19 
4154	145 
4155	241 
4156	228 
4157	100 
4158	189 
4159	268 
4160	212 
4161	168 
4162	232 
4163	48 
4164	83 
4165	159 
4166	129 
4167	14 
4168	5 
4169	161 
4170	117 
4171	162 
4172	201 
4173	267 
4174	139 
4175	165 
4176	42 
4177	156 
4178	235 
4179	2 
4180	288 
4181	134 
4182	203 
4183	278 
4184	233 
4185	23 
4186	240 
4187	41 
4188	58 
4189	236 
4190	67 
4191	206 
4192	303 
4193	214 
4194	226 
4195	171 
4196	99 
4197	196 
4198	8 
4199	156 
4200	182 
4201	43 
4202	91 
4203	199 
4204	33 
4205	236 
4206	61 
4207	243 
4208	134 
4209	99 
4210	249 
4211	64 
4212	65 
4213	146 
4214	147 
4215	223 
4216	62 
4217	8 
4218	306 
4219	188 
4220	20 
4221	272 
4222	41 
4223	254 
4224	234 
4225	249 
4226	304 
4227	264 
4228	196 
4229	52 
4230	278 
4231	47 
4232	172 
4233	279 
4234	37 
4235	283 
4236	10 
4237	132 
4238	231 
4239	126 
4240	139 
4241	250 
4242	202 
4243	257 
4244	47 
4245	166 
4246	133 
4247	145 
4248	31 
4249	293 
4250	100 
4251	35 
4252	40 
4253	187 
4254	207 
4255	254 
4256	215 
4257	81 
4258	267 
4259	223 
4260	174 
4261	193 
4262	10 
4263	147 
4264	184 
4265	135 
4266	130 
4267	55 
4268	105 
4269	76 
4270	102 
4271	271 
4272	291 
4273	170 
4274	162 
4275	220 
4276	131 
4277	73 
4278	246 
4279	240 
4280	223 
4281	55 
4282	262 
4283	147 
4284	229 
4285	169 
4286	189 
4287	145 
4288	18 
4289	6 
4290	58 
4291	168 
4292	227 
4293	27 
4294	178 
4295	96 
4296	53 
4297	101 
4298	248 
4299	267 
4300	304 
4301	10 
4302	149 
4303	156 
4304	90 
4305	258 
4306	25 
4307	122 
4308	177 
4309	218 
4310	154 
4311	263 
4312	300 
4313	234 
4314	45 
4315	256 
4316	231 
4317	221 
4318	105 
4319	104 
4320	96 
4321	213 
4322	94 
4323	243 
4324	262 
4325	62 
4326	205 
4327	123 
4328	17 
4329	36 
4330	201 
4331	122 
4332	112 
4333	123 
4334	242 
4335	229 
4336	14 
4337	263 
4338	240 
4339	48 
4340	94 
4341	110 
4342	205 
4343	113 
4344	291 
4345	90 
4346	296 
4347	238 
4348	46 
4349	250 
4350	100 
4351	149 
4352	161 
4353	90 
4354	103 
4355	140 
4356	39 
4357	38 
4358	1 
4359	96 
4360	291 
4361	66 
4362	217 
4363	272 
4364	263 
4365	198 
4366	57 
4367	264 
4368	156 
4369	256 
4370	238 
4371	127 
4372	63 
4373	117 
4374	124 
4375	114 
4376	31 
4377	75 
4378	254 
4379	308 
4380	270 
4381	206 
4382	283 
4383	140 
4384	27 
4385	250 
4386	64 
4387	277 
4388	127 
4389	62 
4390	93 
4391	208 
4392	111 
4393	46 
4394	283 
4395	258 
4396	39 
4397	83 
4398	280 
4399	104 
4400	26 
4401	154 
4402	112 
4403	283 
4404	116 
4405	91 
4406	102 
4407	198 
4408	240 
4409	159 
4410	234 
4411	140 
4412	258 
4413	93 
4414	299 
4415	73 
4416	267 
4417	308 
4418	44 
4419	251 
4420	246 
4421	45 
4422	187 
4423	126 
4424	105 
4425	248 
4426	182 
4427	292 
4428	226 
4429	2 
4430	94 
4431	90 
4432	107 
4433	223 
4434	129 
4435	184 
4436	91 
4437	49 
4438	154 
4439	253 
4440	132 
4441	256 
4442	139 
4443	26 
4444	48 
4445	103 
4446	186 
4447	276 
4448	254 
4449	143 
4450	296 
4451	73 
4452	227 
4453	39 
4454	246 
4455	85 
4456	71 
4457	144 
4458	68 
4459	76 
4460	19 
4461	149 
4462	77 
4463	114 
4464	55 
4465	15 
4466	187 
4467	128 
4468	181 
4469	256 
4470	265 
4471	218 
4472	217 
4473	102 
4474	94 
4475	180 
4476	180 
4477	115 
4478	30 
4479	218 
4480	14 
4481	144 
4482	109 
4483	80 
4484	208 
4485	198 
4486	178 
4487	269 
4488	230 
4489	186 
4490	143 
4491	13 
4492	236 
4493	227 
4494	195 
4495	13 
4496	57 
4497	27 
4498	119 
4499	219 
4500	172 
4501	192 
4502	142 
4503	64 
4504	156 
4505	183 
4506	67 
4507	175 
4508	126 
4509	45 
4510	223 
4511	223 
4512	288 
4513	261 
4514	268 
4515	246 
4516	37 
4517	28 
4518	231 
4519	25 
4520	106 
4521	139 
4522	177 
4523	15 
4524	210 
4525	220 
4526	21 
4527	106 
4528	81 
4529	258 
4530	76 
4531	15 
4532	80 
4533	102 
4534	95 
4535	10 
4536	118 
4537	281 
4538	143 
4539	87 
4540	60 
4541	161 
4542	267 
4543	301 
4544	200 
4545	102 
4546	80 
4547	110 
4548	8 
4549	139 
4550	15 
4551	230 
4552	80 
4553	264 
4554	181 
4555	101 
4556	113 
4557	169 
4558	150 
4559	128 
4560	172 
4561	28 
4562	153 
4563	266 
4564	46 
4565	275 
4566	46 
4567	147 
4568	229 
4569	215 
4570	60 
4571	193 
4572	142 
4573	247 
4574	291 
4575	187 
4576	263 
4577	208 
4578	168 
4579	30 
4580	260 
4581	238 
4582	46 
4583	15 
4584	259 
4585	238 
4586	56 
4587	231 
4588	97 
4589	81 
4590	119 
4591	237 
4592	212 
4593	269 
4594	209 
4595	123 
4596	294 
4597	114 
4598	186 
4599	304 
4600	152 
4601	97 
4602	256 
4603	67 
4604	118 
4605	140 
4606	58 
4607	130 
4608	77 
4609	267 
4610	97 
4611	278 
4612	30 
4613	77 
4614	25 
4615	60 
4616	284 
4617	308 
4618	256 
4619	251 
4620	142 
4621	170 
4622	153 
4623	137 
4624	252 
4625	267 
4626	221 
4627	286 
4628	22 
4629	64 
4630	193 
4631	182 
4632	244 
4633	256 
4634	42 
4635	138 
4636	213 
4637	104 
4638	235 
4639	176 
4640	253 
4641	217 
4642	286 
4643	40 
4644	211 
4645	72 
4646	173 
4647	40 
4648	178 
4649	115 
4650	258 
4651	147 
4652	130 
4653	121 
4654	149 
4655	134 
4656	199 
4657	272 
4658	25 
4659	23 
4660	183 
4661	87 
4662	247 
4663	25 
4664	207 
4665	245 
4666	111 
4667	225 
4668	40 
4669	1 
4670	90 
4671	8 
4672	188 
4673	48 
4674	272 
4675	145 
4676	175 
4677	294 
4678	45 
4679	191 
4680	201 
4681	197 
4682	157 
4683	70 
4684	209 
4685	92 
4686	159 
4687	199 
4688	27 
4689	288 
4690	292 
4691	213 
4692	69 
4693	152 
4694	260 
4695	170 
4696	91 
4697	103 
4698	223 
4699	19 
4700	259 
4701	6 
4702	269 
4703	241 
4704	276 
4705	289 
4706	133 
4707	196 
4708	297 
4709	225 
4710	91 
4711	109 
4712	207 
4713	27 
4714	210 
4715	89 
4716	162 
4717	50 
4718	116 
4719	85 
4720	267 
4721	256 
4722	154 
4723	214 
4724	135 
4725	109 
4726	209 
4727	113 
4728	38 
4729	78 
4730	13 
4731	284 
4732	11 
4733	71 
4734	131 
4735	58 
4736	132 
4737	147 
4738	32 
4739	20 
4740	27 
4741	199 
4742	230 
4743	227 
4744	195 
4745	85 
4746	123 
4747	91 
4748	296 
4749	85 
4750	113 
4751	2 
4752	238 
4753	252 
4754	162 
4755	52 
4756	70 
4757	95 
4758	192 
4759	237 
4760	80 
4761	25 
4762	252 
4763	130 
4764	135 
4765	33 
4766	212 
4767	243 
4768	117 
4769	65 
4770	171 
4771	258 
4772	179 
4773	91 
4774	39 
4775	277 
4776	213 
4777	92 
4778	121 
4779	115 
4780	238 
4781	166 
4782	181 
4783	248 
4784	209 
4785	113 
4786	152 
4787	82 
4788	286 
4789	96 
4790	119 
4791	298 
4792	260 
4793	81 
4794	100 
4795	11 
4796	162 
4797	19 
4798	14 
4799	42 
4800	76 
4801	207 
4802	272 
4803	64 
4804	215 
4805	279 
4806	208 
4807	273 
4808	11 
4809	115 
4810	230 
4811	58 
4812	305 
4813	18 
4814	123 
4815	33 
4816	215 
4817	295 
4818	134 
4819	282 
4820	178 
4821	77 
4822	243 
4823	151 
4824	146 
4825	260 
4826	91 
4827	100 
4828	37 
4829	259 
4830	97 
4831	130 
4832	223 
4833	210 
4834	180 
4835	113 
4836	255 
4837	112 
4838	75 
4839	31 
4840	26 
4841	250 
4842	152 
4843	94 
4844	142 
4845	157 
4846	212 
4847	193 
4848	47 
4849	121 
4850	263 
4851	90 
4852	35 
4853	201 
4854	238 
4855	157 
4856	227 
4857	106 
4858	49 
4859	300 
4860	258 
4861	155 
4862	33 
4863	107 
4864	248 
4865	219 
4866	101 
4867	73 
4868	144 
4869	168 
4870	293 
4871	188 
4872	207 
4873	187 
4874	263 
4875	275 
4876	123 
4877	144 
4878	86 
4879	24 
4880	295 
4881	199 
4882	77 
4883	45 
4884	59 
4885	251 
4886	117 
4887	266 
4888	132 
4889	2 
4890	295 
4891	198 
4892	290 
4893	214 
4894	148 
4895	154 
4896	75 
4897	231 
4898	196 
4899	222 
4900	153 
4901	79 
4902	292 
4903	26 
4904	294 
4905	45 
4906	206 
4907	282 
4908	294 
4909	22 
4910	284 
4911	279 
4912	119 
4913	155 
4914	158 
4915	251 
4916	145 
4917	47 
4918	211 
4919	287 
4920	168 
4921	111 
4922	216 
4923	203 
4924	282 
4925	308 
4926	93 
4927	142 
4928	127 
4929	193 
4930	25 
4931	301 
4932	38 
4933	125 
4934	169 
4935	229 
4936	201 
4937	58 
4938	37 
4939	68 
4940	203 
4941	165 
4942	253 
4943	264 
4944	195 
4945	142 
4946	7 
4947	291 
4948	295 
4949	222 
4950	113 
4951	144 
4952	259 
4953	183 
4954	22 
4955	59 
4956	158 
4957	256 
4958	90 
4959	220 
4960	166 
4961	56 
4962	296 
4963	28 
4964	158 
4965	217 
4966	212 
4967	268 
4968	86 
4969	65 
4970	240 
4971	100 
4972	105 
4973	234 
4974	176 
4975	292 
4976	272 
4977	228 
4978	226 
4979	186 
4980	296 
4981	48 
4982	22 
4983	286 
4984	300 
4985	287 
4986	33 
4987	35 
4988	178 
4989	241 
4990	115 
4991	280 
4992	197 
4993	223 
4994	70 
4995	259 
4996	63 
4997	196 
4998	143 
4999	254 
5000	86 
5001	306 
5002	165 
5003	288 
5004	199 
5005	286 
5006	140 
5007	150 
5008	126 
5009	162 
5010	108 
5011	139 
5012	1 
5013	183 
5014	152 
5015	55 
5016	262 
5017	132 
5018	156 
5019	39 
5020	126 
5021	201 
5022	245 
5023	151 
5024	283 
5025	38 
5026	218 
5027	177 
5028	267 
5029	251 
5030	233 
5031	214 
5032	135 
5033	307 
5034	218 
5035	209 
5036	279 
5037	140 
5038	47 
5039	94 
5040	235 
5041	93 
5042	91 
5043	235 
5044	245 
5045	52 
5046	45 
5047	155 
5048	191 
5049	15 
5050	45 
5051	89 
5052	201 
5053	70 
5054	5 
5055	235 
5056	181 
5057	278 
5058	22 
5059	219 
5060	147 
5061	134 
5062	54 
5063	295 
5064	68 
5065	244 
5066	113 
5067	145 
5068	110 
5069	88 
5070	161 
5071	24 
5072	87 
5073	191 
5074	195 
5075	287 
5076	15 
5077	173 
5078	62 
5079	183 
5080	57 
5081	291 
5082	111 
5083	39 
5084	102 
5085	215 
5086	24 
5087	53 
5088	291 
5089	268 
5090	172 
5091	146 
5092	123 
5093	93 
5094	258 
5095	31 
5096	154 
5097	288 
5098	24 
5099	249 
5100	283 
5101	216 
5102	107 
5103	68 
5104	286 
5105	210 
5106	16 
5107	13 
5108	134 
5109	28 
5110	210 
5111	94 
5112	209 
5113	306 
5114	65 
5115	220 
5116	10 
5117	154 
5118	172 
5119	307 
5120	165 
5121	28 
5122	215 
5123	178 
5124	277 
5125	12 
5126	102 
5127	59 
5128	126 
5129	189 
5130	155 
5131	166 
5132	49 
5133	33 
5134	61 
5135	194 
5136	307 
5137	212 
5138	203 
5139	248 
5140	110 
5141	192 
5142	110 
5143	102 
5144	126 
5145	235 
5146	217 
5147	3 
5148	29 
5149	90 
5150	6 
5151	75 
5152	230 
5153	298 
5154	256 
5155	73 
5156	277 
5157	301 
5158	203 
5159	213 
5160	182 
5161	178 
5162	34 
5163	294 
5164	289 
5165	17 
5166	91 
5167	169 
5168	139 
5169	124 
5170	261 
5171	63 
5172	10 
5173	102 
5174	78 
5175	226 
5176	72 
5177	97 
5178	63 
5179	132 
5180	76 
5181	19 
5182	249 
5183	65 
5184	274 
5185	10 
5186	24 
5187	106 
5188	64 
5189	299 
5190	278 
5191	10 
5192	180 
5193	123 
5194	220 
5195	229 
5196	4 
5197	237 
5198	47 
5199	172 
5200	252 
5201	186 
5202	69 
5203	76 
5204	167 
5205	111 
5206	108 
5207	256 
5208	220 
5209	57 
5210	280 
5211	284 
5212	169 
5213	117 
5214	244 
5215	218 
5216	136 
5217	129 
5218	157 
5219	296 
5220	288 
5221	153 
5222	10 
5223	210 
5224	179 
5225	124 
5226	50 
5227	229 
5228	207 
5229	234 
5230	193 
5231	26 
5232	200 
5233	38 
5234	243 
5235	67 
5236	20 
5237	230 
5238	250 
5239	60 
5240	181 
5241	277 
5242	98 
5243	289 
5244	178 
5245	175 
5246	147 
5247	171 
5248	35 
5249	175 
5250	85 
5251	201 
5252	74 
5253	93 
5254	217 
5255	27 
5256	29 
5257	97 
5258	233 
5259	204 
5260	86 
5261	140 
5262	94 
5263	249 
5264	59 
5265	268 
5266	285 
5267	287 
5268	195 
5269	201 
5270	267 
5271	261 
5272	272 
5273	249 
5274	249 
5275	231 
5276	7 
5277	153 
5278	304 
5279	146 
5280	135 
5281	215 
5282	278 
5283	288 
5284	281 
5285	260 
5286	265 
5287	149 
5288	249 
5289	282 
5290	155 
5291	43 
5292	6 
5293	19 
5294	278 
5295	154 
5296	190 
5297	252 
5298	216 
5299	230 
5300	142 
5301	191 
5302	212 
5303	157 
5304	282 
5305	211 
5306	130 
5307	168 
5308	278 
5309	60 
5310	249 
5311	231 
5312	269 
5313	106 
5314	138 
5315	299 
5316	136 
5317	84 
5318	177 
5319	265 
5320	245 
5321	59 
5322	174 
5323	199 
5324	87 
5325	55 
5326	117 
5327	55 
5328	23 
5329	227 
5330	262 
5331	134 
5332	220 
5333	58 
5334	25 
5335	99 
5336	274 
5337	280 
5338	7 
5339	267 
5340	47 
5341	195 
5342	76 
5343	79 
5344	156 
5345	100 
5346	277 
5347	146 
5348	167 
5349	137 
5350	222 
5351	213 
5352	168 
5353	81 
5354	2 
5355	288 
5356	143 
5357	76 
5358	134 
5359	94 
5360	10 
5361	159 
5362	238 
5363	230 
5364	93 
5365	250 
5366	155 
5367	10 
5368	78 
5369	255 
5370	82 
5371	212 
5372	36 
5373	51 
5374	171 
5375	275 
5376	147 
5377	80 
5378	101 
5379	272 
5380	208 
5381	27 
5382	30 
5383	300 
5384	29 
5385	53 
5386	165 
5387	150 
5388	1 
5389	178 
5390	164 
5391	103 
5392	6 
5393	11 
5394	235 
5395	161 
5396	255 
5397	215 
5398	45 
5399	52 
5400	31 
5401	103 
5402	5 
5403	220 
5404	120 
5405	275 
5406	251 
5407	146 
5408	193 
5409	243 
5410	307 
5411	90 
5412	152 
5413	233 
5414	170 
5415	20 
5416	222 
5417	77 
5418	279 
5419	285 
5420	104 
5421	283 
5422	20 
5423	246 
5424	214 
5425	250 
5426	262 
5427	163 
5428	225 
5429	231 
5430	86 
5431	79 
5432	308 
5433	157 
5434	252 
5435	283 
5436	122 
5437	268 
5438	29 
5439	149 
5440	98 
5441	21 
5442	38 
5443	303 
5444	5 
5445	195 
5446	308 
5447	5 
5448	20 
5449	111 
5450	93 
5451	196 
5452	105 
5453	168 
5454	9 
5455	23 
5456	36 
5457	192 
5458	240 
5459	123 
5460	183 
5461	276 
5462	289 
5463	209 
5464	291 
5465	196 
5466	142 
5467	250 
5468	281 
5469	30 
5470	51 
5471	303 
5472	247 
5473	52 
5474	23 
5475	76 
5476	249 
5477	279 
5478	301 
5479	218 
5480	119 
5481	145 
5482	84 
5483	40 
5484	236 
5485	92 
5486	14 
5487	204 
5488	231 
5489	229 
5490	200 
5491	53 
5492	181 
5493	162 
5494	259 
5495	212 
5496	234 
5497	93 
5498	297 
5499	71 
5500	199 
5501	125 
5502	61 
5503	128 
5504	27 
5505	37 
5506	286 
5507	37 
5508	60 
5509	128 
5510	147 
5511	135 
5512	267 
5513	25 
5514	130 
5515	123 
5516	266 
5517	178 
5518	232 
5519	168 
5520	291 
5521	245 
5522	199 
5523	276 
5524	55 
5525	202 
5526	176 
5527	293 
5528	277 
5529	56 
5530	119 
5531	197 
5532	70 
5533	102 
5534	120 
5535	218 
5536	270 
5537	31 
5538	33 
5539	216 
5540	297 
5541	231 
5542	63 
5543	148 
5544	141 
5545	259 
5546	96 
5547	237 
5548	263 
5549	240 
5550	264 
5551	101 
5552	207 
5553	44 
5554	247 
5555	272 
5556	129 
5557	209 
5558	275 
5559	12 
5560	260 
5561	153 
5562	233 
5563	222 
5564	197 
5565	254 
5566	5 
5567	237 
5568	47 
5569	96 
5570	166 
5571	31 
5572	307 
5573	262 
5574	276 
5575	79 
5576	11 
5577	288 
5578	58 
5579	46 
5580	28 
5581	48 
5582	98 
5583	57 
5584	173 
5585	92 
5586	27 
5587	156 
5588	145 
5589	274 
5590	95 
5591	231 
5592	181 
5593	35 
5594	139 
5595	206 
5596	299 
5597	275 
5598	104 
5599	174 
5600	259 
5601	302 
5602	177 
5603	174 
5604	10 
5605	3 
5606	89 
5607	104 
5608	223 
5609	24 
5610	274 
5611	35 
5612	224 
5613	283 
5614	89 
5615	159 
5616	41 
5617	150 
5618	215 
5619	225 
5620	245 
5621	150 
5622	50 
5623	88 
5624	73 
5625	152 
5626	173 
5627	276 
5628	109 
5629	20 
5630	149 
5631	189 
5632	105 
5633	297 
5634	80 
5635	109 
5636	20 
5637	11 
5638	231 
5639	229 
5640	307 
5641	252 
5642	131 
5643	18 
5644	155 
5645	204 
5646	43 
5647	134 
5648	59 
5649	141 
5650	66 
5651	57 
5652	108 
5653	92 
5654	198 
5655	14 
5656	111 
5657	195 
5658	285 
5659	185 
5660	119 
5661	51 
5662	308 
5663	245 
5664	209 
5665	173 
5666	220 
5667	47 
5668	71 
5669	170 
5670	51 
5671	284 
5672	273 
5673	163 
5674	166 
5675	284 
5676	56 
5677	226 
5678	211 
5679	117 
5680	185 
5681	206 
5682	120 
5683	277 
5684	145 
5685	264 
5686	306 
5687	74 
5688	144 
5689	158 
5690	132 
5691	194 
5692	55 
5693	142 
5694	163 
5695	48 
5696	276 
5697	184 
5698	237 
5699	185 
5700	101 
5701	212 
5702	174 
5703	113 
5704	132 
5705	159 
5706	34 
5707	217 
5708	301 
5709	241 
5710	231 
5711	57 
5712	114 
5713	169 
5714	65 
5715	297 
5716	176 
5717	21 
5718	20 
5719	170 
5720	117 
5721	212 
5722	91 
5723	24 
5724	302 
5725	101 
5726	305 
5727	206 
5728	86 
5729	249 
5730	304 
5731	235 
5732	140 
5733	269 
5734	34 
5735	99 
5736	146 
5737	52 
5738	29 
5739	98 
5740	307 
5741	18 
5742	185 
5743	21 
5744	137 
5745	137 
5746	185 
5747	141 
5748	8 
5749	24 
5750	206 
5751	201 
5752	216 
5753	77 
5754	110 
5755	268 
5756	55 
5757	116 
5758	132 
5759	154 
5760	61 
5761	287 
5762	271 
5763	276 
5764	74 
5765	35 
5766	189 
5767	195 
5768	280 
5769	285 
5770	199 
5771	24 
5772	104 
5773	133 
5774	157 
5775	235 
5776	144 
5777	166 
5778	2 
5779	42 
5780	76 
5781	10 
5782	75 
5783	57 
5784	101 
5785	134 
5786	70 
5787	36 
5788	213 
5789	285 
5790	44 
5791	237 
5792	239 
5793	277 
5794	98 
5795	166 
5796	266 
5797	19 
5798	305 
5799	235 
5800	113 
5801	149 
5802	59 
5803	299 
5804	82 
5805	21 
5806	207 
5807	173 
5808	108 
5809	142 
5810	51 
5811	211 
5812	104 
5813	98 
5814	230 
5815	219 
5816	292 
5817	134 
5818	278 
5819	291 
5820	283 
5821	12 
5822	68 
5823	241 
5824	14 
5825	223 
5826	261 
5827	157 
5828	196 
5829	16 
5830	289 
5831	227 
5832	56 
5833	289 
5834	229 
5835	253 
5836	218 
5837	5 
5838	295 
5839	251 
5840	176 
5841	53 
5842	263 
5843	67 
5844	58 
5845	303 
5846	256 
5847	279 
5848	278 
5849	85 
5850	17 
5851	42 
5852	192 
5853	283 
5854	219 
5855	107 
5856	153 
5857	18 
5858	51 
5859	66 
5860	42 
5861	235 
5862	152 
5863	192 
5864	273 
5865	134 
5866	308 
5867	165 
5868	279 
5869	206 
5870	143 
5871	267 
5872	232 
5873	245 
5874	132 
5875	24 
5876	267 
5877	148 
5878	154 
5879	212 
5880	303 
5881	107 
5882	149 
5883	187 
5884	145 
5885	94 
5886	252 
5887	257 
5888	117 
5889	184 
5890	68 
5891	152 
5892	223 
5893	206 
5894	146 
5895	170 
5896	14 
5897	20 
5898	130 
5899	223 
5900	220 
5901	280 
5902	21 
5903	276 
5904	214 
5905	217 
5906	221 
5907	77 
5908	207 
5909	249 
5910	36 
5911	185 
5912	171 
5913	279 
5914	64 
5915	259 
5916	219 
5917	60 
5918	113 
5919	215 
5920	251 
5921	57 
5922	146 
5923	244 
5924	64 
5925	202 
5926	61 
5927	57 
5928	73 
5929	88 
5930	153 
5931	254 
5932	261 
5933	95 
5934	200 
5935	18 
5936	194 
5937	140 
5938	216 
5939	283 
5940	23 
5941	94 
5942	29 
5943	240 
5944	79 
5945	118 
5946	30 
5947	63 
5948	19 
5949	258 
5950	37 
5951	53 
5952	105 
5953	101 
5954	67 
5955	30 
5956	114 
5957	229 
5958	47 
5959	289 
5960	121 
5961	28 
5962	31 
5963	24 
5964	268 
5965	29 
5966	290 
5967	177 
5968	106 
5969	270 
5970	203 
5971	241 
5972	214 
5973	56 
5974	252 
5975	19 
5976	196 
5977	139 
5978	269 
5979	291 
5980	304 
5981	71 
5982	24 
5983	277 
5984	109 
5985	7 
5986	187 
5987	73 
5988	205 
5989	145 
5990	168 
5991	71 
5992	47 
5993	194 
5994	95 
5995	140 
5996	281 
5997	152 
5998	62 
5999	127 
6000	196 
6001	81 
6002	114 
6003	134 
6004	136 
6005	251 
6006	223 
6007	152 
6008	209 
6009	170 
6010	139 
6011	155 
6012	68 
6013	299 
6014	35 
6015	84 
6016	256 
6017	23 
6018	244 
6019	159 
6020	249 
6021	32 
6022	14 
6023	217 
6024	21 
6025	131 
6026	66 
6027	21 
6028	57 
6029	46 
6030	304 
6031	96 
6032	173 
6033	116 
6034	134 
6035	234 
6036	260 
6037	289 
6038	50 
6039	250 
6040	1 
6041	196 
6042	131 
6043	105 
6044	81 
6045	172 
6046	260 
6047	187 
6048	274 
6049	172 
6050	130 
6051	212 
6052	67 
6053	258 
6054	254 
6055	293 
6056	176 
6057	201 
6058	121 
6059	232 
6060	243 
6061	277 
6062	186 
6063	225 
6064	147 
6065	105 
6066	130 
6067	226 
6068	223 
6069	53 
6070	33 
6071	19 
6072	193 
6073	9 
6074	123 
6075	181 
6076	27 
6077	19 
6078	107 
6079	178 
6080	172 
6081	140 
6082	50 
6083	279 
6084	67 
6085	297 
6086	138 
6087	244 
6088	237 
6089	127 
6090	171 
6091	7 
6092	93 
6093	276 
6094	46 
6095	88 
6096	265 
6097	94 
6098	103 
6099	284 
6100	286 
6101	19 
6102	45 
6103	20 
6104	250 
6105	134 
6106	267 
6107	207 
6108	259 
6109	166 
6110	219 
6111	199 
6112	5 
6113	234 
6114	44 
6115	157 
6116	241 
6117	19 
6118	218 
6119	25 
6120	77 
6121	24 
6122	9 
6123	261 
6124	296 
6125	234 
6126	55 
6127	265 
6128	171 
6129	162 
6130	161 
6131	32 
6132	292 
6133	174 
6134	275 
6135	230 
6136	56 
6137	107 
6138	281 
6139	214 
6140	280 
6141	285 
6142	14 
6143	80 
6144	96 
6145	13 
6146	44 
6147	282 
6148	225 
6149	246 
6150	55 
6151	296 
6152	206 
6153	267 
6154	60 
6155	33 
6156	51 
6157	158 
6158	243 
6159	221 
6160	111 
6161	301 
6162	304 
6163	241 
6164	235 
6165	149 
6166	141 
6167	137 
6168	30 
6169	234 
6170	37 
6171	162 
6172	223 
6173	304 
6174	215 
6175	91 
6176	107 
6177	18 
6178	228 
6179	50 
6180	119 
6181	185 
6182	126 
6183	44 
6184	246 
6185	297 
6186	82 
6187	203 
6188	160 
6189	45 
6190	75 
6191	237 
6192	129 
6193	149 
6194	283 
6195	45 
6196	186 
6197	40 
6198	251 
6199	285 
6200	137 
6201	243 
6202	116 
6203	21 
6204	135 
6205	60 
6206	5 
6207	167 
6208	221 
6209	140 
6210	288 
6211	206 
6212	302 
6213	197 
6214	230 
6215	194 
6216	195 
6217	8 
6218	197 
6219	130 
6220	78 
6221	142 
6222	215 
6223	66 
6224	90 
6225	286 
6226	51 
6227	288 
6228	21 
6229	94 
6230	102 
6231	83 
6232	188 
6233	236 
6234	203 
6235	9 
6236	130 
6237	289 
6238	165 
6239	73 
6240	270 
6241	59 
6242	128 
6243	299 
6244	41 
6245	103 
6246	228 
6247	167 
6248	163 
6249	259 
6250	277 
6251	290 
6252	157 
6253	74 
6254	267 
6255	289 
6256	20 
6257	291 
6258	278 
6259	156 
6260	17 
6261	234 
6262	178 
6263	38 
6264	19 
6265	199 
6266	241 
6267	57 
6268	178 
6269	20 
6270	157 
6271	78 
6272	247 
6273	127 
6274	33 
6275	46 
6276	153 
6277	230 
6278	217 
6279	198 
6280	180 
6281	19 
6282	173 
6283	8 
6284	82 
6285	275 
6286	123 
6287	20 
6288	105 
6289	153 
6290	83 
6291	290 
6292	38 
6293	252 
6294	263 
6295	41 
6296	286 
6297	64 
6298	146 
6299	179 
6300	132 
6301	294 
6302	51 
6303	38 
6304	174 
6305	74 
6306	23 
6307	94 
6308	198 
6309	280 
6310	242 
6311	121 
6312	201 
6313	268 
6314	74 
6315	264 
6316	195 
6317	120 
6318	181 
6319	263 
6320	105 
6321	182 
6322	48 
6323	162 
6324	20 
6325	96 
6326	25 
6327	232 
6328	166 
6329	119 
6330	42 
6331	117 
6332	156 
6333	85 
6334	247 
6335	166 
6336	171 
6337	244 
6338	176 
6339	221 
6340	174 
6341	308 
6342	99 
6343	229 
6344	295 
6345	9 
6346	159 
6347	175 
6348	29 
6349	77 
6350	69 
6351	117 
6352	75 
6353	201 
6354	179 
6355	210 
6356	153 
6357	171 
6358	63 
6359	166 
6360	279 
6361	5 
6362	36 
6363	3 
6364	135 
6365	181 
6366	247 
6367	188 
6368	96 
6369	238 
6370	2 
6371	43 
6372	160 
6373	85 
6374	72 
6375	167 
6376	197 
6377	165 
6378	249 
6379	30 
6380	101 
6381	231 
6382	275 
6383	17 
6384	297 
6385	168 
6386	124 
6387	285 
6388	178 
6389	241 
6390	166 
6391	123 
6392	285 
6393	26 
6394	40 
6395	104 
6396	77 
6397	154 
6398	190 
6399	263 
6400	28 
6401	169 
6402	42 
6403	102 
6404	209 
6405	306 
6406	208 
6407	70 
6408	237 
6409	112 
6410	170 
6411	19 
6412	152 
6413	181 
6414	10 
6415	297 
6416	80 
6417	245 
6418	241 
6419	18 
6420	215 
6421	182 
6422	1 
6423	110 
6424	109 
6425	47 
6426	48 
6427	95 
6428	301 
6429	166 
6430	55 
6431	251 
6432	218 
6433	110 
6434	106 
6435	153 
6436	114 
6437	99 
6438	259 
6439	256 
6440	52 
6441	254 
6442	209 
6443	308 
6444	233 
6445	40 
6446	278 
6447	24 
6448	6 
6449	213 
6450	236 
6451	303 
6452	230 
6453	256 
6454	234 
6455	3 
6456	220 
6457	287 
6458	281 
6459	25 
6460	105 
6461	268 
6462	140 
6463	191 
6464	139 
6465	126 
6466	106 
6467	202 
6468	83 
6469	148 
6470	100 
6471	196 
6472	2 
6473	213 
6474	270 
6475	118 
6476	217 
6477	82 
6478	246 
6479	242 
6480	295 
6481	209 
6482	115 
6483	67 
6484	82 
6485	184 
6486	161 
6487	13 
6488	180 
6489	119 
6490	229 
6491	20 
6492	95 
6493	284 
6494	4 
6495	86 
6496	87 
6497	41 
6498	211 
6499	166 
6500	86 
6501	144 
6502	15 
6503	40 
6504	203 
6505	246 
6506	49 
6507	278 
6508	292 
6509	104 
6510	62 
6511	234 
6512	114 
6513	188 
6514	135 
6515	10 
6516	123 
6517	204 
6518	210 
6519	54 
6520	14 
6521	240 
6522	292 
6523	297 
6524	41 
6525	25 
6526	97 
6527	151 
6528	227 
6529	284 
6530	212 
6531	145 
6532	303 
6533	258 
6534	175 
6535	61 
6536	72 
6537	230 
6538	88 
6539	273 
6540	86 
6541	268 
6542	59 
6543	220 
6544	308 
6545	300 
6546	259 
6547	297 
6548	45 
6549	202 
6550	237 
6551	184 
6552	233 
6553	4 
6554	27 
6555	205 
6556	269 
6557	217 
6558	300 
6559	282 
6560	30 
6561	8 
6562	76 
6563	149 
6564	122 
6565	71 
6566	199 
6567	55 
6568	12 
6569	189 
6570	109 
6571	58 
6572	303 
6573	183 
6574	115 
6575	104 
6576	163 
6577	12 
6578	303 
6579	255 
6580	84 
6581	286 
6582	173 
6583	210 
6584	231 
6585	101 
6586	155 
6587	300 
6588	208 
6589	37 
6590	241 
6591	131 
6592	74 
6593	146 
6594	188 
6595	72 
6596	51 
6597	13 
6598	137 
6599	303 
6600	187 
6601	128 
6602	211 
6603	225 
6604	181 
6605	276 
6606	233 
6607	11 
6608	233 
6609	55 
6610	182 
6611	5 
6612	170 
6613	166 
6614	4 
6615	306 
6616	308 
6617	229 
6618	264 
6619	209 
6620	190 
6621	242 
6622	5 
6623	42 
6624	108 
6625	139 
6626	131 
6627	278 
6628	47 
6629	155 
6630	226 
6631	58 
6632	48 
6633	150 
6634	129 
6635	38 
6636	283 
6637	134 
6638	88 
6639	207 
6640	241 
6641	108 
6642	227 
6643	241 
6644	228 
6645	306 
6646	68 
6647	6 
6648	243 
6649	90 
6650	47 
6651	287 
6652	35 
6653	4 
6654	104 
6655	283 
6656	304 
6657	206 
6658	218 
6659	10 
6660	144 
6661	233 
6662	220 
6663	181 
6664	2 
6665	99 
6666	83 
6667	46 
6668	8 
6669	199 
6670	13 
6671	224 
6672	27 
6673	127 
6674	238 
6675	236 
6676	118 
6677	253 
6678	176 
6679	171 
6680	84 
6681	230 
6682	159 
6683	93 
6684	195 
6685	6 
6686	51 
6687	71 
6688	152 
6689	78 
6690	27 
6691	5 
6692	259 
6693	27 
6694	257 
6695	166 
6696	198 
6697	260 
6698	21 
6699	144 
6700	29 
6701	193 
6702	153 
6703	232 
6704	56 
6705	45 
6706	20 
6707	44 
6708	223 
6709	299 
6710	6 
6711	181 
6712	153 
6713	139 
6714	48 
6715	213 
6716	291 
6717	166 
6718	114 
6719	194 
6720	101 
6721	121 
6722	298 
6723	53 
6724	283 
6725	295 
6726	187 
6727	124 
6728	133 
6729	215 
6730	200 
6731	7 
6732	5 
6733	22 
6734	286 
6735	211 
6736	133 
6737	137 
6738	283 
6739	240 
6740	48 
6741	284 
6742	263 
6743	94 
6744	187 
6745	29 
6746	120 
6747	191 
6748	162 
6749	89 
6750	45 
6751	150 
6752	89 
6753	242 
6754	127 
6755	230 
6756	25 
6757	128 
6758	134 
6759	48 
6760	36 
6761	249 
6762	270 
6763	60 
6764	298 
6765	40 
6766	178 
6767	124 
6768	170 
6769	213 
6770	221 
6771	217 
6772	243 
6773	247 
6774	203 
6775	106 
6776	120 
6777	270 
6778	243 
6779	148 
6780	91 
6781	59 
6782	177 
6783	199 
6784	278 
6785	123 
6786	7 
6787	152 
6788	162 
6789	173 
6790	38 
6791	142 
6792	66 
6793	260 
6794	163 
6795	200 
6796	75 
6797	219 
6798	135 
6799	138 
6800	14 
6801	12 
6802	208 
6803	67 
6804	96 
6805	232 
6806	16 
6807	230 
6808	60 
6809	178 
6810	82 
6811	22 
6812	249 
6813	35 
6814	303 
6815	305 
6816	100 
6817	261 
6818	228 
6819	278 
6820	62 
6821	192 
6822	27 
6823	243 
6824	138 
6825	38 
6826	275 
6827	130 
6828	49 
6829	76 
6830	161 
6831	38 
6832	27 
6833	4 
6834	141 
6835	147 
6836	42 
6837	55 
6838	117 
6839	201 
6840	200 
6841	51 
6842	287 
6843	200 
6844	16 
6845	45 
6846	196 
6847	284 
6848	8 
6849	174 
6850	139 
6851	28 
6852	26 
6853	170 
6854	250 
6855	240 
6856	104 
6857	130 
6858	143 
6859	15 
6860	81 
6861	109 
6862	168 
6863	82 
6864	284 
6865	299 
6866	115 
6867	252 
6868	210 
6869	155 
6870	127 
6871	35 
6872	131 
6873	79 
6874	32 
6875	300 
6876	169 
6877	164 
6878	268 
6879	67 
6880	16 
6881	215 
6882	35 
6883	5 
6884	9 
6885	117 
6886	148 
6887	189 
6888	307 
6889	292 
6890	192 
6891	180 
6892	77 
6893	142 
6894	59 
6895	222 
6896	153 
6897	9 
6898	307 
6899	10 
6900	110 
6901	20 
6902	33 
6903	60 
6904	189 
6905	283 
6906	88 
6907	171 
6908	126 
6909	106 
6910	124 
6911	4 
6912	191 
6913	25 
6914	21 
6915	52 
6916	274 
6917	23 
6918	96 
6919	168 
6920	6 
6921	174 
6922	129 
6923	300 
6924	262 
6925	60 
6926	73 
6927	286 
6928	150 
6929	147 
6930	187 
6931	258 
6932	233 
6933	13 
6934	46 
6935	240 
6936	280 
6937	185 
6938	30 
6939	57 
6940	11 
6941	268 
6942	15 
6943	88 
6944	122 
6945	285 
6946	62 
6947	77 
6948	86 
6949	8 
6950	230 
6951	18 
6952	25 
6953	212 
6954	139 
6955	306 
6956	51 
6957	200 
6958	263 
6959	36 
6960	150 
6961	231 
6962	24 
6963	276 
6964	178 
6965	219 
6966	29 
6967	121 
6968	8 
6969	76 
6970	105 
6971	100 
6972	198 
6973	53 
6974	81 
6975	170 
6976	19 
6977	292 
6978	253 
6979	82 
6980	299 
6981	48 
6982	102 
6983	216 
6984	113 
6985	130 
6986	271 
6987	6 
6988	187 
6989	162 
6990	134 
6991	302 
6992	114 
6993	224 
6994	270 
6995	2 
6996	205 
6997	154 
6998	98 
6999	244 
7000	237 
7001	89 
7002	288 
7003	65 
7004	295 
7005	109 
7006	14 
7007	27 
7008	130 
7009	301 
7010	305 
7011	4 
7012	176 
7013	59 
7014	245 
7015	299 
7016	123 
7017	133 
7018	303 
7019	25 
7020	6 
7021	121 
7022	279 
7023	252 
7024	287 
7025	175 
7026	92 
7027	172 
7028	145 
7029	130 
7030	99 
7031	200 
7032	204 
7033	220 
7034	78 
7035	60 
7036	50 
7037	51 
7038	217 
7039	213 
7040	295 
7041	60 
7042	237 
7043	222 
7044	243 
7045	35 
7046	100 
7047	217 
7048	306 
7049	179 
7050	45 
7051	156 
7052	85 
7053	58 
7054	30 
7055	35 
7056	192 
7057	106 
7058	38 
7059	148 
7060	176 
7061	198 
7062	78 
7063	70 
7064	20 
7065	106 
7066	146 
7067	151 
7068	41 
7069	26 
7070	212 
7071	185 
7072	132 
7073	155 
7074	229 
7075	124 
7076	175 
7077	141 
7078	38 
7079	219 
7080	24 
7081	266 
7082	203 
7083	293 
7084	21 
7085	293 
7086	44 
7087	274 
7088	28 
7089	200 
7090	160 
7091	71 
7092	26 
7093	267 
7094	225 
7095	253 
7096	234 
7097	256 
7098	139 
7099	174 
7100	205 
7101	41 
7102	303 
7103	245 
7104	14 
7105	14 
7106	99 
7107	185 
7108	41 
7109	40 
7110	53 
7111	276 
7112	102 
7113	206 
7114	38 
7115	8 
7116	178 
7117	32 
7118	155 
7119	213 
7120	211 
7121	58 
7122	275 
7123	63 
7124	154 
7125	99 
7126	103 
7127	143 
7128	284 
7129	99 
7130	237 
7131	135 
7132	295 
7133	189 
7134	49 
7135	264 
7136	213 
7137	26 
7138	229 
7139	149 
7140	19 
7141	156 
7142	167 
7143	94 
7144	155 
7145	98 
7146	161 
7147	180 
7148	115 
7149	244 
7150	88 
7151	6 
7152	128 
7153	51 
7154	267 
7155	58 
7156	57 
7157	12 
7158	155 
7159	230 
7160	294 
7161	308 
7162	198 
7163	133 
7164	152 
7165	51 
7166	85 
7167	144 
7168	77 
7169	303 
7170	61 
7171	205 
7172	191 
7173	116 
7174	211 
7175	296 
7176	37 
7177	8 
7178	132 
7179	71 
7180	230 
7181	172 
7182	21 
7183	14 
7184	43 
7185	196 
7186	11 
7187	52 
7188	227 
7189	293 
7190	152 
7191	285 
7192	291 
7193	105 
7194	218 
7195	128 
7196	136 
7197	262 
7198	147 
7199	243 
7200	232 
7201	104 
7202	142 
7203	74 
7204	256 
7205	217 
7206	183 
7207	74 
7208	277 
7209	88 
7210	101 
7211	86 
7212	231 
7213	111 
7214	168 
7215	173 
7216	22 
7217	151 
7218	179 
7219	189 
7220	200 
7221	152 
7222	193 
7223	70 
7224	221 
7225	231 
7226	66 
7227	254 
7228	134 
7229	19 
7230	172 
7231	162 
7232	27 
7233	306 
7234	230 
7235	31 
7236	274 
7237	253 
7238	24 
7239	42 
7240	21 
7241	192 
7242	55 
7243	139 
7244	278 
7245	128 
7246	264 
7247	210 
7248	228 
7249	297 
7250	40 
7251	177 
7252	261 
7253	55 
7254	121 
7255	43 
7256	47 
7257	200 
7258	25 
7259	153 
7260	247 
7261	248 
7262	33 
7263	281 
7264	143 
7265	199 
7266	181 
7267	103 
7268	118 
7269	81 
7270	142 
7271	237 
7272	90 
7273	112 
7274	277 
7275	235 
7276	214 
7277	263 
7278	260 
7279	107 
7280	253 
7281	85 
7282	308 
7283	83 
7284	121 
7285	118 
7286	89 
7287	211 
7288	33 
7289	90 
7290	258 
7291	227 
7292	164 
7293	77 
7294	88 
7295	172 
7296	27 
7297	187 
7298	172 
7299	196 
7300	197 
7301	209 
7302	121 
7303	161 
7304	254 
7305	260 
7306	55 
7307	127 
7308	219 
7309	244 
7310	193 
7311	245 
7312	201 
7313	242 
7314	31 
7315	91 
7316	84 
7317	278 
7318	154 
7319	229 
7320	177 
7321	235 
7322	231 
7323	138 
7324	150 
7325	146 
7326	48 
7327	231 
7328	156 
7329	202 
7330	210 
7331	46 
7332	57 
7333	88 
7334	118 
7335	15 
7336	31 
7337	111 
7338	234 
7339	133 
7340	284 
7341	232 
7342	199 
7343	228 
7344	153 
7345	130 
7346	6 
7347	285 
7348	156 
7349	265 
7350	204 
7351	103 
7352	93 
7353	76 
7354	237 
7355	49 
7356	48 
7357	205 
7358	255 
7359	122 
7360	102 
7361	103 
7362	269 
7363	196 
7364	86 
7365	220 
7366	166 
7367	110 
7368	75 
7369	296 
7370	268 
7371	294 
7372	10 
7373	49 
7374	137 
7375	11 
7376	222 
7377	249 
7378	294 
7379	275 
7380	171 
7381	270 
7382	203 
7383	70 
7384	221 
7385	119 
7386	294 
7387	167 
7388	235 
7389	1 
7390	94 
7391	111 
7392	264 
7393	299 
7394	90 
7395	126 
7396	14 
7397	95 
7398	199 
7399	42 
7400	58 
7401	106 
7402	154 
7403	68 
7404	276 
7405	168 
7406	186 
7407	276 
7408	60 
7409	270 
7410	288 
7411	302 
7412	192 
7413	305 
7414	116 
7415	37 
7416	258 
7417	302 
7418	207 
7419	11 
7420	88 
7421	305 
7422	134 
7423	129 
7424	25 
7425	117 
7426	75 
7427	80 
7428	255 
7429	303 
7430	5 
7431	274 
7432	91 
7433	73 
7434	108 
7435	60 
7436	68 
7437	53 
7438	15 
7439	82 
7440	190 
7441	163 
7442	299 
7443	287 
7444	178 
7445	125 
7446	88 
7447	63 
7448	290 
7449	228 
7450	6 
7451	20 
7452	212 
7453	292 
7454	183 
7455	80 
7456	242 
7457	51 
7458	3 
7459	133 
7460	87 
7461	243 
7462	171 
7463	70 
7464	241 
7465	195 
7466	260 
7467	105 
7468	27 
7469	122 
7470	304 
7471	207 
7472	221 
7473	7 
7474	46 
7475	249 
7476	207 
7477	148 
7478	126 
7479	4 
7480	112 
7481	119 
7482	19 
7483	192 
7484	48 
7485	166 
7486	61 
7487	105 
7488	157 
7489	100 
7490	217 
7491	218 
7492	21 
7493	173 
7494	300 
7495	61 
7496	115 
7497	140 
7498	263 
7499	199 
7500	153 
7501	255 
7502	213 
7503	92 
7504	226 
7505	154 
7506	184 
7507	296 
7508	242 
7509	222 
7510	157 
7511	104 
7512	3 
7513	167 
7514	235 
7515	57 
7516	289 
7517	244 
7518	60 
7519	197 
7520	261 
7521	146 
7522	169 
7523	87 
7524	115 
7525	114 
7526	134 
7527	18 
7528	65 
7529	156 
7530	235 
7531	161 
7532	81 
7533	109 
7534	304 
7535	84 
7536	51 
7537	131 
7538	246 
7539	216 
7540	215 
7541	276 
7542	242 
7543	149 
7544	84 
7545	239 
7546	40 
7547	226 
7548	53 
7549	299 
7550	264 
7551	4 
7552	234 
7553	263 
7554	256 
7555	300 
7556	53 
7557	72 
7558	175 
7559	253 
7560	147 
7561	306 
7562	152 
7563	122 
7564	55 
7565	260 
7566	45 
7567	167 
7568	20 
7569	232 
7570	78 
7571	247 
7572	285 
7573	175 
7574	289 
7575	152 
7576	119 
7577	62 
7578	112 
7579	106 
7580	144 
7581	105 
7582	154 
7583	10 
7584	279 
7585	197 
7586	201 
7587	84 
7588	76 
7589	235 
7590	232 
7591	247 
7592	67 
7593	143 
7594	246 
7595	98 
7596	22 
7597	217 
7598	269 
7599	228 
7600	297 
7601	139 
7602	105 
7603	111 
7604	256 
7605	169 
7606	235 
7607	295 
7608	254 
7609	196 
7610	266 
7611	212 
7612	126 
7613	189 
7614	281 
7615	298 
7616	38 
7617	3 
7618	175 
7619	261 
7620	275 
7621	17 
7622	181 
7623	17 
7624	21 
7625	45 
7626	303 
7627	221 
7628	303 
7629	247 
7630	184 
7631	11 
7632	111 
7633	82 
7634	240 
7635	178 
7636	3 
7637	175 
7638	30 
7639	203 
7640	203 
7641	247 
7642	222 
7643	232 
7644	280 
7645	45 
7646	133 
7647	193 
7648	33 
7649	195 
7650	298 
7651	121 
7652	48 
7653	53 
7654	304 
7655	298 
7656	198 
7657	115 
7658	10 
7659	173 
7660	203 
7661	211 
7662	226 
7663	302 
7664	203 
7665	186 
7666	20 
7667	254 
7668	168 
7669	113 
7670	114 
7671	287 
7672	299 
7673	146 
7674	143 
7675	110 
7676	89 
7677	90 
7678	229 
7679	258 
7680	146 
7681	100 
7682	255 
7683	244 
7684	38 
7685	252 
7686	213 
7687	148 
7688	197 
7689	11 
7690	216 
7691	137 
7692	200 
7693	249 
7694	77 
7695	293 
7696	51 
7697	10 
7698	306 
7699	29 
7700	190 
7701	300 
7702	292 
7703	155 
7704	283 
7705	297 
7706	1 
7707	57 
7708	264 
7709	82 
7710	258 
7711	138 
7712	53 
7713	171 
7714	32 
7715	229 
7716	206 
7717	88 
7718	285 
7719	194 
7720	127 
7721	17 
7722	51 
7723	86 
7724	224 
7725	98 
7726	137 
7727	33 
7728	120 
7729	193 
7730	223 
7731	210 
7732	80 
7733	196 
7734	243 
7735	247 
7736	219 
7737	159 
7738	255 
7739	35 
7740	294 
7741	41 
7742	54 
7743	209 
7744	279 
7745	64 
7746	9 
7747	42 
7748	164 
7749	302 
7750	35 
7751	179 
7752	75 
7753	228 
7754	160 
7755	308 
7756	261 
7757	170 
7758	47 
7759	163 
7760	276 
7761	243 
7762	232 
7763	97 
7764	117 
7765	166 
7766	193 
7767	284 
7768	190 
7769	10 
7770	70 
7771	245 
7772	98 
7773	244 
7774	56 
7775	253 
7776	250 
7777	4 
7778	208 
7779	179 
7780	207 
7781	68 
7782	56 
7783	240 
7784	135 
7785	235 
7786	103 
7787	173 
7788	120 
7789	249 
7790	303 
7791	45 
7792	263 
7793	211 
7794	71 
7795	82 
7796	150 
7797	141 
7798	178 
7799	288 
7800	119 
7801	261 
7802	119 
7803	251 
7804	146 
7805	256 
7806	76 
7807	23 
7808	171 
7809	304 
7810	117 
7811	219 
7812	27 
7813	305 
7814	101 
7815	72 
7816	303 
7817	76 
7818	36 
7819	244 
7820	100 
7821	60 
7822	197 
7823	16 
7824	300 
7825	307 
7826	237 
7827	66 
7828	261 
7829	257 
7830	180 
7831	133 
7832	29 
7833	138 
7834	294 
7835	253 
7836	297 
7837	88 
7838	308 
7839	96 
7840	57 
7841	226 
7842	42 
7843	89 
7844	306 
7845	270 
7846	184 
7847	285 
7848	144 
7849	181 
7850	174 
7851	286 
7852	130 
7853	135 
7854	176 
7855	176 
7856	6 
7857	279 
7858	253 
7859	136 
7860	252 
7861	145 
7862	201 
7863	84 
7864	211 
7865	257 
7866	239 
7867	233 
7868	25 
7869	114 
7870	81 
7871	102 
7872	117 
7873	214 
7874	176 
7875	104 
7876	47 
7877	80 
7878	237 
7879	31 
7880	245 
7881	136 
7882	164 
7883	308 
7884	127 
7885	192 
7886	46 
7887	74 
7888	72 
7889	287 
7890	303 
7891	185 
7892	253 
7893	90 
7894	73 
7895	116 
7896	114 
7897	87 
7898	292 
7899	19 
7900	78 
7901	160 
7902	282 
7903	96 
7904	154 
7905	187 
7906	207 
7907	297 
7908	232 
7909	67 
7910	54 
7911	128 
7912	299 
7913	85 
7914	233 
7915	44 
7916	166 
7917	196 
7918	278 
7919	228 
7920	61 
7921	44 
7922	15 
7923	169 
7924	135 
7925	255 
7926	244 
7927	221 
7928	18 
7929	183 
7930	8 
7931	249 
7932	51 
7933	33 
7934	297 
7935	217 
7936	174 
7937	170 
7938	57 
7939	261 
7940	4 
7941	102 
7942	8 
7943	147 
7944	253 
7945	177 
7946	165 
7947	47 
7948	239 
7949	29 
7950	48 
7951	101 
7952	253 
7953	151 
7954	46 
7955	117 
7956	27 
7957	121 
7958	114 
7959	253 
7960	284 
7961	164 
7962	152 
7963	167 
7964	224 
7965	249 
7966	263 
7967	283 
7968	166 
7969	156 
7970	198 
7971	258 
7972	178 
7973	46 
7974	23 
7975	195 
7976	275 
7977	103 
7978	55 
7979	87 
7980	193 
7981	243 
7982	75 
7983	87 
7984	93 
7985	215 
7986	298 
7987	223 
7988	128 
7989	93 
7990	236 
7991	238 
7992	277 
7993	80 
7994	263 
7995	285 
7996	157 
7997	98 
7998	294 
7999	214 
8000	193 
8001	12 
8002	261 
8003	285 
8004	158 
8005	168 
8006	40 
8007	57 
8008	76 
8009	132 
8010	206 
8011	120 
8012	243 
8013	168 
8014	224 
8015	246 
8016	184 
8017	115 
8018	84 
8019	91 
8020	75 
8021	296 
8022	12 
8023	36 
8024	258 
8025	188 
8026	165 
8027	52 
8028	283 
8029	77 
8030	11 
8031	288 
8032	160 
8033	83 
8034	57 
8035	29 
8036	103 
8037	83 
8038	285 
8039	152 
8040	134 
8041	69 
8042	136 
8043	197 
8044	144 
8045	178 
8046	168 
8047	61 
8048	103 
8049	231 
8050	5 
8051	111 
8052	265 
8053	206 
8054	255 
8055	51 
8056	63 
8057	151 
8058	196 
8059	304 
8060	199 
8061	201 
8062	231 
8063	62 
8064	306 
8065	147 
8066	45 
8067	261 
8068	130 
8069	28 
8070	48 
8071	286 
8072	7 
8073	211 
8074	167 
8075	148 
8076	4 
8077	241 
8078	14 
8079	55 
8080	275 
8081	150 
8082	204 
8083	280 
8084	139 
8085	153 
8086	237 
8087	259 
8088	103 
8089	34 
8090	234 
8091	113 
8092	274 
8093	57 
8094	211 
8095	45 
8096	135 
8097	263 
8098	62 
8099	231 
8100	9 
8101	238 
8102	17 
8103	307 
8104	120 
8105	286 
8106	39 
8107	111 
8108	121 
8109	83 
8110	51 
8111	248 
8112	59 
8113	131 
8114	228 
8115	243 
8116	64 
8117	300 
8118	40 
8119	157 
8120	231 
8121	174 
8122	144 
8123	303 
8124	104 
8125	257 
8126	147 
8127	106 
8128	215 
8129	285 
8130	239 
8131	213 
8132	27 
8133	109 
8134	166 
8135	225 
8136	300 
8137	90 
8138	234 
8139	248 
8140	223 
8141	19 
8142	257 
8143	215 
8144	220 
8145	243 
8146	139 
8147	251 
8148	177 
8149	132 
8150	176 
8151	196 
8152	245 
8153	65 
8154	232 
8155	186 
8156	86 
8157	55 
8158	187 
8159	90 
8160	153 
8161	132 
8162	143 
8163	101 
8164	142 
8165	46 
8166	28 
8167	21 
8168	87 
8169	16 
8170	58 
8171	295 
8172	214 
8173	25 
8174	300 
8175	87 
8176	263 
8177	150 
8178	22 
8179	78 
8180	72 
8181	105 
8182	256 
8183	161 
8184	240 
8185	119 
8186	114 
8187	270 
8188	170 
8189	250 
8190	208 
8191	134 
8192	291 
8193	193 
8194	111 
8195	171 
8196	281 
8197	205 
8198	165 
8199	254 
8200	51 
8201	229 
8202	132 
8203	137 
8204	241 
8205	300 
8206	230 
8207	147 
8208	149 
8209	167 
8210	283 
8211	1 
8212	68 
8213	103 
8214	294 
8215	180 
8216	57 
8217	129 
8218	45 
8219	277 
8220	237 
8221	96 
8222	306 
8223	99 
8224	28 
8225	287 
8226	168 
8227	211 
8228	10 
8229	183 
8230	302 
8231	197 
8232	208 
8233	40 
8234	283 
8235	35 
8236	128 
8237	275 
8238	102 
8239	279 
8240	130 
8241	244 
8242	200 
8243	46 
8244	64 
8245	16 
8246	147 
8247	57 
8248	228 
8249	186 
8250	279 
8251	243 
8252	179 
8253	114 
8254	272 
8255	76 
8256	25 
8257	14 
8258	95 
8259	161 
8260	262 
8261	80 
8262	225 
8263	207 
8264	172 
8265	234 
8266	303 
8267	251 
8268	241 
8269	237 
8270	35 
8271	52 
8272	75 
8273	68 
8274	168 
8275	204 
8276	225 
8277	271 
8278	35 
8279	103 
8280	145 
8281	28 
8282	136 
8283	219 
8284	264 
8285	108 
8286	256 
8287	263 
8288	160 
8289	258 
8290	268 
8291	140 
8292	164 
8293	165 
8294	106 
8295	106 
8296	192 
8297	245 
8298	292 
8299	92 
8300	263 
8301	291 
8302	229 
8303	185 
8304	224 
8305	11 
8306	46 
8307	123 
8308	243 
8309	30 
8310	277 
8311	89 
8312	117 
8313	115 
8314	100 
8315	235 
8316	71 
8317	198 
8318	102 
8319	279 
8320	216 
8321	289 
8322	48 
8323	249 
8324	148 
8325	154 
8326	221 
8327	122 
8328	73 
8329	207 
8330	169 
8331	12 
8332	281 
8333	179 
8334	260 
8335	303 
8336	279 
8337	272 
8338	110 
8339	217 
8340	150 
8341	83 
8342	258 
8343	169 
8344	257 
8345	27 
8346	223 
8347	42 
8348	299 
8349	258 
8350	304 
8351	33 
8352	174 
8353	32 
8354	60 
8355	230 
8356	60 
8357	225 
8358	14 
8359	36 
8360	48 
8361	148 
8362	59 
8363	260 
8364	264 
8365	128 
8366	201 
8367	21 
8368	14 
8369	41 
8370	158 
8371	4 
8372	224 
8373	287 
8374	47 
8375	186 
8376	215 
8377	16 
8378	60 
8379	107 
8380	146 
8381	192 
8382	251 
8383	60 
8384	241 
8385	149 
8386	71 
8387	30 
8388	185 
8389	102 
8390	208 
8391	168 
8392	113 
8393	280 
8394	129 
8395	43 
8396	90 
8397	259 
8398	38 
8399	11 
8400	273 
8401	174 
8402	291 
8403	169 
8404	66 
8405	76 
8406	100 
8407	93 
8408	60 
8409	27 
8410	294 
8411	243 
8412	89 
8413	267 
8414	93 
8415	51 
8416	54 
8417	35 
8418	45 
8419	35 
8420	222 
8421	277 
8422	115 
8423	27 
8424	275 
8425	196 
8426	17 
8427	103 
8428	231 
8429	156 
8430	303 
8431	242 
8432	295 
8433	63 
8434	252 
8435	182 
8436	181 
8437	59 
8438	131 
8439	213 
8440	234 
8441	280 
8442	286 
8443	224 
8444	199 
8445	199 
8446	19 
8447	166 
8448	256 
8449	286 
8450	176 
8451	68 
8452	114 
8453	283 
8454	3 
8455	222 
8456	200 
8457	131 
8458	20 
8459	90 
8460	115 
8461	175 
8462	23 
8463	146 
8464	201 
8465	264 
8466	243 
8467	270 
8468	60 
8469	222 
8470	160 
8471	37 
8472	74 
8473	32 
8474	250 
8475	40 
8476	128 
8477	100 
8478	110 
8479	57 
8480	291 
8481	10 
8482	122 
8483	234 
8484	222 
8485	111 
8486	135 
8487	12 
8488	307 
8489	146 
8490	242 
8491	292 
8492	107 
8493	202 
8494	88 
8495	53 
8496	226 
8497	21 
8498	123 
8499	59 
8500	140 
8501	25 
8502	82 
8503	144 
8504	293 
8505	57 
8506	291 
8507	155 
8508	48 
8509	47 
8510	79 
8511	195 
8512	292 
8513	56 
8514	227 
8515	232 
8516	188 
8517	73 
8518	225 
8519	279 
8520	276 
8521	237 
8522	174 
8523	96 
8524	245 
8525	170 
8526	130 
8527	33 
8528	209 
8529	106 
8530	271 
8531	280 
8532	261 
8533	238 
8534	275 
8535	57 
8536	53 
8537	269 
8538	78 
8539	285 
8540	249 
8541	172 
8542	92 
8543	152 
8544	92 
8545	138 
8546	256 
8547	158 
8548	257 
8549	257 
8550	201 
8551	171 
8552	99 
8553	299 
8554	93 
8555	219 
8556	259 
8557	156 
8558	112 
8559	24 
8560	46 
8561	232 
8562	225 
8563	264 
8564	55 
8565	100 
8566	103 
8567	161 
8568	32 
8569	268 
8570	179 
8571	39 
8572	44 
8573	304 
8574	67 
8575	128 
8576	182 
8577	106 
8578	164 
8579	67 
8580	18 
8581	157 
8582	60 
8583	143 
8584	159 
8585	115 
8586	184 
8587	206 
8588	291 
8589	304 
8590	31 
8591	123 
8592	90 
8593	58 
8594	106 
8595	267 
8596	186 
8597	211 
8598	211 
8599	185 
8600	170 
8601	103 
8602	208 
8603	1 
8604	28 
8605	58 
8606	66 
8607	167 
8608	170 
8609	52 
8610	63 
8611	36 
8612	125 
8613	263 
8614	238 
8615	267 
8616	150 
8617	286 
8618	242 
8619	240 
8620	119 
8621	25 
8622	67 
8623	150 
8624	51 
8625	69 
8626	174 
8627	91 
8628	63 
8629	29 
8630	298 
8631	226 
8632	161 
8633	21 
8634	219 
8635	154 
8636	113 
8637	205 
8638	211 
8639	134 
8640	74 
8641	305 
8642	267 
8643	225 
8644	225 
8645	291 
8646	304 
8647	54 
8648	210 
8649	33 
8650	267 
8651	266 
8652	232 
8653	202 
8654	40 
8655	9 
8656	236 
8657	262 
8658	55 
8659	159 
8660	295 
8661	249 
8662	16 
8663	288 
8664	84 
8665	213 
8666	295 
8667	258 
8668	209 
8669	142 
8670	192 
8671	139 
8672	78 
8673	288 
8674	231 
8675	225 
8676	21 
8677	274 
8678	134 
8679	150 
8680	201 
8681	151 
8682	283 
8683	244 
8684	9 
8685	271 
8686	179 
8687	48 
8688	135 
8689	38 
8690	181 
8691	215 
8692	125 
8693	76 
8694	304 
8695	155 
8696	107 
8697	250 
8698	124 
8699	130 
8700	54 
8701	124 
8702	170 
8703	220 
8704	254 
8705	79 
8706	121 
8707	132 
8708	288 
8709	233 
8710	305 
8711	211 
8712	278 
8713	29 
8714	31 
8715	191 
8716	179 
8717	245 
8718	68 
8719	282 
8720	119 
8721	122 
8722	108 
8723	306 
8724	210 
8725	176 
8726	86 
8727	38 
8728	156 
8729	158 
8730	114 
8731	60 
8732	307 
8733	141 
8734	20 
8735	190 
8736	27 
8737	36 
8738	134 
8739	106 
8740	115 
8741	58 
8742	163 
8743	300 
8744	58 
8745	27 
8746	133 
8747	181 
8748	296 
8749	209 
8750	59 
8751	36 
8752	23 
8753	218 
8754	194 
8755	227 
8756	25 
8757	160 
8758	6 
8759	146 
8760	93 
8761	135 
8762	199 
8763	126 
8764	253 
8765	175 
8766	47 
8767	102 
8768	51 
8769	201 
8770	136 
8771	252 
8772	5 
8773	155 
8774	181 
8775	277 
8776	74 
8777	151 
8778	47 
8779	183 
8780	203 
8781	94 
8782	89 
8783	208 
8784	256 
8785	210 
8786	286 
8787	218 
8788	78 
8789	114 
8790	80 
8791	87 
8792	213 
8793	151 
8794	240 
8795	286 
8796	122 
8797	17 
8798	287 
8799	251 
8800	68 
8801	165 
8802	4 
8803	90 
8804	256 
8805	282 
8806	110 
8807	303 
8808	301 
8809	238 
8810	283 
8811	118 
8812	285 
8813	97 
8814	80 
8815	23 
8816	224 
8817	247 
8818	158 
8819	11 
8820	118 
8821	39 
8822	116 
8823	135 
8824	45 
8825	141 
8826	64 
8827	285 
8828	145 
8829	73 
8830	64 
8831	206 
8832	239 
8833	217 
8834	118 
8835	300 
8836	215 
8837	122 
8838	57 
8839	32 
8840	166 
8841	185 
8842	168 
8843	76 
8844	72 
8845	257 
8846	192 
8847	287 
8848	166 
8849	40 
8850	208 
8851	161 
8852	153 
8853	172 
8854	94 
8855	127 
8856	112 
8857	48 
8858	113 
8859	230 
8860	1 
8861	267 
8862	32 
8863	159 
8864	22 
8865	75 
8866	307 
8867	4 
8868	76 
8869	290 
8870	212 
8871	216 
8872	30 
8873	66 
8874	100 
8875	131 
8876	95 
8877	260 
8878	61 
8879	303 
8880	229 
8881	56 
8882	86 
8883	279 
8884	27 
8885	274 
8886	267 
8887	246 
8888	67 
8889	94 
8890	75 
8891	159 
8892	187 
8893	198 
8894	141 
8895	13 
8896	160 
8897	242 
8898	90 
8899	149 
8900	102 
8901	173 
8902	73 
8903	69 
8904	202 
8905	270 
8906	136 
8907	23 
8908	187 
8909	43 
8910	43 
8911	114 
8912	173 
8913	117 
8914	190 
8915	30 
8916	165 
8917	229 
8918	58 
8919	105 
8920	47 
8921	196 
8922	205 
8923	284 
8924	65 
8925	231 
8926	76 
8927	215 
8928	154 
8929	54 
8930	62 
8931	94 
8932	181 
8933	120 
8934	212 
8935	240 
8936	122 
8937	65 
8938	8 
8939	139 
8940	300 
8941	251 
8942	40 
8943	109 
8944	203 
8945	200 
8946	175 
8947	20 
8948	170 
8949	224 
8950	210 
8951	35 
8952	297 
8953	6 
8954	126 
8955	245 
8956	103 
8957	149 
8958	226 
8959	222 
8960	96 
8961	10 
8962	20 
8963	134 
8964	241 
8965	233 
8966	219 
8967	171 
8968	263 
8969	172 
8970	176 
8971	277 
8972	266 
8973	156 
8974	197 
8975	276 
8976	33 
8977	140 
8978	298 
8979	264 
8980	223 
8981	180 
8982	19 
8983	86 
8984	236 
8985	244 
8986	164 
8987	267 
8988	129 
8989	49 
8990	118 
8991	29 
8992	186 
8993	77 
8994	285 
8995	304 
8996	78 
8997	300 
8998	24 
8999	4 
9000	34 
9001	162 
9002	201 
9003	45 
9004	192 
9005	236 
9006	218 
9007	234 
9008	212 
9009	17 
9010	36 
9011	92 
9012	96 
9013	125 
9014	240 
9015	162 
9016	161 
9017	300 
9018	189 
9019	24 
9020	30 
9021	244 
9022	241 
9023	119 
9024	88 
9025	128 
9026	192 
9027	125 
9028	4 
9029	200 
9030	231 
9031	198 
9032	146 
9033	159 
9034	40 
9035	95 
9036	176 
9037	69 
9038	22 
9039	160 
9040	261 
9041	157 
9042	14 
9043	128 
9044	115 
9045	47 
9046	224 
9047	51 
9048	43 
9049	295 
9050	143 
9051	219 
9052	162 
9053	79 
9054	255 
9055	72 
9056	13 
9057	6 
9058	117 
9059	249 
9060	70 
9061	185 
9062	288 
9063	162 
9064	149 
9065	103 
9066	36 
9067	123 
9068	65 
9069	120 
9070	114 
9071	260 
9072	133 
9073	249 
9074	47 
9075	75 
9076	16 
9077	133 
9078	248 
9079	293 
9080	304 
9081	45 
9082	292 
9083	256 
9084	239 
9085	18 
9086	280 
9087	97 
9088	25 
9089	247 
9090	82 
9091	59 
9092	115 
9093	35 
9094	259 
9095	191 
9096	69 
9097	104 
9098	195 
9099	2 
9100	301 
9101	106 
9102	67 
9103	87 
9104	259 
9105	29 
9106	282 
9107	275 
9108	266 
9109	134 
9110	203 
9111	35 
9112	204 
9113	2 
9114	30 
9115	244 
9116	16 
9117	255 
9118	56 
9119	306 
9120	52 
9121	158 
9122	176 
9123	206 
9124	231 
9125	138 
9126	229 
9127	125 
9128	230 
9129	247 
9130	162 
9131	187 
9132	99 
9133	284 
9134	20 
9135	187 
9136	39 
9137	141 
9138	297 
9139	287 
9140	90 
9141	187 
9142	213 
9143	62 
9144	72 
9145	99 
9146	138 
9147	279 
9148	297 
9149	283 
9150	275 
9151	50 
9152	233 
9153	60 
9154	1 
9155	293 
9156	155 
9157	231 
9158	75 
9159	271 
9160	98 
9161	278 
9162	94 
9163	241 
9164	189 
9165	14 
9166	147 
9167	100 
9168	234 
9169	96 
9170	89 
9171	86 
9172	63 
9173	227 
9174	10 
9175	9 
9176	215 
9177	203 
9178	300 
9179	257 
9180	284 
9181	286 
9182	274 
9183	289 
9184	37 
9185	135 
9186	36 
9187	196 
9188	38 
9189	221 
9190	24 
9191	131 
9192	87 
9193	204 
9194	106 
9195	294 
9196	151 
9197	197 
9198	217 
9199	214 
9200	27 
9201	136 
9202	252 
9203	6 
9204	166 
9205	107 
9206	31 
9207	273 
9208	129 
9209	279 
9210	285 
9211	225 
9212	180 
9213	30 
9214	250 
9215	31 
9216	144 
9217	245 
9218	32 
9219	145 
9220	116 
9221	296 
9222	210 
9223	156 
9224	218 
9225	116 
9226	288 
9227	123 
9228	63 
9229	48 
9230	278 
9231	230 
9232	267 
9233	37 
9234	53 
9235	55 
9236	2 
9237	254 
9238	159 
9239	108 
9240	257 
9241	11 
9242	112 
9243	235 
9244	35 
9245	124 
9246	40 
9247	141 
9248	203 
9249	31 
9250	99 
9251	20 
9252	91 
9253	243 
9254	170 
9255	125 
9256	60 
9257	235 
9258	286 
9259	22 
9260	45 
9261	157 
9262	11 
9263	127 
9264	128 
9265	241 
9266	305 
9267	237 
9268	305 
9269	197 
9270	308 
9271	223 
9272	90 
9273	250 
9274	95 
9275	32 
9276	26 
9277	122 
9278	192 
9279	54 
9280	12 
9281	35 
9282	304 
9283	232 
9284	268 
9285	297 
9286	258 
9287	20 
9288	140 
9289	89 
9290	150 
9291	86 
9292	108 
9293	240 
9294	213 
9295	221 
9296	84 
9297	46 
9298	80 
9299	146 
9300	11 
9301	143 
9302	154 
9303	68 
9304	38 
9305	74 
9306	10 
9307	20 
9308	213 
9309	68 
9310	207 
9311	224 
9312	235 
9313	187 
9314	244 
9315	210 
9316	125 
9317	150 
9318	53 
9319	134 
9320	118 
9321	79 
9322	28 
9323	166 
9324	279 
9325	69 
9326	268 
9327	157 
9328	78 
9329	305 
9330	205 
9331	261 
9332	273 
9333	199 
9334	110 
9335	128 
9336	251 
9337	46 
9338	85 
9339	277 
9340	230 
9341	60 
9342	50 
9343	240 
9344	285 
9345	268 
9346	117 
9347	77 
9348	280 
9349	155 
9350	5 
9351	257 
9352	263 
9353	284 
9354	238 
9355	131 
9356	32 
9357	96 
9358	232 
9359	234 
9360	14 
9361	172 
9362	53 
9363	245 
9364	234 
9365	48 
9366	208 
9367	88 
9368	183 
9369	289 
9370	203 
9371	211 
9372	230 
9373	191 
9374	274 
9375	100 
9376	298 
9377	148 
9378	11 
9379	256 
9380	203 
9381	297 
9382	83 
9383	244 
9384	139 
9385	123 
9386	284 
9387	99 
9388	250 
9389	45 
9390	305 
9391	59 
9392	174 
9393	128 
9394	103 
9395	273 
9396	103 
9397	28 
9398	75 
9399	109 
9400	53 
9401	106 
9402	256 
9403	241 
9404	254 
9405	247 
9406	298 
9407	106 
9408	159 
9409	204 
9410	282 
9411	176 
9412	52 
9413	134 
9414	296 
9415	85 
9416	211 
9417	49 
9418	163 
9419	103 
9420	40 
9421	274 
9422	308 
9423	69 
9424	165 
9425	203 
9426	26 
9427	6 
9428	196 
9429	11 
9430	131 
9431	175 
9432	10 
9433	156 
9434	294 
9435	288 
9436	239 
9437	67 
9438	27 
9439	253 
9440	203 
9441	39 
9442	10 
9443	289 
9444	73 
9445	109 
9446	182 
9447	218 
9448	57 
9449	77 
9450	164 
9451	245 
9452	121 
9453	133 
9454	97 
9455	31 
9456	116 
9457	160 
9458	285 
9459	291 
9460	94 
9461	230 
9462	41 
9463	20 
9464	44 
9465	119 
9466	53 
9467	146 
9468	286 
9469	298 
9470	126 
9471	55 
9472	280 
9473	91 
9474	117 
9475	174 
9476	219 
9477	181 
9478	177 
9479	53 
9480	99 
9481	232 
9482	223 
9483	262 
9484	296 
9485	72 
9486	12 
9487	101 
9488	44 
9489	208 
9490	202 
9491	301 
9492	18 
9493	268 
9494	109 
9495	143 
9496	66 
9497	273 
9498	57 
9499	202 
9500	231 
9501	258 
9502	172 
9503	218 
9504	179 
9505	150 
9506	284 
9507	303 
9508	9 
9509	203 
9510	179 
9511	292 
9512	269 
9513	186 
9514	115 
9515	132 
9516	24 
9517	293 
9518	144 
9519	230 
9520	11 
9521	288 
9522	291 
9523	150 
9524	100 
9525	83 
9526	300 
9527	177 
9528	172 
9529	168 
9530	94 
9531	219 
9532	124 
9533	199 
9534	189 
9535	77 
9536	54 
9537	19 
9538	33 
9539	274 
9540	55 
9541	276 
9542	132 
9543	14 
9544	107 
9545	54 
9546	269 
9547	215 
9548	61 
9549	232 
9550	44 
9551	173 
9552	162 
9553	14 
9554	203 
9555	249 
9556	121 
9557	243 
9558	119 
9559	181 
9560	172 
9561	147 
9562	150 
9563	71 
9564	241 
9565	106 
9566	123 
9567	118 
9568	167 
9569	5 
9570	64 
9571	290 
9572	9 
9573	275 
9574	172 
9575	267 
9576	179 
9577	133 
9578	77 
9579	30 
9580	166 
9581	117 
9582	300 
9583	75 
9584	51 
9585	96 
9586	97 
9587	176 
9588	103 
9589	191 
9590	214 
9591	1 
9592	291 
9593	178 
9594	187 
9595	48 
9596	166 
9597	123 
9598	307 
9599	230 
9600	54 
9601	61 
9602	185 
9603	97 
9604	169 
9605	225 
9606	183 
9607	203 
9608	195 
9609	255 
9610	40 
9611	151 
9612	159 
9613	9 
9614	167 
9615	113 
9616	64 
9617	280 
9618	286 
9619	241 
9620	143 
9621	109 
9622	128 
9623	277 
9624	15 
9625	249 
9626	41 
9627	172 
9628	145 
9629	267 
9630	141 
9631	304 
9632	230 
9633	166 
9634	258 
9635	247 
9636	232 
9637	285 
9638	209 
9639	111 
9640	264 
9641	170 
9642	223 
9643	181 
9644	150 
9645	81 
9646	61 
9647	184 
9648	197 
9649	143 
9650	210 
9651	159 
9652	74 
9653	116 
9654	90 
9655	88 
9656	299 
9657	296 
9658	58 
9659	141 
9660	200 
9661	136 
9662	291 
9663	29 
9664	26 
9665	104 
9666	47 
9667	90 
9668	38 
9669	75 
9670	26 
9671	250 
9672	276 
9673	31 
9674	295 
9675	169 
9676	24 
9677	112 
9678	203 
9679	103 
9680	21 
9681	66 
9682	194 
9683	67 
9684	28 
9685	53 
9686	162 
9687	284 
9688	219 
9689	133 
9690	240 
9691	80 
9692	219 
9693	83 
9694	134 
9695	292 
9696	72 
9697	137 
9698	10 
9699	293 
9700	219 
9701	202 
9702	289 
9703	295 
9704	304 
9705	166 
9706	157 
9707	284 
9708	205 
9709	76 
9710	226 
9711	185 
9712	199 
9713	105 
9714	178 
9715	146 
9716	21 
9717	205 
9718	149 
9719	209 
9720	94 
9721	127 
9722	89 
9723	221 
9724	241 
9725	202 
9726	166 
9727	204 
9728	19 
9729	213 
9730	201 
9731	114 
9732	233 
9733	115 
9734	61 
9735	291 
9736	65 
9737	97 
9738	230 
9739	74 
9740	26 
9741	144 
9742	248 
9743	44 
9744	260 
9745	134 
9746	122 
9747	104 
9748	222 
9749	177 
9750	293 
9751	144 
9752	31 
9753	246 
9754	267 
9755	241 
9756	279 
9757	145 
9758	67 
9759	96 
9760	211 
9761	292 
9762	58 
9763	30 
9764	203 
9765	140 
9766	15 
9767	160 
9768	129 
9769	119 
9770	276 
9771	4 
9772	41 
9773	203 
9774	264 
9775	308 
9776	230 
9777	284 
9778	15 
9779	171 
9780	122 
9781	231 
9782	146 
9783	220 
9784	198 
9785	77 
9786	36 
9787	33 
9788	129 
9789	42 
9790	199 
9791	75 
9792	30 
9793	4 
9794	201 
9795	187 
9796	180 
9797	25 
9798	2 
9799	142 
9800	180 
9801	77 
9802	203 
9803	109 
9804	248 
9805	243 
9806	94 
9807	229 
9808	305 
9809	213 
9810	133 
9811	225 
9812	219 
9813	130 
9814	72 
9815	205 
9816	24 
9817	88 
9818	235 
9819	227 
9820	21 
9821	61 
9822	85 
9823	201 
9824	200 
9825	245 
9826	91 
9827	235 
9828	103 
9829	152 
9830	92 
9831	238 
9832	214 
9833	35 
9834	229 
9835	159 
9836	281 
9837	136 
9838	213 
9839	35 
9840	154 
9841	227 
9842	206 
9843	185 
9844	304 
9845	291 
9846	201 
9847	213 
9848	172 
9849	39 
9850	202 
9851	201 
9852	13 
9853	38 
9854	121 
9855	275 
9856	154 
9857	232 
9858	178 
9859	256 
9860	220 
9861	86 
9862	61 
9863	289 
9864	145 
9865	162 
9866	89 
9867	73 
9868	135 
9869	234 
9870	277 
9871	84 
9872	229 
9873	91 
9874	241 
9875	12 
9876	267 
9877	168 
9878	96 
9879	176 
9880	279 
9881	55 
9882	29 
9883	178 
9884	204 
9885	148 
9886	134 
9887	38 
9888	58 
9889	215 
9890	77 
9891	255 
9892	53 
9893	191 
9894	211 
9895	85 
9896	157 
9897	202 
9898	36 
9899	76 
9900	276 
9901	128 
9902	259 
9903	21 
9904	35 
9905	153 
9906	305 
9907	135 
9908	33 
9909	28 
9910	62 
9911	14 
9912	306 
9913	244 
9914	94 
9915	306 
9916	259 
9917	297 
9918	145 
9919	203 
9920	275 
9921	47 
9922	227 
9923	35 
9924	204 
9925	78 
9926	204 
9927	59 
9928	78 
9929	111 
9930	62 
9931	288 
9932	130 
9933	197 
9934	159 
9935	162 
9936	289 
9937	217 
9938	104 
9939	129 
9940	219 
9941	243 
9942	172 
9943	75 
9944	185 
9945	105 
9946	109 
9947	6 
9948	114 
9949	236 
9950	181 
9951	42 
9952	293 
9953	123 
9954	6 
9955	257 
9956	115 
9957	155 
9958	274 
9959	102 
9960	199 
9961	19 
9962	232 
9963	243 
9964	306 
9965	256 
9966	57 
9967	203 
9968	308 
9969	159 
9970	208 
9971	209 
9972	287 
9973	192 
9974	219 
9975	73 
9976	48 
9977	77 
9978	207 
9979	208 
9980	160 
9981	267 
9982	155 
9983	40 
9984	75 
9985	235 
9986	212 
9987	119 
9988	183 
9989	160 
9990	78 
9991	156 
9992	189 
9993	139 
9994	249 
9995	185 
9996	105 
9997	102 
9998	253 
9999	295 
10000	149 
