0.00029397460514	0.00144123712725	0.00144221303314
0.00029397460514	0.0113057704857	0.0113134259699
0.00029397460514	0.0159131933771	0.0159239686887
0.00029397460514	0.0193646644452	0.0193777768539
0.00029397460514	0.0357319726993	0.0357561679147
0.00029397460514	0.0833334236286	0.0833898512475
0.00029397460514	0.166554068385	0.166666847257
0.000293974605141	0.100044304161	0.10011204723
0.000293974605141	0.111036165903	0.111111351899
0.000293974605141	0.153456157139	0.153560067013
0.000293974605141	0.199953213864	0.200088608322
0.000293974605141	0.201993785415	0.202130561607
0.000293974605141	0.214391603893	0.214536775029
0.000293974605141	0.214536775029	0.214682044464
0.000293974605141	0.214682044464	0.214827412265
0.000293974605141	0.229095882947	0.229251010801
0.000293974605141	0.284889935874	0.285082843593
0.000293974605141	0.287992183879	0.288187192226
0.000293974605141	0.333333694514	0.33355940499
0.000293974605141	0.500338565347	0.500677359946
0.000293974605141	0.500677359946	0.501016383954
0.000293974605141	0.599047450122	0.599453083537
0.000293974605141	0.998647112891	0.999323327503
0.000293974605141	0.770583626879	0.771105412704
0.000293974605141	0.999323327503	1
0.000293974605141	0.373985615803	0.374238852942
0.000293974605141	0.400177216645	0.400448188921
0.000293974605141	0.433159045506	0.43345235079
0.000293974605141	0.5	0.500338565347
0.000293974605141	0.501016383954	0.501355637525
0.000293974605141	0.599453083537	0.599858991619
0.000293974605141	0.599858991619	0.600265174554
0.000293974605141	0.00138387532258	0.00138481238703
0.000293974605141	0.0016591366587	0.00166026011105
0.000293974605141	0.00231482233943	0.00231638977668
0.000293974605141	0.00250730212254	0.00250899989377
0.000293974605141	0.00251750600966	0.00251921069025
0.000293974605141	0.00416569646921	0.00416851719014
0.000293974605141	0.00642438219017	0.00642873233654
0.000293974605141	0.00841072168735	0.00841641684516
0.000293974605141	0.00957803426766	0.00958451984864
0.000293974605141	0.00969544907068	0.00970201415682
0.000293974605141	0.0113134259699	0.0113210866378
0.000293974605141	0.0158916646229	0.0159024253568
0.000293974605141	0.0159024253568	0.0159131933771
0.000293974605141	0.0211745711708	0.0211889091229
0.000293974605141	0.02408073834	0.024097044147
0.000293974605141	0.0301487539625	0.0301691686092
0.000293974605141	0.0502257256302	0.0502597350106
0.000293974605141	0.0832770341927	0.0833334236286
0.000293974605141	0.0880897022724	0.0881493505136
0.000293974605141	0.144191166309	0.144288802574
0.000293974605141	0.228940860064	0.229095882947
0.000293974605141	0.264447765	0.264626830699
0.000587949210281	0.00529364279271	0.0053008141959
0.000587949210281	0.0114598690978	0.0114753940104
0.000587949210281	0.012866170857	0.0128836009146
0.000587949210281	0.0128836009146	0.0129010545851
0.000587949210281	0.0230910335977	0.0231223154802
0.000587949210281	0.264089997028	0.264447765
0.000587949210281	0.671195378602	0.672104660332
0.000587949210281	0.373479655484	0.373985615803
0.000587949210281	0.672104660332	0.673015173885
0.000587949210281	0.143218430027	0.143412450883
0.000587949210281	0.201720510626	0.201993785415
0.000587949210281	0.00107508904699	0.00107654549151
0.000587949210281	0.0499544777559	0.0500221520806
0.000881923815422	0.00398368782417	0.00399178573693
0.000881923815422	0.142927890797	0.143218430027
0.000881923815422	0.197130998764	0.197531720332
0.000881923815422	0.429945757	0.430819736937
0.000881923815422	0.124830889111	0.125084641337
0.000881923815422	0.181874555222	0.182244263981
0.000881923815422	0.00230387993645	0.00230856318965
0.000881923815422	0.00265399765717	0.00265939261843
0.000881923815422	0.0076295850594	0.00764509423506
0.00117589842056	0.00107218206651	0.00107508904699
0.00117589842056	0.00142764358053	0.00143151431495
0.00117589842056	0.00200944892692	0.00201489709566
0.00117589842056	0.00230856318965	0.00231482233943
0.00117589842056	0.00629523767337	0.00631230579421
0.00117589842056	0.060297507925	0.0604609910539
0.00117589842056	0.285082843593	0.285855781594
0.00117589842056	0.045530236075	0.0456536810681
0.00117589842056	0.153041220297	0.153456157139
0.0014698730257	0.00120050036912	0.00120457035545
0.0014698730257	0.00250899989377	0.00251750600966
0.0014698730257	0.125084641337	0.125508708495
0.00176384763084	0.0500221520806	0.0502257256302
0.00176384763084	0.00120457035545	0.00120947255684
0.00176384763084	0.0015463535662	0.00155264671176
0.00176384763084	0.0041488121812	0.00416569646921
0.00176384763084	0.0053008141959	0.0053223867496
0.00176384763084	0.0103114471088	0.0103534112747
0.00176384763084	0.054957230941	0.0551808886229
0.00176384763084	0.0632661723673	0.0635236446819
0.00176384763084	0.0829394979751	0.0832770341927
0.00205782223598	0.49763644864	0.5
0.00205782223598	0.00445140524802	0.00447254743919
0.00235179684112	0.143412450883	0.144191166309
0.00235179684112	0.0452843465513	0.045530236075
0.00235179684112	0.0561226352376	0.0564273755971
0.00235179684112	0.430819736937	0.433159045506
0.00264577144627	0.00638536309725	0.00642438219017
0.00264577144627	0.222222703797	0.223580641975
0.00264577144627	0.421017797177	0.423590514234
0.00264577144627	0.0357561679147	0.035974663436
0.00293974605141	0.750507034813	0.755604461332
0.00293974605141	0.666667389029	0.671195378602
0.00293974605141	0.00143151431495	0.00144123712725
0.00323372065655	0.594603557501	0.599047450122
0.00323372065655	0.0120566804976	0.012146788592
0.00323372065655	0.285855781594	0.287992183879
0.00352769526169	0.00138481238703	0.00139610677577
0.00352769526169	0.0301691686092	0.0304152252747
0.00352769526169	0.200088608322	0.201720510626
0.00352769526169	0.374238852942	0.377291106898
0.00382166986683	0.0653113057661	0.0658885631004
0.00440961907711	0.0211889091229	0.0214051471333
0.00470359368225	0.0238213409443	0.02408073834
0.00499756828739	0.0625423206683	0.0632661723673
0.00499756828739	0.00631230579421	0.00638536309725
0.00499756828739	0.00958451984864	0.00969544907068
0.00529154289253	0.0113210866378	0.0114598690978
0.00529154289253	0.197531720332	0.199953213864
0.00558551749767	0.00458287531314	0.00464219691896
0.00646744131309	0.423590514234	0.429945757
0.00646744131309	0.00201489709566	0.00204512714039
0.00705539052337	0.0101452844453	0.0103114471088
0.00705539052337	0.0304152252747	0.0309133754123
0.00705539052337	0.202130561607	0.205441119598
0.00705539052337	0.625146240885	0.635385082884
0.00705539052337	0.560218876205	0.569394317378
0.00734936512852	0.0714639453986	0.0726835873857
0.00734936512852	0.0551808886229	0.0561226352376
0.00764333973366	0.035974663436	0.0366134016016
0.0079373143388	0.00193208596327	0.00196772208349
0.00852526354908	0.755604461332	0.770583626879
0.00852526354908	0.0143573140562	0.0146419346415
0.00911321275936	0.00196772208349	0.00200944892692
0.00970116196964	0.00139610677577	0.00142764358053
0.00999513657478	0.312573120443	0.319850301876
0.0102891111799	0.00764509423506	0.00782838099928
0.0102891111799	0.223580641975	0.228940860064
0.0105830857851	0.00447254743919	0.00458287531314
0.0108770603902	0.00782838099928	0.00802692147749
0.0114650096005	0.139204083467	0.142927890797
0.0114650096005	0.0188601423467	0.0193646644452
0.0120529588108	0.0635236446819	0.0653113057661
0.0123469334159	0.00126987855799	0.0013064991261
0.0129348826262	0.0231223154802	0.0238213409443
0.0129348826262	0.00155264671176	0.00159958576461
0.0135228318365	0.00107654549151	0.00111059373271
0.0138168064416	0.00187158535795	0.00193208596327
0.0138168064416	0.13484509972	0.139204083467
0.014698730257	0.214827412265	0.222222703797
0.014698730257	0.0604609910539	0.0625423206683
0.0158746286776	0.00159958576461	0.0016591366587
0.0158746286776	0.0053223867496	0.00552053360527
0.0164625778879	0.00204512714039	0.00212413879086
0.016756552493	0.00399178573693	0.0041488121812
0.0170505270982	0.300539182863	0.312573120443
0.0176384763084	0.600265174554	0.625146240885
0.0179324509136	0.319850301876	0.333333694514
0.0182264255187	0.288187192226	0.300539182863
0.0185204001239	0.205441119598	0.214391603893
0.018814374729	0.569394317378	0.594603557501
0.0191083493341	0.0726835873857	0.0759529599988
0.0194023239393	0.00970201415682	0.0101452844453
0.0202842477547	0.00802692147749	0.00841072168735
0.020872196965	0.635385082884	0.666667389029
0.0211661715701	0.00120947255684	0.00126987855799
0.0214601461753	0.0114753940104	0.0120566804976
0.0217541207804	0.10011204723	0.105254449294
0.0217541207804	0.400448188921	0.421017797177
0.0226360445958	0.00251921069025	0.00265399765717
0.022930019201	0.111111351899	0.117135477132
0.022930019201	0.33355940499	0.351643998455
0.0232239938061	0.105254449294	0.111036165903
0.0232239938061	0.00377625492275	0.00398368782417
0.0238119430164	0.25	0.264089997028
0.0238119430164	0.0833898512475	0.0880897022724
0.0243998922267	0.00166026011105	0.00175620830275
0.024987841437	0.0013064991261	0.00138387532258
0.024987841437	0.012146788592	0.012866170857
0.0255757906472	0.00265939261843	0.00282070877514
0.0255757906472	0.144288802574	0.153041220297
0.0255757906472	0.377291106898	0.400177216645
0.0261637398575	0.351643998455	0.373479655484
0.0264577144627	0.00841641684516	0.00894509487837
0.0276336128832	0.00175620830275	0.00187158535795
0.0276336128832	0.117135477132	0.124830889111
0.0282215620935	0.00282070877514	0.00301009229249
0.0285155366986	0.00416851719014	0.00445140524802
0.0288095113038	0.0564273755971	0.060297507925
0.0293974605141	0.0159239686887	0.0170391833229
0.0296914351192	0.00894509487837	0.00957803426766
0.0302793843295	0.00144221303314	0.0015463535662
0.0311613081449	0.125508708495	0.13484509972
0.0320432319603	0.00708692256055	0.0076295850594
0.0320432319603	0.264626830699	0.284889935874
0.0326311811706	0.00350291922799	0.00377625492275
0.0329251557757	0.0214051471333	0.0230910335977
0.0338070795912	0.00111059373271	0.00120050036912
0.0341010541963	0.182244263981	0.197130998764
0.0343950288015	0.00231638977668	0.00250730212254
0.0352769526169	0.00212413879086	0.00230387993645
0.0352769526169	0.0658885631004	0.0714639453986
0.0352769526169	0.153560067013	0.166554068385
0.035570927222	0.0146419346415	0.0158916646229
0.0364528510374	0.0277214866263	0.0301487539625
0.037628749458	0.229251010801	0.25
0.0379227240631	0.166666847257	0.181874555222
0.0382166986683	0.0759529599988	0.0829394979751
0.0382166986683	0.0103534112747	0.0113057704857
0.0385106732734	0.0193777768539	0.0211745711708
0.0388046478786	0.0502597350106	0.054957230941
0.0390986224837	0.0456536810681	0.0499544777559
0.0405684955094	0.0009765625	0.00107218206651
0.0423323431402	0.00642873233654	0.00708692256055
0.0440961907711	0.0170391833229	0.0188601423467
0.0464479876122	0.0129010545851	0.0143573140562
0.0473299114276	0.673015173885	0.750507034813
0.0482118352431	0.501355637525	0.560218876205
0.0549732511613	0.0881493505136	0.100044304161
0.0570310733973	0.00464219691896	0.00529364279271
0.0570310733973	0.00552053360527	0.00629523767337
0.0599708194487	0.43345235079	0.49763644864
0.0608527432641	0.024097044147	0.0277214866263
0.0629105655001	0.0309133754123	0.0357319726993
0.0658503115515	0.00301009229249	0.00350291922799
0.0923080260142	0.0366134016016	0.0452843465513
0.112298299164	0.771105412704	0.998647112891
