2	2233
2	8404
6	6042
6	8976
12	8749
12	9719
50	3825
50	9181
50	9258
50	9468
50	9636
54	8653
58	3454
58	9186
84	906
84	5109
84	8699
84	9813
84	9932
85	5540
112	1747
112	2164
112	5739
112	6669
112	8656
112	9392
130	978
130	5082
139	9067
139	9295
139	9723
162	7259
162	9701
162	9905
207	8616
207	8653
246	684
246	7832
246	8893
246	9784
277	9375
363	8984
365	1224
365	3968
366	6867
366	9795
370	9313
370	9389
395	1908
395	6949
395	8432
402	2777
424	5365
424	8668
424	9603
440	7106
440	8928
441	5772
441	8858
444	7739
444	9741
484	8836
484	9070
498	2730
498	9258
509	906
519	8471
538	9752
538	9918
547	8778
547	9668
547	9849
548	9165
548	9986
569	5113
569	8646
584	2843
584	8452
584	8815
588	3862
588	4263
588	6835
607	6427
607	9842
628	4841
628	9058
642	3542
642	8485
648	3175
648	3862
684	246
684	3825
684	6786
684	9842
714	3676
714	4666
714	7048
714	8051
714	8485
714	8657
714	9990
754	6250
767	9493
777	3033
777	5540
812	8778
819	9795
819	9874
846	7541
846	8903
846	9096
846	9507
862	6116
862	6978
862	8267
878	7499
878	9045
889	2777
889	3743
889	5200
889	9202
906	84
906	509
906	5514
978	130
978	5082
978	9058
978	9639
978	9929
987	2280
987	9885
993	8964
997	8559
997	9357
1057	8364
1057	9874
1136	9602
1136	9989
1176	2238
1176	6933
1176	8626
1176	9885
1193	1359
1193	5784
1193	9690
1210	6721
1224	365
1224	8235
1224	9720
1233	2899
1233	8434
1261	6038
1261	7048
1261	7382
1271	5113
1271	7167
1271	9062
1292	9989
1298	8793
1298	9867
1307	8893
1307	9784
1307	9815
1357	3185
1357	8173
1357	8621
1359	1193
1371	8310
1372	6949
1419	1908
1422	5660
1422	9640
1422	9769
1422	9987
1459	2899
1459	7167
1488	9131
1549	6547
1558	1718
1558	8404
1558	8563
1558	8606
1558	9496
1564	7417
1564	7663
1564	7749
1600	3411
1615	8577
1622	2370
1622	6047
1622	9313
1631	2777
1631	8608
1648	9037
1648	9096
1648	9423
1649	5433
1659	9354
1659	9357
1659	9759
1675	5792
1675	9631
1687	3092
1687	5425
1687	9610
1718	1558
1718	7123
1718	8612
1723	4709
1723	9747
1733	8120
1733	9407
1733	9781
1741	6821
1741	8059
1747	112
1747	3686
1760	2416
1760	5540
1766	5588
1766	9496
1779	7793
1801	2416
1801	7085
1811	9037
1811	9608
1831	5193
1831	9499
1831	9597
1871	5244
1871	6047
1871	6885
1871	8913
1877	8299
1877	9830
1895	5230
1895	6103
1895	7933
1895	8193
1895	8563
1895	8777
1908	395
1908	1419
1908	5209
1908	8296
1908	8656
1908	8922
1918	3857
1918	9348
1918	9472
1918	9617
1920	7424
1920	8501
1920	8621
1920	8687
1920	9784
1922	7933
1922	7978
1922	8577
1922	9407
1922	9803
1928	4348
1928	9849
1949	3429
1980	5792
1980	8832
2004	7424
2004	9631
2018	4686
2018	5660
2018	8368
2018	8720
2018	9465
2018	9987
2036	3175
2036	5507
2036	6180
2036	8777
2036	8793
2112	8424
2112	9564
2133	9496
2164	112
2164	2891
2164	6019
2164	9458
2164	9613
2164	9835
2164	9934
2164	9969
2177	2392
2177	9093
2187	7708
2187	8260
2187	8657
2233	2
2233	8606
2233	9602
2238	1176
2238	9885
2253	5669
2253	8708
2280	987
2280	8083
2297	9745
2314	9851
2334	8059
2334	9139
2334	9628
2353	5226
2353	8405
2370	1622
2370	8715
2389	2628
2389	7708
2389	8563
2389	9640
2392	2177
2392	6749
2416	1760
2416	1801
2416	3328
2416	5126
2416	5193
2416	9701
2432	3085
2432	8695
2437	6893
2437	8436
2437	9535
2437	9799
2483	6891
2483	9777
2510	7402
2510	8299
2510	9830
2510	9941
2517	9934
2517	9969
2545	6320
2545	9996
2548	8628
2558	5809
2558	8761
2558	9799
2572	8264
2572	9096
2572	9636
2578	7907
2578	9329
2598	5750
2598	9842
2601	8339
2601	9885
2601	9937
2608	8083
2608	8531
2608	8928
2608	9348
2608	9472
2628	2389
2628	7541
2628	8563
2628	8979
2639	4841
2639	8223
2639	9250
2639	9480
2658	7555
2679	9296
2679	9939
2690	5993
2690	8754
2704	7854
2710	6619
2710	9490
2710	9701
2710	9725
2710	9831
2717	7381
2717	8768
2730	498
2730	6645
2730	9964
2767	7802
2777	402
2777	889
2777	1631
2777	9641
2843	584
2843	3804
2843	8815
2850	6666
2850	9587
2888	6647
2888	7259
2889	7827
2891	2164
2899	1233
2899	1459
2899	9202
2926	3018
2926	9725
2926	9768
2926	9939
2933	7029
2933	8068
2933	8689
2933	8699
2933	9813
2945	6320
2945	9067
2966	8903
2966	9423
2967	7922
2967	9778
2981	5932
2986	6180
2986	9465
2986	9558
2994	9272
3015	9490
3018	2926
3018	6054
3018	8162
3018	9301
3018	9849
3033	777
3033	4066
3033	8576
3033	9752
3051	4724
3063	7055
3063	8260
3063	8657
3085	2432
3085	9100
3090	3825
3090	8935
3090	9690
3092	1687
3092	4113
3092	5402
3092	9465
3092	9861
3105	7780
3105	8090
3111	7431
3111	8974
3130	5792
3130	6565
3130	8832
3142	8612
3142	9786
3175	648
3175	2036
3175	7673
3185	1357
3185	4746
3186	3804
3201	4217
3201	6561
3201	6949
3201	9420
3231	9741
3263	6857
3263	8699
3263	9786
3263	9813
3288	7011
3288	9602
3328	2416
3328	6019
3328	7607
3328	8836
3383	8911
3389	5082
3389	9493
3396	9724
3411	1600
3421	5660
3421	9279
3429	1949
3429	5590
3440	7356
3440	8532
3447	5113
3447	9708
3447	9714
3454	58
3466	6949
3466	7497
3473	9313
3501	5796
3501	6768
3504	5792
3504	8330
3504	9604
3528	5489
3528	9807
3542	642
3542	8828
3542	9628
3542	9918
3544	7232
3544	9240
3559	9831
3590	8196
3604	8653
3604	8815
3604	9499
3629	5150
3629	6192
3629	7417
3629	7749
3629	9279
3634	4647
3634	6565
3634	7091
3634	8386
3634	9563
3634	9875
3676	714
3676	9723
3676	9941
3686	1747
3686	9709
3715	4275
3715	5082
3732	6167
3732	6925
3732	8559
3743	889
3754	8260
3754	8436
3754	9369
3757	8708
3757	9037
3757	9423
3783	8264
3783	9942
3797	6732
3797	7710
3797	8409
3804	2843
3804	3186
3804	8815
3809	6952
3809	7258
3815	9606
3815	9641
3820	5205
3820	7391
3820	8051
3820	8591
3820	8893
3825	50
3825	684
3825	3090
3828	6830
3828	7634
3828	8591
3857	1918
3862	588
3862	648
3892	4937
3892	9815
3893	5656
3921	8470
3921	9318
3921	9981
3957	9301
3965	8450
3965	9037
3965	9096
3965	9423
3968	365
3979	5353
3979	5685
3979	6860
3979	8935
4014	9973
4029	8405
4029	8585
4029	8591
4029	9067
4029	9597
4041	9575
4041	9720
4041	9777
4041	9981
4066	3033
4066	8971
4081	8173
4081	9769
4095	5365
4095	6104
4095	8994
4113	3092
4122	9165
4122	9781
4199	9563
4217	3201
4217	7115
4223	9791
4242	7969
4242	8904
4242	9499
4242	9725
4242	9897
4263	588
4263	5739
4263	6876
4275	3715
4275	6662
4275	7365
4275	7445
4287	9918
4288	8542
4314	8090
4318	5590
4318	7581
4318	9807
4318	9996
4330	5200
4347	7991
4347	9354
4347	9831
4348	1928
4354	5078
4371	9024
4384	5660
4384	8132
4396	9441
4396	9849
4407	8893
4407	9784
4456	5981
4456	8296
4456	8316
4456	9563
4465	7922
4465	8450
4465	9100
4465	9472
4465	9778
4492	6250
4492	8984
4492	9329
4568	5078
4568	6876
4568	7074
4568	9807
4588	7597
4588	7763
4588	9603
4594	8668
4594	9348
4607	7029
4607	8699
4607	9202
4607	9813
4647	3634
4651	5851
4652	6066
4652	6857
4652	8078
4652	9813
4660	7971
4660	9606
4661	4942
4661	8550
4661	9103
4661	9351
4663	6756
4663	8173
4663	8501
4663	9441
4663	9878
4666	714
4666	7728
4666	8646
4666	9639
4666	9929
4683	6902
4683	9755
4686	2018
4686	9558
4686	9835
4686	9934
4694	6338
4694	8911
4709	1723
4709	8264
4709	9018
4719	9996
4723	6103
4723	7576
4724	3051
4731	8903
4731	9380
4731	9777
4746	3185
4746	5193
4746	7123
4746	8591
4746	9227
4746	9385
4789	9357
4789	9878
4789	9974
4841	628
4841	2639
4841	5078
4841	6854
4848	4917
4848	6250
4848	8778
4859	5290
4861	9617
4875	8424
4875	8708
4875	9150
4890	7607
4890	8432
4901	6873
4901	9752
4912	6180
4912	8720
4912	9465
4912	9769
4912	9987
4917	4848
4917	5386
4917	7262
4917	7947
4917	8778
4917	9803
4918	9295
4934	8330
4937	3892
4942	4661
4942	6978
4942	7892
4942	9998
4946	6786
4970	7634
4970	8184
4970	8790
4970	8794
4970	9343
4970	9690
5078	4354
5078	4568
5078	4841
5078	7577
5078	8930
5078	9817
5078	9910
5078	9941
5082	130
5082	978
5082	3389
5082	3715
5082	5480
5082	5713
5082	6615
5082	8051
5082	8194
5082	8485
5082	9639
5082	9929
5096	9815
5103	7022
5103	8364
5109	84
5113	569
5113	1271
5113	3447
5113	6645
5113	7561
5113	7933
5113	9964
5120	5386
5120	6168
5120	7029
5126	2416
5150	3629
5150	6647
5193	1831
5193	2416
5193	4746
5193	5459
5193	5782
5193	6658
5193	8307
5193	8591
5193	9227
5200	889
5200	4330
5200	6867
5200	7860
5200	8434
5200	9202
5200	9720
5205	3820
5205	7337
5205	7391
5205	8194
5205	9929
5209	1908
5209	9607
5217	6116
5217	7423
5217	8217
5217	8394
5217	9575
5217	9788
5217	9918
5217	9939
5226	2353
5226	6038
5226	7920
5230	1895
5230	7729
5234	8576
5234	9557
5234	9941
5243	8836
5243	9369
5243	9702
5244	1871
5244	9714
5251	9851
5261	7947
5261	8977
5261	9226
5261	9847
5290	4859
5290	8695
5290	8919
5290	9465
5311	7661
5311	9490
5323	6111
5323	7499
5337	7644
5337	8531
5337	9086
5337	9348
5337	9472
5337	9617
5353	3979
5353	7055
5353	8603
5361	8863
5361	9033
5361	9612
5361	9934
5365	424
5365	4095
5386	4917
5386	5120
5386	8293
5386	9725
5401	5540
5402	3092
5402	6732
5420	7201
5420	9097
5425	1687
5425	7739
5433	1649
5433	9041
5455	7423
5455	8815
5455	8907
5459	5193
5459	8858
5459	9597
5468	8196
5468	8773
5468	9905
5471	7960
5471	8335
5471	8543
5480	5082
5480	7576
5480	7802
5480	9769
5480	9987
5489	3528
5489	6617
5489	8836
5489	9181
5489	9256
5489	9807
5507	2036
5514	906
5514	7029
5514	8068
5514	9857
5514	9932
5540	85
5540	777
5540	1760
5540	5401
5540	6547
5540	7907
5546	7920
5546	8913
5546	9357
5546	9608
5546	9725
5546	9759
5546	9878
5585	7026
5585	8542
5585	9830
5588	1766
5588	8828
5588	9628
5588	9918
5590	3429
5590	4318
5590	6427
5590	8258
5593	7055
5593	7201
5593	7893
5615	6019
5615	9835
5615	9857
5615	9934
5615	9969
5656	3893
5656	6645
5656	7337
5656	7391
5656	8194
5656	9639
5656	9929
5660	1422
5660	2018
5660	3421
5660	4384
5660	6180
5660	7385
5660	7576
5660	8258
5660	8339
5660	9023
5660	9619
5661	8768
5669	2253
5669	8608
5669	9641
5685	3979
5685	8368
5685	8563
5685	9640
5712	8452
5712	8911
5713	5082
5713	7522
5713	9604
5724	7417
5724	7663
5724	7749
5724	9097
5724	9788
5739	112
5739	4263
5739	7732
5750	2598
5750	6671
5750	9619
5750	9842
5768	9086
5768	9472
5768	9617
5772	441
5772	7201
5772	9747
5772	9989
5775	8793
5782	5193
5782	9791
5784	1193
5784	9258
5788	8626
5788	9093
5788	9799
5792	1675
5792	1980
5792	3130
5792	3504
5792	8832
5796	3501
5796	8006
5809	2558
5809	9799
5821	6653
5821	8022
5821	9875
5851	4651
5864	8813
5864	9641
5864	9974
5872	9857
5904	6904
5904	8793
5904	8886
5929	9024
5929	9817
5929	9939
5932	2981
5932	8261
5932	8532
5932	8744
5932	9040
5953	7814
5953	9631
5971	6116
5971	6163
5971	6266
5971	8268
5971	8542
5971	9619
5981	4456
5981	6725
5981	8386
5981	9563
5981	9932
5984	8369
5984	9946
5993	2690
6016	9859
6019	2164
6019	3328
6019	5615
6019	8659
6019	9835
6038	1261
6038	5226
6038	6082
6038	8994
6038	9438
6038	9813
6042	6
6042	7402
6042	8137
6044	7522
6044	9313
6044	9554
6047	1622
6047	1871
6047	9135
6047	9360
6047	9795
6054	3018
6065	7581
6065	8424
6065	8919
6065	9111
6065	9265
6066	4652
6066	8778
6066	9932
6078	8423
6082	6038
6082	7247
6099	7960
6099	9180
6099	9330
6099	9777
6103	1895
6103	4723
6104	4095
6104	8380
6104	9147
6111	5323
6111	8936
6112	6732
6112	9180
6112	9634
6112	9861
6116	862
6116	5217
6116	5971
6116	9265
6116	9439
6116	9564
6116	9874
6140	8083
6140	9086
6140	9348
6140	9472
6140	9617
6156	8424
6156	8768
6163	5971
6163	8268
6163	8964
6163	9724
6163	9874
6163	9977
6167	3732
6168	5120
6168	9579
6168	9763
6180	2036
6180	2986
6180	4912
6180	5660
6180	9465
6180	9769
6180	9987
6186	7417
6192	3629
6192	6360
6192	7423
6192	8524
6192	8764
6192	9768
6192	9788
6192	9939
6197	8006
6219	9813
6219	9932
6230	6755
6230	7644
6230	8261
6250	754
6250	4492
6250	4848
6250	9045
6266	5971
6266	6590
6266	9619
6266	9724
6266	9755
6295	8369
6295	9407
6320	2545
6320	2945
6320	6865
6321	6421
6321	6933
6321	8296
6321	8576
6333	7281
6338	4694
6338	8970
6339	8285
6339	9295
6339	9723
6360	6192
6360	9785
6366	8720
6416	6782
6416	7732
6416	8577
6416	8790
6421	6321
6427	607
6427	5590
6427	8770
6463	8715
6463	9490
6463	9589
6469	9784
6469	9885
6469	9987
6496	9103
6517	8173
6520	8368
6520	9042
6520	9165
6529	9180
6547	1549
6547	5540
6547	7600
6547	7634
6547	9917
6561	3201
6561	6949
6561	7115
6561	7942
6561	9311
6565	3130
6565	3634
6565	8316
6565	8386
6565	9563
6565	9876
6565	9905
6568	8022
6568	9385
6568	9875
6590	6266
6590	9265
6590	9564
6590	9755
6590	9874
6614	7551
6614	8832
6615	5082
6615	9964
6617	5489
6617	8913
6617	9037
6617	9807
6619	2710
6619	8668
6619	8749
6619	9719
6619	9799
6640	8384
6640	9265
6640	9564
6640	9619
6640	9755
6640	9874
6643	8964
6643	9564
6643	9619
6643	9724
6643	9755
6645	2730
6645	5113
6645	5656
6645	9964
6647	2888
6647	5150
6647	8758
6650	7947
6650	8778
6650	9062
6650	9621
6653	5821
6655	6935
6655	8793
6658	5193
6662	4275
6662	7033
6662	7066
6662	8254
6662	9932
6663	9784
6665	7106
6665	7125
6665	8223
6665	8552
6665	9480
6666	2850
6666	9693
6669	112
6671	5750
6713	6755
6713	9037
6713	9918
6721	1210
6721	7663
6721	8706
6725	5981
6732	3797
6732	5402
6732	6112
6744	7366
6744	8158
6744	8196
6744	9131
6744	9135
6744	9313
6744	9795
6749	2392
6749	8330
6755	6230
6755	6713
6756	4663
6756	7258
6756	8299
6756	8501
6756	9597
6768	3501
6768	9641
6782	6416
6782	8378
6786	684
6786	4946
6786	7576
6787	7534
6787	8543
6791	7423
6791	9799
6794	7382
6794	8485
6802	9366
6802	9970
6802	9979
6817	8532
6817	8858
6817	9724
6817	9803
6821	1741
6821	8744
6821	9973
6830	3828
6830	8628
6830	9745
6835	588
6835	9939
6854	4841
6854	9714
6857	3263
6857	4652
6857	8068
6857	8699
6857	8706
6860	3979
6860	8436
6860	9067
6860	9998
6865	6320
6865	8553
6865	8668
6865	8754
6867	366
6867	5200
6867	7860
6867	8434
6867	8984
6867	9791
6873	4901
6873	9639
6876	4263
6876	4568
6876	8330
6876	9438
6876	9480
6876	9604
6876	9874
6885	1871
6885	8913
6891	2483
6891	8215
6891	9867
6893	2437
6893	8267
6893	9465
6893	9799
6902	4683
6902	8527
6902	8970
6902	9934
6904	5904
6904	7318
6904	9018
6908	8051
6908	9575
6914	9272
6914	9903
6925	3732
6925	8378
6925	9256
6933	1176
6933	6321
6933	9042
6935	6655
6935	7634
6935	8794
6935	9343
6935	9690
6947	8744
6947	9449
6947	9977
6949	395
6949	1372
6949	3201
6949	3466
6949	6561
6949	7115
6949	7942
6949	8770
6949	8883
6952	3809
6952	7424
6952	8173
6952	8501
6952	8621
6958	8764
6958	9037
6965	8563
6965	9040
6965	9974
6970	7185
6970	8919
6970	8977
6970	9996
6978	862
6978	4942
6978	8764
6978	9439
6978	9588
6978	9998
7002	8708
7002	9226
7011	3288
7022	5103
7022	8883
7022	9369
7024	8187
7024	9139
7024	9375
7024	9875
7026	5585
7026	8299
7026	8542
7026	8612
7026	9830
7026	9946
7029	2933
7029	4607
7029	5120
7029	5514
7029	9024
7029	9932
7033	6662
7033	8119
7033	9226
7033	9311
7048	714
7048	1261
7048	9964
7055	3063
7055	5353
7055	5593
7055	9093
7055	9111
7066	6662
7066	8380
7070	9934
7070	9986
7074	4568
7074	9807
7085	1801
7085	7947
7085	9360
7085	9815
7091	3634
7091	8386
7091	9389
7091	9563
7106	440
7106	6665
7106	8223
7106	8552
7114	8689
7114	8764
7114	9668
7115	4217
7115	6561
7115	6949
7115	8659
7115	9859
7118	8758
7118	8773
7123	1718
7123	4746
7123	8585
7125	6665
7125	7581
7125	8552
7125	8715
7125	9250
7125	9480
7150	7922
7150	8346
7150	9817
7167	1271
7167	1459
7167	8503
7167	9741
7179	8022
7179	8316
7179	8386
7179	9563
7185	6970
7192	8720
7201	5420
7201	5593
7201	5772
7201	8815
7232	3544
7232	8132
7232	8736
7232	9564
7247	6082
7247	8380
7258	3809
7258	6756
7258	8501
7258	9919
7259	162
7259	2888
7259	9723
7259	9905
7262	4917
7262	8527
7281	6333
7281	7802
7318	6904
7318	7402
7318	9752
7337	5205
7337	5656
7337	8194
7337	8424
7337	9639
7337	9903
7337	9929
7356	3440
7356	7950
7356	8603
7356	9365
7365	4275
7366	6744
7381	2717
7381	8187
7381	8576
7382	1261
7382	6794
7382	8904
7382	9250
7382	9554
7382	9607
7382	9919
7385	5660
7385	7802
7385	8720
7385	9465
7385	9987
7391	3820
7391	5205
7391	5656
7391	8485
7391	9290
7391	9636
7391	9639
7402	2510
7402	6042
7402	7318
7402	8006
7402	8928
7402	9295
7402	9597
7417	1564
7417	3629
7417	5724
7417	6186
7417	7749
7417	9116
7417	9634
7417	9996
7423	5217
7423	5455
7423	6192
7423	6791
7423	8217
7423	9768
7423	9939
7424	1920
7424	2004
7424	6952
7424	8501
7424	8621
7431	3111
7445	4275
7445	7497
7445	8612
7497	3466
7497	7445
7499	878
7499	5323
7522	5713
7522	6044
7522	8330
7522	9604
7522	9778
7534	6787
7534	9631
7541	846
7541	2628
7541	9499
7551	6614
7551	8606
7551	9597
7553	8299
7553	9973
7555	2658
7555	8743
7555	8971
7555	9265
7561	5113
7561	7933
7561	9964
7576	4723
7576	5480
7576	5660
7576	6786
7576	7802
7576	8720
7576	9465
7576	9558
7576	9769
7577	5078
7577	9606
7577	9831
7577	9910
7581	4318
7581	6065
7581	7125
7581	8035
7581	9996
7592	9575
7597	4588
7597	9937
7600	6547
7600	7907
7600	9033
7600	9480
7600	9917
7607	3328
7607	4890
7607	8660
7623	9628
7634	3828
7634	4970
7634	6547
7634	6935
7634	7814
7634	8184
7634	8935
7634	9343
7634	9589
7634	9690
7641	9040
7641	9360
7644	5337
7644	6230
7644	8083
7644	8531
7644	8543
7644	9086
7644	9348
7644	9472
7644	9617
7661	5311
7661	9628
7661	9851
7663	1564
7663	5724
7663	6721
7663	7749
7663	7814
7673	3175
7673	7804
7673	8380
7673	8404
7673	9813
7708	2187
7708	2389
7708	8563
7708	8979
7708	9640
7710	3797
7710	8531
7710	9634
7710	9851
7710	9981
7728	4666
7728	9369
7729	5230
7729	8193
7732	5739
7732	6416
7732	8261
7732	9067
7739	444
7739	5425
7739	9093
7739	9111
7749	1564
7749	3629
7749	5724
7749	7417
7749	7663
7749	8223
7763	4588
7763	8813
7763	9603
7763	9878
7763	9917
7780	3105
7780	9360
7793	1779
7802	2767
7802	5480
7802	7281
7802	7385
7802	7576
7802	9023
7802	9150
7802	9209
7802	9558
7802	9579
7802	9769
7802	9987
7804	7673
7804	8907
7814	5953
7814	7634
7814	7663
7814	9535
7814	9903
7827	2889
7827	8404
7827	8606
7827	8984
7827	9496
7832	246
7832	8035
7853	8761
7853	9449
7854	2704
7854	9587
7854	9618
7860	5200
7860	6867
7860	8434
7860	9458
7890	8335
7890	9507
7892	4942
7892	8720
7892	8764
7892	9439
7892	9998
7893	5593
7893	8137
7893	8898
7894	9867
7894	9918
7907	2578
7907	5540
7907	7600
7907	8083
7907	9668
7907	9917
7920	5226
7920	5546
7920	8335
7922	2967
7922	4465
7922	7150
7922	9778
7933	1895
7933	1922
7933	5113
7933	7561
7933	8527
7933	8976
7942	6561
7942	6949
7947	4917
7947	5261
7947	6650
7947	7085
7947	9045
7947	9348
7947	9392
7949	8035
7949	9096
7950	7356
7950	8384
7950	8687
7950	9365
7950	9468
7960	5471
7960	6099
7960	8964
7960	9202
7960	9777
7969	4242
7969	8223
7969	9510
7971	4660
7971	9634
7971	9778
7978	1922
7978	9096
7979	9103
7979	9942
7979	9989
7991	4347
7991	9354
7991	9831
7995	8503
7995	8994
7995	9458
8006	5796
8006	6197
8006	7402
8006	9604
8006	9610
8006	9724
8022	5821
8022	6568
8022	7179
8022	8768
8022	8883
8022	9613
8022	9875
8022	9941
8027	9807
8035	7581
8035	7832
8035	7949
8035	9365
8035	9813
8047	9150
8051	714
8051	3820
8051	5082
8051	6908
8051	8194
8051	8485
8051	9100
8051	9639
8051	9929
8059	1741
8059	2334
8059	9631
8068	2933
8068	5514
8068	6857
8068	8699
8068	9725
8068	9813
8068	9932
8078	4652
8078	8585
8078	9165
8078	9360
8083	2280
8083	2608
8083	6140
8083	7644
8083	7907
8083	8531
8083	9086
8083	9348
8083	9472
8083	9617
8083	9996
8090	3105
8090	4314
8100	8720
8100	9613
8119	7033
8119	9041
8120	1733
8120	9468
8120	9781
8125	9240
8125	9351
8125	9785
8132	4384
8132	7232
8132	8409
8132	9438
8132	9607
8137	6042
8137	7893
8137	9139
8137	9272
8158	6744
8158	8187
8158	9131
8158	9165
8158	9795
8162	3018
8162	9301
8162	9563
8173	1357
8173	4081
8173	4663
8173	6517
8173	6952
8173	8501
8173	8621
8173	8732
8173	9725
8173	9741
8184	4970
8184	7634
8187	7024
8187	7381
8187	8158
8187	8467
8193	1895
8193	7729
8194	5082
8194	5205
8194	5656
8194	7337
8194	8051
8194	8732
8194	9392
8194	9490
8194	9929
8196	3590
8196	5468
8196	6744
8196	8532
8215	6891
8215	9578
8215	9939
8217	5217
8217	7423
8217	8394
8217	9768
8217	9788
8217	9939
8223	2639
8223	6665
8223	7106
8223	7749
8223	7969
8223	8552
8223	9250
8223	9480
8223	9606
8235	1224
8235	9111
8254	6662
8258	5590
8258	5660
8258	8936
8260	2187
8260	3063
8260	3754
8260	8657
8260	8794
8260	9807
8261	5932
8261	6230
8261	7732
8261	8790
8261	9313
8261	9942
8264	2572
8264	3783
8264	4709
8264	9330
8264	9942
8267	862
8267	6893
8268	5971
8268	6163
8268	8964
8268	9564
8268	9724
8268	9874
8285	6339
8285	9925
8293	5386
8293	9813
8296	1908
8296	4456
8296	6321
8296	9278
8296	9973
8299	1877
8299	2510
8299	6756
8299	7026
8299	7553
8299	9830
8307	5193
8307	8777
8307	9067
8307	9227
8307	9597
8310	1371
8310	8971
8316	4456
8316	6565
8316	7179
8316	9563
8319	8883
8319	9209
8330	3504
8330	4934
8330	6749
8330	6876
8330	7522
8330	8979
8330	9604
8330	9925
8335	5471
8335	7890
8335	7920
8335	9507
8339	2601
8339	5660
8339	9086
8339	9867
8339	9937
8346	7150
8346	9147
8346	9636
8364	1057
8364	5103
8364	8656
8364	8979
8364	9640
8368	2018
8368	5685
8368	6520
8368	8405
8368	9042
8369	5984
8369	6295
8378	6782
8378	6925
8378	8552
8378	9103
8378	9256
8380	6104
8380	7066
8380	7247
8380	7673
8380	9867
8380	9932
8384	6640
8384	7950
8384	8819
8384	8964
8384	9265
8384	9564
8384	9619
8384	9723
8384	9724
8384	9755
8384	9874
8386	3634
8386	5981
8386	6565
8386	7091
8386	7179
8386	9563
8394	5217
8394	8217
8394	9147
8394	9278
8394	9768
8394	9788
8394	9939
8404	2
8404	1558
8404	7673
8404	7827
8404	8606
8404	9496
8404	9741
8405	2353
8405	4029
8405	8368
8405	9709
8405	9932
8409	3797
8409	8132
8409	8423
8409	9407
8423	6078
8423	8409
8423	8736
8424	2112
8424	4875
8424	6065
8424	6156
8424	7337
8424	9603
8432	395
8432	4890
8432	8660
8434	1233
8434	5200
8434	6867
8434	7860
8434	9202
8436	2437
8436	3754
8436	6860
8436	9768
8450	3965
8450	4465
8450	8970
8452	584
8452	5712
8452	9180
8452	9209
8467	8187
8467	8777
8467	9535
8467	9578
8470	3921
8470	8979
8470	9989
8471	519
8485	642
8485	714
8485	5082
8485	6794
8485	7391
8485	8051
8485	9439
8485	9579
8485	9639
8485	9929
8501	1920
8501	4663
8501	6756
8501	6952
8501	7258
8501	7424
8501	8173
8501	8907
8501	9354
8503	7167
8503	7995
8503	9589
8503	9741
8524	6192
8524	8911
8524	9690
8527	6902
8527	7262
8527	7933
8527	9504
8531	2608
8531	5337
8531	7644
8531	7710
8531	8083
8531	8585
8531	9086
8531	9348
8531	9472
8531	9617
8531	9668
8531	9817
8532	3440
8532	5932
8532	6817
8532	8196
8532	8977
8542	4288
8542	5585
8542	5971
8542	7026
8542	9830
8542	9998
8543	5471
8543	6787
8543	7644
8550	4661
8550	9602
8550	9851
8552	6665
8552	7106
8552	7125
8552	8223
8552	8378
8552	9250
8552	9329
8552	9480
8553	6865
8553	9634
8559	997
8559	3732
8563	1558
8563	1895
8563	2389
8563	2628
8563	5685
8563	6965
8563	7708
8563	8616
8563	9042
8563	9640
8563	9803
8576	3033
8576	5234
8576	6321
8576	7381
8576	9023
8576	9819
8577	1615
8577	1922
8577	6416
8577	9227
8577	9301
8577	9490
8585	4029
8585	7123
8585	8078
8585	8531
8585	8740
8585	9514
8585	9973
8591	3820
8591	3828
8591	4029
8591	4746
8591	5193
8591	9067
8591	9385
8591	9851
8603	5353
8603	7356
8603	9296
8603	9981
8606	1558
8606	2233
8606	7551
8606	7827
8606	8404
8606	9496
8606	9939
8608	1631
8608	5669
8608	9023
8608	9641
8612	1718
8612	3142
8612	7026
8612	7445
8612	9392
8616	207
8616	8563
8616	9150
8616	9290
8616	9981
8621	1357
8621	1920
8621	6952
8621	7424
8621	8173
8621	9875
8621	9970
8626	1176
8626	5788
8626	9392
8628	2548
8628	6830
8628	8979
8628	9510
8646	569
8646	4666
8646	9613
8653	54
8653	207
8653	3604
8653	8904
8653	9490
8653	9701
8653	9725
8653	9897
8656	112
8656	1908
8656	8364
8656	8984
8656	9557
8656	9702
8657	714
8657	2187
8657	3063
8657	8260
8657	9226
8657	9389
8659	6019
8659	7115
8659	8863
8659	9612
8659	9835
8659	9842
8659	9934
8660	7607
8660	8432
8660	9977
8668	424
8668	4594
8668	6619
8668	6865
8668	8749
8668	9535
8668	9719
8687	1920
8687	7950
8687	9045
8689	2933
8689	7114
8689	8706
8689	9668
8695	2432
8695	5290
8695	9365
8695	9468
8699	84
8699	2933
8699	3263
8699	4607
8699	6857
8699	8068
8699	9795
8699	9932
8699	9942
8699	9996
8706	6721
8706	6857
8706	8689
8708	2253
8708	3757
8708	4875
8708	7002
8708	9062
8708	9226
8708	9777
8708	9817
8708	9931
8715	2370
8715	6463
8715	7125
8715	9589
8716	9116
8716	9504
8716	9510
8720	2018
8720	4912
8720	6366
8720	7192
8720	7385
8720	7576
8720	7892
8720	8100
8720	9023
8720	9209
8720	9465
8720	9769
8720	9987
8732	8173
8732	8194
8736	7232
8736	8423
8736	9147
8736	9407
8740	8585
8740	9037
8743	7555
8744	5932
8744	6821
8744	6947
8744	9365
8744	9835
8749	12
8749	6619
8749	8668
8749	8974
8749	9719
8754	2690
8754	6865
8758	6647
8758	7118
8758	9693
8761	2558
8761	7853
8761	9100
8764	6192
8764	6958
8764	6978
8764	7114
8764	7892
8764	9439
8764	9998
8768	2717
8768	5661
8768	6156
8768	8022
8768	9942
8770	6427
8770	6949
8770	9668
8773	5468
8773	7118
8777	1895
8777	2036
8777	8307
8777	8467
8778	547
8778	812
8778	4848
8778	4917
8778	6066
8778	6650
8778	9045
8778	9693
8778	9946
8790	4970
8790	6416
8790	8261
8793	1298
8793	2036
8793	5775
8793	5904
8793	6655
8794	4970
8794	6935
8794	8260
8794	8935
8794	9343
8794	9690
8794	9819
8813	5864
8813	7763
8813	8922
8813	9603
8815	584
8815	2843
8815	3604
8815	3804
8815	5455
8815	7201
8815	9847
8819	8384
8819	8828
8819	8954
8821	8919
8821	9441
8821	9849
8821	9874
8828	3542
8828	5588
8828	8819
8828	9628
8828	9918
8832	1980
8832	3130
8832	5792
8832	6614
8836	484
8836	3328
8836	5243
8836	5489
8836	9628
8841	9602
8841	9807
8841	9931
8841	9939
8858	441
8858	5459
8858	6817
8863	5361
8863	8659
8863	9033
8863	9226
8863	9612
8863	9835
8863	9969
8883	6949
8883	7022
8883	8022
8883	8319
8883	9062
8883	9209
8886	5904
8886	9493
8886	9763
8886	9876
8886	9981
8893	246
8893	1307
8893	3820
8893	4407
8893	8935
8893	9784
8898	7893
8898	9272
8903	846
8903	2966
8903	4731
8903	9037
8903	9096
8903	9423
8903	9588
8903	9815
8904	4242
8904	7382
8904	8653
8904	9490
8904	9499
8904	9701
8904	9725
8904	9897
8907	5455
8907	7804
8907	8501
8907	9875
8911	3383
8911	4694
8911	5712
8911	8524
8911	8935
8911	9070
8913	1871
8913	5546
8913	6617
8913	6885
8913	9058
8913	9799
8919	5290
8919	6065
8919	6970
8919	8821
8919	9996
8922	1908
8922	8813
8922	9330
8922	9708
8922	9815
8928	440
8928	2608
8928	7402
8930	5078
8930	9150
8930	9815
8930	9910
8935	3090
8935	3979
8935	7634
8935	8794
8935	8893
8935	8911
8935	9343
8935	9690
8936	6111
8936	8258
8954	8819
8954	9932
8964	993
8964	6163
8964	6643
8964	7960
8964	8268
8964	8384
8964	9023
8964	9265
8964	9564
8964	9619
8964	9755
8970	6338
8970	6902
8970	8450
8970	9076
8970	9587
8971	4066
8971	7555
8971	8310
8971	9788
8971	9987
8974	3111
8974	8749
8974	9330
8976	6
8976	7933
8976	9857
8977	5261
8977	6970
8977	8532
8977	9116
8977	9258
8979	2628
8979	7708
8979	8330
8979	8364
8979	8470
8979	8628
8979	9640
8984	363
8984	4492
8984	6867
8984	7827
8984	8656
8984	9496
8984	9602
8984	9970
8994	4095
8994	6038
8994	7995
8994	9265
8994	9458
8994	9910
9018	4709
9018	6904
9023	5660
9023	7802
9023	8576
9023	8608
9023	8720
9023	8964
9023	9465
9023	9558
9023	9769
9023	9987
9024	4371
9024	5929
9024	7029
9024	9407
9024	9788
9024	9817
9024	9929
9033	5361
9033	7600
9033	8863
9033	9612
9033	9835
9033	9934
9033	9969
9037	1648
9037	1811
9037	3757
9037	3965
9037	6617
9037	6713
9037	6958
9037	8740
9037	8903
9037	9096
9037	9423
9037	9937
9040	5932
9040	6965
9040	7641
9040	9392
9041	5433
9041	8119
9042	6520
9042	6933
9042	8368
9042	8563
9042	9360
9045	878
9045	6250
9045	7947
9045	8687
9045	8778
9045	9272
9045	9867
9045	9970
9058	628
9058	978
9058	8913
9062	1271
9062	6650
9062	8708
9062	8883
9062	9226
9062	9799
9062	9931
9067	139
9067	2945
9067	4029
9067	6860
9067	7732
9067	8307
9067	8591
9067	9227
9067	9777
9067	9876
9070	484
9070	8911
9070	9987
9076	8970
9076	9116
9076	9597
9076	9719
9086	5337
9086	5768
9086	6140
9086	7644
9086	8083
9086	8339
9086	8531
9086	9348
9086	9472
9086	9617
9086	9778
9093	2177
9093	5788
9093	7055
9093	7739
9093	9279
9093	9874
9096	846
9096	1648
9096	2572
9096	3965
9096	7949
9096	7978
9096	8903
9096	9037
9096	9423
9096	9803
9097	5420
9097	5724
9097	9747
9097	9903
9100	3085
9100	4465
9100	8051
9100	8761
9100	9139
9103	4661
9103	6496
9103	7979
9103	8378
9111	6065
9111	7055
9111	7739
9111	8235
9111	9831
9116	7417
9116	8716
9116	8977
9116	9076
9131	1488
9131	6744
9131	8158
9131	9135
9131	9295
9131	9752
9135	6047
9135	6744
9135	9131
9135	9313
9135	9496
9135	9795
9135	9878
9135	9885
9139	2334
9139	7024
9139	8137
9139	9100
9139	9375
9139	9472
9147	6104
9147	8346
9147	8394
9147	8736
9147	9603
9150	4875
9150	7802
9150	8047
9150	8616
9150	8930
9150	9588
9150	9807
9165	548
9165	4122
9165	6520
9165	8078
9165	8158
9165	9360
9165	9589
9180	6099
9180	6112
9180	6529
9180	8452
9180	9777
9181	50
9181	5489
9181	9258
9181	9468
9181	9618
9186	58
9186	9786
9202	889
9202	2899
9202	4607
9202	5200
9202	7960
9202	8434
9209	7802
9209	8319
9209	8452
9209	8720
9209	8883
9209	9634
9209	9719
9226	5261
9226	7002
9226	7033
9226	8657
9226	8708
9226	8863
9226	9062
9226	9931
9227	4746
9227	5193
9227	8307
9227	8577
9227	9067
9227	9385
9240	3544
9240	8125
9240	9351
9240	9934
9250	2639
9250	7125
9250	7382
9250	8223
9250	8552
9250	9480
9250	9778
9250	9817
9256	5489
9256	6925
9256	8378
9258	50
9258	498
9258	5784
9258	8977
9258	9181
9258	9468
9258	9618
9265	6065
9265	6116
9265	6590
9265	6640
9265	7555
9265	8384
9265	8964
9265	8994
9265	9564
9265	9619
9265	9636
9265	9874
9272	2994
9272	6914
9272	8137
9272	8898
9272	9045
9278	8296
9278	8394
9278	9510
9278	9973
9279	3421
9279	3629
9279	9093
9279	9795
9290	7391
9290	8616
9295	139
9295	4918
9295	6339
9295	7402
9295	9131
9295	9723
9296	2679
9296	8603
9301	3018
9301	3957
9301	8162
9301	8577
9301	9634
9311	6561
9311	7033
9313	370
9313	1622
9313	3473
9313	6044
9313	6744
9313	8261
9313	9135
9313	9795
9318	3921
9329	2578
9329	4492
9329	8552
9329	9714
9330	6099
9330	8264
9330	8922
9330	8974
9330	9708
9330	9815
9343	4970
9343	6935
9343	7634
9343	8794
9343	8935
9343	9690
9343	9897
9348	1918
9348	2608
9348	4594
9348	5337
9348	6140
9348	7644
9348	7947
9348	8083
9348	8531
9348	9086
9348	9472
9348	9617
9348	9668
9351	4661
9351	8125
9351	9240
9354	1659
9354	4347
9354	7991
9354	8501
9354	9831
9354	9929
9357	997
9357	1659
9357	4789
9357	5546
9357	9619
9357	9759
9357	9878
9360	6047
9360	7085
9360	7641
9360	7780
9360	8078
9360	9042
9360	9165
9365	7356
9365	7950
9365	8035
9365	8695
9365	8744
9365	9752
9365	9777
9365	9905
9366	6802
9366	9970
9366	9979
9369	3754
9369	5243
9369	7022
9369	7728
9369	9702
9375	277
9375	7024
9375	9139
9375	9558
9375	9942
9380	4731
9380	9607
9380	9919
9385	4746
9385	6568
9385	8591
9385	9227
9385	9597
9385	9708
9385	9939
9389	370
9389	7091
9389	8657
9389	9578
9389	9835
9392	112
9392	7947
9392	8194
9392	8612
9392	8626
9392	9040
9407	1733
9407	1922
9407	6295
9407	8409
9407	8736
9407	9024
9407	9724
9420	3201
9420	9610
9423	1648
9423	2966
9423	3757
9423	3965
9423	8903
9423	9037
9423	9096
9438	6038
9438	6876
9438	8132
9438	9490
9438	9937
9439	6116
9439	6978
9439	7892
9439	8485
9439	8764
9439	9939
9439	9998
9441	4396
9441	4663
9441	8821
9441	9693
9441	9849
9441	9859
9449	6947
9449	7853
9449	9535
9449	9578
9449	9785
9449	9977
9458	2164
9458	7860
9458	7995
9458	8994
9465	2018
9465	2986
9465	3092
9465	4912
9465	5290
9465	6180
9465	6893
9465	7385
9465	7576
9465	8720
9465	9023
9465	9558
9465	9769
9465	9987
9468	50
9468	7950
9468	8120
9468	8695
9468	9181
9468	9258
9468	9578
9468	9618
9472	1918
9472	2608
9472	4465
9472	5337
9472	5768
9472	6140
9472	7644
9472	8083
9472	8531
9472	9086
9472	9139
9472	9348
9472	9617
9472	9786
9472	9942
9480	2639
9480	6665
9480	6876
9480	7125
9480	7600
9480	8223
9480	8552
9480	9250
9480	9535
9480	9608
9480	9918
9490	2710
9490	3015
9490	5311
9490	6463
9490	8194
9490	8577
9490	8653
9490	8904
9490	9438
9490	9499
9490	9701
9490	9725
9490	9897
9490	9925
9493	767
9493	3389
9493	8886
9493	9969
9496	1558
9496	1766
9496	2133
9496	7827
9496	8404
9496	8606
9496	8984
9496	9135
9499	1831
9499	3604
9499	4242
9499	7541
9499	8904
9499	9490
9499	9701
9499	9725
9499	9897
9504	8527
9504	8716
9504	9510
9507	846
9507	7890
9507	8335
9510	7969
9510	8628
9510	8716
9510	9278
9510	9504
9514	8585
9514	9813
9535	2437
9535	7814
9535	8467
9535	8668
9535	9449
9535	9480
9535	9578
9535	9785
9535	9817
9535	9903
9535	9977
9549	9636
9549	9815
9549	9857
9549	9934
9554	6044
9554	7382
9554	9607
9557	5234
9557	8656
9557	9799
9557	9941
9558	2986
9558	4686
9558	7576
9558	7802
9558	9023
9558	9375
9558	9465
9558	9769
9558	9857
9558	9987
9563	3634
9563	4199
9563	4456
9563	5981
9563	6565
9563	7091
9563	7179
9563	8162
9563	8316
9563	8386
9563	9857
9564	2112
9564	6116
9564	6590
9564	6640
9564	6643
9564	7232
9564	8268
9564	8384
9564	8964
9564	9265
9564	9619
9564	9724
9564	9755
9575	4041
9575	5217
9575	6908
9575	7592
9575	9597
9575	9876
9575	9981
9578	8215
9578	8467
9578	9389
9578	9449
9578	9468
9578	9535
9578	9785
9578	9977
9579	6168
9579	7802
9579	8485
9579	9763
9579	9931
9587	2850
9587	7854
9587	8970
9588	6978
9588	8903
9588	9150
9589	6463
9589	7634
9589	8503
9589	8715
9589	9165
9589	9610
9597	1831
9597	4029
9597	5459
9597	6756
9597	7402
9597	7551
9597	8307
9597	9076
9597	9385
9597	9575
9602	1136
9602	2233
9602	3288
9602	8550
9602	8841
9602	8984
9602	9946
9602	9970
9603	424
9603	4588
9603	7763
9603	8424
9603	8813
9603	9147
9604	3504
9604	5713
9604	6876
9604	7522
9604	8006
9604	8330
9604	9986
9606	3815
9606	4660
9606	7577
9606	8223
9606	9946
9607	5209
9607	7382
9607	8132
9607	9380
9607	9554
9607	9919
9608	1811
9608	5546
9608	9480
9608	9778
9608	9835
9610	1687
9610	8006
9610	9420
9610	9589
9612	5361
9612	8659
9612	8863
9612	9033
9612	9835
9612	9934
9612	9969
9613	2164
9613	8022
9613	8100
9613	8646
9613	9768
9613	9979
9617	1918
9617	4861
9617	5337
9617	5768
9617	6140
9617	7644
9617	8083
9617	8531
9617	9086
9617	9348
9617	9472
9618	7854
9618	9181
9618	9258
9618	9468
9619	5660
9619	5750
9619	5971
9619	6266
9619	6640
9619	6643
9619	8384
9619	8964
9619	9265
9619	9357
9619	9564
9619	9724
9619	9874
9619	9875
9621	6650
9621	9803
9621	9946
9628	2334
9628	3542
9628	5588
9628	7623
9628	7661
9628	8828
9628	8836
9631	1675
9631	2004
9631	5953
9631	7534
9631	8059
9634	6112
9634	7417
9634	7710
9634	7971
9634	8553
9634	9209
9634	9301
9636	50
9636	2572
9636	7391
9636	8346
9636	9265
9636	9549
9636	9815
9636	9857
9639	978
9639	4666
9639	5082
9639	5656
9639	6873
9639	7337
9639	7391
9639	8051
9639	8485
9639	9929
9640	1422
9640	2389
9640	5685
9640	7708
9640	8364
9640	8563
9640	8979
9640	9903
9641	2777
9641	3815
9641	5669
9641	5864
9641	6768
9641	8608
9668	547
9668	7114
9668	7907
9668	8531
9668	8689
9668	8770
9668	9348
9668	9989
9690	1193
9690	3090
9690	4970
9690	6935
9690	7634
9690	8524
9690	8794
9690	8935
9690	9343
9690	9842
9693	6666
9693	8758
9693	8778
9693	9441
9693	9857
9693	9903
9701	162
9701	2416
9701	2710
9701	8653
9701	8904
9701	9490
9701	9499
9701	9725
9701	9897
9701	9987
9702	5243
9702	8656
9702	9369
9708	3447
9708	8922
9708	9330
9708	9385
9708	9815
9709	3686
9709	8405
9709	9974
9714	3447
9714	5244
9714	6854
9714	9329
9714	9878
9719	12
9719	6619
9719	8668
9719	8749
9719	9076
9719	9209
9720	1224
9720	4041
9720	5200
9723	139
9723	3676
9723	6339
9723	7259
9723	8384
9723	9295
9723	9784
9724	3396
9724	6163
9724	6266
9724	6643
9724	6817
9724	8006
9724	8268
9724	8384
9724	9407
9724	9564
9724	9619
9724	9755
9724	9874
9725	2710
9725	2926
9725	4242
9725	5386
9725	5546
9725	8068
9725	8173
9725	8653
9725	8904
9725	9490
9725	9499
9725	9701
9725	9897
9741	444
9741	3231
9741	7167
9741	8173
9741	8404
9741	8503
9745	2297
9745	6830
9745	9799
9747	1723
9747	5772
9747	9097
9752	538
9752	3033
9752	4901
9752	7318
9752	9131
9752	9365
9755	4683
9755	6266
9755	6590
9755	6640
9755	6643
9755	8384
9755	8964
9755	9564
9755	9724
9755	9874
9759	1659
9759	5546
9759	9357
9759	9878
9763	6168
9763	8886
9763	9579
9763	9986
9768	2926
9768	6192
9768	7423
9768	8217
9768	8394
9768	8436
9768	9613
9768	9788
9768	9939
9768	9986
9769	1422
9769	4081
9769	4912
9769	5480
9769	6180
9769	7576
9769	7802
9769	8720
9769	9023
9769	9465
9769	9558
9769	9987
9777	2483
9777	4041
9777	4731
9777	6099
9777	7960
9777	8708
9777	9067
9777	9180
9777	9365
9778	2967
9778	4465
9778	7522
9778	7922
9778	7971
9778	9086
9778	9250
9778	9608
9778	9788
9778	9851
9781	1733
9781	4122
9781	8120
9784	246
9784	1307
9784	1920
9784	4407
9784	6469
9784	6663
9784	8893
9784	9723
9785	6360
9785	8125
9785	9449
9785	9535
9785	9578
9785	9977
9785	9979
9786	3142
9786	3263
9786	9186
9786	9472
9786	9974
9788	5217
9788	5724
9788	6192
9788	8217
9788	8394
9788	8971
9788	9024
9788	9768
9788	9778
9788	9939
9791	4223
9791	5782
9791	6867
9795	366
9795	819
9795	6047
9795	6744
9795	8158
9795	8699
9795	9135
9795	9279
9795	9313
9799	2437
9799	2558
9799	5788
9799	5809
9799	6619
9799	6791
9799	6893
9799	8913
9799	9062
9799	9557
9799	9745
9803	1922
9803	4917
9803	6817
9803	8563
9803	9096
9803	9621
9803	9946
9807	3528
9807	4318
9807	4568
9807	5489
9807	6617
9807	7074
9807	8027
9807	8260
9807	8841
9807	9150
9813	84
9813	2933
9813	3263
9813	4607
9813	4652
9813	6038
9813	6219
9813	7673
9813	8035
9813	8068
9813	8293
9813	9514
9813	9932
9815	1307
9815	3892
9815	5096
9815	7085
9815	8903
9815	8922
9815	8930
9815	9330
9815	9549
9815	9636
9815	9708
9817	5078
9817	5929
9817	7150
9817	8531
9817	8708
9817	9024
9817	9250
9817	9535
9819	8576
9819	8794
9819	9931
9819	9973
9819	9989
9830	1877
9830	2510
9830	5585
9830	7026
9830	8299
9830	8542
9830	9973
9831	2710
9831	3559
9831	4347
9831	7577
9831	7991
9831	9111
9831	9354
9835	2164
9835	4686
9835	5615
9835	6019
9835	8659
9835	8744
9835	8863
9835	9033
9835	9389
9835	9608
9835	9612
9835	9934
9835	9969
9842	607
9842	684
9842	2598
9842	5750
9842	8659
9842	9690
9847	5261
9847	8815
9849	547
9849	1928
9849	3018
9849	4396
9849	8821
9849	9441
9849	9937
9851	2314
9851	5251
9851	7661
9851	7710
9851	8550
9851	8591
9851	9778
9857	5514
9857	5615
9857	5872
9857	8976
9857	9549
9857	9558
9857	9563
9857	9636
9857	9693
9857	9996
9859	6016
9859	7115
9859	9441
9861	3092
9861	6112
9867	1298
9867	6891
9867	7894
9867	8339
9867	8380
9867	9045
9874	819
9874	1057
9874	6116
9874	6163
9874	6590
9874	6640
9874	6876
9874	8268
9874	8384
9874	8821
9874	9093
9874	9265
9874	9619
9874	9724
9874	9755
9875	3634
9875	5821
9875	6568
9875	7024
9875	8022
9875	8621
9875	8907
9875	9619
9876	6565
9876	8886
9876	9067
9876	9575
9876	9981
9878	4663
9878	4789
9878	5546
9878	7763
9878	9135
9878	9357
9878	9714
9878	9759
9878	9917
9885	987
9885	1176
9885	2238
9885	2601
9885	6469
9885	9135
9885	9998
9897	4242
9897	8653
9897	8904
9897	9343
9897	9490
9897	9499
9897	9701
9897	9725
9903	6914
9903	7337
9903	7814
9903	9097
9903	9535
9903	9640
9903	9693
9905	162
9905	5468
9905	6565
9905	7259
9905	9365
9910	5078
9910	7577
9910	8930
9910	8994
9917	6547
9917	7600
9917	7763
9917	7907
9917	9878
9917	9987
9918	538
9918	3542
9918	4287
9918	5217
9918	5588
9918	6713
9918	7894
9918	8828
9918	9480
9919	7258
9919	7382
9919	9380
9919	9607
9925	8285
9925	8330
9925	9490
9925	9990
9929	978
9929	4666
9929	5082
9929	5205
9929	5656
9929	7337
9929	8051
9929	8194
9929	8485
9929	9024
9929	9354
9929	9639
9931	8708
9931	8841
9931	9062
9931	9226
9931	9579
9931	9819
9932	84
9932	5514
9932	5981
9932	6066
9932	6219
9932	6662
9932	7029
9932	8068
9932	8380
9932	8405
9932	8699
9932	8954
9932	9813
9932	9946
9934	2164
9934	2517
9934	4686
9934	5361
9934	5615
9934	6902
9934	7070
9934	8659
9934	9033
9934	9240
9934	9549
9934	9612
9934	9835
9934	9969
9937	2601
9937	7597
9937	8339
9937	9037
9937	9438
9937	9849
9939	2679
9939	2926
9939	5217
9939	5929
9939	6192
9939	6835
9939	7423
9939	8215
9939	8217
9939	8394
9939	8606
9939	8841
9939	9385
9939	9439
9939	9768
9939	9788
9941	2510
9941	3676
9941	5078
9941	5234
9941	8022
9941	9557
9941	9977
9942	3783
9942	7979
9942	8261
9942	8264
9942	8699
9942	8768
9942	9375
9942	9472
9942	9969
9946	5984
9946	7026
9946	8778
9946	9602
9946	9606
9946	9621
9946	9803
9946	9932
9964	2730
9964	5113
9964	6615
9964	6645
9964	7048
9964	7561
9969	2164
9969	2517
9969	5615
9969	8863
9969	9033
9969	9493
9969	9612
9969	9835
9969	9934
9969	9942
9970	6802
9970	8621
9970	8984
9970	9045
9970	9366
9970	9602
9970	9979
9973	4014
9973	6821
9973	7553
9973	8296
9973	8585
9973	9278
9973	9819
9973	9830
9974	4789
9974	5864
9974	6965
9974	9709
9974	9786
9977	6163
9977	6947
9977	8660
9977	9449
9977	9535
9977	9578
9977	9785
9977	9941
9979	6802
9979	9366
9979	9613
9979	9785
9979	9970
9981	3921
9981	4041
9981	7710
9981	8603
9981	8616
9981	8886
9981	9575
9981	9876
9986	548
9986	7070
9986	9604
9986	9763
9986	9768
9987	1422
9987	2018
9987	4912
9987	5480
9987	6180
9987	6469
9987	7385
9987	7802
9987	8720
9987	8971
9987	9023
9987	9070
9987	9465
9987	9558
9987	9701
9987	9769
9987	9917
9989	1136
9989	1292
9989	5772
9989	7979
9989	8470
9989	9668
9989	9819
9990	714
9990	9925
9996	2545
9996	4318
9996	4719
9996	6970
9996	7417
9996	7581
9996	8083
9996	8699
9996	8919
9996	9857
9998	4942
9998	6860
9998	6978
9998	7892
9998	8542
9998	8764
9998	9439
9998	9885
