3	9058
21	5271
21	9162
23	4989
23	8636
23	9674
29	5016
32	339
32	3250
32	7180
45	798
45	8399
55	9212
57	9485
57	9540
65	3786
65	6688
65	6868
65	6982
65	9829
106	2143
106	9558
119	3119
119	4459
119	7765
119	8255
119	8849
119	8926
119	9258
129	8361
129	8454
134	7252
134	7756
134	9040
167	1216
167	8792
167	9852
173	8226
176	9302
183	7128
183	9932
192	944
203	8275
203	9727
215	9649
235	5163
242	3880
242	4186
242	8595
248	5096
248	9302
248	9856
269	3662
302	5322
302	7613
311	3634
311	9014
311	9563
324	1885
328	7313
339	32
339	1199
339	9745
345	9624
358	6791
358	7378
379	9261
379	9706
400	1220
400	8279
400	9658
430	5924
430	5997
430	9815
450	1458
450	9395
450	9497
492	9343
492	9785
492	9977
518	6014
534	4668
534	8255
534	9302
555	9570
555	9985
560	9403
573	7581
585	4436
585	5905
594	4233
594	9328
599	3969
599	8721
599	9780
653	6430
653	8295
653	8590
653	9249
653	9379
678	5031
678	7538
678	8211
678	9658
689	9512
689	9546
719	2217
719	3311
719	7873
726	7739
726	9424
735	7961
735	8986
767	2964
767	5383
767	8755
797	3678
797	6540
797	8933
797	9069
798	45
798	5053
798	8648
822	8327
822	9076
831	1458
831	7888
882	3678
882	8933
887	4760
887	8698
905	4256
905	5281
905	8523
905	9977
910	5510
910	7022
910	9449
917	9183
927	2061
927	5368
927	9827
928	9758
944	192
944	5697
944	6861
944	7532
944	8016
944	9162
974	3411
988	2467
988	8175
1017	9224
1017	9447
1017	9767
1053	1082
1053	5284
1055	9365
1055	9384
1072	4355
1072	4982
1072	8530
1079	7059
1079	8981
1082	1053
1082	1939
1082	3149
1082	3590
1082	5368
1082	7217
1138	6510
1180	1298
1182	8389
1182	9638
1184	5526
1199	339
1200	8102
1200	8793
1212	5510
1216	167
1216	8895
1216	9852
1216	9906
1220	400
1220	1912
1220	6511
1220	9359
1220	9869
1251	2592
1251	5974
1251	8211
1251	8603
1257	1692
1257	8041
1269	1601
1269	4240
1269	8688
1269	8934
1298	1180
1298	4204
1298	8649
1298	8793
1317	2360
1317	5814
1317	7661
1349	9162
1349	9720
1357	6913
1357	7745
1360	6998
1360	9705
1367	2588
1367	9563
1370	8024
1385	5731
1385	6373
1385	9985
1387	3472
1429	6734
1429	9410
1447	3787
1447	4493
1447	7188
1447	9819
1458	450
1458	831
1458	6938
1484	8295
1578	4417
1593	8900
1593	9443
1598	4233
1598	9610
1600	3411
1600	4327
1600	9658
1601	1269
1601	6982
1608	7961
1640	9531
1640	9692
1646	2045
1646	4174
1646	7765
1650	4817
1676	8019
1676	9558
1676	9873
1692	1257
1692	8943
1692	9494
1692	9621
1693	3399
1693	7169
1693	7816
1693	8335
1693	9674
1712	6205
1712	7722
1722	4082
1726	6632
1726	8824
1726	9074
1731	7219
1731	7613
1733	9500
1741	3789
1743	3313
1743	4276
1753	8090
1761	3074
1761	4174
1761	4945
1801	2416
1801	9674
1817	8537
1817	9546
1817	9746
1841	8437
1841	8750
1841	8862
1841	8972
1841	9927
1867	9681
1870	4876
1872	4772
1872	5936
1885	324
1885	4109
1885	5975
1899	7960
1899	8805
1912	1220
1912	8102
1939	1082
1939	9398
2045	1646
2045	8327
2045	9447
2061	927
2061	9724
2080	8597
2080	9505
2082	6496
2082	8981
2082	9212
2092	8474
2092	8697
2143	106
2143	3923
2143	9136
2143	9849
2152	5215
2152	9705
2174	9557
2217	719
2218	6668
2218	7930
2226	3411
2226	9687
2226	9927
2244	9528
2275	9141
2275	9594
2282	5213
2282	5679
2282	9321
2282	9903
2288	5016
2288	7197
2305	2956
2305	3846
2305	5375
2305	9497
2333	3678
2333	5031
2333	6208
2356	3401
2356	6861
2356	9446
2356	9946
2360	1317
2360	8617
2360	9136
2360	9441
2360	9849
2396	6291
2396	6813
2396	9571
2416	1801
2416	5126
2416	9584
2448	3313
2448	8482
2448	9746
2448	9780
2467	988
2467	9359
2467	9758
2467	9869
2473	2708
2473	4256
2473	8636
2506	4753
2506	8237
2506	8384
2506	8424
2508	5456
2508	8164
2551	4939
2557	3043
2557	4004
2557	6965
2557	7020
2557	9692
2570	8256
2570	9797
2570	9826
2588	1367
2588	8626
2588	9681
2592	1251
2592	6610
2592	7016
2592	9446
2592	9711
2595	3639
2595	9186
2598	9706
2600	5418
2606	8642
2606	9679
2609	2781
2609	9611
2615	6887
2615	7950
2615	9136
2615	9849
2630	4784
2683	3282
2683	9141
2683	9313
2683	9360
2708	2473
2708	7173
2708	7458
2708	7512
2708	8481
2708	9164
2734	8218
2734	9521
2745	7192
2745	9362
2749	8224
2749	9684
2749	9909
2768	7128
2773	6014
2781	2609
2781	7219
2781	7852
2781	7908
2781	9164
2829	7059
2829	8184
2829	8619
2829	9690
2833	4192
2833	8335
2853	4734
2881	3311
2881	9422
2921	6938
2921	6965
2930	7463
2939	9853
2949	8032
2956	2305
2956	3730
2956	9265
2964	767
2964	4753
2964	5974
2965	9474
2977	9258
2977	9920
3010	8454
3010	9396
3022	5201
3022	8055
3022	8200
3038	6734
3038	7112
3038	7690
3038	8871
3042	3759
3042	8863
3042	9465
3042	9937
3043	2557
3043	8436
3043	9731
3043	9940
3046	9714
3046	9758
3046	9873
3055	4036
3055	8642
3055	9608
3071	4982
3071	9183
3074	1761
3074	5418
3085	3291
3085	3329
3085	7361
3085	8427
3085	9100
3085	9396
3119	119
3121	4503
3122	5418
3122	5868
3122	7552
3138	8090
3138	9869
3149	1082
3149	3969
3149	8370
3149	8446
3171	3789
3171	5789
3171	7847
3171	9344
3187	4290
3187	8474
3204	3728
3204	6055
3204	8805
3204	9410
3204	9872
3239	4060
3239	9758
3241	7847
3244	7537
3244	9674
3250	32
3250	3282
3250	5924
3250	8158
3250	9594
3282	2683
3282	3250
3282	5213
3282	9131
3282	9594
3282	9795
3291	3085
3291	9428
3311	719
3311	2881
3311	7161
3313	1743
3313	2448
3313	7563
3313	7624
3313	8226
3313	9746
3313	9771
3313	9780
3329	3085
3329	5437
3329	6380
3329	9819
3348	4955
3348	9391
3349	7135
3352	9819
3368	4734
3368	7348
3372	8755
3372	9531
3372	9940
3380	5186
3380	8095
3380	8218
3392	7851
3392	8438
3395	8642
3395	9117
3399	1693
3400	9162
3400	9460
3400	9977
3401	2356
3401	9608
3411	974
3411	1600
3411	2226
3425	9889
3428	9409
3428	9727
3450	4734
3450	7722
3450	8030
3450	8399
3450	9262
3450	9852
3472	1387
3487	5752
3487	9006
3487	9179
3528	5489
3528	5752
3528	9807
3539	8184
3539	8279
3539	9293
3539	9343
3562	8370
3562	8923
3563	8923
3569	9684
3590	1082
3590	9017
3608	5809
3608	6791
3608	7270
3630	7552
3630	9869
3634	311
3634	9563
3639	2595
3639	9773
3640	6983
3640	7489
3640	9724
3640	9874
3662	269
3662	7269
3662	7870
3662	8486
3678	797
3678	882
3678	2333
3678	9069
3678	9932
3682	7911
3682	8792
3682	9025
3707	8830
3707	9889
3728	3204
3728	7169
3728	7622
3728	8436
3730	2956
3730	8260
3739	4565
3739	6894
3739	8595
3739	9391
3739	9927
3749	7975
3749	8981
3749	9608
3759	3042
3759	4324
3759	5016
3759	7197
3786	65
3786	6517
3787	1447
3787	8102
3787	9009
3787	9441
3787	9624
3789	1741
3789	3171
3789	5345
3789	6539
3789	7610
3789	8972
3789	9108
3846	2305
3846	9920
3860	9995
3880	242
3880	5924
3880	7424
3880	7745
3880	9570
3881	9663
3923	2143
3923	9136
3923	9359
3923	9441
3923	9849
3969	599
3969	3149
3969	9733
3975	6726
3975	8794
3975	9587
3975	9610
3992	7610
3992	9108
3992	9815
3992	9819
4004	2557
4004	5807
4025	6861
4025	9494
4025	9621
4028	7059
4036	3055
4060	3239
4082	1722
4082	9711
4109	1885
4109	6014
4109	8912
4146	9374
4155	4989
4155	5679
4155	9490
4155	9521
4155	9724
4155	9874
4157	4250
4157	7820
4157	8597
4174	1646
4174	1761
4174	4521
4174	5761
4174	5807
4174	7876
4174	8084
4174	9384
4175	8916
4175	9424
4186	242
4186	6521
4186	8555
4186	9293
4186	9690
4192	2833
4192	7626
4204	1298
4229	5037
4229	6998
4229	8027
4233	594
4233	1598
4234	9125
4234	9233
4234	9612
4240	1269
4240	5594
4240	5697
4240	6867
4240	8939
4240	9384
4250	4157
4250	7820
4250	9021
4256	905
4256	2473
4256	7745
4256	9889
4270	6982
4270	8900
4270	9250
4270	9959
4276	1743
4276	4734
4290	3187
4290	5913
4290	9346
4290	9658
4292	7188
4292	9681
4292	9819
4324	3759
4324	8260
4327	1600
4327	5996
4327	8591
4331	8572
4331	9746
4331	9780
4355	1072
4358	7706
4358	9570
4365	6279
4365	6801
4373	9058
4405	9826
4405	9873
4406	5126
4406	7941
4406	9212
4406	9959
4414	9109
4417	1578
4417	4925
4417	7755
4417	9497
4436	585
4436	9620
4436	9826
4436	9873
4437	8483
4458	5890
4458	6073
4459	119
4459	8926
4476	7260
4476	8981
4476	9212
4493	1447
4493	7188
4493	8214
4493	9819
4502	6791
4502	7270
4502	8164
4503	3121
4503	7745
4503	7941
4514	5265
4521	4174
4521	5637
4521	5798
4543	6161
4543	8808
4543	9100
4543	9487
4544	5232
4556	7661
4558	5617
4558	7237
4565	3739
4565	5375
4565	7379
4565	8224
4565	8237
4565	9920
4578	6862
4578	8005
4578	8046
4578	8295
4585	7038
4585	9354
4600	5625
4600	6688
4600	9829
4608	9449
4668	534
4668	5532
4670	8137
4675	6734
4677	7740
4734	2853
4734	3368
4734	3450
4734	4276
4748	7271
4748	8490
4748	9221
4753	2506
4753	2964
4753	6205
4753	7905
4753	8399
4760	887
4760	8814
4772	1872
4772	9248
4783	6982
4784	2630
4784	9017
4808	8030
4808	9354
4814	4876
4814	7016
4814	8591
4817	1650
4817	9674
4818	8203
4818	9109
4818	9714
4876	1870
4876	4814
4876	9293
4917	5386
4917	9487
4917	9803
4925	4417
4925	7690
4925	9876
4939	2551
4939	7237
4942	9109
4942	9395
4945	1761
4945	5809
4955	3348
4955	8039
4955	8437
4955	8750
4955	9391
4955	9927
4960	7765
4960	8043
4960	9240
4970	6521
4970	8184
4970	8794
4970	9343
4970	9690
4971	5345
4971	7489
4971	7820
4971	8814
4978	6734
4978	9942
4981	7950
4981	9006
4981	9462
4982	1072
4982	3071
4982	9302
4989	23
4989	4155
4989	5096
4989	9265
4989	9874
5011	7424
5011	7755
5011	8939
5011	9384
5016	29
5016	2288
5016	3759
5016	8260
5031	678
5031	2333
5031	7873
5037	4229
5037	8203
5053	798
5053	7463
5082	6615
5096	248
5096	4989
5096	9815
5096	9856
5098	7652
5098	8137
5098	9460
5103	6801
5103	7022
5104	8617
5104	9277
5108	8871
5108	9563
5122	6881
5122	8849
5122	9889
5126	2416
5126	4406
5126	8389
5126	8900
5126	9959
5131	5875
5131	9596
5143	7688
5143	9959
5156	6862
5163	235
5163	6224
5163	6301
5163	7378
5163	7424
5163	7740
5163	8214
5163	9076
5163	9513
5186	3380
5186	6962
5186	7477
5188	5924
5188	8830
5188	9570
5201	3022
5201	8596
5201	9513
5213	2282
5213	3282
5213	8419
5215	2152
5215	9006
5215	9224
5232	4544
5265	4514
5265	9326
5265	9384
5271	21
5271	8067
5271	9040
5281	905
5281	9889
5284	1053
5284	5996
5284	6632
5284	8332
5298	5752
5298	7690
5298	8871
5298	9795
5321	8750
5321	9391
5321	9686
5322	302
5322	6430
5322	8626
5345	3789
5345	4971
5368	927
5368	1082
5368	8391
5368	9328
5375	2305
5375	4565
5375	9108
5375	9462
5375	9920
5383	767
5383	8117
5383	9582
5386	4917
5386	8916
5418	2600
5418	3074
5418	3122
5418	5868
5418	8849
5423	7538
5423	7739
5423	9410
5437	3329
5437	9326
5437	9785
5456	2508
5456	6869
5456	8751
5489	3528
5489	9807
5489	9872
5510	910
5510	1212
5513	6913
5513	7424
5513	9909
5520	5979
5520	7192
5520	8024
5526	1184
5526	8986
5526	9587
5526	9849
5532	4668
5532	7463
5532	8668
5549	9014
5549	9293
5549	9690
5554	9250
5557	7743
5557	8668
5557	9500
5562	7961
5562	8619
5562	9152
5568	6987
5594	4240
5594	8084
5594	9384
5594	9435
5602	7016
5602	7313
5617	4558
5617	9058
5617	9290
5617	9505
5625	4600
5625	5997
5625	6688
5625	8697
5625	9829
5636	7191
5636	8734
5636	9069
5637	4521
5637	7419
5637	9326
5637	9378
5648	6894
5648	8437
5648	8750
5648	9391
5648	9927
5660	9409
5679	2282
5679	4155
5679	9058
5697	944
5697	4240
5697	8016
5701	7070
5705	8454
5705	8863
5705	9408
5705	9612
5731	1385
5731	8972
5731	9827
5731	9985
5752	3487
5752	3528
5752	5298
5752	7690
5761	4174
5761	9972
5784	7622
5784	9258
5789	3171
5789	7191
5789	9344
5798	4521
5807	4004
5807	4174
5807	6582
5807	6789
5807	8096
5807	8912
5809	3608
5809	4945
5809	8164
5814	1317
5814	9599
5842	7792
5842	8227
5847	5913
5847	7022
5861	9985
5868	3122
5868	5418
5868	5913
5868	6291
5868	8024
5875	5131
5875	6962
5875	9190
5875	9906
5890	4458
5905	585
5905	7047
5907	7378
5907	9449
5907	9785
5907	9977
5913	4290
5913	5847
5913	5868
5913	7022
5913	9486
5924	430
5924	3250
5924	3880
5924	5188
5924	7745
5924	7820
5924	8830
5924	9671
5926	7739
5926	9494
5936	1872
5974	1251
5974	2964
5975	1885
5975	9240
5975	9728
5979	5520
5979	6887
5979	9829
5987	6322
5996	4327
5996	5284
5996	8332
5996	9403
5997	430
5997	5625
5997	9829
6014	518
6014	2773
6014	4109
6014	6430
6014	6609
6014	7739
6015	9871
6054	7512
6055	3204
6055	9724
6061	8175
6061	9384
6065	7581
6065	8424
6065	9265
6065	9692
6073	4458
6073	7746
6073	9599
6080	7181
6080	9293
6087	7926
6095	9261
6105	6990
6105	9109
6105	9745
6118	7180
6118	8753
6118	9006
6118	9224
6123	6817
6123	7252
6123	9040
6130	9690
6141	7161
6141	7191
6148	8643
6158	8135
6158	9963
6161	4543
6161	6428
6161	6615
6161	8808
6161	9100
6161	9689
6168	9584
6205	1712
6205	4753
6208	2333
6208	9112
6208	9767
6224	5163
6224	9494
6279	4365
6280	9212
6291	2396
6291	5868
6291	9571
6291	9674
6301	5163
6301	7295
6301	7378
6301	7740
6322	5987
6322	9365
6356	9780
6358	7447
6358	9711
6373	1385
6380	3329
6380	9487
6426	7652
6426	9365
6428	6161
6428	8698
6428	8808
6428	9100
6430	653
6430	5322
6430	6014
6430	7458
6496	2082
6496	9582
6500	9422
6510	1138
6510	9963
6511	1220
6511	6998
6511	7458
6511	8090
6511	8483
6511	9359
6517	3786
6517	8275
6517	9409
6517	9727
6521	4186
6521	4970
6521	8619
6521	9014
6534	9587
6539	3789
6539	9233
6539	9302
6539	9395
6539	9497
6540	797
6540	9293
6582	5807
6582	8912
6582	9700
6595	7888
6595	9485
6609	6014
6609	7961
6609	9540
6610	2592
6610	9446
6615	5082
6615	6161
6628	9074
6628	9937
6632	1726
6632	5284
6640	6982
6640	8384
6640	9265
6640	9874
6650	9062
6650	9621
6665	7106
6665	8595
6665	9293
6668	2218
6668	7930
6668	8227
6668	8327
6688	65
6688	4600
6688	5625
6688	6813
6726	3975
6726	7905
6726	9313
6726	9594
6734	1429
6734	3038
6734	4675
6734	4978
6734	7851
6734	8375
6789	5807
6789	8643
6791	358
6791	3608
6791	4502
6791	7270
6791	8164
6801	4365
6801	5103
6801	9486
6813	2396
6813	6688
6813	7739
6817	6123
6817	9724
6817	9803
6861	944
6861	2356
6861	4025
6861	8369
6861	8926
6861	8943
6861	9494
6861	9803
6861	9946
6862	4578
6862	5156
6862	8005
6862	8013
6862	9261
6862	9598
6867	4240
6867	8595
6867	9462
6868	65
6868	8041
6868	8648
6869	5456
6869	7489
6874	9874
6880	8169
6880	9076
6880	9197
6880	9689
6880	9692
6881	5122
6881	9250
6881	9889
6887	2615
6887	5979
6887	7613
6887	9164
6894	3739
6894	5648
6894	9391
6894	9927
6909	8794
6913	1357
6913	5513
6933	8895
6933	9852
6938	1458
6938	2921
6942	9624
6959	9321
6959	9977
6962	5186
6962	5875
6962	7059
6962	9190
6965	2557
6965	2921
6965	8563
6965	9040
6965	9531
6982	65
6982	1601
6982	4270
6982	4783
6982	6640
6982	7941
6982	8102
6982	8389
6982	9486
6982	9494
6982	9959
6983	3640
6983	7690
6983	8871
6987	5568
6987	7020
6987	8454
6987	9995
6990	6105
6990	9745
6990	9903
6998	1360
6998	4229
6998	6511
7016	2592
7016	4814
7016	5602
7016	8591
7020	2557
7020	6987
7022	910
7022	5103
7022	5847
7022	5913
7022	8867
7032	7350
7032	8275
7032	8853
7032	9409
7032	9727
7038	4585
7038	7047
7038	9937
7041	8750
7041	8895
7047	5905
7047	7038
7047	8787
7047	9621
7047	9937
7059	1079
7059	2829
7059	4028
7059	6962
7059	7477
7059	8361
7070	5701
7070	8934
7106	6665
7112	3038
7112	8900
7128	183
7128	2768
7128	7960
7128	8698
7135	3349
7161	3311
7161	6141
7161	9346
7161	9374
7169	1693
7169	3728
7169	9486
7173	2708
7173	8255
7177	7930
7177	9040
7177	9362
7180	32
7180	6118
7181	6080
7181	8853
7181	8986
7181	9528
7181	9942
7188	1447
7188	4292
7188	4493
7188	8755
7188	9344
7188	9819
7191	5636
7191	5789
7191	6141
7191	9620
7192	2745
7192	5520
7192	8327
7197	2288
7197	3759
7217	1082
7217	8793
7217	9611
7219	1731
7219	2781
7219	8041
7219	9164
7219	9692
7237	4558
7237	4939
7237	7959
7237	7961
7237	9021
7237	9807
7252	134
7252	6123
7252	9040
7260	4476
7269	3662
7269	9435
7270	3608
7270	4502
7270	6791
7270	7959
7271	4748
7271	8751
7279	7489
7289	9374
7289	9378
7289	9940
7295	6301
7295	8853
7295	9528
7295	9731
7295	9942
7297	7477
7297	7588
7297	7905
7297	9131
7297	9141
7297	9594
7313	328
7313	5602
7313	8255
7340	8923
7340	9687
7340	9873
7347	8427
7347	9344
7348	3368
7348	9598
7350	7032
7350	8275
7350	9112
7350	9409
7350	9727
7351	9396
7359	7563
7359	8327
7359	8721
7359	9277
7359	9746
7359	9780
7361	3085
7361	9396
7361	9679
7371	7740
7378	358
7378	5163
7378	5907
7378	6301
7378	9250
7379	4565
7379	8237
7414	8822
7419	5637
7419	7926
7424	3880
7424	5011
7424	5163
7424	5513
7424	9797
7440	8454
7440	9571
7447	6358
7447	8032
7458	2708
7458	6430
7458	6511
7458	7512
7458	8454
7463	2930
7463	5053
7463	5532
7469	8327
7469	8721
7469	9277
7469	9746
7469	9780
7477	5186
7477	7059
7477	7297
7477	8361
7489	3640
7489	4971
7489	6869
7489	7279
7492	9161
7512	2708
7512	6054
7512	7458
7512	7950
7522	7746
7532	944
7532	7870
7537	3244
7537	8438
7538	678
7538	5423
7538	7959
7538	8483
7546	8863
7546	9610
7552	3122
7552	3630
7552	8483
7552	9359
7552	9869
7563	3313
7563	7359
7563	8327
7563	8482
7563	8721
7563	9746
7563	9780
7581	573
7581	6065
7588	7297
7588	8255
7610	3789
7610	3992
7610	8972
7610	9108
7613	302
7613	1731
7613	6887
7613	8218
7613	9164
7622	3728
7622	5784
7622	8436
7622	8591
7622	9422
7622	9528
7622	9807
7624	3313
7624	9903
7626	4192
7626	7816
7626	8563
7626	9758
7644	8361
7652	5098
7652	6426
7660	9678
7660	9773
7661	1317
7661	4556
7661	8227
7661	8597
7661	8711
7661	9628
7676	8318
7676	9826
7688	5143
7688	8043
7688	9197
7688	9686
7690	3038
7690	4925
7690	5298
7690	5752
7690	6983
7690	8871
7690	9359
7690	9871
7706	4358
7706	8603
7706	9500
7722	1712
7722	3450
7722	8055
7739	726
7739	5423
7739	5926
7739	6014
7739	6813
7739	9422
7740	4677
7740	5163
7740	6301
7740	7371
7740	9746
7743	5557
7743	8668
7743	8912
7743	8943
7743	9076
7745	1357
7745	3880
7745	4256
7745	4503
7745	5924
7745	8184
7745	8830
7745	9570
7746	6073
7746	7522
7755	4417
7755	5011
7755	9422
7755	9521
7756	134
7756	9040
7756	9612
7765	119
7765	1646
7765	4960
7765	8533
7765	9596
7792	5842
7792	9290
7816	1693
7816	7626
7816	8335
7816	8849
7816	9396
7820	4157
7820	4250
7820	4971
7820	5924
7847	3171
7847	3241
7847	9344
7847	9428
7851	3392
7851	6734
7851	8849
7851	9258
7852	2781
7852	8043
7852	9932
7870	3662
7870	7532
7870	8041
7873	719
7873	5031
7876	4174
7876	9074
7876	9599
7888	831
7888	6595
7888	9621
7905	4753
7905	6726
7905	7297
7905	8158
7905	9141
7905	9594
7908	2781
7908	9374
7908	9549
7911	3682
7911	8862
7911	9025
7911	9889
7926	6087
7926	7419
7926	9021
7930	2218
7930	6668
7930	7177
7941	4406
7941	4503
7941	6982
7941	9959
7950	2615
7950	4981
7950	7512
7950	8384
7950	8923
7950	9365
7953	8793
7953	9179
7953	9611
7959	7237
7959	7270
7959	7538
7959	9151
7959	9224
7959	9443
7959	9936
7960	1899
7960	7128
7960	9687
7961	735
7961	1608
7961	5562
7961	6609
7961	7237
7961	8986
7961	9714
7961	9871
7975	3749
7975	9233
7975	9608
8005	4578
8005	6862
8005	8030
8005	8391
8013	6862
8013	8046
8013	8474
8013	8533
8016	944
8016	5697
8018	8055
8018	9871
8019	1676
8019	9873
8021	9014
8024	1370
8024	5520
8024	5868
8024	9224
8027	4229
8027	8482
8027	9649
8027	9807
8030	3450
8030	4808
8030	8005
8030	8227
8030	8399
8030	9262
8032	2949
8032	7447
8032	8972
8032	9594
8032	9767
8039	4955
8039	9767
8039	9829
8041	1257
8041	6868
8041	7219
8041	7870
8043	4960
8043	7688
8043	7852
8043	8135
8043	9197
8046	4578
8046	8013
8046	8226
8046	8391
8046	8697
8055	3022
8055	7722
8055	8018
8055	9186
8067	5271
8069	8444
8069	9243
8069	9684
8069	9909
8076	8867
8076	9179
8076	9771
8076	9927
8084	4174
8084	5594
8084	8862
8084	9346
8090	1753
8090	3138
8090	6511
8090	8483
8090	9359
8090	9869
8090	9963
8095	3380
8095	8824
8095	9940
8096	5807
8096	8688
8096	8814
8096	9185
8102	1200
8102	1912
8102	3787
8102	6982
8102	9009
8117	5383
8117	9582
8135	6158
8135	8043
8135	8643
8135	8900
8137	4670
8137	5098
8137	8926
8158	3250
8158	7905
8158	9112
8158	9131
8158	9594
8158	9795
8164	2508
8164	4502
8164	5809
8164	6791
8164	8955
8169	6880
8169	8275
8169	9076
8175	988
8175	6061
8175	9889
8184	2829
8184	3539
8184	4970
8184	7745
8184	8619
8184	9014
8189	8474
8189	8697
8189	9671
8200	3022
8200	9446
8200	9584
8203	4818
8203	5037
8211	678
8211	1251
8214	4493
8214	5163
8218	2734
8218	3380
8218	7613
8224	2749
8224	4565
8224	9354
8224	9684
8224	9909
8226	173
8226	3313
8226	8046
8226	8391
8226	8794
8226	8895
8227	5842
8227	6668
8227	7661
8227	8030
8227	8597
8227	8711
8237	2506
8237	4565
8237	7379
8237	8424
8237	8596
8237	9920
8255	119
8255	534
8255	7173
8255	7313
8255	7588
8255	8793
8255	9594
8256	2570
8256	9797
8260	3730
8260	4324
8260	5016
8260	8794
8260	9807
8275	203
8275	6517
8275	7032
8275	7350
8275	8169
8275	9112
8275	9224
8275	9441
8275	9512
8275	9727
8275	9797
8275	9942
8279	400
8279	3539
8279	8427
8279	9396
8295	653
8295	1484
8295	4578
8295	9963
8318	7676
8318	8389
8318	8900
8318	9959
8327	822
8327	2045
8327	6668
8327	7192
8327	7359
8327	7469
8327	7563
8327	8721
8327	9277
8327	9746
8327	9780
8327	9927
8332	5284
8332	5996
8335	1693
8335	2833
8335	7816
8335	8933
8342	9313
8342	9494
8344	9179
8344	9212
8344	9240
8344	9611
8361	129
8361	7059
8361	7477
8361	7644
8361	8591
8361	9346
8369	6861
8369	8822
8369	9183
8369	9462
8369	9826
8370	3149
8370	3562
8370	9362
8370	9977
8375	6734
8375	8596
8375	9321
8375	9398
8375	9513
8375	9827
8384	2506
8384	6640
8384	7950
8384	9265
8384	9724
8384	9874
8389	1182
8389	5126
8389	6982
8389	8318
8389	8900
8389	9959
8391	5368
8391	8005
8391	8046
8391	8226
8391	9006
8399	45
8399	3450
8399	4753
8399	8030
8399	9408
8419	5213
8419	9125
8419	9700
8424	2506
8424	6065
8424	8237
8424	8839
8424	9920
8427	3085
8427	7347
8427	8279
8427	9249
8427	9277
8436	3043
8436	3728
8436	7622
8437	1841
8437	4955
8437	5648
8437	8822
8437	9100
8437	9261
8437	9391
8437	9940
8438	3392
8438	7537
8444	8069
8444	9621
8446	3149
8446	9221
8454	129
8454	3010
8454	5705
8454	6987
8454	7440
8454	7458
8454	9435
8474	2092
8474	3187
8474	8013
8474	8189
8474	8981
8474	9671
8481	2708
8481	9724
8482	2448
8482	7563
8482	8027
8482	8721
8482	9277
8482	9487
8482	9746
8482	9780
8483	4437
8483	6511
8483	7538
8483	7552
8483	8090
8483	9354
8483	9869
8483	9985
8486	3662
8486	8688
8486	9185
8487	9006
8487	9486
8490	4748
8490	9608
8490	9705
8490	9826
8523	905
8530	1072
8530	9248
8533	7765
8533	8013
8533	8871
8533	9354
8533	9624
8533	9826
8537	1817
8537	9512
8537	9546
8555	4186
8555	9531
8555	9940
8563	6965
8563	7626
8563	9803
8572	4331
8590	653
8590	9249
8590	9455
8591	4327
8591	4814
8591	7016
8591	7622
8591	8361
8595	242
8595	3739
8595	6665
8595	6867
8595	8642
8595	9985
8596	5201
8596	8237
8596	8375
8596	8939
8596	9513
8597	2080
8597	4157
8597	7661
8597	8227
8597	8711
8597	9392
8597	9686
8603	1251
8603	7706
8603	9344
8617	2360
8617	5104
8619	2829
8619	5562
8619	6521
8619	8184
8619	9014
8619	9293
8619	9343
8619	9558
8619	9690
8626	2588
8626	5322
8626	9392
8636	23
8636	2473
8636	8981
8642	2606
8642	3055
8642	3395
8642	8595
8642	8900
8642	9546
8643	6148
8643	6789
8643	8135
8643	8787
8648	798
8648	6868
8649	1298
8649	9596
8665	8792
8665	8972
8668	5532
8668	5557
8668	7743
8668	9638
8668	9733
8688	1269
8688	8096
8688	8486
8688	9185
8697	2092
8697	5625
8697	8046
8697	8189
8698	887
8698	6428
8698	7128
8698	9359
8698	9582
8698	9780
8711	7661
8711	8227
8711	8597
8711	9829
8721	599
8721	7359
8721	7469
8721	7563
8721	8327
8721	8482
8721	9186
8721	9746
8721	9780
8734	5636
8750	1841
8750	4955
8750	5321
8750	5648
8750	7041
8750	9391
8750	9927
8751	5456
8751	7271
8751	9505
8753	6118
8753	8787
8753	9006
8753	9224
8753	9447
8753	9733
8753	9771
8753	9906
8755	767
8755	3372
8755	7188
8755	9819
8787	7047
8787	8643
8787	8753
8787	9006
8787	9224
8787	9447
8792	167
8792	3682
8792	8665
8792	9687
8793	1200
8793	1298
8793	7217
8793	7953
8793	8255
8793	9611
8794	3975
8794	4970
8794	6909
8794	8226
8794	8260
8794	9014
8794	9293
8794	9343
8794	9570
8794	9690
8794	9819
8805	1899
8805	3204
8805	9410
8805	9767
8808	4543
8808	6161
8808	6428
8808	9100
8814	4760
8814	4971
8814	8096
8822	7414
8822	8369
8822	8437
8822	9689
8822	9826
8824	1726
8824	8095
8824	9500
8824	9628
8830	3707
8830	5188
8830	5924
8830	7745
8830	9570
8830	9638
8839	8424
8839	8862
8839	8895
8839	9343
8839	9384
8841	9711
8841	9807
8841	9995
8849	119
8849	5122
8849	5418
8849	7816
8849	7851
8849	9262
8853	7032
8853	7181
8853	7295
8853	9528
8853	9795
8853	9942
8862	1841
8862	7911
8862	8084
8862	8839
8863	3042
8863	5705
8863	7546
8863	9408
8863	9531
8863	9612
8867	7022
8867	8076
8867	9485
8867	9771
8871	3038
8871	5108
8871	5298
8871	6983
8871	7690
8871	8533
8871	9062
8871	9384
8895	1216
8895	6933
8895	7041
8895	8226
8895	8839
8895	9852
8900	1593
8900	4270
8900	5126
8900	7112
8900	8135
8900	8318
8900	8389
8900	8642
8900	9773
8900	9959
8912	4109
8912	5807
8912	6582
8912	7743
8912	9487
8912	9692
8916	4175
8916	5386
8916	9424
8923	3562
8923	3563
8923	7340
8923	7950
8923	9687
8926	119
8926	4459
8926	6861
8926	8137
8926	9620
8926	9638
8933	797
8933	882
8933	8335
8933	9069
8934	1269
8934	7070
8939	4240
8939	5011
8939	8596
8939	9384
8943	1692
8943	6861
8943	7743
8943	9494
8943	9621
8943	9803
8943	9871
8943	9946
8955	8164
8972	1841
8972	3789
8972	5731
8972	7610
8972	8032
8972	8665
8972	9108
8972	9849
8981	1079
8981	2082
8981	3749
8981	4476
8981	8474
8981	8636
8981	9212
8986	735
8986	5526
8986	7181
8986	7961
8986	9985
9006	3487
9006	4981
9006	5215
9006	6118
9006	8391
9006	8487
9006	8753
9006	8787
9006	9224
9006	9447
9009	3787
9009	8102
9009	9807
9014	311
9014	5549
9014	6521
9014	8021
9014	8184
9014	8619
9014	8794
9014	9293
9014	9343
9014	9690
9017	3590
9017	4784
9017	9582
9021	4250
9021	7237
9021	7926
9021	9690
9025	3682
9025	7911
9025	9927
9040	134
9040	5271
9040	6123
9040	6965
9040	7177
9040	7252
9040	7756
9040	9359
9040	9392
9040	9674
9058	3
9058	4373
9058	5617
9058	5679
9058	9474
9058	9727
9062	6650
9062	8871
9062	9435
9062	9521
9069	797
9069	3678
9069	5636
9069	8933
9069	9705
9074	1726
9074	6628
9074	7876
9076	822
9076	5163
9076	6880
9076	7743
9076	8169
9100	3085
9100	4543
9100	6161
9100	6428
9100	8437
9100	8808
9100	9384
9100	9455
9108	3789
9108	3992
9108	5375
9108	7610
9108	8972
9108	9920
9109	4414
9109	4818
9109	4942
9109	6105
9112	6208
9112	7350
9112	8158
9112	8275
9112	9360
9112	9409
9112	9727
9117	3395
9117	9152
9117	9671
9125	4234
9125	8419
9131	3282
9131	7297
9131	8158
9131	9141
9131	9594
9131	9909
9136	2143
9136	2360
9136	2615
9136	3923
9136	9441
9136	9513
9136	9849
9141	2275
9141	2683
9141	7297
9141	7905
9141	9131
9141	9594
9141	9689
9151	7959
9151	9465
9151	9795
9152	5562
9152	9117
9152	9807
9161	7492
9161	9395
9162	21
9162	944
9162	1349
9162	3400
9162	9447
9162	9460
9162	9720
9164	2708
9164	2781
9164	6887
9164	7219
9164	7613
9164	9521
9179	3487
9179	7953
9179	8076
9179	8344
9179	9240
9183	917
9183	3071
9183	8369
9183	9250
9183	9443
9183	9936
9185	8096
9185	8486
9185	8688
9186	2595
9186	8055
9186	8721
9190	5875
9190	6962
9197	6880
9197	7688
9197	8043
9197	9384
9212	55
9212	2082
9212	4406
9212	4476
9212	6280
9212	8344
9212	8981
9212	9540
9221	4748
9221	8446
9221	9946
9224	1017
9224	5215
9224	6118
9224	7959
9224	8024
9224	8275
9224	8753
9224	8787
9224	9006
9224	9447
9233	4234
9233	6539
9233	7975
9240	4960
9240	5975
9240	8344
9240	9179
9243	8069
9243	9321
9243	9827
9243	9985
9248	4772
9248	8530
9248	9773
9249	653
9249	8427
9249	8590
9249	9455
9250	4270
9250	5554
9250	6881
9250	7378
9250	9183
9258	119
9258	2977
9258	5784
9258	7851
9261	379
9261	6095
9261	6862
9261	8437
9261	9610
9261	9611
9261	9706
9261	9803
9262	3450
9262	8030
9262	8849
9262	9378
9262	9392
9262	9871
9265	2956
9265	4989
9265	6065
9265	6640
9265	8384
9265	9403
9265	9874
9277	5104
9277	7359
9277	7469
9277	8327
9277	8427
9277	8482
9277	9460
9277	9596
9277	9746
9277	9780
9290	5617
9290	7792
9290	9505
9293	3539
9293	4186
9293	4876
9293	5549
9293	6080
9293	6540
9293	6665
9293	8619
9293	8794
9293	9014
9293	9690
9293	9874
9302	176
9302	248
9302	534
9302	4982
9302	6539
9302	9856
9313	2683
9313	6726
9313	8342
9313	9594
9313	9795
9321	2282
9321	6959
9321	8375
9321	9243
9321	9829
9326	5265
9326	5437
9326	5637
9326	9745
9328	594
9328	5368
9328	9408
9328	9780
9328	9849
9343	492
9343	3539
9343	4970
9343	8619
9343	8794
9343	8839
9343	9014
9343	9690
9344	3171
9344	5789
9344	7188
9344	7347
9344	7847
9344	8603
9344	9906
9346	4290
9346	7161
9346	8084
9346	8361
9346	9474
9346	9780
9354	4585
9354	4808
9354	8224
9354	8483
9354	8533
9354	9379
9359	1220
9359	2467
9359	3923
9359	6511
9359	7552
9359	7690
9359	8090
9359	8698
9359	9040
9359	9869
9360	2683
9360	9112
9360	9540
9362	2745
9362	7177
9362	8370
9362	9767
9365	1055
9365	6322
9365	6426
9365	7950
9365	9638
9374	4146
9374	7161
9374	7289
9374	7908
9378	5637
9378	7289
9378	9262
9378	9621
9379	653
9379	9354
9384	1055
9384	4174
9384	4240
9384	5011
9384	5265
9384	5594
9384	6061
9384	8839
9384	8871
9384	8939
9384	9100
9384	9197
9391	3348
9391	3739
9391	4955
9391	5321
9391	5648
9391	6894
9391	8437
9391	8750
9391	9927
9392	8597
9392	8626
9392	9040
9392	9262
9395	450
9395	4942
9395	6539
9395	9161
9395	9497
9396	3010
9396	3085
9396	7351
9396	7361
9396	7816
9396	8279
9396	9540
9396	9679
9398	1939
9398	8375
9403	560
9403	5996
9403	9265
9403	9711
9403	9724
9403	9874
9408	5705
9408	8399
9408	8863
9408	9328
9409	3428
9409	5660
9409	6517
9409	7032
9409	7350
9409	9112
9409	9612
9409	9727
9410	1429
9410	3204
9410	5423
9410	8805
9422	2881
9422	6500
9422	7622
9422	7739
9422	7755
9424	726
9424	4175
9424	8916
9428	3291
9428	7847
9428	9826
9428	9853
9435	5594
9435	7269
9435	8454
9435	9062
9435	9487
9435	9521
9435	9705
9441	2360
9441	3787
9441	3923
9441	8275
9441	9136
9441	9849
9443	1593
9443	7959
9443	9183
9443	9674
9443	9856
9443	9936
9446	2356
9446	2592
9446	6610
9446	8200
9446	9679
9446	9937
9447	1017
9447	2045
9447	8753
9447	8787
9447	9006
9447	9162
9447	9224
9449	910
9449	4608
9449	5907
9449	9785
9449	9977
9455	8590
9455	9100
9455	9249
9455	9728
9455	9853
9460	3400
9460	5098
9460	9162
9460	9277
9460	9692
9460	9720
9462	4981
9462	5375
9462	6867
9462	8369
9465	3042
9465	9151
9465	9558
9474	2965
9474	9058
9474	9346
9485	57
9485	6595
9485	8867
9486	5913
9486	6801
9486	6982
9486	7169
9486	8487
9487	4543
9487	4917
9487	6380
9487	8482
9487	8912
9487	9435
9490	4155
9494	1692
9494	4025
9494	5926
9494	6224
9494	6861
9494	6982
9494	8342
9494	8943
9494	9621
9494	9803
9494	9946
9497	450
9497	2305
9497	4417
9497	6539
9497	9395
9500	1733
9500	5557
9500	7706
9500	8824
9500	9521
9500	9733
9505	2080
9505	5617
9505	8751
9505	9290
9512	689
9512	8275
9512	8537
9512	9546
9513	5163
9513	5201
9513	8375
9513	8596
9513	9136
9513	9687
9521	2734
9521	4155
9521	7755
9521	9062
9521	9164
9521	9435
9521	9500
9528	2244
9528	7181
9528	7295
9528	7622
9528	8853
9528	9546
9528	9785
9528	9942
9531	1640
9531	3372
9531	6965
9531	8555
9531	8863
9531	9692
9531	9700
9531	9940
9540	57
9540	6609
9540	9212
9540	9360
9540	9396
9540	9889
9546	689
9546	1817
9546	8537
9546	8642
9546	9512
9546	9528
9546	9785
9549	7908
9549	9624
9549	9658
9549	9815
9557	2174
9557	9963
9558	106
9558	1676
9558	8619
9558	9465
9563	311
9563	1367
9563	3634
9563	5108
9563	9594
9563	9678
9570	555
9570	3880
9570	4358
9570	5188
9570	7745
9570	8794
9570	8830
9570	9959
9571	2396
9571	6291
9571	7440
9582	5383
9582	6496
9582	8117
9582	8698
9582	9017
9584	2416
9584	6168
9584	8200
9587	3975
9587	5526
9587	6534
9587	9826
9594	2275
9594	3250
9594	3282
9594	6726
9594	7297
9594	7905
9594	8032
9594	8158
9594	8255
9594	9131
9594	9141
9594	9313
9594	9563
9594	9596
9594	9795
9596	5131
9596	7765
9596	8649
9596	9277
9596	9594
9596	9705
9598	6862
9598	7348
9598	9826
9599	5814
9599	6073
9599	7876
9608	3055
9608	3401
9608	3749
9608	7975
9608	8490
9610	1598
9610	3975
9610	7546
9610	9261
9611	2609
9611	7217
9611	7953
9611	8344
9611	8793
9611	9261
9612	4234
9612	5705
9612	7756
9612	8863
9612	9409
9612	9689
9620	4436
9620	7191
9620	8926
9620	9649
9620	9728
9621	1692
9621	4025
9621	6650
9621	7047
9621	7888
9621	8444
9621	8943
9621	9378
9621	9494
9621	9771
9621	9803
9621	9946
9624	345
9624	3787
9624	6942
9624	8533
9624	9549
9628	7661
9628	8824
9638	1182
9638	8668
9638	8830
9638	8926
9638	9365
9638	9690
9649	215
9649	8027
9649	9620
9658	400
9658	678
9658	1600
9658	4290
9658	9549
9658	9829
9663	3881
9671	5924
9671	8189
9671	8474
9671	9117
9671	9700
9674	23
9674	1693
9674	1801
9674	3244
9674	4817
9674	6291
9674	9040
9674	9443
9678	7660
9678	9563
9678	9773
9678	9869
9679	2606
9679	7361
9679	9396
9679	9446
9679	9690
9679	9942
9681	1867
9681	2588
9681	4292
9684	2749
9684	3569
9684	8069
9684	8224
9684	9873
9684	9909
9686	5321
9686	7688
9686	8597
9686	9889
9687	2226
9687	7340
9687	7960
9687	8792
9687	8923
9687	9513
9689	6161
9689	6880
9689	8822
9689	9141
9689	9612
9690	2829
9690	4186
9690	4970
9690	5549
9690	6130
9690	8619
9690	8794
9690	9014
9690	9021
9690	9293
9690	9343
9690	9638
9690	9679
9692	1640
9692	2557
9692	6065
9692	6880
9692	7219
9692	8912
9692	9460
9692	9531
9692	9940
9700	6582
9700	8419
9700	9531
9700	9671
9700	9940
9705	1360
9705	2152
9705	8490
9705	9069
9705	9435
9705	9596
9706	379
9706	2598
9706	9261
9711	2592
9711	4082
9711	6358
9711	8841
9711	9403
9711	9995
9714	3046
9714	4818
9714	7961
9720	1349
9720	9162
9720	9460
9724	2061
9724	3640
9724	4155
9724	6055
9724	6817
9724	8384
9724	8481
9724	9403
9724	9874
9727	203
9727	3428
9727	6517
9727	7032
9727	7350
9727	8275
9727	9058
9727	9112
9727	9409
9728	5975
9728	9455
9728	9620
9728	9856
9728	9985
9731	3043
9731	7295
9733	3969
9733	8668
9733	8753
9733	9500
9745	339
9745	6105
9745	6990
9745	9326
9746	1817
9746	2448
9746	3313
9746	4331
9746	7359
9746	7469
9746	7563
9746	7740
9746	8327
9746	8482
9746	8721
9746	9277
9746	9780
9758	928
9758	2467
9758	3046
9758	3239
9758	7626
9758	9906
9767	1017
9767	6208
9767	8032
9767	8039
9767	8805
9767	9362
9767	9826
9767	9852
9767	9936
9771	3313
9771	8076
9771	8753
9771	8867
9771	9621
9771	9903
9771	9937
9773	3639
9773	7660
9773	8900
9773	9248
9773	9678
9780	599
9780	2448
9780	3313
9780	4331
9780	6356
9780	7359
9780	7469
9780	7563
9780	8327
9780	8482
9780	8698
9780	8721
9780	9277
9780	9328
9780	9346
9780	9746
9780	9972
9785	492
9785	5437
9785	5907
9785	9449
9785	9528
9785	9546
9785	9977
9795	3282
9795	5298
9795	8158
9795	8853
9795	9151
9795	9313
9795	9594
9797	2570
9797	7424
9797	8256
9797	8275
9797	9853
9797	9927
9803	4917
9803	6817
9803	6861
9803	8563
9803	8943
9803	9261
9803	9494
9803	9621
9803	9946
9807	3528
9807	5489
9807	7237
9807	7622
9807	8027
9807	8260
9807	8841
9807	9009
9807	9152
9807	9872
9815	430
9815	3992
9815	5096
9815	9549
9819	1447
9819	3329
9819	3352
9819	3992
9819	4292
9819	4493
9819	7188
9819	8755
9819	8794
9826	2570
9826	4405
9826	4436
9826	7676
9826	8369
9826	8490
9826	8533
9826	8822
9826	9428
9826	9587
9826	9598
9826	9767
9826	9873
9827	927
9827	5731
9827	8375
9827	9243
9827	9985
9829	65
9829	4600
9829	5625
9829	5979
9829	5997
9829	8039
9829	8711
9829	9321
9829	9658
9849	2143
9849	2360
9849	2615
9849	3923
9849	5526
9849	8972
9849	9136
9849	9328
9849	9441
9849	9937
9852	167
9852	1216
9852	3450
9852	6933
9852	8895
9852	9767
9853	2939
9853	9428
9853	9455
9853	9797
9856	248
9856	5096
9856	9302
9856	9443
9856	9728
9869	1220
9869	2467
9869	3138
9869	3630
9869	7552
9869	8090
9869	8483
9869	9359
9869	9678
9871	6015
9871	7690
9871	7961
9871	8018
9871	8943
9871	9262
9872	3204
9872	5489
9872	9807
9873	1676
9873	3046
9873	4405
9873	4436
9873	7340
9873	8019
9873	9684
9873	9826
9874	3640
9874	4155
9874	4989
9874	6640
9874	6874
9874	8384
9874	9265
9874	9293
9874	9403
9874	9724
9876	4925
9889	3425
9889	3707
9889	4256
9889	5122
9889	5281
9889	6881
9889	7911
9889	8175
9889	9540
9889	9686
9903	2282
9903	6990
9903	7624
9903	9771
9906	1216
9906	5875
9906	8753
9906	9344
9906	9758
9909	2749
9909	5513
9909	8069
9909	8224
9909	9131
9909	9684
9920	2977
9920	3846
9920	4565
9920	5375
9920	8237
9920	8424
9920	9108
9927	1841
9927	2226
9927	3739
9927	4955
9927	5648
9927	6894
9927	8076
9927	8327
9927	8750
9927	9025
9927	9391
9927	9797
9927	9942
9927	9977
9932	183
9932	3678
9932	7852
9932	9946
9936	7959
9936	9183
9936	9443
9936	9767
9937	3042
9937	6628
9937	7038
9937	7047
9937	9446
9937	9771
9937	9849
9940	3043
9940	3372
9940	7289
9940	8095
9940	8437
9940	8555
9940	9531
9940	9692
9940	9700
9942	4978
9942	7181
9942	7295
9942	8275
9942	8853
9942	9528
9942	9679
9942	9927
9946	2356
9946	6861
9946	8943
9946	9221
9946	9494
9946	9621
9946	9803
9946	9932
9959	4270
9959	4406
9959	5126
9959	5143
9959	6982
9959	7941
9959	8318
9959	8389
9959	8900
9959	9570
9963	6158
9963	6510
9963	8090
9963	8295
9963	9557
9972	5761
9972	9780
9977	492
9977	905
9977	3400
9977	5907
9977	6959
9977	8370
9977	9449
9977	9785
9977	9927
9985	555
9985	1385
9985	5731
9985	5861
9985	8483
9985	8595
9985	8986
9985	9243
9985	9728
9985	9827
9995	3860
9995	6987
9995	8841
9995	9711
