0 0.0
0.0009765625 5943.97468078
0.000977223760442 5527.7108568
0.000977885468645 6361.97858426
0.000988533943239 6056.62056986
0.00101910854598 8649.74136932
0.00101979861565 8869.09191637
0.00108092667421 11991.2210205
0.00108165860283 13683.7084269
0.00108239102707 13476.9983624
0.00111209827613 17861.9878101
0.00118275517415 18285.3697461
0.00118355605398 18811.8257823
0.00120294070775 21886.8632109
0.00127504654207 22868.1018081
0.00131893917568 26462.2176633
0.00136619108646 28959.6762884
0.0014189726522 29386.8702756
0.00145791770341 28941.4086944
0.00154008592784 31502.7701772
0.00156955392594 35039.0807992
0.00157061671908 33957.4273866
0.00166250929845 35794.901038
0.00175383235117 37089.6328749
0.00175620830275 37276.1740954
0.00179102352188 37596.5144584
0.00195444752088 40869.6703385
0.00195577093729 41347.0812469
0.00196905448851 41192.2421475
0.00199049608609 40777.1979505
0.00211552928909 42039.0249454
0.00212557711043 42866.252487
0.00212701640393 43044.8191632
0.00222871782763 43186.2368939
0.00223022696088 43286.750227
0.00232581671394 44746.2669176
0.00232739159582 44608.7577196
0.00232896754411 45422.4954468
0.00236871495222 43697.5439854
0.00237192389749 44888.0632893
0.00237352999996 44757.1914751
0.00257263221299 46217.9311544
0.00257786177719 47757.7590858
0.00276400619098 49050.6070912
0.00277525477842 49225.1416466
0.0028149865608 49815.7417215
0.0030141701244 50356.0829223
0.00301621111151 49201.5508057
0.00307184324374 51113.6526354
0.0030780875881 50098.9796512
0.00324497229244 52384.3568099
0.00330482378193 51564.3486447
0.00330706157955 51506.1675155
0.00341859015407 52364.8916048
0.00342553935442 52426.8494142
0.00362105297868 53394.5263912
0.00387989782322 54549.6600537
0.00388515399798 54356.1092558
0.00400531885512 55629.511696
0.00401074494024 55513.8879557
0.00405441908918 54944.8920593
0.0044998778731 56530.441022
0.00450597394717 57911.7202438
0.00450902508043 56631.6392024
0.00453350864073 56808.0052796
0.00478901713383 58317.8741077
0.00503501201932 58768.8018492
0.00503842138049 59088.0707811
0.00509328619216 58803.7872756
0.00512094223252 60796.6364206
0.00539493133314 59559.095512
0.00540589797642 59263.2798984
0.00565288524283 61040.0450882
0.00567589060879 60791.9146648
0.00574546997749 60646.2888195
0.00577275839942 61503.7823522
0.00616034371137 61612.2113314
0.00616868925153 61687.4199537
0.00617286626036 62331.7837849
0.00653844852752 62951.9530678
0.00693976036891 64273.6590568
0.00695857596805 64119.6596515
0.00696800288934 63659.5834523
0.00697272113796 64560.2320092
0.00749648332747 64289.2141417
0.00751680835568 64529.3546054
0.00752189821733 64399.6519751
0.00766582218832 65229.9552285
0.00768660634075 64935.8423331
0.00811982338274 66387.6235506
0.00812532156437 65567.5669116
0.008130823469 66202.9733976
0.00843352546722 65885.7524385
0.00845066886713 65818.5082442
0.00882481194192 66925.9223628
0.00904862352995 67115.8075356
0.00986091679996 67567.5955201
0.00991446060306 68476.7367381
0.0100836661005 68277.9162939
0.0101178521651 68342.1270585
0.011086000688 69735.8028528
0.0116554493648 69967.3225004
0.0123540921951 69749.153181
0.0123708285296 70270.8001687
0.0123792051973 70152.3365286
0.012573441855 70222.8706398
0.0125819557184 70294.4791331
0.0142894455579 71982.6286398
0.01429912138 71707.5387549
0.014308803754 72205.7515286
0.0153732126815 72369.75591
0.0155827508763 72439.7793391
0.0178176777246 73216.8874668
0.0179508418228 73710.3574008
0.0185185787154 73291.0446753
0.0203180569278 74082.3456432
0.0204976391187 74660.2944329
0.0210744767979 74603.8684664
0.0211602429209 74625.7562867
0.0233424784678 75082.0954828
0.0233582843764 75006.0745729
0.024146027845 75221.0430494
0.0246914650415 75214.2324309
0.0250110760403 75158.8896771
0.0250280118075 75442.5120918
0.0294628144736 75491.4524871
0.0296027497123 75658.5690648
0.0340783666458 75643.6508136
0.0371627223438 75829.2417028
0.0416667118143 76065.1901257
0.0441045195722 76078.7698052
0.0512907952389 76168.1895086
0.0513950575214 76259.8108743
0.0514298586923 76240.6187041
0.056849097255 76324.1117347
0.0571964855201 76437.8763739
0.0625 76244.343558
0.0666962750423 76451.0044586
0.0713189704842 76305.4674763
0.0714639453986 76139.3146601
0.071560759027 76401.550979
0.0731277356052 76336.0106436
0.0761588893642 75970.6206489
0.0763653770608 76271.6278605
0.0769361094947 76268.8590651
0.0773015217283 76225.4121758
0.0833334236286 76170.2212426
0.0833898512475 76278.3940621
0.0906913883128 76321.6144355
0.090998854033 76184.3691032
0.0910604721501 76193.8798515
0.0913073621363 76098.454586
0.0965187555682 75940.3671464
0.0969115548553 76175.8505182
0.0999089555117 76128.7532942
0.100044304161 75608.5986343
0.104827834814 75826.2550321
0.111036165903 75623.6521566
0.111111351899 75298.9628194
0.111186588805 75463.7564878
0.112169317188 75446.4430718
0.119700410087 74910.5902021
0.126789555624 74882.7825123
0.126875408724 74827.271334
0.133392550085 74549.7539539
0.142831175424 74107.5304442
0.142927890797 74034.594396
0.153664047248 73417.550038
0.155232226509 73390.6292481
0.166666847257 72180.1129508
0.166779702495 72252.3761583
0.167458440507 72333.141663
0.181751485713 72045.9215093
0.181874555222 71642.0793061
0.182614724273 71720.6553183
0.185605645734 71175.0205418
0.193037511136 70773.5998667
0.193560888924 70761.9631624
0.200088608322 69981.8734239
0.20022409446 70024.1046809
0.201447605548 70084.9472946
0.201584011905 69838.0701396
0.217313779667 69295.0522752
0.217460929497 69404.0930508
0.222222703797 68280.1221612
0.222373177611 68555.4852558
0.222523753314 68587.4157142
0.224338634375 68938.3011916
0.236661746766 68148.2182935
0.25 66835.1740186
0.253407521238 65655.7283633
0.253579111248 66181.505119
0.275782260098 64873.9376765
0.275969000731 64722.1331958
0.276155867811 65093.896712
0.285082843593 64762.6947612
0.285855781594 63926.8690857
0.287797307488 63961.5106151
0.294497670014 63833.1371333
0.305668345606 63515.8686438
0.305875323025 63558.7102514
0.307744437979 63500.4218932
0.308161345491 63383.663403
0.308370010996 63293.751177
0.316404878645 63332.6438238
0.333333694514 59408.1653163
0.333785268301 60349.037476
0.338563886734 59710.6560626
0.357403334598 58683.0931678
0.375253517407 57799.7011241
0.377546582287 58211.5871617
0.378058052152 58358.0512751
0.379853659419 58153.1818275
0.389751100059 57915.702061
0.396402801187 58874.5972118
0.399635822047 57784.1960637
0.399906427728 58466.3753675
0.400177216645 56839.787475
0.400448188921 56423.3540735
0.41255439348 56662.5062673
0.415919145082 56485.3862451
0.428783207787 55138.9363396
0.429364088928 55171.3577522
0.44414466361 55714.9174969
0.445047506629 55444.9645849
0.445952184918 56083.1508567
0.44625415283 54916.1591989
0.447767062237 55223.3090207
0.448070259058 55211.4542813
0.448677268751 55529.0143885
0.498985677928 54863.2582797
0.5 45492.2094845
0.500338565347 44485.4371639
0.500677359946 45087.0259276
0.502714950556 44290.6412276
0.575984367757 44406.5003304
0.578720036817 44017.0532062
0.600265174554 42853.0519738
0.666667389029 38263.4631912
0.66711880998 38561.5069824
0.677127773468 37567.5292639
0.750507034813 36510.395662
0.767460318211 36146.9246422
0.767979989148 35875.2527387
0.76850001197 35414.8238002
0.770583626879 36263.86915
0.771105412704 36199.1546629
0.958251703272 34772.7679566
0.962802971818 35284.311303
1 0.0
