0.00029397460514	0.00199184391208	0.00199319265073
0.00029397460514	0.0110560247639	0.0110635111376
0.00029397460514	0.0250110760403	0.0250280118075
0.00029397460514	0.0833334236286	0.0833898512475
0.00029397460514	0.136313466583	0.136405768615
0.000293974605141	0.676669579727	0.677127773468
0.000293974605141	0.145564106575	0.145662672499
0.000293974605141	0.169052924008	0.169167394932
0.000293974605141	0.169167394932	0.169281943367
0.000293974605141	0.192906887962	0.193037511136
0.000293974605141	0.199817911023	0.199953213864
0.000293974605141	0.199953213864	0.200088608322
0.000293974605141	0.222222703797	0.222373177611
0.000293974605141	0.222373177611	0.222523753314
0.000293974605141	0.25	0.250169282673
0.000293974605141	0.333108136771	0.333333694514
0.000293974605141	0.500338565347	0.500677359946
0.000293974605141	0.407282452298	0.407558235748
0.000293974605141	0.499661663751	0.5
0.000293974605141	0.5	0.500338565347
0.000293974605141	0.00142861028181	0.00142957763768
0.000293974605141	0.00212701640393	0.00212845667202
0.000293974605141	0.00212845667202	0.00212989791536
0.000293974605141	0.0030141701244	0.00301621111151
0.000293974605141	0.00376859424531	0.00377114607615
0.000293974605141	0.0082416472836	0.00824722795594
0.000293974605141	0.0145136549559	0.0145234825971
0.000293974605141	0.0207208437745	0.0207348744938
0.000293974605141	0.0246747570061	0.0246914650415
0.000293974605141	0.0293036982897	0.0293235407232
0.000293974605141	0.0360477915773	0.0360722006434
0.000293974605141	0.0424065135672	0.0424352283192
0.000293974605141	0.0555932944026	0.0556309383286
0.000293974605141	0.0675596042554	0.0676053509371
0.000293974605141	0.112093415296	0.112169317188
0.000293974605141	0.124915415938	0.125
0.000293974605141	0.136405768615	0.136498133148
0.000587949210281	0.0136281578681	0.0136466202047
0.000587949210281	0.0423491423417	0.0424065135672
0.000587949210281	0.049988303466	0.0500560236151
0.000587949210281	0.111111351899	0.111261876657
0.000587949210281	0.00199319265073	0.00199589286847
0.000587949210281	0.0359990229848	0.0360477915773
0.000587949210281	0.0674682037377	0.0675596042554
0.000881923815422	0.989897849844	0.991910082425
0.000881923815422	0.0498868949869	0.049988303466
0.000881923815422	0.249492838964	0.25
0.00117589842056	0.00489057139792	0.00490383108213
0.00117589842056	0.16621618945	0.166666847257
0.00117589842056	0.136498133148	0.136868217131
0.00117589842056	0.500677359946	0.50203483398
0.00117589842056	0.00387202689122	0.00388252502112
0.0014698730257	0.407558235748	0.408939956645
0.0014698730257	0.408939956645	0.410326361911
0.00176384763084	0.536830692328	0.539015414997
0.00205782223598	0.136868217131	0.137518280167
0.00235179684112	0.0293235407232	0.0294827646496
0.00235179684113	0.0250280118075	0.0251639114367
0.00264577144627	0.145662672499	0.146552774639
0.00293974605141	0.0145234825971	0.0146221257569
0.00323372065655	0.111261876657	0.112093415296
0.00323372065655	0.00818050856156	0.0082416472836
0.00352769526169	0.0676053509371	0.0681567332916
0.00352769526169	0.991910082425	1
0.00352769526169	0.222523753314	0.224338634375
0.00382166986683	0.00901194789434	0.0090916004592
0.00440961907711	0.539015414997	0.544516199406
0.00470359368225	0.329519900317	0.333108136771
0.00529154289253	0.00541322145394	0.00547958082508
0.00529154289253	0.0294827646496	0.029844186723
0.00558551749767	0.0246914650415	0.0250110760403
0.00617346670795	0.0665159320553	0.0674682037377
0.00617346670795	0.166666847257	0.169052924008
0.00646744131309	0.00238641803315	0.00242222210673
0.00646744131309	0.0207348744938	0.0210459654099
0.00646744131309	0.666667389029	0.676669579727
0.00764333973366	0.0154881075649	0.0157631023659
0.00823128894394	0.0110635111376	0.0112752003164
0.00852526354908	0.302785324583	0.308787765984
0.00881923815422	0.00530440353989	0.00541322145394
0.00970116196964	0.0060283402488	0.00616451506917
0.0102891111799	0.00139516206871	0.00142861028181
0.0114650096005	0.00377114607615	0.00387202689122
0.0114650096005	0.137518280167	0.141196991071
0.0132288572313	0.141196991071	0.145564106575
0.0138168064416	0.0116712392339	0.0120485220735
0.0149927048622	0.0112752003164	0.0116712392339
0.0149927048622	0.193037511136	0.199817911023
0.016756552493	0.00658285751953	0.00684180997278
0.0173445017033	0.0984988028192	0.102512176337
0.0179324509136	0.00469274712912	0.00489057139792
0.0214601461753	0.00242222210673	0.00254491985273
0.0232239938061	0.0157631023659	0.0166289830138
0.024987841437	0.0146221257569	0.0154881075649
0.0252818160421	0.00142957763768	0.00151526838506
0.0267516890678	0.0136466202047	0.0145136549559
0.0276336128832	0.00199589286847	0.00212701640393
0.0282215620935	0.308787765984	0.329519900317
0.0285155366986	0.00616451506917	0.00658285751953
0.0288095113038	0.00282070877514	0.0030141701244
0.0291034859089	0.50203483398	0.536830692328
0.0293974605141	0.0920520556793	0.0984988028192
0.0302793843295	0.00151526838506	0.00162468416048
0.0317492573552	0.0360722006434	0.0388080566273
0.0326311811706	0.00129417640934	0.00139516206871
0.0341010541963	0.00490383108213	0.00530440353989
0.0341010541963	0.0166289830138	0.017987331718
0.0349829780117	0.102512176337	0.111111351899
0.037628749458	0.125	0.136313466583
0.0379227240631	0.0388080566273	0.0423491423417
0.0385106732734	0.00684180997278	0.00747621325699
0.0385106732734	0.00824722795594	0.00901194789434
0.0390986224837	0.00747621325699	0.00818050856156
0.0399805462991	0.00301621111151	0.00330706157955
0.0411564447197	0.00117716416895	0.00129417640934
0.0414504193248	0.00547958082508	0.0060283402488
0.0429202923505	0.0833898512475	0.0920520556793
0.0446841399814	0.00254491985273	0.00282070877514
0.0455660637968	0.0500560236151	0.0555932944026
0.0455660637968	0.200088608322	0.222222703797
0.0461540130071	0.224338634375	0.249492838964
0.0467419622174	0.112169317188	0.124915415938
0.0493877336636	0.00212989791536	0.00238641803315
0.0535033781356	0.0120485220735	0.0136281578681
0.0546792765562	0.146552774639	0.16621618945
0.0567370987921	0.169281943367	0.192906887962
0.0567370987921	0.00330706157955	0.00376859424531
0.0614406924744	0.017987331718	0.0207208437745
0.0661442861566	0.0251639114367	0.0293036982897
0.069084032208	0.0210459654099	0.0246747570061
0.0702599306286	0.0424352283192	0.0498868949869
0.0776092957571	0.0556309383286	0.0665159320553
0.0811369910188	0.0009765625	0.00117716416895
0.0814309656239	0.029844186723	0.0359990229848
0.0823128894394	0.00388252502112	0.00469274712912
0.0829008386497	0.250169282673	0.302785324583
0.0849586608856	0.0090916004592	0.0110560247639
0.0855466100959	0.410326361911	0.499661663751
0.0870164831216	0.333333694514	0.407282452298
0.0873104577268	0.0681567332916	0.0833334236286
0.087898406937	0.544516199406	0.666667389029
0.0884863561473	0.00162468416048	0.00199184391208
0.164919753484	0.677127773468	0.989897849844
