466	466
356	356
7202	7202
764	764
5301	5301
8474	8474
1680	1680
2913	2913
685	685
1978	1978
7069	7069
5676	5676
8870	8870
958	958
3775	3775
6838	6838
3515	3515
321	321
619	619
2907	2907
5614	5614
700	700
1535	1535
2878	2878
142	142
2291	2291
3126	3126
6655	6655
5639	5639
1560	1560
2874	2874
4188	4188
1808	1808
4494	4494
2266	2266
915	915
3957	3957
3072	3072
4336	4336
3778	3778
2893	2893
4236	4236
1419	1419
2233	2233
382	382
1667	1667
1138	1138
651	651
1617	1617
2104	2104
5654	5654
1088	1088
6083	6083
3237	3237
4182	4182
1815	1815
451	451
909	909
5773	5773
6427	6427
4576	4576
39	39
8228	8228
926	926
3612	3612
4447	4447
3402	3402
6575	6575
3352	3352
4695	4695
637	637
2446	2446
5917	5917
3223	3223
3710	3710
4414	4414
1199	1199
8930	8930
6571	6571
285	285
2971	2971
2921	2921
7306	7306
1397	1397
910	910
5955	5955
3219	3219
6182	6182
5805	5805
3069	3069
2330	2330
2686	2686
7194	7194
2149	2149
706	706
5264	5264
2528	2528
5512	5512
6457	6457
1891	1891
1052	1052
4086	4086
1350	1350
7209	7209
3499	3499
3965	3965
284	284
1119	1119
6093	6093
184	184
6441	6441
6064	6064
3626	3626
2479	2479
1565	1565
1167	1167
6458	6458
4607	4607
1523	1523
4986	4986
2627	2627
4457	4457
3543	3543
4399	4399
828	828
6687	6687
1105	1105
4278	4278
2825	2825
5490	5490
445	445
5898	5898
6652	6652
4882	4882
803	803
4266	4266
5101	5101
2773	2773
5459	5459
2642	2642
3121	3121
872	872
1953	1953
3246	3246
6440	6440
510	510
1476	1476
7733	7733
83	83
6717	6717
1295	1295
6798	6798
1753	1753
2609	2609
1724	1724
5224	5224
3394	3394
3344	3344
6538	6538
4558	4558
7469	7469
2047	2047
2963	2963
2455	2455
1968	1968
2376	2376
6405	6405
5410	5410
5012	5012
1789	1789
3967	3967
7996	7996
3917	3917
8273	8273
4550	4550
442	442
2162	2162
4442	4442
4748	4748
6041	6041
967	967
3653	3653
5962	5962
2391	2391
3226	3226
4032	4032
2181	2181
4207	4207
3343	3343
1492	1492
8715	8715
5123	5123
2764	2764
4107	4107
4586	4586
884	884
2148	2148
6685	6685
1619	1619
1132	1132
2933	2933
1032	1032
5540	5540
3291	3291
2442	2442
7874	7874
1478	1478
2771	2771
2750	2750
3535	3535
5226	5226
4320	4320
1118	1118
8697	8697
3652	3652
4618	4618
2259	2259
3979	3979
3850	3850
6138	6138
1593	1593
2436	2436
6944	6944
6407	6407
3163	3163
6307	6307
2911	2911
196	196
4712	4712
3238	3238
1002	1002
6840	6840
3138	3138
2572	2572
671	671
3836	3836
8839	8839
6480	6480
4448	4448
2766	2766
1860	1860
8138	8138
4059	4059
5483	5483
6826	6826
359	359
3901	3901
1269	1269
5806	5806
5777	5777
9327	9327
7497	7497
4384	4384
3389	3389
2504	2504
7397	7397
1967	1967
2244	2244
16	16
4909	4909
5388	5388
3160	3160
1913	1913
847	847
210	210
2359	2359
