0 0.0
0.0009765625 450.576263105
0.00106639166522 337.552849268
0.00106711375175 1312.92383399
0.00107654549151 714.215977238
0.00110011876817 1500.67133382
0.00117318678228 1550.99112731
0.00117398118306 2828.19721867
0.00120538600701 1202.03278958
0.00121603987322 2703.23181727
0.00123930757538 2553.63972058
0.00128457586602 3172.05216059
0.00128544569176 3513.77474752
0.00129417640934 2042.11610923
0.00132789738022 3907.63105486
0.00137360936896 4512.55499506
0.00144318959985 6375.78315881
0.00144416682783 6263.85439914
0.00148079324811 7693.49429046
0.00150199294319 5909.45792986
0.00152452774855 5649.36819242
0.00157487509301 7402.37959961
0.00158557160842 8419.63448617
0.00164237581104 9698.95179405
0.00187031890761 11883.9396313
0.00195444752088 13060.7408295
0.00196639058008 13087.5745096
0.0019717220058 12594.6759223
0.00204512714039 12905.2828571
0.00209132473533 13353.7335892
0.00212989791536 13867.8175996
0.00232424289774 15097.1741483
0.00232896754411 13921.3930977
0.00239937604708 15888.7097578
0.00258835281867 15292.2488095
0.00273608378541 16812.8090792
0.00274350206111 16418.3395915
0.00301621111151 17759.4027852
0.00358447255777 19391.109039
0.00361615410278 19120.1967609
0.00385633289679 19525.2782221
0.00386417192654 19852.844408
0.00442137536822 20204.6410432
0.00443036299817 20538.1050095
0.00481828142182 21524.4673287
0.00485100707841 21096.8383649
0.00506577951036 22164.3272117
0.00554300034401 22464.4610431
0.00554675367968 22332.5307044
0.00555426797722 23008.3987398
0.00573769700522 23025.0446952
0.00594325398011 22970.5801118
0.00669973762166 23675.7053449
0.00670427421964 24014.8486149
0.00670881388949 23922.1914526
0.00671335663329 24144.8956295
0.00740569866068 24416.6699223
0.00742577754669 24657.1881883
0.00768140502565 24468.5925154
0.00832575531395 25014.2072186
0.00833139293841 25442.2716626
0.00833703438029 25643.1434279
0.00899366585901 25830.9216086
0.00964961768701 26354.0622119
0.0109665824349 27064.7344082
0.0109814390823 27077.1924931
0.0109888749517 26982.2010345
0.0119591429461 27311.9805327
0.0119672408489 27322.0205695
0.0128313814527 27358.7924759
0.0138795207378 27843.8268297
0.0140211646485 27899.8854576
0.0152385261843 27914.8825543
0.0152901884701 28014.5965151
0.0158809111705 28143.7001802
0.0162396467655 28456.7102154
0.0189882399997 28876.8000747
0.0208898408652 29298.5657065
0.0209039860177 29006.7143098
0.0224286154686 29373.5298761
0.024825537255 29531.6248711
0.0267989504867 29844.728646
0.0268534265332 29830.644752
0.0274414400058 29717.7452711
0.0286757804621 29839.5158235
0.0287924813671 29963.3476111
0.02881197764 30102.669398
0.0333255717537 30066.8270659
0.0333481375212 30201.7343612
0.0384420244727 30278.6391967
0.0385723522244 30413.5157018
0.0399001799293 30330.6729938
0.0400083602916 30325.7027937
0.0442240990557 30502.3782159
0.0445244681193 30603.7566618
0.0466849569355 30697.9864964
0.0467165687527 30487.7833837
0.0499544777559 30563.8187638
0.0500221520806 30657.1740247
0.0502937674198 30630.3345579
0.0503278228734 30652.4668338
0.0555932944026 30816.0306652
0.0560846585938 30690.6207708
0.0664259435083 30926.6533958
0.0666962750423 30993.6179973
0.071126127988 30997.6891815
0.0711742896723 30872.2052644
0.076832023624 30891.2245548
0.0768840489454 30933.0795628
0.0769361094947 30989.8575235
0.0769882052959 30915.0656449
0.0833334236286 31115.4169112
0.0842979071915 31033.0315694
0.0938769032702 30957.4869054
0.0940677332265 30881.6564984
0.100044304161 30902.1183407
0.10011204723 30985.2983754
0.10045145126 31007.2721006
0.100519470021 30965.9034542
0.10058753484 30878.0760746
0.100655645747 30913.5767868
0.110961030783 30809.6796279
0.111111351899 30844.548379
0.111261876657 30910.0179192
0.111563538207 30897.9384499
0.124915415938 30855.3852987
0.125 30754.1250193
0.132851887017 30527.7282648
0.133121944069 30629.6225453
0.133302287015 30701.0261938
0.133392550085 30746.4964846
0.138733742557 30634.5970348
0.138827683433 30549.4859885
0.138921687918 30601.8934313
0.139298342824 30630.6291869
0.142927890797 30448.3578023
0.144484273485 30508.6103536
0.144680009204 30479.6469031
0.152937661512 30342.0929666
0.153144849205 30434.0548212
0.162214710565 30266.5687735
0.162874870575 30449.1947298
0.164759950158 30465.4641364
0.166666847257 30079.2377685
0.167345125986 30162.8078958
0.184603268242 29987.4636716
0.199277614599 29892.1484185
0.199412551588 29749.6985545
0.199817911023 29589.0809336
0.199953213864 29809.7739589
0.200088608322 29209.8416374
0.200495342024 29428.0192093
0.209088772455 29520.9789631
0.210081850944 29293.7891744
0.222072331805 29199.7610196
0.222222703797 28873.7268197
0.222523753314 29213.0974449
0.224338634375 29317.0922737
0.249492838964 29032.9070733
0.25 28095.0062795
0.252209637855 28231.082104
0.252722321513 28067.0836871
0.258431092968 28152.8016394
0.272996266296 27893.7008292
0.280109438102 27970.2157127
0.28701911971 27526.2609974
0.311095555195 27414.6247323
0.311727940256 27530.7608523
0.333333694514 26072.9510742
0.333785268301 26276.8097066
0.334011284551 26301.438206
0.360562262349 25836.533816
0.385813775923 25734.7771172
0.398555229198 25464.4415417
0.400177216645 24782.5759683
0.400448188921 24939.1746618
0.410326361911 24989.7267991
0.428783207787 24702.3625047
0.443844123132 24456.2679339
0.482053650078 24010.6348637
0.5 20501.3778346
0.563642210486 20243.984148
0.564023869927 20361.9587013
0.566319259799 20475.025295
0.600265174554 19512.6640922
0.603116166625 19229.4594515
0.663515983801 19266.2393982
0.666667389029 17146.3092671
0.667570536602 17128.8161504
0.671195378602 17131.9227811
0.750507034813 15960.2326857
0.771105412704 16095.7911809
0.852357904829 15852.2776275
0.872792698375 15987.5744493
1 0.0
