22	9415
22	9545
29	4508
34	7388
37	3166
68	6606
68	7233
68	7735
70	9939
81	9958
92	340
95	9699
99	7504
105	1914
105	2094
108	7282
111	9667
113	6823
114	8882
121	6611
121	7220
123	9177
123	9795
126	7870
127	6121
127	8729
128	4976
129	7617
129	8112
130	5082
130	7250
131	5354
131	9236
145	1929
145	7218
150	1409
150	6592
150	6823
150	7939
151	9779
155	9958
169	4335
175	4903
175	7409
179	8115
185	8348
191	4821
191	7204
191	7660
192	944
192	7362
192	9647
195	1507
201	8992
201	9515
205	8257
209	8631
221	9024
221	9602
223	1642
223	6689
233	8870
246	9031
248	5096
248	9856
259	9040
264	1119
264	3670
264	5539
264	9181
269	3662
269	9482
279	8103
279	9567
300	2983
309	7354
309	7821
309	8344
313	3737
313	9538
313	9787
319	5902
319	7150
323	2715
323	3982
323	5277
333	7689
340	92
340	3814
340	5065
340	8246
341	3726
342	5672
346	8780
358	7567
361	7533
361	8377
361	9076
365	1224
384	5564
397	6472
401	1023
401	4693
401	7647
405	5375
405	7814
405	8223
412	7247
412	9315
413	8939
425	9426
425	9664
425	9740
429	1546
429	8106
431	3504
431	7010
431	8596
431	8992
432	8523
432	8911
432	9070
432	9948
433	1198
435	4315
435	7277
440	7052
440	9856
444	5611
445	1961
445	3613
470	5620
470	7932
471	8467
472	8411
478	9659
479	8440
479	9364
479	9386
480	9065
480	9532
485	1769
485	8283
489	6639
501	4660
501	6290
501	9693
505	4255
505	5667
505	5958
505	6058
505	8374
512	8420
512	9200
517	3006
519	7829
520	7482
520	9336
529	4927
529	5693
532	6034
537	2950
539	4782
539	7577
539	9054
539	9910
542	8814
556	7727
556	9787
557	8103
566	3683
574	9757
580	9052
580	9076
584	2843
592	2626
592	6538
592	8348
593	9567
596	5860
596	7842
596	9951
604	7634
618	5092
624	5958
624	8766
624	9996
637	8673
637	9591
640	6914
653	6430
653	9249
653	9379
653	9673
654	9664
654	9740
663	7698
663	8528
663	9638
664	6768
664	8602
672	4274
672	9873
693	5477
695	7655
696	3452
700	8901
702	3942
703	8193
707	8345
707	9936
718	7542
718	9185
729	5696
751	6832
751	9144
755	9328
755	9889
757	9141
766	8511
768	9939
770	7979
773	4788
773	5764
778	9699
778	9952
780	5099
780	9994
781	9196
789	9270
803	3662
806	7701
806	9582
816	6742
816	8287
821	8206
821	9340
821	9876
840	8244
840	8685
841	5115
876	8752
879	7533
879	8780
887	9245
887	9532
895	9948
899	2644
899	9801
904	3448
904	9789
904	9996
920	1450
920	9610
927	7349
930	9885
930	9921
937	1844
944	192
955	1289
955	4939
960	4422
960	9141
960	9795
961	9452
966	4280
966	8123
966	8140
966	9482
981	4476
981	6179
991	8659
991	9778
1007	5984
1007	7465
1017	5153
1023	401
1023	4847
1023	8896
1033	8901
1033	9366
1036	9196
1050	6446
1050	8992
1065	7474
1066	4253
1068	3670
1068	3901
1075	5595
1083	2770
1083	7324
1097	7660
1097	8200
1097	9672
1111	9179
1119	264
1119	9757
1120	7504
1138	9885
1142	6175
1142	8319
1142	8786
1144	1648
1144	4442
1146	9664
1154	8950
1154	9222
1154	9582
1161	4050
1161	8939
1162	8593
1184	7829
1184	9545
1192	9974
1198	433
1212	5510
1224	365
1235	2405
1235	9298
1238	4496
1238	4638
1247	3591
1247	3675
1247	7979
1253	9978
1269	9986
1271	8312
1271	9959
1273	6066
1273	7102
1289	955
1299	8228
1300	9647
1306	8752
1306	9936
1313	8032
1313	9298
1314	7421
1314	7588
1317	5814
1317	9877
1325	2547
1336	8344
1344	8457
1345	7829
1345	9856
1345	9939
1346	9453
1347	9286
1349	8528
1356	2279
1356	7339
1374	9789
1374	9951
1383	9184
1387	1605
1387	2804
1387	3472
1390	9732
1390	9867
1392	4597
1392	5911
1405	2907
1405	7180
1409	150
1409	8889
1419	2279
1422	9640
1423	8440
1428	7102
1428	9885
1434	7663
1434	9732
1438	8772
1438	9638
1450	920
1450	4253
1450	5015
1450	6979
1450	9795
1453	7818
1458	6938
1458	9892
1465	6146
1465	9104
1468	2254
1468	9856
1469	1762
1469	7346
1485	3680
1485	8386
1491	6622
1500	9206
1500	9545
1506	1970
1506	9877
1507	195
1507	2114
1507	9333
1523	5721
1523	6039
1523	8117
1523	8205
1523	9927
1532	9067
1543	9579
1546	429
1546	9181
1553	9342
1563	2964
1563	9986
1568	8836
1568	9889
1576	6606
1576	9732
1577	9921
1581	6446
1581	6680
1592	5104
1592	8842
1605	1387
1608	9542
1611	4389
1611	9876
1612	7761
1612	9916
1618	3745
1618	8707
1618	9515
1618	9542
1622	2370
1624	3464
1624	9976
1630	2291
1630	7324
1642	223
1642	6135
1648	1144
1648	6350
1648	7489
1648	9037
1655	9811
1666	2325
1666	2823
1667	4861
1667	7073
1673	8429
1673	9602
1689	9157
1697	6004
1697	8906
1697	9638
1699	8470
1704	9757
1708	8906
1716	4635
1716	7323
1723	6297
1723	8826
1723	8878
1725	9375
1729	3757
1729	9754
1745	8399
1745	9241
1749	7500
1749	8085
1749	8852
1751	4821
1751	6892
1751	9578
1762	1469
1764	9021
1769	485
1769	7246
1769	9640
1776	5988
1776	9428
1803	8864
1811	7542
1811	9037
1824	3901
1834	8729
1835	2012
1835	7282
1835	8901
1835	9270
1840	9647
1842	4330
1842	5284
1842	9984
1844	937
1849	8443
1849	8775
1860	8362
1860	9795
1863	7489
1863	9375
1870	4868
1870	4876
1872	7310
1872	7766
1879	3599
1880	5649
1882	8879
1882	9939
1885	4109
1885	6281
1890	4714
1890	9222
1914	105
1914	5958
1914	6073
1917	5223
1917	7941
1922	7978
1926	9638
1927	2547
1929	145
1929	2392
1929	6321
1935	8228
1935	8542
1936	4419
1936	8941
1938	3499
1938	6849
1938	6897
1938	8257
1938	8884
1948	6622
1948	6979
1952	8410
1959	2701
1959	9482
1961	445
1961	3034
1961	3337
1961	5872
1961	8820
1970	1506
1970	3182
1970	4640
1973	8754
1975	9924
1984	8297
1984	8878
1985	5150
1987	7117
1987	9144
1989	7231
1995	7616
1996	6927
1996	7118
1999	4370
1999	8788
2010	9538
2012	1835
2012	8733
2019	9870
2036	9196
2039	6546
2039	6825
2055	4274
2066	5575
2066	8034
2066	8133
2067	7421
2067	9808
2069	7319
2071	9404
2078	3748
2078	8410
2079	9356
2085	9272
2085	9667
2085	9698
2085	9978
2091	6455
2094	105
2094	7504
2096	9007
2099	7962
2099	9144
2103	9936
2107	4069
2114	1507
2114	4043
2114	9591
2128	2614
2128	8552
2128	9876
2131	8348
2142	7155
2142	8287
2171	8814
2171	9104
2177	2392
2177	9904
2194	4924
2194	8919
2194	9072
2196	5124
2196	6012
2201	3616
2201	9634
2202	9693
2205	3503
2205	6823
2214	5584
2214	9820
2225	9666
2236	6640
2243	9889
2243	9959
2247	4726
2247	6404
2247	6442
2247	6975
2250	9779
2253	5146
2253	5669
2254	1468
2254	5231
2254	7177
2255	9656
2264	9545
2272	9699
2272	9952
2277	4284
2279	1356
2279	1419
2279	3323
2279	9787
2284	9135
2285	6091
2285	6169
2285	9667
2291	1630
2291	3613
2294	2491
2294	5888
2314	3519
2314	7104
2316	7451
2325	1666
2325	6770
2334	8373
2346	7570
2346	9990
2351	9708
2351	9757
2367	7221
2370	1622
2370	7535
2379	6737
2379	6743
2383	8706
2388	4080
2388	8841
2388	9602
2388	9732
2392	1929
2392	2177
2392	7633
2393	6112
2393	9317
2401	4925
2405	1235
2415	4586
2415	7770
2418	5041
2418	9181
2422	7836
2444	5463
2445	3737
2449	7956
2449	7962
2455	9579
2461	6672
2461	8884
2465	8014
2477	6942
2477	8431
2477	8591
2479	5648
2479	6175
2479	8019
2479	9873
2480	7446
2482	7282
2491	2294
2491	4755
2491	9307
2493	7639
2498	7850
2498	8694
2499	8103
2540	6290
2540	9693
2547	1325
2547	1927
2547	8852
2550	9333
2568	3469
2568	9021
2569	2575
2575	2569
2575	3663
2575	5378
2579	7962
2579	9707
2596	9199
2601	3407
2601	6926
2601	9885
2612	6505
2612	6728
2614	2128
2626	592
2638	5565
2638	9808
2643	7698
2644	899
2659	9157
2661	9260
2665	9271
2665	9698
2666	8618
2666	9574
2670	4335
2670	8399
2677	8919
2677	9996
2678	8910
2680	5802
2680	8884
2683	4253
2683	4395
2683	9141
2694	7502
2694	8564
2695	8431
2695	8618
2695	9680
2695	9951
2701	1959
2701	9591
2701	9985
2708	6455
2708	7173
2710	7353
2710	9701
2715	323
2715	5564
2715	8523
2715	9379
2715	9952
2721	3254
2726	9758
2732	9286
2755	9413
2755	9656
2765	8673
2769	7570
2769	8782
2769	8788
2769	9928
2770	1083
2770	5150
2773	9199
2776	4334
2776	8431
2786	8593
2803	8685
2803	9549
2804	1387
2811	4574
2811	7935
2813	4080
2813	9841
2819	8226
2819	9877
2823	1666
2823	4280
2823	9189
2835	6701
2835	7533
2835	7766
2843	584
2854	3099
2854	7150
2854	9024
2860	3526
2862	4508
2862	6582
2862	7675
2862	9663
2862	9732
2878	6253
2878	8904
2891	8694
2907	1405
2907	3887
2914	3417
2914	6804
2914	9948
2929	3526
2937	6225
2937	7238
2937	9328
2938	6217
2938	9263
2944	3380
2944	7150
2946	8438
2946	8525
2946	9587
2948	7465
2950	537
2950	7064
2961	5860
2961	7442
2961	9582
2963	8919
2963	9974
2963	9996
2964	1563
2966	7180
2966	8502
2966	8903
2979	3196
2979	5055
2979	8884
2979	9200
2979	9847
2983	300
2983	5939
2993	7905
2993	9315
2993	9856
2996	5443
2996	7890
2996	8123
2996	8568
3001	9199
3006	517
3006	6938
3027	5115
3033	5152
3033	7336
3033	8411
3034	1961
3037	9170
3041	5504
3041	9820
3043	9974
3044	3196
3044	8423
3044	8884
3053	4755
3053	6440
3066	3346
3066	7148
3073	6165
3076	3239
3076	8535
3076	8981
3081	9634
3084	9911
3085	9396
3092	8882
3099	2854
3099	3323
3099	6538
3099	9024
3103	9130
3108	7821
3114	7504
3114	8113
3114	9245
3114	9532
3119	7353
3124	7310
3124	7766
3124	8193
3126	7727
3126	9178
3126	9787
3128	8754
3128	9870
3140	7870
3140	9835
3144	8490
3149	8729
3163	4098
3163	7010
3163	9808
3166	37
3166	6941
3166	8032
3166	9473
3166	9698
3167	5915
3167	9916
3168	3754
3174	7968
3174	9323
3177	9103
3180	7768
3180	7828
3182	1970
3182	7500
3182	8085
3182	8981
3189	9785
3195	8584
3196	2979
3196	3044
3210	9665
3229	7474
3233	8287
3233	9024
3235	7495
3239	3076
3239	4069
3239	9758
3242	4938
3243	9881
3246	7316
3246	7702
3254	2721
3254	7010
3254	7611
3254	9808
3271	8782
3271	9222
3280	4477
3286	6795
3286	7880
3299	9976
3304	5667
3304	7663
3304	9453
3307	4526
3308	6265
3308	7117
3309	9986
3323	2279
3323	3099
3323	5555
3326	5000
3326	9379
3327	8283
3327	9812
3332	3575
3332	3615
3336	5143
3336	9640
3337	1961
3340	5794
3340	8189
3341	8618
3341	9103
3345	3670
3345	3776
3345	8246
3346	3066
3346	4059
3346	6823
3346	8411
3351	8410
3352	4444
3352	6606
3352	9808
3380	2944
3380	4685
3380	5186
3380	8095
3385	5332
3385	9236
3395	7728
3395	8729
3395	9054
3399	8866
3400	3481
3400	6548
3400	8008
3400	9460
3407	2601
3407	5155
3407	9867
3417	2914
3417	5564
3418	4820
3418	8852
3418	9141
3418	9795
3424	9256
3444	9939
3448	904
3448	9222
3448	9260
3452	696
3452	6165
3452	8906
3454	5298
3457	5438
3457	8245
3458	9658
3459	7925
3459	9054
3462	8381
3462	9812
3462	9974
3464	1624
3464	8486
3469	2568
3469	6876
3472	1387
3472	8852
3474	3602
3474	9904
3477	7768
3477	9342
3480	4768
3480	6902
3480	9572
3480	9928
3481	3400
3481	7482
3481	9572
3485	9659
3486	3526
3486	8511
3489	5882
3489	8754
3494	4254
3494	7482
3499	1938
3499	9911
3502	8179
3502	8538
3502	9928
3502	9990
3503	2205
3503	4691
3504	431
3504	5860
3519	2314
3519	9610
3521	8312
3521	9170
3526	2860
3526	2929
3526	3486
3526	8511
3526	9665
3535	9847
3535	9936
3536	5684
3539	8184
3539	9293
3540	5104
3540	6927
3560	7258
3560	7865
3561	8130
3561	8906
3575	3332
3576	4065
3579	4847
3579	7326
3579	8870
3591	1247
3591	7236
3596	9849
3599	1879
3602	3474
3602	7379
3602	9801
3613	445
3613	2291
3613	3896
3613	4040
3615	3332
3616	2201
3616	8423
3616	9640
3618	6689
3623	9619
3626	6011
3626	6175
3626	8019
3627	4793
3627	6770
3627	9189
3627	9984
3628	4688
3628	9647
3640	4370
3640	7489
3640	9619
3650	6135
3650	9738
3655	7492
3655	9820
3658	8523
3659	9680
3659	9820
3662	269
3662	803
3662	7870
3662	8486
3662	9693
3663	2575
3663	9665
3663	9667
3664	7720
3664	9263
3666	7574
3670	264
3670	1068
3670	3345
3670	9808
3675	1247
3675	7624
3677	9021
3677	9886
3680	1485
3680	4796
3680	9958
3681	9144
3681	9847
3683	566
3683	9342
3698	5635
3699	6659
3699	9664
3704	8324
3704	8878
3711	9870
3726	341
3726	8348
3726	9656
3727	6639
3737	313
3737	2445
3737	9908
3739	6894
3739	8362
3739	9927
3745	1618
3745	9708
3747	9939
3748	2078
3748	8423
3750	8992
3752	8754
3754	3168
3754	6413
3754	7924
3757	1729
3757	9037
3758	6592
3762	7022
3768	5560
3775	4820
3775	9568
3776	3345
3776	9849
3779	7924
3779	8754
3782	9460
3783	9574
3783	9848
3787	7623
3792	8651
3797	6672
3797	7007
3797	8884
3805	9545
3814	340
3818	7155
3828	7634
3828	8362
3828	8591
3828	9091
3828	9927
3831	9264
3831	9591
3837	5830
3842	6960
3842	8327
3842	9849
3858	5620
3858	9070
3858	9196
3861	9317
3879	9308
3879	9838
3879	9847
3881	5438
3881	9663
3884	8673
3887	2907
3887	9031
3891	7968
3891	9757
3896	3613
3896	9155
3896	9699
3896	9952
3901	1068
3901	1824
3901	9090
3903	5014
3915	9812
3921	8470
3921	9362
3921	9892
3923	8106
3923	9849
3923	9994
3926	7643
3926	9959
3933	4038
3933	7134
3933	9315
3937	5489
3937	8244
3937	8879
3938	4567
3938	6281
3938	8246
3938	9870
3942	702
3942	5510
3942	7198
3942	9665
3942	9820
3943	8593
3943	9549
3965	8631
3965	9037
3974	6666
3974	7173
3974	8140
3976	4905
3976	9264
3982	323
3982	9779
3987	8429
3987	9433
4006	7632
4010	9177
4013	4960
4013	9103
4016	5509
4016	6919
4016	7801
4016	8755
4016	9264
4020	4217
4020	9744
4022	7385
4024	5383
4024	6273
4024	7492
4024	8205
4024	9178
4037	9426
4037	9664
4037	9740
4038	3933
4038	9578
4038	9785
4040	3613
4040	5213
4040	5720
4040	7872
4040	8344
4043	2114
4043	8430
4043	9744
4050	1161
4050	7319
4050	8939
4050	9568
4059	3346
4059	5077
4059	9877
4064	7421
4064	9379
4065	3576
4065	6217
4065	9572
4069	2107
4069	3239
4069	6134
4069	7204
4069	8196
4077	4640
4077	7588
4080	2388
4080	2813
4080	7398
4081	5201
4081	7570
4081	7880
4081	8179
4081	9928
4098	3163
4098	5260
4102	7876
4102	7947
4109	1885
4112	7319
4112	8782
4117	7478
4117	8866
4117	9103
4118	6053
4118	7198
4118	8246
4127	9323
4140	4284
4140	9141
4140	9658
4153	7229
4162	5872
4162	7786
4173	7093
4173	9659
4173	9859
4179	8706
4179	9099
4179	9236
4180	8673
4211	8826
4211	9263
4212	5114
4212	9838
4216	9910
4217	4020
4217	4671
4217	5748
4220	8204
4226	8646
4238	8120
4238	8870
4238	9157
4242	5077
4242	8904
4242	8950
4242	9841
4244	4640
4244	8766
4244	9666
4253	1066
4253	1450
4253	2683
4254	3494
4254	6725
4254	9978
4255	505
4255	8410
4259	4832
4259	9482
4262	9698
4264	9647
4266	6455
4266	8240
4267	9808
4267	9881
4274	672
4274	2055
4274	7231
4274	9052
4278	4515
4278	8386
4280	966
4280	2823
4280	9482
4283	5246
4283	6351
4284	2277
4284	4140
4284	5231
4284	6265
4292	6528
4292	9270
4313	7230
4313	9869
4315	435
4315	4441
4315	4497
4315	8901
4315	9379
4323	6648
4323	7761
4323	8602
4326	8225
4326	9708
4326	9873
4330	1842
4330	5200
4334	2776
4334	8490
4334	8618
4335	169
4335	2670
4335	6181
4335	7319
4340	9568
4341	6433
4346	9974
4347	8381
4361	5859
4370	1999
4370	3640
4374	9245
4374	9532
4389	1611
4389	8814
4389	8930
4389	9910
4393	9591
4395	2683
4395	6053
4395	7535
4395	8911
4398	9617
4400	9664
4400	9740
4400	9985
4419	1936
4419	6357
4419	6672
4419	8941
4419	9141
4420	7538
4422	960
4422	4575
4423	7478
4423	8624
4423	9243
4423	9854
4439	9921
4439	9948
4441	4315
4441	8804
4442	1144
4444	3352
4444	9841
4444	9976
4446	5245
4446	8992
4462	9449
4462	9785
4462	9801
4465	7922
4465	9766
4465	9778
4476	981
4476	8981
4477	3280
4488	7764
4488	8859
4488	9738
4489	4979
4489	6062
4489	8992
4489	9707
4493	8720
4493	9841
4493	9921
4496	1238
4496	8034
4496	8755
4497	4315
4497	5504
4497	7007
4497	7446
4497	7956
4497	8345
4500	9848
4500	9881
4506	8622
4507	9468
4508	29
4508	2862
4508	7612
4508	7956
4508	8554
4515	4278
4515	8542
4523	9766
4523	9778
4526	3307
4526	8521
4526	8633
4526	9820
4526	9876
4531	4550
4531	9766
4531	9778
4541	6164
4542	9876
4546	8707
4546	9787
4548	4671
4548	6854
4548	7177
4550	4531
4550	9766
4550	9778
4564	9308
4567	3938
4567	5246
4574	2811
4574	8405
4575	4422
4575	7905
4575	9141
4575	9795
4586	2415
4586	4788
4586	9118
4589	6574
4589	7698
4589	8185
4597	1392
4597	7677
4597	8622
4610	9801
4611	7918
4611	8754
4611	9673
4616	7379
4616	8786
4616	8923
4616	9506
4616	9707
4619	8941
4619	9336
4635	1716
4635	7323
4638	1238
4638	9698
4638	9744
4638	9985
4640	1970
4640	4077
4640	4244
4640	7095
4640	7952
4640	9542
4660	501
4660	9453
4661	7145
4661	9103
4662	7007
4662	7735
4662	7861
4671	4217
4671	4548
4671	5882
4685	3380
4685	5485
4685	8981
4688	3628
4691	3503
4693	401
4693	6412
4693	7221
4714	1890
4714	6361
4714	8950
4716	6323
4716	7231
4716	7548
4716	8374
4716	9130
4720	9754
4720	9876
4722	8325
4722	9856
4723	9199
4724	5511
4724	6514
4724	8486
4724	9185
4726	2247
4726	5174
4726	9638
4754	4796
4754	6271
4754	9130
4755	2491
4755	3053
4755	6915
4759	7354
4759	8521
4768	3480
4769	5714
4779	6574
4779	7282
4782	539
4788	773
4788	4586
4788	7565
4788	8786
4788	9468
4793	3627
4793	6121
4793	7870
4794	8874
4795	6607
4795	8399
4795	9241
4796	3680
4796	4754
4796	9130
4804	5174
4804	7896
4804	9889
4820	3418
4820	3775
4820	5389
4821	191
4821	1751
4821	9785
4831	6695
4831	8068
4831	8240
4831	8399
4832	4259
4832	6548
4832	9482
4840	6858
4840	9426
4840	9664
4840	9740
4841	6039
4841	6854
4847	1023
4847	3579
4847	7647
4848	6250
4848	7308
4848	8509
4848	9921
4849	7957
4849	9854
4855	5218
4855	6520
4855	9362
4861	1667
4861	9617
4866	9260
4866	9958
4868	1870
4868	7580
4876	1870
4876	8498
4876	8535
4876	9293
4890	8432
4890	9178
4890	9591
4897	8049
4897	8120
4903	175
4903	5231
4903	9426
4903	9664
4903	9740
4905	3976
4908	8410
4909	6828
4909	7216
4909	8864
4909	9259
4916	7316
4916	8828
4924	2194
4924	8114
4924	9106
4925	2401
4925	9876
4927	529
4927	6849
4936	8061
4936	8624
4936	9939
4938	3242
4938	5505
4938	6589
4938	7627
4938	9184
4939	955
4939	7623
4954	7216
4954	8864
4960	4013
4960	7765
4963	9994
4968	8431
4968	8882
4968	9801
4969	5114
4969	9701
4975	7308
4975	8095
4975	8512
4976	128
4976	5555
4976	9928
4977	8114
4978	6218
4978	6734
4978	8631
4978	8958
4979	4489
4979	8992
5000	3326
5000	5260
5014	3903
5014	6787
5015	1450
5015	8421
5015	9744
5015	9881
5019	7548
5019	9849
5024	5939
5024	6218
5024	7643
5041	2418
5041	7229
5041	8554
5046	9881
5050	6102
5050	7236
5050	9260
5051	9067
5051	9135
5051	9170
5055	2979
5055	6164
5055	9545
5055	9985
5065	340
5065	5383
5065	9314
5065	9986
5069	7150
5069	9024
5077	4059
5077	4242
5077	6582
5077	7099
5077	8901
5082	130
5092	618
5092	8498
5092	9067
5092	9072
5096	248
5096	5878
5096	9856
5098	5555
5098	8137
5098	9263
5098	9460
5099	780
5099	8828
5099	9994
5104	1592
5104	3540
5104	6927
5114	4212
5114	4969
5114	9506
5114	9948
5115	841
5115	3027
5123	6268
5123	7559
5123	9256
5123	9333
5124	2196
5124	6250
5124	6467
5124	8775
5124	9870
5143	3336
5143	7688
5143	8767
5143	9959
5146	2253
5146	7935
5150	1985
5150	2770
5150	7823
5152	3033
5152	6807
5152	9738
5153	1017
5153	7615
5153	7655
5153	9157
5155	3407
5155	8782
5155	9867
5156	9870
5167	6876
5167	8403
5174	4726
5174	4804
5174	8788
5174	9328
5174	9990
5186	3380
5193	8591
5200	4330
5200	7860
5201	4081
5201	8596
5201	8910
5201	8992
5210	8345
5213	4040
5213	5878
5218	4855
5218	6438
5223	1917
5223	5378
5223	7247
5223	8694
5223	9315
5223	9619
5225	8966
5225	9245
5225	9532
5227	7230
5227	8411
5231	2254
5231	4284
5231	4903
5231	8420
5231	9426
5231	9664
5231	9740
5242	5739
5242	7145
5242	7772
5245	4446
5246	4283
5246	4567
5246	7198
5260	4098
5260	5000
5260	8882
5261	6462
5261	7947
5261	9847
5269	6312
5269	8509
5277	323
5277	8852
5281	7565
5281	8836
5281	9889
5284	1842
5285	5560
5285	8814
5298	3454
5298	6034
5298	7134
5298	9795
5302	7958
5302	9986
5314	9065
5316	6201
5316	8906
5326	7872
5326	8312
5329	8755
5332	3385
5332	7042
5332	9315
5338	9185
5338	9885
5348	8008
5348	9568
5350	6290
5350	8420
5351	7119
5354	131
5354	9099
5354	9236
5354	9911
5363	5814
5363	7702
5363	8859
5363	9738
5365	8189
5365	9856
5365	9911
5375	405
5375	9647
5378	2575
5378	5223
5378	7814
5379	6610
5383	4024
5383	5065
5383	6186
5383	8117
5383	9582
5389	4820
5389	7689
5398	7958
5398	8287
5398	9272
5399	9031
5401	6102
5401	6245
5401	7977
5422	7064
5422	9307
5423	7538
5423	7701
5423	8887
5427	6248
5427	6373
5427	8826
5438	3457
5438	3881
5438	7682
5438	8470
5438	9340
5439	5882
5439	6563
5443	2996
5443	7890
5443	8879
5453	6919
5453	8457
5453	9877
5458	9293
5463	2444
5463	8633
5463	9404
5463	9638
5464	5607
5477	693
5477	8319
5482	7316
5482	7587
5482	9871
5485	4685
5485	8283
5485	8542
5487	9876
5487	9924
5489	3937
5489	8836
5489	9181
5489	9256
5504	3041
5504	4497
5504	7007
5504	7956
5504	8345
5504	8901
5505	4938
5505	6589
5505	9184
5505	9778
5509	4016
5509	9673
5510	1212
5510	3942
5510	8511
5511	4724
5511	5888
5511	9185
5529	6863
5529	9118
5534	7728
5534	8324
5534	9155
5539	264
5539	8964
5539	9091
5542	6611
5543	7385
5543	8324
5543	9259
5545	6546
5545	8767
5545	8878
5555	3323
5555	4976
5555	5098
5555	9542
5560	3768
5560	5285
5560	6046
5560	7565
5560	9452
5560	9744
5564	384
5564	2715
5564	3417
5564	6213
5565	2638
5565	6825
5565	7164
5565	9404
5565	9841
5565	9978
5572	7604
5572	8103
5572	8297
5575	2066
5575	9323
5584	2214
5584	6253
5584	7727
5584	8901
5584	9549
5588	8828
5588	9052
5588	9206
5595	1075
5595	6606
5607	5464
5607	9665
5609	6385
5611	444
5611	8772
5611	9054
5614	8034
5614	9838
5620	470
5620	3858
5622	9342
5628	7226
5628	7533
5633	8120
5635	3698
5635	7533
5635	8133
5635	9766
5636	6680
5636	7728
5646	8910
5648	2479
5648	6894
5648	8362
5648	9927
5649	1880
5649	6321
5649	9659
5667	505
5667	3304
5667	7469
5667	8374
5667	9666
5667	9921
5669	2253
5669	6607
5669	8608
5671	6489
5671	9161
5671	9707
5672	342
5672	6063
5681	8528
5681	9362
5684	3536
5684	8828
5684	9757
5692	7353
5692	8564
5692	9841
5692	9881
5693	529
5693	6221
5693	6418
5693	8511
5696	729
5696	7126
5696	9672
5696	9974
5714	4769
5714	9271
5720	4040
5720	9617
5721	1523
5721	7952
5732	6462
5732	8257
5739	5242
5739	6998
5739	7595
5747	8733
5748	4217
5748	6217
5748	7177
5757	8752
5762	8685
5764	773
5764	8640
5768	7079
5768	9617
5794	3340
5794	6998
5794	7250
5794	7595
5794	7772
5794	9179
5802	2680
5802	6542
5802	9091
5814	1317
5814	5363
5814	6385
5814	8068
5814	9738
5818	6446
5818	7918
5818	8061
5818	8512
5818	9663
5819	6716
5819	9838
5822	6672
5822	9871
5829	8245
5829	9076
5830	3837
5830	8939
5830	9936
5859	4361
5859	7226
5859	8184
5859	9841
5860	596
5860	2961
5860	3504
5860	9789
5860	9951
5872	1961
5872	4162
5878	5096
5878	5213
5882	3489
5882	4671
5882	5439
5882	7698
5882	8319
5882	9873
5888	2294
5888	5511
5888	7677
5888	7872
5888	8312
5888	8918
5899	6954
5899	9271
5902	319
5902	9820
5902	9849
5907	9449
5907	9785
5907	9801
5911	1392
5911	8733
5911	9099
5914	8244
5914	8826
5915	3167
5915	6253
5915	6438
5915	9104
5915	9130
5939	2983
5939	5024
5939	7407
5939	7890
5958	505
5958	624
5958	1914
5958	7702
5958	8509
5958	9666
5972	7764
5972	9189
5984	1007
5984	6570
5984	7533
5984	8369
5988	1776
5988	8140
5988	9708
5988	9927
5994	8720
5994	8911
5999	9263
6004	1697
6004	8906
6011	3626
6011	7761
6011	9789
6012	2196
6012	7034
6016	8729
6016	8804
6016	9859
6025	6112
6025	6872
6025	8457
6025	9191
6034	532
6034	5298
6039	1523
6039	4841
6039	6046
6039	8189
6039	9452
6046	5560
6046	6039
6046	6561
6046	9242
6046	9744
6048	9482
6048	9958
6053	4118
6053	4395
6053	6807
6053	9567
6053	9568
6058	505
6058	8706
6058	9854
6062	4489
6062	7079
6062	8992
6063	5672
6063	8596
6063	9811
6066	1273
6073	1914
6073	9572
6091	2285
6091	8602
6091	9974
6101	6281
6101	9582
6102	5050
6102	5401
6102	6189
6112	2393
6112	6025
6112	6361
6112	8772
6112	9634
6115	6349
6121	127
6121	4793
6121	7238
6128	8767
6128	9779
6134	4069
6135	1642
6135	3650
6135	6807
6135	9340
6146	1465
6146	9293
6146	9885
6164	4541
6164	5055
6164	9243
6164	9985
6165	3073
6165	3452
6166	7604
6166	8733
6166	9659
6169	2285
6169	9364
6175	1142
6175	2479
6175	3626
6175	8019
6175	9473
6179	981
6179	7548
6179	7850
6179	9342
6181	4335
6181	8841
6181	9640
6186	5383
6186	7633
6186	8502
6186	9090
6189	6102
6189	9141
6197	7250
6197	8006
6201	5316
6201	8115
6213	5564
6213	6327
6213	8034
6213	8673
6213	9396
6217	2938
6217	4065
6217	5748
6217	6561
6217	6640
6217	9619
6218	4978
6218	5024
6218	8995
6221	5693
6221	8106
6221	8459
6225	2937
6225	6822
6225	8786
6225	9181
6228	7444
6228	7624
6228	8633
6228	9413
6228	9680
6235	6897
6235	7164
6245	5401
6245	9396
6248	5427
6248	7349
6250	4848
6250	5124
6250	8775
6253	2878
6253	5584
6253	5915
6253	6592
6253	8640
6265	3308
6265	4284
6265	9333
6268	5123
6271	4754
6271	8538
6271	8788
6271	9928
6271	9990
6273	4024
6273	7720
6273	9263
6281	1885
6281	3938
6281	6101
6281	6672
6281	7229
6281	9362
6281	9885
6290	501
6290	2540
6290	5350
6290	8386
6295	8369
6295	8486
6295	9626
6297	1723
6297	7533
6304	7850
6307	8608
6307	8889
6307	9854
6312	5269
6312	6493
6315	6473
6321	1929
6321	5649
6321	6421
6321	6610
6323	4716
6323	6989
6327	6213
6327	8374
6327	8591
6327	8814
6327	9549
6327	9838
6336	9779
6349	6115
6349	9578
6349	9785
6349	9801
6350	1648
6350	7821
6350	8903
6350	9037
6351	4283
6351	7764
6351	8511
6357	4419
6361	4714
6361	6112
6373	5427
6373	9415
6384	7220
6384	7233
6384	9707
6385	5609
6385	5814
6385	9877
6387	6392
6387	8827
6389	9619
6392	6387
6392	6945
6404	2247
6404	7301
6404	8378
6404	8528
6404	8624
6406	9366
6407	9259
6412	4693
6412	9924
6413	3754
6414	8228
6414	8521
6414	9101
6414	9698
6418	5693
6418	8204
6418	8964
6421	6321
6421	6610
6430	653
6430	8035
6433	4341
6433	6858
6433	7675
6433	9757
6438	5218
6438	5915
6438	8377
6438	8827
6438	9104
6438	9904
6438	9916
6440	3053
6440	6802
6440	6915
6442	2247
6442	8528
6442	9293
6442	9638
6442	9789
6446	1050
6446	1581
6446	5818
6446	6784
6446	9161
6446	9889
6450	8069
6451	6589
6451	8123
6455	2091
6455	2708
6455	4266
6455	7617
6455	9336
6455	9473
6457	8112
6457	8373
6461	6941
6462	5261
6462	5732
6462	8443
6467	5124
6467	9701
6472	397
6472	9099
6472	9236
6472	9952
6473	6315
6473	7801
6473	9838
6489	5671
6489	7301
6489	7385
6489	8185
6490	7319
6493	6312
6493	9506
6493	9707
6494	7728
6497	8369
6497	9090
6497	9626
6505	2612
6505	6514
6505	7538
6505	8887
6514	4724
6514	6505
6514	7437
6514	7924
6514	9185
6514	9293
6520	4855
6520	7079
6528	4292
6528	8755
6528	9173
6528	9841
6538	592
6538	3099
6538	6938
6538	7717
6542	5802
6542	9091
6546	2039
6546	5545
6546	9916
6548	3400
6548	4832
6548	8095
6548	9260
6561	6046
6561	6217
6563	5439
6563	9958
6570	5984
6570	7764
6574	4589
6574	4779
6582	2862
6582	5077
6582	8901
6585	7814
6585	9091
6585	9904
6589	4938
6589	5505
6589	6451
6589	8694
6589	8981
6589	9184
6589	9976
6592	150
6592	3758
6592	6253
6593	9453
6601	9264
6604	7056
6606	68
6606	1576
6606	3352
6606	5595
6606	7867
6606	9732
6606	9848
6607	4795
6607	5669
6610	5379
6610	6321
6610	6421
6610	9314
6611	121
6611	5542
6611	8772
6622	1491
6622	1948
6631	8593
6631	8918
6631	9375
6631	9658
6634	7221
6634	8217
6634	9939
6639	489
6639	3727
6639	7024
6639	7093
6639	8950
6639	9222
6639	9978
6640	2236
6640	6217
6640	9619
6640	9848
6642	9173
6642	9789
6642	9841
6648	4323
6648	8512
6659	3699
6659	9698
6659	9984
6666	3974
6666	7359
6666	9693
6672	2461
6672	3797
6672	4419
6672	5822
6672	6281
6672	6832
6672	7956
6672	9037
6672	9200
6678	6892
6678	8137
6678	9758
6680	1581
6680	5636
6680	7316
6680	9871
6689	223
6689	3618
6689	8179
6689	9928
6689	9990
6695	4831
6695	7765
6701	2835
6701	7766
6701	8373
6716	5819
6716	7675
6716	8923
6716	9130
6725	4254
6725	7362
6725	8859
6728	2612
6728	7768
6728	9453
6730	9626
6734	4978
6734	8786
6734	9184
6734	9916
6737	2379
6742	816
6742	8861
6743	2379
6743	8889
6743	9460
6744	7932
6744	8019
6744	8196
6744	9135
6744	9795
6768	664
6768	9200
6770	2325
6770	3627
6770	7627
6770	9189
6784	6446
6787	5014
6787	9658
6795	3286
6802	6440
6802	8602
6802	9366
6804	2914
6804	8006
6804	8523
6804	9482
6807	5152
6807	6053
6807	6135
6807	9340
6807	9952
6813	9904
6815	7010
6815	7918
6815	9808
6822	6225
6822	8345
6822	8423
6823	113
6823	150
6823	2205
6823	3346
6825	2039
6825	5565
6825	7058
6828	4909
6828	8223
6828	9574
6832	751
6832	6672
6832	8755
6832	8884
6832	9170
6845	9185
6845	9260
6849	1938
6849	4927
6852	9426
6852	9664
6852	9740
6854	4548
6854	4841
6854	7948
6854	8189
6858	4840
6858	6433
6858	9649
6858	9974
6863	5529
6863	8502
6863	9065
6863	9090
6872	6025
6872	8113
6872	8438
6876	3469
6876	5167
6881	9889
6892	1751
6892	6678
6892	9449
6892	9578
6892	9785
6892	9801
6894	3739
6894	5648
6894	8345
6894	8864
6894	9270
6894	9927
6897	1938
6897	6235
6897	9572
6900	7675
6902	3480
6902	7727
6902	9908
6908	7478
6914	640
6914	7492
6914	9031
6914	9272
6914	9820
6915	4755
6915	6440
6919	4016
6919	5453
6919	8552
6919	9877
6926	2601
6926	9867
6927	1996
6927	3540
6927	5104
6927	8217
6927	9468
6928	7360
6928	9356
6928	9579
6928	9664
6935	7634
6935	9179
6938	1458
6938	3006
6938	6538
6940	8399
6940	9693
6940	9841
6941	3166
6941	6461
6941	9811
6941	9812
6942	2477
6942	7922
6942	9766
6942	9778
6943	9024
6943	9173
6945	6392
6945	7717
6945	9179
6954	5899
6954	8511
6954	8939
6954	9698
6960	3842
6960	9161
6960	9317
6971	7489
6971	8324
6971	8477
6971	8874
6975	2247
6975	8188
6979	1450
6979	1948
6979	7439
6979	9090
6979	9286
6979	9867
6988	9135
6988	9795
6988	9994
6989	6323
6989	9052
6993	7724
6993	8014
6993	8372
6993	8443
6993	8707
6998	5739
6998	5794
6998	7145
7007	3797
7007	4497
7007	4662
7007	5504
7007	8345
7007	9587
7010	431
7010	3163
7010	3254
7010	6815
7010	8888
7010	9241
7010	9808
7016	8591
7016	9532
7022	3762
7022	9892
7024	6639
7024	7198
7024	7952
7024	8187
7024	9375
7027	8381
7027	8853
7029	9024
7034	6012
7034	8538
7034	8788
7034	9328
7034	9928
7034	9990
7042	5332
7052	440
7052	9415
7052	9841
7056	6604
7058	6825
7058	8727
7058	9188
7064	2950
7064	5422
7064	7368
7064	9877
7066	7772
7073	1667
7073	7118
7073	8826
7079	5768
7079	6062
7079	6520
7079	7577
7079	9974
7093	4173
7093	6639
7093	8861
7093	9754
7093	9876
7095	4640
7095	9927
7099	5077
7102	1273
7102	1428
7102	7339
7102	8430
7104	2314
7110	7437
7110	9892
7117	1987
7117	3308
7117	8568
7117	9356
7118	1996
7118	7073
7119	5351
7119	9795
7119	9838
7119	9847
7126	5696
7126	7977
7134	3933
7134	5298
7134	7682
7145	4661
7145	5242
7145	6998
7145	7595
7148	3066
7148	8240
7150	319
7150	2854
7150	2944
7150	5069
7150	7717
7150	7922
7155	2142
7155	3818
7155	8184
7155	8918
7164	5565
7164	6235
7164	7221
7164	8386
7173	2708
7173	3974
7173	9099
7177	2254
7177	4548
7177	5748
7177	7695
7177	8864
7177	9040
7177	9362
7177	9779
7180	1405
7180	2966
7180	8206
7180	8374
7180	9340
7198	3942
7198	4118
7198	5246
7198	7024
7198	8246
7199	8411
7199	8896
7199	9867
7204	191
7204	4069
7204	9859
7205	7935
7205	9699
7206	9779
7216	4909
7216	4954
7216	7336
7218	145
7218	7647
7220	121
7220	6384
7220	9549
7221	2367
7221	4693
7221	6634
7221	7164
7226	5628
7226	5859
7229	4153
7229	5041
7229	6281
7230	4313
7230	5227
7230	7354
7230	8853
7230	8923
7230	9574
7230	9848
7231	1989
7231	4274
7231	4716
7233	68
7233	6384
7233	9426
7236	3591
7236	5050
7236	9958
7238	2937
7238	6121
7238	9701
7246	1769
7246	9640
7247	412
7247	5223
7247	9315
7248	8114
7248	9031
7248	9693
7250	130
7250	5794
7250	6197
7253	8564
7253	9881
7258	3560
7262	7727
7262	9572
7262	9787
7262	9908
7277	435
7277	8287
7282	108
7282	1835
7282	2482
7282	4779
7301	6404
7301	6489
7301	9638
7301	9974
7308	4848
7308	4975
7308	7310
7308	9974
7310	1872
7310	3124
7310	7308
7310	8113
7310	8622
7316	3246
7316	4916
7316	5482
7316	6680
7316	7587
7316	8228
7316	9871
7319	2069
7319	4050
7319	4112
7319	4335
7319	6490
7323	1716
7323	4635
7323	8593
7324	1083
7324	1630
7324	8754
7326	3579
7326	9976
7336	3033
7336	7216
7336	9206
7338	9364
7338	9869
7339	1356
7339	7102
7339	9754
7346	1469
7346	8378
7349	927
7349	6248
7353	2710
7353	3119
7353	5692
7353	8008
7353	8405
7353	9106
7353	9701
7353	9952
7354	309
7354	4759
7354	7230
7359	6666
7359	8327
7359	9976
7360	6928
7360	8767
7360	9200
7362	192
7362	6725
7368	7064
7368	7465
7368	9545
7370	7604
7372	8804
7372	9698
7379	3602
7379	4616
7379	8133
7381	7495
7381	8187
7381	9342
7385	4022
7385	5543
7385	6489
7385	8185
7385	8720
7388	34
7388	8240
7388	9243
7388	9985
7398	4080
7398	9333
7407	5939
7407	9672
7409	175
7409	8187
7409	8467
7413	7421
7413	8766
7413	9808
7421	1314
7421	2067
7421	4064
7421	7413
7421	8431
7421	9808
7421	9849
7437	6514
7437	7110
7437	8429
7437	9892
7439	6979
7439	7633
7439	8904
7439	8906
7439	9090
7439	9659
7442	2961
7442	8348
7442	9188
7442	9656
7444	6228
7444	8958
7446	2480
7446	4497
7446	7660
7446	9024
7446	9386
7451	2316
7451	9307
7451	9916
7465	1007
7465	2948
7465	7368
7465	8511
7465	9928
7469	5667
7469	8327
7470	8646
7470	8694
7470	8995
7470	9199
7474	1065
7474	3229
7474	9336
7474	9859
7478	4117
7478	4423
7478	6908
7478	7612
7478	7922
7482	520
7482	3481
7482	3494
7482	8982
7482	9812
7489	1648
7489	1863
7489	3640
7489	6971
7489	8477
7489	8842
7489	8874
7492	3655
7492	4024
7492	6914
7492	7567
7492	8633
7492	9161
7492	9680
7495	3235
7495	7381
7500	1749
7500	3182
7500	7735
7502	2694
7502	9242
7502	9308
7504	99
7504	1120
7504	2094
7504	3114
7504	7925
7504	9135
7533	361
7533	879
7533	2835
7533	5628
7533	5635
7533	5984
7533	6297
7533	9952
7535	2370
7535	4395
7535	9871
7538	4420
7538	5423
7538	6505
7538	9340
7542	718
7542	1811
7542	8431
7542	8459
7542	8490
7542	9602
7548	4716
7548	5019
7548	6179
7548	9362
7553	8377
7559	5123
7559	9835
7565	4788
7565	5281
7565	5560
7565	9744
7565	9795
7567	358
7567	7492
7567	8209
7567	9568
7570	2346
7570	2769
7570	4081
7570	8179
7570	9328
7570	9928
7574	3666
7574	8780
7574	8836
7577	539
7577	7079
7577	9910
7580	4868
7580	8246
7587	5482
7587	7316
7587	9871
7588	1314
7588	4077
7588	8008
7588	8405
7595	5739
7595	5794
7595	7145
7595	7772
7595	9532
7604	5572
7604	6166
7604	7370
7604	9859
7606	9243
7606	9811
7606	9985
7611	3254
7611	9758
7611	9870
7611	9986
7612	4508
7612	7478
7612	9619
7612	9951
7615	5153
7615	7655
7616	1995
7616	8727
7616	9130
7616	9877
7617	129
7617	6455
7617	9067
7617	9877
7623	3787
7623	4939
7624	3675
7624	6228
7624	8707
7624	9308
7624	9680
7624	9820
7627	4938
7627	6770
7627	9076
7627	9179
7627	9189
7632	4006
7632	8049
7632	8911
7632	9994
7633	2392
7633	6186
7633	7439
7633	8502
7634	604
7634	3828
7634	6935
7634	7814
7634	8184
7634	8206
7634	9293
7639	2493
7639	9177
7643	3926
7643	5024
7643	8852
7643	9141
7643	9286
7643	9549
7647	401
7647	4847
7647	7218
7647	9795
7655	695
7655	5153
7655	7615
7655	9990
7658	9574
7658	9698
7660	191
7660	1097
7660	7446
7660	8780
7663	1434
7663	3304
7663	7814
7673	9908
7675	2862
7675	6433
7675	6716
7675	6900
7675	9249
7677	4597
7677	5888
7677	8459
7677	9272
7677	9877
7682	5438
7682	7134
7682	7925
7682	9054
7688	5143
7689	333
7689	5389
7689	7947
7689	9241
7695	7177
7695	9155
7695	9699
7695	9952
7698	663
7698	2643
7698	4589
7698	5882
7698	9243
7701	806
7701	5423
7701	9178
7702	3246
7702	5363
7702	5958
7702	8512
7702	9928
7717	6538
7717	6945
7717	7150
7717	7948
7717	8112
7717	8874
7717	9024
7720	3664
7720	6273
7720	7765
7720	8826
7720	9040
7720	9065
7720	9263
7724	6993
7724	8014
7724	8372
7724	9021
7724	9910
7727	556
7727	3126
7727	5584
7727	6902
7727	7262
7727	7836
7727	9538
7727	9787
7727	9908
7728	3395
7728	5534
7728	5636
7728	6494
7728	8011
7735	68
7735	4662
7735	7500
7761	1612
7761	4323
7761	6011
7764	4488
7764	5972
7764	6351
7764	6570
7764	7872
7764	8312
7765	4960
7765	6695
7765	7720
7765	8950
7766	1872
7766	2835
7766	3124
7766	6701
7768	3180
7768	3477
7768	6728
7768	9286
7770	2415
7770	8882
7772	5242
7772	5794
7772	7066
7772	7595
7785	8008
7785	9243
7785	9876
7785	9985
7786	4162
7786	8325
7786	9065
7786	9869
7801	4016
7801	6473
7801	9040
7801	9256
7814	405
7814	5378
7814	6585
7814	7634
7814	7663
7818	1453
7820	8477
7820	8498
7821	309
7821	3108
7821	6350
7821	9256
7821	9740
7821	9885
7823	5150
7823	8245
7823	8377
7823	8982
7823	9076
7823	9245
7828	3180
7828	7939
7828	9040
7828	9952
7829	519
7829	1184
7829	1345
7829	9179
7835	9871
7836	2422
7836	7727
7842	596
7842	9789
7842	9835
7842	9873
7848	7978
7850	2498
7850	6179
7850	6304
7860	5200
7861	4662
7861	8828
7861	9835
7865	3560
7865	7880
7867	6606
7867	9732
7869	8878
7869	8904
7869	8911
7869	9070
7869	9948
7870	126
7870	3140
7870	3662
7870	4793
7872	4040
7872	5326
7872	5888
7872	7764
7872	8196
7872	8312
7872	9366
7876	4102
7876	7947
7876	8766
7876	9666
7880	3286
7880	4081
7880	7865
7880	7952
7880	8061
7880	8459
7890	2996
7890	5443
7890	5939
7890	9672
7896	4804
7896	9070
7896	9948
7905	2993
7905	4575
7905	9141
7918	4611
7918	5818
7918	6815
7922	4465
7922	6942
7922	7150
7922	7478
7922	8602
7922	9415
7922	9766
7922	9778
7922	9854
7924	3754
7924	3779
7924	6514
7924	8486
7924	9185
7925	3459
7925	7504
7925	7682
7925	9054
7932	470
7932	6744
7932	8131
7932	8200
7932	8624
7935	2811
7935	5146
7935	7205
7935	8788
7939	150
7939	7828
7939	9040
7939	9701
7941	1917
7941	8245
7941	8767
7941	9959
7945	8903
7947	4102
7947	5261
7947	7689
7947	7876
7947	8509
7947	9820
7947	9921
7948	6854
7948	7717
7948	8130
7948	8246
7952	4640
7952	5721
7952	7024
7952	7880
7952	8521
7956	2449
7956	4497
7956	4508
7956	5504
7956	6672
7956	8345
7956	8884
7957	4849
7957	9323
7957	9336
7957	9452
7957	9854
7958	5302
7958	5398
7958	9070
7958	9948
7960	8640
7960	8964
7960	9386
7960	9707
7962	2099
7962	2449
7962	2579
7968	3174
7968	3891
7968	8457
7968	8542
7977	5401
7977	7126
7977	9065
7977	9396
7977	9978
7978	1922
7978	7848
7978	9838
7978	9881
7979	770
7979	1247
7979	9103
7984	8554
7984	8982
7995	8827
8006	6197
8006	6804
8006	9610
8008	3400
8008	5348
8008	7353
8008	7588
8008	7785
8008	8405
8011	7728
8011	8878
8011	9356
8011	9379
8011	9460
8014	2465
8014	6993
8014	7724
8014	8443
8014	9665
8019	2479
8019	3626
8019	6175
8019	6744
8019	8085
8019	9873
8032	1313
8032	3166
8032	8896
8032	9270
8032	9579
8034	2066
8034	4496
8034	5614
8034	6213
8034	8633
8035	6430
8040	9144
8049	4897
8049	7632
8049	8120
8049	9157
8061	4936
8061	5818
8061	7880
8068	4831
8068	5814
8068	9286
8069	6450
8069	9243
8069	9841
8085	1749
8085	3182
8085	8019
8095	3380
8095	4975
8095	6548
8095	9260
8095	9835
8103	279
8103	557
8103	2499
8103	5572
8103	8866
8103	9649
8106	429
8106	3923
8106	6221
8106	8564
8106	9779
8106	9849
8112	129
8112	6457
8112	7717
8112	8362
8112	8403
8112	9927
8113	3114
8113	6872
8113	7310
8113	8438
8113	8457
8113	9191
8114	4924
8114	4977
8114	7248
8114	9820
8115	179
8115	6201
8115	9307
8117	1523
8117	5383
8117	8151
8117	8835
8117	9582
8120	4238
8120	4897
8120	5633
8120	8049
8120	8564
8120	9460
8120	9468
8123	966
8123	2996
8123	6451
8123	8754
8123	8879
8130	3561
8130	7948
8131	7932
8131	8421
8131	9308
8131	9667
8131	9778
8131	9838
8133	2066
8133	5635
8133	7379
8137	5098
8137	6678
8137	9272
8137	9667
8140	966
8140	3974
8140	5988
8140	9271
8140	9452
8140	9848
8151	8117
8151	8240
8151	9428
8171	8624
8171	9184
8171	9978
8179	3502
8179	4081
8179	6689
8179	7570
8179	8788
8179	9578
8179	9928
8179	9990
8184	3539
8184	5859
8184	7155
8184	7634
8184	8879
8185	4589
8185	6489
8185	7385
8185	9666
8187	7024
8187	7381
8187	7409
8187	8467
8187	9052
8187	9099
8188	6975
8188	8525
8188	8591
8188	9619
8189	3340
8189	5365
8189	6039
8189	6854
8189	8403
8189	8904
8193	703
8193	3124
8193	9206
8193	9236
8193	9952
8196	4069
8196	6744
8196	7872
8196	8554
8200	1097
8200	7932
8200	9241
8204	4220
8204	6418
8204	8964
8204	9619
8205	1523
8205	4024
8205	9178
8205	9666
8206	821
8206	7180
8206	7634
8206	8217
8206	8859
8206	8982
8206	9155
8206	9340
8209	7567
8209	8786
8209	9568
8209	9959
8217	6634
8217	6927
8217	8206
8217	9379
8217	9506
8217	9939
8223	405
8223	6828
8223	8552
8223	9542
8225	4326
8225	8694
8226	2819
8226	8842
8226	9286
8226	9877
8228	1299
8228	1935
8228	6414
8228	7316
8228	9698
8240	4266
8240	4831
8240	7148
8240	7388
8240	8151
8244	840
8244	3937
8244	5914
8244	8535
8245	3457
8245	5829
8245	7823
8245	7941
8245	8377
8245	9076
8245	9740
8246	340
8246	3345
8246	3938
8246	4118
8246	7198
8246	7580
8246	7948
8257	205
8257	1938
8257	5732
8257	8939
8257	9574
8283	485
8283	3327
8283	5485
8283	9812
8283	9974
8287	816
8287	2142
8287	3233
8287	5398
8287	7277
8287	8910
8292	9317
8297	1984
8297	5572
8297	8420
8312	1271
8312	3521
8312	5326
8312	5888
8312	7764
8312	7872
8312	8888
8312	9986
8319	1142
8319	5477
8319	5882
8324	3704
8324	5534
8324	5543
8324	6971
8324	9867
8324	9885
8325	4722
8325	7786
8327	3842
8327	7359
8327	7469
8327	9927
8344	309
8344	1336
8344	4040
8344	8420
8344	9179
8345	707
8345	4497
8345	5210
8345	5504
8345	6822
8345	6894
8345	7007
8345	7956
8345	9939
8348	185
8348	592
8348	2131
8348	3726
8348	7442
8348	8762
8348	9656
8362	1860
8362	3739
8362	3828
8362	5648
8362	8112
8362	9040
8362	9091
8362	9259
8362	9808
8362	9927
8369	5984
8369	6295
8369	6497
8369	9626
8369	9854
8372	6993
8372	7724
8372	8443
8372	9130
8372	9135
8373	2334
8373	6457
8373	6701
8374	505
8374	4716
8374	5667
8374	6327
8374	7180
8374	8509
8374	8766
8377	361
8377	6438
8377	7553
8377	7823
8377	8245
8377	9076
8378	6404
8378	7346
8378	8552
8378	9103
8378	9256
8381	3462
8381	4347
8381	7027
8386	1485
8386	4278
8386	6290
8386	7164
8386	9779
8399	1745
8399	2670
8399	4795
8399	4831
8399	6940
8399	8459
8403	5167
8403	8112
8403	8189
8405	4574
8405	7353
8405	7588
8405	8008
8405	8440
8405	8729
8408	8429
8408	9256
8410	1952
8410	2078
8410	3351
8410	4255
8410	4908
8410	9317
8411	472
8411	3033
8411	3346
8411	5227
8411	7199
8420	512
8420	5231
8420	5350
8420	8297
8420	8344
8420	9572
8421	5015
8421	8131
8421	8775
8421	9333
8421	9870
8423	3044
8423	3616
8423	3748
8423	6822
8423	9200
8429	1673
8429	3987
8429	7437
8429	8408
8429	9664
8430	4043
8430	7102
8430	8879
8430	9985
8431	2477
8431	2695
8431	2776
8431	4968
8431	7421
8431	7542
8431	8490
8431	8651
8431	9396
8431	9990
8432	4890
8432	9667
8438	2946
8438	6872
8438	8113
8438	8788
8440	479
8440	1423
8440	8405
8440	9869
8443	1849
8443	6462
8443	6993
8443	8014
8443	8372
8443	9869
8457	1344
8457	5453
8457	6025
8457	7968
8457	8113
8457	8498
8457	9173
8457	9191
8459	6221
8459	7542
8459	7677
8459	7880
8459	8399
8459	9272
8459	9667
8459	9869
8467	471
8467	7409
8467	8187
8467	8870
8467	9317
8467	9578
8470	1699
8470	3921
8470	5438
8470	8752
8470	8896
8477	6971
8477	7489
8477	7820
8477	8930
8477	9375
8486	3464
8486	3662
8486	4724
8486	6295
8486	7924
8486	9185
8486	9886
8490	3144
8490	4334
8490	7542
8490	8431
8490	8618
8498	4876
8498	5092
8498	7820
8498	8457
8498	9118
8502	2966
8502	6186
8502	6863
8502	7633
8502	9090
8509	4848
8509	5269
8509	5958
8509	7947
8509	8374
8509	9602
8509	9666
8509	9921
8511	766
8511	3486
8511	3526
8511	5510
8511	5693
8511	6351
8511	6954
8511	7465
8511	9189
8512	4975
8512	5818
8512	6648
8512	7702
8512	8786
8521	4526
8521	4759
8521	6414
8521	7952
8523	432
8523	2715
8523	3658
8523	6804
8523	8941
8525	2946
8525	8188
8525	9130
8528	663
8528	1349
8528	5681
8528	6404
8528	6442
8535	3076
8535	4876
8535	8244
8538	3502
8538	6271
8538	7034
8538	8788
8538	9328
8538	9452
8538	9928
8542	1935
8542	4515
8542	5485
8542	7968
8552	2128
8552	6919
8552	8223
8552	8378
8554	4508
8554	5041
8554	7984
8554	8196
8564	2694
8564	5692
8564	7253
8564	8106
8564	8120
8564	9549
8568	2996
8568	7117
8568	9356
8568	9936
8584	3195
8584	9157
8584	9835
8591	2477
8591	3828
8591	5193
8591	6327
8591	7016
8591	8188
8591	9067
8591	9958
8593	1162
8593	2786
8593	3943
8593	6631
8593	7323
8596	431
8596	5201
8596	6063
8596	8939
8596	8992
8596	9515
8602	664
8602	4323
8602	6091
8602	6802
8602	7922
8602	9366
8602	9460
8608	5669
8608	6307
8608	9881
8618	2666
8618	2695
8618	3341
8618	4334
8618	8490
8622	4506
8622	4597
8622	7310
8622	8888
8622	9545
8622	9758
8622	9976
8624	4423
8624	4936
8624	6404
8624	7932
8624	8171
8631	209
8631	3965
8631	4978
8631	8958
8633	4526
8633	5463
8633	6228
8633	7492
8633	8034
8633	9426
8636	8981
8640	5764
8640	6253
8640	7960
8640	9587
8646	4226
8646	7470
8646	8995
8651	3792
8651	8431
8651	9070
8659	991
8659	9835
8673	637
8673	2765
8673	3884
8673	4180
8673	6213
8685	840
8685	2803
8685	5762
8685	9707
8694	2498
8694	2891
8694	5223
8694	6589
8694	7470
8694	8225
8694	8995
8694	9732
8694	9808
8694	9996
8706	2383
8706	4179
8706	6058
8706	9452
8706	9854
8706	9870
8707	1618
8707	4546
8707	6993
8707	7624
8707	9542
8720	4493
8720	5994
8720	7385
8720	9927
8727	7058
8727	7616
8727	9188
8727	9838
8729	127
8729	1834
8729	3149
8729	3395
8729	6016
8729	8405
8733	2012
8733	5747
8733	5911
8733	6166
8733	9659
8733	9985
8752	876
8752	1306
8752	5757
8752	8470
8754	1973
8754	3128
8754	3489
8754	3752
8754	3779
8754	4611
8754	7324
8754	8123
8755	4016
8755	4496
8755	5329
8755	6528
8755	6832
8755	9173
8755	9766
8755	9841
8762	8348
8762	9170
8762	9610
8766	624
8766	4244
8766	7413
8766	7876
8766	8374
8766	9666
8766	9921
8767	5143
8767	5545
8767	6128
8767	7360
8767	7941
8767	9199
8767	9959
8772	1438
8772	5611
8772	6112
8772	6611
8775	1849
8775	5124
8775	6250
8775	8421
8775	9870
8775	9928
8780	346
8780	879
8780	7574
8780	7660
8780	9959
8782	2769
8782	3271
8782	4112
8782	5155
8782	9170
8786	1142
8786	4616
8786	4788
8786	6225
8786	6734
8786	8209
8786	8512
8786	9181
8786	9260
8786	9468
8788	1999
8788	2769
8788	5174
8788	6271
8788	7034
8788	7935
8788	8179
8788	8438
8788	8538
8788	9328
8788	9928
8788	9990
8804	4441
8804	6016
8804	7372
8804	9379
8804	9754
8804	9758
8804	9859
8814	542
8814	2171
8814	4389
8814	5285
8814	6327
8814	9298
8820	1961
8820	8882
8820	9567
8826	1723
8826	4211
8826	5427
8826	5914
8826	7073
8826	7720
8827	6387
8827	6438
8827	7995
8827	9189
8827	9404
8827	9740
8828	4916
8828	5099
8828	5588
8828	5684
8828	7861
8828	9141
8828	9757
8828	9976
8835	8117
8836	1568
8836	5281
8836	5489
8836	7574
8841	2388
8841	6181
8841	9602
8841	9911
8841	9939
8842	1592
8842	7489
8842	8226
8842	9787
8842	9877
8852	1749
8852	2547
8852	3418
8852	3472
8852	5277
8852	7643
8853	7027
8853	7230
8853	9574
8853	9795
8859	4488
8859	5363
8859	6725
8859	8206
8859	9579
8859	9640
8861	6742
8861	7093
8861	9031
8861	9236
8861	9754
8861	9870
8864	1803
8864	4909
8864	4954
8864	6894
8864	7177
8864	9259
8866	3399
8866	4117
8866	8103
8866	9270
8870	233
8870	3579
8870	4238
8870	8467
8870	9184
8870	9986
8874	4794
8874	6971
8874	7489
8874	7717
8874	9574
8874	9959
8878	1723
8878	1984
8878	3704
8878	5545
8878	7869
8878	8011
8879	1882
8879	3937
8879	5443
8879	8123
8879	8184
8879	8430
8882	114
8882	3092
8882	4968
8882	5260
8882	7770
8882	8820
8882	9260
8882	9985
8884	1938
8884	2461
8884	2680
8884	2979
8884	3044
8884	3797
8884	6832
8884	7956
8884	9200
8887	5423
8887	6505
8887	9985
8888	7010
8888	8312
8888	8622
8888	9758
8888	9787
8888	9881
8889	1409
8889	6307
8889	6743
8889	9185
8896	1023
8896	7199
8896	8032
8896	8470
8896	8966
8901	700
8901	1033
8901	1835
8901	4315
8901	5077
8901	5504
8901	5584
8901	6582
8901	9927
8903	2966
8903	6350
8903	7945
8903	9037
8903	9106
8904	2878
8904	4242
8904	7439
8904	7869
8904	8189
8904	9701
8904	9744
8906	1697
8906	1708
8906	3452
8906	3561
8906	5316
8906	6004
8906	7439
8910	2678
8910	5201
8910	5646
8910	8287
8910	9031
8910	9587
8911	432
8911	4395
8911	5994
8911	7632
8911	7869
8911	9070
8911	9732
8918	5888
8918	6631
8918	7155
8918	9185
8918	9986
8919	2194
8919	2677
8919	2963
8919	9104
8919	9184
8919	9996
8923	4616
8923	6716
8923	7230
8923	9386
8923	9506
8923	9707
8930	4389
8930	8477
8930	9910
8939	413
8939	1161
8939	4050
8939	5830
8939	6954
8939	8257
8939	8596
8939	9910
8941	1936
8941	4419
8941	4619
8941	8523
8941	9021
8941	9336
8941	9449
8941	9617
8941	9766
8950	1154
8950	4242
8950	4714
8950	6639
8950	7765
8950	9222
8950	9315
8950	9663
8958	4978
8958	7444
8958	8631
8958	9286
8958	9578
8964	5539
8964	6418
8964	7960
8964	8204
8964	9619
8966	5225
8966	8896
8966	9453
8966	9812
8981	3076
8981	3182
8981	4476
8981	4685
8981	6589
8981	8636
8981	9672
8982	7482
8982	7823
8982	7984
8982	8206
8992	201
8992	431
8992	1050
8992	3750
8992	4446
8992	4489
8992	4979
8992	5201
8992	6062
8992	8596
8992	9404
8995	6218
8995	7470
8995	8646
8995	8694
8995	9452
9007	2096
9007	9364
9007	9482
9007	9869
9007	9910
9007	9958
9021	1764
9021	2568
9021	3677
9021	7724
9021	8941
9021	9314
9021	9572
9024	221
9024	2854
9024	3099
9024	3233
9024	5069
9024	6943
9024	7029
9024	7446
9024	7717
9031	246
9031	3887
9031	5399
9031	6914
9031	7248
9031	8861
9031	8910
9037	1648
9037	1811
9037	3757
9037	3965
9037	6350
9037	6672
9037	8903
9037	9927
9040	259
9040	7177
9040	7720
9040	7801
9040	7828
9040	7939
9040	8362
9052	580
9052	4274
9052	5588
9052	6989
9052	8187
9054	539
9054	3395
9054	3459
9054	5611
9054	7682
9054	7925
9065	480
9065	5314
9065	6863
9065	7720
9065	7786
9065	7977
9065	9396
9067	1532
9067	5051
9067	5092
9067	7617
9067	8591
9067	9876
9070	432
9070	3858
9070	7869
9070	7896
9070	7958
9070	8651
9070	8911
9070	9873
9070	9948
9072	2194
9072	5092
9072	9453
9072	9673
9072	9916
9076	361
9076	580
9076	5829
9076	7627
9076	7823
9076	8245
9076	8377
9090	3901
9090	6186
9090	6497
9090	6863
9090	6979
9090	7439
9090	8502
9091	3828
9091	5539
9091	5802
9091	6542
9091	6585
9091	8362
9091	9740
9091	9927
9099	4179
9099	5354
9099	5911
9099	6472
9099	7173
9099	8187
9099	9236
9099	9538
9099	9869
9101	6414
9103	3177
9103	3341
9103	4013
9103	4117
9103	4661
9103	7979
9103	8378
9103	9340
9104	1465
9104	2171
9104	5915
9104	6438
9104	8919
9104	9323
9104	9916
9106	4924
9106	7353
9106	8903
9118	4586
9118	5529
9118	8498
9130	3103
9130	4716
9130	4754
9130	4796
9130	5915
9130	6716
9130	7616
9130	8372
9130	8525
9135	2284
9135	5051
9135	6744
9135	6988
9135	7504
9135	8372
9135	9141
9135	9795
9135	9885
9141	757
9141	960
9141	2683
9141	3418
9141	4140
9141	4419
9141	4575
9141	6189
9141	7643
9141	7905
9141	8828
9141	9135
9144	751
9144	1987
9144	2099
9144	3681
9144	8040
9155	3896
9155	5534
9155	7695
9155	8206
9155	9699
9155	9952
9157	1689
9157	2659
9157	4238
9157	5153
9157	8049
9157	8584
9157	9924
9161	5671
9161	6446
9161	6960
9161	7492
9161	9413
9170	3037
9170	3521
9170	5051
9170	6832
9170	8762
9170	8782
9173	6528
9173	6642
9173	6943
9173	8457
9173	8755
9173	9260
9173	9740
9173	9841
9177	123
9177	4010
9177	7639
9177	9754
9178	3126
9178	4024
9178	4890
9178	7701
9178	8205
9178	9582
9179	1111
9179	5794
9179	6935
9179	6945
9179	7627
9179	7829
9179	8344
9181	264
9181	1546
9181	2418
9181	5489
9181	6225
9181	8786
9181	9468
9184	1383
9184	4938
9184	5505
9184	6589
9184	6734
9184	8171
9184	8870
9184	8919
9185	718
9185	4724
9185	5338
9185	5511
9185	6514
9185	6845
9185	7924
9185	8486
9185	8889
9185	8918
9185	9841
9188	7058
9188	7442
9188	8727
9188	9859
9189	2823
9189	3627
9189	5972
9189	6770
9189	7627
9189	8511
9189	8827
9189	9578
9191	6025
9191	8113
9191	8457
9191	9340
9196	781
9196	1036
9196	2036
9196	3858
9196	9545
9196	9867
9199	2596
9199	2773
9199	3001
9199	4723
9199	7470
9199	8767
9199	9699
9200	512
9200	2979
9200	6672
9200	6768
9200	7360
9200	8423
9200	8884
9206	1500
9206	5588
9206	7336
9206	8193
9206	9249
9206	9272
9206	9673
9222	1154
9222	1890
9222	3271
9222	3448
9222	6639
9222	8950
9222	9241
9222	9315
9222	9538
9222	9876
9236	131
9236	3385
9236	4179
9236	5354
9236	6472
9236	8193
9236	8861
9236	9099
9241	1745
9241	4795
9241	7010
9241	7689
9241	8200
9241	9222
9242	6046
9242	7502
9242	9658
9243	4423
9243	6164
9243	7388
9243	7606
9243	7698
9243	7785
9243	8069
9243	9664
9243	9985
9245	887
9245	3114
9245	4374
9245	5225
9245	7823
9245	9532
9245	9647
9249	653
9249	7675
9249	9206
9249	9342
9249	9673
9256	3424
9256	5123
9256	5489
9256	7801
9256	7821
9256	8378
9256	8408
9259	4909
9259	5543
9259	6407
9259	8362
9259	8864
9260	2661
9260	3448
9260	4866
9260	5050
9260	6548
9260	6845
9260	8095
9260	8786
9260	8882
9260	9173
9260	9375
9260	9867
9263	2938
9263	3664
9263	4211
9263	5098
9263	5999
9263	6273
9263	7720
9264	3831
9264	3976
9264	4016
9264	6601
9270	789
9270	1835
9270	4292
9270	6894
9270	8032
9270	8866
9270	9591
9271	2665
9271	5714
9271	5899
9271	8140
9271	9293
9272	2085
9272	5398
9272	6914
9272	7677
9272	8137
9272	8459
9272	9206
9272	9659
9272	9667
9286	1347
9286	2732
9286	6979
9286	7643
9286	7768
9286	8068
9286	8226
9286	8958
9286	9634
9293	3539
9293	4876
9293	5458
9293	6146
9293	6442
9293	6514
9293	7634
9293	9271
9298	1235
9298	1313
9298	8814
9307	2491
9307	5422
9307	7451
9307	8115
9308	3879
9308	4564
9308	7502
9308	7624
9308	8131
9308	9838
9308	9847
9314	5065
9314	6610
9314	9021
9314	9886
9315	412
9315	2993
9315	3933
9315	5223
9315	5332
9315	7247
9315	8950
9315	9222
9317	2393
9317	3861
9317	6960
9317	8292
9317	8410
9317	8467
9317	9885
9323	3174
9323	4127
9323	5575
9323	7957
9323	9104
9328	755
9328	2937
9328	5174
9328	7034
9328	7570
9328	8538
9328	8788
9328	9849
9328	9867
9328	9928
9328	9990
9333	1507
9333	2550
9333	5123
9333	6265
9333	7398
9333	8421
9336	520
9336	4619
9336	6455
9336	7474
9336	7957
9336	8941
9340	821
9340	5438
9340	6135
9340	6807
9340	7180
9340	7538
9340	8206
9340	9103
9340	9191
9342	1553
9342	3477
9342	3683
9342	5622
9342	6179
9342	7381
9342	9249
9356	2079
9356	6928
9356	7117
9356	8011
9356	8568
9356	9460
9362	3921
9362	4855
9362	5681
9362	6281
9362	7177
9362	7548
9362	9892
9364	479
9364	6169
9364	7338
9364	9007
9364	9869
9364	9889
9366	1033
9366	6406
9366	6802
9366	7872
9366	8602
9366	9921
9375	1725
9375	1863
9375	6631
9375	7024
9375	8477
9375	9260
9379	653
9379	2715
9379	3326
9379	4064
9379	4315
9379	8011
9379	8217
9379	8804
9386	479
9386	7446
9386	7960
9386	8923
9386	9506
9386	9707
9396	3085
9396	6213
9396	6245
9396	7977
9396	8431
9396	9065
9404	2071
9404	5463
9404	5565
9404	8827
9404	8992
9413	2755
9413	6228
9413	9161
9413	9886
9415	22
9415	6373
9415	7052
9415	7922
9426	425
9426	4037
9426	4840
9426	4903
9426	5231
9426	6852
9426	7233
9426	8633
9426	9664
9426	9740
9428	1776
9428	8151
9433	3987
9433	9482
9433	9754
9449	4462
9449	5907
9449	6892
9449	8941
9449	9578
9449	9785
9449	9801
9452	961
9452	5560
9452	6039
9452	7957
9452	8140
9452	8538
9452	8706
9452	8995
9452	9854
9453	1346
9453	3304
9453	4660
9453	6593
9453	6728
9453	8966
9453	9072
9460	3400
9460	3782
9460	5098
9460	6743
9460	8011
9460	8120
9460	8602
9460	9356
9460	9892
9468	4507
9468	4788
9468	6927
9468	8120
9468	8786
9468	9181
9468	9578
9473	3166
9473	6175
9473	6455
9473	9873
9482	269
9482	966
9482	1959
9482	4259
9482	4280
9482	4832
9482	6048
9482	6804
9482	9007
9482	9433
9506	4616
9506	5114
9506	6493
9506	8217
9506	8923
9506	9386
9506	9568
9506	9707
9515	201
9515	1618
9515	8596
9515	9542
9532	480
9532	887
9532	3114
9532	4374
9532	5225
9532	7016
9532	7595
9532	9245
9538	313
9538	2010
9538	7727
9538	9099
9538	9222
9538	9787
9538	9908
9542	1608
9542	1618
9542	4640
9542	5555
9542	8223
9542	8707
9542	9515
9542	9911
9542	9958
9545	22
9545	1184
9545	1500
9545	2264
9545	3805
9545	5055
9545	7368
9545	8622
9545	9196
9549	2803
9549	3943
9549	5584
9549	6327
9549	7220
9549	7643
9549	8564
9549	9658
9567	279
9567	593
9567	6053
9567	8820
9567	9924
9568	3775
9568	4050
9568	4340
9568	5348
9568	6053
9568	7567
9568	8209
9568	9506
9568	9841
9572	3480
9572	3481
9572	4065
9572	6073
9572	6897
9572	7262
9572	8420
9572	9021
9574	2666
9574	3783
9574	6828
9574	7230
9574	7658
9574	8257
9574	8853
9574	8874
9574	9876
9578	1751
9578	4038
9578	6349
9578	6892
9578	8179
9578	8467
9578	8958
9578	9189
9578	9449
9578	9468
9578	9785
9578	9801
9579	1543
9579	2455
9579	6928
9579	8032
9579	8859
9582	806
9582	1154
9582	2961
9582	5383
9582	6101
9582	8117
9582	9178
9582	9951
9587	2946
9587	7007
9587	8640
9587	8910
9587	9626
9591	637
9591	2114
9591	2701
9591	3831
9591	4393
9591	4890
9591	9270
9602	221
9602	1673
9602	2388
9602	7542
9602	8509
9602	8841
9610	920
9610	3519
9610	8006
9610	8762
9610	9801
9617	4398
9617	4861
9617	5720
9617	5768
9617	8941
9619	3623
9619	3640
9619	5223
9619	6217
9619	6389
9619	6640
9619	7612
9619	8188
9619	8204
9619	8964
9626	6295
9626	6497
9626	6730
9626	8369
9626	9587
9634	2201
9634	3081
9634	6112
9634	9286
9638	663
9638	1438
9638	1697
9638	1926
9638	4726
9638	5463
9638	6442
9638	7301
9640	1422
9640	1769
9640	3336
9640	3616
9640	6181
9640	7246
9640	8859
9640	9877
9640	9886
9647	192
9647	1300
9647	1840
9647	3628
9647	4264
9647	5375
9647	9245
9649	6858
9649	8103
9649	9701
9649	9738
9656	2255
9656	2755
9656	3726
9656	7442
9656	8348
9658	3458
9658	4140
9658	6631
9658	6787
9658	9242
9658	9549
9659	478
9659	3485
9659	4173
9659	5649
9659	6166
9659	7439
9659	8733
9659	9272
9659	9744
9663	2862
9663	3881
9663	5818
9663	8950
9664	425
9664	654
9664	1146
9664	3699
9664	4037
9664	4400
9664	4840
9664	4903
9664	5231
9664	6852
9664	6928
9664	8429
9664	9243
9664	9426
9664	9740
9665	3210
9665	3526
9665	3663
9665	3942
9665	5607
9665	8014
9666	2225
9666	4244
9666	5667
9666	5958
9666	7876
9666	8185
9666	8205
9666	8509
9666	8766
9666	9870
9666	9921
9667	111
9667	2085
9667	2285
9667	3663
9667	8131
9667	8137
9667	8432
9667	8459
9667	9272
9672	1097
9672	5696
9672	7407
9672	7890
9672	8981
9673	653
9673	4611
9673	5509
9673	9072
9673	9206
9673	9249
9680	2695
9680	3659
9680	6228
9680	7492
9680	7624
9680	9820
9693	501
9693	2202
9693	2540
9693	3662
9693	6666
9693	6940
9693	7248
9698	2085
9698	2665
9698	3166
9698	4262
9698	4638
9698	6414
9698	6659
9698	6954
9698	7372
9698	7658
9698	8228
9698	9811
9699	95
9699	778
9699	2272
9699	3896
9699	7205
9699	7695
9699	9155
9699	9199
9699	9952
9701	2710
9701	4969
9701	6467
9701	7238
9701	7353
9701	7939
9701	8904
9701	9649
9707	2579
9707	4489
9707	4616
9707	5671
9707	6384
9707	6493
9707	7960
9707	8685
9707	8923
9707	9386
9707	9506
9708	2351
9708	3745
9708	4326
9708	5988
9732	1390
9732	1434
9732	1576
9732	2388
9732	2862
9732	6606
9732	7867
9732	8694
9732	8911
9738	3650
9738	4488
9738	5152
9738	5363
9738	5814
9738	9649
9738	9921
9740	425
9740	654
9740	4037
9740	4400
9740	4840
9740	4903
9740	5231
9740	6852
9740	7821
9740	8245
9740	8827
9740	9091
9740	9173
9740	9426
9740	9664
9744	4020
9744	4043
9744	4638
9744	5015
9744	5560
9744	6046
9744	7565
9744	8904
9744	9659
9754	1729
9754	4720
9754	7093
9754	7339
9754	8804
9754	8861
9754	9177
9754	9433
9754	9876
9757	574
9757	1119
9757	1704
9757	2351
9757	3891
9757	5684
9757	6433
9757	8828
9758	2726
9758	3239
9758	6678
9758	7611
9758	8622
9758	8804
9758	8888
9766	4465
9766	4523
9766	4531
9766	4550
9766	5635
9766	6942
9766	7922
9766	8755
9766	8941
9766	9778
9778	991
9778	4465
9778	4523
9778	4531
9778	4550
9778	5505
9778	6942
9778	7922
9778	8131
9778	9766
9779	151
9779	2250
9779	3982
9779	6128
9779	6336
9779	7177
9779	7206
9779	8106
9779	8386
9779	9856
9779	9974
9785	3189
9785	4038
9785	4462
9785	4821
9785	5907
9785	6349
9785	6892
9785	9449
9785	9578
9785	9801
9787	313
9787	556
9787	2279
9787	3126
9787	4546
9787	7262
9787	7727
9787	8842
9787	8888
9787	9538
9787	9908
9789	904
9789	1374
9789	5860
9789	6011
9789	6442
9789	6642
9789	7842
9789	9856
9789	9951
9795	123
9795	960
9795	1450
9795	1860
9795	3418
9795	4575
9795	5298
9795	6744
9795	6988
9795	7119
9795	7565
9795	7647
9795	8853
9795	9135
9801	899
9801	3602
9801	4462
9801	4610
9801	4968
9801	5907
9801	6349
9801	6892
9801	9449
9801	9578
9801	9610
9801	9785
9808	2067
9808	2638
9808	3163
9808	3254
9808	3352
9808	3670
9808	4267
9808	6815
9808	7010
9808	7413
9808	7421
9808	8362
9808	8694
9811	1655
9811	6063
9811	6941
9811	7606
9811	9698
9811	9990
9812	3327
9812	3462
9812	3915
9812	6941
9812	7482
9812	8283
9812	8966
9812	9974
9820	2214
9820	3041
9820	3655
9820	3659
9820	3942
9820	4526
9820	5902
9820	6914
9820	7624
9820	7947
9820	8114
9820	9680
9820	9908
9820	9984
9835	3140
9835	7559
9835	7842
9835	7861
9835	8095
9835	8584
9835	8659
9838	3879
9838	4212
9838	5614
9838	5819
9838	6327
9838	6473
9838	7119
9838	7978
9838	8131
9838	8727
9838	9308
9838	9847
9841	2813
9841	4242
9841	4444
9841	4493
9841	5565
9841	5692
9841	5859
9841	6528
9841	6642
9841	6940
9841	7052
9841	8069
9841	8755
9841	9173
9841	9185
9841	9568
9847	2979
9847	3535
9847	3681
9847	3879
9847	5261
9847	7119
9847	9308
9847	9838
9848	3783
9848	4500
9848	6606
9848	6640
9848	7230
9848	8140
9849	3596
9849	3776
9849	3842
9849	3923
9849	5019
9849	5902
9849	7421
9849	8106
9849	9328
9854	4423
9854	4849
9854	6058
9854	6307
9854	7922
9854	7957
9854	8369
9854	8706
9854	9452
9856	248
9856	440
9856	1345
9856	1468
9856	2993
9856	4722
9856	5096
9856	5365
9856	9779
9856	9789
9856	9908
9859	4173
9859	6016
9859	7204
9859	7474
9859	7604
9859	8804
9859	9188
9867	1390
9867	3407
9867	5155
9867	6926
9867	6979
9867	7199
9867	8324
9867	9196
9867	9260
9867	9328
9867	9951
9869	4313
9869	7338
9869	7786
9869	8440
9869	8443
9869	8459
9869	9007
9869	9099
9869	9364
9869	9904
9870	2019
9870	3128
9870	3711
9870	3938
9870	5124
9870	5156
9870	7611
9870	8421
9870	8706
9870	8775
9870	8861
9870	9666
9871	5482
9871	5822
9871	6680
9871	7316
9871	7535
9871	7587
9871	7835
9873	672
9873	2479
9873	4326
9873	5882
9873	7842
9873	8019
9873	9070
9873	9473
9876	821
9876	1611
9876	2128
9876	4526
9876	4542
9876	4720
9876	4925
9876	5487
9876	7093
9876	7785
9876	9067
9876	9222
9876	9574
9876	9754
9877	1317
9877	1506
9877	2819
9877	4059
9877	5453
9877	6385
9877	6919
9877	7064
9877	7616
9877	7617
9877	7677
9877	8226
9877	8842
9877	9640
9877	9951
9877	9974
9881	3243
9881	4267
9881	4500
9881	5015
9881	5046
9881	5692
9881	7253
9881	7978
9881	8608
9881	8888
9885	930
9885	1138
9885	1428
9885	2601
9885	5338
9885	6146
9885	6281
9885	7821
9885	8324
9885	9135
9885	9317
9886	3677
9886	8486
9886	9314
9886	9413
9886	9640
9886	9958
9889	755
9889	1568
9889	2243
9889	4804
9889	5281
9889	6446
9889	6881
9889	9364
9892	1458
9892	3921
9892	7022
9892	7110
9892	7437
9892	9362
9892	9460
9904	2177
9904	3474
9904	6438
9904	6585
9904	6813
9904	9869
9904	9924
9908	3737
9908	6902
9908	7262
9908	7673
9908	7727
9908	9538
9908	9787
9908	9820
9908	9856
9910	539
9910	4216
9910	4389
9910	7577
9910	7724
9910	8930
9910	8939
9910	9007
9911	3084
9911	3499
9911	5354
9911	5365
9911	8841
9911	9542
9911	9924
9916	1612
9916	3167
9916	6438
9916	6546
9916	6734
9916	7451
9916	9072
9916	9104
9921	930
9921	1577
9921	4439
9921	4493
9921	4848
9921	5667
9921	7947
9921	8509
9921	8766
9921	9366
9921	9666
9921	9738
9924	1975
9924	5487
9924	6412
9924	9157
9924	9567
9924	9904
9924	9911
9927	1523
9927	3739
9927	3828
9927	5648
9927	5988
9927	6894
9927	7095
9927	8112
9927	8327
9927	8362
9927	8720
9927	8901
9927	9037
9927	9091
9928	2769
9928	3480
9928	3502
9928	4081
9928	4976
9928	6271
9928	6689
9928	7034
9928	7465
9928	7570
9928	7702
9928	8179
9928	8538
9928	8775
9928	8788
9928	9328
9928	9990
9936	707
9936	1306
9936	2103
9936	3535
9936	5830
9936	8568
9939	70
9939	768
9939	1345
9939	1882
9939	3444
9939	3747
9939	4936
9939	6634
9939	8217
9939	8345
9939	8841
9948	432
9948	895
9948	2914
9948	4439
9948	5114
9948	7869
9948	7896
9948	7958
9948	9070
9948	9976
9951	596
9951	1374
9951	2695
9951	5860
9951	7612
9951	9582
9951	9789
9951	9867
9951	9877
9952	778
9952	2272
9952	2715
9952	3896
9952	6472
9952	6807
9952	7353
9952	7533
9952	7695
9952	7828
9952	8193
9952	9155
9952	9699
9958	81
9958	155
9958	3680
9958	4866
9958	6048
9958	6563
9958	7236
9958	8591
9958	9007
9958	9542
9958	9886
9959	1271
9959	2243
9959	3926
9959	5143
9959	7941
9959	8209
9959	8767
9959	8780
9959	8874
9974	1192
9974	2963
9974	3043
9974	3462
9974	4346
9974	5696
9974	6091
9974	6858
9974	7079
9974	7301
9974	7308
9974	8283
9974	9779
9974	9812
9974	9877
9976	1624
9976	3299
9976	4444
9976	6589
9976	7326
9976	7359
9976	8622
9976	8828
9976	9948
9978	1253
9978	2085
9978	4254
9978	5565
9978	6639
9978	7977
9978	8171
9984	1842
9984	3627
9984	6659
9984	9820
9985	2701
9985	4400
9985	4638
9985	5055
9985	6164
9985	7388
9985	7606
9985	7785
9985	8430
9985	8733
9985	8882
9985	8887
9985	9243
9986	1269
9986	1563
9986	3309
9986	5065
9986	5302
9986	7611
9986	8312
9986	8870
9986	8918
9990	2346
9990	3502
9990	5174
9990	6271
9990	6689
9990	7034
9990	7655
9990	8179
9990	8431
9990	8788
9990	9328
9990	9811
9990	9928
9994	780
9994	3923
9994	4963
9994	5099
9994	6988
9994	7632
9996	624
9996	904
9996	2677
9996	2963
9996	8694
9996	8919
