17	9950
40	1585
40	2957
40	9517
40	9750
49	8666
52	4803
52	9364
52	9415
57	6567
57	9485
60	5443
60	6194
60	8484
75	5977
83	6676
83	7437
95	8934
97	3623
97	7460
99	7841
99	9183
100	8561
113	3473
113	4912
113	6823
113	7866
113	9084
126	10000
130	978
130	5082
130	7250
130	9742
132	2746
132	9478
134	7204
160	5924
160	7369
160	8830
162	6702
162	9905
188	6227
188	7505
198	6843
201	8992
204	8625
207	8653
209	2723
209	5610
209	7917
212	3956
212	8290
212	8569
212	9345
212	9493
214	9184
214	9233
226	9811
228	8391
229	8846
230	1769
233	9972
241	7366
241	9356
245	4593
245	9408
246	7618
246	9031
249	9810
250	5430
254	2350
254	9592
256	2117
256	8968
260	7614
265	7566
274	9243
274	9818
279	3009
279	8561
279	9567
285	6351
287	2030
287	2726
287	8934
287	9709
289	2619
289	9362
290	6365
290	8818
290	9950
299	2910
302	6111
302	6849
302	9475
306	8391
310	8060
318	3495
318	8561
320	2949
327	5971
327	9260
331	5592
337	3360
337	6870
337	9791
346	9348
347	6764
355	2834
355	9202
373	626
373	3252
375	9476
375	9554
383	8071
383	9796
390	5047
390	9658
394	3461
394	9000
408	1489
408	3911
408	4201
412	7247
412	9315
422	6009
422	7823
425	2052
425	9740
432	8523
432	9948
434	3177
434	8964
434	9403
434	9874
439	8999
440	7505
440	8569
440	9856
440	9933
441	5772
443	4774
443	9106
451	3067
451	4724
452	7892
453	8629
453	8877
453	8991
455	4749
455	7866
459	648
459	6786
469	3742
471	9745
474	9469
478	5094
478	9630
479	9364
491	5612
491	7141
503	6815
503	7717
503	8018
506	3177
506	7904
506	9697
511	5610
511	9353
511	9422
511	9953
513	7748
513	8986
530	7614
530	9243
542	8814
557	1747
561	1196
561	8047
569	1331
569	8646
569	9203
569	10000
581	9084
591	8419
592	2626
592	6538
592	8924
596	4860
596	7842
600	7787
600	9551
608	8256
621	4896
621	5192
621	8596
626	373
626	6651
626	8490
626	9410
631	5107
635	4890
638	2688
638	9362
641	8800
642	9221
642	9414
647	876
647	2555
647	8380
648	459
650	5156
650	9348
650	9517
650	9750
666	8323
666	8534
666	9920
672	6874
673	3295
682	9457
690	8846
690	9722
697	6454
698	7533
700	6231
700	8901
700	9551
703	6985
704	9065
711	9135
733	4201
733	8909
742	2013
745	3704
745	7638
769	5257
783	4750
783	8539
786	8215
788	6154
794	8416
794	9312
801	1570
801	8794
801	9343
807	5043
807	5909
807	9038
812	7930
812	8402
822	7823
822	9076
822	9631
830	9994
836	3702
836	4260
839	5722
840	8244
852	9870
854	9933
855	5796
855	6794
868	8641
871	2509
871	7855
876	647
885	9445
885	9803
887	9478
897	2234
898	8897
900	5086
901	8285
908	4069
917	5796
917	8469
917	9183
918	1158
918	9252
925	9539
926	1947
926	2091
926	8454
926	8484
927	9827
929	8568
947	7241
947	9014
952	6398
957	6454
960	9313
978	130
978	5082
979	1413
983	9630
988	1075
999	7631
999	9859
1001	7150
1009	7505
1015	5670
1016	8978
1016	9469
1017	8715
1017	9224
1024	1411
1024	9742
1030	7038
1031	6946
1031	8281
1038	6541
1038	9694
1042	9343
1054	9972
1062	8901
1066	4338
1066	6873
1070	1901
1070	8281
1072	4355
1074	2502
1075	988
1080	5847
1080	8294
1090	5899
1090	6877
1099	4232
1104	1212
1124	9098
1124	9972
1129	9098
1135	2566
1135	8807
1138	6886
1138	8075
1147	7074
1147	9000
1147	9567
1158	918
1158	8949
1160	8929
1161	7862
1162	8593
1162	9762
1165	9901
1169	4674
1179	4383
1183	6444
1183	8223
1192	5183
1192	8924
1196	561
1196	5031
1196	7247
1196	9590
1204	6946
1207	2214
1207	5204
1207	8800
1207	9309
1212	1104
1217	4172
1217	6254
1217	8886
1219	9231
1232	6464
1237	2881
1237	7872
1237	9255
1240	8777
1243	1796
1260	4297
1260	5750
1267	8634
1270	2353
1281	1666
1281	7472
1282	7130
1289	5295
1295	5378
1295	8394
1303	9156
1306	9014
1319	9097
1323	7164
1323	8039
1331	569
1331	8666
1331	9704
1335	6838
1342	9953
1346	9313
1347	9286
1348	1910
1348	3666
1348	9452
1373	8222
1374	8902
1376	3128
1376	8754
1388	7766
1398	9905
1399	9415
1411	1024
1411	8589
1413	979
1413	8018
1420	7782
1420	9920
1424	8127
1424	9810
1432	6330
1435	5273
1435	5296
1439	2765
1439	9492
1442	3491
1443	6048
1443	9374
1445	8222
1451	4818
1469	1762
1469	9203
1469	9385
1470	2794
1470	6823
1470	9309
1471	6647
1485	5981
1489	408
1501	9631
1505	7486
1505	9649
1511	6004
1511	6571
1511	9362
1515	4210
1521	7241
1531	9383
1533	9878
1540	8692
1542	6656
1552	4601
1568	4086
1570	801
1570	5624
1570	7842
1572	9517
1572	9750
1580	2234
1580	8451
1580	9309
1585	40
1585	9590
1587	5204
1587	7044
1587	9588
1587	9933
1587	9950
1589	4446
1589	7419
1589	7631
1593	8703
1600	6136
1600	6704
1600	9658
1605	7113
1605	7557
1611	4299
1611	4389
1611	8909
1611	9492
1611	9577
1615	9016
1641	10000
1645	2095
1645	5732
1653	9343
1666	1281
1666	2796
1666	9295
1669	7478
1669	8733
1669	9630
1674	7792
1693	2883
1693	8978
1700	6908
1700	9869
1701	8771
1705	6911
1707	7413
1707	8656
1707	9005
1715	4798
1715	6497
1715	9521
1716	8545
1716	9146
1718	7123
1718	8111
1718	9742
1736	9590
1739	4184
1747	557
1747	9654
1762	1469
1762	9324
1763	5149
1763	8969
1763	9654
1764	9605
1765	7633
1769	230
1769	9640
1769	9901
1775	5982
1775	7961
1775	9365
1796	1243
1797	3816
1797	6776
1797	9654
1802	9697
1811	7542
1822	9469
1822	9577
1829	6800
1834	8818
1834	9551
1865	7175
1865	7483
1865	9414
1867	6490
1867	9681
1869	6507
1876	7366
1882	6367
1882	8879
1887	9221
1901	1070
1901	8675
1902	9708
1906	6943
1907	6111
1910	1348
1910	5552
1910	5787
1919	7472
1928	8280
1929	2392
1936	7815
1936	8569
1937	6254
1939	9631
1940	9463
1946	6402
1947	926
1947	9210
1951	8934
1953	3295
1957	8222
1960	2209
1960	7826
1995	9606
1996	6927
1997	4469
2003	9315
2004	8539
2004	9631
2007	6463
2007	9475
2008	7438
2008	9778
2013	742
2013	3421
2013	5095
2015	5053
2015	5689
2015	6601
2015	8818
2018	7532
2028	6877
2030	287
2031	7065
2047	6020
2047	8419
2052	425
2052	6477
2063	8287
2063	8448
2064	7451
2067	9808
2068	8323
2068	9782
2071	9005
2071	9237
2073	8901
2073	9343
2081	9207
2086	3900
2086	5436
2086	6154
2086	6459
2091	926
2091	5147
2091	6363
2091	6455
2092	8697
2092	8764
2095	1645
2095	6454
2097	7623
2116	4094
2116	9353
2117	256
2117	6543
2118	6398
2146	8640
2147	6149
2152	2728
2159	8885
2169	3036
2169	6629
2169	8978
2171	7576
2171	8814
2171	9944
2177	2392
2182	5973
2182	9492
2209	1960
2209	8877
2213	9236
2213	9922
2214	1207
2214	2577
2214	5584
2214	9309
2234	897
2234	1580
2234	6475
2234	7593
2240	7490
2240	7831
2243	8318
2243	9959
2243	9997
2255	9656
2257	2916
2265	4292
2265	6404
2265	8641
2265	8964
2275	6047
2276	5295
2276	8625
2296	9808
2300	3984
2302	9203
2313	6562
2313	9640
2313	9899
2320	8981
2320	9796
2346	6398
2350	254
2350	9928
2353	1270
2357	6402
2357	7002
2357	9364
2363	7787
2363	9928
2364	9722
2370	8715
2371	4913
2376	8763
2378	3769
2386	8864
2392	1929
2392	2177
2392	7633
2414	3105
2414	6849
2415	7291
2422	4708
2424	6603
2424	8402
2424	8817
2431	5722
2431	8625
2431	9463
2443	7451
2443	8023
2443	8150
2444	8641
2446	6946
2446	8574
2462	8545
2462	9868
2469	9136
2475	7006
2477	7826
2485	4359
2489	5385
2489	5581
2489	9452
2498	9704
2502	1074
2502	8060
2505	6918
2509	871
2514	3491
2519	5208
2519	5332
2520	8379
2520	9588
2523	7577
2524	7748
2524	9625
2524	9994
2533	7090
2533	7997
2535	9592
2542	4091
2542	5314
2542	7833
2542	8545
2551	6239
2552	8039
2552	8514
2552	9819
2552	9922
2555	647
2560	8640
2564	8380
2566	1135
2566	8987
2569	8764
2569	9097
2569	9697
2570	8256
2571	4871
2571	6367
2573	7291
2573	8748
2574	5086
2574	8748
2574	9221
2574	9414
2577	2214
2577	8818
2577	9255
2578	7907
2578	9808
2586	9308
2591	7748
2591	7961
2593	3192
2593	3214
2593	6924
2598	5750
2598	8831
2608	3164
2608	9348
2612	6149
2612	8991
2614	7030
2614	9920
2619	289
2626	592
2637	4983
2637	6477
2641	6940
2666	4123
2666	6479
2672	9585
2673	7917
2678	4087
2688	638
2688	4902
2690	8754
2692	3624
2692	8305
2692	9378
2703	7134
2703	8830
2703	9106
2704	8885
2706	9590
2715	8523
2716	9478
2718	9734
2719	6928
2719	8459
2723	209
2726	287
2728	2152
2728	3942
2736	6458
2736	7113
2736	8990
2736	9320
2736	9567
2740	5614
2740	6436
2740	9289
2740	9722
2741	4523
2741	6979
2741	8929
2745	7192
2745	9362
2746	132
2746	9697
2746	9919
2750	7944
2750	9439
2762	9665
2765	1439
2765	7483
2765	8451
2765	9434
2767	9599
2767	9686
2770	9742
2776	4334
2781	7369
2789	7866
2791	3061
2791	7563
2791	9630
2794	1470
2794	6636
2794	8025
2794	9966
2796	1666
2796	5543
2799	9567
2801	9649
2821	7638
2821	7822
2821	9034
2830	4523
2830	7587
2830	8649
2834	355
2834	9202
2847	9709
2852	8402
2852	9592
2852	9735
2853	3859
2853	7972
2853	8395
2854	7150
2859	7516
2859	9183
2861	7830
2861	9742
2862	4748
2862	7675
2864	3244
2868	8229
2869	9425
2869	9972
2877	5046
2877	7369
2877	8748
2881	1237
2881	3311
2881	9422
2883	1693
2883	5149
2895	8305
2910	299
2910	8415
2910	8936
2916	2257
2922	5257
2933	9948
2949	320
2949	8032
2949	9457
2949	9980
2956	5718
2956	5971
2957	40
2959	4260
2959	4601
2959	9475
2960	5175
2960	8584
2963	7487
2963	8919
2963	9498
2963	9996
2967	9624
2967	9778
2968	9338
2975	9681
2979	3348
2979	5055
2994	3177
2996	5443
2996	7890
2996	8568
2996	8846
3009	279
3009	6526
3009	8025
3011	9899
3020	8581
3020	8967
3025	3472
3025	8971
3032	5755
3032	8510
3032	9237
3035	7566
3036	2169
3036	8229
3041	3820
3041	7232
3041	9378
3061	2791
3061	8807
3061	9005
3063	9498
3067	451
3067	9899
3069	4732
3069	6567
3069	8828
3084	5655
3094	9184
3097	9996
3098	5385
3105	2414
3112	6482
3115	5702
3115	8305
3118	6870
3118	7319
3118	8902
3122	6656
3122	7857
3122	8971
3128	1376
3128	7719
3128	8754
3128	9870
3136	6239
3137	6651
3139	6293
3139	7972
3139	9688
3141	7689
3142	9255
3142	9316
3143	4997
3144	5659
3144	8490
3146	8763
3147	9577
3149	8446
3149	8818
3163	9808
3164	2608
3164	3373
3171	8994
3171	9997
3177	434
3177	506
3177	2994
3177	9697
3185	4254
3186	3970
3186	6444
3192	2593
3192	8220
3193	9405
3205	4044
3205	7385
3205	9163
3205	9382
3205	9905
3207	7690
3212	8866
3212	8936
3212	9454
3212	9603
3212	9737
3214	2593
3214	6404
3214	8427
3233	7792
3233	8287
3234	3275
3234	5799
3234	9827
3238	6928
3239	4069
3239	8574
3241	8395
3241	8909
3244	2864
3252	373
3252	9953
3253	8178
3254	9808
3260	9592
3260	9742
3262	7542
3262	8087
3262	8490
3266	7880
3275	3234
3275	8675
3275	9605
3275	9811
3278	3387
3278	8568
3278	8788
3295	673
3295	1953
3310	4039
3310	8653
3311	2881
3320	9081
3320	9309
3320	9389
3324	7842
3340	6089
3344	7409
3344	7628
3348	2979
3348	3533
3360	337
3364	5332
3364	6456
3373	3164
3373	7528
3378	6799
3378	9146
3386	9754
3387	3278
3387	9901
3398	6927
3398	9098
3416	9076
3417	8173
3417	9585
3421	2013
3421	8510
3421	8929
3422	9740
3426	5772
3426	9652
3428	9878
3431	6009
3431	8968
3435	6656
3435	7409
3435	8949
3443	9106
3443	9410
3445	8936
3445	9062
3447	9708
3458	8062
3458	9658
3460	8416
3460	9762
3461	394
3461	8656
3472	3025
3473	113
3473	9221
3473	9313
3473	9827
3476	9345
3476	9493
3476	9630
3476	9762
3480	9928
3481	8781
3491	1442
3491	2514
3491	4550
3491	6595
3491	7438
3491	9778
3494	4254
3494	7487
3495	318
3524	8388
3524	9944
3530	7123
3530	9374
3532	5443
3532	8380
3532	9374
3533	3348
3533	9454
3533	9737
3535	9704
3536	5684
3536	9918
3541	8895
3541	9224
3544	5887
3544	7232
3544	7944
3546	9884
3553	5387
3553	9378
3563	5624
3570	6507
3580	7521
3583	5833
3583	6971
3583	9365
3594	4345
3601	8150
3619	4087
3619	5702
3623	97
3623	6560
3623	8251
3624	2692
3624	8666
3625	7105
3629	6361
3633	7195
3636	6794
3636	8629
3651	5276
3651	6786
3651	6856
3651	8528
3651	9803
3652	8510
3653	8454
3653	9905
3666	1348
3671	8396
3696	7487
3696	9996
3702	836
3704	745
3704	8831
3706	9518
3708	8581
3708	9445
3708	9785
3708	9803
3714	8416
3717	6870
3720	9336
3722	9084
3722	9448
3724	6741
3724	9590
3728	5542
3728	9950
3733	8285
3735	6799
3735	9146
3735	9385
3738	9156
3738	9448
3738	9537
3742	469
3742	8781
3746	9032
3746	9782
3747	9251
3748	9434
3749	8981
3751	7403
3751	8534
3751	9920
3760	4594
3760	9221
3768	5722
3768	9516
3769	2378
3769	6940
3769	9243
3769	9252
3769	9382
3787	7623
3787	8102
3787	9493
3787	9624
3788	5848
3788	6507
3791	8865
3791	9538
3793	3878
3793	6040
3793	7516
3797	6693
3797	7472
3799	7270
3799	7639
3799	7898
3802	6938
3802	8158
3815	9065
3815	9606
3816	1797
3820	3041
3820	7391
3828	9927
3842	4774
3842	5769
3842	9136
3852	5890
3856	7164
3856	7839
3856	8039
3858	5620
3859	2853
3859	7490
3859	8909
3878	3793
3878	5023
3879	8821
3879	9308
3879	9694
3880	4803
3880	5924
3880	6136
3883	6799
3883	9403
3883	9874
3888	9681
3900	2086
3900	7674
3900	8675
3900	9605
3906	8818
3909	6047
3909	7175
3909	7195
3909	8317
3909	9031
3911	408
3911	7833
3911	8019
3926	6884
3926	9959
3929	8422
3936	4847
3936	5296
3936	9750
3942	2728
3942	9665
3953	9106
3956	212
3956	5977
3957	7094
3957	7751
3964	8790
3970	3186
3970	4185
3970	9899
3979	7532
3984	2300
3984	6764
3984	9521
3991	9819
3991	9922
3992	7413
3992	7610
3992	9819
4002	8178
4002	9599
4006	6231
4006	6330
4007	9469
4021	4749
4021	5492
4028	4957
4028	5436
4030	7826
4030	8220
4031	6507
4031	7918
4031	9237
4031	9709
4031	9928
4033	7978
4033	8658
4039	3310
4039	8216
4044	3205
4044	5900
4069	908
4069	3239
4069	7204
4069	9810
4074	6392
4074	9237
4075	8807
4082	9538
4086	1568
4087	2678
4087	3619
4087	8908
4087	9878
4091	2542
4091	9383
4094	2116
4094	9353
4105	7189
4105	9709
4109	8278
4109	9763
4110	9106
4110	9606
4123	2666
4123	9996
4125	8227
4125	8934
4126	4261
4126	6047
4126	6979
4131	6686
4131	6691
4131	9106
4131	9410
4144	5987
4170	6351
4170	9581
4170	9808
4172	1217
4172	7862
4172	9378
4172	9709
4184	1739
4185	3970
4185	5531
4185	9791
4186	8800
4201	408
4201	733
4201	8395
4201	8909
4209	6985
4209	7129
4209	9480
4209	9980
4210	1515
4210	8754
4210	9625
4210	9688
4210	9994
4211	8830
4218	8222
4218	9538
4230	5670
4230	5848
4232	1099
4232	8461
4246	7898
4246	9577
4246	9810
4254	3185
4254	3494
4254	5716
4260	836
4260	2959
4260	5702
4260	9649
4261	4126
4261	6675
4261	7301
4283	5060
4283	6351
4284	5231
4292	2265
4292	7291
4292	9681
4292	9819
4292	9922
4294	9745
4295	7839
4295	9585
4295	9953
4297	1260
4297	4555
4297	9933
4299	1611
4299	8886
4299	9754
4301	5191
4301	5430
4301	7091
4301	7367
4301	9415
4303	5639
4303	9433
4306	9901
4308	9478
4315	4603
4315	8901
4326	9708
4334	2776
4334	4471
4334	7456
4334	7483
4334	8490
4334	8897
4335	6918
4335	7319
4335	9480
4338	1066
4338	6971
4338	7623
4338	8794
4345	3594
4345	8396
4349	5802
4349	8697
4355	1072
4355	5644
4355	9457
4359	2485
4359	8523
4377	6048
4377	8865
4377	9791
4378	9996
4383	1179
4385	8697
4389	1611
4389	6335
4389	8814
4398	9348
4398	9617
4405	5828
4408	5458
4408	8794
4408	9343
4408	9919
4411	7898
4411	7918
4429	6629
4429	7566
4429	8143
4429	9236
4433	4511
4433	5899
4439	7892
4439	9581
4439	9694
4439	9948
4446	1589
4446	8992
4448	9202
4448	9237
4469	1997
4471	4334
4471	9901
4472	7833
4476	7830
4476	8981
4476	9796
4486	6964
4492	5699
4492	6250
4492	6675
4492	9005
4504	4885
4504	9433
4504	9763
4509	6870
4509	8469
4509	9260
4509	9389
4509	9722
4511	4433
4511	9884
4513	5826
4513	9869
4513	9918
4514	6941
4514	9316
4514	9345
4514	9493
4523	2741
4523	2830
4523	9624
4523	9778
4530	4954
4530	7952
4532	7168
4532	8790
4537	6458
4537	7874
4537	8332
4540	7408
4540	9654
4541	8924
4541	9016
4542	8987
4542	9575
4546	9972
4549	6464
4549	9709
4550	3491
4550	4551
4550	9383
4550	9624
4550	9778
4551	4550
4551	9231
4551	9656
4555	4297
4555	6647
4555	6720
4559	7917
4559	8575
4593	245
4593	6556
4593	9516
4593	9827
4594	3760
4594	6404
4594	9348
4601	1552
4601	2959
4601	9603
4601	9737
4601	9856
4603	4315
4603	8574
4603	9819
4610	9454
4610	9603
4610	9737
4617	7838
4617	9625
4619	4708
4619	8220
4619	9336
4624	7685
4624	8294
4624	8771
4624	9859
4625	8145
4625	8987
4625	9575
4630	6072
4630	7344
4630	7766
4652	6066
4652	9734
4655	9448
4663	6326
4663	6756
4663	8173
4663	8968
4663	9878
4673	6282
4673	6586
4674	1169
4674	6589
4681	9005
4681	9933
4684	8528
4687	9475
4693	6412
4693	7221
4706	6363
4706	9577
4706	9810
4708	2422
4708	4619
4708	6415
4708	9927
4713	7431
4713	8510
4721	9868
4724	451
4724	6514
4724	8486
4732	3069
4732	6940
4732	9241
4737	8207
4737	9383
4738	9356
4740	6076
4740	7043
4740	9260
4743	8514
4743	9819
4743	9922
4748	2862
4748	8490
4748	8748
4748	9221
4748	9414
4749	455
4749	4021
4749	9338
4749	9415
4749	9778
4750	783
4750	8909
4774	443
4774	3842
4774	8821
4774	9136
4779	6482
4779	6574
4779	7534
4779	8174
4779	9454
4792	8586
4792	8877
4798	1715
4798	5655
4798	6918
4798	7006
4801	7044
4801	9410
4803	52
4803	3880
4803	7880
4803	8830
4818	1451
4819	4924
4824	8380
4824	9782
4847	3936
4847	6072
4849	9169
4860	596
4860	7545
4862	6048
4862	9348
4862	9538
4866	9260
4871	2571
4871	6367
4871	7563
4871	8025
4878	6720
4879	6799
4879	9516
4885	4504
4885	8014
4885	9336
4890	635
4890	8666
4893	9590
4896	621
4896	5766
4896	9606
4902	2688
4902	9000
4902	9032
4903	5231
4903	8885
4903	9740
4903	9818
4904	7371
4904	9434
4904	9771
4912	113
4913	2371
4917	9803
4924	4819
4924	6293
4924	9106
4924	9410
4937	6681
4937	7400
4937	9658
4938	6589
4938	8222
4938	9184
4938	9233
4938	9652
4940	6691
4940	9425
4940	9654
4940	9919
4946	5276
4946	5923
4946	6786
4948	7785
4949	7685
4949	9076
4954	4530
4954	8864
4954	9038
4956	8807
4957	4028
4957	9859
4960	6390
4960	7765
4983	2637
4983	5899
4983	8071
4992	7822
4992	9933
4997	3143
4997	9014
5017	5241
5017	8009
5017	8122
5023	3878
5023	8777
5026	9592
5031	1196
5043	807
5043	9203
5043	9243
5043	9312
5043	9827
5046	2877
5046	7566
5046	9081
5046	9389
5047	390
5047	5285
5047	9156
5051	6752
5051	9135
5051	9289
5051	9615
5051	9722
5053	2015
5053	8496
5055	2979
5055	9827
5060	4283
5065	5923
5065	9383
5073	7842
5073	8715
5082	130
5082	978
5086	900
5086	2574
5094	478
5094	9286
5095	2013
5095	7966
5103	9309
5107	631
5107	8895
5107	9348
5115	6964
5128	6908
5128	7478
5129	5766
5129	8790
5134	8415
5134	9905
5144	8763
5147	2091
5147	6363
5147	6455
5149	1763
5149	2883
5149	8459
5151	8865
5151	8879
5151	9032
5156	650
5156	6772
5156	6862
5156	8971
5156	9870
5158	9919
5163	7740
5163	9076
5174	7517
5174	8788
5174	9742
5175	2960
5175	7450
5183	1192
5183	8153
5191	4301
5191	6659
5191	8949
5192	621
5192	8215
5192	8981
5192	9796
5200	6741
5200	9202
5200	9207
5202	6350
5202	8625
5202	9948
5204	1207
5204	1587
5206	8285
5206	8318
5206	9927
5208	2519
5223	5378
5223	7247
5223	9315
5231	4284
5231	4903
5231	9740
5232	9697
5233	8575
5233	9948
5235	8579
5236	9307
5236	9463
5236	9688
5241	5017
5241	9870
5247	5496
5247	6336
5247	8967
5247	9624
5252	7305
5252	8640
5252	9652
5257	769
5257	2922
5257	5946
5257	6015
5257	9454
5257	9603
5257	9737
5270	7030
5270	9575
5273	1435
5273	5909
5273	6020
5273	7848
5273	9625
5276	3651
5276	4946
5278	7534
5278	9631
5278	9704
5285	5047
5285	5909
5285	8814
5290	8919
5290	9156
5290	9686
5295	1289
5295	2276
5295	7124
5295	7904
5296	1435
5296	3936
5301	6463
5308	7918
5309	7369
5310	5909
5310	5982
5310	6020
5310	8323
5310	9625
5314	2542
5314	9065
5314	9146
5320	5978
5326	7872
5329	7291
5329	9819
5329	9922
5332	2519
5332	3364
5332	6456
5332	8703
5332	9315
5349	9697
5361	8584
5361	9448
5367	6063
5369	7892
5369	8438
5369	9205
5378	1295
5378	5223
5385	2489
5385	3098
5385	8385
5387	3553
5387	8909
5396	9785
5407	5676
5407	9032
5407	9782
5410	6036
5410	7400
5410	8866
5410	9307
5411	8396
5411	9654
5421	6655
5421	7904
5427	6794
5430	250
5430	4301
5430	8901
5436	2086
5436	4028
5436	7037
5436	8936
5443	60
5443	2996
5443	3532
5443	7890
5443	8879
5454	6911
5454	9308
5458	4408
5458	8794
5458	9014
5469	9763
5476	5909
5476	6020
5476	9625
5476	9994
5481	8280
5481	9918
5492	4021
5496	5247
5496	9364
5527	7815
5527	9445
5527	9517
5527	9750
5530	7385
5530	7481
5531	4185
5531	7674
5531	9735
5542	3728
5542	7563
5543	2796
5543	7385
5543	8075
5547	5567
5547	7130
5547	8269
5552	1910
5552	6154
5567	5547
5567	7130
5567	8220
5581	2489
5581	7130
5584	2214
5584	6282
5584	6777
5584	7727
5584	8901
5584	9408
5584	9551
5592	331
5592	5776
5592	9950
5601	6036
5610	209
5610	511
5610	8229
5610	8763
5610	9539
5612	491
5612	6927
5612	8014
5614	2740
5614	6752
5614	8143
5614	9289
5615	9163
5620	3858
5620	7830
5620	9224
5624	1570
5624	3563
5624	8385
5625	7164
5625	7230
5625	8697
5636	8734
5636	8947
5636	9463
5639	4303
5639	6490
5639	7319
5644	4355
5644	6456
5645	7978
5645	9750
5645	9884
5653	7503
5655	3084
5655	4798
5655	6209
5659	3144
5659	8388
5659	8949
5659	9944
5667	8374
5669	7757
5670	1015
5670	4230
5670	8415
5670	9688
5676	5407
5676	6136
5676	6704
5676	7782
5676	9118
5679	9581
5684	3536
5684	8828
5684	9081
5684	9918
5689	2015
5689	8818
5699	4492
5699	7638
5699	8269
5699	9944
5702	3115
5702	3619
5702	4260
5702	6849
5702	9475
5716	4254
5716	7874
5716	8150
5716	8700
5718	2956
5718	5792
5718	7451
5718	9307
5722	839
5722	2431
5722	3768
5722	9252
5728	8830
5730	6656
5730	7924
5730	9652
5732	1645
5735	8552
5742	8388
5742	9338
5742	9944
5745	8821
5745	9697
5747	6154
5747	8733
5747	9630
5750	1260
5750	2598
5753	7168
5753	7694
5755	3032
5755	6799
5755	8290
5755	8569
5755	9493
5756	6567
5756	9537
5766	4896
5766	5129
5767	9098
5767	9631
5769	3842
5769	8539
5769	9210
5769	9493
5772	441
5772	3426
5772	9665
5776	5592
5776	7848
5777	7765
5777	7916
5777	9309
5787	1910
5787	6063
5792	5718
5792	7545
5792	7866
5792	9084
5796	855
5796	917
5796	7371
5796	8006
5799	3234
5799	6409
5799	8918
5799	9818
5802	4349
5802	8653
5807	9551
5811	6315
5811	9654
5815	7811
5815	9476
5815	9688
5826	4513
5826	9315
5828	4405
5833	3583
5833	6979
5833	7291
5833	8552
5833	9183
5833	9369
5847	1080
5847	5913
5848	3788
5848	4230
5848	7464
5848	7918
5848	9694
5854	6849
5854	7472
5854	7811
5854	9210
5854	9688
5869	7113
5869	8831
5871	9295
5871	9575
5871	9754
5871	9868
5882	6124
5882	6764
5882	8385
5887	3544
5887	6694
5887	8777
5890	3852
5895	7490
5897	6287
5897	7451
5897	8947
5897	9251
5897	9463
5899	1090
5899	4433
5899	4983
5899	9312
5900	4044
5900	8703
5904	8886
5904	9590
5909	807
5909	5273
5909	5285
5909	5310
5909	5476
5909	8323
5913	5847
5913	8831
5913	9324
5913	9868
5917	6109
5921	9498
5923	4946
5923	5065
5923	9383
5923	9953
5924	160
5924	3880
5924	8830
5936	8754
5936	9697
5946	5257
5946	6938
5946	9579
5946	9763
5949	9286
5949	9827
5969	7409
5971	327
5971	2956
5971	9403
5973	2182
5973	6704
5973	7782
5973	9118
5973	9243
5977	75
5977	3956
5977	6464
5977	7521
5978	5320
5981	1485
5981	8666
5982	1775
5982	5310
5982	6361
5987	4144
5987	8902
6003	8738
6003	9694
6003	9745
6004	1511
6009	422
6009	3431
6015	5257
6015	7587
6015	7719
6020	2047
6020	5273
6020	5310
6020	5476
6020	9625
6020	9994
6036	5410
6036	5601
6036	7305
6036	8877
6037	8990
6037	9183
6040	3793
6047	2275
6047	3909
6047	4126
6047	8153
6047	9135
6047	9538
6048	1443
6048	4377
6048	4862
6048	7431
6048	8885
6048	9289
6063	5367
6063	5787
6063	8596
6063	9811
6066	4652
6066	6985
6066	9750
6072	4630
6072	4847
6072	7766
6072	9966
6076	4740
6076	8454
6076	9905
6089	3340
6089	6870
6089	9811
6109	5917
6109	6390
6111	302
6111	1907
6111	7398
6111	8936
6111	8999
6112	6361
6124	5882
6124	7134
6124	7175
6124	7890
6124	9221
6124	9313
6124	9414
6125	6454
6125	9364
6125	9869
6130	7146
6130	9016
6130	9295
6136	1600
6136	3880
6136	5676
6136	7156
6136	7782
6136	8513
6136	9118
6149	2147
6149	2612
6149	7881
6149	8015
6154	788
6154	2086
6154	5552
6154	5747
6154	7408
6154	8790
6170	9233
6172	8818
6190	7426
6190	7623
6190	9581
6190	9791
6194	60
6194	7150
6194	7717
6194	9408
6203	9382
6204	8688
6204	9868
6209	5655
6209	6390
6227	188
6227	8031
6227	8438
6227	9518
6227	9521
6231	700
6231	4006
6231	9382
6231	9763
6234	6482
6234	9625
6235	7164
6235	8176
6239	2551
6239	3136
6250	4492
6254	1217
6254	1937
6254	9694
6254	9754
6262	6490
6262	9202
6282	4673
6282	5584
6282	7787
6282	8807
6282	8901
6282	9551
6287	5897
6287	8734
6287	9463
6293	3139
6293	4924
6293	7685
6293	9202
6315	5811
6326	4663
6326	8513
6330	1432
6330	4006
6330	7239
6335	4389
6335	9457
6336	5247
6336	8967
6336	9378
6338	7874
6340	7019
6340	9475
6349	7899
6349	9156
6349	9785
6350	5202
6350	8625
6351	285
6351	4170
6351	4283
6351	6838
6351	9581
6358	8404
6358	8700
6361	3629
6361	5982
6361	6112
6361	8062
6363	2091
6363	4706
6363	5147
6363	8454
6365	290
6365	9950
6367	1882
6367	2571
6367	4871
6367	8025
6367	9652
6379	7638
6386	7075
6386	8574
6390	4960
6390	6109
6390	6209
6390	7366
6392	4074
6392	8994
6393	9740
6395	6856
6395	9665
6398	952
6398	2118
6398	2346
6398	6951
6402	1946
6402	2357
6402	7239
6402	7842
6403	8318
6403	9959
6404	2265
6404	3214
6404	4594
6404	7301
6404	8528
6404	9210
6406	9035
6409	5799
6409	8558
6412	4693
6412	6588
6412	8039
6415	4708
6415	7907
6417	7545
6417	8285
6417	8461
6417	8584
6417	9827
6424	7005
6424	9445
6436	2740
6436	9996
6444	1183
6444	3186
6454	697
6454	957
6454	2095
6454	6125
6454	8215
6454	9944
6455	2091
6455	5147
6455	8454
6455	8807
6455	9336
6456	3364
6456	5332
6456	5644
6456	8703
6456	9338
6456	9762
6456	9928
6458	2736
6458	4537
6458	7614
6458	8332
6458	9778
6459	2086
6459	6756
6459	7019
6459	8173
6459	8256
6459	9526
6460	7193
6460	7533
6460	9996
6463	2007
6463	5301
6463	7638
6463	8715
6464	1232
6464	4549
6464	5977
6475	2234
6475	6676
6475	7985
6475	8561
6475	8990
6475	9320
6475	9567
6477	2052
6477	2637
6477	6843
6479	2666
6479	6659
6479	7456
6479	7542
6479	8490
6479	8897
6482	3112
6482	4779
6482	6234
6482	9480
6490	1867
6490	5639
6490	6262
6490	7319
6497	1715
6507	1869
6507	3570
6507	3788
6507	4031
6507	7460
6507	7918
6507	8459
6507	8514
6507	8831
6514	4724
6514	7437
6514	7924
6514	8318
6519	8416
6519	8700
6519	8929
6519	9625
6526	3009
6526	6955
6526	7579
6526	7639
6526	7763
6526	9454
6526	9603
6526	9737
6538	592
6538	6938
6538	7717
6538	8176
6538	8494
6541	1038
6541	8290
6541	9345
6541	9385
6543	2117
6543	7675
6543	8818
6554	8416
6556	4593
6556	7598
6556	8568
6556	9920
6560	3623
6560	7638
6560	8158
6560	8561
6562	2313
6567	57
6567	3069
6567	5756
6567	8023
6567	8332
6571	1511
6571	8593
6571	9658
6574	4779
6574	7857
6574	8422
6586	4673
6586	7839
6586	9156
6588	6412
6588	8161
6589	4674
6589	4938
6589	8981
6589	9184
6589	9233
6595	3491
6595	9485
6595	9498
6601	2015
6601	7195
6601	9493
6601	9901
6603	2424
6603	7766
6603	9605
6603	9811
6629	2169
6629	4429
6636	2794
6636	9778
6647	1471
6647	4555
6647	9203
6651	626
6651	3137
6651	7782
6651	9959
6651	9972
6654	8924
6654	9665
6655	5421
6656	1542
6656	3122
6656	3435
6656	5730
6656	7674
6656	8646
6656	9579
6656	9704
6659	5191
6659	6479
6675	4261
6675	4492
6675	8150
6675	9577
6676	83
6676	6475
6676	9320
6676	9567
6677	7944
6677	7952
6677	8269
6677	8764
6677	8877
6677	8947
6677	9358
6677	9439
6681	4937
6681	9231
6681	9599
6686	4131
6686	7521
6686	9819
6690	7232
6690	8568
6691	4131
6691	4940
6691	7483
6693	3797
6693	9694
6694	5887
6694	8895
6694	8947
6702	162
6702	7496
6702	9547
6704	1600
6704	5676
6704	5973
6704	8513
6704	9118
6715	7972
6715	9308
6720	4555
6720	4878
6720	7811
6720	9899
6741	3724
6741	5200
6741	8964
6741	9353
6752	5051
6752	5614
6752	9251
6752	9289
6756	4663
6756	6459
6756	7874
6756	8256
6764	347
6764	3984
6764	5882
6764	8978
6764	9469
6764	9590
6772	5156
6772	7899
6772	8145
6776	1797
6777	5584
6777	6823
6786	459
6786	3651
6786	4946
6786	7576
6786	9221
6794	855
6794	3636
6794	5427
6799	3378
6799	3735
6799	3883
6799	4879
6799	5755
6799	7833
6799	9146
6800	1829
6800	7719
6800	9742
6815	503
6815	7918
6815	8968
6815	9808
6823	113
6823	1470
6823	6777
6823	7916
6838	1335
6838	6351
6838	8552
6838	8885
6843	198
6843	6477
6849	302
6849	2414
6849	5702
6849	5854
6856	3651
6856	6395
6856	9097
6862	5156
6862	8013
6862	8992
6864	8317
6864	9353
6864	9859
6870	337
6870	3118
6870	3717
6870	4509
6870	6089
6870	9944
6873	1066
6873	8675
6874	672
6874	7091
6874	8568
6874	9356
6874	9454
6874	9874
6877	1090
6877	2028
6877	7961
6877	8986
6884	3926
6884	7855
6886	1138
6886	8809
6908	1700
6908	5128
6908	7478
6908	8220
6908	8763
6908	9575
6911	1705
6911	5454
6911	7193
6911	8999
6911	9203
6911	9771
6915	7787
6916	7833
6916	8885
6916	9374
6916	9539
6918	2505
6918	4335
6918	4798
6918	9169
6918	9878
6924	2593
6924	8015
6924	9722
6926	9498
6926	9615
6927	1996
6927	3398
6927	5612
6927	7450
6927	8395
6927	9237
6928	2719
6928	3238
6928	9356
6928	9579
6938	3802
6938	5946
6938	6538
6940	2641
6940	3769
6940	4732
6940	8997
6940	9378
6941	4514
6941	8569
6941	9493
6941	9811
6943	1906
6946	1031
6946	1204
6946	2446
6946	9000
6951	6398
6951	9492
6955	6526
6955	6985
6955	8176
6955	8222
6955	9868
6962	9516
6962	9581
6964	4486
6964	5115
6964	8814
6966	8102
6966	8991
6966	9640
6966	9950
6971	3583
6971	4338
6971	9448
6979	2741
6979	4126
6979	5833
6979	9286
6982	8102
6982	9959
6982	9997
6985	703
6985	4209
6985	6066
6985	6955
6999	7517
7002	2357
7002	9521
7005	6424
7005	7239
7005	9445
7005	9803
7005	10000
7006	2475
7006	4798
7019	6340
7019	6459
7019	7898
7030	2614
7030	5270
7030	8552
7030	9480
7036	8866
7037	5436
7038	1030
7038	7047
7038	7205
7043	4740
7043	8469
7043	8484
7043	9422
7044	1587
7044	4801
7044	7232
7044	8145
7047	7038
7047	7490
7065	2031
7065	8127
7065	8294
7065	9405
7065	9445
7074	1147
7074	9928
7075	6386
7075	9554
7076	8461
7076	8634
7076	9630
7090	2533
7090	8032
7090	8469
7090	9980
7091	4301
7091	6874
7091	9389
7094	3957
7094	8675
7094	9605
7094	9811
7105	3625
7109	8006
7112	9454
7112	9997
7113	1605
7113	2736
7113	5869
7113	8216
7113	8830
7113	8831
7121	7400
7121	8918
7121	9762
7122	9920
7123	1718
7123	3530
7124	5295
7124	7505
7124	7782
7124	8028
7124	9856
7129	4209
7129	8552
7129	9478
7129	9480
7130	1282
7130	5547
7130	5567
7130	5581
7130	7740
7130	8391
7134	2703
7134	6124
7141	491
7141	9433
7146	6130
7146	7269
7150	1001
7150	2854
7150	6194
7150	7717
7156	6136
7156	8216
7156	9448
7156	9966
7157	8877
7157	9585
7164	1323
7164	3856
7164	5625
7164	6235
7164	7221
7167	8122
7167	8534
7167	9518
7167	9630
7168	4532
7168	5753
7168	7694
7168	8280
7168	9785
7175	1865
7175	3909
7175	6124
7175	9414
7189	4105
7189	9517
7189	9750
7189	9972
7189	9980
7192	2745
7192	9735
7193	6460
7193	6911
7193	8919
7193	9480
7193	9575
7193	9996
7195	3633
7195	3909
7195	6601
7195	7857
7195	8593
7204	134
7204	4069
7204	8675
7204	9859
7205	7038
7205	7490
7217	8161
7217	8229
7217	8777
7217	9996
7221	4693
7221	7164
7221	8039
7221	9378
7230	5625
7230	8969
7232	3041
7232	3544
7232	6690
7232	7044
7232	8523
7238	8715
7238	8830
7238	9516
7238	9517
7238	9918
7238	9972
7239	6330
7239	6402
7239	7005
7239	9374
7241	947
7241	1521
7241	8846
7241	8886
7241	9463
7247	412
7247	1196
7247	5223
7247	8380
7247	9315
7249	7907
7250	130
7250	9034
7269	7146
7269	9818
7270	3799
7270	9518
7270	9656
7270	9808
7277	8176
7277	8287
7277	9475
7279	8028
7279	9205
7279	10000
7291	2415
7291	2573
7291	4292
7291	5329
7291	5833
7291	9819
7291	9922
7298	8807
7298	8969
7301	4261
7301	6404
7305	5252
7305	6036
7305	8207
7305	8877
7319	3118
7319	4335
7319	5639
7319	6490
7344	4630
7344	9156
7344	9905
7366	241
7366	1876
7366	6390
7366	9681
7366	9722
7367	4301
7367	7675
7369	160
7369	2781
7369	2877
7369	5309
7369	8153
7369	8332
7369	9221
7369	9414
7369	9811
7371	4904
7371	5796
7371	7740
7371	9434
7385	3205
7385	5530
7385	5543
7391	3820
7391	8153
7391	9221
7394	8459
7394	9081
7394	9654
7398	6111
7400	4937
7400	5410
7400	7121
7400	8006
7400	8497
7400	9658
7400	9762
7403	3751
7403	8800
7408	4540
7408	6154
7409	3344
7409	3435
7409	5969
7409	8122
7409	8991
7413	1707
7413	3992
7413	9808
7419	1589
7419	7631
7419	8305
7419	9579
7426	6190
7426	8391
7431	4713
7431	6048
7431	8885
7431	9374
7431	9694
7437	83
7437	6514
7437	7510
7438	2008
7438	3491
7438	7857
7438	9624
7438	9778
7450	5175
7450	6927
7450	7456
7451	2064
7451	2443
7451	5718
7451	5897
7451	9251
7451	9307
7454	9606
7454	9785
7456	4334
7456	6479
7456	7450
7456	7505
7456	7542
7456	8454
7456	8490
7456	8897
7460	97
7460	6507
7460	9207
7460	9434
7464	5848
7464	9874
7472	1281
7472	1919
7472	3797
7472	5854
7478	1669
7478	5128
7478	6908
7481	5530
7481	7576
7481	9697
7483	1865
7483	2765
7483	4334
7483	6691
7483	9118
7486	1505
7486	8047
7486	9734
7487	2963
7487	3494
7487	3696
7487	8150
7487	8919
7487	9708
7487	9996
7490	2240
7490	3859
7490	5895
7490	7047
7490	7205
7496	6702
7496	8178
7503	5653
7505	188
7505	440
7505	1009
7505	7124
7505	7456
7505	9606
7505	9856
7510	7437
7510	8215
7510	8581
7510	8697
7516	2859
7516	3793
7516	9146
7516	9369
7517	5174
7517	6999
7517	9383
7521	3580
7521	5977
7521	6686
7521	9032
7521	9782
7528	3373
7528	10000
7532	2018
7532	3979
7533	698
7533	6460
7533	9005
7533	9803
7534	4779
7534	5278
7534	8589
7534	9631
7542	1811
7542	3262
7542	6479
7542	7456
7542	8459
7542	8490
7542	8897
7542	9762
7545	4860
7545	5792
7545	6417
7545	7866
7545	8496
7545	9084
7548	9362
7557	1605
7557	7815
7557	9485
7563	2791
7563	4871
7563	5542
7566	265
7566	3035
7566	4429
7566	5046
7566	9081
7566	9260
7576	2171
7576	6786
7576	7481
7577	2523
7577	8586
7577	9606
7579	6526
7587	2830
7587	6015
7587	8018
7587	8658
7593	2234
7593	8817
7593	9649
7595	7997
7598	6556
7598	8761
7610	3992
7610	9944
7614	260
7614	530
7614	6458
7614	7881
7614	8332
7614	9808
7618	246
7618	8461
7623	2097
7623	3787
7623	4338
7623	6190
7623	8102
7628	3344
7628	8807
7631	999
7631	1589
7631	7419
7631	9378
7633	1765
7633	2392
7633	8388
7638	745
7638	2821
7638	5699
7638	6379
7638	6463
7638	6560
7638	9539
7638	9579
7639	3799
7639	6526
7639	9370
7639	9554
7674	3900
7674	5531
7674	6656
7674	9649
7675	2862
7675	6543
7675	7367
7685	4624
7685	4949
7685	6293
7685	9202
7685	9358
7689	3141
7689	8305
7689	9241
7689	9378
7690	3207
7694	5753
7694	7168
7701	8997
7701	9035
7717	503
7717	6194
7717	6538
7717	7150
7717	8494
7719	3128
7719	6015
7719	6800
7719	8071
7719	8754
7727	5584
7727	7915
7727	8237
7727	8649
7727	9538
7740	5163
7740	7130
7740	7371
7740	7932
7740	8323
7740	8451
7740	9434
7748	513
7748	2524
7748	2591
7748	7961
7748	9312
7751	3957
7751	9694
7757	5669
7757	9338
7757	9796
7763	6526
7763	9233
7763	9454
7763	9603
7763	9737
7763	9878
7765	4960
7765	5777
7765	8949
7766	1388
7766	4630
7766	6072
7766	6603
7782	1420
7782	5676
7782	5973
7782	6136
7782	6651
7782	7124
7782	8391
7782	8513
7782	9118
7785	4948
7785	9243
7785	9827
7787	600
7787	2363
7787	6282
7787	6915
7787	8015
7787	9551
7792	1674
7792	3233
7792	7966
7792	8176
7811	5815
7811	5854
7811	6720
7811	7874
7811	8634
7811	9097
7815	1936
7815	5527
7815	7557
7815	9485
7822	2821
7822	4992
7822	9827
7822	9933
7823	422
7823	822
7823	9076
7826	1960
7826	2477
7826	4030
7826	8220
7826	8269
7826	9762
7830	2861
7830	4476
7830	5620
7830	8215
7830	8981
7830	9796
7831	2240
7831	9286
7831	9810
7831	9933
7833	2542
7833	3911
7833	4472
7833	6799
7833	6916
7833	8545
7838	4617
7839	3856
7839	4295
7839	6586
7839	9169
7839	9585
7839	9878
7841	99
7842	596
7842	1570
7842	3324
7842	5073
7842	6402
7848	5273
7848	5776
7848	7978
7848	8122
7848	9518
7855	871
7855	6884
7855	8150
7855	8237
7855	8734
7857	3122
7857	6574
7857	7195
7857	7438
7857	7924
7857	8006
7857	9324
7862	1161
7862	4172
7862	8658
7862	9415
7862	9551
7866	113
7866	455
7866	2789
7866	5792
7866	7545
7866	8814
7866	9084
7872	1237
7872	5326
7874	4537
7874	5716
7874	6338
7874	6756
7874	7811
7874	7930
7874	9980
7880	3266
7880	4803
7880	7952
7880	8459
7880	9480
7881	6149
7881	7614
7890	2996
7890	5443
7890	6124
7890	8895
7892	452
7892	4439
7892	5369
7892	7952
7892	8764
7892	8981
7892	9439
7892	9944
7898	3799
7898	4246
7898	4411
7898	7019
7899	6349
7899	6772
7899	8394
7904	506
7904	5295
7904	5421
7904	8166
7904	9315
7904	9856
7907	2578
7907	6415
7907	7249
7907	7952
7915	7727
7916	5777
7916	6823
7916	8901
7916	9585
7917	209
7917	2673
7917	4559
7917	9796
7917	9827
7918	4031
7918	4411
7918	5308
7918	5848
7918	6507
7918	6815
7918	8625
7924	5730
7924	6514
7924	7857
7924	8486
7924	8688
7924	9868
7930	812
7930	7874
7932	7740
7932	8415
7944	2750
7944	3544
7944	6677
7944	8764
7944	9439
7952	4530
7952	6677
7952	7880
7952	7892
7952	7907
7952	9439
7961	1775
7961	2591
7961	6877
7961	7748
7961	8692
7961	8986
7966	5095
7966	7792
7966	8176
7966	8287
7970	8317
7970	9031
7972	2853
7972	3139
7972	6715
7972	9624
7978	4033
7978	5645
7978	7848
7978	8318
7978	8658
7985	6475
7985	9547
7985	9654
7997	2533
7997	7595
7997	9415
7997	9452
7997	9567
8006	5796
8006	7109
8006	7400
8006	7857
8006	9034
8009	5017
8009	9205
8013	6862
8013	9884
8014	4885
8014	5612
8014	8025
8014	8949
8014	9665
8015	6149
8015	6924
8015	7787
8015	8589
8015	9649
8018	503
8018	1413
8018	7587
8018	9966
8019	3911
8019	8575
8023	2443
8023	6567
8025	2794
8025	3009
8025	4871
8025	6367
8025	8014
8025	8895
8028	7124
8028	7279
8031	6227
8031	9062
8031	9521
8031	9905
8032	2949
8032	7090
8032	9000
8032	9457
8032	9579
8032	9980
8039	1323
8039	2552
8039	3856
8039	6412
8039	7221
8039	8584
8047	561
8047	7486
8047	9734
8060	310
8060	2502
8060	8918
8062	3458
8062	6361
8062	8901
8069	8281
8069	9243
8071	383
8071	4983
8071	7719
8071	8786
8075	1138
8075	5543
8087	3262
8087	9081
8101	8280
8101	9868
8101	9919
8102	3787
8102	6966
8102	6982
8102	7623
8102	9356
8111	1718
8111	9356
8111	9445
8111	9742
8122	5017
8122	7167
8122	7409
8122	7848
8122	9518
8127	1424
8127	7065
8127	9754
8143	4429
8143	5614
8143	8584
8143	9922
8145	4625
8145	6772
8145	7044
8150	2443
8150	3601
8150	5716
8150	6675
8150	7487
8150	7855
8153	5183
8153	6047
8153	7369
8153	7391
8153	8166
8153	8924
8158	3802
8158	6560
8161	6588
8161	7217
8161	9537
8166	7904
8166	8153
8173	3417
8173	4663
8173	6459
8173	9567
8174	4779
8174	8997
8174	9202
8174	9526
8176	6235
8176	6538
8176	6955
8176	7277
8176	7792
8176	7966
8176	8287
8176	8968
8176	9345
8176	9405
8178	3253
8178	4002
8178	7496
8178	8318
8178	8864
8178	9038
8178	9948
8195	8967
8195	9948
8207	4737
8207	7305
8209	8786
8209	9959
8215	786
8215	5192
8215	6454
8215	7510
8215	7830
8215	8981
8215	9796
8216	4039
8216	7113
8216	7156
8216	9498
8216	9966
8220	3192
8220	4030
8220	4619
8220	5567
8220	6908
8220	7826
8222	1373
8222	1445
8222	1957
8222	4218
8222	4938
8222	6955
8222	8692
8223	1183
8223	8552
8223	9480
8223	9606
8227	4125
8227	8558
8227	9286
8229	2868
8229	3036
8229	5610
8229	7217
8229	9606
8229	9996
8237	7727
8237	7855
8237	8596
8237	9920
8244	840
8244	8830
8244	9338
8251	3623
8256	608
8256	2570
8256	6459
8256	6756
8256	9405
8269	5547
8269	5699
8269	6677
8269	7826
8269	8285
8269	9778
8278	4109
8278	9118
8278	9433
8280	1928
8280	5481
8280	7168
8280	8101
8280	8828
8280	9606
8280	9918
8281	1031
8281	1070
8281	8069
8285	901
8285	3733
8285	5206
8285	6417
8285	8269
8286	9859
8287	2063
8287	3233
8287	7277
8287	7966
8287	8176
8287	8968
8290	212
8290	5755
8290	6541
8290	8332
8290	8569
8290	9345
8290	9405
8290	9493
8294	1080
8294	4624
8294	7065
8294	9551
8294	9709
8305	2692
8305	2895
8305	3115
8305	7419
8305	7689
8305	9454
8317	3909
8317	6864
8317	7970
8317	9031
8317	9919
8317	9966
8318	2243
8318	5206
8318	6403
8318	6514
8318	7978
8318	8178
8318	8738
8318	9959
8318	9997
8323	666
8323	2068
8323	5310
8323	5909
8323	7740
8323	9061
8323	9625
8323	9994
8332	4537
8332	6458
8332	6567
8332	7369
8332	7614
8332	8290
8332	9585
8374	5667
8374	9516
8374	9554
8379	2520
8379	8986
8379	9205
8380	647
8380	2564
8380	3532
8380	4824
8380	7247
8380	8908
8380	9654
8385	5385
8385	5624
8385	5882
8385	9084
8385	9953
8385	10000
8388	3524
8388	5659
8388	5742
8388	7633
8388	9061
8388	9457
8388	9537
8388	9944
8391	228
8391	306
8391	7130
8391	7426
8391	7782
8394	1295
8394	7899
8395	2853
8395	3241
8395	4201
8395	6927
8395	8846
8395	8909
8396	3671
8396	4345
8396	5411
8396	8459
8396	9260
8396	9654
8396	9827
8402	812
8402	2424
8402	2852
8402	8640
8402	9592
8402	9735
8404	6358
8404	9681
8415	2910
8415	5134
8415	5670
8415	7932
8415	9928
8416	794
8416	3460
8416	3714
8416	6519
8416	6554
8416	8690
8416	8700
8416	8929
8419	591
8419	2047
8422	3929
8422	6574
8422	9315
8427	3214
8427	8601
8427	9065
8427	9588
8427	9878
8427	9918
8438	5369
8438	6227
8438	8788
8446	3149
8446	9221
8446	9537
8448	2063
8448	8991
8448	9859
8451	1580
8451	2765
8451	7740
8451	8800
8451	9448
8454	926
8454	3653
8454	6076
8454	6363
8454	6455
8454	7456
8459	2719
8459	5149
8459	6507
8459	7394
8459	7542
8459	7880
8459	8396
8459	9869
8461	4232
8461	6417
8461	7076
8461	7618
8461	9475
8469	917
8469	4509
8469	7043
8469	7090
8469	8484
8484	60
8484	926
8484	7043
8484	8469
8486	4724
8486	7924
8486	8688
8486	8761
8486	9868
8490	626
8490	3144
8490	3262
8490	4334
8490	4748
8490	6479
8490	7456
8490	7542
8494	6538
8494	7717
8494	9617
8496	5053
8496	7545
8497	7400
8498	9118
8498	9492
8498	9953
8510	3032
8510	3421
8510	3652
8510	4713
8513	6136
8513	6326
8513	6704
8513	7782
8513	9118
8514	2552
8514	4743
8514	6507
8514	9922
8514	9994
8523	432
8523	2715
8523	4359
8523	7232
8523	9585
8523	9878
8528	3651
8528	4684
8528	6404
8528	8579
8528	9933
8534	666
8534	3751
8534	7167
8534	9920
8539	783
8539	2004
8539	5769
8539	9210
8545	1716
8545	2462
8545	2542
8545	7833
8545	9146
8545	9697
8552	5735
8552	5833
8552	6838
8552	7030
8552	7129
8552	8223
8552	9480
8558	6409
8558	8227
8558	8856
8558	9493
8561	100
8561	279
8561	318
8561	6475
8561	6560
8561	9358
8568	929
8568	2996
8568	3278
8568	6556
8568	6690
8568	6874
8568	9356
8569	212
8569	440
8569	1936
8569	5755
8569	6941
8569	8290
8569	9485
8569	9493
8574	2446
8574	3239
8574	4603
8574	6386
8574	9737
8575	4559
8575	5233
8575	8019
8575	9901
8579	5235
8579	8528
8579	9808
8581	3020
8581	3708
8581	7510
8581	9605
8581	9966
8584	2960
8584	5361
8584	6417
8584	8039
8584	8143
8584	9408
8586	4792
8586	7577
8586	9966
8589	1411
8589	7534
8589	8015
8589	8646
8589	8777
8589	9631
8589	9704
8593	1162
8593	6571
8593	7195
8593	9762
8596	621
8596	6063
8596	8237
8596	8992
8601	8427
8601	9016
8601	9065
8601	9518
8625	204
8625	2276
8625	2431
8625	5202
8625	6350
8625	7918
8629	453
8629	3636
8629	8991
8634	1267
8634	7076
8634	7811
8634	9476
8640	2146
8640	2560
8640	5252
8640	8402
8640	9652
8641	868
8641	2265
8641	2444
8641	9808
8646	569
8646	6656
8646	8589
8646	9704
8646	9953
8649	2830
8649	7727
8649	9480
8649	9538
8649	9656
8649	9950
8653	207
8653	3310
8653	5802
8656	1707
8656	3461
8656	9005
8658	4033
8658	7587
8658	7862
8658	7978
8666	49
8666	1331
8666	3624
8666	4890
8666	5981
8675	1901
8675	3275
8675	3900
8675	6873
8675	7094
8675	7204
8675	9605
8688	6204
8688	7924
8688	8486
8688	8761
8688	8994
8688	9516
8688	9708
8688	9868
8690	8416
8690	9624
8690	9950
8692	1540
8692	7961
8692	8222
8692	9255
8692	9316
8697	2092
8697	4349
8697	4385
8697	5625
8697	7510
8697	9498
8700	5716
8700	6358
8700	6519
8700	8416
8700	8929
8703	1593
8703	5332
8703	5900
8703	6456
8715	1017
8715	2370
8715	5073
8715	6463
8715	7238
8715	9382
8733	1669
8733	5747
8733	9374
8733	9630
8734	5636
8734	6287
8734	7855
8734	8947
8734	10000
8738	6003
8738	8318
8738	9694
8738	9745
8748	2573
8748	2574
8748	2877
8748	4748
8748	9221
8748	9414
8754	1376
8754	2690
8754	3128
8754	4210
8754	5936
8754	7719
8754	9231
8761	7598
8761	8486
8761	8688
8761	9868
8761	9899
8763	2376
8763	3146
8763	5144
8763	5610
8763	6908
8764	2092
8764	2569
8764	6677
8764	7892
8764	7944
8764	9439
8764	9933
8764	9994
8771	1701
8771	4624
8771	8999
8771	9202
8777	1240
8777	5023
8777	5887
8777	7217
8777	8589
8781	3481
8781	3742
8786	8071
8786	8209
8786	9260
8786	9818
8788	3278
8788	5174
8788	8438
8788	9928
8790	3964
8790	4532
8790	5129
8790	6154
8790	8814
8794	801
8794	4338
8794	4408
8794	5458
8794	9014
8794	9343
8794	9819
8800	641
8800	1207
8800	4186
8800	7403
8800	8451
8800	9309
8800	9791
8807	1135
8807	3061
8807	4075
8807	4956
8807	6282
8807	6455
8807	7298
8807	7628
8807	8877
8807	8879
8809	6886
8809	9358
8809	9734
8814	542
8814	2171
8814	4389
8814	5285
8814	6964
8814	7866
8814	8790
8817	2424
8817	7593
8817	9405
8817	9649
8817	9652
8818	290
8818	1834
8818	2015
8818	2577
8818	3149
8818	3906
8818	5689
8818	6172
8818	6543
8818	9237
8821	3879
8821	4774
8821	5745
8821	8919
8821	9136
8821	9874
8828	3069
8828	5684
8828	8280
8828	9918
8830	160
8830	2703
8830	4211
8830	4803
8830	5728
8830	5924
8830	7113
8830	7238
8830	8244
8831	2598
8831	3704
8831	5869
8831	5913
8831	6507
8831	7113
8846	229
8846	690
8846	2996
8846	7241
8846	8395
8846	9603
8846	9803
8856	8558
8856	8924
8856	9336
8856	9782
8864	2386
8864	4954
8864	8178
8865	3791
8865	4377
8865	5151
8865	9791
8866	3212
8866	5410
8866	7036
8866	9480
8877	453
8877	2209
8877	4792
8877	6036
8877	6677
8877	7157
8877	7305
8877	8807
8879	1882
8879	5151
8879	5443
8879	8807
8885	2159
8885	2704
8885	4903
8885	6048
8885	6838
8885	6916
8885	7431
8885	9539
8885	9605
8885	9944
8886	1217
8886	4299
8886	5904
8886	7241
8886	9493
8886	9498
8886	9754
8886	9763
8895	3541
8895	5107
8895	6694
8895	7890
8895	8025
8895	9652
8897	898
8897	4334
8897	6479
8897	7456
8897	7542
8897	9554
8901	700
8901	1062
8901	2073
8901	4315
8901	5430
8901	5584
8901	6282
8901	7916
8901	8062
8901	9551
8901	9927
8902	1374
8902	3118
8902	5987
8902	8934
8902	9959
8908	4087
8908	8380
8908	9313
8909	733
8909	1611
8909	3241
8909	3859
8909	4201
8909	4750
8909	5387
8909	8395
8909	9722
8918	5799
8918	7121
8918	8060
8918	9762
8919	2963
8919	5290
8919	7193
8919	7487
8919	8821
8919	9184
8919	9996
8924	592
8924	1192
8924	4541
8924	6654
8924	8153
8924	8856
8929	1160
8929	2741
8929	3421
8929	6519
8929	8416
8929	8700
8934	95
8934	287
8934	1951
8934	4125
8934	8902
8936	2910
8936	3212
8936	3445
8936	5436
8936	6111
8947	5636
8947	5897
8947	6677
8947	6694
8947	8734
8947	9307
8947	9454
8949	1158
8949	3435
8949	5191
8949	5659
8949	7765
8949	8014
8964	434
8964	2265
8964	6741
8964	9163
8964	9403
8967	3020
8967	5247
8967	6336
8967	8195
8967	9592
8967	9627
8968	256
8968	3431
8968	4663
8968	6815
8968	8176
8968	8287
8968	9652
8969	1763
8969	7230
8969	7298
8969	8971
8969	9169
8969	9627
8969	9811
8971	3025
8971	3122
8971	5156
8971	8969
8971	9870
8978	1016
8978	1693
8978	2169
8978	6764
8978	9469
8978	9704
8981	2320
8981	3749
8981	4476
8981	5192
8981	6589
8981	7830
8981	7892
8981	8215
8981	9796
8986	513
8986	6877
8986	7961
8986	8379
8987	2566
8987	4542
8987	4625
8987	9364
8987	9575
8987	9754
8990	2736
8990	6037
8990	6475
8990	9320
8990	9439
8990	9567
8991	453
8991	2612
8991	6966
8991	7409
8991	8448
8991	8629
8992	201
8992	4446
8992	6862
8992	8596
8992	9605
8992	9688
8994	3171
8994	6392
8994	8688
8994	9233
8997	6940
8997	7701
8997	8174
8997	9289
8997	9526
8997	9933
8999	439
8999	6111
8999	6911
8999	8771
8999	9771
9000	394
9000	1147
9000	4902
9000	6946
9000	8032
9005	1707
9005	2071
9005	3061
9005	4492
9005	4681
9005	7533
9005	8656
9014	947
9014	1306
9014	4997
9014	5458
9014	8794
9014	9343
9014	9493
9016	1615
9016	4541
9016	6130
9016	8601
9016	9884
9016	9994
9031	246
9031	3909
9031	7970
9031	8317
9031	9032
9032	3746
9032	4902
9032	5151
9032	5407
9032	7521
9032	9031
9034	2821
9034	7250
9034	8006
9035	6406
9035	7701
9035	9081
9038	807
9038	4954
9038	8178
9038	9811
9061	8323
9061	8388
9061	9156
9061	9944
9062	3445
9062	8031
9062	9521
9065	704
9065	3815
9065	5314
9065	8427
9065	8601
9065	9405
9065	9588
9076	822
9076	3416
9076	4949
9076	5163
9076	7823
9076	9537
9081	3320
9081	5046
9081	5684
9081	7394
9081	7566
9081	8087
9081	9035
9081	9136
9081	9260
9081	9389
9084	113
9084	581
9084	3722
9084	5792
9084	7545
9084	7866
9084	8385
9097	1319
9097	2569
9097	6856
9097	7811
9097	9654
9097	9665
9098	1124
9098	1129
9098	3398
9098	5767
9098	9735
9106	443
9106	2703
9106	3443
9106	3953
9106	4110
9106	4131
9106	4924
9106	9202
9106	9410
9118	5676
9118	5973
9118	6136
9118	6704
9118	7483
9118	7782
9118	8278
9118	8498
9118	8513
9135	711
9135	5051
9135	6047
9135	9313
9135	9403
9135	9878
9136	2469
9136	3842
9136	4774
9136	8821
9136	9081
9146	1716
9146	3378
9146	3735
9146	5314
9146	6799
9146	7516
9146	8545
9146	9539
9156	1303
9156	3738
9156	5047
9156	5290
9156	6349
9156	6586
9156	7344
9156	9061
9156	9737
9163	3205
9163	5615
9163	8964
9163	9358
9163	9874
9169	4849
9169	6918
9169	7839
9169	8969
9169	9585
9169	9878
9183	99
9183	917
9183	2859
9183	5833
9183	6037
9183	9369
9183	9605
9184	214
9184	3094
9184	4938
9184	6589
9184	8919
9184	9233
9202	355
9202	2834
9202	4448
9202	5200
9202	6262
9202	6293
9202	7685
9202	8174
9202	8771
9202	9106
9203	569
9203	1469
9203	2302
9203	5043
9203	6647
9203	6911
9205	5369
9205	7279
9205	8009
9205	8379
9205	9603
9205	9980
9207	2081
9207	5200
9207	7460
9210	1947
9210	5769
9210	5854
9210	6404
9210	8539
9210	9920
9221	642
9221	1887
9221	2574
9221	3473
9221	3760
9221	4748
9221	6124
9221	6786
9221	7369
9221	7391
9221	8446
9221	8748
9221	9414
9224	1017
9224	3541
9224	5620
9231	1219
9231	4551
9231	6681
9231	8754
9231	9681
9231	9763
9233	214
9233	4938
9233	6170
9233	6589
9233	7763
9233	8994
9233	9184
9233	9590
9236	2213
9236	4429
9237	2071
9237	3032
9237	4031
9237	4074
9237	4448
9237	6927
9237	8818
9237	9577
9241	4732
9241	7689
9241	9378
9243	274
9243	530
9243	3769
9243	5043
9243	5973
9243	7785
9243	8069
9243	9312
9243	9818
9243	9827
9251	3747
9251	5897
9251	6752
9251	7451
9251	9307
9251	9577
9252	918
9252	3769
9252	5722
9252	9316
9255	1237
9255	2577
9255	3142
9255	8692
9255	9316
9260	327
9260	4509
9260	4740
9260	4866
9260	7566
9260	8396
9260	8786
9260	9081
9286	1347
9286	5094
9286	5949
9286	6979
9286	7831
9286	8227
9289	2740
9289	5051
9289	5614
9289	6048
9289	6752
9289	8997
9289	9343
9289	9433
9289	9625
9289	9722
9295	1666
9295	5871
9295	6130
9307	5236
9307	5410
9307	5718
9307	7451
9307	8947
9307	9251
9307	9463
9308	2586
9308	3879
9308	5454
9308	6715
9309	1207
9309	1470
9309	1580
9309	2214
9309	3320
9309	5103
9309	5777
9309	8800
9309	9606
9312	794
9312	5043
9312	5899
9312	7748
9312	9243
9312	9818
9312	9827
9313	960
9313	1346
9313	3473
9313	6124
9313	8908
9313	9135
9315	412
9315	2003
9315	5223
9315	5332
9315	5826
9315	7247
9315	7904
9315	8422
9316	3142
9316	4514
9316	8692
9316	9252
9316	9255
9316	9654
9320	2736
9320	6475
9320	6676
9320	8990
9320	9567
9320	9859
9324	1762
9324	5913
9324	7857
9336	3720
9336	4619
9336	4885
9336	6455
9336	8856
9338	2968
9338	4749
9338	5742
9338	6456
9338	7757
9338	8244
9338	9415
9343	801
9343	1042
9343	1653
9343	2073
9343	4408
9343	8794
9343	9014
9343	9289
9345	212
9345	3476
9345	4514
9345	6541
9345	8176
9345	8290
9345	9493
9345	9762
9348	346
9348	650
9348	2608
9348	4398
9348	4594
9348	4862
9348	5107
9348	9599
9348	9617
9353	511
9353	2116
9353	4094
9353	6741
9353	6864
9353	9905
9356	241
9356	4738
9356	6874
9356	6928
9356	8102
9356	8111
9356	8568
9358	6677
9358	7685
9358	8561
9358	8809
9358	9163
9362	289
9362	638
9362	1511
9362	2745
9362	7548
9364	52
9364	479
9364	2357
9364	5496
9364	6125
9364	8987
9364	9498
9364	9869
9365	1775
9365	3583
9365	9905
9369	5833
9369	7516
9369	9183
9369	9704
9369	9966
9370	7639
9370	9425
9370	9554
9370	9722
9370	9919
9374	1443
9374	3530
9374	3532
9374	6916
9374	7239
9374	7431
9374	8733
9374	9475
9374	9709
9378	2692
9378	3041
9378	3553
9378	4172
9378	6336
9378	6940
9378	7221
9378	7631
9378	7689
9378	9241
9382	3205
9382	3769
9382	6203
9382	6231
9382	8715
9382	9518
9382	9734
9383	1531
9383	4091
9383	4550
9383	4737
9383	5065
9383	5923
9383	7517
9385	1469
9385	3735
9385	6541
9385	9708
9385	9953
9385	10000
9389	3320
9389	4509
9389	5046
9389	7091
9389	9081
9389	9688
9403	434
9403	3883
9403	5971
9403	8964
9403	9135
9403	9874
9405	3193
9405	7065
9405	8176
9405	8256
9405	8290
9405	8817
9405	9065
9408	245
9408	5584
9408	6194
9408	8584
9410	626
9410	3443
9410	4131
9410	4801
9410	4924
9410	9106
9410	9475
9410	9996
9414	642
9414	1865
9414	2574
9414	4748
9414	6124
9414	7175
9414	7369
9414	8748
9414	9221
9415	52
9415	1399
9415	4301
9415	4749
9415	7862
9415	7997
9415	9338
9422	511
9422	2881
9422	7043
9425	2869
9425	4940
9425	9370
9425	9554
9425	9919
9433	4303
9433	4504
9433	7141
9433	8278
9433	9289
9433	9754
9434	2765
9434	3748
9434	4904
9434	7371
9434	7460
9434	7740
9434	9771
9439	2750
9439	6677
9439	7892
9439	7944
9439	7952
9439	8764
9439	8990
9445	885
9445	3708
9445	5527
9445	6424
9445	7005
9445	7065
9445	8111
9445	9803
9448	3722
9448	3738
9448	4655
9448	5361
9448	6971
9448	7156
9448	8451
9448	9498
9448	9745
9448	9953
9448	9966
9452	1348
9452	2489
9452	7997
9454	3212
9454	3533
9454	4610
9454	4779
9454	5257
9454	6526
9454	6874
9454	7112
9454	7763
9454	8305
9454	8947
9454	9603
9457	682
9457	2949
9457	4355
9457	6335
9457	8032
9457	8388
9457	9615
9457	9980
9463	1940
9463	2431
9463	5236
9463	5636
9463	5897
9463	6287
9463	7241
9463	9307
9463	9884
9469	474
9469	1016
9469	1822
9469	4007
9469	6764
9469	8978
9475	302
9475	2007
9475	2959
9475	4687
9475	5702
9475	6340
9475	7277
9475	8461
9475	9374
9475	9410
9476	375
9476	5815
9476	8634
9476	9688
9478	132
9478	887
9478	2716
9478	4308
9478	7129
9478	9547
9480	4209
9480	4335
9480	6482
9480	7030
9480	7129
9480	7193
9480	7880
9480	8223
9480	8552
9480	8649
9480	8866
9480	9918
9485	57
9485	6595
9485	7557
9485	7815
9485	8569
9492	1439
9492	1611
9492	2182
9492	6951
9492	8498
9492	9763
9493	212
9493	3476
9493	3787
9493	4514
9493	5755
9493	5769
9493	6601
9493	6941
9493	8290
9493	8558
9493	8569
9493	8886
9493	9014
9493	9345
9498	2963
9498	3063
9498	5921
9498	6595
9498	6926
9498	8216
9498	8697
9498	8886
9498	9364
9498	9448
9498	9966
9516	3768
9516	4593
9516	4879
9516	6962
9516	7238
9516	8374
9516	8688
9516	9745
9516	9966
9517	40
9517	650
9517	1572
9517	5527
9517	7189
9517	7238
9517	9750
9518	3706
9518	6227
9518	7167
9518	7270
9518	7848
9518	8122
9518	8601
9518	9382
9518	9762
9521	1715
9521	3984
9521	6227
9521	7002
9521	8031
9521	9062
9521	9796
9526	6459
9526	8174
9526	8997
9526	9617
9537	3738
9537	5756
9537	8161
9537	8388
9537	8446
9537	9076
9537	9581
9538	3791
9538	4082
9538	4218
9538	4862
9538	6047
9538	7727
9538	8649
9539	925
9539	5610
9539	6916
9539	7638
9539	8885
9539	9146
9547	6702
9547	7985
9547	9478
9547	9808
9551	600
9551	700
9551	1834
9551	5584
9551	5807
9551	6282
9551	7787
9551	7862
9551	8294
9551	8901
9554	375
9554	7075
9554	7639
9554	8374
9554	8897
9554	9370
9554	9425
9567	279
9567	1147
9567	2736
9567	2799
9567	6475
9567	6676
9567	7997
9567	8173
9567	8990
9567	9320
9575	4542
9575	4625
9575	5270
9575	5871
9575	6908
9575	7193
9575	8987
9575	9656
9575	9754
9577	1611
9577	1822
9577	3147
9577	4246
9577	4706
9577	6675
9577	9237
9577	9251
9577	9810
9579	5946
9579	6656
9579	6928
9579	7419
9579	7638
9579	8032
9579	9763
9581	4170
9581	4439
9581	5679
9581	6190
9581	6351
9581	6962
9581	9537
9581	9605
9585	2672
9585	3417
9585	4295
9585	7157
9585	7839
9585	7916
9585	8332
9585	8523
9585	9169
9585	9878
9588	1587
9588	2520
9588	8427
9588	9065
9588	9928
9590	1196
9590	1585
9590	1736
9590	2706
9590	3724
9590	4893
9590	5904
9590	6764
9590	9233
9590	9782
9592	254
9592	2535
9592	2852
9592	3260
9592	5026
9592	8402
9592	8967
9592	9722
9592	9735
9599	2767
9599	4002
9599	6681
9599	9348
9599	9709
9603	3212
9603	4601
9603	4610
9603	5257
9603	6526
9603	7763
9603	8846
9603	9205
9603	9454
9603	9737
9603	9868
9605	1764
9605	3275
9605	3900
9605	6603
9605	7094
9605	8581
9605	8675
9605	8885
9605	8992
9605	9183
9605	9581
9605	9811
9606	1995
9606	3815
9606	4110
9606	4896
9606	7454
9606	7505
9606	7577
9606	8223
9606	8229
9606	8280
9606	9309
9606	9796
9615	5051
9615	6926
9615	9457
9617	4398
9617	8494
9617	9348
9617	9526
9624	2967
9624	3787
9624	4523
9624	4550
9624	5247
9624	7438
9624	7972
9624	8690
9624	9778
9625	2524
9625	4210
9625	4617
9625	5273
9625	5310
9625	5476
9625	6020
9625	6234
9625	6519
9625	8323
9625	9289
9625	9944
9627	8967
9627	8969
9627	9918
9630	478
9630	983
9630	1669
9630	2791
9630	3476
9630	5747
9630	7076
9630	7167
9630	8733
9630	9868
9631	822
9631	1501
9631	1939
9631	2004
9631	5278
9631	5767
9631	7534
9631	8589
9631	9649
9640	1769
9640	2313
9640	6966
9649	1505
9649	2801
9649	4260
9649	7593
9649	7674
9649	8015
9649	8817
9649	9631
9652	3426
9652	4938
9652	5252
9652	5730
9652	6367
9652	8640
9652	8817
9652	8895
9652	8968
9652	9927
9654	1747
9654	1763
9654	1797
9654	4540
9654	4940
9654	5411
9654	5811
9654	7394
9654	7985
9654	8380
9654	8396
9654	9097
9654	9316
9654	9953
9656	2255
9656	4551
9656	7270
9656	8649
9656	9575
9658	390
9658	1600
9658	3458
9658	4937
9658	6571
9658	7400
9658	9762
9658	9791
9665	2762
9665	3942
9665	5772
9665	6395
9665	6654
9665	8014
9665	9097
9665	9919
9681	1867
9681	2975
9681	3888
9681	4292
9681	7366
9681	8404
9681	9231
9686	2767
9686	5290
9686	9742
9688	3139
9688	4210
9688	5236
9688	5670
9688	5815
9688	5854
9688	8992
9688	9389
9688	9476
9694	1038
9694	3879
9694	4439
9694	5848
9694	6003
9694	6254
9694	6693
9694	7431
9694	7751
9694	8738
9694	9745
9697	506
9697	1802
9697	2569
9697	2746
9697	3177
9697	5232
9697	5349
9697	5745
9697	5936
9697	7481
9697	8545
9704	1331
9704	2498
9704	3535
9704	5278
9704	6656
9704	8589
9704	8646
9704	8978
9704	9369
9708	1902
9708	3447
9708	4326
9708	7487
9708	8688
9708	9385
9709	287
9709	2847
9709	4031
9709	4105
9709	4172
9709	4549
9709	8294
9709	9374
9709	9599
9709	9899
9722	690
9722	2364
9722	2740
9722	4509
9722	5051
9722	6924
9722	7366
9722	8909
9722	9289
9722	9370
9722	9592
9734	2718
9734	4652
9734	7486
9734	8047
9734	8809
9734	9382
9735	2852
9735	5531
9735	7192
9735	8402
9735	9098
9735	9592
9735	9874
9737	3212
9737	3533
9737	4601
9737	4610
9737	5257
9737	6526
9737	7763
9737	8574
9737	9156
9737	9603
9740	425
9740	3422
9740	4903
9740	5231
9740	6393
9742	130
9742	1024
9742	1718
9742	2770
9742	2861
9742	3260
9742	5174
9742	6800
9742	8111
9742	9686
9745	471
9745	4294
9745	6003
9745	8738
9745	9448
9745	9516
9745	9694
9750	40
9750	650
9750	1572
9750	3936
9750	5527
9750	5645
9750	6066
9750	7189
9750	9517
9754	3386
9754	4299
9754	5871
9754	6254
9754	8127
9754	8886
9754	8987
9754	9433
9754	9575
9762	1162
9762	3460
9762	3476
9762	6456
9762	7121
9762	7400
9762	7542
9762	7826
9762	8593
9762	8918
9762	9345
9762	9518
9762	9658
9763	4109
9763	4504
9763	5469
9763	5946
9763	6231
9763	8886
9763	9231
9763	9492
9763	9579
9771	4904
9771	6911
9771	8999
9771	9434
9771	9996
9778	2008
9778	2967
9778	3491
9778	4523
9778	4550
9778	4749
9778	6458
9778	6636
9778	7438
9778	8269
9778	9624
9782	2068
9782	3746
9782	4824
9782	5407
9782	7521
9782	8856
9782	9590
9785	3708
9785	5396
9785	6349
9785	7168
9785	7454
9791	337
9791	4185
9791	4377
9791	6190
9791	8800
9791	8865
9791	9658
9796	383
9796	2320
9796	4476
9796	5192
9796	7757
9796	7830
9796	7917
9796	8215
9796	8981
9796	9521
9796	9606
9796	9869
9796	9996
9803	885
9803	3651
9803	3708
9803	4917
9803	7005
9803	7533
9803	8846
9803	9445
9808	2067
9808	2296
9808	2578
9808	3163
9808	3254
9808	4170
9808	6815
9808	7270
9808	7413
9808	7614
9808	8579
9808	8641
9808	9547
9810	249
9810	1424
9810	4069
9810	4246
9810	4706
9810	7831
9810	9577
9810	9994
9811	226
9811	3275
9811	6063
9811	6089
9811	6603
9811	6941
9811	7094
9811	7369
9811	8969
9811	9038
9811	9605
9818	274
9818	4903
9818	5799
9818	7269
9818	8786
9818	9243
9818	9312
9819	2552
9819	3991
9819	3992
9819	4292
9819	4603
9819	4743
9819	5329
9819	6686
9819	7291
9819	8794
9819	9922
9827	927
9827	3234
9827	3473
9827	4593
9827	5043
9827	5055
9827	5949
9827	6417
9827	7785
9827	7822
9827	7917
9827	8396
9827	9243
9827	9312
9856	440
9856	4601
9856	7124
9856	7505
9856	7904
9859	999
9859	4624
9859	4957
9859	6864
9859	7204
9859	8286
9859	8448
9859	9320
9868	2462
9868	4721
9868	5871
9868	5913
9868	6204
9868	6955
9868	7924
9868	8101
9868	8486
9868	8688
9868	8761
9868	9603
9868	9630
9868	9919
9869	1700
9869	4513
9869	6125
9869	8459
9869	9364
9869	9796
9869	9919
9870	852
9870	3128
9870	5156
9870	5241
9870	8971
9874	434
9874	3883
9874	6874
9874	7464
9874	8821
9874	9163
9874	9403
9874	9735
9878	1533
9878	3428
9878	4087
9878	4663
9878	6918
9878	7763
9878	7839
9878	8427
9878	8523
9878	9135
9878	9169
9878	9585
9884	3546
9884	4511
9884	5645
9884	8013
9884	9016
9884	9463
9899	2313
9899	3011
9899	3067
9899	3970
9899	6720
9899	8761
9899	9709
9901	1165
9901	1769
9901	3387
9901	4306
9901	4471
9901	6601
9901	8575
9905	162
9905	1398
9905	3205
9905	3653
9905	5134
9905	6076
9905	7344
9905	8031
9905	9353
9905	9365
9918	3536
9918	4513
9918	5481
9918	5684
9918	7238
9918	8280
9918	8427
9918	8828
9918	9480
9918	9627
9919	2746
9919	4408
9919	4940
9919	5158
9919	8101
9919	8317
9919	9370
9919	9425
9919	9665
9919	9868
9919	9869
9920	666
9920	1420
9920	2614
9920	3751
9920	6556
9920	7122
9920	8237
9920	8534
9920	9210
9922	2213
9922	2552
9922	3991
9922	4292
9922	4743
9922	5329
9922	7291
9922	8143
9922	8514
9922	9819
9927	3828
9927	4708
9927	5206
9927	8901
9927	9652
9928	2350
9928	2363
9928	3480
9928	4031
9928	6456
9928	7074
9928	8415
9928	8788
9928	9588
9933	440
9933	854
9933	1587
9933	4297
9933	4681
9933	4992
9933	7822
9933	7831
9933	8528
9933	8764
9933	8997
9944	2171
9944	3524
9944	5659
9944	5699
9944	5742
9944	6454
9944	6870
9944	7610
9944	7892
9944	8388
9944	8885
9944	9061
9944	9625
9948	432
9948	2933
9948	4439
9948	5202
9948	5233
9948	8178
9948	8195
9950	17
9950	290
9950	1587
9950	3728
9950	5592
9950	6365
9950	6966
9950	8649
9950	8690
9953	511
9953	1342
9953	3252
9953	4295
9953	5923
9953	8385
9953	8498
9953	8646
9953	9385
9953	9448
9953	9654
9959	2243
9959	3926
9959	6403
9959	6651
9959	6982
9959	8209
9959	8318
9959	8902
9959	9997
9966	2794
9966	6072
9966	7156
9966	8018
9966	8216
9966	8317
9966	8581
9966	8586
9966	9369
9966	9448
9966	9498
9966	9516
9972	233
9972	1054
9972	1124
9972	2869
9972	4546
9972	6651
9972	7189
9972	7238
9980	2949
9980	4209
9980	7090
9980	7189
9980	7874
9980	8032
9980	9205
9980	9457
9994	830
9994	2524
9994	4210
9994	5476
9994	6020
9994	8323
9994	8514
9994	8764
9994	9016
9994	9810
9996	2963
9996	3097
9996	3696
9996	4123
9996	4378
9996	6436
9996	6460
9996	7193
9996	7217
9996	7487
9996	8229
9996	8919
9996	9410
9996	9771
9996	9796
9997	2243
9997	3171
9997	6982
9997	7112
9997	8318
9997	9959
10000	126
10000	569
10000	1641
10000	7005
10000	7279
10000	7528
10000	8385
10000	8734
10000	9385
