3296	3296
1445	1445
1018	1018
531	531
764	764
735	735
1824	1824
2659	2659
4235	4235
1012	1012
3698	3698
3444	3444
4410	4410
535	535
48	48
3831	3831
1391	1391
2459	2459
1574	1574
2155	2155
558	558
3215	3215
2809	2809
1945	1945
2272	2272
5416	5416
1104	1104
6703	6703
998	998
3938	3938
4802	4802
3888	3888
1071	1071
1094	1094
1044	1044
3984	3984
2641	2641
1879	1879
3201	3201
4392	4392
4342	4342
5096	5096
967	967
336	336
430	430
4823	4823
24	24
1367	1367
4011	4011
97	97
1288	1288
657	657
1492	1492
2204	2204
332	332
1900	1900
5908	5908
1386	1386
776	776
124	124
1844	1844
2729	2729
2983	2983
3768	3768
3137	3137
655	655
1511	1511
3087	3087
3312	3312
3233	3233
243	243
5492	5492
3641	3641
6327	6327
5188	5188
3083	3083
5232	5232
666	666
2954	2954
891	891
2336	2336
7331	7331
1676	1676
1147	1147
262	262
3508	3508
2034	2034
1293	1293
895	895
1091	1091
1651	1651
2507	2507
3546	3546
4491	4491
687	687
2153	2153
3496	3496
4839	4839
433	433
2328	2328
1189	1189
4760	4760
5341	5341
152	152
3346	3346
1110	1110
1843	1843
3877	3877
2026	2026
6228	6228
5801	5801
2578	2578
3667	3667
598	598
1179	1179
1404	1404
5433	5433
11	11
846	846
796	796
2516	2516
3026	3026
4348	4348
5437	5437
4827	4827
5662	5662
5358	5358
2766	2766
996	996
2085	2085
1	1
459	459
155	155
6776	6776
2283	2283
2029	2029
453	453
1906	1906
1246	1246
2733	2733
5529	5529
2937	2937
832	832
4209	4209
2206	2206
6887	6887
5036	5036
857	857
1061	1061
2781	2781
807	807
299	299
1642	1642
1155	1155
1388	1388
1409	1409
474	474
343	343
699	699
2296	2296
3589	3589
2958	2958
853	853
5767	5767
6602	6602
549	549
3837	3837
6400	6400
5159	5159
237	237
5617	5617
6960	6960
1072	1072
797	797
7185	7185
2619	2619
1349	1349
7483	7483
4289	4289
2569	2569
1126	1126
2338	2338
