1	2992
1	9256
1	9412
18	9697
24	4178
24	7768
28	7998
29	7855
30	7018
46	374
47	9725
50	5626
54	9699
56	8716
85	6050
93	893
93	8576
94	9013
103	3349
103	9861
116	3211
116	6817
116	7828
116	8067
132	9478
132	9682
134	9040
135	1854
145	8576
153	8797
157	5967
157	7251
162	2683
162	9528
164	178
164	7319
164	8647
164	9700
168	5114
168	8488
170	5624
170	5629
170	7982
170	9287
172	7127
172	7882
174	8478
178	164
178	8698
180	6334
180	7372
180	7837
186	701
195	7412
199	9806
200	1965
200	9033
216	6701
216	9770
219	4479
219	5575
221	6426
221	9148
221	9602
222	1926
222	3692
222	9259
223	9300
237	1565
237	8177
237	8771
238	7961
238	9741
250	8882
257	4049
257	6505
259	6591
259	9040
271	6090
285	6351
285	8356
285	8378
285	8731
289	8359
290	6604
291	8495
300	8234
308	5941
308	8267
308	9478
316	9327
316	9896
326	5458
326	5574
326	8918
328	8618
333	7689
336	2409
336	3420
336	8286
339	1199
344	9392
354	3374
354	7549
356	5057
356	9373
356	9589
372	9395
374	46
374	7239
379	7488
379	9896
392	9728
397	8320
408	5416
409	9350
411	8951
413	1625
413	8072
413	8939
413	9190
426	5967
434	3177
434	3801
434	8964
434	9619
436	5489
436	8517
439	9651
449	7380
449	9755
455	6713
486	7950
486	9682
499	7478
500	7182
500	7882
502	5012
513	8923
513	9648
519	2921
520	9747
525	9257
539	9054
539	9814
539	9930
550	7900
567	9686
594	9328
606	7394
606	9422
612	8724
612	9863
618	9597
626	9410
636	7526
636	8431
644	1772
661	1425
666	1789
666	8323
683	4017
683	6814
691	9860
701	186
701	4163
702	8760
703	6985
703	7852
723	8104
723	8925
723	9915
725	2630
727	9095
732	3200
732	7510
740	7185
740	7347
740	7847
742	8205
742	9837
745	6891
746	3901
746	8440
746	8478
747	4793
753	9356
754	6250
767	7291
767	8755
773	6581
773	8119
775	2212
775	9371
788	8356
788	9915
804	9722
809	5870
811	7844
834	1280
834	7361
843	5061
844	8205
844	9269
844	9648
844	9933
860	3982
860	7127
865	2918
865	3439
865	9456
865	9653
868	2447
868	9116
869	7341
879	9806
893	93
893	7936
894	9246
895	7033
895	7704
895	9860
899	9801
912	9894
918	9826
922	9086
930	7222
930	7923
930	9921
937	1179
937	2555
937	5716
952	3847
956	9977
960	9795
978	5082
978	9639
979	4517
980	1548
980	4502
993	4735
993	8964
997	1356
997	6144
997	6368
997	7377
1006	9524
1006	9615
1017	8715
1017	9447
1019	4917
1020	8027
1020	8761
1020	9412
1020	9714
1022	5675
1022	6567
1031	8063
1031	8762
1031	9930
1037	8760
1042	9939
1044	1455
1044	4566
1044	8243
1049	1274
1051	2499
1053	8390
1057	5822
1057	8364
1057	8733
1058	9697
1062	3309
1062	8901
1076	9008
1085	5939
1085	7704
1087	2862
1087	6195
1087	7478
1098	7480
1108	1191
1108	4819
1114	8314
1114	9483
1120	9437
1120	9894
1122	8939
1126	8829
1160	2924
1160	9761
1165	2202
1172	7587
1172	8664
1172	9871
1179	937
1179	6163
1179	9288
1180	5748
1180	7933
1182	4869
1182	6932
1183	5050
1183	6444
1183	6932
1191	1108
1191	3240
1191	7137
1199	339
1199	9806
1202	6508
1202	7686
1208	6103
1214	3304
1236	6462
1237	2881
1237	9013
1254	8797
1255	4819
1255	9747
1263	9412
1264	7837
1264	9668
1274	1049
1280	834
1280	7970
1284	2119
1284	5157
1284	9524
1291	3515
1291	6932
1291	7298
1291	9411
1291	9879
1295	7814
1308	9522
1316	4078
1316	9574
1316	9823
1317	9519
1323	6733
1323	7164
1323	8104
1328	7371
1333	5609
1333	8803
1342	9091
1342	9190
1346	3753
1350	7805
1350	9402
1356	997
1356	1707
1356	2279
1363	2798
1363	5058
1363	9259
1373	4703
1375	9069
1375	9699
1406	9233
1406	9500
1425	661
1431	9565
1436	6743
1436	7198
1453	3230
1455	1044
1455	9264
1464	6735
1464	9371
1469	6669
1469	6920
1469	9057
1472	3545
1472	3968
1481	3416
1481	7823
1481	9116
1485	5668
1491	9522
1498	6726
1509	8715
1509	9373
1513	9847
1513	9861
1515	4210
1515	4621
1516	8900
1516	9997
1528	8731
1528	9916
1530	6513
1539	8980
1548	980
1548	6669
1565	237
1565	4624
1565	4982
1565	7685
1565	9532
1566	5797
1567	7127
1568	3425
1568	9176
1575	7378
1575	8214
1577	7758
1577	9921
1589	8797
1589	8819
1594	9612
1595	6770
1600	6704
1603	2958
1603	9770
1608	7961
1621	9395
1623	9648
1623	9933
1625	413
1631	5671
1634	4047
1634	8314
1639	9361
1640	9657
1649	9327
1649	9896
1653	9668
1654	3928
1654	9238
1654	9934
1658	8507
1663	9596
1665	8555
1684	4948
1684	5299
1684	6506
1685	2294
1685	3062
1685	5732
1685	5870
1685	9826
1707	1356
1707	9725
1715	7770
1715	9521
1716	9146
1721	4119
1721	5870
1723	8980
1723	9747
1729	3757
1729	8625
1729	9776
1731	9534
1752	8083
1770	7372
1771	8357
1772	644
1772	2728
1772	5591
1772	6769
1772	7578
1782	5269
1784	5178
1784	7940
1784	9956
1785	6650
1785	9176
1789	666
1789	2118
1789	7305
1792	9601
1794	2272
1794	3813
1794	9532
1798	5626
1798	9801
1802	9697
1809	2905
1809	9316
1812	4049
1812	7488
1812	9896
1815	7689
1815	9262
1835	8901
1835	9422
1837	6209
1848	3838
1848	8116
1848	9414
1848	9657
1854	135
1854	7890
1855	6708
1855	7982
1858	9921
1859	8555
1861	3995
1861	7414
1861	9617
1864	9033
1864	9612
1864	9651
1865	9414
1868	6059
1868	6400
1870	4876
1870	6699
1870	9238
1875	8034
1875	8093
1879	7528
1879	9736
1886	4163
1886	6426
1887	8078
1887	9657
1909	8595
1915	3232
1926	222
1926	8314
1934	9860
1934	9915
1938	3499
1938	6849
1938	8257
1943	8587
1956	7998
1961	3034
1961	7590
1961	8652
1961	8820
1963	3873
1963	6642
1963	9328
1965	200
1965	5592
1965	8973
1975	2654
1975	5980
1975	6531
1978	8820
1978	8990
1978	9320
1978	9407
1978	9567
1988	2966
1988	6511
1988	7096
1988	8265
1988	9619
1994	6704
1994	8507
1999	4370
2005	8357
2008	7335
2008	7392
2009	9612
2009	9835
2009	9934
2014	3194
2014	6180
2030	2934
2034	7414
2034	9456
2034	9653
2035	6538
2035	9668
2039	3970
2039	6546
2039	6733
2043	3039
2043	3918
2043	6763
2043	6814
2043	9931
2050	8205
2077	5788
2077	9847
2079	9356
2082	3743
2082	9651
2093	5732
2093	8889
2093	9013
2093	9806
2103	7719
2103	9682
2104	8194
2104	9639
2107	5561
2115	9411
2115	9879
2118	1789
2118	8914
2119	1284
2124	6726
2124	9795
2126	8655
2131	6036
2150	2385
2150	2555
2150	3757
2153	8771
2153	9318
2158	8882
2174	3968
2174	8052
2174	8132
2175	8356
2175	8378
2176	3838
2176	5156
2176	6061
2189	9414
2189	9801
2189	9977
2191	7480
2191	7940
2191	9126
2191	9834
2192	7420
2193	6199
2193	9063
2193	9478
2202	1165
2202	9693
2206	4216
2208	9410
2212	775
2212	7511
2212	9894
2217	5330
2217	9356
2217	9483
2221	9126
2221	9407
2222	9246
2222	9411
2224	2436
2235	3847
2238	6779
2252	3958
2252	6141
2252	6387
2259	8395
2259	9048
2262	4344
2264	7950
2264	8243
2264	8700
2272	1794
2272	9699
2276	8625
2279	1356
2284	9135
2294	1685
2294	2491
2294	2962
2294	9741
2296	9390
2310	7580
2310	9422
2313	3921
2313	8926
2313	9801
2333	5797
2333	7265
2334	8059
2334	8373
2339	7618
2344	7726
2344	9697
2357	5809
2358	9736
2364	9269
2364	9722
2373	6424
2373	9896
2385	2150
2385	3425
2385	9823
2386	7764
2386	8265
2386	9259
2404	8833
2404	9589
2409	336
2409	7073
2409	9853
2409	9858
2418	5041
2422	4708
2422	8364
2424	6603
2424	7571
2424	8433
2427	5476
2427	6996
2427	8175
2434	8825
2436	2224
2436	7587
2436	9871
2445	8359
2445	9648
2445	9933
2447	868
2447	9410
2447	9795
2447	9855
2459	7527
2463	3444
2463	3935
2465	3130
2465	9861
2466	5967
2466	6434
2467	3107
2468	7728
2468	9069
2479	6175
2479	8019
2482	4288
2486	7174
2491	2294
2491	4755
2494	5211
2494	9568
2499	1051
2499	2620
2507	3928
2507	8712
2548	5011
2548	5168
2548	7309
2548	8628
2548	9384
2555	937
2555	2150
2555	4288
2555	7527
2564	8096
2564	8820
2578	5853
2586	6774
2586	9847
2590	3053
2596	7873
2597	5448
2597	6591
2597	8265
2598	8587
2600	2909
2600	8937
2600	9736
2605	8665
2613	2624
2620	2499
2620	7844
2621	7588
2621	9855
2624	2613
2624	7009
2624	7726
2624	8324
2630	725
2630	4736
2631	9619
2633	6679
2633	7380
2639	8177
2642	3062
2642	8664
2643	6405
2643	9596
2648	9622
2652	7425
2652	8395
2653	9383
2654	1975
2654	5791
2655	7104
2655	8093
2680	5802
2683	162
2683	4253
2692	7570
2693	6996
2693	7578
2693	9761
2698	9997
2702	9602
2722	2851
2722	7333
2722	8664
2722	9823
2728	1772
2741	3901
2741	4523
2773	4893
2775	2921
2790	9650
2798	1363
2798	3972
2798	8755
2802	9373
2809	6701
2809	7749
2810	3726
2810	5315
2817	9519
2819	4826
2825	3211
2826	5822
2826	6585
2826	9246
2836	3245
2836	7719
2836	9682
2836	9806
2849	9534
2851	2722
2851	4440
2862	1087
2876	7239
2876	7290
2878	9625
2881	1237
2881	7686
2881	9422
2881	9894
2892	3608
2900	9860
2905	1809
2905	8067
2909	2600
2909	3189
2909	7528
2909	9736
2918	865
2918	4244
2921	519
2921	2775
2924	1160
2928	8889
2934	2030
2936	4399
2936	5575
2936	6561
2936	7724
2954	9457
2958	1603
2958	7863
2958	8359
2958	8489
2959	4260
2959	4601
2961	7505
2962	2294
2962	8326
2962	9723
2966	1988
2966	4033
2976	3672
2976	9356
2976	9457
2992	1
2992	6077
2992	7290
2992	9439
2998	9259
2999	5853
2999	8889
3012	7745
3012	9410
3012	9707
3016	8265
3016	9007
3023	5329
3023	9956
3028	8488
3029	8882
3029	9693
3034	1961
3034	7590
3034	9668
3035	9263
3038	3454
3039	2043
3039	7799
3039	9521
3039	9931
3053	2590
3053	4755
3057	9724
3058	5239
3062	1685
3062	2642
3062	9653
3062	9761
3063	9483
3072	4017
3072	8761
3076	8535
3076	9528
3083	6983
3083	9412
3088	8119
3088	9327
3088	9896
3094	3772
3098	8833
3101	6505
3106	4780
3106	9354
3107	2467
3107	7071
3115	5915
3115	9198
3115	9795
3115	9916
3118	7319
3127	7927
3127	8010
3127	9723
3130	2465
3135	5004
3137	7333
3138	8265
3144	7982
3144	8093
3147	9500
3153	6314
3158	4554
3158	8774
3159	7846
3170	5338
3170	7298
3170	9574
3170	9848
3177	434
3177	9103
3177	9432
3177	9697
3181	3674
3181	3983
3181	7320
3182	7344
3183	3414
3183	7198
3183	8166
3183	9322
3184	7291
3189	2909
3191	7262
3191	7933
3191	9908
3194	2014
3194	7644
3194	9823
3200	732
3210	5772
3210	9747
3211	116
3211	2825
3211	4834
3211	5626
3211	8912
3221	7948
3221	9834
3230	1453
3230	8249
3232	1915
3232	8625
3233	7792
3233	9373
3235	9601
3237	8733
3240	1191
3245	2836
3245	4206
3245	5910
3245	7920
3245	9478
3264	6215
3268	8889
3304	1214
3309	1062
3309	7094
3324	4869
3335	8431
3335	8618
3349	103
3349	9814
3370	6446
3374	354
3374	9804
3387	5707
3389	5082
3389	9019
3407	9444
3412	9013
3412	9316
3414	3183
3414	6576
3416	1481
3420	336
3420	7478
3420	8954
3425	1568
3425	2385
3425	6441
3426	5772
3432	5772
3432	7096
3434	4099
3434	4819
3434	8941
3434	9317
3438	8395
3439	865
3441	7460
3441	9288
3444	2463
3444	9208
3444	9939
3449	4975
3449	7898
3449	8298
3450	9262
3454	3038
3454	6983
3457	5148
3458	9500
3463	8326
3473	8277
3482	4995
3482	5910
3482	8019
3482	9916
3494	4460
3494	9728
3499	1938
3502	4740
3502	7361
3509	9117
3515	1291
3515	6206
3515	9879
3518	8507
3518	8773
3522	7474
3522	7793
3524	9063
3524	9995
3527	3727
3528	5489
3528	6003
3528	9126
3530	7814
3538	5775
3540	9525
3540	9934
3541	9206
3541	9447
3545	1472
3545	9860
3548	9834
3550	6141
3550	7913
3550	8248
3552	9565
3563	5624
3563	7730
3563	8520
3563	8829
3563	8923
3563	9444
3574	9095
3580	4213
3580	6184
3580	8489
3580	9695
3581	7580
3581	9262
3581	9700
3596	8526
3596	9136
3597	9725
3600	5041
3600	8760
3606	7344
3606	9057
3608	2892
3608	5809
3619	9048
3622	5669
3622	6149
3622	9233
3632	6594
3632	7096
3632	7185
3638	5061
3638	7127
3638	9649
3660	3855
3660	8496
3672	2976
3672	7104
3672	9247
3672	9414
3674	3181
3674	4021
3684	5422
3684	8257
3684	8724
3684	9632
3692	222
3692	5338
3693	6787
3693	7244
3693	8698
3693	9239
3693	9532
3697	4214
3697	7480
3706	6290
3706	6699
3710	8628
3710	9981
3720	9853
3726	2810
3727	3527
3727	9534
3728	5542
3728	7169
3728	7622
3730	4206
3730	5330
3730	9483
3733	7174
3733	8285
3733	9239
3734	8918
3735	6824
3735	9146
3741	6820
3741	7334
3741	8820
3741	9567
3742	8781
3742	9460
3743	2082
3743	9259
3748	4076
3748	7998
3753	1346
3753	4502
3755	8989
3755	9417
3757	1729
3757	2150
3757	5079
3757	9037
3759	4125
3759	9483
3766	5966
3772	3094
3772	5910
3775	4460
3775	9568
3775	9639
3775	9714
3775	9858
3781	6108
3781	9695
3782	4843
3782	5941
3782	6816
3782	9460
3782	9657
3782	9806
3795	6042
3795	9117
3795	9871
3796	8027
3796	9668
3796	9837
3801	434
3809	8175
3812	5591
3812	9091
3812	9437
3812	9927
3813	1794
3813	9456
3813	9650
3815	9281
3822	5220
3822	8988
3822	9104
3822	9931
3838	1848
3838	2176
3838	7863
3838	7966
3838	9871
3846	8132
3847	952
3847	2235
3847	4537
3847	7244
3855	3660
3855	6552
3856	5862
3856	7164
3856	7562
3858	8524
3866	5771
3873	1963
3873	9328
3875	5120
3875	8177
3875	9723
3882	6385
3882	9615
3889	6968
3897	7151
3897	9057
3901	746
3901	2741
3903	5469
3918	2043
3920	6763
3920	9256
3920	9460
3921	2313
3921	9318
3921	9981
3928	1654
3928	2507
3928	4178
3928	7665
3930	9847
3931	5178
3931	6387
3931	7920
3931	8954
3931	9247
3935	2463
3935	5197
3935	6550
3935	6983
3945	9235
3950	9516
3956	6713
3956	9930
3958	2252
3958	6199
3962	9233
3968	1472
3968	2174
3968	5004
3968	8052
3970	2039
3970	7962
3972	2798
3972	5517
3972	9858
3982	860
3982	6679
3983	3181
3983	9764
3987	5587
3987	7480
3991	4452
3991	6642
3991	8681
3992	8276
3995	1861
3995	9249
4002	7244
4002	9300
4003	9037
4017	683
4017	3072
4017	9322
4021	3674
4021	8267
4021	8655
4025	4725
4033	2966
4033	6387
4033	9235
4036	8581
4047	1634
4047	8314
4047	9524
4047	9680
4049	257
4049	1812
4049	9263
4052	7530
4052	7776
4052	8474
4052	8954
4054	8059
4054	8917
4059	4869
4059	5077
4075	6578
4075	6679
4076	3748
4076	9063
4076	9281
4078	1316
4098	5170
4098	9390
4099	3434
4099	6245
4099	7827
4099	8072
4108	4265
4108	8917
4108	9834
4108	9896
4119	1721
4119	5862
4125	3759
4125	6983
4125	8934
4125	9995
4133	8917
4133	9639
4139	8364
4139	8715
4143	8437
4143	9206
4143	9574
4157	4250
4157	6816
4157	7046
4157	9524
4157	9648
4160	8934
4163	701
4163	1886
4163	7334
4163	9565
4168	5626
4168	9350
4174	9384
4176	7239
4176	7414
4176	9804
4178	24
4178	3928
4178	8315
4178	9257
4178	9776
4183	6804
4188	7982
4188	8698
4190	5791
4190	9437
4191	4381
4191	8587
4197	7609
4198	6561
4198	6968
4198	9686
4203	6765
4203	7265
4206	3245
4206	3730
4206	7920
4209	6985
4210	1515
4210	9625
4210	9688
4213	3580
4213	8489
4213	9777
4214	3697
4214	4244
4214	6835
4216	2206
4216	6219
4216	8063
4216	8664
4216	9930
4217	5748
4217	9410
4231	5669
4231	7416
4231	8509
4231	9921
4238	7225
4238	8647
4238	9157
4244	2918
4244	4214
4244	6650
4244	7758
4246	7898
4246	8819
4246	8941
4250	4157
4250	9524
4253	2683
4253	5367
4253	6726
4253	7297
4253	8052
4257	6001
4260	2959
4260	8626
4260	9649
4265	4108
4265	8761
4275	9860
4288	2482
4288	2555
4288	5643
4288	8248
4293	9354
4295	8052
4302	5751
4302	6290
4302	6563
4329	5910
4329	6334
4329	8359
4332	7578
4344	2262
4352	7420
4354	5415
4370	1999
4370	6709
4370	9354
4370	9437
4381	4191
4381	9639
4393	5205
4393	9456
4393	9981
4399	2936
4400	9276
4410	4675
4410	7096
4410	8440
4410	9007
4411	6462
4411	7898
4411	9288
4412	6642
4412	9286
4413	5875
4413	9525
4427	5771
4427	7898
4427	8988
4427	9695
4430	9806
4440	2851
4442	5168
4442	9384
4452	3991
4452	5329
4452	8829
4454	9522
4457	5148
4457	6463
4457	8964
4457	9741
4460	3494
4460	3775
4460	6426
4460	9728
4473	9997
4479	219
4479	5479
4479	9447
4489	8992
4489	9707
4489	9934
4502	980
4502	3753
4502	4812
4502	8164
4506	6483
4506	8917
4506	9437
4512	9931
4513	9040
4516	9233
4517	979
4517	7239
4518	5710
4518	9457
4518	9500
4523	2741
4523	7335
4523	7479
4526	8497
4529	9286
4537	3847
4540	7408
4547	5629
4547	6433
4547	8478
4547	8806
4549	5168
4549	6464
4549	6713
4549	9384
4550	4551
4550	9383
4550	9447
4550	9648
4551	4550
4551	7734
4551	9519
4551	9776
4554	3158
4554	5225
4566	1044
4566	7886
4575	6124
4575	6468
4575	9795
4580	7305
4586	6704
4590	4648
4590	4765
4591	5791
4591	8886
4599	9915
4601	2959
4604	8990
4604	9320
4615	6763
4615	6903
4621	1515
4621	8019
4624	1565
4624	5886
4624	7685
4624	8294
4624	8771
4624	9859
4629	7745
4629	7770
4629	9686
4647	6765
4647	9736
4648	4590
4648	9263
4648	9714
4649	9728
4649	9733
4649	9956
4651	7198
4651	8437
4653	5966
4653	8706
4653	9263
4670	7108
4670	8137
4670	8592
4670	9741
4672	6513
4672	6594
4675	4410
4685	5485
4689	5965
4689	9931
4702	7886
4703	1373
4703	9265
4703	9724
4703	9755
4708	2422
4708	9927
4711	7764
4711	9521
4715	5565
4715	9686
4715	9722
4716	7071
4716	9552
4723	6103
4723	7412
4723	7873
4724	5280
4725	4025
4725	9350
4735	993
4736	2630
4738	7425
4738	9246
4738	9356
4739	8652
4739	9371
4740	3502
4745	6333
4745	7913
4754	4796
4754	6540
4754	9607
4755	2491
4755	3053
4755	6199
4755	9412
4765	4590
4765	7933
4765	9519
4778	7254
4778	9074
4780	3106
4780	9354
4783	8139
4783	9653
4783	9804
4793	747
4795	6627
4796	4754
4796	6578
4803	8116
4803	8623
4806	9489
4812	4502
4812	9390
4812	9693
4812	9879
4815	8119
4815	9538
4819	1108
4819	1255
4819	3434
4819	4924
4819	9733
4826	2819
4834	3211
4834	6891
4834	7071
4836	6632
4836	9609
4838	7982
4843	3782
4843	7471
4843	8781
4859	5290
4869	1182
4869	3324
4869	4059
4869	7793
4870	9699
4876	1870
4876	8535
4880	7132
4880	7607
4880	8660
4880	9755
4883	6191
4893	2773
4897	5311
4897	6381
4912	6180
4912	9678
4917	1019
4917	7262
4917	7947
4917	9921
4919	6676
4922	6983
4922	8320
4924	4819
4924	9410
4929	6072
4934	8139
4945	5809
4948	1684
4948	9269
4949	7424
4949	7685
4951	9741
4965	7205
4967	5853
4967	6468
4975	3449
4982	1565
4982	5118
4982	6811
4982	9259
4993	8980
4993	9855
4995	3482
4995	8267
4995	9916
5004	3135
5004	3968
5006	5874
5006	6209
5006	9288
5010	5808
5010	9239
5011	2548
5011	6464
5011	7424
5011	8731
5011	8939
5011	9384
5012	502
5012	7936
5015	6567
5029	8941
5037	9288
5037	9894
5041	2418
5041	3600
5041	6683
5041	8635
5041	8760
5041	9764
5050	1183
5050	6102
5055	7530
5055	9257
5057	356
5057	6446
5057	8712
5058	1363
5058	6195
5061	843
5061	3638
5061	7526
5077	4059
5077	8901
5077	8912
5079	3757
5079	9956
5081	9522
5082	978
5082	3389
5082	8194
5082	9639
5095	7235
5095	7966
5095	9206
5095	9249
5102	5965
5114	168
5114	8937
5114	9736
5117	7792
5118	4982
5118	7479
5118	7558
5118	7711
5118	9736
5118	9848
5120	3875
5120	6560
5122	8849
5135	7719
5135	9682
5148	3457
5148	4457
5148	5886
5148	6808
5156	2176
5157	1284
5167	5197
5167	5870
5167	7736
5168	2548
5168	4442
5168	4549
5168	9853
5170	4098
5170	6528
5170	8067
5172	8866
5177	9837
5178	1784
5178	3931
5178	8433
5178	8628
5183	8937
5183	9736
5186	5963
5186	8797
5186	9516
5187	9407
5189	5315
5189	5998
5189	7794
5191	9432
5197	3935
5197	5167
5197	6983
5200	6741
5200	9202
5203	9568
5205	4393
5205	7337
5205	8194
5211	2494
5211	8277
5211	8923
5211	9133
5211	9687
5218	6972
5218	9896
5220	3822
5220	7478
5220	8431
5220	9521
5220	9931
5225	4554
5225	8698
5225	9532
5239	3058
5239	6808
5239	6903
5239	8731
5239	9383
5247	7380
5247	7644
5256	5965
5261	6462
5261	7947
5261	9288
5261	9437
5261	9847
5269	1782
5269	8509
5269	9823
5280	4724
5280	8096
5280	8761
5290	4859
5290	8507
5290	9686
5299	1684
5299	7264
5299	8455
5305	9861
5308	6627
5308	7254
5308	7856
5308	8712
5311	4897
5311	6381
5311	6961
5311	7225
5315	2810
5315	5189
5320	8524
5324	7968
5324	7983
5324	8175
5324	9103
5329	3023
5329	4452
5329	7291
5329	8755
5330	2217
5330	3730
5330	9483
5338	3170
5338	3692
5338	5941
5341	9639
5355	8647
5355	9931
5358	5422
5363	9632
5365	9320
5367	4253
5367	6063
5367	7658
5371	5721
5371	7488
5415	4354
5415	5629
5415	9287
5416	408
5416	8484
5416	9367
5422	3684
5422	5358
5422	8947
5448	2597
5448	6287
5448	8947
5451	9383
5451	9858
5458	326
5460	8961
5460	9848
5469	3903
5469	8882
5476	2427
5476	6020
5476	6278
5476	8519
5476	9625
5479	4479
5479	7847
5479	9447
5482	7569
5482	7587
5482	7792
5482	9519
5482	9871
5485	4685
5485	5786
5485	6090
5489	436
5489	3528
5489	9256
5494	9104
5494	9246
5498	7505
5498	8937
5498	9148
5498	9285
5498	9607
5502	9318
5510	8511
5510	8961
5517	3972
5517	8294
5517	9858
5527	7265
5527	9699
5528	6250
5528	8941
5529	7020
5542	3728
5542	7563
5542	8433
5542	8628
5542	9262
5543	8324
5543	9253
5543	9259
5545	6546
5548	8097
5548	8797
5548	8882
5548	9019
5548	9352
5561	2107
5561	7344
5565	4715
5565	6441
5565	7164
5574	326
5574	6935
5574	8433
5574	8455
5574	9770
5575	219
5575	2936
5587	3987
5587	9596
5591	1772
5591	3812
5591	9157
5591	9500
5592	1965
5592	8774
5592	8819
5603	7936
5603	9392
5609	1333
5609	6385
5609	9019
5609	9190
5609	9439
5614	8034
5614	9257
5615	9651
5615	9835
5615	9934
5623	9367
5623	9700
5624	170
5624	3563
5624	8517
5624	9444
5626	50
5626	1798
5626	3211
5626	4168
5626	8912
5629	170
5629	4547
5629	5415
5629	6287
5633	8926
5633	9148
5633	9285
5643	4288
5643	9263
5643	9519
5646	7255
5646	9048
5651	5927
5651	6508
5651	8007
5651	8093
5663	8989
5663	9026
5663	9451
5668	1485
5668	7794
5668	8059
5669	3622
5669	4231
5671	1631
5671	9216
5671	9687
5671	9707
5671	9777
5675	1022
5675	9158
5675	9707
5675	9777
5692	8496
5692	9235
5694	6576
5694	7169
5694	7298
5694	9121
5698	6550
5698	7849
5704	5874
5704	7260
5707	3387
5707	6578
5707	8124
5707	8833
5707	9198
5709	6163
5709	7528
5709	8964
5709	9619
5709	9724
5710	4518
5710	5721
5710	8925
5716	937
5716	8450
5716	8700
5716	9411
5716	9483
5721	5371
5721	5710
5721	8934
5721	9008
5721	9747
5724	5748
5724	5770
5724	7260
5724	7749
5728	6495
5728	8882
5728	9525
5732	1685
5732	2093
5732	6462
5732	8257
5732	9288
5735	9361
5740	7758
5740	8791
5748	1180
5748	4217
5748	5724
5748	6217
5748	6968
5748	8571
5748	8988
5751	4302
5756	6567
5756	8724
5759	8696
5759	9054
5768	9086
5768	9617
5770	5724
5770	6464
5771	3866
5771	4427
5771	9019
5771	9190
5771	9516
5771	9741
5772	3210
5772	3426
5772	3432
5772	9747
5775	3538
5775	9257
5786	5485
5786	7223
5786	8164
5786	9908
5788	2077
5788	8626
5791	2654
5791	4190
5791	4591
5791	9216
5797	1566
5797	2333
5797	8450
5797	9247
5799	7530
5799	8315
5799	8918
5802	2680
5802	6542
5802	9091
5808	5010
5808	8285
5808	8973
5808	9239
5809	2357
5809	3608
5809	4945
5809	6708
5809	8164
5811	9371
5811	9894
5813	6935
5813	9202
5822	1057
5822	2826
5822	9871
5827	6878
5827	7510
5827	8119
5827	9327
5829	9116
5835	7237
5835	8912
5835	9826
5841	5951
5841	6699
5841	9157
5846	7768
5853	2578
5853	2999
5853	4967
5853	8912
5857	7527
5859	8027
5862	3856
5862	4119
5862	7962
5862	9300
5862	9814
5870	809
5870	1685
5870	1721
5870	5167
5870	9649
5874	5006
5874	5704
5874	8323
5874	8681
5874	9247
5875	4413
5875	8988
5875	9019
5875	9190
5875	9516
5881	7983
5884	7378
5886	4624
5886	5148
5886	8771
5886	9202
5886	9601
5895	9777
5901	7718
5901	9617
5910	3245
5910	3482
5910	3772
5910	4329
5915	3115
5915	6108
5915	8731
5915	9104
5927	5651
5927	8923
5939	1085
5939	7328
5939	7407
5939	7890
5941	308
5941	3782
5941	5338
5941	6036
5941	6743
5941	9460
5951	5841
5951	8474
5951	9451
5961	7488
5961	9322
5963	5186
5963	9019
5963	9700
5965	4689
5965	5102
5965	5256
5966	3766
5966	4653
5967	157
5967	426
5967	2466
5967	7320
5967	7460
5967	9395
5967	9478
5980	1975
5980	8573
5998	5189
5998	8063
5998	9930
6001	4257
6001	6860
6001	9022
6003	3528
6003	6935
6003	7526
6003	8314
6006	6708
6006	7730
6006	8140
6006	8882
6006	8937
6020	5476
6020	9625
6036	2131
6036	5941
6036	7305
6036	9678
6039	7776
6039	9519
6042	3795
6042	7402
6042	8137
6042	9191
6047	9135
6047	9538
6047	9795
6050	85
6050	6219
6050	7852
6050	8526
6053	9567
6053	9568
6059	1868
6059	7827
6059	8561
6061	2176
6061	8175
6061	9384
6063	5367
6065	9265
6066	6985
6066	8433
6066	8526
6072	4929
6072	6701
6077	2992
6077	9552
6077	9728
6084	6708
6084	7347
6090	271
6090	5485
6090	9121
6102	5050
6103	1208
6103	4723
6103	8849
6108	3781
6108	5915
6108	6546
6108	8395
6108	9104
6116	9022
6116	9265
6116	9439
6124	4575
6124	7890
6124	9414
6124	9657
6135	7466
6135	9361
6135	9632
6135	9776
6141	2252
6141	3550
6141	7191
6141	7776
6144	997
6147	9410
6149	3622
6149	9019
6156	8618
6163	1179
6163	5709
6163	8964
6163	9724
6163	9977
6175	2479
6175	7745
6175	8019
6180	2014
6180	4912
6184	3580
6184	7198
6184	8078
6184	8326
6185	6523
6185	9148
6191	4883
6192	8524
6192	8988
6192	9208
6192	9939
6195	1087
6195	5058
6195	6347
6199	2193
6199	3958
6199	4755
6203	7730
6203	8167
6206	3515
6209	1837
6209	5006
6209	9288
6213	8034
6213	9269
6213	9648
6213	9933
6213	9981
6215	3264
6215	7719
6215	9682
6217	5748
6217	6561
6217	6668
6217	9619
6219	4216
6219	6050
6219	8526
6219	9410
6219	9552
6224	9457
6234	9110
6234	9625
6234	9764
6237	8431
6245	4099
6245	8806
6250	754
6250	5528
6260	8706
6260	8797
6260	9589
6260	9648
6261	6788
6261	7096
6278	5476
6278	8833
6282	7835
6282	8096
6282	8901
6282	8912
6287	5448
6287	5629
6290	3706
6290	4302
6290	6468
6290	9525
6314	3153
6321	6638
6321	8576
6322	8052
6322	9444
6322	9609
6333	4745
6333	6961
6333	7913
6334	180
6334	4329
6334	6905
6334	7260
6334	7571
6338	9411
6338	9879
6339	7927
6339	8285
6339	9596
6339	9723
6347	6195
6347	7558
6347	7618
6347	9615
6351	285
6351	7764
6351	8511
6359	8137
6359	8571
6359	9567
6359	9596
6366	7571
6366	9110
6366	9521
6368	997
6368	6961
6375	7764
6375	9568
6381	4897
6381	5311
6381	9157
6385	3882
6385	5609
6387	2252
6387	3931
6387	4033
6387	6392
6387	7347
6392	6387
6392	9412
6392	9668
6400	1868
6400	9322
6400	9521
6405	2643
6405	8324
6405	9915
6405	9921
6406	8232
6406	8489
6406	8797
6406	9489
6406	9653
6423	8139
6423	8733
6423	8806
6423	8866
6424	2373
6426	221
6426	1886
6426	4460
6426	7407
6433	4547
6433	7692
6433	8806
6434	2466
6434	6919
6434	9565
6441	3425
6441	5565
6442	7743
6444	1183
6444	6932
6446	3370
6446	5057
6449	7191
6449	7686
6449	8665
6449	8803
6449	9847
6462	1236
6462	4411
6462	5261
6462	5732
6463	4457
6463	8715
6463	9095
6463	9373
6463	9589
6464	4549
6464	5011
6464	5770
6464	6713
6468	4575
6468	4967
6468	6290
6468	9525
6468	9693
6479	6650
6479	7392
6479	9013
6479	9747
6483	4506
6483	8625
6483	9437
6490	7319
6490	8917
6494	7728
6494	7940
6495	5728
6495	6540
6495	8595
6495	9176
6495	9861
6502	7922
6502	9422
6503	9246
6505	257
6505	3101
6505	7255
6506	1684
6506	8989
6506	9417
6506	9834
6508	1202
6508	5651
6508	6889
6508	8298
6508	9695
6508	9761
6511	1988
6511	6705
6511	7913
6511	8440
6513	1530
6513	4672
6513	8917
6513	9367
6513	9834
6519	6699
6519	8700
6519	8716
6519	9625
6523	6185
6523	9235
6528	5170
6528	7779
6528	8315
6528	8755
6531	1975
6531	6935
6538	2035
6538	7420
6538	7717
6538	7856
6538	9367
6540	4754
6540	6495
6540	7272
6540	8882
6540	9861
6541	8167
6541	9680
6542	5802
6542	8437
6542	9091
6542	9668
6546	2039
6546	5545
6546	6108
6546	9208
6546	9916
6549	9725
6550	3935
6550	5698
6550	9814
6552	3855
6552	6932
6552	9157
6560	5120
6560	7562
6560	8561
6561	2936
6561	4198
6561	6217
6563	4302
6563	9933
6566	7579
6566	8762
6566	9176
6567	1022
6567	5015
6567	5756
6567	9525
6576	3414
6576	5694
6576	7814
6576	9288
6578	4075
6578	4796
6578	5707
6578	7018
6578	7628
6581	773
6581	8450
6583	8592
6583	8724
6583	8820
6583	9392
6584	6961
6584	7225
6584	9157
6585	2826
6585	7380
6585	7814
6585	8163
6585	9091
6585	9126
6589	9233
6591	259
6591	2597
6591	6736
6591	9191
6594	3632
6594	4672
6603	2424
6603	7126
6603	8276
6603	8357
6603	8643
6603	8644
6604	290
6604	6711
6604	7849
6604	8774
6604	9806
6626	9191
6627	4795
6627	5308
6632	4836
6635	9853
6638	6321
6638	7420
6638	7837
6638	9367
6642	1963
6642	3991
6642	4412
6650	1785
6650	4244
6650	6479
6650	7947
6650	9837
6656	8573
6667	6733
6667	7474
6667	8059
6667	8243
6668	6217
6668	6968
6668	7262
6668	8517
6669	1469
6669	1548
6669	9356
6676	4919
6676	8820
6676	9239
6676	9320
6676	9567
6679	2633
6679	3982
6679	4075
6683	5041
6683	8760
6699	1870
6699	3706
6699	5841
6699	6519
6699	9350
6699	9741
6701	216
6701	2809
6701	6072
6701	7222
6701	8373
6701	8696
6701	9977
6704	1600
6704	1994
6704	4586
6704	7900
6704	9318
6705	6511
6705	6903
6708	1855
6708	5809
6708	6006
6708	6084
6708	7730
6709	4370
6709	7549
6709	9814
6711	6604
6711	7570
6711	7622
6713	455
6713	3956
6713	4549
6713	6464
6713	7126
6713	8063
6713	9037
6726	1498
6726	2124
6726	4253
6726	7018
6726	8433
6728	7768
6733	1323
6733	2039
6733	6667
6733	6811
6733	9259
6733	9686
6735	1464
6735	7174
6735	7913
6735	8598
6735	9723
6735	9894
6736	6591
6741	5200
6741	8964
6741	9133
6741	9249
6741	9707
6741	9777
6743	1436
6743	5941
6743	8854
6743	8889
6743	9460
6743	9806
6744	8019
6744	9135
6744	9795
6751	7578
6751	8623
6763	2043
6763	3920
6763	4615
6763	7408
6763	8048
6763	9256
6765	4203
6765	4647
6765	7882
6765	8696
6765	8849
6769	1772
6769	8968
6770	1595
6770	7711
6770	9116
6770	9723
6773	7260
6773	7571
6773	8829
6774	2586
6774	8277
6774	8285
6774	9110
6774	9607
6774	9609
6774	9981
6779	2238
6787	3693
6787	7562
6788	6261
6788	7073
6788	8681
6788	9552
6788	9686
6803	7909
6803	9246
6803	9437
6804	4183
6804	8647
6808	5148
6808	5239
6808	8378
6808	8731
6811	4982
6811	6733
6814	683
6814	2043
6814	7169
6816	3782
6816	4157
6816	8565
6816	9524
6817	116
6817	9724
6820	3741
6820	6972
6820	9930
6824	3735
6824	7711
6824	8097
6824	9146
6835	4214
6835	9939
6839	8061
6839	9823
6849	1938
6849	7936
6849	9392
6849	9755
6860	6001
6860	7863
6869	9373
6878	5827
6878	7758
6880	9116
6889	6508
6889	7898
6889	9761
6891	745
6891	4834
6891	9596
6903	4615
6903	5239
6903	6705
6903	8356
6903	8715
6903	9256
6905	6334
6905	8234
6905	9678
6905	9956
6919	6434
6920	1469
6930	9135
6930	9795
6932	1182
6932	1183
6932	1291
6932	6444
6932	6552
6932	8990
6935	5574
6935	5813
6935	6003
6935	6531
6957	7590
6957	9069
6961	5311
6961	6333
6961	6368
6961	6584
6961	9837
6968	3889
6968	4198
6968	5748
6968	6668
6968	7412
6972	5218
6972	6820
6972	7579
6972	7970
6983	3083
6983	3454
6983	3935
6983	4125
6983	4922
6983	5197
6985	703
6985	4209
6985	6066
6996	2427
6996	2693
6996	7644
6996	9259
7009	2624
7009	9528
7018	30
7018	6578
7018	6726
7020	5529
7020	7151
7020	9057
7022	8519
7033	895
7033	7686
7033	8119
7033	9860
7036	7053
7036	8866
7039	7335
7039	9057
7039	9619
7039	9847
7046	4157
7046	8356
7046	8846
7046	9524
7053	7036
7053	8918
7071	3107
7071	4716
7071	4834
7071	9602
7071	9995
7073	2409
7073	6788
7073	8507
7083	9007
7083	9699
7088	8166
7088	9316
7088	9322
7093	7166
7094	3309
7094	8078
7094	8357
7094	8644
7096	1988
7096	3432
7096	3632
7096	4410
7096	6261
7104	2655
7104	3672
7104	9257
7104	9457
7104	9804
7108	4670
7119	8364
7119	9795
7119	9847
7126	6603
7126	6713
7126	8010
7126	9733
7127	172
7127	860
7127	1567
7127	3638
7132	4880
7132	8660
7137	1191
7137	9276
7137	9682
7151	3897
7151	7020
7151	7856
7151	9057
7151	9206
7164	1323
7164	3856
7164	5565
7164	7562
7166	7093
7166	9338
7166	9863
7169	3728
7169	5694
7169	6814
7169	7628
7174	2486
7174	3733
7174	6735
7174	8519
7174	8598
7174	9371
7174	9894
7181	7298
7181	9361
7181	9528
7181	9574
7182	500
7182	7588
7182	8167
7182	8497
7182	9680
7185	740
7185	3632
7185	7297
7185	7609
7191	6141
7191	6449
7198	1436
7198	3183
7198	4651
7198	6184
7205	4965
7205	8476
7205	9352
7205	9699
7222	930
7222	6701
7223	5786
7223	7770
7223	9653
7225	4238
7225	5311
7225	6584
7225	8925
7225	9157
7225	9500
7235	5095
7235	9206
7235	9249
7237	5835
7237	7961
7239	374
7239	2876
7239	4176
7239	4517
7239	9855
7244	3693
7244	3847
7244	4002
7244	8774
7251	157
7251	9478
7254	4778
7254	5308
7254	9699
7254	9814
7255	5646
7255	6505
7255	8395
7255	9048
7255	9191
7260	5704
7260	5724
7260	6334
7260	6773
7260	7474
7262	3191
7262	4917
7262	6668
7262	8592
7262	9908
7264	5299
7264	7593
7264	9649
7265	2333
7265	4203
7265	5527
7265	8628
7265	8762
7265	9795
7272	6540
7272	7677
7272	8267
7272	8803
7272	9714
7272	9834
7277	8097
7277	8248
7288	8096
7288	8973
7288	9695
7288	9908
7290	2876
7290	2992
7290	9286
7291	767
7291	3184
7291	5329
7291	8755
7291	9095
7291	9249
7297	4253
7297	7185
7297	7588
7297	8455
7297	8781
7297	9135
7298	1291
7298	3170
7298	5694
7298	7181
7298	8541
7298	9361
7298	9657
7298	9848
7305	1789
7305	4580
7305	6036
7305	7466
7309	2548
7309	9915
7309	9934
7319	164
7319	3118
7319	6490
7319	9834
7320	3181
7320	5967
7320	9478
7320	9795
7328	5939
7328	8925
7328	8973
7333	2722
7333	3137
7333	9008
7333	9367
7334	3741
7334	4163
7334	7609
7334	7794
7334	8990
7334	9320
7334	9567
7335	2008
7335	4523
7335	7039
7337	5205
7337	8194
7337	9639
7337	9814
7338	7430
7340	8923
7340	9133
7340	9687
7340	9777
7341	869
7341	8561
7341	8652
7344	3182
7344	3606
7344	5561
7347	740
7347	6084
7347	6387
7361	834
7361	3502
7361	9565
7361	9896
7371	1328
7371	7998
7372	180
7372	1770
7372	9733
7377	997
7377	7528
7377	9625
7378	1575
7378	5884
7378	7998
7380	449
7380	2633
7380	5247
7380	6585
7392	2008
7392	6479
7392	8364
7392	9048
7392	9257
7392	9687
7394	606
7394	7665
7394	8232
7394	8803
7394	9456
7402	6042
7402	9597
7407	5939
7407	6426
7407	8119
7407	9770
7408	4540
7408	6763
7408	8356
7412	195
7412	4723
7412	6968
7414	1861
7414	2034
7414	4176
7414	9456
7414	9653
7416	4231
7416	9286
7420	2192
7420	4352
7420	6538
7420	6638
7420	7717
7420	7837
7420	8164
7420	8437
7420	8655
7420	9367
7424	4949
7424	5011
7424	8565
7424	8664
7425	2652
7425	4738
7425	8587
7425	9700
7430	7338
7430	9350
7460	3441
7460	5967
7460	7983
7460	8175
7460	8791
7460	9103
7460	9622
7466	6135
7466	7305
7466	8941
7466	9879
7471	4843
7471	8598
7474	3522
7474	6667
7474	7260
7474	7886
7474	9859
7474	9879
7478	499
7478	1087
7478	3420
7478	5220
7478	7922
7478	8954
7478	9208
7479	4523
7479	5118
7479	8334
7479	9281
7479	9350
7480	1098
7480	2191
7480	3697
7480	3987
7480	7578
7480	7770
7480	8595
7480	9853
7488	379
7488	1812
7488	5371
7488	5961
7488	8581
7488	9322
7488	9896
7505	2961
7505	5498
7505	8635
7510	732
7510	5827
7510	8581
7510	9327
7510	9896
7511	2212
7511	8124
7511	8194
7511	9747
7526	636
7526	5061
7526	6003
7526	8781
7527	2459
7527	2555
7527	5857
7527	7940
7527	9568
7528	1879
7528	2909
7528	5709
7528	7377
7528	8139
7528	8937
7528	9680
7528	9736
7530	4052
7530	5055
7530	5799
7530	9257
7530	9328
7549	354
7549	6709
7549	9848
7555	9265
7558	5118
7558	6347
7562	3856
7562	6560
7562	6787
7562	7164
7563	5542
7563	9121
7569	5482
7569	9860
7570	2692
7570	6711
7570	7900
7570	9328
7571	2424
7571	6334
7571	6366
7571	6773
7578	1772
7578	2693
7578	4332
7578	6751
7578	7480
7578	8565
7579	6566
7579	6972
7579	9407
7579	9565
7580	2310
7580	3581
7580	9216
7580	9316
7580	9741
7587	1172
7587	2436
7587	5482
7587	7863
7587	9871
7588	2621
7588	7182
7588	7297
7590	1961
7590	3034
7590	6957
7590	8561
7593	7264
7593	9649
7607	4880
7607	8660
7609	4197
7609	7185
7609	7334
7618	2339
7618	6347
7622	3728
7622	6711
7622	9247
7622	9422
7622	9528
7628	6578
7628	7169
7628	8716
7643	8561
7643	9286
7643	9997
7644	3194
7644	5247
7644	6996
7644	7719
7644	8083
7644	9086
7644	9617
7658	5367
7658	8433
7658	8961
7658	9432
7658	9574
7665	3928
7665	7394
7665	8249
7677	7272
7682	7998
7682	9054
7682	9117
7682	9609
7685	1565
7685	4624
7685	4949
7685	9202
7686	1202
7686	2881
7686	6449
7686	7033
7686	8273
7686	8918
7686	9847
7689	333
7689	1815
7689	7947
7689	8819
7689	8951
7689	9262
7689	9444
7689	9858
7692	6433
7704	895
7704	1085
7704	8797
7711	5118
7711	6770
7711	6824
7711	9146
7711	9371
7717	6538
7717	7420
7717	7948
7717	9117
7717	9367
7717	9432
7718	5901
7718	7847
7718	8849
7718	9568
7719	2103
7719	2836
7719	5135
7719	6215
7719	7644
7719	9682
7724	2936
7724	7792
7724	9285
7726	2344
7726	2624
7726	9697
7728	2468
7728	6494
7728	8104
7728	9069
7730	3563
7730	6006
7730	6203
7730	6708
7730	8140
7730	8980
7730	9383
7734	4551
7734	9253
7736	5167
7736	8555
7736	9269
7736	9688
7736	9700
7739	8951
7739	9422
7743	6442
7743	8912
7743	9133
7745	3012
7745	4629
7745	6175
7749	2809
7749	5724
7749	8214
7749	8345
7758	1577
7758	4244
7758	5740
7758	6878
7758	9074
7758	9921
7764	2386
7764	4711
7764	6351
7764	6375
7768	24
7768	5846
7768	6728
7768	8914
7768	9286
7770	1715
7770	4629
7770	7223
7770	7480
7770	8882
7776	4052
7776	6039
7776	6141
7776	9722
7779	6528
7779	8716
7779	8755
7779	9525
7792	3233
7792	5117
7792	5482
7792	7724
7792	7966
7792	9352
7793	3522
7793	4869
7793	8097
7793	8598
7793	9894
7794	5189
7794	5668
7794	7334
7799	3039
7799	8849
7799	8917
7805	1350
7805	8286
7805	8989
7805	9859
7809	8059
7809	8573
7814	1295
7814	3530
7814	6576
7814	6585
7814	8163
7814	9316
7823	1481
7823	8681
7823	9116
7827	4099
7827	6059
7828	116
7828	8990
7828	9040
7835	6282
7835	9439
7835	9871
7837	180
7837	1264
7837	6638
7837	7420
7837	8592
7837	9367
7844	811
7844	2620
7844	9915
7844	9995
7846	3159
7846	8072
7846	8712
7846	8926
7846	9249
7847	740
7847	5479
7847	7718
7847	8124
7847	9276
7847	9847
7849	5698
7849	6604
7849	9069
7852	703
7852	6050
7852	8043
7855	29
7855	9411
7855	9736
7855	9879
7856	5308
7856	6538
7856	7151
7856	9136
7856	9483
7863	2958
7863	3838
7863	6860
7863	7587
7863	8664
7863	9871
7873	2596
7873	4723
7873	9574
7873	9934
7879	9206
7879	9249
7882	172
7882	500
7882	6765
7886	4566
7886	4702
7886	7474
7886	9411
7890	1854
7890	5939
7890	6124
7898	3449
7898	4246
7898	4411
7898	4427
7898	6889
7898	9198
7898	9695
7900	550
7900	6704
7900	7570
7900	9328
7901	9457
7901	9686
7909	6803
7909	9373
7909	9437
7913	3550
7913	4745
7913	6333
7913	6511
7913	6735
7913	9338
7920	3245
7920	3931
7920	4206
7920	9601
7920	9770
7922	6502
7922	7478
7922	8602
7923	930
7923	8267
7927	3127
7927	6339
7927	8652
7927	8819
7927	9723
7933	1180
7933	3191
7933	4765
7933	9538
7933	9908
7936	893
7936	5012
7936	5603
7936	6849
7936	8626
7936	9392
7940	1784
7940	2191
7940	6494
7940	7527
7940	8964
7947	4917
7947	5261
7947	6650
7947	7689
7947	8509
7947	9392
7947	9921
7948	3221
7948	7717
7948	8010
7948	9933
7950	486
7950	2264
7950	8923
7961	238
7961	1608
7961	7237
7961	9714
7961	9871
7962	3970
7962	5862
7966	3838
7966	5095
7966	7792
7966	9650
7966	9826
7968	5324
7968	8267
7968	9596
7970	1280
7970	6972
7970	9707
7982	170
7982	1855
7982	3144
7982	4188
7982	4838
7982	8249
7982	9158
7983	5324
7983	5881
7983	7460
7983	8791
7983	9103
7983	9371
7983	9383
7998	28
7998	1956
7998	3748
7998	7371
7998	7378
7998	7682
7998	8214
8007	5651
8010	3127
8010	7126
8010	7948
8010	8587
8010	9281
8019	2479
8019	3482
8019	4621
8019	6175
8019	6744
8027	1020
8027	3796
8027	5859
8027	9412
8027	9649
8033	9525
8033	9693
8034	1875
8034	5614
8034	6213
8043	7852
8043	9648
8048	6763
8048	8901
8052	2174
8052	3968
8052	4253
8052	4295
8052	6322
8059	2334
8059	4054
8059	5668
8059	6667
8059	7809
8061	6839
8061	8072
8061	9823
8063	1031
8063	4216
8063	5998
8063	6713
8063	9383
8063	9432
8063	9930
8067	116
8067	2905
8067	5170
8072	413
8072	4099
8072	7846
8072	8061
8078	1887
8078	6184
8078	7094
8078	8257
8083	1752
8083	7644
8083	9086
8083	9617
8093	1875
8093	2655
8093	3144
8093	5651
8093	8806
8093	9956
8096	2564
8096	5280
8096	6282
8096	7288
8096	8761
8097	5548
8097	6824
8097	7277
8097	7793
8097	8968
8097	9352
8097	9795
8104	723
8104	1323
8104	7728
8104	8517
8104	9069
8116	1848
8116	4803
8119	773
8119	3088
8119	4815
8119	5827
8119	7033
8119	7407
8119	8581
8119	9327
8119	9896
8124	5707
8124	7511
8124	7847
8124	9747
8132	2174
8132	3846
8132	9607
8137	4670
8137	6042
8137	6359
8137	8926
8137	9516
8139	4783
8139	4934
8139	6423
8139	7528
8139	8592
8139	8781
8139	9615
8139	9804
8140	6006
8140	7730
8140	8980
8140	9848
8163	6585
8163	7814
8164	4502
8164	5786
8164	5809
8164	7420
8166	3183
8166	7088
8167	6203
8167	6541
8167	7182
8167	8497
8167	8825
8167	9680
8175	2427
8175	3809
8175	5324
8175	6061
8175	7460
8175	9103
8175	9632
8177	237
8177	2639
8177	3875
8177	8623
8177	9317
8177	9414
8180	8602
8180	9814
8194	2104
8194	5082
8194	5205
8194	7337
8194	7511
8194	9392
8194	9823
8205	742
8205	844
8205	2050
8214	1575
8214	7749
8214	7998
8214	8964
8232	6406
8232	7394
8232	8390
8232	8602
8232	9723
8234	300
8234	6905
8243	1044
8243	2264
8243	6667
8243	8357
8248	3550
8248	4288
8248	7277
8248	9931
8249	3230
8249	7665
8249	7982
8249	8992
8257	1938
8257	3684
8257	5732
8257	8078
8257	8939
8257	9208
8257	9574
8265	1988
8265	2386
8265	2597
8265	3016
8265	3138
8265	8889
8267	308
8267	4021
8267	4995
8267	7272
8267	7923
8267	7968
8267	8941
8273	7686
8276	3992
8276	6603
8276	8643
8276	8644
8276	9146
8276	9755
8277	3473
8277	5211
8277	6774
8285	3733
8285	5808
8285	6339
8285	6774
8285	9239
8285	9657
8285	9908
8286	336
8286	7805
8286	8635
8286	9198
8286	9208
8286	9402
8286	9859
8286	9894
8294	4624
8294	5517
8294	9407
8294	9522
8298	3449
8298	6508
8298	9695
8298	9761
8298	9848
8314	1114
8314	1634
8314	1926
8314	4047
8314	6003
8314	9524
8315	4178
8315	5799
8315	6528
8315	9257
8315	9287
8320	397
8320	4922
8320	9686
8323	666
8323	5874
8323	9008
8323	9625
8323	9776
8324	2624
8324	5543
8324	6405
8326	2962
8326	3463
8326	6184
8326	9723
8334	7479
8334	9538
8345	7749
8345	9300
8345	9939
8356	285
8356	788
8356	2175
8356	6903
8356	7046
8356	7408
8356	8731
8356	9776
8357	1771
8357	2005
8357	6603
8357	7094
8357	8243
8357	8518
8359	289
8359	2445
8359	2958
8359	4329
8359	9457
8364	1057
8364	2422
8364	4139
8364	7119
8364	7392
8364	9414
8373	2334
8373	6701
8373	9534
8378	285
8378	2175
8378	6808
8378	8731
8378	9103
8378	9256
8390	1053
8390	8232
8390	8602
8390	9489
8395	2259
8395	2652
8395	3438
8395	6108
8395	7255
8395	8846
8395	9048
8395	9728
8431	636
8431	3335
8431	5220
8431	6237
8433	2424
8433	5178
8433	5542
8433	5574
8433	6066
8433	6726
8433	7658
8433	8628
8437	4143
8437	4651
8437	6542
8437	7420
8437	9736
8440	746
8440	4410
8440	6511
8440	9074
8440	9233
8450	5716
8450	5797
8450	6581
8450	9411
8450	9879
8455	5299
8455	5574
8455	7297
8455	8484
8474	4052
8474	5951
8474	8846
8474	9619
8476	7205
8476	9622
8476	9722
8478	174
8478	746
8478	4547
8478	8643
8478	8806
8478	9414
8484	5416
8484	8455
8487	9148
8487	9801
8488	168
8488	3028
8488	8866
8489	2958
8489	3580
8489	4213
8489	6406
8489	8760
8489	9806
8495	291
8495	8576
8495	9318
8495	9761
8496	3660
8496	5692
8497	4526
8497	7182
8497	8167
8497	9680
8507	1658
8507	1994
8507	3518
8507	5290
8507	7073
8509	4231
8509	5269
8509	7947
8509	9074
8509	9602
8509	9622
8509	9921
8511	5510
8511	6351
8511	9057
8517	436
8517	5624
8517	6668
8517	8104
8517	8829
8518	8357
8518	8644
8518	9133
8519	5476
8519	7022
8519	7174
8520	3563
8520	9322
8520	9414
8520	9770
8524	3858
8524	5320
8524	6192
8524	9451
8524	9538
8526	3596
8526	6050
8526	6066
8526	6219
8535	3076
8535	4876
8541	7298
8541	9528
8541	9574
8541	9848
8555	1665
8555	1859
8555	7736
8555	9519
8561	6059
8561	6560
8561	7341
8561	7590
8561	7643
8561	8652
8565	6816
8565	7424
8565	7578
8571	5748
8571	6359
8571	9136
8571	9489
8573	5980
8573	6656
8573	7809
8573	9859
8576	93
8576	145
8576	6321
8576	8495
8581	4036
8581	7488
8581	7510
8581	8119
8581	9327
8581	9456
8581	9896
8587	1943
8587	2598
8587	4191
8587	7425
8587	8010
8587	8635
8587	9648
8592	4670
8592	6583
8592	7262
8592	7837
8592	8139
8595	1909
8595	6495
8595	7480
8595	8886
8595	9699
8595	9981
8598	6735
8598	7174
8598	7471
8598	7793
8598	9894
8602	7922
8602	8180
8602	8232
8602	8390
8602	9460
8602	9489
8602	9678
8618	328
8618	3335
8618	6156
8618	9977
8623	4803
8623	6751
8623	8177
8623	9317
8625	1729
8625	2276
8625	3232
8625	6483
8625	9037
8625	9648
8626	4260
8626	5788
8626	7936
8626	8803
8626	9392
8626	9823
8628	2548
8628	3710
8628	5178
8628	5542
8628	7265
8628	8433
8635	5041
8635	7505
8635	8286
8635	8587
8635	9933
8643	6603
8643	8276
8643	8478
8643	9148
8643	9736
8644	6603
8644	7094
8644	8276
8644	8518
8644	9668
8647	164
8647	4238
8647	5355
8647	6804
8647	8700
8652	1961
8652	4739
8652	7341
8652	7927
8652	8561
8652	9063
8652	9602
8655	2126
8655	4021
8655	7420
8655	8992
8660	4880
8660	7132
8660	7607
8660	9601
8660	9977
8664	1172
8664	2642
8664	2722
8664	4216
8664	7424
8664	7863
8664	9447
8664	9478
8664	9589
8664	9871
8665	2605
8665	6449
8665	9847
8681	3991
8681	5874
8681	6788
8681	7823
8696	5759
8696	6701
8696	6765
8698	178
8698	3693
8698	4188
8698	5225
8698	9532
8700	2264
8700	5716
8700	6519
8700	8647
8706	4653
8706	6260
8706	9300
8712	2507
8712	5057
8712	5308
8712	7846
8715	1017
8715	1509
8715	4139
8715	6463
8715	6903
8715	9095
8715	9373
8715	9483
8715	9589
8716	56
8716	6519
8716	7628
8716	7779
8716	9116
8724	612
8724	3684
8724	5756
8724	6583
8724	9650
8724	9934
8731	285
8731	1528
8731	5011
8731	5239
8731	5915
8731	6808
8731	8356
8731	8378
8731	9256
8733	1057
8733	3237
8733	6423
8733	8825
8733	9247
8755	767
8755	2798
8755	5329
8755	6528
8755	7291
8755	7779
8760	702
8760	1037
8760	3600
8760	5041
8760	6683
8760	8489
8760	9770
8761	1020
8761	3072
8761	4265
8761	5280
8761	8096
8761	9352
8762	1031
8762	6566
8762	7265
8762	9371
8771	237
8771	2153
8771	4624
8771	5886
8771	9202
8773	3518
8773	9871
8774	3158
8774	5592
8774	6604
8774	7244
8781	3742
8781	4843
8781	7297
8781	7526
8781	8139
8781	8854
8781	8889
8781	9460
8781	9806
8791	5740
8791	7460
8791	7983
8791	9103
8791	9657
8797	153
8797	1254
8797	1589
8797	5186
8797	5548
8797	6260
8797	6406
8797	7704
8803	1333
8803	6449
8803	7272
8803	7394
8803	8626
8803	9478
8806	4547
8806	6245
8806	6423
8806	6433
8806	8093
8806	8478
8806	9322
8806	9619
8819	1589
8819	4246
8819	5592
8819	7689
8819	7927
8819	8954
8819	9262
8819	9300
8820	1961
8820	1978
8820	2564
8820	3741
8820	6583
8820	6676
8820	8882
8820	8954
8820	8990
8820	9320
8820	9567
8825	2434
8825	8167
8825	8733
8825	9247
8829	1126
8829	3563
8829	4452
8829	6773
8829	8517
8829	9444
8833	2404
8833	3098
8833	5707
8833	6278
8833	9048
8833	9198
8846	7046
8846	8395
8846	8474
8846	9026
8849	5122
8849	6103
8849	6765
8849	7718
8849	7799
8849	9246
8849	9262
8849	9619
8854	6743
8854	8781
8854	8889
8854	9806
8866	5172
8866	6423
8866	7036
8866	8488
8882	250
8882	2158
8882	3029
8882	5469
8882	5548
8882	5728
8882	6006
8882	6540
8882	7770
8882	8820
8882	9322
8882	9861
8886	4591
8886	8595
8886	9981
8889	2093
8889	2928
8889	2999
8889	3268
8889	6743
8889	8265
8889	8781
8889	8854
8889	9806
8889	9861
8900	1516
8900	9997
8901	1062
8901	1835
8901	5077
8901	6282
8901	8048
8901	8912
8901	9927
8912	3211
8912	5077
8912	5626
8912	5835
8912	5853
8912	6282
8912	7743
8912	8901
8912	9135
8914	2118
8914	7768
8914	9402
8917	4054
8917	4108
8917	4133
8917	4506
8917	6490
8917	6513
8917	7799
8917	9126
8917	9612
8917	9834
8918	326
8918	3734
8918	5799
8918	7053
8918	7686
8923	513
8923	3563
8923	5211
8923	5927
8923	7340
8923	7950
8923	9133
8923	9417
8923	9687
8923	9707
8923	9736
8925	723
8925	5710
8925	7225
8925	7328
8925	9135
8925	9263
8925	9500
8926	2313
8926	5633
8926	7846
8926	8137
8934	4125
8934	4160
8934	5721
8934	9008
8937	2600
8937	5114
8937	5183
8937	5498
8937	6006
8937	7528
8937	9736
8937	9835
8939	413
8939	1122
8939	5011
8939	8257
8939	9384
8939	9601
8941	3434
8941	4246
8941	5029
8941	5528
8941	7466
8941	8267
8941	9617
8941	9632
8947	5422
8947	5448
8947	9074
8947	9287
8947	9437
8951	411
8951	7689
8951	7739
8951	9190
8951	9281
8954	3420
8954	3931
8954	4052
8954	7478
8954	8819
8954	8820
8961	5460
8961	5510
8961	7658
8961	9432
8961	9997
8964	434
8964	993
8964	4457
8964	5709
8964	6163
8964	6741
8964	7940
8964	8214
8964	9022
8964	9265
8964	9619
8964	9755
8968	6769
8968	8097
8968	9095
8968	9352
8968	9447
8973	1965
8973	5808
8973	7288
8973	7328
8980	1539
8980	1723
8980	4993
8980	7730
8980	8140
8988	3822
8988	4427
8988	5748
8988	5875
8988	6192
8988	9208
8988	9412
8988	9804
8988	9939
8989	3755
8989	5663
8989	6506
8989	7805
8989	9417
8990	1978
8990	4604
8990	6932
8990	7334
8990	7828
8990	8820
8990	9320
8990	9439
8990	9567
8992	4489
8992	8249
8992	8655
8992	9300
8992	9688
9007	3016
9007	4410
9007	7083
9008	1076
9008	5721
9008	7333
9008	8323
9008	8934
9013	94
9013	1237
9013	2093
9013	3412
9013	6479
9013	9316
9019	3389
9019	5548
9019	5609
9019	5771
9019	5875
9019	5963
9019	6149
9019	9190
9019	9516
9019	9724
9022	6001
9022	6116
9022	8964
9022	9265
9022	9724
9022	9755
9026	5663
9026	8846
9033	200
9033	1864
9033	9238
9033	9612
9033	9651
9033	9835
9033	9934
9037	3757
9037	4003
9037	6713
9037	8625
9037	9927
9040	134
9040	259
9040	4513
9040	7828
9040	9392
9048	2259
9048	3619
9048	5646
9048	7255
9048	7392
9048	8395
9048	8833
9048	9651
9054	539
9054	5759
9054	7682
9054	9117
9054	9609
9057	1469
9057	3606
9057	3897
9057	7020
9057	7039
9057	7151
9057	8511
9063	2193
9063	3524
9063	4076
9063	8652
9063	9534
9063	9552
9063	9686
9069	1375
9069	2468
9069	6957
9069	7728
9069	7849
9069	8104
9074	4778
9074	7758
9074	8440
9074	8509
9074	8947
9074	9921
9086	922
9086	5768
9086	7644
9086	8083
9086	9437
9086	9617
9086	9995
9091	1342
9091	3812
9091	5802
9091	6542
9091	6585
9091	9714
9091	9927
9095	727
9095	3574
9095	6463
9095	7291
9095	8715
9095	8968
9095	9373
9095	9390
9095	9589
9103	3177
9103	5324
9103	7460
9103	7983
9103	8175
9103	8378
9103	8791
9103	9402
9104	3822
9104	5494
9104	5915
9104	6108
9104	9916
9110	6234
9110	6366
9110	6774
9110	9607
9110	9678
9110	9764
9116	868
9116	1481
9116	5829
9116	6770
9116	6880
9116	7823
9116	8716
9116	9521
9117	3509
9117	3795
9117	7682
9117	7717
9117	9054
9117	9256
9117	9609
9121	5694
9121	6090
9121	7563
9126	2191
9126	2221
9126	3528
9126	6585
9126	8917
9126	9834
9133	5211
9133	6741
9133	7340
9133	7743
9133	8518
9133	8923
9133	9687
9133	9688
9133	9707
9135	2284
9135	6047
9135	6744
9135	6930
9135	7297
9135	8912
9135	8925
9135	9795
9136	3596
9136	7856
9136	8571
9136	9206
9146	1716
9146	3735
9146	6824
9146	7711
9146	8276
9148	221
9148	5498
9148	5633
9148	6185
9148	8487
9148	8643
9148	9432
9157	4238
9157	5591
9157	5841
9157	6381
9157	6552
9157	6584
9157	7225
9157	9500
9158	5675
9158	7982
9176	1568
9176	1785
9176	6495
9176	6566
9183	9863
9190	413
9190	1342
9190	5609
9190	5771
9190	5875
9190	8951
9190	9019
9190	9516
9190	9609
9190	9859
9191	6042
9191	6591
9191	6626
9191	7255
9198	3115
9198	5707
9198	7898
9198	8286
9198	8833
9198	9373
9198	9747
9202	5200
9202	5813
9202	5886
9202	7685
9202	8771
9202	9528
9206	3541
9206	4143
9206	5095
9206	7151
9206	7235
9206	7879
9206	9136
9206	9249
9208	3444
9208	6192
9208	6546
9208	7478
9208	8257
9208	8286
9208	8988
9208	9939
9216	5671
9216	5791
9216	7580
9216	9741
9216	9995
9233	1406
9233	3622
9233	3962
9233	4516
9233	6589
9233	8440
9235	3945
9235	4033
9235	5692
9235	6523
9235	9352
9235	9456
9238	1654
9238	1870
9238	9033
9238	9612
9238	9651
9238	9835
9238	9934
9239	3693
9239	3733
9239	5010
9239	5808
9239	6676
9239	8285
9246	894
9246	2222
9246	2826
9246	4738
9246	5494
9246	6503
9246	6803
9246	8849
9247	3672
9247	3931
9247	5797
9247	5874
9247	7622
9247	8733
9247	8825
9247	9835
9247	9921
9249	3995
9249	5095
9249	6741
9249	7235
9249	7291
9249	7846
9249	7879
9249	9206
9253	5543
9253	7734
9256	1
9256	3920
9256	5489
9256	6763
9256	6903
9256	8378
9256	8731
9256	9117
9257	525
9257	4178
9257	5055
9257	5614
9257	5775
9257	7104
9257	7392
9257	7530
9257	8315
9257	9837
9259	222
9259	1363
9259	2386
9259	2998
9259	3743
9259	4982
9259	5543
9259	6733
9259	6996
9259	9728
9262	1815
9262	3450
9262	3581
9262	5542
9262	7689
9262	8819
9262	8849
9262	9300
9262	9392
9262	9871
9263	3035
9263	4049
9263	4648
9263	4653
9263	5643
9263	8925
9263	9622
9264	1455
9264	9622
9265	4703
9265	6065
9265	6116
9265	7555
9265	8964
9265	9022
9265	9619
9269	844
9269	2364
9269	4948
9269	6213
9269	7736
9269	9861
9269	9933
9276	4400
9276	7137
9276	7847
9277	9285
9277	9460
9277	9596
9277	9837
9281	3815
9281	4076
9281	7479
9281	8010
9281	8951
9281	9615
9285	5498
9285	5633
9285	7724
9285	9277
9285	9552
9286	4412
9286	4529
9286	7290
9286	7416
9286	7643
9286	7768
9287	170
9287	5415
9287	8315
9287	8947
9288	1179
9288	3441
9288	4411
9288	5006
9288	5037
9288	5261
9288	5732
9288	6209
9288	6576
9288	9390
9300	223
9300	4002
9300	5862
9300	8345
9300	8706
9300	8819
9300	8992
9300	9262
9316	1809
9316	3412
9316	7088
9316	7580
9316	7814
9316	9013
9316	9770
9317	3434
9317	8177
9317	8623
9318	2153
9318	3921
9318	5502
9318	6704
9318	8495
9318	9526
9320	1978
9320	4604
9320	5365
9320	6676
9320	7334
9320	8820
9320	8990
9320	9567
9320	9724
9320	9859
9322	3183
9322	4017
9322	5961
9322	6400
9322	7088
9322	7488
9322	8520
9322	8806
9322	8882
9327	316
9327	1649
9327	3088
9327	5827
9327	7510
9327	8119
9327	8581
9327	9896
9328	594
9328	1963
9328	3873
9328	7530
9328	7570
9328	7900
9338	7166
9338	7913
9350	409
9350	4168
9350	4725
9350	6699
9350	7430
9350	7479
9352	5548
9352	7205
9352	7792
9352	8097
9352	8761
9352	8968
9352	9235
9354	3106
9354	4293
9354	4370
9354	4780
9356	753
9356	2079
9356	2217
9356	2976
9356	4738
9356	6669
9356	9361
9356	9460
9356	9622
9356	9896
9361	1639
9361	5735
9361	6135
9361	7181
9361	7298
9361	9356
9361	9411
9361	9528
9361	9848
9367	5416
9367	5623
9367	6513
9367	6538
9367	6638
9367	7333
9367	7420
9367	7717
9367	7837
9371	775
9371	1464
9371	4739
9371	5811
9371	7174
9371	7711
9371	7983
9371	8762
9371	9894
9373	356
9373	1509
9373	2802
9373	3233
9373	6463
9373	6869
9373	7909
9373	8715
9373	9095
9373	9198
9373	9589
9383	2653
9383	4550
9383	5239
9383	5451
9383	7730
9383	7983
9383	8063
9383	9680
9384	2548
9384	4174
9384	4442
9384	4549
9384	5011
9384	6061
9384	8939
9390	2296
9390	4098
9390	4812
9390	9095
9390	9288
9390	9524
9392	344
9392	5603
9392	6583
9392	6849
9392	7936
9392	7947
9392	8194
9392	8626
9392	9040
9392	9262
9395	372
9395	1621
9395	5967
9402	1350
9402	8286
9402	8914
9402	9103
9402	9859
9407	1978
9407	2221
9407	5187
9407	7579
9407	8294
9407	9565
9407	9724
9410	626
9410	2208
9410	2447
9410	3012
9410	4217
9410	4924
9410	6147
9410	6219
9411	1291
9411	2115
9411	2222
9411	5716
9411	6338
9411	7855
9411	7886
9411	8450
9411	9361
9411	9879
9412	1
9412	1020
9412	1263
9412	3083
9412	4755
9412	6392
9412	8027
9412	8988
9412	9859
9414	1848
9414	1865
9414	2189
9414	3672
9414	6124
9414	8177
9414	8364
9414	8478
9414	8520
9414	9657
9417	3755
9417	6506
9417	8923
9417	8989
9422	606
9422	1835
9422	2310
9422	2881
9422	6502
9422	7622
9422	7739
9422	9432
9422	9680
9432	3177
9432	5191
9432	7658
9432	7717
9432	8063
9432	8961
9432	9148
9432	9422
9432	9847
9437	1120
9437	3812
9437	4190
9437	4370
9437	4506
9437	5261
9437	6483
9437	6803
9437	7909
9437	8947
9437	9086
9437	9609
9439	2992
9439	5609
9439	6116
9439	7835
9439	8990
9439	9939
9444	3407
9444	3563
9444	5624
9444	6322
9444	7689
9444	8829
9447	1017
9447	3541
9447	4479
9447	4550
9447	5479
9447	8664
9447	8968
9451	5663
9451	5951
9451	8524
9456	865
9456	2034
9456	3813
9456	4393
9456	7394
9456	7414
9456	8581
9456	9235
9456	9653
9457	2954
9457	2976
9457	4518
9457	6224
9457	7104
9457	7901
9457	8359
9457	9615
9460	3742
9460	3782
9460	3920
9460	5941
9460	6743
9460	8602
9460	8781
9460	9277
9460	9356
9460	9552
9478	132
9478	308
9478	2193
9478	3245
9478	5967
9478	7251
9478	7320
9478	8664
9478	8803
9483	1114
9483	2217
9483	3063
9483	3730
9483	3759
9483	5330
9483	5716
9483	7856
9483	8715
9483	9601
9483	9859
9489	4806
9489	6406
9489	8390
9489	8571
9489	8602
9489	9930
9489	9956
9500	1406
9500	3147
9500	3458
9500	4518
9500	5591
9500	7225
9500	8925
9500	9157
9500	9521
9500	9733
9516	3950
9516	5186
9516	5771
9516	5875
9516	8137
9516	9019
9516	9190
9516	9699
9519	1317
9519	2817
9519	4551
9519	4765
9519	5482
9519	5643
9519	6039
9519	8555
9519	9632
9519	9776
9521	1715
9521	3039
9521	4711
9521	5220
9521	6366
9521	6400
9521	9116
9521	9500
9521	9931
9522	1308
9522	1491
9522	4454
9522	5081
9522	8294
9524	1006
9524	1284
9524	4047
9524	4157
9524	4250
9524	6816
9524	7046
9524	8314
9524	9390
9524	9525
9525	3540
9525	4413
9525	5728
9525	6290
9525	6468
9525	6567
9525	7779
9525	8033
9525	9524
9525	9693
9526	9318
9526	9617
9528	162
9528	3076
9528	7009
9528	7181
9528	7622
9528	8541
9528	9202
9528	9361
9528	9574
9528	9848
9528	9930
9532	1565
9532	1794
9532	3693
9532	5225
9532	8698
9534	1731
9534	2849
9534	3727
9534	8373
9534	9063
9538	4815
9538	6047
9538	7933
9538	8334
9538	8524
9538	9908
9552	4716
9552	6077
9552	6219
9552	6788
9552	9063
9552	9285
9552	9460
9552	9596
9552	9686
9565	1431
9565	3552
9565	4163
9565	6434
9565	7361
9565	7579
9565	9407
9565	9855
9567	1978
9567	3741
9567	6053
9567	6359
9567	6676
9567	7334
9567	8820
9567	8990
9567	9320
9568	2494
9568	3775
9568	5203
9568	6053
9568	6375
9568	7527
9568	7718
9574	1316
9574	3170
9574	4143
9574	7181
9574	7658
9574	7873
9574	8257
9574	8541
9574	9528
9574	9615
9589	356
9589	2404
9589	6260
9589	6463
9589	8664
9589	8715
9589	9095
9589	9373
9596	1663
9596	2643
9596	5587
9596	6339
9596	6359
9596	6891
9596	7968
9596	9277
9596	9552
9597	618
9597	7402
9601	1792
9601	3235
9601	5886
9601	7920
9601	8660
9601	8939
9601	9483
9602	221
9602	2702
9602	7071
9602	8509
9602	8652
9602	9858
9602	9995
9607	4754
9607	5498
9607	6774
9607	8132
9607	9110
9607	9678
9607	9764
9609	4836
9609	6322
9609	6774
9609	7682
9609	9054
9609	9117
9609	9190
9609	9437
9612	1594
9612	1864
9612	2009
9612	8917
9612	9033
9612	9238
9612	9651
9612	9835
9612	9934
9615	1006
9615	3882
9615	6347
9615	8139
9615	9281
9615	9457
9615	9574
9615	9755
9617	1861
9617	5768
9617	5901
9617	7644
9617	8083
9617	8941
9617	9086
9617	9526
9619	434
9619	1988
9619	2631
9619	5709
9619	6217
9619	7039
9619	8474
9619	8806
9619	8849
9619	8964
9619	9265
9619	9724
9622	2648
9622	7460
9622	8476
9622	8509
9622	9263
9622	9264
9622	9356
9622	9908
9625	2878
9625	4210
9625	5476
9625	6020
9625	6234
9625	6519
9625	7377
9625	8323
9632	3684
9632	5363
9632	6135
9632	8175
9632	8941
9632	9519
9632	9776
9639	978
9639	2104
9639	3775
9639	4133
9639	4381
9639	5082
9639	5341
9639	7337
9639	9921
9648	513
9648	844
9648	1623
9648	2445
9648	4157
9648	4550
9648	6213
9648	6260
9648	8043
9648	8587
9648	8625
9648	9933
9649	3638
9649	4260
9649	5870
9649	7264
9649	7593
9649	8027
9649	9761
9650	2790
9650	3813
9650	7966
9650	8724
9650	9725
9651	439
9651	1864
9651	2082
9651	5615
9651	9033
9651	9048
9651	9238
9651	9612
9651	9653
9651	9835
9651	9934
9653	865
9653	2034
9653	3062
9653	4783
9653	6406
9653	7223
9653	7414
9653	9456
9653	9651
9657	1640
9657	1848
9657	1887
9657	3782
9657	6124
9657	7298
9657	8285
9657	8791
9657	9414
9668	1264
9668	1653
9668	2035
9668	3034
9668	3796
9668	6392
9668	6542
9668	8644
9668	9814
9668	9853
9678	4912
9678	6036
9678	6905
9678	8602
9678	9110
9678	9607
9680	4047
9680	6541
9680	7182
9680	7528
9680	8167
9680	8497
9680	9383
9680	9422
9680	9934
9682	132
9682	486
9682	2103
9682	2836
9682	5135
9682	6215
9682	7137
9682	7719
9686	567
9686	4198
9686	4629
9686	4715
9686	5290
9686	6733
9686	6788
9686	7901
9686	8320
9686	9063
9686	9552
9687	5211
9687	5671
9687	7340
9687	7392
9687	8923
9687	9133
9687	9707
9687	9777
9687	9916
9688	4210
9688	7736
9688	8992
9688	9133
9688	9700
9693	2202
9693	3029
9693	4812
9693	6468
9693	8033
9693	9525
9693	9837
9695	3580
9695	3781
9695	4427
9695	6508
9695	7288
9695	7898
9695	8298
9695	9761
9697	18
9697	1058
9697	1802
9697	2344
9697	3177
9697	7726
9699	54
9699	1375
9699	2272
9699	4870
9699	5527
9699	7083
9699	7205
9699	7254
9699	8595
9699	9516
9699	9755
9700	164
9700	3581
9700	5623
9700	5963
9700	7425
9700	7736
9700	9688
9700	9835
9707	3012
9707	4489
9707	5671
9707	5675
9707	6741
9707	7970
9707	8923
9707	9133
9707	9687
9707	9777
9714	1020
9714	3775
9714	4648
9714	7272
9714	7961
9714	9091
9714	9848
9714	9858
9722	804
9722	2364
9722	4715
9722	7776
9722	8476
9723	2962
9723	3127
9723	3875
9723	6339
9723	6735
9723	6770
9723	7927
9723	8232
9723	8326
9724	3057
9724	4703
9724	5709
9724	6163
9724	6817
9724	9019
9724	9022
9724	9320
9724	9407
9724	9619
9724	9755
9725	47
9725	1707
9725	3597
9725	6549
9725	9650
9725	9853
9728	392
9728	3494
9728	4460
9728	4649
9728	6077
9728	8395
9728	9259
9728	9764
9728	9847
9728	9861
9733	4649
9733	4819
9733	7126
9733	7372
9733	9500
9733	9764
9733	9956
9736	1879
9736	2358
9736	2600
9736	2909
9736	4647
9736	5114
9736	5118
9736	5183
9736	7528
9736	7855
9736	8437
9736	8643
9736	8923
9736	8937
9741	238
9741	2294
9741	4457
9741	4670
9741	4951
9741	5771
9741	6699
9741	7580
9741	9216
9747	520
9747	1255
9747	1723
9747	3210
9747	5721
9747	5772
9747	6479
9747	7511
9747	8124
9747	9198
9755	449
9755	4703
9755	4880
9755	6849
9755	8276
9755	8964
9755	9022
9755	9615
9755	9699
9755	9724
9761	1160
9761	2693
9761	3062
9761	6508
9761	6889
9761	8298
9761	8495
9761	9649
9761	9695
9761	9896
9764	3983
9764	5041
9764	6234
9764	9110
9764	9607
9764	9728
9764	9733
9770	216
9770	1603
9770	5574
9770	7407
9770	7920
9770	8520
9770	8760
9770	9316
9776	1729
9776	4178
9776	4551
9776	6135
9776	8323
9776	8356
9776	9519
9776	9632
9777	4213
9777	5671
9777	5675
9777	5895
9777	6741
9777	7340
9777	9687
9777	9707
9795	960
9795	2124
9795	2447
9795	3115
9795	4575
9795	6047
9795	6744
9795	6930
9795	7119
9795	7265
9795	7320
9795	8097
9795	9135
9801	899
9801	1798
9801	2189
9801	2313
9801	8487
9804	3374
9804	4176
9804	4783
9804	7104
9804	8139
9804	8988
9806	199
9806	879
9806	1199
9806	2093
9806	2836
9806	3782
9806	4430
9806	6604
9806	6743
9806	8489
9806	8781
9806	8854
9806	8889
9814	539
9814	3349
9814	5862
9814	6550
9814	6709
9814	7254
9814	7337
9814	8180
9814	9668
9823	1316
9823	2385
9823	2722
9823	3194
9823	5269
9823	6839
9823	8061
9823	8194
9823	8626
9826	918
9826	1685
9826	5835
9826	7966
9834	2191
9834	3221
9834	3548
9834	4108
9834	6506
9834	6513
9834	7272
9834	7319
9834	8917
9834	9126
9835	2009
9835	5615
9835	8937
9835	9033
9835	9238
9835	9247
9835	9612
9835	9651
9835	9700
9835	9853
9835	9934
9837	742
9837	3796
9837	5177
9837	6650
9837	6961
9837	9257
9837	9277
9837	9693
9847	1513
9847	2077
9847	2586
9847	3930
9847	5261
9847	6449
9847	7039
9847	7119
9847	7686
9847	7847
9847	8665
9847	9432
9847	9728
9848	3170
9848	5118
9848	5460
9848	7298
9848	7549
9848	8140
9848	8298
9848	8541
9848	9361
9848	9528
9848	9714
9853	2409
9853	3720
9853	5168
9853	6635
9853	7480
9853	9668
9853	9725
9853	9835
9855	2447
9855	2621
9855	4993
9855	7239
9855	9565
9858	2409
9858	3775
9858	3972
9858	5451
9858	5517
9858	7689
9858	9602
9858	9714
9859	4624
9859	7474
9859	7805
9859	8286
9859	8573
9859	9190
9859	9320
9859	9402
9859	9412
9859	9483
9860	691
9860	895
9860	1934
9860	2900
9860	3545
9860	4275
9860	7033
9860	7569
9861	103
9861	1513
9861	2465
9861	5305
9861	6495
9861	6540
9861	8882
9861	8889
9861	9269
9861	9728
9863	612
9863	7166
9863	9183
9871	1172
9871	2436
9871	3795
9871	3838
9871	5482
9871	5822
9871	7587
9871	7835
9871	7863
9871	7961
9871	8664
9871	8773
9871	9262
9879	1291
9879	2115
9879	3515
9879	4812
9879	6338
9879	7466
9879	7474
9879	7855
9879	8450
9879	9411
9894	912
9894	1120
9894	2212
9894	2881
9894	5037
9894	5811
9894	6735
9894	7174
9894	7793
9894	8286
9894	8598
9894	9371
9896	316
9896	379
9896	1649
9896	1812
9896	2373
9896	3088
9896	4108
9896	5218
9896	7361
9896	7488
9896	7510
9896	8119
9896	8581
9896	9327
9896	9356
9896	9761
9908	3191
9908	5786
9908	7262
9908	7288
9908	7933
9908	8285
9908	9538
9908	9622
9915	723
9915	788
9915	1934
9915	4599
9915	6405
9915	7309
9915	7844
9916	1528
9916	3115
9916	3482
9916	4995
9916	6546
9916	9104
9916	9687
9921	930
9921	1577
9921	1858
9921	4231
9921	4917
9921	6405
9921	7758
9921	7947
9921	8509
9921	9074
9921	9247
9921	9639
9927	3812
9927	4708
9927	8901
9927	9037
9927	9091
9927	9977
9930	539
9930	1031
9930	3956
9930	4216
9930	5998
9930	6820
9930	8063
9930	9489
9930	9528
9930	9997
9931	2043
9931	3039
9931	3822
9931	4512
9931	4689
9931	5220
9931	5355
9931	8248
9931	9521
9933	844
9933	1623
9933	2445
9933	6213
9933	6563
9933	7948
9933	8635
9933	9269
9933	9648
9934	1654
9934	2009
9934	3540
9934	4489
9934	5615
9934	7309
9934	7873
9934	8724
9934	9033
9934	9238
9934	9612
9934	9651
9934	9680
9934	9835
9939	1042
9939	3444
9939	6192
9939	6835
9939	8345
9939	8988
9939	9208
9939	9439
9956	1784
9956	3023
9956	4649
9956	5079
9956	6905
9956	8093
9956	9489
9956	9733
9977	956
9977	2189
9977	6163
9977	6701
9977	8618
9977	8660
9977	9927
9981	3710
9981	3921
9981	4393
9981	6213
9981	6774
9981	8595
9981	8886
9995	3524
9995	4125
9995	7071
9995	7844
9995	9086
9995	9216
9995	9602
9997	1516
9997	2698
9997	4473
9997	7643
9997	8900
9997	8961
9997	9930
