3	1665
3	8358
13	236
13	1619
18	9697
19	9403
19	9620
20	705
20	6543
26	8028
30	4043
30	7018
30	8879
38	9463
39	8954
39	9062
43	7071
43	8753
43	9196
44	2903
44	7997
46	8782
50	1285
50	5626
50	9181
50	9468
58	5727
58	8912
59	1497
63	7986
63	8826
68	6606
68	8902
71	4866
79	6415
85	8804
88	8454
96	2690
100	8556
124	6661
124	8965
145	6826
145	7218
145	9446
160	7369
160	8830
165	4480
165	9042
166	9491
182	7695
187	9193
188	3937
188	6227
189	9873
194	2456
200	1734
202	3411
202	4019
202	9891
212	3484
212	8569
229	5185
229	5902
229	8859
234	9415
236	13
236	6767
238	7961
248	3695
249	7163
260	6068
260	7263
260	9836
262	9721
269	9482
270	5780
270	8008
276	7782
276	9510
286	483
286	4018
286	6960
300	2983
300	8418
305	9869
316	1803
316	5433
316	7833
322	5356
322	7315
322	9473
322	9873
325	6801
325	9497
327	4414
327	6094
342	5672
342	7341
354	2982
371	7166
371	9338
375	5282
383	8071
383	9796
397	8317
397	8320
404	1721
404	7633
404	7683
405	5375
405	6641
405	7814
406	2129
406	9949
408	5416
429	1546
429	6378
429	7953
439	8999
461	4970
468	4606
468	8588
468	8775
472	4555
472	7613
472	9941
475	7081
475	8472
480	9065
480	9836
483	286
483	9385
484	6381
484	8392
484	9070
484	9731
496	8392
509	5213
509	6582
509	8901
520	9747
525	7456
525	9257
525	9818
526	9485
533	9770
536	4962
536	7369
561	8066
577	1398
586	9419
593	3979
605	7633
608	8055
608	8256
610	4661
610	9601
619	1226
619	9483
626	8490
626	9078
633	9445
659	4108
659	9368
662	7404
662	9034
662	9082
664	8549
664	8602
667	9602
667	9828
669	5213
675	8844
679	8261
679	8588
682	7947
684	6002
686	6851
686	8549
688	6611
700	8901
700	8912
705	20
705	1739
705	2682
714	9990
722	2331
722	8965
722	9732
723	4511
723	8428
729	7683
729	9066
732	976
733	8909
733	9048
733	9334
741	2505
741	7316
741	8055
760	6272
760	9351
771	2499
771	7624
771	8732
774	5115
774	5240
779	6010
781	6344
781	7217
781	9196
784	3356
789	8367
803	9645
808	6827
808	9881
814	9095
814	9698
822	4837
822	8327
822	9076
823	3484
823	9459
824	4934
824	8403
829	7316
837	3406
837	3794
837	5115
837	5272
843	9753
848	5020
848	6572
848	6852
848	9251
856	7953
868	8982
868	9116
871	5898
871	8732
871	9937
874	8189
874	8209
878	5884
878	7499
880	7040
880	9334
880	9999
884	9057
911	9422
921	4054
921	9937
941	6184
941	7594
941	9753
942	6996
944	9162
945	6696
945	8893
945	9784
956	4310
956	7161
956	9645
956	9977
968	8691
968	9062
968	9999
975	7997
976	732
981	7830
981	9796
984	6543
984	8038
1001	7837
1001	9949
1009	9473
1011	7003
1011	9003
1014	7170
1016	9707
1025	8954
1033	2222
1033	8901
1033	9459
1036	7953
1036	8684
1036	9196
1039	9976
1043	2342
1046	7763
1049	9193
1053	1082
1053	3535
1053	9836
1057	4458
1057	8733
1057	9874
1068	4157
1068	8138
1068	8221
1068	8483
1074	2502
1079	6886
1082	1053
1082	7217
1082	9836
1085	5939
1098	7480
1098	9181
1098	9677
1100	8830
1100	9097
1108	8805
1110	8651
1114	9362
1114	9483
1119	9757
1126	3712
1126	6251
1131	9152
1135	7359
1144	2165
1144	4442
1144	4797
1150	1924
1150	9043
1159	8945
1165	6688
1165	8236
1171	8193
1186	9225
1186	9397
1187	8902
1199	9559
1215	6178
1217	6106
1217	6254
1220	1912
1220	4791
1220	9869
1222	5586
1222	9647
1226	619
1226	9555
1229	5858
1234	2342
1234	3706
1234	4325
1234	8659
1240	8777
1240	9196
1243	3463
1258	1594
1261	8737
1276	7379
1276	8555
1276	9974
1280	1525
1280	1793
1283	2321
1283	9034
1285	50
1285	9936
1295	7814
1299	9565
1310	6611
1310	9100
1310	9491
1315	9797
1316	9942
1319	9097
1326	9468
1330	9647
1339	4195
1339	8210
1362	7613
1362	8722
1366	4441
1398	577
1398	2793
1398	4622
1398	7530
1407	9198
1407	9308
1411	7220
1411	9085
1414	7493
1414	8954
1420	7782
1421	1594
1421	9791
1429	7190
1429	8442
1440	7679
1440	9046
1445	1594
1445	8222
1447	1976
1455	5201
1458	9400
1458	9892
1463	7837
1463	9731
1466	7796
1479	8359
1482	1635
1482	7953
1482	8777
1482	9196
1483	9602
1483	9711
1484	3039
1487	2152
1487	9142
1488	7375
1488	7782
1497	59
1497	9419
1509	5531
1511	6004
1511	9362
1511	9676
1511	9816
1511	9837
1519	8219
1521	9119
1523	5721
1523	6120
1523	8117
1523	8205
1524	4898
1524	9108
1525	1280
1525	9939
1531	9253
1534	9439
1543	8269
1543	9579
1543	9763
1546	429
1546	7618
1546	9181
1551	5932
1559	5586
1562	8159
1562	8898
1569	9043
1570	8184
1570	9293
1571	3699
1571	5821
1571	9371
1573	4683
1573	7770
1573	9351
1574	5999
1580	9046
1582	9952
1585	7999
1585	9590
1594	1258
1594	1421
1594	1445
1602	9251
1604	9997
1607	9167
1607	9524
1607	9719
1614	9647
1619	13
1620	6868
1620	7318
1620	9294
1621	9445
1621	9708
1635	1482
1635	3193
1637	4860
1637	6779
1638	4828
1638	7220
1638	9257
1638	9818
1644	3236
1644	5438
1644	9663
1644	9866
1647	3057
1647	8193
1647	9977
1649	2866
1649	5433
1649	9485
1658	7981
1658	9156
1663	5432
1663	8239
1665	3
1665	8555
1677	3979
1677	9197
1677	9933
1689	8739
1691	9170
1691	9866
1707	7413
1707	8684
1707	9005
1709	3356
1709	3611
1709	5423
1709	9084
1709	9753
1715	7770
1717	9836
1718	9078
1721	404
1728	4567
1728	9166
1731	5908
1731	7613
1731	9368
1734	200
1739	705
1739	7081
1742	7099
1742	9296
1742	9886
1759	8835
1760	2416
1760	6344
1760	8171
1766	5588
1773	7624
1773	7934
1773	9285
1773	9797
1778	6415
1778	6613
1778	9043
1780	9999
1783	6939
1783	7156
1783	9350
1790	3107
1790	4737
1790	7560
1793	1280
1793	9355
1793	9507
1800	2468
1800	8636
1803	316
1803	8178
1805	8960
1817	5733
1817	8145
1828	8659
1828	9689
1830	8334
1830	9312
1835	3740
1835	8901
1835	9422
1838	9351
1841	7013
1841	8100
1843	7575
1843	9308
1844	5791
1853	3326
1853	9100
1877	7503
1884	2468
1884	6251
1885	8359
1895	8193
1895	8777
1898	8470
1898	9732
1898	9974
1903	6611
1903	8534
1912	1220
1912	3727
1912	7495
1918	8534
1918	9617
1924	1150
1924	7574
1924	8570
1924	9863
1924	9936
1938	9042
1940	9463
1940	9999
1951	5048
1963	9990
1964	8253
1964	9068
1964	9736
1976	1447
1976	9042
1976	9892
1980	8588
1980	9084
1980	9818
1987	9485
2008	8181
2008	9778
2021	5741
2021	9939
2037	7564
2037	9061
2045	3512
2045	8327
2046	8454
2046	9173
2050	8205
2056	8999
2071	9005
2072	2511
2072	6742
2072	7277
2072	8130
2074	6235
2074	7591
2086	3900
2087	7873
2087	8842
2091	7670
2102	9061
2111	9109
2111	9990
2120	3845
2120	7124
2122	6816
2129	406
2129	7534
2129	9005
2129	9949
2131	6036
2137	8775
2137	9524
2146	7434
2146	8722
2149	8170
2149	9148
2152	1487
2152	3048
2156	5475
2156	5790
2156	9743
2164	6019
2164	9458
2165	1144
2165	8334
2179	6370
2179	6392
2182	5973
2182	9716
2194	9132
2194	9747
2204	6152
2207	6771
2207	9866
2207	9937
2209	7278
2209	8334
2209	8877
2209	9744
2209	9863
2217	7797
2217	9483
2222	1033
2222	9246
2240	8339
2240	8833
2240	9711
2259	9048
2261	4399
2261	6710
2261	9507
2265	4292
2267	3799
2267	9716
2269	5929
2269	9732
2269	9997
2272	3712
2272	9699
2272	9952
2275	5883
2275	9141
2275	9559
2281	6242
2281	8187
2281	8221
2295	8691
2296	4278
2297	5450
2301	3701
2301	6060
2301	9078
2309	6381
2309	9403
2311	4950
2313	9640
2313	9899
2317	5590
2321	1283
2321	4709
2321	6195
2321	9389
2322	7529
2322	9139
2324	4655
2324	6003
2328	8883
2328	9880
2330	9881
2331	722
2331	9152
2331	9732
2341	9061
2341	9602
2342	1043
2342	1234
2349	5424
2367	4786
2367	6925
2367	8543
2367	9999
2375	7170
2375	8203
2375	8542
2375	8891
2376	3249
2376	5020
2376	8954
2389	3863
2389	9640
2394	9308
2411	9748
2416	1760
2416	5126
2416	5193
2424	6603
2427	6996
2427	8175
2427	9708
2429	9306
2429	9473
2429	9873
2431	5722
2431	9463
2431	9873
2440	7624
2456	194
2467	3107
2467	9869
2468	1800
2468	1884
2468	3731
2468	5354
2470	7572
2485	8616
2485	9424
2497	9031
2497	9744
2499	771
2499	8732
2501	9225
2502	1074
2502	8060
2505	741
2506	8784
2507	3549
2507	9385
2508	5880
2508	8164
2511	2072
2511	8747
2511	9559
2514	6994
2517	7456
2517	8135
2520	7161
2532	9445
2549	6894
2549	7916
2550	8872
2550	9711
2569	7493
2569	9097
2569	9697
2569	9747
2572	7588
2579	6152
2579	8831
2579	9707
2592	9446
2592	9711
2602	7324
2602	8193
2602	8877
2603	9142
2611	8023
2612	9753
2615	3776
2615	6526
2627	6632
2627	6714
2633	2989
2633	6894
2633	8995
2649	4923
2654	5791
2654	7354
2682	705
2682	4179
2690	96
2690	7613
2694	5048
2694	7502
2698	9997
2707	3335
2707	7304
2707	9193
2719	3064
2719	3582
2719	9524
2723	5966
2723	9977
2727	4682
2727	8672
2727	9880
2730	9119
2744	6779
2749	9061
2749	9397
2753	3480
2753	5517
2753	7965
2754	3227
2762	7650
2762	9334
2762	9747
2764	5576
2783	6256
2785	6357
2785	9362
2785	9892
2787	4092
2787	4763
2787	5626
2787	6219
2791	7609
2791	9368
2793	1398
2793	6204
2793	9569
2795	5605
2795	8454
2808	8219
2808	8353
2817	9459
2819	9424
2835	4157
2835	6526
2837	5862
2837	6688
2845	9473
2849	3280
2854	5446
2854	7965
2856	4884
2856	7493
2857	7163
2857	9689
2861	7830
2865	6451
2865	9155
2865	9952
2866	1649
2866	4606
2866	9658
2869	5075
2869	9139
2878	6253
2903	44
2903	7997
2904	6357
2904	6567
2911	3706
2911	9432
2915	9180
2919	4079
2919	4682
2919	7013
2921	9579
2928	6960
2928	9162
2937	8045
2944	9497
2956	3730
2964	5974
2968	8783
2968	9338
2969	9097
2969	9747
2980	7711
2981	5932
2981	7401
2982	354
2982	7393
2982	9516
2982	9656
2983	300
2983	5939
2983	8210
2985	9482
2989	2633
2989	9747
2999	3453
2999	5491
3002	7535
3002	7863
3004	5769
3008	4546
3008	7676
3008	9866
3009	6526
3011	9899
3019	4215
3019	9482
3021	6742
3028	4901
3028	5944
3032	7304
3035	7307
3035	9721
3036	9368
3037	6288
3037	9170
3038	4597
3039	1484
3039	4349
3039	7799
3039	8377
3040	8844
3040	9485
3046	9873
3047	3922
3048	2152
3048	3952
3048	9796
3057	1647
3057	7365
3057	7980
3063	6892
3063	9483
3064	2719
3064	8732
3077	9155
3077	9697
3077	9699
3077	9952
3080	5546
3080	6148
3089	9253
3092	8594
3092	9465
3094	3772
3094	8353
3101	9066
3103	9697
3107	1790
3107	2467
3107	7071
3107	8261
3107	8428
3107	9990
3116	8968
3120	8909
3126	7727
3133	6873
3133	8377
3133	9076
3133	9116
3146	5008
3146	7597
3146	8253
3146	8954
3146	9784
3147	7101
3148	8840
3148	8950
3161	8797
3170	7298
3176	5662
3176	6788
3176	7198
3184	7902
3184	9173
3187	9732
3188	8367
3188	9949
3193	1635
3196	9516
3202	5952
3202	6946
3202	9357
3211	4834
3211	5626
3211	6582
3211	8912
3217	5741
3223	6507
3227	2754
3228	5586
3228	9997
3229	6094
3229	8777
3230	8249
3230	8651
3233	9645
3236	1644
3236	4978
3236	7341
3249	2376
3249	5195
3251	7965
3253	3743
3253	8178
3253	9196
3253	9259
3253	9689
3270	3406
3270	6415
3270	9148
3270	9285
3271	8782
3274	7375
3280	2849
3280	4477
3280	8419
3281	8784
3281	9859
3286	7031
3288	3563
3288	8028
3288	9602
3288	9711
3295	5561
3297	4674
3297	9880
3301	9307
3307	6567
3307	8407
3307	9540
3309	8999
3326	1853
3326	9100
3326	9491
3335	2707
3335	5873
3335	8490
3335	8618
3336	7797
3336	9640
3336	9891
3337	4807
3337	9095
3340	8189
3340	9388
3342	9396
3344	7755
3344	8430
3349	9640
3356	784
3356	1709
3356	8888
3359	3731
3361	8317
3361	9784
3366	3586
3366	6026
3379	5768
3379	8430
3383	9731
3388	8320
3395	7789
3395	9569
3395	9891
3406	837
3406	3270
3411	202
3412	4232
3412	9873
3419	6626
3419	6939
3419	7156
3424	3476
3424	7225
3424	8569
3424	8947
3438	6357
3438	8909
3446	5908
3453	2999
3453	5966
3453	6251
3460	4399
3463	1243
3476	3424
3476	7324
3480	2753
3483	4435
3483	9647
3484	212
3484	823
3490	8772
3497	9385
3498	6381
3512	2045
3517	9082
3528	5489
3528	6003
3528	6690
3532	4654
3532	9768
3535	1053
3535	9936
3543	3986
3547	5605
3547	6136
3547	6164
3547	6242
3547	9005
3549	2507
3549	4230
3550	8248
3552	9446
3552	9565
3553	5387
3563	3288
3566	3931
3579	7980
3581	8428
3581	9262
3581	9974
3582	2719
3582	6512
3582	7534
3582	8835
3583	6971
3585	7099
3585	9538
3586	3366
3586	6288
3586	7767
3604	9499
3610	9747
3611	1709
3611	6868
3614	5741
3614	9085
3630	9334
3630	9869
3640	4370
3640	9619
3640	9874
3643	7535
3643	9904
3658	9057
3658	9203
3663	8833
3677	9886
3687	3992
3687	8651
3687	9108
3689	4169
3689	7420
3689	8783
3695	248
3695	6315
3699	1571
3699	6907
3699	9664
3701	2301
3701	7264
3701	8583
3701	9132
3701	9301
3706	1234
3706	2911
3706	6699
3712	1126
3712	2272
3712	9541
3722	4633
3722	8130
3722	9084
3727	1912
3730	2956
3730	9483
3731	2468
3731	3359
3731	5356
3731	5976
3732	6925
3732	8354
3740	1835
3740	8181
3740	9439
3743	3253
3743	9259
3745	9677
3745	9708
3746	6074
3764	6859
3764	7352
3772	3094
3772	5952
3776	2615
3783	8684
3783	9942
3790	7071
3790	8130
3790	9602
3790	9711
3794	837
3794	6939
3797	9003
3799	2267
3799	8164
3799	9799
3806	9307
3806	9308
3806	9658
3811	5873
3811	6661
3821	7996
3832	9085
3832	9156
3838	6680
3838	7535
3838	7863
3838	9446
3843	6288
3843	8684
3843	9175
3845	2120
3845	8135
3845	9485
3845	9933
3862	8338
3862	9334
3863	2389
3863	4953
3863	9368
3877	7146
3879	9308
3880	6136
3880	7424
3880	7745
3882	3905
3882	4102
3882	6385
3888	8765
3893	5097
3893	5656
3893	6883
3898	6944
3898	9076
3900	2086
3900	5187
3900	7674
3905	3882
3905	9699
3905	9839
3906	7003
3912	5780
3922	3047
3922	6012
3922	6606
3922	8205
3922	8317
3922	8893
3922	9031
3922	9784
3931	3566
3931	8954
3937	188
3937	5195
3937	5489
3937	7138
3937	8879
3950	5982
3950	7186
3950	9516
3950	9676
3952	3048
3952	5106
3952	8849
3952	9246
3961	4043
3961	7649
3961	8809
3961	9831
3968	5004
3968	5146
3974	6033
3974	9225
3977	4435
3977	7752
3979	593
3979	1677
3979	9645
3980	6381
3980	8099
3986	3543
3986	9066
3992	3687
3992	7081
3992	7413
3992	8651
3992	9108
3995	8765
3998	8833
4001	5523
4001	8809
4001	9831
4018	286
4019	202
4019	5223
4019	6868
4025	9445
4033	7564
4035	9351
4037	6344
4037	9426
4037	9664
4043	30
4043	3961
4043	8430
4043	9507
4043	9744
4047	9167
4047	9524
4048	9109
4054	921
4054	8059
4054	8917
4054	9297
4057	8045
4057	9520
4070	8797
4075	8335
4075	8430
4079	2919
4079	4910
4079	6056
4092	2787
4092	4223
4092	9620
4094	9180
4094	9707
4102	3882
4102	4399
4102	7947
4108	659
4108	5064
4108	7138
4108	8045
4108	8917
4135	9716
4138	6598
4144	8430
4155	4179
4155	5679
4155	9619
4155	9874
4157	1068
4157	2835
4157	6816
4157	9524
4158	7613
4158	9175
4158	9892
4158	9977
4167	7413
4167	8358
4167	9836
4169	3689
4179	2682
4179	4155
4179	6370
4181	9886
4185	5531
4185	7336
4185	8239
4185	9791
4188	9658
4195	1339
4195	4592
4195	6357
4215	3019
4223	4092
4223	4448
4223	7304
4223	9791
4230	3549
4230	8338
4230	8358
4232	3412
4232	8461
4232	9942
4240	7981
4240	8939
4249	8504
4249	8930
4249	9155
4249	9952
4257	9645
4269	6829
4278	2296
4278	9753
4292	2265
4295	7839
4295	8221
4310	956
4310	8253
4310	9840
4318	5590
4318	9713
4325	1234
4344	6301
4344	9459
4345	7289
4345	8159
4345	8898
4349	3039
4349	8804
4349	9388
4352	7420
4356	8327
4356	8901
4362	8504
4362	8902
4362	9198
4370	3640
4370	8101
4370	8809
4370	9831
4375	8253
4375	9731
4379	5446
4379	7755
4379	8209
4381	8831
4381	9727
4384	5660
4384	7468
4384	9034
4394	6905
4394	7799
4394	8210
4399	2261
4399	3460
4399	4102
4399	9097
4402	4654
4402	7480
4402	9677
4402	9941
4405	9473
4405	9602
4405	9873
4409	8891
4409	9197
4411	8977
4411	9637
4413	8407
4414	327
4414	5803
4414	7393
4414	9109
4414	9656
4417	7618
4417	7755
4417	9497
4426	9446
4435	3483
4435	3977
4435	9647
4441	1366
4441	8804
4441	9087
4442	1144
4442	4521
4442	6884
4442	9573
4448	4223
4448	9727
4458	1057
4458	6073
4458	8461
4477	3280
4478	8872
4480	165
4480	5486
4485	6696
4485	7220
4485	8338
4485	8893
4485	9031
4489	8992
4489	9162
4489	9707
4491	9839
4502	4812
4502	8164
4502	9799
4511	723
4511	9482
4519	4658
4519	5311
4519	9797
4521	4442
4531	9778
4546	3008
4547	9334
4547	9839
4555	472
4555	6842
4564	7954
4564	9308
4567	1728
4567	5246
4567	5895
4567	7560
4567	8594
4570	5239
4570	6925
4570	8772
4570	9141
4577	8783
4577	9899
4582	5060
4582	6029
4587	6463
4587	8099
4592	4195
4592	4766
4592	9076
4593	9516
4594	6548
4594	8668
4594	9679
4597	3038
4597	6992
4597	8789
4603	6827
4603	8159
4603	8888
4606	468
4606	2866
4606	7768
4606	8927
4606	9658
4611	9559
4622	1398
4623	6010
4623	7799
4623	9697
4633	3722
4633	8546
4633	8804
4633	9707
4638	7530
4638	9698
4638	9744
4649	5974
4649	6750
4654	3532
4654	4402
4654	9708
4655	2324
4655	9010
4658	4519
4658	9573
4658	9840
4661	610
4661	9351
4669	8445
4673	8338
4673	8687
4673	9976
4674	3297
4674	5272
4674	6589
4674	9301
4679	6912
4682	2727
4682	2919
4682	7996
4682	9362
4683	1573
4696	9473
4696	9873
4706	9689
4709	2321
4709	6148
4709	8135
4711	9445
4711	9637
4718	9225
4724	6182
4727	8602
4727	8636
4737	1790
4737	8207
4737	9108
4737	9166
4748	8490
4750	7522
4750	8583
4750	8909
4757	6894
4761	9797
4763	2787
4763	9942
4765	7727
4766	4592
4769	6423
4769	9068
4769	9736
4784	9524
4784	9719
4786	2367
4786	7575
4791	1220
4791	7986
4794	8965
4794	9524
4797	1144
4797	8982
4805	8239
4807	3337
4807	4950
4807	8775
4807	9497
4810	6200
4810	8859
4812	4502
4813	8691
4813	9085
4828	1638
4828	6589
4828	8100
4834	3211
4834	7071
4834	9796
4837	822
4837	9677
4843	9162
4852	6969
4852	8278
4856	9173
4857	9565
4860	1637
4860	7679
4866	71
4876	9293
4876	9385
4883	6191
4883	7050
4883	8583
4884	2856
4884	9396
4890	6242
4893	9590
4893	9926
4898	1524
4898	6000
4898	7609
4898	8334
4901	3028
4901	6873
4902	7294
4902	9082
4908	9195
4910	4079
4910	5862
4910	8797
4910	9707
4914	8370
4914	9933
4921	8107
4921	8859
4923	2649
4923	5138
4923	5772
4923	5970
4933	9708
4934	824
4934	4972
4940	5138
4940	5970
4950	2311
4950	4807
4950	5161
4950	6040
4950	8392
4953	3863
4955	8687
4957	6661
4957	8739
4957	8784
4957	9859
4962	536
4962	6661
4962	8170
4966	5721
4967	6941
4970	461
4970	6521
4970	8184
4972	4934
4972	7980
4972	9070
4972	9713
4973	9869
4978	3236
4978	9942
4981	8687
4982	5118
4982	7596
4982	8178
4982	9259
4983	6100
4983	8071
4996	6584
4996	8950
5004	3968
5004	5952
5004	7299
5004	7342
5004	8187
5007	8879
5008	3146
5008	5819
5008	9770
5011	7424
5011	7755
5011	8939
5020	848
5020	2376
5020	8954
5034	6597
5043	9203
5043	9312
5048	1951
5048	2694
5048	6463
5048	8758
5048	9095
5060	4582
5064	4108
5064	5544
5064	9331
5066	5858
5066	8392
5066	8636
5066	8883
5075	2869
5075	5763
5075	6344
5075	7024
5076	6942
5076	9778
5077	6582
5077	7099
5077	7493
5077	8901
5077	8912
5081	9522
5087	5239
5087	6424
5087	9892
5097	3893
5097	9828
5098	8137
5098	9516
5098	9676
5098	9816
5099	9555
5106	3952
5115	774
5115	837
5115	8144
5118	4982
5118	7479
5118	7558
5118	7711
5118	8071
5118	9736
5124	6250
5124	8310
5124	8775
5124	9899
5126	2416
5126	6884
5126	8965
5138	4923
5138	4940
5146	3968
5146	5384
5146	8339
5146	9198
5146	9937
5157	9100
5157	9491
5161	4950
5174	9407
5174	9990
5184	9068
5185	229
5185	9306
5185	9432
5185	9736
5187	3900
5187	8739
5187	9407
5187	9990
5189	5315
5189	5778
5189	7393
5189	9656
5193	2416
5195	3249
5195	3937
5201	1455
5201	8249
5201	8992
5204	8339
5213	509
5213	669
5213	8419
5213	9899
5223	4019
5223	9619
5224	7722
5224	8570
5224	9510
5231	6778
5231	7166
5231	9426
5231	9664
5236	5515
5236	6357
5236	9307
5236	9463
5237	8859
5239	4570
5239	5087
5239	6925
5239	8898
5240	774
5240	8359
5240	8690
5240	9070
5240	9285
5246	4567
5246	7198
5246	8207
5246	9445
5257	8813
5257	9087
5259	9193
5259	9727
5259	9926
5272	837
5272	4674
5282	375
5282	8844
5295	7124
5295	7904
5295	9087
5295	9840
5300	6632
5300	8164
5311	4519
5311	6381
5311	7225
5311	7661
5311	8428
5315	5189
5315	7170
5337	5901
5337	7082
5337	9473
5337	9617
5350	9748
5352	6060
5352	6385
5352	8101
5352	9371
5352	9529
5354	2468
5354	7013
5354	8789
5356	322
5356	3731
5356	6829
5356	7264
5356	9620
5362	5514
5362	7082
5362	8101
5362	8809
5362	9497
5362	9555
5362	9831
5363	8859
5375	405
5375	9108
5375	9647
5384	5146
5384	7832
5384	9105
5384	9415
5385	5491
5385	6370
5385	7653
5386	7304
5387	3553
5387	8909
5407	7186
5416	408
5416	7509
5416	8959
5416	9367
5416	9743
5416	9748
5416	9869
5423	1709
5423	6184
5423	8015
5423	8569
5423	9753
5424	2349
5424	5836
5424	7633
5424	7873
5424	8219
5424	9590
5430	7624
5430	8901
5432	1663
5432	8590
5432	9422
5433	316
5433	1649
5433	9068
5438	1644
5438	8470
5438	9105
5438	9459
5446	2854
5446	4379
5446	7161
5446	9422
5450	2297
5450	7984
5462	8690
5462	9481
5462	9863
5462	9936
5473	6548
5475	2156
5475	7560
5480	7800
5480	8133
5484	9731
5484	9949
5486	4480
5486	5796
5486	9042
5487	9203
5487	9727
5487	9926
5489	3528
5489	3937
5489	9181
5491	2999
5491	5385
5491	9362
5499	8407
5499	9699
5514	5362
5514	6827
5515	5236
5515	6074
5515	9385
5517	2753
5517	7965
5521	8311
5523	4001
5523	9541
5523	9770
5527	9155
5527	9445
5527	9699
5527	9952
5531	1509
5531	4185
5531	7674
5531	8043
5544	5064
5544	8733
5544	9859
5546	3080
5546	8221
5546	9357
5561	3295
5561	7344
5561	9840
5563	5772
5563	7642
5563	8912
5563	8959
5563	9716
5563	9748
5575	6873
5576	2764
5576	6641
5576	8171
5576	9520
5584	6253
5584	7493
5584	7659
5584	7727
5584	7752
5584	8901
5586	1222
5586	1559
5586	3228
5586	7468
5588	1766
5590	2317
5590	4318
5604	6340
5604	7658
5604	9306
5604	9432
5605	2795
5605	3547
5605	9753
5621	8616
5621	8623
5626	50
5626	2787
5626	3211
5626	5665
5626	7493
5626	7659
5626	8912
5638	9338
5638	9869
5647	9949
5653	7503
5653	8542
5655	5970
5655	8358
5655	9042
5656	3893
5660	4384
5660	7385
5660	8339
5660	9619
5662	3176
5662	9422
5665	5626
5665	8912
5665	9941
5668	8059
5668	8588
5672	342
5672	9497
5672	9941
5679	4155
5679	8352
5679	9473
5689	8370
5700	5867
5700	9048
5705	7163
5705	8454
5705	8659
5705	8891
5705	9389
5717	9820
5721	1523
5721	4966
5721	9747
5722	2431
5722	7315
5722	9473
5725	7814
5727	58
5727	6152
5733	1817
5741	2021
5741	3217
5741	3614
5741	6177
5741	8504
5741	8548
5741	9085
5753	6120
5753	9977
5757	8752
5757	9225
5763	5075
5763	9541
5768	3379
5768	9617
5769	3004
5769	9458
5771	9446
5771	9516
5772	4923
5772	5563
5772	9747
5778	5189
5778	9904
5780	270
5780	3912
5780	7588
5790	2156
5790	9708
5790	9743
5791	1844
5791	2654
5791	8269
5796	5486
5796	7081
5796	8006
5796	9108
5803	4414
5803	8555
5803	9656
5808	6624
5808	8722
5810	6665
5810	6841
5810	8504
5810	8624
5810	9065
5816	6508
5816	9084
5816	9253
5819	5008
5819	9459
5821	1571
5821	6011
5821	6801
5821	8965
5836	5424
5836	6955
5858	1229
5858	5066
5858	8490
5862	2837
5862	4910
5862	7575
5867	5700
5867	7642
5867	8977
5867	9424
5867	9874
5873	3335
5873	3811
5880	2508
5880	6572
5880	8879
5883	2275
5883	8352
5883	9042
5884	878
5884	8060
5884	8311
5884	9757
5893	8831
5895	4567
5895	6002
5895	8600
5898	871
5898	6219
5901	5337
5901	7997
5901	9042
5901	9617
5901	9732
5902	229
5902	7719
5902	9257
5902	9716
5902	9820
5904	7873
5904	7999
5904	9590
5907	6120
5907	9285
5907	9977
5908	1731
5908	3446
5908	6826
5908	7384
5919	7159
5929	2269
5929	6686
5929	7837
5929	7940
5929	9367
5929	9939
5932	1551
5932	2981
5932	8205
5932	8261
5932	9331
5939	1085
5939	2983
5939	7328
5939	7407
5939	8028
5939	8210
5939	9043
5944	3028
5944	6873
5944	9385
5948	7229
5948	8335
5948	8831
5948	9070
5952	3202
5952	3772
5952	5004
5952	8181
5952	9713
5966	2723
5966	3453
5966	6251
5966	9162
5970	4923
5970	4940
5970	5655
5973	2182
5973	7782
5973	9118
5974	2964
5974	4649
5974	7099
5976	3731
5976	7299
5982	3950
5982	8055
5982	9816
5999	1574
5999	7884
5999	9721
6000	4898
6002	684
6002	5895
6002	7558
6002	8253
6002	9070
6003	2324
6003	3528
6003	9109
6003	9886
6004	1511
6004	8042
6004	8157
6004	8770
6004	9837
6010	779
6010	4623
6010	6567
6010	8939
6011	5821
6011	8134
6011	9057
6012	3922
6019	2164
6019	8659
6019	8891
6026	3366
6026	9753
6029	4582
6029	8960
6033	3974
6033	8335
6033	9225
6036	2131
6036	8877
6036	9744
6040	4950
6053	8358
6055	7695
6055	8352
6055	8504
6055	9699
6055	9952
6056	4079
6056	9587
6056	9713
6060	2301
6060	5352
6060	7981
6060	8251
6060	9253
6066	6827
6068	260
6073	4458
6073	8100
6073	9175
6073	9355
6074	3746
6074	5515
6074	8992
6074	9385
6074	9587
6094	327
6094	3229
6094	6491
6094	8209
6094	9297
6094	9839
6100	4983
6100	7979
6100	8442
6100	9170
6100	9468
6106	1217
6106	7658
6106	9119
6113	7904
6113	8138
6113	9869
6115	7996
6120	1523
6120	5753
6120	5907
6120	9977
6123	9331
6135	7190
6135	7466
6136	3547
6136	3880
6136	7156
6136	7782
6136	8442
6136	9118
6148	3080
6148	4709
6151	7369
6152	2204
6152	2579
6152	5727
6153	7650
6164	3547
6164	9262
6164	9312
6164	9818
6172	8170
6172	8338
6177	5741
6177	9085
6177	9524
6178	1215
6178	8248
6178	9257
6182	4724
6182	6770
6182	8954
6182	9306
6184	941
6184	5423
6184	7198
6184	7594
6184	8015
6184	8442
6184	9753
6187	6822
6187	7082
6187	9573
6191	4883
6191	9181
6195	2321
6195	6347
6195	6750
6195	9389
6200	4810
6200	6598
6200	9697
6204	2793
6204	7296
6206	8772
6206	9569
6219	2787
6219	5898
6219	8872
6221	8164
6227	188
6227	7799
6232	7278
6235	2074
6235	8100
6235	8573
6242	2281
6242	3547
6242	4890
6242	8236
6242	9043
6250	5124
6250	8775
6251	1126
6251	1884
6251	3453
6251	5966
6253	2878
6253	5584
6253	8472
6253	9305
6254	1217
6256	2783
6256	7170
6256	9463
6256	9770
6271	8538
6271	8672
6271	8945
6271	9768
6271	9990
6272	760
6272	7591
6272	8403
6288	3037
6288	3586
6288	3843
6288	9713
6296	8442
6296	9181
6296	9468
6301	4344
6301	7740
6301	9195
6310	7315
6310	8490
6310	8950
6312	7965
6312	9100
6315	3695
6315	6710
6315	9066
6339	7384
6339	9137
6340	5604
6340	7099
6340	8626
6340	9707
6344	781
6344	1760
6344	4037
6344	5075
6344	6978
6344	7040
6344	9999
6347	6195
6347	7558
6347	7618
6347	8461
6347	8765
6352	9791
6353	6581
6353	9731
6357	2785
6357	2904
6357	3438
6357	4195
6357	5236
6357	6907
6370	2179
6370	4179
6370	5385
6376	9933
6378	429
6378	9459
6378	9555
6378	9874
6379	7638
6381	484
6381	2309
6381	3498
6381	3980
6381	5311
6385	3882
6385	5352
6385	9312
6385	9529
6392	2179
6392	6945
6392	9637
6415	79
6415	1778
6415	3270
6415	7907
6415	7934
6415	9828
6423	4769
6423	8733
6423	9334
6424	5087
6424	8805
6424	9445
6426	7407
6430	7564
6442	7060
6442	9152
6442	9293
6442	9719
6444	6606
6444	7375
6444	9152
6444	9182
6444	9732
6449	9142
6449	9308
6451	2865
6451	6589
6451	7018
6451	8157
6451	9116
6451	9507
6463	4587
6463	5048
6463	7638
6463	9095
6476	6778
6476	7597
6476	9119
6476	9937
6490	8917
6491	6094
6491	6582
6491	8947
6491	9251
6492	6671
6492	6941
6498	6752
6498	7661
6498	9933
6507	3223
6507	7460
6507	8831
6508	5816
6508	9082
6512	3582
6512	9731
6521	4970
6521	8407
6526	2615
6526	2835
6526	3009
6526	6955
6526	7763
6526	8813
6526	9087
6543	20
6543	984
6543	8144
6548	4594
6548	5473
6548	8418
6548	9389
6555	7588
6555	9031
6555	9708
6567	2904
6567	3307
6567	6010
6567	8023
6572	848
6572	5880
6572	6942
6572	8472
6572	9507
6576	7814
6581	6353
6581	9181
6581	9468
6582	509
6582	3211
6582	5077
6582	6491
6582	8901
6582	8912
6582	9388
6584	4996
6584	7225
6589	4674
6589	4828
6589	6451
6589	9976
6597	5034
6597	9874
6598	4138
6598	6200
6598	8238
6598	9697
6603	2424
6603	9351
6606	68
6606	3922
6606	6444
6606	8965
6606	9152
6606	9732
6611	688
6611	1310
6611	1903
6611	6883
6611	8772
6611	9569
6613	1778
6613	8840
6613	9367
6624	5808
6624	6641
6624	8253
6624	8722
6624	8965
6624	9565
6624	9763
6626	3419
6629	7118
6629	8765
6629	8950
6632	2627
6632	5300
6632	8687
6632	9816
6632	9976
6641	405
6641	5576
6641	6624
6641	7434
6641	8008
6641	8722
6641	9743
6641	9933
6655	6770
6661	124
6661	3811
6661	4957
6661	4962
6661	9097
6661	9732
6665	5810
6665	9293
6665	9732
6665	9949
6668	8327
6671	6492
6671	8651
6671	9046
6671	9529
6680	3838
6680	7316
6680	9296
6680	9942
6686	5929
6686	8055
6686	8624
6688	1165
6688	2837
6690	3528
6690	7296
6696	945
6696	4485
6696	8317
6696	9031
6696	9784
6699	3706
6699	6969
6699	9350
6710	2261
6710	6315
6710	8758
6710	9057
6710	9203
6714	2627
6714	6981
6714	8189
6715	7502
6715	9142
6715	9294
6715	9308
6718	6992
6718	9070
6718	9731
6726	7018
6742	2072
6742	3021
6742	6771
6742	8968
6750	4649
6750	6195
6750	7050
6750	7558
6750	8045
6750	8066
6752	6498
6752	8311
6752	9170
6752	9251
6752	9866
6767	236
6770	6182
6770	6655
6770	7278
6770	7711
6770	9116
6771	2207
6771	6742
6771	7597
6771	8339
6771	8833
6771	9198
6771	9937
6771	9976
6778	5231
6778	6476
6778	7734
6778	8145
6778	8251
6778	9941
6779	1637
6779	2744
6788	3176
6788	7073
6788	9664
6801	325
6801	5821
6805	9481
6805	9617
6816	2122
6816	4157
6816	9424
6816	9524
6816	9640
6822	6187
6822	9949
6826	145
6826	5908
6826	9573
6827	808
6827	4603
6827	5514
6827	6066
6827	9727
6829	4269
6829	5356
6829	9899
6841	5810
6841	7722
6841	8055
6841	8826
6842	4555
6842	9949
6851	686
6851	7124
6851	9397
6851	9770
6852	848
6852	9426
6852	9664
6859	3764
6859	8483
6859	9778
6859	9816
6868	1620
6868	3611
6868	4019
6868	8950
6868	9697
6873	3133
6873	4901
6873	5575
6873	5944
6877	7961
6883	3893
6883	6611
6883	8021
6883	8772
6883	9569
6884	4442
6884	5126
6884	9100
6884	9175
6886	1079
6886	8809
6886	9397
6890	9334
6892	3063
6892	8029
6892	9977
6894	2549
6894	2633
6894	4757
6905	4394
6907	3699
6907	6357
6907	8977
6912	4679
6912	9095
6922	7564
6922	9768
6922	9939
6925	2367
6925	3732
6925	4570
6925	5239
6939	1783
6939	3419
6939	3794
6939	7535
6941	4967
6941	6492
6941	8569
6942	5076
6942	6572
6942	9351
6942	9367
6942	9778
6943	9173
6944	3898
6944	8327
6944	8461
6944	9540
6945	6392
6945	8038
6945	9458
6945	9637
6946	3202
6955	5836
6955	6526
6955	8222
6955	9119
6960	286
6960	2928
6969	4852
6969	6699
6969	9119
6969	9132
6971	3583
6971	9167
6973	8737
6973	9362
6978	6344
6978	9439
6981	6714
6981	7884
6981	9976
6992	4597
6992	6718
6992	7670
6992	9731
6994	2514
6994	7401
6994	8164
6994	8187
6996	942
6996	2427
6996	9259
6996	9708
7003	1011
7003	3906
7003	8992
7003	9068
7003	9736
7009	8765
7009	9100
7009	9491
7009	9778
7013	1841
7013	2919
7013	5354
7013	9939
7018	30
7018	6451
7018	6726
7018	9485
7018	9799
7024	5075
7024	7198
7024	8187
7024	9139
7031	3286
7031	8456
7031	8945
7032	8261
7032	8853
7032	9193
7032	9727
7032	9926
7040	880
7040	6344
7040	9999
7050	4883
7050	6750
7050	8418
7050	8824
7050	9003
7050	9389
7053	8170
7060	6442
7060	9305
7060	9587
7062	8179
7062	9990
7071	43
7071	3107
7071	3790
7071	4834
7071	8546
7071	8548
7071	9602
7071	9711
7073	6788
7073	7118
7073	8826
7073	9142
7073	9156
7081	475
7081	1739
7081	3992
7081	5796
7081	8651
7081	9108
7082	5337
7082	5362
7082	6187
7082	9142
7099	1742
7099	3585
7099	5077
7099	5974
7099	6340
7099	7522
7099	8352
7099	8626
7101	3147
7101	7369
7101	8651
7111	9770
7118	6629
7118	7073
7118	8588
7118	8758
7118	9491
7124	2120
7124	5295
7124	6851
7124	7318
7124	7782
7124	8028
7124	9840
7138	3937
7138	4108
7138	7375
7138	8917
7138	9334
7146	3877
7146	7289
7146	9419
7152	9522
7155	8184
7156	1783
7156	3419
7156	6136
7159	5919
7159	9818
7161	956
7161	2520
7161	5446
7161	8965
7163	249
7163	2857
7163	5705
7163	9620
7163	9689
7166	371
7166	5231
7166	9338
7166	9415
7166	9863
7170	1014
7170	2375
7170	5315
7170	6256
7170	8538
7170	9601
7186	3950
7186	5407
7186	7430
7187	9839
7190	1429
7190	6135
7190	7960
7198	3176
7198	5246
7198	6184
7198	7024
7198	7560
7198	8418
7198	9078
7198	9166
7200	7368
7200	9481
7217	781
7217	1082
7217	8777
7217	9196
7218	145
7218	8570
7218	9510
7220	1411
7220	1638
7220	4485
7220	8456
7220	8945
7225	3424
7225	5311
7225	6584
7225	8428
7225	8898
7225	9331
7225	9573
7229	5948
7229	7996
7229	8099
7249	7907
7249	7934
7249	8184
7249	9148
7249	9285
7263	260
7263	9836
7264	3701
7264	5356
7264	8583
7264	9301
7266	8747
7277	2072
7277	8248
7277	9719
7278	2209
7278	6232
7278	6770
7278	7466
7278	7558
7278	8175
7278	9148
7289	4345
7289	7146
7289	8159
7289	8804
7290	8667
7294	4902
7294	9367
7296	6204
7296	6690
7296	7468
7298	3170
7298	8853
7299	5004
7299	5976
7299	8209
7301	7654
7301	9719
7301	9974
7304	2707
7304	3032
7304	4223
7304	5386
7304	8248
7307	3035
7307	7884
7307	9640
7307	9721
7315	322
7315	5722
7315	6310
7315	8370
7316	741
7316	829
7316	6680
7316	9296
7318	1620
7318	7124
7318	9151
7318	9840
7324	2602
7324	3476
7324	8616
7328	5939
7328	7529
7336	4185
7341	342
7341	3236
7341	9203
7341	9312
7341	9481
7342	5004
7342	9057
7344	5561
7344	9156
7352	3764
7352	8950
7352	9108
7352	9587
7354	2654
7354	8145
7359	1135
7359	8327
7359	9976
7365	3057
7365	8144
7365	9297
7368	7200
7368	8367
7369	160
7369	536
7369	6151
7369	7101
7369	7934
7369	8021
7375	1488
7375	3274
7375	6444
7375	7138
7375	8399
7375	9262
7379	1276
7379	8133
7384	5908
7384	6339
7384	8164
7384	9061
7385	5660
7385	9046
7385	9465
7393	2982
7393	4414
7393	5189
7393	9656
7401	2981
7401	6994
7401	9407
7401	9565
7404	662
7404	8008
7404	9541
7404	9770
7407	5939
7407	6426
7407	9541
7407	9770
7413	1707
7413	3992
7413	4167
7420	3689
7420	4352
7420	7837
7420	8164
7420	9367
7424	3880
7424	5011
7424	9797
7430	7186
7430	8772
7430	9350
7430	9569
7434	2146
7434	6641
7434	8722
7437	9297
7437	9892
7440	7768
7440	8454
7440	8914
7440	9084
7440	9656
7456	525
7456	2517
7456	8454
7456	8490
7456	8618
7460	6507
7460	7979
7460	8175
7466	6135
7466	7278
7466	9744
7468	4384
7468	5586
7468	7296
7468	9863
7470	7654
7470	7940
7470	8059
7470	8995
7479	5118
7479	8334
7479	8999
7479	9350
7480	1098
7480	4402
7480	7770
7480	9677
7493	1414
7493	2569
7493	2856
7493	5077
7493	5584
7493	5626
7493	8826
7493	8901
7493	9999
7495	1912
7495	9601
7499	878
7502	2694
7502	6715
7502	9142
7502	9294
7502	9308
7503	1877
7503	5653
7503	9797
7509	5416
7509	8959
7509	9713
7509	9748
7522	4750
7522	7099
7522	8403
7522	8809
7522	9066
7522	9778
7529	2322
7529	7328
7530	1398
7530	4638
7530	9257
7530	9388
7530	9818
7534	2129
7534	3582
7534	7654
7535	3002
7535	3643
7535	3838
7535	6939
7535	9296
7558	5118
7558	6002
7558	6347
7558	6750
7558	7278
7558	8461
7558	8765
7558	9400
7560	1790
7560	4567
7560	5475
7560	7198
7560	9166
7564	2037
7564	4033
7564	6430
7564	6922
7564	8157
7564	8888
7564	9881
7568	9307
7572	2470
7572	9637
7572	9757
7574	1924
7574	9863
7575	1843
7575	4786
7575	5862
7588	2572
7588	5780
7588	6555
7588	8008
7588	9899
7591	2074
7591	6272
7594	941
7594	6184
7594	8015
7594	8222
7594	9010
7594	9753
7596	4982
7596	9259
7596	9721
7597	3146
7597	6476
7597	6771
7597	9198
7597	9880
7597	9937
7609	2791
7609	4898
7609	9459
7613	472
7613	1362
7613	1731
7613	2690
7613	4158
7618	1546
7618	4417
7618	6347
7618	8461
7618	8594
7618	8765
7622	8690
7622	8747
7622	9422
7622	9559
7624	771
7624	1773
7624	2440
7624	5430
7624	9308
7624	9716
7624	9820
7633	404
7633	605
7633	5424
7638	6379
7638	6463
7638	8872
7638	9579
7642	5563
7642	5867
7642	8222
7642	8959
7642	9748
7642	9753
7649	3961
7649	8099
7650	2762
7650	6153
7650	7986
7653	5385
7653	9400
7653	9892
7654	7301
7654	7470
7654	7534
7654	8573
7654	9873
7658	5604
7658	6106
7658	9432
7658	9698
7659	5584
7659	5626
7659	8901
7659	8912
7659	9697
7661	5311
7661	6498
7661	9371
7661	9820
7661	9899
7665	8249
7665	9251
7665	9396
7670	2091
7670	6992
7670	8253
7670	8490
7670	9065
7670	9070
7674	3900
7674	5531
7674	8583
7674	9620
7676	3008
7676	8782
7676	9866
7679	1440
7679	4860
7680	8134
7683	404
7683	729
7695	182
7695	6055
7695	8504
7695	8999
7695	9155
7695	9699
7695	9952
7711	2980
7711	5118
7711	6770
7711	7833
7711	9371
7719	5902
7719	8045
7719	8071
7719	9473
7719	9497
7722	5224
7722	6841
7722	8055
7722	8624
7722	9137
7727	3126
7727	4765
7727	5584
7727	8747
7727	9538
7734	6778
7734	8251
7734	9253
7736	8555
7740	6301
7740	9195
7745	3880
7745	8184
7745	8830
7750	9510
7750	9697
7750	9839
7750	9904
7752	3977
7752	5584
7752	9791
7755	3344
7755	4379
7755	4417
7755	5011
7755	8831
7755	9422
7763	1046
7763	6526
7763	8359
7763	8813
7763	9087
7767	3586
7767	7960
7767	9707
7768	4606
7768	7440
7768	8914
7770	1573
7770	1715
7770	7480
7782	276
7782	1420
7782	1488
7782	5973
7782	6136
7782	7124
7782	9118
7789	3395
7789	9555
7796	1466
7796	8310
7796	9170
7796	9331
7797	2217
7797	3336
7797	8353
7797	9137
7799	3039
7799	4394
7799	4623
7799	6227
7799	8849
7799	8917
7799	9062
7800	5480
7800	9465
7814	405
7814	1295
7814	5725
7814	6576
7830	981
7830	2861
7830	8059
7830	9796
7830	9880
7832	5384
7832	9048
7833	316
7833	7711
7837	1001
7837	1463
7837	5929
7837	7420
7837	8066
7837	9085
7837	9367
7839	4295
7839	8221
7839	9066
7839	9663
7862	9415
7863	3002
7863	3838
7863	9296
7873	2087
7873	5424
7873	5904
7873	9419
7873	9569
7873	9590
7873	9799
7884	5999
7884	6981
7884	7307
7884	8690
7884	9048
7884	9721
7902	3184
7902	8805
7902	9939
7904	5295
7904	6113
7904	9743
7904	9840
7907	6415
7907	7249
7907	7934
7907	9148
7907	9285
7916	2549
7916	8840
7916	8901
7916	8914
7934	1773
7934	6415
7934	7249
7934	7369
7934	7907
7934	9285
7937	8188
7937	8600
7937	9881
7940	5929
7940	7470
7940	8999
7947	682
7947	4102
7947	9689
7947	9820
7953	429
7953	856
7953	1036
7953	1482
7953	8777
7953	9196
7954	4564
7954	9196
7954	9297
7960	7190
7960	7767
7960	8534
7960	9331
7960	9707
7961	238
7961	6877
7965	2753
7965	2854
7965	3251
7965	5517
7965	6312
7965	8927
7965	9555
7979	6100
7979	7460
7979	8175
7979	9043
7979	9481
7979	9942
7980	3057
7980	3579
7980	4972
7981	1658
7981	4240
7981	6060
7981	8145
7981	8835
7981	9078
7984	5450
7984	8407
7984	8844
7984	8982
7984	9203
7986	63
7986	4791
7986	7650
7996	3821
7996	4682
7996	6115
7996	7229
7997	44
7997	975
7997	2903
7997	5901
7997	9415
7999	1585
7999	5904
7999	9590
8006	5796
8006	8549
8006	8849
8006	9034
8008	270
8008	6641
8008	7404
8008	7588
8015	5423
8015	6184
8015	7594
8015	9753
8021	6883
8021	7369
8023	2611
8023	6567
8028	26
8028	3288
8028	5939
8028	7124
8028	9119
8029	6892
8029	9977
8032	8210
8032	9579
8038	984
8038	6945
8038	8181
8038	9306
8042	6004
8042	8770
8042	9497
8042	9837
8043	5531
8043	8135
8043	9010
8043	9197
8043	9499
8045	2937
8045	4057
8045	4108
8045	6750
8045	7719
8045	8236
8045	9481
8045	9573
8055	608
8055	741
8055	5982
8055	6686
8055	6841
8055	7722
8055	9524
8059	4054
8059	5668
8059	7470
8059	7830
8059	8995
8060	2502
8060	5884
8062	8901
8062	9087
8062	9350
8066	561
8066	6750
8066	7837
8066	8418
8066	8824
8066	9003
8066	9840
8071	383
8071	4983
8071	5118
8071	7719
8071	8221
8071	8442
8071	9468
8099	3980
8099	4587
8099	7229
8099	7649
8099	9048
8100	1841
8100	4828
8100	6073
8100	6235
8100	9175
8100	9388
8101	4370
8101	5352
8101	5362
8101	9095
8101	9109
8101	9831
8107	4921
8117	1523
8117	8835
8130	2072
8130	3722
8130	3790
8130	8722
8130	9084
8133	5480
8133	7379
8133	8965
8133	9445
8134	6011
8134	7680
8134	9166
8134	9664
8135	2517
8135	3845
8135	4709
8135	8043
8135	9005
8137	5098
8137	8159
8137	9139
8137	9516
8138	1068
8138	6113
8138	8483
8138	9778
8138	9869
8144	5115
8144	6543
8144	7365
8144	9497
8145	1817
8145	6778
8145	7354
8145	7981
8145	8590
8145	9941
8157	6004
8157	6451
8157	7564
8157	9540
8157	9881
8158	8187
8158	9142
8158	9880
8159	1562
8159	4345
8159	4603
8159	7289
8159	8137
8164	2508
8164	3799
8164	4502
8164	5300
8164	6221
8164	6994
8164	7384
8164	7420
8170	2149
8170	4962
8170	6172
8170	7053
8170	8893
8170	9658
8171	1760
8171	5576
8171	8624
8171	9999
8175	2427
8175	7278
8175	7460
8175	7979
8175	8418
8175	9555
8178	1803
8178	3253
8178	4982
8178	9259
8179	7062
8179	8616
8179	8672
8179	9990
8181	2008
8181	3740
8181	5952
8181	8038
8181	9713
8184	1570
8184	4970
8184	7155
8184	7249
8184	7745
8184	8879
8184	9590
8187	2281
8187	5004
8187	6994
8187	7024
8187	8158
8187	8667
8188	7937
8188	8600
8188	8877
8188	9119
8188	9619
8189	874
8189	3340
8189	6714
8189	8403
8193	1171
8193	1647
8193	1895
8193	2602
8193	8784
8193	9952
8203	2375
8203	9697
8205	1523
8205	2050
8205	3922
8205	5932
8205	8732
8207	4737
8207	5246
8207	9166
8207	9432
8209	874
8209	4379
8209	6094
8209	7299
8209	8219
8209	9942
8210	1339
8210	2983
8210	4394
8210	5939
8210	8032
8219	1519
8219	2808
8219	5424
8219	8209
8219	8826
8219	9057
8221	1068
8221	2281
8221	4295
8221	5546
8221	7839
8221	8071
8221	8960
8221	9357
8221	9697
8222	1445
8222	6955
8222	7594
8222	7642
8222	9119
8222	9162
8236	1165
8236	6242
8236	8045
8236	9043
8236	9565
8236	9617
8238	6598
8238	8538
8238	9640
8238	9997
8239	1663
8239	4185
8239	4805
8239	8842
8239	8883
8239	9880
8248	3550
8248	6178
8248	7277
8248	7304
8249	3230
8249	5201
8249	7665
8249	8992
8249	9874
8251	6060
8251	6778
8251	7734
8251	9941
8251	9976
8253	1964
8253	3146
8253	4310
8253	4375
8253	6002
8253	6624
8253	7670
8253	8859
8253	9070
8253	9731
8256	608
8256	9797
8256	9863
8261	679
8261	3107
8261	5932
8261	7032
8261	9559
8261	9942
8269	1543
8269	5791
8269	9778
8278	4852
8278	8888
8278	9118
8278	9839
8278	9863
8301	9522
8310	5124
8310	7796
8310	8805
8311	5521
8311	5884
8311	6752
8311	8782
8311	9170
8311	9520
8311	9866
8317	397
8317	3361
8317	3922
8317	6696
8317	8732
8317	9031
8317	9784
8320	397
8320	3388
8320	9195
8327	822
8327	2045
8327	4356
8327	6668
8327	6944
8327	7359
8327	8796
8327	8902
8334	1830
8334	2165
8334	2209
8334	4898
8334	7479
8334	8877
8334	9538
8334	9744
8335	4075
8335	5948
8335	6033
8335	8430
8335	8879
8335	9198
8335	9426
8335	9507
8338	3862
8338	4230
8338	4485
8338	4673
8338	6172
8338	8684
8339	2240
8339	5146
8339	5204
8339	5660
8339	6771
8339	9937
8352	5679
8352	5883
8352	6055
8352	7099
8352	9100
8352	9246
8352	9463
8353	2808
8353	3094
8353	7797
8354	3732
8354	9048
8358	3
8358	4167
8358	4230
8358	5655
8358	6053
8358	8891
8359	1479
8359	1885
8359	5240
8359	7763
8359	8392
8359	8737
8359	9010
8367	789
8367	3188
8367	7368
8367	8830
8367	9167
8367	9357
8367	9716
8367	9820
8370	4914
8370	5689
8370	7315
8370	8813
8370	9362
8370	9977
8377	3039
8377	3133
8377	9076
8377	9116
8377	9831
8392	484
8392	496
8392	4950
8392	5066
8392	8359
8392	8636
8392	8684
8392	9510
8399	7375
8399	9520
8403	824
8403	6272
8403	7522
8403	8189
8407	3307
8407	4413
8407	5499
8407	6521
8407	7984
8418	300
8418	6548
8418	7050
8418	7198
8418	8066
8418	8175
8418	8618
8418	8824
8418	9003
8418	9076
8419	3280
8419	5213
8419	9839
8419	9904
8428	723
8428	3107
8428	3581
8428	5311
8428	7225
8428	8490
8428	9432
8430	3344
8430	3379
8430	4043
8430	4075
8430	4144
8430	8335
8430	8879
8430	9507
8442	1429
8442	6100
8442	6136
8442	6184
8442	6296
8442	8071
8442	9181
8442	9463
8442	9468
8445	4669
8454	88
8454	2046
8454	2795
8454	5705
8454	7440
8454	7456
8456	7031
8456	7220
8456	8945
8456	9711
8461	4232
8461	4458
8461	6347
8461	6944
8461	7558
8461	7618
8461	8765
8470	1898
8470	5438
8470	8752
8472	475
8472	6253
8472	6572
8472	8722
8472	9305
8483	1068
8483	6859
8483	8138
8483	9656
8483	9698
8483	9869
8490	626
8490	3335
8490	4748
8490	5858
8490	6310
8490	7456
8490	7670
8490	8428
8490	8618
8504	4249
8504	4362
8504	5741
8504	5810
8504	6055
8504	7695
8504	9155
8504	9699
8504	9926
8504	9952
8534	1903
8534	1918
8534	7960
8534	8556
8534	9573
8538	6271
8538	7170
8538	8238
8538	8672
8538	9407
8542	2375
8542	5653
8543	2367
8543	9836
8546	4633
8546	7071
8546	8784
8546	9859
8548	5741
8548	7071
8548	8549
8548	9351
8548	9820
8549	664
8549	686
8549	8006
8549	8548
8549	9485
8551	9182
8555	1276
8555	1665
8555	5803
8555	7736
8555	9974
8556	100
8556	8534
8556	9422
8569	212
8569	3424
8569	5423
8569	6941
8569	9485
8570	1924
8570	5224
8570	7218
8570	9510
8573	6235
8573	7654
8573	9859
8583	3701
8583	4750
8583	4883
8583	7264
8583	7674
8583	9301
8583	9620
8588	468
8588	679
8588	1980
8588	5668
8588	7118
8588	9459
8588	9522
8590	5432
8590	8145
8594	3092
8594	4567
8594	7618
8594	9933
8600	5895
8600	7937
8600	8188
8602	664
8602	4727
8602	8783
8616	2485
8616	5621
8616	7324
8616	8179
8616	8623
8616	8872
8616	9151
8618	3335
8618	7456
8618	8418
8618	8490
8618	9977
8623	5621
8623	8616
8623	9797
8624	5810
8624	6686
8624	7722
8624	8171
8626	6340
8626	7099
8626	9482
8636	1800
8636	4727
8636	5066
8636	8392
8636	9816
8636	9839
8651	1110
8651	3230
8651	3687
8651	3992
8651	6671
8651	7081
8651	7101
8651	9070
8651	9108
8659	1234
8659	1828
8659	5705
8659	6019
8659	8891
8667	7290
8667	8187
8667	8992
8668	4594
8668	9031
8668	9719
8672	2727
8672	6271
8672	8179
8672	8538
8672	9307
8672	9485
8672	9990
8684	1036
8684	1707
8684	3783
8684	3843
8684	8338
8684	8392
8684	9175
8687	4673
8687	4955
8687	4981
8687	6632
8687	9170
8687	9522
8687	9716
8687	9976
8690	5240
8690	5462
8690	7622
8690	7884
8690	9559
8691	968
8691	2295
8691	4813
8722	1362
8722	2146
8722	5808
8722	6624
8722	6641
8722	7434
8722	8130
8722	8472
8732	771
8732	871
8732	2499
8732	3064
8732	8205
8732	8317
8732	9422
8733	1057
8733	5544
8733	6423
8733	9137
8737	1261
8737	6973
8737	8359
8737	9010
8737	9066
8739	1689
8739	4957
8739	5187
8739	9565
8747	2511
8747	7266
8747	7622
8747	7727
8747	9294
8747	9357
8752	5757
8752	8470
8753	43
8758	5048
8758	6710
8758	7118
8758	9057
8758	9203
8758	9538
8765	3888
8765	3995
8765	6347
8765	6629
8765	7009
8765	7558
8765	7618
8765	8461
8770	6004
8770	8042
8770	9338
8770	9837
8772	3490
8772	4570
8772	6206
8772	6611
8772	6883
8772	7430
8772	9569
8772	9941
8775	468
8775	2137
8775	4807
8775	5124
8775	6250
8775	9522
8777	1240
8777	1482
8777	1895
8777	3229
8777	7217
8777	7953
8777	9196
8777	9743
8782	46
8782	3271
8782	7676
8782	8311
8782	9170
8782	9866
8783	2968
8783	3689
8783	4577
8783	8602
8783	9796
8783	9836
8784	2506
8784	3281
8784	4957
8784	8193
8784	8546
8784	8804
8784	8849
8784	9859
8789	4597
8789	5354
8789	9731
8796	8327
8796	9108
8796	9458
8796	9617
8797	3161
8797	4070
8797	4910
8804	85
8804	4349
8804	4441
8804	4633
8804	7289
8804	8784
8804	9499
8804	9859
8805	1108
8805	6424
8805	7902
8805	8310
8809	3961
8809	4001
8809	4370
8809	5362
8809	6886
8809	7522
8809	9195
8809	9831
8813	5257
8813	6526
8813	7763
8813	8370
8813	9087
8824	7050
8824	8066
8824	8418
8824	9003
8824	9389
8826	63
8826	6841
8826	7073
8826	7493
8826	8219
8826	8830
8830	160
8830	1100
8830	7745
8830	8367
8830	8826
8831	2579
8831	4381
8831	5893
8831	5948
8831	6507
8831	7755
8833	2240
8833	3663
8833	3998
8833	6771
8833	9048
8833	9198
8833	9426
8833	9937
8835	1759
8835	3582
8835	7981
8835	8117
8835	9043
8840	3148
8840	6613
8840	7916
8842	2087
8842	8239
8842	9529
8844	675
8844	3040
8844	5282
8844	7984
8844	9485
8849	3952
8849	7799
8849	8006
8849	8784
8849	9034
8849	9246
8849	9262
8849	9619
8853	7032
8853	7298
8853	9942
8859	229
8859	4810
8859	4921
8859	5237
8859	5363
8859	8253
8859	9579
8859	9640
8872	2550
8872	4478
8872	6219
8872	7638
8872	8616
8872	9579
8872	9590
8872	9763
8877	2209
8877	2602
8877	6036
8877	8188
8877	8334
8877	9196
8877	9744
8879	30
8879	3937
8879	5007
8879	5880
8879	8184
8879	8335
8879	8430
8879	9407
8879	9507
8883	2328
8883	5066
8883	8239
8883	9062
8888	3356
8888	4603
8888	7564
8888	8278
8888	9881
8891	2375
8891	4409
8891	5705
8891	6019
8891	8358
8891	8659
8893	945
8893	3922
8893	4485
8893	8170
8893	9707
8893	9784
8898	1562
8898	4345
8898	5239
8898	7225
8898	9367
8901	509
8901	700
8901	1033
8901	1835
8901	4356
8901	5077
8901	5430
8901	5584
8901	6582
8901	7493
8901	7659
8901	7916
8901	8062
8901	8912
8902	68
8902	1187
8902	4362
8902	8327
8909	733
8909	3120
8909	3438
8909	4750
8909	5387
8909	9048
8909	9167
8909	9840
8912	58
8912	700
8912	3211
8912	5077
8912	5563
8912	5626
8912	5665
8912	6582
8912	7659
8912	8901
8912	9306
8914	7440
8914	7768
8914	7916
8917	4054
8917	4108
8917	6490
8917	7138
8917	7799
8917	9721
8917	9731
8927	4606
8927	7965
8927	8950
8927	9419
8930	4249
8930	9997
8939	4240
8939	5011
8939	6010
8939	9573
8939	9590
8939	9601
8945	1159
8945	6271
8945	7031
8945	7220
8945	8456
8945	9003
8945	9097
8947	3424
8947	6491
8947	9307
8950	3148
8950	4996
8950	6310
8950	6629
8950	6868
8950	7352
8950	8927
8950	9663
8954	39
8954	1025
8954	1414
8954	2376
8954	3146
8954	3931
8954	5020
8954	6182
8954	9891
8959	5416
8959	5563
8959	7509
8959	7642
8959	9499
8959	9748
8959	9818
8960	1805
8960	6029
8960	8221
8960	9357
8965	124
8965	722
8965	4794
8965	5126
8965	5821
8965	6606
8965	6624
8965	7161
8965	8133
8965	8995
8965	9152
8965	9732
8968	3116
8968	6742
8968	9095
8968	9797
8977	4411
8977	5867
8977	6907
8977	9116
8982	868
8982	4797
8982	7984
8982	9609
8992	4489
8992	5201
8992	6074
8992	7003
8992	8249
8992	8667
8995	2633
8995	7470
8995	8059
8995	8965
8999	439
8999	2056
8999	3309
8999	7479
8999	7695
8999	7940
9003	1011
9003	3797
9003	7050
9003	8066
9003	8418
9003	8824
9003	8945
9003	9432
9003	9573
9005	1707
9005	2071
9005	2129
9005	3547
9005	8135
9005	9388
9005	9949
9010	4655
9010	7594
9010	8043
9010	8359
9010	8737
9010	9066
9010	9637
9010	9791
9031	2497
9031	3922
9031	4485
9031	6555
9031	6696
9031	8317
9031	8668
9031	9784
9034	662
9034	1283
9034	4384
9034	8006
9034	8849
9037	9937
9042	165
9042	1938
9042	1976
9042	5486
9042	5655
9042	5883
9042	5901
9043	1150
9043	1569
9043	1778
9043	5939
9043	6242
9043	7979
9043	8236
9043	8835
9043	9732
9046	1440
9046	1580
9046	6671
9046	7385
9048	733
9048	2259
9048	5700
9048	7832
9048	7884
9048	8099
9048	8354
9048	8833
9048	8909
9048	9151
9057	884
9057	3658
9057	6011
9057	6710
9057	7342
9057	8219
9057	8758
9057	9203
9061	2037
9061	2102
9061	2341
9061	2749
9061	7384
9061	9156
9061	9602
9061	9711
9062	39
9062	968
9062	7799
9062	8883
9062	9799
9065	480
9065	5810
9065	7670
9065	9396
9065	9679
9066	729
9066	3101
9066	3986
9066	6315
9066	7522
9066	7839
9066	8737
9066	9010
9066	9225
9068	1964
9068	4769
9068	5184
9068	5433
9068	7003
9068	9225
9068	9396
9068	9481
9068	9736
9070	484
9070	4972
9070	5240
9070	5948
9070	6002
9070	6718
9070	7670
9070	8253
9070	8651
9070	9873
9076	822
9076	3133
9076	3898
9076	4592
9076	8377
9076	8418
9076	9116
9076	9719
9078	626
9078	1718
9078	2301
9078	7198
9078	7981
9082	662
9082	3517
9082	4902
9082	6508
9082	9699
9084	1709
9084	1980
9084	3722
9084	5816
9084	7440
9084	8130
9084	9301
9085	1411
9085	3614
9085	3832
9085	4813
9085	5741
9085	6177
9085	7837
9085	9116
9087	4441
9087	5257
9087	5295
9087	6526
9087	7763
9087	8062
9087	8813
9095	814
9095	3337
9095	5048
9095	6463
9095	6912
9095	8101
9095	8968
9097	1100
9097	1319
9097	2569
9097	2969
9097	4399
9097	6661
9097	8945
9097	9747
9100	1310
9100	1853
9100	3326
9100	5157
9100	6312
9100	6884
9100	7009
9100	8352
9100	9139
9100	9483
9100	9491
9105	5384
9105	5438
9105	9540
9105	9663
9108	1524
9108	3687
9108	3992
9108	4737
9108	5375
9108	5796
9108	7081
9108	7352
9108	8651
9108	8796
9108	9645
9108	9904
9109	2111
9109	4048
9109	4414
9109	6003
9109	8101
9109	9167
9109	9253
9109	9312
9109	9744
9109	9886
9116	868
9116	3133
9116	6451
9116	6770
9116	8377
9116	8977
9116	9076
9116	9085
9118	5973
9118	6136
9118	7782
9118	8278
9118	9541
9118	9828
9119	1521
9119	2730
9119	6106
9119	6476
9119	6955
9119	6969
9119	8028
9119	8188
9119	8222
9119	9301
9119	9799
9132	2194
9132	3701
9132	6969
9137	6339
9137	7722
9137	7797
9137	8733
9137	9784
9139	2322
9139	2869
9139	7024
9139	8137
9139	9100
9139	9156
9139	9193
9141	2275
9141	4570
9141	9689
9141	9941
9142	1487
9142	2603
9142	6449
9142	6715
9142	7073
9142	7082
9142	7502
9142	8158
9148	2149
9148	3270
9148	7249
9148	7278
9148	7907
9148	9432
9151	7318
9151	8616
9151	9048
9151	9465
9152	1131
9152	2331
9152	6442
9152	6444
9152	6606
9152	8965
9152	9732
9155	2865
9155	3077
9155	4249
9155	5527
9155	7695
9155	8504
9155	9699
9155	9952
9156	1658
9156	3832
9156	7073
9156	7344
9156	9061
9156	9139
9162	944
9162	2928
9162	4489
9162	4843
9162	5966
9162	8222
9166	1728
9166	4737
9166	7198
9166	7560
9166	8134
9166	8207
9167	1607
9167	4047
9167	6971
9167	8367
9167	8909
9167	9109
9167	9524
9167	9677
9167	9936
9170	1691
9170	3037
9170	6100
9170	6752
9170	7796
9170	8311
9170	8687
9170	8782
9170	9866
9173	2046
9173	3184
9173	4856
9173	6943
9175	3843
9175	4158
9175	6073
9175	6884
9175	8100
9175	8684
9175	9463
9180	2915
9180	4094
9180	9707
9181	50
9181	1098
9181	1546
9181	5489
9181	6191
9181	6296
9181	6581
9181	8442
9181	9262
9181	9468
9182	6444
9182	8551
9182	9763
9193	187
9193	1049
9193	2707
9193	5259
9193	7032
9193	9139
9193	9727
9193	9926
9193	9990
9195	4908
9195	6301
9195	7740
9195	8320
9195	8809
9195	9459
9196	43
9196	781
9196	1036
9196	1240
9196	1482
9196	3253
9196	7217
9196	7953
9196	7954
9196	8777
9196	8877
9197	1677
9197	4409
9197	8043
9197	9933
9198	1407
9198	4362
9198	5146
9198	6771
9198	7597
9198	8335
9198	8833
9198	9747
9203	3658
9203	5043
9203	5487
9203	6710
9203	7341
9203	7984
9203	8758
9203	9057
9203	9744
9225	1186
9225	2501
9225	3974
9225	4718
9225	5757
9225	6033
9225	9066
9225	9068
9225	9697
9246	2222
9246	3952
9246	8352
9246	8849
9246	9499
9251	848
9251	1602
9251	6491
9251	6752
9251	7665
9251	9307
9251	9926
9253	1531
9253	3089
9253	5816
9253	6060
9253	7734
9253	9109
9253	9941
9257	525
9257	1638
9257	5902
9257	6178
9257	7530
9257	9818
9257	9837
9259	3253
9259	3743
9259	4982
9259	6996
9259	7596
9259	8178
9262	3581
9262	6164
9262	7375
9262	8849
9262	9181
9262	9520
9285	1773
9285	3270
9285	5240
9285	5907
9285	7249
9285	7907
9285	7934
9285	9294
9285	9926
9293	1570
9293	4876
9293	6442
9293	6665
9293	9522
9293	9736
9293	9874
9294	1620
9294	6715
9294	7502
9294	8747
9294	9285
9294	9308
9294	9415
9294	9473
9294	9516
9296	1742
9296	6680
9296	7316
9296	7535
9296	7863
9297	4054
9297	6094
9297	7365
9297	7437
9297	7954
9301	3701
9301	4674
9301	7264
9301	8583
9301	9084
9301	9119
9301	9482
9301	9620
9305	6253
9305	7060
9305	8472
9306	2429
9306	5185
9306	5604
9306	6182
9306	8038
9306	8912
9306	9432
9306	9465
9306	9698
9307	3301
9307	3806
9307	5236
9307	7568
9307	8672
9307	8947
9307	9251
9307	9463
9308	1407
9308	1843
9308	2394
9308	3806
9308	3879
9308	4564
9308	6449
9308	6715
9308	7502
9308	7624
9308	9294
9312	1830
9312	5043
9312	6164
9312	6385
9312	7341
9312	9109
9312	9731
9312	9818
9331	5064
9331	5932
9331	6123
9331	7225
9331	7796
9331	7960
9334	733
9334	880
9334	2762
9334	3630
9334	3862
9334	4547
9334	6423
9334	6890
9334	7138
9338	371
9338	2968
9338	5638
9338	7166
9338	8770
9338	9415
9338	9721
9350	1783
9350	6699
9350	7430
9350	7479
9350	8062
9350	9569
9350	9664
9351	760
9351	1573
9351	1838
9351	4035
9351	4661
9351	6603
9351	6942
9351	8548
9351	9904
9355	1793
9355	6073
9355	9941
9355	9974
9357	3202
9357	5546
9357	8221
9357	8367
9357	8747
9357	8960
9357	9619
9362	1114
9362	1511
9362	2785
9362	4682
9362	5491
9362	6973
9362	8370
9362	9892
9367	5416
9367	5929
9367	6613
9367	6942
9367	7294
9367	7420
9367	7837
9367	8898
9368	659
9368	1731
9368	2791
9368	3036
9368	3863
9371	1571
9371	5352
9371	7661
9371	7711
9371	9620
9385	483
9385	2507
9385	3497
9385	4876
9385	5515
9385	5944
9385	6074
9385	9708
9385	9939
9388	3340
9388	4349
9388	6582
9388	7530
9388	8100
9388	9005
9389	2321
9389	5705
9389	6195
9389	6548
9389	7050
9389	8824
9396	3342
9396	4884
9396	7665
9396	9065
9396	9068
9396	9540
9396	9679
9396	9828
9397	1186
9397	2749
9397	6851
9397	6886
9400	1458
9400	7558
9400	7653
9400	9419
9400	9892
9403	19
9403	2309
9403	9711
9403	9874
9407	5174
9407	5187
9407	7401
9407	8538
9407	8879
9407	9565
9415	234
9415	5384
9415	7166
9415	7862
9415	7997
9415	9294
9415	9338
9419	586
9419	1497
9419	7146
9419	7873
9419	8927
9419	9400
9419	9679
9419	9828
9419	9836
9419	9892
9422	911
9422	1835
9422	5432
9422	5446
9422	5662
9422	7622
9422	7755
9422	8556
9422	8732
9422	9432
9422	9976
9424	2485
9424	2819
9424	5867
9424	6816
9424	9520
9424	9601
9424	9791
9424	9859
9424	9887
9426	4037
9426	5231
9426	6852
9426	8335
9426	8833
9426	9664
9432	2911
9432	5185
9432	5604
9432	7658
9432	8207
9432	8428
9432	9003
9432	9148
9432	9306
9432	9422
9432	9698
9439	1534
9439	3740
9439	6978
9439	9939
9445	633
9445	1621
9445	2532
9445	4025
9445	4711
9445	5246
9445	5527
9445	6424
9445	8133
9445	9637
9446	145
9446	2592
9446	3552
9446	3838
9446	4426
9446	5771
9446	9679
9446	9748
9446	9937
9458	2164
9458	5769
9458	6945
9458	8796
9458	9497
9458	9936
9459	823
9459	1033
9459	2817
9459	4344
9459	5438
9459	5819
9459	6378
9459	7609
9459	8588
9459	9195
9459	9522
9463	38
9463	1940
9463	2431
9463	5236
9463	6256
9463	8352
9463	8442
9463	9175
9463	9307
9463	9619
9465	3092
9465	7385
9465	7800
9465	9151
9465	9306
9465	9590
9465	9698
9468	50
9468	1326
9468	6100
9468	6296
9468	6581
9468	8071
9468	8442
9468	9181
9473	322
9473	1009
9473	2429
9473	2845
9473	4405
9473	4696
9473	5337
9473	5679
9473	5722
9473	7719
9473	9294
9473	9873
9481	5462
9481	6805
9481	7200
9481	7341
9481	7979
9481	8045
9481	9068
9482	269
9482	2985
9482	3019
9482	4511
9482	8626
9482	9301
9482	9541
9482	9679
9483	619
9483	1114
9483	2217
9483	3063
9483	3730
9483	9100
9483	9601
9483	9859
9485	526
9485	1649
9485	1987
9485	3040
9485	3845
9485	7018
9485	8549
9485	8569
9485	8672
9485	8844
9491	166
9491	1310
9491	3326
9491	5157
9491	7009
9491	7118
9491	9100
9497	325
9497	2944
9497	4417
9497	4807
9497	5362
9497	5672
9497	7719
9497	8042
9497	8144
9497	9458
9497	9538
9499	3604
9499	8043
9499	8804
9499	8959
9499	9246
9507	1793
9507	2261
9507	4043
9507	6451
9507	6572
9507	8335
9507	8430
9507	8879
9507	9601
9510	276
9510	5224
9510	7218
9510	7750
9510	8392
9510	8570
9510	9837
9516	2982
9516	3196
9516	3950
9516	4593
9516	5098
9516	5771
9516	8137
9516	9294
9516	9676
9516	9699
9516	9816
9520	4057
9520	5576
9520	8311
9520	8399
9520	9262
9520	9424
9520	9721
9522	5081
9522	7152
9522	8301
9522	8588
9522	8687
9522	8775
9522	9293
9522	9459
9522	9937
9524	1607
9524	2137
9524	2719
9524	4047
9524	4157
9524	4784
9524	4794
9524	6177
9524	6816
9524	8055
9524	9167
9529	5352
9529	6385
9529	6671
9529	8842
9538	3585
9538	7727
9538	8334
9538	8758
9538	9497
9540	3307
9540	6944
9540	8157
9540	9105
9540	9396
9540	9881
9541	3712
9541	5523
9541	5763
9541	7404
9541	7407
9541	9118
9541	9482
9541	9637
9541	9719
9555	1226
9555	5099
9555	5362
9555	6378
9555	7789
9555	7965
9555	8175
9559	1199
9559	2275
9559	2511
9559	4611
9559	7622
9559	8261
9559	8690
9565	1299
9565	3552
9565	4857
9565	6624
9565	7401
9565	8236
9565	8739
9565	9407
9569	2793
9569	3395
9569	6206
9569	6611
9569	6883
9569	7430
9569	7873
9569	8772
9569	9350
9573	4442
9573	4658
9573	6187
9573	6826
9573	7225
9573	8045
9573	8534
9573	8939
9573	9003
9579	1543
9579	2921
9579	7638
9579	8032
9579	8859
9579	8872
9579	9743
9579	9763
9587	6056
9587	6074
9587	7060
9587	7352
9590	1585
9590	4893
9590	5424
9590	5904
9590	7873
9590	7999
9590	8184
9590	8872
9590	8939
9590	9465
9601	610
9601	7170
9601	7495
9601	8939
9601	9424
9601	9483
9601	9507
9602	667
9602	1483
9602	2341
9602	3288
9602	3790
9602	4405
9602	7071
9602	9061
9602	9711
9609	8982
9609	9748
9609	9891
9609	9936
9617	1918
9617	5337
9617	5768
9617	5901
9617	6805
9617	8236
9617	8796
9619	3640
9619	4155
9619	5223
9619	5660
9619	8188
9619	8849
9619	9357
9619	9463
9619	9874
9620	19
9620	4092
9620	5356
9620	7163
9620	7674
9620	8583
9620	9301
9620	9371
9637	4411
9637	4711
9637	6392
9637	6945
9637	7572
9637	9010
9637	9445
9637	9541
9637	9952
9640	2313
9640	2389
9640	3336
9640	3349
9640	6816
9640	7307
9640	8238
9640	8859
9640	9886
9645	803
9645	956
9645	3233
9645	3979
9645	4257
9645	9108
9645	9886
9647	1222
9647	1330
9647	1614
9647	3483
9647	4435
9647	5375
9656	2982
9656	4414
9656	5189
9656	5803
9656	7393
9656	7440
9656	8483
9658	2866
9658	3806
9658	4188
9658	4606
9658	8170
9658	9791
9663	1644
9663	7839
9663	8950
9663	9105
9664	3699
9664	4037
9664	5231
9664	6788
9664	6852
9664	8134
9664	9350
9664	9426
9664	9977
9676	1511
9676	3950
9676	5098
9676	9516
9676	9816
9677	1098
9677	3745
9677	4402
9677	4837
9677	7480
9677	9167
9679	4594
9679	9065
9679	9396
9679	9419
9679	9446
9679	9482
9679	9828
9679	9942
9689	1828
9689	2857
9689	3253
9689	4706
9689	7163
9689	7947
9689	9141
9697	18
9697	2569
9697	3077
9697	3103
9697	4623
9697	6200
9697	6598
9697	6868
9697	7659
9697	7750
9697	8203
9697	8221
9697	9225
9698	814
9698	4638
9698	7658
9698	8483
9698	9306
9698	9432
9698	9465
9699	2272
9699	3077
9699	3905
9699	5499
9699	5527
9699	6055
9699	7695
9699	8504
9699	9082
9699	9155
9699	9516
9699	9952
9707	1016
9707	2579
9707	4094
9707	4489
9707	4633
9707	4910
9707	6340
9707	7767
9707	7960
9707	8893
9707	9180
9708	1621
9708	2427
9708	3745
9708	4654
9708	4933
9708	5790
9708	6555
9708	6996
9708	9385
9711	1483
9711	2240
9711	2550
9711	2592
9711	3288
9711	3790
9711	7071
9711	8456
9711	9061
9711	9403
9711	9602
9713	4318
9713	4972
9713	5952
9713	6056
9713	6288
9713	7509
9713	8181
9716	2182
9716	2267
9716	4135
9716	5563
9716	5902
9716	7624
9716	8367
9716	8687
9716	9820
9716	9904
9716	9952
9716	9976
9719	1607
9719	4784
9719	6442
9719	7277
9719	7301
9719	8668
9719	9076
9719	9541
9721	262
9721	3035
9721	5999
9721	7307
9721	7596
9721	7884
9721	8917
9721	9338
9721	9520
9727	4381
9727	4448
9727	5259
9727	5487
9727	6827
9727	7032
9727	9193
9727	9926
9731	484
9731	1463
9731	3383
9731	4375
9731	5484
9731	6353
9731	6512
9731	6718
9731	6992
9731	8253
9731	8789
9731	8917
9731	9312
9732	722
9732	1898
9732	2269
9732	2331
9732	3187
9732	5901
9732	6444
9732	6606
9732	6661
9732	6665
9732	8965
9732	9043
9732	9152
9736	1964
9736	4769
9736	5118
9736	5185
9736	7003
9736	9068
9736	9293
9743	2156
9743	5416
9743	5790
9743	6641
9743	7904
9743	8777
9743	9579
9744	2209
9744	2497
9744	4043
9744	4638
9744	6036
9744	7466
9744	8334
9744	8877
9744	9109
9744	9203
9747	520
9747	2194
9747	2569
9747	2762
9747	2969
9747	2989
9747	3610
9747	5721
9747	5772
9747	9097
9747	9198
9748	2411
9748	5350
9748	5416
9748	5563
9748	7509
9748	7642
9748	8959
9748	9446
9748	9609
9748	9763
9753	843
9753	941
9753	1709
9753	2612
9753	4278
9753	5423
9753	5605
9753	6026
9753	6184
9753	7594
9753	7642
9753	8015
9757	1119
9757	5884
9757	7572
9757	9818
9763	1543
9763	6624
9763	8872
9763	9182
9763	9579
9763	9748
9768	3532
9768	6271
9768	6922
9768	9939
9770	533
9770	5008
9770	5523
9770	6256
9770	6851
9770	7111
9770	7404
9770	7407
9778	2008
9778	4531
9778	5076
9778	6859
9778	6942
9778	7009
9778	7522
9778	8138
9778	8269
9784	945
9784	3146
9784	3361
9784	3922
9784	6696
9784	8317
9784	8893
9784	9031
9784	9137
9791	1421
9791	4185
9791	4223
9791	6352
9791	7752
9791	9010
9791	9424
9791	9658
9796	383
9796	981
9796	3048
9796	4834
9796	7830
9796	8783
9796	9869
9797	1315
9797	1773
9797	4519
9797	4761
9797	7424
9797	7503
9797	8256
9797	8623
9797	8968
9799	3799
9799	4502
9799	7018
9799	7873
9799	9062
9799	9119
9816	1511
9816	5098
9816	5982
9816	6632
9816	6859
9816	8636
9816	9516
9816	9676
9816	9941
9818	525
9818	1638
9818	1980
9818	6164
9818	7159
9818	7530
9818	8959
9818	9257
9818	9312
9818	9757
9818	9949
9820	5717
9820	5902
9820	7624
9820	7661
9820	7947
9820	8367
9820	8548
9820	9716
9828	667
9828	5097
9828	6415
9828	9118
9828	9396
9828	9419
9828	9679
9831	3961
9831	4001
9831	4370
9831	5362
9831	8101
9831	8377
9831	8809
9836	260
9836	480
9836	1053
9836	1082
9836	1717
9836	4167
9836	7263
9836	8543
9836	8783
9836	9419
9837	1511
9837	6004
9837	8042
9837	8770
9837	9257
9837	9510
9839	3905
9839	4491
9839	4547
9839	6094
9839	7187
9839	7750
9839	8278
9839	8419
9839	8636
9839	9904
9840	4310
9840	4658
9840	5295
9840	5561
9840	7124
9840	7318
9840	7904
9840	8066
9840	8909
9859	3281
9859	4957
9859	5544
9859	8546
9859	8573
9859	8784
9859	8804
9859	9424
9859	9483
9863	1924
9863	2209
9863	5462
9863	7166
9863	7468
9863	7574
9863	8256
9863	8278
9863	9936
9866	1644
9866	1691
9866	2207
9866	3008
9866	6752
9866	7676
9866	8311
9866	8782
9866	9170
9869	305
9869	1220
9869	2467
9869	3630
9869	4973
9869	5416
9869	5638
9869	6113
9869	8138
9869	8483
9869	9796
9869	9904
9873	189
9873	322
9873	2429
9873	2431
9873	3046
9873	3412
9873	4405
9873	4696
9873	7654
9873	9070
9873	9473
9874	1057
9874	3640
9874	4155
9874	5867
9874	6378
9874	6597
9874	8249
9874	9293
9874	9403
9874	9619
9880	2328
9880	2727
9880	3297
9880	7597
9880	7830
9880	8158
9880	8239
9881	808
9881	2330
9881	7564
9881	7937
9881	8157
9881	8888
9881	9540
9886	1742
9886	3677
9886	4181
9886	6003
9886	9109
9886	9640
9886	9645
9887	9424
9887	9926
9891	202
9891	3336
9891	3395
9891	8954
9891	9609
9892	1458
9892	1976
9892	2785
9892	4158
9892	5087
9892	7437
9892	7653
9892	9362
9892	9400
9892	9419
9899	2313
9899	3011
9899	4577
9899	5124
9899	5213
9899	6829
9899	7588
9899	7661
9904	3643
9904	5778
9904	7750
9904	8419
9904	9108
9904	9351
9904	9716
9904	9839
9904	9869
9926	4893
9926	5259
9926	5487
9926	7032
9926	8504
9926	9193
9926	9251
9926	9285
9926	9727
9926	9887
9933	1677
9933	3845
9933	4914
9933	6376
9933	6498
9933	6641
9933	8594
9933	9197
9936	1285
9936	1924
9936	3535
9936	5462
9936	9167
9936	9458
9936	9609
9936	9863
9937	871
9937	921
9937	2207
9937	5146
9937	6476
9937	6771
9937	7597
9937	8339
9937	8833
9937	9037
9937	9446
9937	9522
9939	1525
9939	2021
9939	5929
9939	6922
9939	7013
9939	7902
9939	9385
9939	9439
9939	9768
9941	472
9941	4402
9941	5665
9941	5672
9941	6778
9941	8145
9941	8251
9941	8772
9941	9141
9941	9253
9941	9355
9941	9816
9941	9977
9942	1316
9942	3783
9942	4232
9942	4763
9942	4978
9942	6680
9942	7979
9942	8209
9942	8261
9942	8853
9942	9679
9949	406
9949	1001
9949	2129
9949	3188
9949	5484
9949	5647
9949	6665
9949	6822
9949	6842
9949	9005
9949	9818
9952	1582
9952	2272
9952	2865
9952	3077
9952	4249
9952	5527
9952	6055
9952	7695
9952	8193
9952	8504
9952	9155
9952	9637
9952	9699
9952	9716
9974	1276
9974	1898
9974	3581
9974	7301
9974	8555
9974	9355
9976	1039
9976	4673
9976	6589
9976	6632
9976	6771
9976	6981
9976	7359
9976	8251
9976	8687
9976	9422
9976	9716
9977	956
9977	1647
9977	2723
9977	4158
9977	5753
9977	5907
9977	6120
9977	6892
9977	8029
9977	8370
9977	8618
9977	9664
9977	9941
9990	714
9990	1963
9990	2111
9990	3107
9990	5174
9990	5187
9990	6271
9990	7062
9990	8179
9990	8672
9990	9193
9997	1604
9997	2269
9997	2698
9997	3228
9997	8238
9997	8930
9999	880
9999	968
9999	1780
9999	1940
9999	2367
9999	6344
9999	7040
9999	7493
9999	8171
