0.00029397460514	0.00126473152064	0.00126558790917
0.00029397460514	0.00757298677702	0.0075781146788
0.00029397460514	0.00849655516342	0.00850230844171
0.00029397460514	0.0226268519397	0.0226421732757
0.00029397460514	0.0249772388779	0.024994151733
0.00029397460514	0.0326114734712	0.0326335557009
0.00029397460514	0.0396846959546	0.0397115676802
0.00029397460514	0.0833334236286	0.0833898512475
0.000293974605141	0.099976606932	0.100044304161
0.000293974605141	0.100044304161	0.10011204723
0.000293974605141	0.125	0.125084641337
0.000293974605141	0.125084641337	0.125169339987
0.000293974605141	0.162654519262	0.16276465763
0.000293974605141	0.200088608322	0.20022409446
0.000293974605141	0.205302103242	0.205441119598
0.000293974605141	0.225404142912	0.225556770976
0.000293974605141	0.234112429552	0.234270954264
0.000293974605141	0.25	0.250169282673
0.000293974605141	0.399906427728	0.400177216645
0.000293974605141	0.58780047808	0.588198495825
0.000293974605141	0.600265174554	0.600671632528
0.000293974605141	0.666216273542	0.666667389029
0.000293974605141	0.428783207787	0.429073550057
0.000293974605141	0.459434049797	0.459745146694
0.000293974605141	0.556816333868	0.557193371298
0.000293974605141	0.0010541906834	0.00105490450827
0.000293974605141	0.00116290835697	0.00116369579791
0.000293974605141	0.00124519373407	0.00124603689297
0.000293974605141	0.00126558790917	0.00126644487759
0.000293974605141	0.00138387532258	0.00138481238703
0.000293974605141	0.00139327457194	0.00139421800091
0.000293974605141	0.00147479133706	0.00147578996354
0.000293974605141	0.00167720347237	0.00167833915832
0.000293974605141	0.00187158535795	0.00187285266584
0.000293974605141	0.00282070877514	0.00282261876363
0.000293974605141	0.00363332922323	0.00363578946197
0.000293974605141	0.00380963154606	0.00381221116451
0.000293974605141	0.00546106649012	0.00546476434585
0.000293974605141	0.00611464465037	0.00611878506394
0.000293974605141	0.00611878506394	0.00612292828112
0.000293974605141	0.00909775666092	0.00910391703119
0.000293974605141	0.0103044696361	0.0103114471088
0.000293974605141	0.011766428672	0.011774396082
0.000293974605141	0.0129185319004	0.0129272794348
0.000293974605141	0.0401711810337	0.0401983821733
0.000293974605141	0.0527699115283	0.0528056436551
0.000293974605141	0.0714155877122	0.0714639453986
0.000293974605141	0.0775635925654	0.0776161132546
0.000293974605141	0.152420917772	0.152524126653
0.000293974605141	0.176657075369	0.176776695297
0.000293974605141	0.300335816264	0.300539182863
0.000587949210281	0.00138481238703	0.00138668841992
0.000587949210281	0.00358447255777	0.00358932851404
0.000587949210281	0.00362841373897	0.00363332922323
0.000587949210281	0.00545367828366	0.00546106649012
0.000587949210281	0.0182078340624	0.0182325005774
0.000587949210281	0.0833898512475	0.0835028211378
0.000587949210281	0.199817911023	0.200088608322
0.000587949210281	0.458812487394	0.459434049797
0.000587949210281	0.285082843593	0.285469050992
0.000587949210281	0.666667389029	0.667570536602
0.000587949210281	0.00380447754466	0.00380963154606
0.000587949210281	0.00544630007261	0.00545367828366
0.000587949210281	0.00978776590783	0.00980102558901
0.000881923815422	0.0714639453986	0.0716092150133
0.000881923815422	0.142927890797	0.143218430027
0.000881923815422	0.248986706777	0.249492838964
0.000881923815422	0.332657479067	0.333333694514
0.000881923815422	0.0103114471088	0.0103324078875
0.000881923815422	0.0200584169803	0.0200991910867
0.000881923815422	0.0202220113857	0.0202631180414
0.000881923815422	0.137518280167	0.137797822913
0.000881923815422	0.166666847257	0.167005642276
0.000881923815422	0.249492838964	0.25
0.000881923815422	0.00159526057441	0.00159850336891
0.00117589842056	0.00202309705782	0.00202858223039
0.00117589842056	0.00207862287673	0.00208425859507
0.00117589842056	0.00609811099418	0.00611464465037
0.00117589842056	0.16621618945	0.166666847257
0.00117589842056	0.271338197649	0.272073870135
0.00117589842056	0.0461820671954	0.0463072794819
0.0014698730257	0.400177216645	0.401533914104
0.0014698730257	0.750507034813	0.753051435007
0.00176384763084	0.119862570614	0.120350371477
0.00176384763084	0.222222703797	0.223127076415
0.00176384763084	0.497973413554	0.5
0.00176384763084	0.00207019785883	0.00207862287673
0.00176384763084	0.0138513641293	0.0139077345822
0.00176384763084	0.111111351899	0.111563538207
0.00176384763084	0.125169339987	0.125678737639
0.00205782223598	0.0156355801671	0.0157098422049
0.00205782223598	0.554184205862	0.556816333868
0.00205782223598	0.00138668841992	0.00139327457194
0.00205782223598	0.00164348791411	0.00165129374929
0.00205782223598	0.0663809948992	0.0666962750423
0.00235179684112	0.0182325005774	0.0183315012526
0.00264577144627	0.0200991910867	0.0202220113857
0.00264577144627	0.0324134046023	0.0326114734712
0.00293974605141	0.00116369579791	0.00117159959301
0.00293974605141	0.285469050992	0.287407950221
0.00293974605141	0.024994151733	0.0251639114367
0.00382166986683	0.212657193489	0.214536775029
0.00382166986683	0.0075781146788	0.00764509423506
0.00411564447197	0.00105490450827	0.00106494895768
0.00411564447197	0.582256426299	0.58780047808
0.00440961907711	0.223127076415	0.225404142912
0.00470359368225	0.333333694514	0.336963460465
0.00470359368225	0.00358932851404	0.00362841373897
0.00499756828739	0.0397115676802	0.0401711810337
0.00499756828739	0.0716092150133	0.0724380050453
0.00529154289253	0.202815833052	0.205302103242
0.00558551749767	0.753051435007	0.762799075372
0.00558551749767	0.20022409446	0.202815833052
0.00587949210281	0.0276652495947	0.0280423292969
0.00587949210281	0.0129272794348	0.0131034793517
0.00646744131309	0.00124603689297	0.00126473152064
0.00676141591823	0.00165129374929	0.00167720347237
0.00676141591823	0.545623074461	0.554184205862
0.00676141591823	0.23049582112	0.234112429552
0.00705539052337	0.0083596383736	0.00849655516342
0.00734936512852	0.218493772001	0.222222703797
0.0079373143388	0.214536775029	0.218493772001
0.00823128894394	0.00426268026923	0.00434424237678
0.00852526354908	0.250169282673	0.255128659294
0.00881923815422	0.00139421800091	0.00142281987735
0.00881923815422	0.588198495825	0.600265174554
0.00881923815422	0.017841815687	0.0182078340624
0.00881923815422	0.00202858223039	0.00207019785883
0.00911321275936	0.00117159959301	0.00119644413441
0.00911321275936	0.16276465763	0.16621618945
0.0094071873645	0.00224841646475	0.00229765037432
0.0094071873645	0.00319700673783	0.00326701206961
0.0094071873645	0.225556770976	0.23049582112
0.0108770603902	0.00381221116451	0.00390889504177
0.0114650096005	0.143218430027	0.147049623956
0.0120529588108	0.00159850336891	0.00164348791411
0.0138168064416	0.0348245857061	0.0359503203707
0.0138168064416	0.133212085023	0.137518280167
0.0138168064416	0.00256047111626	0.00264324054581
0.0144047556519	0.600671632528	0.620928906037
0.0144047556519	0.00187285266584	0.00193601344561
0.0149927048622	0.205441119598	0.212657193489
0.0155806540725	0.00142281987735	0.00147479133706
0.0155806540725	0.0909372776112	0.0942589510957
0.0155806540725	0.147049623956	0.152420917772
0.0155806540725	0.192776353176	0.199817911023
0.0158746286776	0.137797822913	0.142927890797
0.0164625778879	0.120350371477	0.125
0.0173445017033	0.00119644413441	0.00124519373407
0.0173445017033	0.00390889504177	0.00406816454956
0.018814374729	0.00479225992432	0.00500443139754
0.0191083493341	0.287407950221	0.300335816264
0.0191083493341	0.00193601344561	0.00202309705782
0.0191083493341	0.0149625512609	0.0156355801671
0.0191083493341	0.557193371298	0.582256426299
0.0196962985444	0.00363578946197	0.00380447754466
0.0196962985444	0.00434424237678	0.0045458002296
0.0202842477547	0.00305112010615	0.00319700673783
0.0202842477547	0.00406816454956	0.00426268026923
0.0202842477547	0.272073870135	0.285082843593
0.0205782223598	0.317262739298	0.332657479067
0.0217541207804	0.00980102558901	0.0103044696361
0.0226360445958	0.10011204723	0.105468407161
0.0226360445958	0.105468407161	0.111111351899
0.022930019201	0.0045458002296	0.00479225992432
0.0235179684112	0.300539182863	0.317262739298
0.0238119430164	0.0528056436551	0.0557817691037
0.0241059176215	0.0131034793517	0.0138513641293
0.0243998922267	0.167005642276	0.176657075369
0.024987841437	0.0103324078875	0.0109443351416
0.0252818160421	0.125678737639	0.133212085023
0.0252818160421	0.00714472277893	0.00757298677702
0.0252818160421	0.0157098422049	0.0166515106279
0.0255757906472	0.0942589510957	0.099976606932
0.0258697652524	0.00612292828112	0.0064987366419
0.0264577144627	0.234270954264	0.248986706777
0.0267516890678	0.255128659294	0.271338197649
0.0276336128832	0.375253517407	0.399906427728
0.0279275874884	0.152524126653	0.162654519262
0.0282215620935	0.00264324054581	0.00282070877514
0.0282215620935	0.0326335557009	0.0348245857061
0.0285155366986	0.401533914104	0.428783207787
0.0291034859089	0.429073550057	0.458812487394
0.0293974605141	0.00850230844171	0.00909775666092
0.0296914351192	0.0666962750423	0.0714155877122
0.0296914351192	0.0724380050453	0.0775635925654
0.0299854097243	0.0166515106279	0.017841815687
0.0305733589346	0.620928906037	0.666216273542
0.0308673335398	0.0776161132546	0.0833334236286
0.0311613081449	0.111563538207	0.119862570614
0.03145528275	0.00910391703119	0.00978776590783
0.03145528275	0.0109443351416	0.011766428672
0.0317492573552	0.0139077345822	0.0149625512609
0.0329251557757	0.00208425859507	0.00224841646475
0.0332191303809	0.0009765625	0.0010541906834
0.0338070795912	0.00147578996354	0.00159526057441
0.0338070795912	0.00282261876363	0.00305112010615
0.0346890034066	0.459745146694	0.497973413554
0.0367468256426	0.00500443139754	0.00544630007261
0.0370408002477	0.0835028211378	0.0909372776112
0.037628749458	0.176776695297	0.192776353176
0.0379227240631	0.5	0.545623074461
0.0382166986683	0.00106494895768	0.00116290835697
0.0385106732734	0.00126644487759	0.00138387532258
0.0388046478786	0.00764509423506	0.0083596383736
0.0390986224837	0.0183315012526	0.0200584169803
0.0402745209043	0.00326701206961	0.00358447255777
0.0402745209043	0.011774396082	0.0129185319004
0.0411564447197	0.0251639114367	0.0276652495947
0.0411564447197	0.0064987366419	0.00714472277893
0.0426263177454	0.0226421732757	0.0249772388779
0.0429202923505	0.0359503203707	0.0396846959546
0.0467419622174	0.336963460465	0.375253517407
0.0470359368225	0.00229765037432	0.00256047111626
0.0473299114276	0.00167833915832	0.00187158535795
0.0476238860328	0.00546476434585	0.00609811099418
0.0479178606379	0.0202631180414	0.0226268519397
0.0508576066893	0.667570536602	0.750507034813
0.0567370987921	0.0463072794819	0.0527699115283
0.0602647940538	0.0401983821733	0.0461820671954
0.0629105655001	0.0280423292969	0.0324134046023
0.0755514735211	0.0557817691037	0.0663809948992
0.117589842056	0.762799075372	1
