0 0.0
0.0009765625 351.142427445
0.00124014674858 409.123383972
0.00124182680005 729.993022162
0.00124772492393 793.147043279
0.00138950723564 1066.46417758
0.00139421800091 857.405158078
0.00140654086841 1530.60129233
0.0014628603967 1321.29903094
0.00146385094438 1576.35372069
0.00146583405237 1398.95450322
0.00152762675963 1608.36527888
0.00153073207028 1494.31181409
0.00182900335588 3130.26000437
0.00183024183019 3513.94699498
0.00193732437974 3352.66841509
0.00230232096426 4328.69532844
0.00230387993645 4236.98353085
0.00252946304128 4869.33527855
0.00294758677264 5704.78423299
0.00324936832095 5440.139969
0.00390360674806 5907.33047655
0.00390625 6276.01093944
0.00464534029298 6618.03785477
0.0048542918442 6988.4178454
0.0048575788342 7188.27345813
0.00487734756715 6830.01624744
0.00506577951036 6927.83533227
0.00593119723272 7278.30955349
0.00730117183571 8031.66801621
0.00732096732074 7663.73699211
0.0075883809015 7900.8665928
0.00759351922712 8008.84713335
0.00833703438029 8265.90138043
0.00920928385704 8360.02914259
0.00923425275859 8389.58493424
0.00981430323333 8673.73995438
0.0100495955433 8521.39034852
0.0114831643519 9058.89959558
0.011490939955 8900.83341336
0.0136558607501 9310.53104608
0.0136743606163 9367.98608646
0.0136836199456 9431.29295364
0.0152179101786 9649.83443836
0.0152385261843 9562.15406548
0.0159671429477 9542.64886411
0.0177574755916 9871.20702988
0.017781531997 9875.07577953
0.0199365902874 9871.00819768
0.0230910335977 10231.4960819
0.0260125485438 10323.8496307
0.0260301624388 10187.9448657
0.0293036982897 10541.1455383
0.0296027497123 10545.3094017
0.03125 10559.8230244
0.0341014421538 10634.2371378
0.034170762471 10555.5916521
0.0396846959546 10740.3842672
0.0400896880025 10787.8940174
0.0447056679207 10844.406907
0.0447359395006 10851.2080115
0.0476426818886 10939.9191792
0.0476749422108 10906.5879721
0.0503278228734 11015.2732471
0.0576629742287 10964.9398525
0.0666962750423 11008.6511446
0.0714639453986 11068.6526661
0.0826592631002 11065.8984262
0.0828272901975 11115.9676749
0.0870229094952 11242.7463426
0.0870818353783 11220.4813995
0.0956731435692 11206.2639432
0.0958027538799 11297.7051601
0.109840085788 11206.8690708
0.109914461882 11201.995825
0.111111351899 11268.7310951
0.112169317188 11290.7400101
0.125 11232.8991328
0.142831175424 11181.4407414
0.142927890797 11126.8292864
0.143121518054 11221.3467079
0.145367174771 11233.726435
0.153560067013 11178.8779647
0.166666847257 11174.407335
0.166779702495 11126.4497627
0.16689263415 11110.5566648
0.167458440507 11181.7635777
0.199817911023 11037.8141263
0.200088608322 11044.2373623
0.217166729409 11021.1120519
0.249492838964 10904.0586354
0.25 10687.0228973
0.283735227708 10485.5322629
0.283927353539 10465.3665195
0.324649102248 10317.8557406
0.333333694514 9938.6693466
0.413672941914 9761.84843264
0.419027602803 9721.14829426
0.462241517378 9835.87710201
0.5 8039.45464661
0.500338565347 8047.01865621
0.502374777175 7871.75021471
0.508189157455 8174.43375432
0.599047450122 7818.6114293
0.600671632528 7660.61702634
0.653708222967 7753.0526697
0.666216273542 7839.82264102
0.666667389029 7372.6186277
0.739413415848 7260.97080067
0.761251627494 6996.15944748
0.930132281148 6964.35872272
0.930762102264 6985.5592059
1 0.0
