0.00029397460514	0.00160609554754	0.00160718308413
0.00029397460514	0.00167040547672	0.00167153655954
0.00029397460514	0.00417133982108	0.0041741643633
0.00029397460514	0.00740569866068	0.00741071328655
0.00029397460514	0.0107025735667	0.0107098206077
0.00029397460514	0.0127275766343	0.0127361948671
0.00029397460514	0.0483574778985	0.048390222231
0.00029397460514	0.0923641343907	0.092426676981
0.000293974605141	0.111186588805	0.111261876657
0.000293974605141	0.118250802135	0.118330873383
0.000293974605141	0.125	0.125084641337
0.000293974605141	0.152937661512	0.153041220297
0.000293974605141	0.156286560221	0.156392386648
0.000293974605141	0.16621618945	0.166328739533
0.000293974605141	0.166328739533	0.166441365828
0.000293974605141	0.202267430414	0.202404391899
0.000293974605141	0.248145433797	0.248313460686
0.000293974605141	0.25	0.250169282673
0.000293974605141	0.272811537231	0.272996266296
0.000293974605141	0.285662350849	0.285855781594
0.000293974605141	0.31533581404	0.315549337599
0.000293974605141	0.333333694514	0.33355940499
0.000293974605141	0.399906427728	0.400177216645
0.000293974605141	0.44294372135	0.443243652139
0.000293974605141	0.50441927571	0.504760833484
0.000293974605141	0.666216273542	0.666667389029
0.000293974605141	0.667570536602	0.668022569102
0.000293974605141	0.617157635591	0.617575531968
0.000293974605141	0.666667389029	0.66711880998
0.000293974605141	0.999323327503	1
0.000293974605141	0.357161489591	0.357403334598
0.000293974605141	0.374999593672	0.375253517407
0.000293974605141	0.399635822047	0.399906427728
0.000293974605141	0.400177216645	0.400448188921
0.000293974605141	0.5	0.500338565347
0.000293974605141	0.501016383954	0.501355637525
0.000293974605141	0.505102622537	0.505444643026
0.000293974605141	0.665765463312	0.666216273542
0.000293974605141	0.674839903135	0.675296857946
0.000293974605141	0.66711880998	0.667570536602
0.000293974605141	0.000977885468645	0.00097854762491
0.000293974605141	0.00107508904699	0.00107581702279
0.000293974605141	0.00115428159482	0.00115506319432
0.000293974605141	0.00121357296105	0.00121439470855
0.000293974605141	0.00157594148927	0.00157700860762
0.000293974605141	0.00160500874686	0.00160609554754
0.000293974605141	0.00213422750349	0.00213567265444
0.000293974605141	0.00253460485257	0.00253632111131
0.000293974605141	0.00279599621879	0.00279788947365
0.000293974605141	0.00540955847586	0.00541322145394
0.000293974605141	0.00611878506394	0.00612292828112
0.000293974605141	0.0134358049062	0.0134449027021
0.000293974605141	0.0151357246903	0.015145973554
0.000293974605141	0.0417231585376	0.0417514105689
0.000293974605141	0.0482267219904	0.0482593777841
0.000293974605141	0.126275655634	0.126361160756
0.000293974605141	0.129040732437	0.129128109878
0.000293974605141	0.139392666008	0.13948705306
0.000293974605141	0.166666847257	0.166779702495
0.000293974605141	0.504760833484	0.505102622537
0.000587949210281	0.00109788701867	0.00109937434806
0.000587949210281	0.00140940003954	0.00141130938181
0.000587949210281	0.00748634143181	0.00749648332747
0.000587949210281	0.010339404278	0.0103534112747
0.000587949210281	0.0112599462432	0.0112752003164
0.000587949210281	0.150066293638	0.150269591432
0.000587949210281	0.166441365828	0.166666847257
0.000587949210281	0.222222703797	0.222523753314
0.000587949210281	0.500338565347	0.501016383954
0.000587949210281	0.427623802041	0.428203112512
0.000587949210281	0.428203112512	0.428783207787
0.000587949210281	0.738913075126	0.739914095367
0.000587949210281	0.187246130778	0.187499796836
0.000587949210281	0.230808078394	0.231120758689
0.000587949210281	0.444445407594	0.445047506629
0.000587949210281	0.0009765625	0.000977885468645
0.000587949210281	0.00102672506439	0.00102811598926
0.000587949210281	0.00115271998213	0.00115428159482
0.000587949210281	0.0012889308886	0.00129067702891
0.000587949210281	0.00175977826663	0.00176216227325
0.000587949210281	0.0209464789696	0.0209748555813
0.000587949210281	0.153041220297	0.153248548283
0.000881923815422	0.00255527683152	0.00256047111626
0.000881923815422	0.00518021094362	0.00519074111018
0.000881923815422	0.0084563910744	0.00847358095479
0.000881923815422	0.0167873186521	0.0168214433747
0.000881923815422	0.0833334236286	0.0835028211378
0.000881923815422	0.153248548283	0.153560067013
0.000881923815422	0.188262858752	0.188645553449
0.000881923815422	0.315549337599	0.316190776165
0.000881923815422	0.0135821112292	0.013609720509
0.000881923815422	0.015145973554	0.015176761803
0.000881923815422	0.0374911869762	0.0375673978579
0.000881923815422	0.0482593777841	0.0483574778985
0.000881923815422	0.0880300943936	0.0882090391444
0.000881923815422	0.118010913338	0.118250802135
0.000881923815422	0.00376349576274	0.00377114607615
0.00117589842056	0.00310109231208	0.0031095002263
0.00117589842056	0.00435602081275	0.00436783118329
0.00117589842056	0.00524016561835	0.00525437314865
0.00117589842056	0.00541322145394	0.00542789818621
0.00117589842056	0.00718351791709	0.00720299440999
0.00117589842056	0.0417514105689	0.0418646101267
0.00117589842056	0.117691818447	0.118010913338
0.00117589842056	0.443243652139	0.444445407594
0.00117589842056	0.0587662973515	0.0589256289473
0.00117589842056	0.00519074111018	0.00520481463704
0.0014698730257	0.117294162893	0.117691818447
0.0014698730257	0.13948705306	0.139959947875
0.0014698730257	0.230028227122	0.230808078394
0.0014698730257	0.663515983801	0.665765463312
0.0014698730257	0.569779871747	0.571711563189
0.0014698730257	0.615072391563	0.617157635591
0.0014698730257	0.0238859271516	0.0239669062163
0.00176384763084	0.0713189704842	0.0716092150133
0.00176384763084	0.0909372776112	0.0913073621363
0.00176384763084	0.497973413554	0.5
0.00176384763084	0.00950698187307	0.0095456721326
0.00176384763084	0.0118704268568	0.0119187355527
0.00176384763084	0.0131568061618	0.0132103499943
0.00176384763084	0.187499796836	0.188262858752
0.00205782223598	0.0291454414249	0.029283869283
0.00205782223598	0.300132587277	0.301558083313
0.00205782223598	0.0101384194103	0.0101865723843
0.00205782223598	0.0663809948992	0.0666962750423
0.00235179684113	0.0048248088435	0.00485100707841
0.00264577144627	0.100044304161	0.100655645747
0.00264577144627	0.139959947875	0.140815202326
0.00264577144627	0.142927890797	0.143801281483
0.00264577144627	0.501355637525	0.50441927571
0.00264577144627	0.0200855905168	0.0202083277067
0.00264577144627	0.220873013185	0.222222703797
0.00293974605141	0.00262363228747	0.00264145193763
0.00293974605141	0.00520481463704	0.00524016561835
0.00293974605141	0.381657795019	0.384250005985
0.00293974605141	0.202404391899	0.203779117874
0.00293974605141	0.248313460686	0.25
0.00293974605141	0.0127361948671	0.0128226988097
0.00323372065655	0.00253632111131	0.00255527683152
0.00323372065655	0.0087830961494	0.00884873843436
0.00323372065655	0.0793693919091	0.0799625754691
0.00352769526169	0.132313415349	0.133392550085
0.00352769526169	0.234906127257	0.236821997698
0.00352769526169	0.00213567265444	0.00215309098302
0.00382166986683	0.00749648332747	0.00756274138083
0.00411564447197	0.125084641337	0.126275655634
0.00411564447197	0.110137892473	0.111186588805
0.00440961907711	0.00102811598926	0.0010386081649
0.00440961907711	0.0134449027021	0.0135821112292
0.00440961907711	0.111261876657	0.112397331376
0.00440961907711	0.312150244297	0.31533581404
0.00440961907711	0.668022569102	0.674839903135
0.00440961907711	0.00109937434806	0.00111059373271
0.00440961907711	0.00741071328655	0.00748634143181
0.00470359368225	0.00362595849118	0.0036654425904
0.00470359368225	0.0554805153915	0.0560846585938
0.00470359368225	0.200088608322	0.202267430414
0.00499756828739	0.212513294215	0.2149728785
0.00499756828739	0.0031095002263	0.00314548892959
0.00499756828739	0.0913073621363	0.0923641343907
0.00529154289253	0.0107098206077	0.0108411097055
0.00529154289253	0.0799625754691	0.0809428173209
0.00529154289253	0.0010386081649	0.00105134021092
0.00529154289253	0.0095456721326	0.00966269021604
0.00587949210281	0.00475993058526	0.0048248088435
0.00587949210281	0.505444643026	0.512333896449
0.00617346670795	0.739914095367	0.750507034813
0.00617346670795	0.112397331376	0.114006461588
0.00646744131309	0.0101865723843	0.010339404278
0.00646744131309	0.140815202326	0.142927890797
0.00676141591823	0.0589256289473	0.0598502050437
0.00676141591823	0.571711563189	0.580682037578
0.00676141591823	0.196997605638	0.200088608322
0.00676141591823	0.421017797177	0.427623802041
0.00705539052337	0.231120758689	0.234906127257
0.00734936512852	0.00097854762491	0.000995248043045
0.00734936512852	0.0132103499943	0.0134358049062
0.00734936512852	0.375253517407	0.381657795019
0.00764333973366	0.512333896449	0.521430498944
0.00764333973366	0.00157700860762	0.00160500874686
0.00764333973366	0.00436783118329	0.00444538299925
0.00764333973366	0.048390222231	0.0492494014096
0.00764333973366	0.150269591432	0.152937661512
0.00764333973366	0.259307236818	0.26391129459
0.00764333973366	0.413672941914	0.421017797177
0.00764333973366	0.153560067013	0.156286560221
0.0079373143388	0.00121439470855	0.00123679346133
0.00852526354908	0.174872459067	0.178339145208
0.00852526354908	0.178339145208	0.181874555222
0.00852526354908	0.979897753126	0.999323327503
0.00881923815422	0.272996266296	0.278596685649
0.00881923815422	0.0164498558282	0.0167873186521
0.00881923815422	0.285855781594	0.291720009238
0.00881923815422	0.00107581702279	0.00109788701867
0.00911321275936	0.126361160756	0.129040732437
0.0094071873645	0.00134417575269	0.00137360936896
0.00970116196964	0.00105134021092	0.00107508904699
0.00970116196964	0.00141130938181	0.00144318959985
0.0105830857851	0.129128109878	0.132313415349
0.0105830857851	0.600265174554	0.615072391563
0.0105830857851	0.013609720509	0.0139454422759
0.0105830857851	0.00256047111626	0.00262363228747
0.0108770603902	0.118330873383	0.121331936846
0.0108770603902	0.278596685649	0.285662350849
0.0111710349953	0.0128226988097	0.0131568061618
0.0111710349953	0.00137360936896	0.00140940003954
0.0114650096005	0.0036654425904	0.00376349576274
0.0117589842056	0.00377114607615	0.00387464875947
0.0117589842056	0.2149728785	0.220873013185
0.0117589842056	0.00144318959985	0.00148279930818
0.0117589842056	0.00823049726524	0.0084563910744
0.0120529588108	0.00642438219017	0.00660517499715
0.0120529588108	0.00720299440999	0.00740569866068
0.0123469334159	0.291720009238	0.300132587277
0.0123469334159	0.114006461588	0.117294162893
0.012640908021	0.00525437314865	0.00540955847586
0.012640908021	0.0692730257327	0.0713189704842
0.012640908021	0.0809428173209	0.0833334236286
0.012640908021	0.181874555222	0.187246130778
0.0129348826262	0.00756274138083	0.00779137543817
0.0129348826262	0.121331936846	0.125
0.0132288572313	0.0882090391444	0.0909372776112
0.0135228318365	0.000995248043045	0.00102672506439
0.0135228318365	0.0033250185969	0.00343018000073
0.0135228318365	0.0969771766436	0.100044304161
0.0135228318365	0.0769361094947	0.0793693919091
0.0138168064416	0.00176216227325	0.0018191256833
0.0141107810467	0.428783207787	0.44294372135
0.0141107810467	0.400448188921	0.413672941914
0.0144047556519	0.222523753314	0.230028227122
0.0144047556519	0.580682037578	0.600265174554
0.0144047556519	0.0103534112747	0.0107025735667
0.0144047556519	0.26391129459	0.272811537231
0.0144047556519	0.33355940499	0.344808486406
0.0149927048622	0.301558083313	0.312150244297
0.0152866794673	0.344808486406	0.357161489591
0.0155806540725	0.00847358095479	0.0087830961494
0.0155806540725	0.0202083277067	0.0209464789696
0.0155806540725	0.250169282673	0.259307236818
0.0161686032827	0.00111059373271	0.00115271998213
0.0164625778879	0.00589118444348	0.00611878506394
0.0164625778879	0.00660517499715	0.00686036000146
0.0164625778879	0.017987331718	0.0186822561256
0.0164625778879	0.0666962750423	0.0692730257327
0.0164625778879	0.00542789818621	0.00563760015818
0.0164625778879	0.0108411097055	0.0112599462432
0.016756552493	0.00279788947365	0.00290795115141
0.016756552493	0.00160718308413	0.00167040547672
0.0170505270982	0.384250005985	0.399635822047
0.0176384763084	0.00129067702891	0.00134417575269
0.0179324509136	0.00123679346133	0.0012889308886
0.0182264255187	0.203779117874	0.212513294215
0.0185204001239	0.143801281483	0.150066293638
0.0185204001239	0.0041741643633	0.00435602081275
0.018814374729	0.188645553449	0.196997605638
0.018814374729	0.0492494014096	0.0514298586923
0.0191083493341	0.133392550085	0.139392666008
0.0191083493341	0.00563760015818	0.00589118444348
0.0199902731496	0.00242058305565	0.00253460485257
0.0199902731496	0.00686036000146	0.00718351791709
0.0202842477547	0.0560846585938	0.0587662973515
0.0202842477547	0.236821997698	0.248145433797
0.0205782223598	0.166779702495	0.174872459067
0.020872196965	0.00612292828112	0.00642438219017
0.020872196965	0.00966269021604	0.0101384194103
0.020872196965	0.357403334598	0.374999593672
0.020872196965	0.092426676981	0.0969771766436
0.0214601461753	0.00115506319432	0.00121357296105
0.0223420699907	0.0112752003164	0.0118704268568
0.0223420699907	0.00167153655954	0.00175977826663
0.022930019201	0.0835028211378	0.0880300943936
0.022930019201	0.316190776165	0.333333694514
0.0238119430164	0.00779137543817	0.00823049726524
0.0241059176215	0.00314548892959	0.0033250185969
0.0241059176215	0.00343018000073	0.00362595849118
0.0246938668318	0.00264145193763	0.00279599621879
0.0264577144627	0.00148279930818	0.00157594148927
0.0264577144627	0.156392386648	0.16621618945
0.0279275874884	0.00290795115141	0.00310109231208
0.0279275874884	0.750507034813	0.800354433289
0.0285155366986	0.00485100707841	0.00518021094362
0.0285155366986	0.0119187355527	0.0127275766343
0.0291034859089	0.0168214433747	0.017987331718
0.0296914351192	0.00444538299925	0.00475993058526
0.0308673335398	0.0018191256833	0.001953125
0.0308673335398	0.0271458411762	0.0291454414249
0.0311613081449	0.00884873843436	0.00950698187307
0.0311613081449	0.617575531968	0.663515983801
0.0311613081449	0.0716092150133	0.0769361094947
0.03145528275	0.0186822561256	0.0200855905168
0.0320432319603	0.00387464875947	0.00417133982108
0.0329251557757	0.0514298586923	0.0554805153915
0.0349829780117	0.015176761803	0.0164498558282
0.035570927222	0.0139454422759	0.0151357246903
0.0385106732734	0.001953125	0.00213422750349
0.0385106732734	0.521430498944	0.569779871747
0.0390986224837	0.100655645747	0.110137892473
0.0390986224837	0.675296857946	0.738913075126
0.0449781145865	0.0598502050437	0.0663809948992
0.0455660637968	0.0375673978579	0.0417231585376
0.0487997844533	0.445047506629	0.497973413554
0.0508576066893	0.00215309098302	0.00242058305565
0.0540913273459	0.0239669062163	0.0271458411762
0.056443124187	0.0209748555813	0.0238859271516
0.0614406924744	0.0418646101267	0.0482267219904
0.087898406937	0.800354433289	0.979897753126
0.107300730876	0.029283869283	0.0374911869762
