0.00029397460514	0.0500221520806	0.0500560236151
0.00029397460514	0.10017983617	0.100247671012
0.000293974605141	0.634955135273	0.635385082884
0.000293974605141	0.666667389029	0.66711880998
0.000293974605141	0.0009765625	0.000977223760442
0.000293974605141	0.00245689971629	0.0024585633585
0.000293974605141	0.00602018458499	0.00602426103675
0.000293974605141	0.153041220297	0.153144849205
0.000587949210281	0.00910391703119	0.00911625028869
0.000587949210281	0.012064844446	0.0120811889308
0.000587949210281	0.0241951111155	0.0242278887138
0.000587949210281	0.131777126201	0.131955647295
0.000587949210281	0.635385082884	0.636245851695
0.000587949210281	0.00456430012715	0.00457048347533
0.000587949210281	0.0695549439461	0.0696491714122
0.000587949210281	0.166666847257	0.16689263415
0.000881923815422	0.00110684127334	0.00110909122476
0.000881923815422	0.0623732097409	0.0625
0.000881923815422	0.249492838964	0.25
0.000881923815422	0.333333694514	0.334011284551
0.000881923815422	0.0333707185686	0.0334385534944
0.000881923815422	0.0682028843076	0.0683415249421
0.00117589842056	0.00199049608609	0.00199589286847
0.0014698730257	0.0158916646229	0.0159455412059
0.00205782223598	0.000977223760442	0.000981865137805
0.00205782223598	0.00110160912095	0.00110684127334
0.00264577144627	0.0334385534944	0.0336428867494
0.00352769526169	0.636245851695	0.641435008039
0.00411564447197	0.00109121889802	0.00110160912095
0.00440961907711	0.0157311246406	0.0158916646229
0.00440961907711	0.03125	0.0315689139086
0.00470359368225	0.0248928461147	0.0251639114367
0.00587949210281	0.00911625028869	0.00924050555457
0.00676141591823	0.00154844844213	0.00157274446479
0.00764333973366	0.0683415249421	0.0695549439461
0.00823128894394	0.0120811889308	0.0123123503524
0.0094071873645	0.00199589286847	0.0020395972313
0.0105830857851	0.00445441943114	0.00456430012715
0.0111710349953	0.0423778182458	0.0434820117429
0.0117589842056	0.0242278887138	0.0248928461147
0.0138168064416	0.000981865137805	0.00101360477229
0.0141107810467	0.484015448373	0.5
0.0164625778879	0.00344880553893	0.00358204704377
0.0164625778879	0.962802971818	1
0.016756552493	0.641435008039	0.666667389029
0.0170505270982	0.0123123503524	0.0128053511458
0.018814374729	0.0251639114367	0.0262780129767
0.0202842477547	0.0230910335977	0.0241951111155
0.022930019201	0.125	0.131777126201
0.0241059176215	0.0315689139086	0.0333707185686
0.0320432319603	0.00101360477229	0.00109121889802
0.0320432319603	0.0020395972313	0.00219577403735
0.0367468256426	0.153144849205	0.166666847257
0.0379227240631	0.0625	0.0682028843076
0.0388046478786	0.00110909122476	0.0012127517696
0.0446841399814	0.100247671012	0.111111351899
0.0487997844533	0.00219577403735	0.00245689971629
0.0511515812945	0.111111351899	0.125
0.0590888956333	0.00301009229249	0.00344880553893
0.0608527432641	0.0434820117429	0.0500221520806
0.0643804385258	0.131955647295	0.153041220297
0.0664382607618	0.0159455412059	0.0185813611719
0.075257498916	0.0262780129767	0.03125
0.075257498916	0.00602426103675	0.00716409408754
0.0779032703623	0.0696491714122	0.0833334236286
0.0799610925982	0.0833334236286	0.10017983617
0.087898406937	0.0024585633585	0.00301009229249
0.0893682799627	0.0128053511458	0.0157311246406
0.0943658482501	0.0185813611719	0.0230910335977
0.0946598228553	0.00358204704377	0.00445441943114
0.0955417466707	0.0500560236151	0.0623732097409
0.100245340353	0.0336428867494	0.0423778182458
0.102303162589	0.00157274446479	0.00199049608609
0.103773035615	0.5	0.634955135273
0.10406701022	0.00716409408754	0.00910391703119
0.106124832456	0.0012127517696	0.00154844844213
0.115825994425	0.00924050555457	0.012064844446
0.119647664292	0.00457048347533	0.00602018458499
0.124939207185	0.25	0.333333694514
0.159334235986	0.66711880998	0.962802971818
0.161098083617	0.334011284551	0.484015448373
0.174620915454	0.16689263415	0.249492838964
