0 24.112330035
0.0009765625 4341.17207299
0.00116212144887 6230.0843727
0.00116448377205 6514.57859823
0.00117080680378 6485.49464479
0.00117875889667 6592.8883075
0.00135238961897 7906.38099485
0.00135422172808 7695.95200123
0.00144416682783 8422.76143961
0.00145890490423 8310.52739586
0.001470803584 8745.90309149
0.00147179951025 8731.37735009
0.00147279611087 8354.06228855
0.0016468287436 9438.44419545
0.00165241189097 9492.65552455
0.00174318028449 9810.21927347
0.00192686171119 10641.7785102
0.00217212118839 11454.1290266
0.00217653660663 11188.5569292
0.00250730212254 12417.8118515
0.00250899989377 12121.5236958
0.00253288975518 12037.9417655
0.00283986696426 13450.6695302
0.00300601997744 12926.8567257
0.00301213051837 13087.6523101
0.00357236138946 13809.7486288
0.00375840417784 14183.3276623
0.00376094910866 14351.1106881
0.00394611423857 14339.9911956
0.0042367904774 14710.7388234
0.00509328619216 15258.3844357
0.00526861919947 15630.6403008
0.00528648109162 15292.8220071
0.00529006073022 15440.6664109
0.00635948211663 15919.6880925
0.00656950324417 16584.7738882
0.00773357695191 16687.5719613
0.00773881359423 16885.3893506
0.00777556951 16734.5708619
0.00908544842321 17047.6424166
0.0090916004592 17326.1114588
0.010339404278 17614.6411092
0.0117983306965 18184.5745873
0.0119834531081 18073.802752
0.0131479033129 18519.9934217
0.0131568061618 18488.2395082
0.0140021955956 18833.6858635
0.0152591701188 19033.004633
0.0152901884701 18994.164378
0.0174122928531 19268.1710737
0.0180483131188 19835.0318083
0.0180850011505 19312.4090238
0.0208474628119 19941.1762155
0.0209181407482 20012.7741054
0.023059794036 20331.9538384
0.0230754085303 20085.3577116
0.0249772388779 20221.8645179
0.0250788879467 20287.8183883
0.0278154691643 20403.5739643
0.0299859333099 20394.1149763
0.0303329842114 20318.9053783
0.0305390051425 20555.5829654
0.0351799791379 20703.0260159
0.0353949537375 20666.469319
0.0405262360828 20648.2177752
0.0464642723486 20919.4566532
0.0464957347336 20826.279473
0.0465272184226 20882.6293676
0.048194088294 20852.2024376
0.0525560259534 21062.1559047
0.0573127527003 20904.2212963
0.0620363584492 20956.9705285
0.0620783651716 20940.8883173
0.062120400338 20977.3989527
0.0624577079689 21027.5911105
0.0625 21192.7098243
0.0681567332916 21198.3540026
0.0689455650244 21003.0290042
0.0693668712787 21211.5921612
0.0715123358295 21141.8605577
0.0718519875552 21110.1677563
0.0833334236286 21202.7770807
0.0834463170752 21183.3515005
0.0835028211378 21063.1602141
0.0844121072433 21116.195577
0.0981659963716 21381.5800234
0.10120219595 21244.7515923
0.111111351899 20952.0389143
0.111261876657 21046.7405359
0.122819315682 20974.859922
0.125 21232.2935962
0.125423780204 21070.4759341
0.125508708495 20995.7920356
0.130445893885 21109.1504351
0.163759265016 20902.057614
0.163870151441 20737.8063902
0.166666847257 20525.113538
0.167005642276 20533.7830143
0.199412551588 20507.5841696
0.200088608322 20181.4781652
0.219977776675 20193.7401714
0.222976092459 20082.8601765
0.223127076415 20034.9709111
0.25 19448.7395811
0.297301778751 19384.2780109
0.333108136771 18973.7374403
0.333333694514 17809.952264
0.33355940499 18177.3508399
0.334463776282 17808.4566775
0.390807822493 18033.6424218
0.392132755442 18019.7072
0.400448188921 17973.3954256
0.5 14174.2468172
0.500338565347 14055.7994772
0.501016383954 14144.6975433
0.501355637525 13591.3277693
0.516512439511 13914.0336762
0.603524555093 13880.6675296
0.603933220093 13674.4719209
0.604342161813 14230.1447535
0.666667389029 12850.1614686
0.667570536602 12789.7101203
0.668022569102 12845.479786
0.673470893116 13055.0993357
1 0.0
