2207	2207
3550	3550
6346	6346
2665	2665
2992	2992
4285	4285
685	685
554	554
1012	1012
2355	2355
5528	5528
3300	3300
504	504
1797	1797
48	48
4404	4404
304	304
5697	5697
4152	4152
2470	2470
1106	1106
1077	1077
6051	6051
163	163
650	650
6328	6328
3613	3613
3105	3105
4754	4754
2903	2903
1371	1371
6345	6345
2745	2745
9002	9002
8952	8952
6724	6724
2158	2158
684	684
1550	1550
6799	6799
911	911
7147	7147
6262	6262
6589	6589
1617	1617
3447	3447
551	551
1815	1815
2121	2121
749	749
728	728
2071	2071
4526	4526
795	795
8455	8455
716	716
158	158
3789	3789
4770	4770
1657	1657
2005	2005
6521	6521
1905	1905
7785	7785
860	860
4999	4999
3148	3148
831	831
1339	1339
352	352
2988	2988
5276	5276
2582	2582
1566	1566
1189	1189
2532	2532
3367	3367
2557	2557
6347	6347
1404	1404
2676	2676
7213	7213
4019	4019
3134	3134
2168	2168
1173	1173
3532	3532
288	288
6524	6524
115	115
1887	1887
4523	4523
3528	3528
1648	1648
284	284
1019	1019
2383	2383
3349	3349
1011	1011
3676	3676
2283	2283
432	432
4330	4330
5296	5296
8309	8309
1523	1523
2279	2279
2737	2737
8617	8617
4126	4126
924	924
4953	4953
2573	2573
2981	2981
3360	3360
3229	3229
3200	3200
485	485
1430	1430
3406	3406
4699	4699
481	481
6240	6240
789	789
1574	1574
3819	3819
88	88
1818	1818
3559	3559
2922	2922
7925	7925
3228	3228
3199	3199
2670	2670
413	413
3586	3586
740	740
6599	6599
3297	3297
7326	7326
24	24
1804	1804
6718	6718
2660	2660
4338	4338
128	128
984	984
884	884
8615	8615
7649	7649
7680	7680
1619	1619
9321	9321
4226	4226
2396	2396
545	545
8226	8226
780	780
4830	4830
3895	3895
1528	1528
1965	1965
3685	3685
5536	5536
3606	3606
2590	2590
341	341
4014	4014
333	333
4849	4849
2621	2621
7304	7304
5432	5432
408	408
8953	8953
1324	1324
3044	3044
2159	2159
5353	5353
787	787
250	250
6465	6465
1043	1043
2030	2030
3729	3729
4456	4456
2605	2605
3948	3948
6024	6024
2324	2324
7217	7217
9447	9447
5258	5258
2064	2064
6153	6153
5666	5666
3815	3815
5137	5137
7467	7467
4071	4071
5204	5204
638	638
1075	1075
1273	1273
278	278
3095	3095
9331	9331
3422	3422
534	534
1369	1369
1319	1319
3649	3649
3628	3628
1996	1996
6462	6462
66	66
4959	4959
2731	2731
830	830
343	343
2529	2529
162	162
1484	1484
1434	1434
5107	5107
4549	4549
1334	1334
1813	1813
8070	8070
6219	6219
3483	3483
1276	1276
1145	1145
2996	2996
1095	1095
2040	2040
5124	5124
7433	7433
5561	5561
1503	1503
