0.00029397460514	0.00356029114221	0.00356270192462
0.00029397460514	0.023805221698	0.0238213409443
0.000293974605141	0.142831175424	0.142927890797
0.000293974605141	0.2149728785	0.215118443234
0.000293974605141	0.333108136771	0.333333694514
0.000293974605141	0.333333694514	0.33355940499
0.000293974605141	0.448373661183	0.448677268751
0.000293974605141	0.00133782169583	0.00133872757597
0.000293974605141	0.00133872757597	0.0013396340695
0.000293974605141	0.0013396340695	0.00134054117684
0.000293974605141	0.00191256774075	0.00191386279907
0.000293974605141	0.00264682139636	0.00264861364036
0.000293974605141	0.00824722795594	0.00825281240712
0.000293974605141	0.00826399265626	0.00826958845933
0.000293974605141	0.00925928935771	0.00926555910673
0.000293974605141	0.0473853839396	0.0474174700374
0.000293974605141	0.0999089555117	0.099976606932
0.000293974605141	0.166666847257	0.166779702495
0.000293974605141	0.33355940499	0.333785268301
0.000587949210281	0.00825281240712	0.00826399265626
0.000587949210281	0.100519470021	0.100655645747
0.000587949210281	0.135393874502	0.135577295277
0.000587949210281	0.00287273498875	0.00287662673998
0.000881923815422	0.00104283495527	0.0010449547967
0.000881923815422	0.00203545961432	0.0020395972313
0.000881923815422	0.00454887833046	0.00455812514435
0.000881923815422	0.00539493133314	0.00540589797642
0.000881923815422	0.3324323789	0.333108136771
0.000881923815422	0.990568140061	0.992581735187
0.000881923815422	0.0828833750979	0.0830518577629
0.000881923815422	0.099976606932	0.10017983617
0.00117589842056	0.00139233178135	0.00139610677577
0.00117589842056	0.254266633966	0.254956020747
0.00117589842056	0.576374384451	0.577937093939
0.00117589842056	0.666667389029	0.668474907687
0.00117589842056	0.0124801687337	0.0125140059038
0.00117589842056	0.0141834426667	0.0142218978809
0.00117589842056	0.0053803437414	0.00539493133314
0.0014698730257	0.00191386279907	0.00192035125641
0.0014698730257	0.0356112419842	0.0357319726993
0.0014698730257	0.10017983617	0.100519470021
0.0014698730257	0.0830518577629	0.0833334236286
0.00205782223598	0.0833334236286	0.0837292202533
0.00205782223598	0.00147479133706	0.00148179593867
0.00205782223598	0.0092155197458	0.00925928935771
0.00235179684112	0.142927890797	0.14370397511
0.00235179684112	0.0474174700374	0.0476749422108
0.00235179684112	0.0918031520836	0.0923016341212
0.00264577144627	0.25	0.25152767714
0.00293974605141	0.00826958845933	0.00832575531395
0.00323372065655	0.0142218978809	0.0143281881751
0.00352769526169	0.00134054117684	0.00135147449411
0.00352769526169	0.0401983821733	0.0405262360828
0.00382166986683	0.444445407594	0.448373661183
0.00411564447197	0.0263136123236	0.0265641617769
0.00470359368225	0.0123457325207	0.0124801687337
0.00470359368225	0.0659778236475	0.0666962750423
0.00470359368225	0.25152767714	0.254266633966
0.00617346670795	0.00455812514435	0.00462338129225
0.00617346670795	0.388960433772	0.394528964427
0.00646744131309	0.394528964427	0.400448188921
0.00676141591823	0.00264861364036	0.0026901718707
0.00705539052337	0.028156452266	0.028617607508
0.0079373143388	0.0111461965755	0.0113517812176
0.00823128894394	0.0163610171231	0.0166740687606
0.0094071873645	0.0666962750423	0.0681567332916
0.0102891111799	0.00118676499998	0.00121521701248
0.0123469334159	0.577937093939	0.594603557501
0.0129348826262	0.00135147449411	0.00139233178135
0.0141107810467	0.038913275943	0.0401983821733
0.0179324509136	0.00630376595708	0.00656950324417
0.0191083493341	0.00183024183019	0.00191256774075
0.0211661715701	0.0476749422108	0.0500560236151
0.0226360445958	0.135577295277	0.142831175424
0.0238119430164	0.00139610677577	0.00147479133706
0.0252818160421	0.00192035125641	0.00203545961432
0.0252818160421	0.0265641617769	0.028156452266
0.0258697652524	0.00148179593867	0.00157274446479
0.0258697652524	0.00335440694475	0.00356029114221
0.0285155366986	0.0026901718707	0.00287273498875
0.0285155366986	0.0020395972313	0.00217801040637
0.0302793843295	0.0441941738242	0.0473853839396
0.0308673335398	0.20022409446	0.2149728785
0.0343950288015	0.0923016341212	0.0999089555117
0.0346890034066	0.125	0.135393874502
0.0364528510374	0.0113517812176	0.0123457325207
0.0370408002477	0.0357319726993	0.038913275943
0.037628749458	0.0405262360828	0.0441941738242
0.0399805462991	0.0837292202533	0.0918031520836
0.0402745209043	0.00356270192462	0.00390889504177
0.04174439393	0.00121521701248	0.00133782169583
0.0429202923505	0.100655645747	0.111111351899
0.0432142669557	0.0238213409443	0.0263136123236
0.0440961907711	0.00832575531395	0.0092155197458
0.0452720891917	0.400448188921	0.444445407594
0.0470359368225	0.448677268751	0.5
0.0482118352431	0.0500560236151	0.0559330088225
0.0493877336636	0.296698659238	0.3324323789
0.0496817082688	0.594603557501	0.666667389029
0.050269657479	0.668474907687	0.750507034813
0.0511515812945	0.111111351899	0.125
0.054385301951	0.0125140059038	0.0141834426667
0.0552672257664	0.0010449547967	0.00118676499998
0.0576190226076	0.0143281881751	0.0163610171231
0.0617346670795	0.5	0.576374384451
0.0643804385258	0.14370397511	0.166666847257
0.0652623623412	0.215118443234	0.25
0.0658503115515	0.00157274446479	0.00183024183019
0.0658503115515	0.00390889504177	0.00454887833046
0.0658503115515	0.00462338129225	0.0053803437414
0.0658503115515	0.254956020747	0.296698659238
0.0664382607618	0.333785268301	0.388960433772
0.0667322353669	0.00287662673998	0.00335440694475
0.0667322353669	0.00540589797642	0.00630376595708
0.0717298036543	0.0559330088225	0.0659778236475
0.0734936512852	0.0200991910867	0.023805221698
0.079373143388	0.166779702495	0.20022409446
0.0802550672034	0.00926555910673	0.0111461965755
0.0811369910188	0.0166740687606	0.0200991910867
0.0846646862805	0.00217801040637	0.00264682139636
0.0849586608856	0.0681567332916	0.0828833750979
0.0949537974604	0.028617607508	0.0356112419842
0.0987754673272	0.00656950324417	0.00824722795594
0.120529588108	0.750507034813	0.990568140061
