0.00029397460514	0.00135055998848	0.00135147449411
0.00029397460514	0.00507264222263	0.00507607706437
0.00029397460514	0.00629950037202	0.00630376595708
0.00029397460514	0.0150947985396	0.015105019691
0.00029397460514	0.0271826161872	0.0272010223709
0.00029397460514	0.0405536776412	0.040581137781
0.00029397460514	0.0528056436551	0.0528413999772
0.00029397460514	0.0632233618884	0.0632661723673
0.00029397460514	0.0833334236286	0.0833898512475
0.000293974605141	0.101133715207	0.10120219595
0.000293974605141	0.142831175424	0.142927890797
0.000293974605141	0.197933256473	0.198067283157
0.000293974605141	0.255647276645	0.255820383262
0.000293974605141	0.333108136771	0.333333694514
0.000293974605141	0.998647112891	0.999323327503
0.000293974605141	0.666667389029	0.66711880998
0.000293974605141	0.999323327503	1
0.000293974605141	0.400177216645	0.400448188921
0.000293974605141	0.499661663751	0.5
0.000293974605141	0.577937093939	0.578328432884
0.000293974605141	0.00106855939197	0.00106928294633
0.000293974605141	0.00149287044698	0.00149388131538
0.000293974605141	0.00167493440542	0.00167606855491
0.000293974605141	0.00398638530146	0.00398908460531
0.000293974605141	0.00529364279271	0.00529722728072
0.000293974605141	0.00630376595708	0.00630803443049
0.000293974605141	0.00789222847714	0.00789757254728
0.000293974605141	0.00883078749295	0.00883676709021
0.000293974605141	0.0102349540635	0.010241884465
0.000293974605141	0.0212032567836	0.0212176141596
0.000293974605141	0.0272010223709	0.027219441018
0.000293974605141	0.0571191051322	0.0571577822314
0.000293974605141	0.0611193680804	0.0611607538805
0.000293974605141	0.0667414371372	0.0667866298128
0.000293974605141	0.197799320482	0.197933256473
0.000293974605141	0.257732309787	0.257906828245
0.000293974605141	0.286049343318	0.286243036108
0.000587949210281	0.00167606855491	0.00167833915832
0.000587949210281	0.0130680482784	0.0130857518234
0.000587949210281	0.016294703092	0.0163167778504
0.000587949210281	0.0312711603342	0.0313135239971
0.000587949210281	0.0570418294311	0.0571191051322
0.000587949210281	0.0911838335831	0.0913073621363
0.000587949210281	0.142927890797	0.143121518054
0.000587949210281	0.197531720332	0.197799320482
0.000587949210281	0.600265174554	0.601078365726
0.000587949210281	0.255820383262	0.256166948224
0.000587949210281	0.00265579476044	0.00265939261843
0.000881923815422	0.00123679346133	0.00123930757538
0.000881923815422	0.3324323789	0.333108136771
0.000881923815422	0.0313135239971	0.0313771771238
0.000881923815422	0.333333694514	0.334011284551
0.00117589842056	0.00237513718998	0.00238157684018
0.00117589842056	0.0909372776112	0.0911838335831
0.00117589842056	0.040581137781	0.0406911644074
0.00176384763084	0.222222703797	0.223127076415
0.00176384763084	0.00462338129225	0.00464219691896
0.00176384763084	0.0198557838401	0.0199365902874
0.00205782223598	0.0130062742719	0.0130680482784
0.00205782223598	0.166666847257	0.167458440507
0.00235179684113	0.00507607706437	0.00510363966087
0.00264577144627	0.256166948224	0.257732309787
0.00293974605141	0.027219441018	0.0274043148354
0.00293974605141	0.0178659863496	0.017987331718
0.00323372065655	0.0115455167988	0.0116318046057
0.00323372065655	0.283927353539	0.286049343318
0.00352769526169	0.00149388131538	0.00150606525919
0.00352769526169	0.0606249174304	0.0611193680804
0.00382166986683	0.0337798021277	0.0340783666458
0.00411564447197	0.0632661723673	0.0638685717909
0.00411564447197	0.334011284551	0.337191628766
0.00440961907711	0.198067283157	0.200088608322
0.00529154289253	0.0659331782688	0.0667414371372
0.00529154289253	0.015105019691	0.0152901884701
0.00558551749767	0.0313771771238	0.0317833292457
0.00558551749767	0.0116318046057	0.011782368887
0.00617346670795	0.00630803443049	0.00639834305843
0.00617346670795	0.0997062757941	0.101133715207
0.00646744131309	0.016053842955	0.016294703092
0.00646744131309	0.00265939261843	0.00269929220337
0.00646744131309	0.00510363966087	0.00518021094362
0.00646744131309	0.0833898512475	0.0846409716836
0.00823128894394	0.0406911644074	0.0414697489876
0.00852526354908	0.0274043148354	0.0279475802469
0.00852526354908	0.00195709524982	0.00199589286847
0.0094071873645	0.00518021094362	0.00529364279271
0.0094071873645	0.00789757254728	0.00807050686735
0.00970116196964	0.25	0.255647276645
0.0102891111799	0.00361370715075	0.00370034371404
0.0114650096005	0.389751100059	0.400177216645
0.0138168064416	0.0638685717909	0.0659331782688
0.0141107810467	0.377291106898	0.389751100059
0.0141107810467	0.143121518054	0.147848088873
0.0141107810467	0.0111764169802	0.0115455167988
0.0144047556519	0.0611607538805	0.0632233618884
0.014698730257	0.010241884465	0.0105944545614
0.014698730257	0.286243036108	0.29609676324
0.0149927048622	0.214682044464	0.222222703797
0.0149927048622	0.00853113332174	0.00883078749295
0.0161686032827	0.578328432884	0.600265174554
0.0182264255187	0.00179223627888	0.00186905331425
0.0182264255187	0.239725141228	0.25
0.0185204001239	0.00346284103234	0.00361370715075
0.0199902731496	0.00186905331425	0.00195709524982
0.0211661715701	0.0152901884701	0.016053842955
0.022930019201	0.111111351899	0.117135477132
0.0232239938061	0.0105944545614	0.0111764169802
0.0238119430164	0.157774668799	0.166666847257
0.0241059176215	0.00807050686735	0.00853113332174
0.0255757906472	0.0571577822314	0.0606249174304
0.0261637398575	0.00435307321327	0.00462338129225
0.0261637398575	0.0414697489876	0.0440448511362
0.0264577144627	0.0317833292457	0.0337798021277
0.0267516890678	0.0199365902874	0.0212032567836
0.0270456636729	0.00292374103861	0.00311160576434
0.0279275874884	0.00106928294633	0.0011403028977
0.0282215620935	0.117135477132	0.125
0.0282215620935	0.147848088873	0.157774668799
0.0285155366986	0.00167833915832	0.00179223627888
0.0299854097243	0.0667866298128	0.071560759027
0.0305733589346	0.200088608322	0.214682044464
0.0311613081449	0.00883676709021	0.00949411999985
0.0311613081449	0.223127076415	0.239725141228
0.0311613081449	0.0846409716836	0.0909372776112
0.0320432319603	0.0774062436375	0.0833334236286
0.0323372065655	0.00370034371404	0.00398638530146
0.0326311811706	0.00949411999985	0.0102349540635
0.0332191303809	0.0528413999772	0.0570418294311
0.0341010541963	0.071560759027	0.0774062436375
0.0346890034066	0.00269929220337	0.00292374103861
0.0352769526169	0.0011403028977	0.00123679346133
0.0373347748529	0.00123930757538	0.00135055998848
0.0379227240631	0.00398908460531	0.00435307321327
0.0382166986683	0.0913073621363	0.0997062757941
0.0385106732734	0.00464219691896	0.00507264222263
0.0390986224837	0.0009765625	0.00106855939197
0.0393925970888	0.0163167778504	0.0178659863496
0.0405684955094	0.10120219595	0.111111351899
0.04174439393	0.257906828245	0.283927353539
0.0429202923505	0.011782368887	0.0130062742719
0.0429202923505	0.017987331718	0.0198557838401
0.0432142669557	0.00135147449411	0.00149287044698
0.0443901653762	0.00639834305843	0.00708692256055
0.0449781145865	0.601078365726	0.666667389029
0.0461540130071	0.00150606525919	0.00167493440542
0.0464479876122	0.00311160576434	0.00346284103234
0.0467419622174	0.00708692256055	0.00789222847714
0.0473299114276	0.00238157684018	0.00265579476044
0.0487997844533	0.337191628766	0.377291106898
0.0487997844533	0.0279475802469	0.0312711603342
0.050269657479	0.29609676324	0.3324323789
0.0505636320842	0.0212176141596	0.0238374711054
0.0570310733973	0.0238374711054	0.0271826161872
0.0579129972127	0.125	0.142831175424
0.0590888956333	0.66711880998	0.764349668853
0.0620286416847	0.0130857518234	0.0150947985396
0.0629105655001	0.5	0.577937093939
0.0717298036543	0.167458440507	0.197531720332
0.075257498916	0.00529722728072	0.00629950037202
0.0755514735211	0.00199589286847	0.00237513718998
0.0755514735211	0.0340783666458	0.0405536776412
0.0787851941777	0.0440448511362	0.0528056436551
0.096129695881	0.400448188921	0.499661663751
0.116119969031	0.764349668853	0.998647112891
