0 12.2516806739
0.0009765625 7873.07527325
0.00106855939197 10979.1355547
0.00106928294633 9525.4836959
0.0011403028977 10698.0128369
0.00123679346133 15875.7039306
0.00123930757538 13428.3793819
0.00135055998848 17079.6185968
0.00135147449411 16268.4301487
0.00149287044698 19322.3045701
0.00149388131538 18347.2757022
0.00150606525919 18082.267656
0.00167493440542 20194.9230006
0.00167606855491 20569.5629387
0.00167833915832 20812.0146509
0.00179223627888 21621.6794434
0.00186905331425 22188.1056467
0.00195709524982 22422.2027359
0.00199589286847 22955.1861649
0.00237513718998 25009.2895794
0.00238157684018 24274.4314267
0.00265579476044 26033.6876412
0.00265939261843 25823.2484749
0.00269929220337 26320.2103588
0.00292374103861 27144.390537
0.00311160576434 27492.7275268
0.00346284103234 28921.7629079
0.00361370715075 29048.4768881
0.00370034371404 29141.9002155
0.00398638530146 29556.0752043
0.00398908460531 29752.9452517
0.00435307321327 30681.5387247
0.00462338129225 30966.82457
0.00464219691896 31396.9422838
0.00507264222263 32029.684862
0.00507607706437 31827.371923
0.00510363966087 32012.4929365
0.00518021094362 31826.0480114
0.00529364279271 32501.2880101
0.00529722728072 32044.2143152
0.00629950037202 33435.5369235
0.00630376595708 33768.2512342
0.00630803443049 33006.9003931
0.00639834305843 33885.2719213
0.00708692256055 34288.2095655
0.00789222847714 34573.7952565
0.00789757254728 35543.7488554
0.00807050686735 35609.9619113
0.00853113332174 35676.8186523
0.00883078749295 35825.2445285
0.00883676709021 36157.9726056
0.00949411999985 36289.7764646
0.0102349540635 37250.4449616
0.010241884465 36559.814671
0.0105944545614 37791.2436509
0.0111764169802 38125.7730231
0.0115455167988 37875.1082987
0.0116318046057 37345.2830225
0.011782368887 38141.5231259
0.0130062742719 38820.4293392
0.0130680482784 39046.1564666
0.0130857518234 38894.3120135
0.0150947985396 39719.0034691
0.015105019691 39646.7798259
0.0152901884701 39547.2565764
0.016053842955 40239.3933654
0.016294703092 40300.5029255
0.0163167778504 39906.4570649
0.0178659863496 40306.1973469
0.017987331718 40819.5720621
0.0198557838401 41163.6466725
0.0199365902874 40889.1596553
0.0212032567836 41437.492966
0.0212176141596 41294.8166304
0.0238374711054 41720.4907088
0.0271826161872 41972.3082024
0.0272010223709 41918.5477819
0.027219441018 41745.3687097
0.0274043148354 41728.9283344
0.0279475802469 42121.7278226
0.0312711603342 42218.9018747
0.0313135239971 42472.5695178
0.0313771771238 42114.8145216
0.0317833292457 42488.1867323
0.0337798021277 42522.2609851
0.0340783666458 42326.2723824
0.0405536776412 42627.784145
0.040581137781 42523.1299578
0.0406911644074 42411.4135145
0.0414697489876 42670.042003
0.0440448511362 42824.5616384
0.0528056436551 43043.1894885
0.0528413999772 42845.7572028
0.0570418294311 43013.6397593
0.0571191051322 42963.7587252
0.0571577822314 42860.0362505
0.0606249174304 43125.3235114
0.0611193680804 43031.5635516
0.0611607538805 43066.2808901
0.0632233618884 42994.043034
0.0632661723673 43050.8794203
0.0638685717909 43093.9378448
0.0659331782688 43158.72434
0.0667414371372 42967.2766959
0.0667866298128 43152.1017983
0.071560759027 43178.3277533
0.0774062436375 43131.2726703
0.0833334236286 43299.2487724
0.0833898512475 43209.0873532
0.0846409716836 42986.5089777
0.0909372776112 43170.4132196
0.0911838335831 43121.5960806
0.0913073621363 42919.459424
0.0997062757941 43009.9208913
0.101133715207 42926.5472908
0.10120219595 43033.1110767
0.111111351899 42743.7531667
0.117135477132 42742.103636
0.125 42409.2811174
0.142831175424 42348.5657476
0.142927890797 42199.1330369
0.143121518054 42212.6672723
0.147848088873 42104.5254662
0.157774668799 42104.1393031
0.166666847257 41072.683403
0.167458440507 41362.457005
0.197531720332 40889.2841383
0.197799320482 41300.09921
0.197933256473 40995.0107325
0.198067283157 40656.0121513
0.200088608322 40153.0196051
0.214682044464 39702.4884107
0.222222703797 39874.511844
0.223127076415 39803.6357164
0.239725141228 39414.6391587
0.25 38406.0374583
0.255647276645 37956.1030464
0.255820383262 38310.160349
0.256166948224 37968.8841602
0.257732309787 38230.0784736
0.257906828245 38432.2662975
0.283927353539 38171.3476179
0.286049343318 38000.125253
0.286243036108 37553.3450365
0.29609676324 37822.234594
0.3324323789 37674.1012428
0.333108136771 37649.8643995
0.333333694514 35256.5568745
0.334011284551 35239.5622052
0.337191628766 35447.4474613
0.377291106898 35177.5337919
0.389751100059 35083.0053017
0.400177216645 34409.4853896
0.400448188921 33615.3803424
0.499661663751 34140.8167822
0.5 27637.4124524
0.577937093939 26978.6352908
0.578328432884 27043.7331302
0.600265174554 27048.8393626
0.601078365726 26111.8730841
0.666667389029 23737.4731552
0.66711880998 24370.7787843
0.764349668853 23500.2376544
0.998647112891 23261.7917467
0.999323327503 23041.5328033
1 0.0
