0.00029397460514	0.00127418375314	0.00127504654207
0.00029397460514	0.00155475011315	0.00155580288217
0.00029397460514	0.00665003719381	0.0066545401381
0.00029397460514	0.0110560247639	0.0110635111376
0.00029397460514	0.0289488216937	0.0289684238294
0.00029397460514	0.041441687549	0.0414697489876
0.00029397460514	0.0656659396979	0.0657104041212
0.00029397460514	0.0834463170752	0.0835028211378
0.000293974605141	0.200088608322	0.20022409446
0.000293974605141	0.249661778223	0.249830831876
0.000293974605141	0.249830831876	0.25
0.000293974605141	0.29992949581	0.300132587277
0.000293974605141	0.333785268301	0.334011284551
0.000293974605141	0.666667389029	0.66711880998
0.000293974605141	0.399635822047	0.399906427728
0.000293974605141	0.499661663751	0.5
0.000293974605141	0.00106567006731	0.00106639166522
0.000293974605141	0.00127504654207	0.00127590991522
0.000293974605141	0.00195444752088	0.00195577093729
0.000293974605141	0.00464848579547	0.00465163342788
0.000293974605141	0.0066545401381	0.00665904613148
0.000293974605141	0.00792434722651	0.00792971304524
0.000293974605141	0.00948769558996	0.00949411999985
0.000293974605141	0.0119106704721	0.0119187355527
0.000293974605141	0.0198423479773	0.0198557838401
0.000293974605141	0.0200177255902	0.0200312802066
0.000293974605141	0.0783021272626	0.0783551480363
0.000293974605141	0.0835028211378	0.0835593634609
0.000293974605141	0.111488046229	0.111563538207
0.000293974605141	0.134753853749	0.13484509972
0.000293974605141	0.166666847257	0.166779702495
0.000293974605141	0.167345125986	0.167458440507
0.000587949210281	0.0079136264793	0.00792434722651
0.000587949210281	0.0118945566796	0.0119106704721
0.000587949210281	0.0545126314725	0.0545864808187
0.000587949210281	0.0833334236286	0.0834463170752
0.000587949210281	0.199817911023	0.200088608322
0.000587949210281	0.989897849844	0.991238884152
0.000587949210281	0.333333694514	0.333785268301
0.000587949210281	0.00155264671176	0.00155475011315
0.000587949210281	0.00330706157955	0.00331154172166
0.000587949210281	0.00551679801201	0.00552427172802
0.000587949210281	0.00664104044421	0.00665003719381
0.000587949210281	0.00790292023605	0.0079136264793
0.000881923815422	0.00253460485257	0.00253975711598
0.000881923815422	0.223883531118	0.224338634375
0.000881923815422	0.0226575049861	0.0227035624351
0.000881923815422	0.0781432801106	0.0783021272626
0.000881923815422	0.156922594628	0.157241581842
0.00117589842056	0.156498284733	0.156922594628
0.00117589842056	0.199277614599	0.199817911023
0.0014698730257	0.111111351899	0.111488046229
0.0014698730257	0.166779702495	0.167345125986
0.0014698730257	0.557570664032	0.559460963309
0.00176384763084	0.0996388072995	0.100044304161
0.00176384763084	0.49763644864	0.499661663751
0.00176384763084	0.991238884152	0.995272897281
0.00176384763084	0.0678804822677	0.0681567332916
0.00205782223598	0.0461820671954	0.0464014114335
0.00235179684112	0.00157594148927	0.00158449869572
0.00235179684112	0.00660517499715	0.00664104044421
0.00235179684112	0.0214486588295	0.0215651229259
0.00235179684113	0.00656950324417	0.00660517499715
0.00264577144627	0.00195577093729	0.00196772208349
0.00293974605141	0.157241581842	0.15830956305
0.00293974605141	0.399906427728	0.402622582987
0.00293974605141	0.66711880998	0.671649865593
0.00352769526169	0.0198557838401	0.0200177255902
0.00352769526169	0.00665904613148	0.00671335663329
0.00440961907711	0.22162182607	0.223883531118
0.00529154289253	0.300132587277	0.303811839995
0.00558551749767	0.00155580288217	0.00157594148927
0.00881923815422	0.0414697489876	0.0423204858418
0.00970116196964	0.0200312802066	0.0204837689301
0.012640908021	0.0464014114335	0.0477718543033
0.0129348826262	0.00106639166522	0.00109863043167
0.0132288572313	0.595812248531	0.614240268053
0.0135228318365	0.0374404656326	0.0386246069573
0.0141107810467	0.0657104041212	0.0678804822677
0.0152866794673	0.00158449869572	0.0016412644605
0.0170505270982	0.0341939005431	0.035563063994
0.0176384763084	0.334011284551	0.347856093943
0.0199902731496	0.0204837689301	0.0214486588295
0.0211661715701	0.00134417575269	0.00141130938181
0.0211661715701	0.0545864808187	0.0573127527003
0.0214601461753	0.0215651229259	0.0226575049861
0.0223420699907	0.035563063994	0.0374404656326
0.0223420699907	0.15830956305	0.166666847257
0.0226360445958	0.00127590991522	0.00134417575269
0.0232239938061	0.00331154172166	0.00349344753086
0.024987841437	0.0835593634609	0.0885080891011
0.0252818160421	0.0227035624351	0.0240644435666
0.0267516890678	0.0783551480363	0.0833334236286
0.0273396382781	0.559460963309	0.595812248531
0.0285155366986	0.0103534112747	0.0110560247639
0.0296914351192	0.00196772208349	0.00210695468312
0.0305733589346	0.0386246069573	0.041441687549
0.0308673335398	0.111563538207	0.119781462909
0.03145528275	0.0110635111376	0.0118945566796
0.0326311811706	0.00253975711598	0.00273793647172
0.0343950288015	0.0315902901891	0.0341939005431
0.035570927222	0.614240268053	0.666667389029
0.0364528510374	0.00304081102203	0.00330706157955
0.037628749458	0.00949411999985	0.0103534112747
0.037628749458	0.0289684238294	0.0315902901891
0.0379227240631	0.0423204858418	0.0461820671954
0.0402745209043	0.303811839995	0.333333694514
0.0414504193248	0.00141130938181	0.00155264671176
0.0440961907711	0.20022409446	0.22162182607
0.0455660637968	0.00273793647172	0.00304081102203
0.0455660637968	0.100044304161	0.111111351899
0.0464479876122	0.224338634375	0.249661778223
0.0473299114276	0.5	0.557570664032
0.0511515812945	0.119781462909	0.134753853749
0.0514455558996	0.0885080891011	0.0996388072995
0.0573250480024	0.0477718543033	0.0545126314725
0.0587949210281	0.671649865593	0.769020386916
0.0590888956333	0.0573127527003	0.0656659396979
0.0593828702384	0.0681567332916	0.0781432801106
0.0602647940538	0.347856093943	0.399635822047
0.0643804385258	0.00109863043167	0.00127418375314
0.0646744131309	0.13484509972	0.156498284733
0.0655563369464	0.0119187355527	0.0138607433131
0.0708478798389	0.00671335663329	0.00790292023605
0.071141854444	0.0138607433131	0.0163278264415
0.0740816004954	0.00465163342788	0.00551679801201
0.075257498916	0.00552427172802	0.00656950324417
0.0755514735211	0.167458440507	0.199277614599
0.0758454481263	0.0016412644605	0.00195444752088
0.0779032703623	0.00792971304524	0.00948769558996
0.0790791687828	0.25	0.29992949581
0.0802550672034	0.00210695468312	0.00253460485257
0.0802550672034	0.0240644435666	0.0289488216937
0.0846646862805	0.0163278264415	0.0198423479773
0.092014051409	0.402622582987	0.49763644864
0.109652527717	0.769020386916	0.989897849844
0.124057283369	0.00349344753086	0.00464848579547
