0.00029397460514	0.00142089496267	0.00142185709427
0.00029397460514	0.00160609554754	0.00160718308413
0.00029397460514	0.00221368254669	0.00221518149909
0.00029397460514	0.0095005487599	0.00950698187307
0.00029397460514	0.0105729621832	0.0105801214604
0.00029397460514	0.0324353527134	0.0324573156863
0.00029397460514	0.0693199326247	0.0693668712787
0.00029397460514	0.0769361094947	0.0769882052959
0.00029397460514	0.281439833103	0.281630404652
0.000293974605141	0.100044304161	0.10011204723
0.000293974605141	0.105325720313	0.105397039591
0.000293974605141	0.122404335408	0.122487219141
0.000293974605141	0.142927890797	0.143024671659
0.000293974605141	0.150167908132	0.150269591432
0.000293974605141	0.192906887962	0.193037511136
0.000293974605141	0.200088608322	0.20022409446
0.000293974605141	0.222072331805	0.222222703797
0.000293974605141	0.285855781594	0.286049343318
0.000293974605141	0.300132587277	0.300335816264
0.000293974605141	0.666667389029	0.66711880998
0.000293974605141	0.66711880998	0.667570536602
0.000293974605141	0.0009765625	0.000977223760442
0.000293974605141	0.00117318678228	0.00117398118306
0.000293974605141	0.00291386234119	0.00291583540682
0.000293974605141	0.00358447255777	0.00358689971415
0.000293974605141	0.00385894413815	0.00386155714767
0.000293974605141	0.00416569646921	0.00416851719014
0.000293974605141	0.00444538299925	0.00444839310452
0.000293974605141	0.00480850684342	0.00481176283099
0.000293974605141	0.00484772453534	0.00485100707841
0.000293974605141	0.00657395165645	0.0065784030809
0.000293974605141	0.0114056971194	0.011413420267
0.000293974605141	0.0591654366914	0.0592054994246
0.000293974605141	0.066022499257	0.0660672051177
0.000293974605141	0.0696020417335	0.0696491714122
0.000293974605141	0.0772492139146	0.0773015217283
0.000293974605141	0.126532344735	0.126618023669
0.000293974605141	0.13548555385	0.135577295277
0.000293974605141	0.140910552622	0.141005967482
0.000293974605141	0.156604254525	0.156710296073
0.000293974605141	0.166666847257	0.166779702495
0.000293974605141	0.300335816264	0.300539182863
0.000587949210281	0.00358689971415	0.00359175895855
0.000587949210281	0.00443936889789	0.00444538299925
0.000587949210281	0.0475782267184	0.0476426818886
0.000587949210281	0.0613681036145	0.0614512402052
0.000587949210281	0.143024671659	0.143218430027
0.000587949210281	0.285469050992	0.285855781594
0.000587949210281	0.428203112512	0.428783207787
0.000587949210281	0.143218430027	0.143412450883
0.000587949210281	0.333333694514	0.333785268301
0.000587949210281	0.000977223760442	0.00097854762491
0.000587949210281	0.0513602798995	0.0514298586923
0.000587949210281	0.0951564534368	0.0952853637771
0.000881923815422	0.00250730212254	0.00251239888583
0.000881923815422	0.0833334236286	0.0835028211378
0.000881923815422	0.02859824276	0.0286563763501
0.000881923815422	0.15788150287	0.158202439322
0.000881923815422	0.00157380941834	0.00157700860762
0.00117589842056	0.00132430682018	0.00132789738022
0.00117589842056	0.00182529295893	0.00183024183019
0.00117589842056	0.00529364279271	0.00530799531434
0.00117589842056	0.115560379344	0.115873695318
0.0014698730257	0.20627719674	0.20697652628
0.0014698730257	0.00909775666092	0.0091286002543
0.0014698730257	0.0113671597014	0.0114056971194
0.0014698730257	0.0693668712787	0.0696020417335
0.0014698730257	0.0769882052959	0.0772492139146
0.0014698730257	0.0773015217283	0.0775635925654
0.0014698730257	0.117851257895	0.118250802135
0.0014698730257	0.239887466479	0.240700742955
0.0014698730257	0.598237006549	0.600265174554
0.0014698730257	0.0830518577629	0.0833334236286
0.00176384763084	0.00843923606616	0.00847358095479
0.00176384763084	0.0511521078052	0.0513602798995
0.00176384763084	0.0952853637771	0.0956731435692
0.00176384763084	0.00221518149909	0.00222419655226
0.00176384763084	0.00270661072697	0.00271762573393
0.00176384763084	0.0416949256237	0.0418646101267
0.00205782223598	0.0356112419842	0.0357803795135
0.00205782223598	0.663515983801	0.666667389029
0.00235179684112	0.265344306822	0.266785100169
0.00235179684112	0.59500618182	0.598237006549
0.00235179684113	0.00359175895855	0.00361126185451
0.00235179684113	0.00950698187307	0.00955860384452
0.00264577144627	0.0016989135117	0.00170929507704
0.00264577144627	0.286049343318	0.287797307488
0.00293974605141	0.0714639453986	0.0719493268721
0.00293974605141	0.00332952306574	0.00335213710982
0.00323372065655	0.156710296073	0.15788150287
0.00323372065655	0.00116448377205	0.00117318678228
0.00323372065655	0.00199454230265	0.00200944892692
0.00323372065655	0.00481176283099	0.00484772453534
0.00323372065655	0.00559956802097	0.00564141755028
0.00352769526169	0.111111351899	0.112017564764
0.00352769526169	0.00530799531434	0.00535128678334
0.00382166986683	0.00717379942831	0.00723720542343
0.00382166986683	0.0238859271516	0.024097044147
0.00411564447197	0.222222703797	0.224338634375
0.00411564447197	0.0660672051177	0.0666962750423
0.00470359368225	0.750507034813	0.758679520599
0.00499756828739	0.150269591432	0.152008780158
0.00529154289253	0.125	0.126532344735
0.00529154289253	0.00130826906646	0.00132430682018
0.00558551749767	0.152008780158	0.153976410592
0.00587949210281	0.600265174554	0.608446839876
0.00587949210281	0.141005967482	0.142927890797
0.00587949210281	0.281630404652	0.285469050992
0.00617346670795	0.00142185709427	0.00144221303314
0.00676141591823	0.00271762573393	0.00276026680264
0.00676141591823	0.180769922907	0.183606304167
0.00676141591823	0.369456537563	0.375253517407
0.00676141591823	0.295496088275	0.300132587277
0.00676141591823	0.177977358545	0.180769922907
0.00734936512852	0.153976410592	0.156604254525
0.00734936512852	0.0614512402052	0.0625
0.00734936512852	0.115873695318	0.117851257895
0.00764333973366	0.00117398118306	0.00119482548057
0.00764333973366	0.00132789738022	0.00135147449411
0.00764333973366	0.0055018808996	0.00559956802097
0.00764333973366	0.00610637222645	0.00621479222603
0.0079373143388	0.00157700860762	0.00160609554754
0.00852526354908	0.00097854762491	0.000997946434233
0.00852526354908	0.0442840103224	0.045161900218
0.00881923815422	0.122487219141	0.125
0.00881923815422	0.608446839876	0.620928906037
0.00970116196964	0.188645553449	0.192906887962
0.0102891111799	0.00244859837614	0.00250730212254
0.0105830857851	0.126618023669	0.129741410854
0.0105830857851	0.300539182863	0.307952821184
0.0111710349953	0.0696491714122	0.0714639453986
0.0114650096005	0.287797307488	0.295496088275
0.0117589842056	0.183606304167	0.188645553449
0.0120529588108	0.00535128678334	0.0055018808996
0.0129348826262	0.20022409446	0.20627719674
0.0135228318365	0.0573515609242	0.0591654366914
0.0135228318365	0.112017564764	0.115560379344
0.0135228318365	0.0388606306736	0.0400896880025
0.0144047556519	0.0514298586923	0.0531642983723
0.0144047556519	0.00564141755028	0.00583167081364
0.0149927048622	0.445047506629	0.460679701874
0.0149927048622	0.118250802135	0.122404335408
0.0155806540725	0.0592054994246	0.0613681036145
0.0155806540725	0.193037511136	0.200088608322
0.0158746286776	0.0065784030809	0.00682331010234
0.0158746286776	0.00192295279446	0.00199454230265
0.0161686032827	0.428783207787	0.445047506629
0.0164625778879	0.00320567470243	0.00332952306574
0.0164625778879	0.240700742955	0.25
0.016756552493	0.135577295277	0.140910552622
0.016756552493	0.0666962750423	0.0693199326247
0.0170505270982	0.00104212929754	0.00108385736373
0.0170505270982	0.0400896880025	0.0416949256237
0.0173445017033	0.0091286002543	0.0095005487599
0.0176384763084	0.333785268301	0.347620709291
0.0182264255187	0.5	0.521430498944
0.0185204001239	0.00723720542343	0.00755250984551
0.018814374729	0.000997946434233	0.00104212929754
0.018814374729	0.129741410854	0.13548555385
0.0191083493341	0.00125195501291	0.00130826906646
0.0194023239393	0.0956731435692	0.100044304161
0.0199902731496	0.00583167081364	0.00610637222645
0.0199902731496	0.143412450883	0.150167908132
0.0202842477547	0.00119482548057	0.00125195501291
0.0214601461753	0.00183024183019	0.00192295279446
0.0217541207804	0.00135147449411	0.00142089496267
0.0217541207804	0.00682331010234	0.00717379942831
0.0220480953855	0.10011204723	0.105325720313
0.0226360445958	0.045161900218	0.0475782267184
0.0226360445958	0.0903238004361	0.0951564534368
0.0226360445958	0.158202439322	0.166666847257
0.022930019201	0.105397039591	0.111111351899
0.0232239938061	0.266785100169	0.281439833103
0.0235179684112	0.00276026680264	0.00291386234119
0.0238119430164	0.0625	0.066022499257
0.0241059176215	0.00160718308413	0.0016989135117
0.0243998922267	0.0418646101267	0.0442840103224
0.0243998922267	0.00621479222603	0.00657395165645
0.0258697652524	0.25	0.265344306822
0.0264577144627	0.347620709291	0.369456537563
0.0273396382781	0.00416851719014	0.00443936889789
0.0279275874884	0.375253517407	0.400177216645
0.0282215620935	0.166779702495	0.177977358545
0.0285155366986	0.00170929507704	0.00182529295893
0.0288095113038	0.00361126185451	0.00385894413815
0.0288095113038	0.620928906037	0.663515983801
0.0291034859089	0.00335213710982	0.00358447255777
0.0291034859089	0.0719493268721	0.0769361094947
0.0291034859089	0.224338634375	0.239887466479
0.0293974605141	0.400177216645	0.428203112512
0.0296914351192	0.0775635925654	0.0830518577629
0.0305733589346	0.20697652628	0.222072331805
0.0308673335398	0.0476426818886	0.0511521078052
0.0308673335398	0.00847358095479	0.00909775666092
0.0311613081449	0.00108385736373	0.00116448377205
0.0311613081449	0.0105801214604	0.0113671597014
0.0323372065655	0.00251239888583	0.00270661072697
0.0329251557757	0.00386155714767	0.00416569646921
0.0329251557757	0.0531642983723	0.0573515609242
0.0338070795912	0.00444839310452	0.00480850684342
0.0341010541963	0.0835028211378	0.0903238004361
0.0343950288015	0.307952821184	0.333333694514
0.035570927222	0.460679701874	0.5
0.0358649018272	0.0357803795135	0.0388606306736
0.0379227240631	0.00144221303314	0.00157380941834
0.0379227240631	0.00485100707841	0.00529364279271
0.0402745209043	0.0324573156863	0.0356112419842
0.0411564447197	0.00291583540682	0.00320567470243
0.04174439393	0.00222419655226	0.00244859837614
0.0420383685351	0.00200944892692	0.00221368254669
0.043802216166	0.00955860384452	0.0105729621832
0.0482118352431	0.00755250984551	0.00843923606616
0.0508576066893	0.667570536602	0.750507034813
0.0537973527407	0.0286563763501	0.0324353527134
0.0573250480024	0.521430498944	0.59500618182
0.0608527432641	0.0159671429477	0.01836876494
0.0743755751006	0.024097044147	0.02859824276
0.114062146795	0.01836876494	0.0238859271516
0.119941638897	0.758679520599	1
0.14581140415	0.011413420267	0.0159671429477
