0.00029397460514	0.00150504614625	0.00150606525919
0.00029397460514	0.00175620830275	0.00175739748529
0.00029397460514	0.00208566991054	0.00208708218165
0.00029397460514	0.0065784030809	0.00658285751953
0.00029397460514	0.0492160756942	0.0492494014096
0.00029397460514	0.0509447794685	0.0509792757423
0.00029397460514	0.0518493153801	0.0518844241429
0.00029397460514	0.0555180829513	0.0555556759493
0.00029397460514	0.0576629742287	0.0577020195984
0.00029397460514	0.0644767070612	0.0645203662185
0.00029397460514	0.0717062254414	0.0717547799275
0.000293974605141	0.108070079986	0.108143257554
0.000293974605141	0.111186588805	0.111261876657
0.000293974605141	0.118973398324	0.119053958864
0.000293974605141	0.125	0.125084641337
0.000293974605141	0.125084641337	0.125169339987
0.000293974605141	0.153872218989	0.153976410592
0.000293974605141	0.176418078289	0.176537536384
0.000293974605141	0.200088608322	0.20022409446
0.000293974605141	0.214391603893	0.214536775029
0.000293974605141	0.224186830591	0.224338634375
0.000293974605141	0.230651896915	0.230808078394
0.000293974605141	0.249830831876	0.25
0.000293974605141	0.25	0.250169282673
0.000293974605141	0.285855781594	0.286049343318
0.000293974605141	0.428493061982	0.428783207787
0.000293974605141	0.44414466361	0.444445407594
0.000293974605141	0.509222188066	0.509566998039
0.000293974605141	0.59500618182	0.595409078769
0.000293974605141	0.600265174554	0.600671632528
0.000293974605141	0.666216273542	0.666667389029
0.000293974605141	0.666667389029	0.66711880998
0.000293974605141	0.357161489591	0.357403334598
0.000293974605141	0.400177216645	0.400448188921
0.000293974605141	0.402350139359	0.402622582987
0.000293974605141	0.425890568838	0.426178952415
0.000293974605141	0.428783207787	0.429073550057
0.000293974605141	0.445952184918	0.44625415283
0.000293974605141	0.5	0.500338565347
0.000293974605141	0.508877611416	0.509222188066
0.000293974605141	0.599858991619	0.600265174554
0.000293974605141	0.000979873282843	0.000980536785118
0.000293974605141	0.000980536785118	0.000981200736671
0.000293974605141	0.000981200736671	0.000981865137805
0.000293974605141	0.0010246422046	0.00102533602129
0.000293974605141	0.00116527227976	0.00116606132138
0.000293974605141	0.00160936036703	0.00161045011433
0.000293974605141	0.00223778796917	0.00223930324409
0.000293974605141	0.00260593285148	0.0026076974086
0.000293974605141	0.0026076974086	0.00260946316055
0.000293974605141	0.00286690723173	0.00286884850261
0.000293974605141	0.00364318017811	0.00364564708723
0.000293974605141	0.00405991169137	0.00406266078219
0.000293974605141	0.00436783118329	0.00437078877585
0.000293974605141	0.0053008141959	0.00530440353989
0.000293974605141	0.00546846470552	0.00547216757082
0.000293974605141	0.00579625160932	0.00580017642919
0.000293974605141	0.00609398457019	0.00609811099418
0.000293974605141	0.00658285751953	0.00658731497441
0.000293974605141	0.00986759392938	0.0098742755801
0.000293974605141	0.0345194834764	0.0345428576782
0.000293974605141	0.0518844241429	0.051919556679
0.000293974605141	0.0625	0.0625423206683
0.000293974605141	0.0645203662185	0.0645640549388
0.000293974605141	0.0666511435073	0.0666962750423
0.000293974605141	0.0689922501826	0.0690389669528
0.000293974605141	0.0690389669528	0.0690857153564
0.000293974605141	0.111111351899	0.111186588805
0.000293974605141	0.119053958864	0.119134573953
0.000293974605141	0.124915415938	0.125
0.000293974605141	0.137704578917	0.137797822913
0.000293974605141	0.139392666008	0.13948705306
0.000293974605141	0.143218430027	0.143315407621
0.000293974605141	0.158524028164	0.158631369649
0.000293974605141	0.165766750196	0.16587899595
0.000293974605141	0.187626758703	0.18775380654
0.000293974605141	0.190055434995	0.190184127364
0.000293974605141	0.213811901021	0.213956679621
0.000293974605141	0.237946796648	0.238107917727
0.000293974605141	0.245804960821	0.245971402904
0.000293974605141	0.250169282673	0.250338679973
0.000293974605141	0.307744437979	0.307952821184
0.000587949210281	0.00104001518804	0.0010414241173
0.000587949210281	0.002668408602	0.00267202354822
0.000587949210281	0.00317329049523	0.00317758941499
0.000587949210281	0.0045519585156	0.00455812514435
0.000587949210281	0.0344727825122	0.0345194834764
0.000587949210281	0.0442240990557	0.0442840103224
0.000587949210281	0.0625423206683	0.0626270479942
0.000587949210281	0.15830956305	0.158524028164
0.000587949210281	0.341787579311	0.342250605744
0.000587949210281	0.356678290416	0.357161489591
0.000587949210281	0.500338565347	0.501016383954
0.000587949210281	0.132134410235	0.132313415349
0.000587949210281	0.00175383235117	0.00175620830275
0.000587949210281	0.00208708218165	0.0020899095934
0.000587949210281	0.00286302862989	0.00286690723173
0.000587949210281	0.00316899739143	0.00317329049523
0.000587949210281	0.0716092150133	0.0717062254414
0.000881923815422	0.00108900520319	0.00109121889802
0.000881923815422	0.00167947561328	0.00168288959741
0.000881923815422	0.00179223627888	0.00179587947927
0.000881923815422	0.00303875338885	0.00304493046921
0.000881923815422	0.0038147925297	0.00382254711753
0.000881923815422	0.00694445949366	0.00695857596805
0.000881923815422	0.0714639453986	0.0716092150133
0.000881923815422	0.0833334236286	0.0835028211378
0.000881923815422	0.0952853637771	0.0954790568067
0.000881923815422	0.142927890797	0.143218430027
0.000881923815422	0.143315407621	0.143606734583
0.000881923815422	0.18775380654	0.188135466453
0.000881923815422	0.285275881937	0.285855781594
0.000881923815422	0.668474907687	0.669833762027
0.000881923815422	0.053308441408	0.0534168050969
0.000881923815422	0.0575459965737	0.0576629742287
0.000881923815422	0.143606734583	0.143898653744
0.000881923815422	0.157988409282	0.15830956305
0.000881923815422	0.182244263981	0.182614724273
0.000881923815422	0.213956679621	0.214391603893
0.000881923815422	0.299523725061	0.300132587277
0.000881923815422	0.66711880998	0.668474907687
0.000881923815422	0.00173494009223	0.00173846682277
0.000881923815422	0.00223930324409	0.00224385522786
0.000881923815422	0.00336805826722	0.00337490474797
0.000881923815422	0.00427423756789	0.00428292610085
0.000881923815422	0.00462651192563	0.00463591655059
0.000881923815422	0.0674682037377	0.0676053509371
0.000881923815422	0.0835028211378	0.0836725629928
0.00117589842056	0.00488395500692	0.00489719675227
0.00117589842056	0.0643023656615	0.0644767070612
0.00117589842056	0.0509792757423	0.0511174945807
0.0014698730257	0.0798543951315	0.0801251208263
0.0014698730257	0.55531073373	0.557193371298
0.0014698730257	0.0009765625	0.000979873282843
0.0014698730257	0.00116606132138	0.00117001455102
0.0014698730257	0.00214581614779	0.00215309098302
0.0014698730257	0.00658731497441	0.00660964756387
0.0014698730257	0.0442840103224	0.0444341438178
0.0014698730257	0.0589655292992	0.0591654366914
0.0014698730257	0.13000514503	0.130445893885
0.0014698730257	0.153976410592	0.154498427829
0.0014698730257	0.181628499481	0.182244263981
0.0014698730257	0.288773009901	0.289752020181
0.0014698730257	0.444445407594	0.445952184918
0.0014698730257	0.375253517407	0.376525717503
0.0014698730257	0.501016383954	0.502714950556
0.0014698730257	0.00597148178791	0.00599172655407
0.00176384763084	0.0909372776112	0.0913073621363
0.00176384763084	0.0996388072995	0.100044304161
0.00176384763084	0.0046077598729	0.00462651192563
0.00176384763084	0.00609811099418	0.00612292828112
0.00176384763084	0.0098742755801	0.00991446060306
0.00176384763084	0.0760558549846	0.0763653770608
0.00176384763084	0.265703774033	0.266785100169
0.00176384763084	0.333333694514	0.334690251971
0.00176384763084	0.255820383262	0.25686148728
0.00205782223598	0.0110560247639	0.0111085359544
0.00205782223598	0.16587899595	0.166666847257
0.00205782223598	0.400448188921	0.402350139359
0.00205782223598	0.326191040804	0.327740302881
0.00205782223598	0.00118756859499	0.00119320901657
0.00205782223598	0.0449484152767	0.045161900218
0.00205782223598	0.0905074077589	0.0909372776112
0.00235179684112	0.00337490474797	0.00339323014702
0.00235179684112	0.00437078877585	0.00439452172669
0.00235179684112	0.608446839876	0.611750646049
0.00235179684112	0.0923641343907	0.0928656625068
0.00235179684112	0.324429421129	0.326191040804
0.00235179684112	0.426178952415	0.428493061982
0.00235179684112	0.750507034813	0.754582213797
0.00235179684113	0.00364564708723	0.0036654425904
0.00264577144627	0.307952821184	0.309834631124
0.00293974605141	0.0626270479942	0.0630524094638
0.00293974605141	0.10647264221	0.107195801947
0.00293974605141	0.136775602172	0.137704578917
0.00293974605141	0.0306218047852	0.030829787379
0.00323372065655	0.250338679973	0.252209637855
0.00323372065655	0.595409078769	0.599858991619
0.00323372065655	0.0763653770608	0.0769361094947
0.00352769526169	0.107195801947	0.108070079986
0.00352769526169	0.132313415349	0.133392550085
0.00352769526169	0.147448315933	0.148650889375
0.00352769526169	0.809617567597	0.816220725994
0.00352769526169	0.00433249578904	0.00436783118329
0.00352769526169	0.00530440353989	0.00534766571474
0.00382166986683	0.00173846682277	0.00175383235117
0.00382166986683	0.222222703797	0.224186830591
0.00411564447197	0.0036654425904	0.00370034371404
0.00411564447197	0.272811537231	0.275409157833
0.00411564447197	0.0943866455718	0.0952853637771
0.00411564447197	0.0954790568067	0.096388176588
0.00411564447197	0.286049343318	0.288773009901
0.00440961907711	0.188135466453	0.190055434995
0.00440961907711	0.282393982142	0.285275881937
0.00470359368225	0.00455812514435	0.0046077598729
0.00470359368225	0.0549200428942	0.0555180829513
0.00470359368225	0.105325720313	0.10647264221
0.00470359368225	0.13530225719	0.136775602172
0.00470359368225	0.00686965386762	0.00694445949366
0.00499756828739	0.00401346073875	0.00405991169137
0.00499756828739	0.00428292610085	0.00433249578904
0.00499756828739	0.0666962750423	0.0674682037377
0.00499756828739	0.137797822913	0.139392666008
0.00499756828739	0.13948705306	0.14110144695
0.00499756828739	0.0444341438178	0.0449484152767
0.00499756828739	0.0568875915236	0.0575459965737
0.00499756828739	0.0913073621363	0.0923641343907
0.00529154289253	0.0598907314545	0.0606249174304
0.00529154289253	0.115404039197	0.116818749371
0.00529154289253	0.502714950556	0.508877611416
0.00529154289253	0.0503278228734	0.0509447794685
0.00529154289253	0.0591654366914	0.0598907314545
0.00558551749767	0.130445893885	0.132134410235
0.00558551749767	0.600671632528	0.608446839876
0.00558551749767	0.14110144695	0.142927890797
0.00558551749767	0.166666847257	0.168824214487
0.00617346670795	0.00102533602129	0.00104001518804
0.00617346670795	0.00580017642919	0.00588321433599
0.00617346670795	0.0511174945807	0.0518493153801
0.00617346670795	0.252209637855	0.255820383262
0.00617346670795	0.133392550085	0.13530225719
0.00617346670795	0.0717547799275	0.0727820532874
0.00646744131309	0.00588321433599	0.00597148178791
0.00646744131309	0.00117001455102	0.00118756859499
0.00646744131309	0.0111085359544	0.0112752003164
0.00646744131309	0.11369819451	0.115404039197
0.00676141591823	0.245971402904	0.249830831876
0.00676141591823	0.00312004218342	0.00316899739143
0.00676141591823	0.00570671013352	0.00579625160932
0.00705539052337	0.000981865137805	0.000997946434233
0.00705539052337	0.0928656625068	0.0943866455718
0.00705539052337	0.218641720841	0.222222703797
0.00734936512852	0.00599172655407	0.00609398457019
0.00734936512852	0.327740302881	0.333333694514
0.00764333973366	0.00147878990202	0.00150504614625
0.00764333973366	0.00479875209417	0.00488395500692
0.00764333973366	0.0727820532874	0.0740743148617
0.00764333973366	0.357403334598	0.363749110445
0.0079373143388	0.00106928294633	0.00108900520319
0.0079373143388	0.116818749371	0.118973398324
0.00823128894394	0.00122928167925	0.00125280275008
0.00823128894394	0.214536775029	0.218641720841
0.00823128894394	0.00179587947927	0.00183024183019
0.00852526354908	0.00419115182627	0.00427423756789
0.00852526354908	0.00175739748529	0.00179223627888
0.00852526354908	0.0630524094638	0.0643023656615
0.00881923815422	0.00612292828112	0.00624853793325
0.00881923815422	0.0676053509371	0.0689922501826
0.00911321275936	0.334690251971	0.341787579311
0.0094071873645	0.111261876657	0.11369819451
0.0094071873645	0.00109121889802	0.00111511348044
0.0094071873645	0.0492494014096	0.0503278228734
0.0094071873645	0.0577020195984	0.0589655292992
0.00970116196964	0.045161900218	0.0461820671954
0.00970116196964	0.195668628812	0.200088608322
0.00970116196964	0.00260946316055	0.002668408602
0.00970116196964	0.00534766571474	0.00546846470552
0.00970116196964	0.154498427829	0.157988409282
0.00970116196964	0.266785100169	0.272811537231
0.00999513657478	0.100044304161	0.102373488935
0.00999513657478	0.119134573953	0.121908209474
0.0102891111799	0.0555556759493	0.0568875915236
0.0102891111799	0.00718351791709	0.00735573865293
0.0105830857851	0.00304493046921	0.00312004218342
0.0105830857851	0.00382254711753	0.00391684091816
0.0105830857851	0.121908209474	0.124915415938
0.0105830857851	0.143898653744	0.147448315933
0.0105830857851	0.00391684091816	0.00401346073875
0.0108770603902	0.208523408141	0.213811901021
0.0108770603902	0.300132587277	0.307744437979
0.0108770603902	0.275409157833	0.282393982142
0.0111710349953	0.557193371298	0.571711563189
0.0114650096005	0.051919556679	0.053308441408
0.0114650096005	0.0740743148617	0.0760558549846
0.0114650096005	0.376525717503	0.386598045785
0.0114650096005	0.000997946434233	0.0010246422046
0.0114650096005	0.0010414241173	0.00106928294633
0.0114650096005	0.0020899095934	0.00214581614779
0.0117589842056	0.00327808802994	0.00336805826722
0.0117589842056	0.108143257554	0.111111351899
0.0117589842056	0.182614724273	0.187626758703
0.0117589842056	0.787990422554	0.809617567597
0.0120529588108	0.224338634375	0.230651896915
0.0120529588108	0.0534168050969	0.0549200428942
0.0123469334159	0.190184127364	0.195668628812
0.0123469334159	0.102373488935	0.105325720313
0.0123469334159	0.176537536384	0.181628499481
0.012640908021	0.00188684981745	0.00194257699899
0.0129348826262	0.00119320901657	0.00122928167925
0.0132288572313	0.0606249174304	0.0625
0.0132288572313	0.230808078394	0.237946796648
0.0132288572313	0.00168288959741	0.00173494009223
0.0132288572313	0.00183024183019	0.00188684981745
0.0132288572313	0.00370034371404	0.0038147925297
0.0135228318365	0.363749110445	0.375253517407
0.0135228318365	0.00317758941499	0.00327808802994
0.0135228318365	0.00406266078219	0.00419115182627
0.0135228318365	0.00489719675227	0.00505208192668
0.0138168064416	0.00695857596805	0.00718351791709
0.0138168064416	0.0645640549388	0.0666511435073
0.0138168064416	0.238107917727	0.245804960821
0.0144047556519	0.289752020181	0.299523725061
0.0144047556519	0.00224385522786	0.00231952783599
0.0144047556519	0.096388176588	0.0996388072995
0.014698730257	0.25686148728	0.265703774033
0.014698730257	0.0690857153564	0.0714639453986
0.0149927048622	0.00463591655059	0.00479875209417
0.0149927048622	0.386598045785	0.400177216645
0.0149927048622	0.429073550057	0.44414466361
0.0149927048622	0.148650889375	0.153872218989
0.0149927048622	0.00142861028181	0.00147878990202
0.0152866794673	0.00439452172669	0.0045519585156
0.0161686032827	0.0769361094947	0.0798543951315
0.0164625778879	0.125169339987	0.13000514503
0.016756552493	0.00215309098302	0.00223778796917
0.016756552493	0.00660964756387	0.00686965386762
0.016756552493	0.0836725629928	0.0869640234857
0.0170505270982	0.0801251208263	0.0833334236286
0.0173445017033	0.0869640234857	0.0905074077589
0.0173445017033	0.571711563189	0.59500618182
0.0176384763084	0.20022409446	0.208523408141
0.0179324509136	0.342250605744	0.356678290416
0.0182264255187	0.00131004140459	0.00136619108646
0.0182264255187	0.00161045011433	0.00167947561328
0.0182264255187	0.00547216757082	0.00570671013352
0.0182264255187	0.479450282456	0.5
0.018814374729	0.754582213797	0.787990422554
0.0191083493341	0.158631369649	0.165766750196
0.0191083493341	0.168824214487	0.176418078289
0.0191083493341	0.00111511348044	0.00116527227976
0.0194023239393	0.00231952783599	0.00242550353921
0.0194023239393	0.00125280275008	0.00131004140459
0.0194023239393	0.00136619108646	0.00142861028181
0.0199902731496	0.309834631124	0.324429421129
0.020872196965	0.00505208192668	0.0053008141959
0.0223420699907	0.00624853793325	0.0065784030809
0.0243998922267	0.402622582987	0.425890568838
0.024987841437	0.00286884850261	0.00303875338885
0.0270456636729	0.0345428576782	0.0367624059891
0.0273396382781	0.00735573865293	0.00783368183633
0.0276336128832	0.0461820671954	0.0492160756942
0.0288095113038	0.00150606525919	0.00160936036703
0.0299854097243	0.00267202354822	0.00286302862989
0.0308673335398	0.00194257699899	0.00208566991054
0.0308673335398	0.00339323014702	0.00364318017811
0.0311613081449	0.00242550353921	0.00260593285148
0.0311613081449	0.44625415283	0.479450282456
0.0320432319603	0.0367624059891	0.0395773907624
0.0364528510374	0.00783368183633	0.00851959166145
0.0370408002477	0.611750646049	0.666216273542
0.0373347748529	0.509566998039	0.55531073373
0.0473299114276	0.00991446060306	0.0110560247639
0.0476238860328	0.0274414400058	0.0306218047852
0.0482118352431	0.0395773907624	0.0442240990557
0.0485058098482	0.030829787379	0.0344727825122
0.0493877336636	0.669833762027	0.750507034813
0.0637924893155	0.00851959166145	0.00986759392938
0.0637924893155	0.0112752003164	0.0130592054896
0.0881923815422	0.816220725994	1
0.322490141839	0.0130592054896	0.0274414400058
