0.00029397460514	0.00171857638028	0.00171974008109
0.00029397460514	0.00330482378193	0.00330706157955
0.00029397460514	0.00681869295605	0.00682331010234
0.00029397460514	0.00890281049605	0.00890883886229
0.00029397460514	0.0256627629053	0.0256801399497
0.00029397460514	0.0405536776412	0.040581137781
0.00029397460514	0.0625423206683	0.0625846699933
0.000293974605141	0.377035804383	0.377291106898
0.000293974605141	0.111337215489	0.111412605335
0.000293974605141	0.118250802135	0.118330873383
0.000293974605141	0.123653501649	0.123737231231
0.000293974605141	0.174990870577	0.175109362266
0.000293974605141	0.175109362266	0.17522793419
0.000293974605141	0.188262858752	0.188390337312
0.000293974605141	0.197130998764	0.197264482214
0.000293974605141	0.200088608322	0.20022409446
0.000293974605141	0.285662350849	0.285855781594
0.000293974605141	0.301966610047	0.302171080907
0.000293974605141	0.333333694514	0.33355940499
0.000293974605141	0.333785268301	0.334011284551
0.000293974605141	0.425314386978	0.425602380404
0.000293974605141	0.509222188066	0.509566998039
0.000293974605141	0.544884908037	0.545253866333
0.000293974605141	0.666216273542	0.666667389029
0.000293974605141	0.667570536602	0.668022569102
0.000293974605141	0.76850001197	0.769020386916
0.000293974605141	0.666667389029	0.66711880998
0.000293974605141	0.999323327503	1
0.000293974605141	0.331533500392	0.3317579919
0.000293974605141	0.406731445119	0.407006855464
0.000293974605141	0.5	0.500338565347
0.000293974605141	0.66711880998	0.667570536602
0.000293974605141	0.00168402913361	0.00168516944142
0.000293974605141	0.00168516944142	0.00168631052137
0.000293974605141	0.00168631052137	0.00168745237399
0.000293974605141	0.0017174134669	0.00171857638028
0.000293974605141	0.0019491628044	0.00195048264237
0.000293974605141	0.00370786565399	0.00371037636363
0.000293974605141	0.0041208236418	0.00412361397797
0.000293974605141	0.00657395165645	0.0065784030809
0.000293974605141	0.00890883886229	0.00891487131052
0.000293974605141	0.011975344235	0.0119834531081
0.000293974605141	0.0222321157702	0.0222471698182
0.000293974605141	0.0256801399497	0.0256975287607
0.000293974605141	0.0256975287607	0.0257149293462
0.000293974605141	0.0428102942667	0.0428392824309
0.000293974605141	0.0760043900792	0.0760558549846
0.000293974605141	0.0843549878918	0.0844121072433
0.000293974605141	0.118330873383	0.118410998849
0.000293974605141	0.123904860519	0.123988760303
0.000293974605141	0.166666847257	0.166779702495
0.000293974605141	0.33355940499	0.333785268301
0.000587949210281	0.00147179951025	0.00147379338632
0.000587949210281	0.00370284933034	0.00370786565399
0.000587949210281	0.0909372776112	0.0910604721501
0.000587949210281	0.123737231231	0.123904860519
0.000587949210281	0.767460318211	0.76850001197
0.000587949210281	0.153768097891	0.153976410592
0.000587949210281	0.00122678790417	0.00122844985814
0.000587949210281	0.00146980833166	0.00147179951025
0.000587949210281	0.0015070850622	0.00150912674031
0.000587949210281	0.00463905567198	0.00464534029298
0.000587949210281	0.00525081765885	0.00525793104598
0.000881923815422	0.00613537477323	0.00614784656617
0.000881923815422	0.0131123521198	0.0131390064883
0.000881923815422	0.0165056248142	0.0165391769187
0.000881923815422	0.0760558549846	0.0762104588858
0.000881923815422	0.111111351899	0.111337215489
0.000881923815422	0.124746419482	0.125
0.000881923815422	0.260538830633	0.261068445607
0.000881923815422	0.000998622174393	0.0010006521415
0.000881923815422	0.00113721958261	0.00113953128609
0.000881923815422	0.00129856398008	0.00130120365926
0.000881923815422	0.00139138962873	0.00139421800091
0.00117589842056	0.197264482214	0.197799320482
0.0014698730257	0.00525793104598	0.0052757567027
0.0014698730257	0.00972831898574	0.00976130033777
0.0014698730257	0.0104307896344	0.0104661525317
0.0014698730257	0.0833334236286	0.0836159440706
0.0014698730257	0.0032936574872	0.00330482378193
0.00176384763084	0.222222703797	0.223127076415
0.00176384763084	0.373732550022	0.375253517407
0.00176384763084	0.0010006521415	0.00100472446346
0.00176384763084	0.00216624789452	0.00217506380417
0.00176384763084	0.425602380404	0.427334440775
0.00205782223598	0.00664553729653	0.00667710063711
0.00205782223598	0.0222471698182	0.0223528339604
0.00205782223598	0.050361901387	0.0506010979748
0.00205782223598	0.3317579919	0.333333694514
0.00205782223598	0.375253517407	0.377035804383
0.00205782223598	0.0471933227859	0.0474174700374
0.00235179684112	0.165766750196	0.166666847257
0.00235179684112	0.430819736937	0.433159045506
0.00264577144627	0.00122844985814	0.00123595655721
0.00264577144627	0.123988760303	0.124746419482
0.00264577144627	0.300132587277	0.301966610047
0.00264577144627	0.479125851636	0.482053650078
0.00323372065655	0.125	0.125934213344
0.00323372065655	0.142927890797	0.143996091939
0.00323372065655	0.00976130033777	0.00983425343398
0.00323372065655	0.100044304161	0.100792005952
0.00352769526169	0.427334440775	0.430819736937
0.00352769526169	0.125934213344	0.126961319957
0.00352769526169	0.668022569102	0.673470893116
0.00352769526169	0.20022409446	0.201857101776
0.00382166986683	0.0836159440706	0.0843549878918
0.00411564447197	0.0147413823248	0.014881744858
0.00440961907711	0.00571057432211	0.00576885213258
0.00440961907711	0.0065784030809	0.00664553729653
0.00499756828739	0.197799320482	0.200088608322
0.00529154289253	0.0549200428942	0.0555932944026
0.00529154289253	0.0600937755056	0.0608304505494
0.00529154289253	0.00171974008109	0.00174082195836
0.00558551749767	0.0118223139645	0.011975344235
0.00558551749767	0.537921944531	0.544884908037
0.00587949210281	0.00457667520021	0.00463905567198
0.00587949210281	0.0910604721501	0.0923016341212
0.00587949210281	0.185731325014	0.188262858752
0.00587949210281	0.0082249279141	0.00833703438029
0.00646744131309	0.394261997527	0.400177216645
0.00705539052337	0.400177216645	0.406731445119
0.00764333973366	0.00168745237399	0.0017174134669
0.00764333973366	0.500338565347	0.509222188066
0.0079373143388	0.00891487131052	0.00907930055014
0.0079373143388	0.0762104588858	0.0776161132546
0.00823128894394	0.52782258918	0.537921944531
0.00881923815422	0.0625846699933	0.0638685717909
0.00881923815422	0.100792005952	0.102859717385
0.00881923815422	0.244974438282	0.25
0.00881923815422	0.614240268053	0.626841184291
0.00911321275936	0.00667710063711	0.00681869295605
0.00970116196964	0.750507034813	0.767460318211
0.00970116196964	0.0009765625	0.000998622174393
0.00970116196964	0.00147379338632	0.0015070850622
0.00999513657478	0.600265174554	0.614240268053
0.0102891111799	0.0101865723843	0.0104307896344
0.0114650096005	0.0416949256237	0.0428102942667
0.0117589842056	0.040581137781	0.0416949256237
0.0117589842056	0.00682331010234	0.00701058232423
0.0120529588108	0.0608304505494	0.0625423206683
0.012640908021	0.00614784656617	0.00632942019142
0.0135228318365	0.0179995114924	0.0185687876758
0.0135228318365	0.00330706157955	0.00341165505117
0.0152866794673	0.509566998039	0.52782258918
0.0152866794673	0.00983425343398	0.0101865723843
0.0158746286776	0.482053650078	0.5
0.0164625778879	0.00632942019142	0.00657395165645
0.0179324509136	0.25	0.260538830633
0.018814374729	0.118410998849	0.123653501649
0.0191083493341	0.377291106898	0.394261997527
0.0191083493341	0.407006855464	0.425314386978
0.0194023239393	0.126961319957	0.132761989798
0.0196962985444	0.188390337312	0.197130998764
0.0205782223598	0.00100472446346	0.00105347734156
0.0205782223598	0.00206599816406	0.00216624789452
0.020872196965	0.166779702495	0.174990870577
0.0211661715701	0.285855781594	0.300132587277
0.0214601461753	0.00123595655721	0.00129856398008
0.0220480953855	0.0112371038192	0.0118223139645
0.0223420699907	0.00371037636363	0.00390625
0.022930019201	0.00139421800091	0.00146980833166
0.0232239938061	0.00390625	0.0041208236418
0.024987841437	0.00195048264237	0.00206599816406
0.0252818160421	0.17522793419	0.185731325014
0.0258697652524	0.111412605335	0.118250802135
0.0261637398575	0.0474174700374	0.050361901387
0.0264577144627	0.626841184291	0.666216273542
0.0267516890678	0.00576885213258	0.00613537477323
0.0270456636729	0.00701058232423	0.00746104668074
0.0282215620935	0.0638685717909	0.0681567332916
0.0285155366986	0.143996091939	0.153768097891
0.0285155366986	0.00217506380417	0.00232267014649
0.0285155366986	0.00833703438029	0.00890281049605
0.0291034859089	0.00130120365926	0.00139138962873
0.0299854097243	0.00907930055014	0.00972831898574
0.0308673335398	0.0104661525317	0.0112371038192
0.0308673335398	0.0776161132546	0.0833334236286
0.0320432319603	0.00113953128609	0.00122678790417
0.0320432319603	0.153976410592	0.165766750196
0.0320432319603	0.132761989798	0.142927890797
0.0323372065655	0.0844121072433	0.0909372776112
0.0332191303809	0.00105347734156	0.00113721958261
0.033513104986	0.102859717385	0.111111351899
0.0338070795912	0.0555932944026	0.0600937755056
0.0343950288015	0.0052757567027	0.00571057432211
0.0349829780117	0.0923016341212	0.100044304161
0.035570927222	0.00341165505117	0.00370284933034
0.035570927222	0.0506010979748	0.0549200428942
0.0367468256426	0.0165391769187	0.0179995114924
0.0390986224837	0.0119834531081	0.0131123521198
0.0390986224837	0.261068445607	0.285662350849
0.0402745209043	0.302171080907	0.331533500392
0.0405684955094	0.223127076415	0.244974438282
0.04174439393	0.201857101776	0.222222703797
0.04174439393	0.545253866333	0.600265174554
0.0420383685351	0.0428392824309	0.0471933227859
0.0423323431402	0.00746104668074	0.0082249279141
0.0429202923505	0.00267021546337	0.00294758677264
0.043802216166	0.433159045506	0.479125851636
0.0449781145865	0.014881744858	0.0165056248142
0.0452720891917	0.00412361397797	0.00457667520021
0.0470359368225	0.673470893116	0.750507034813
0.0473299114276	0.0681567332916	0.0760043900792
0.0476238860328	0.00150912674031	0.00168402913361
0.0482118352431	0.00294758677264	0.0032936574872
0.0487997844533	0.334011284551	0.373732550022
0.0490937590585	0.00174082195836	0.0019491628044
0.0499756828739	0.0131390064883	0.0147413823248
0.0532094035304	0.00464534029298	0.00525081765885
0.0599708194487	0.0223528339604	0.0256627629053
0.060558768659	0.00232267014649	0.00267021546337
0.0693780068132	0.0257149293462	0.0301691686092
0.0781972449674	0.0185687876758	0.0222321157702
0.113768172189	0.769020386916	0.999323327503
0.128466902446	0.0301691686092	0.0405536776412
