0.00029397460514	0.00482154402805	0.0048248088435
0.00029397460514	0.00709172133333	0.00709652335552
0.00029397460514	0.0250110760403	0.0250280118075
0.00029397460514	0.0500221520806	0.0500560236151
0.00029397460514	0.0624154445557	0.0624577079689
0.00029397460514	0.281439833103	0.281630404652
0.000293974605141	0.111036165903	0.111111351899
0.000293974605141	0.333333694514	0.33355940499
0.000293974605141	0.762282910217	0.762799075372
0.000293974605141	0.370960102997	0.371211291468
0.000293974605141	0.5	0.500338565347
0.000293974605141	0.599858991619	0.600265174554
0.000293974605141	0.00101910854598	0.00101979861565
0.000293974605141	0.00125365106127	0.00125449994688
0.000293974605141	0.00125449994688	0.0012553494073
0.000293974605141	0.0012553494073	0.00125619944292
0.000293974605141	0.00144318959985	0.00144416682783
0.000293974605141	0.00250730212254	0.00250899989377
0.000293974605141	0.00452431176497	0.00452737531533
0.000293974605141	0.00476315368036	0.00476637895791
0.000293974605141	0.0132014109138	0.0132103499943
0.000293974605141	0.0151562293576	0.0151664921057
0.000293974605141	0.0198155035205	0.0198289212061
0.000293974605141	0.0224438025725	0.0224589999601
0.000293974605141	0.0400083602916	0.0400354511804
0.000293974605141	0.0624577079689	0.0625
0.000293974605141	0.0712224839684	0.0712707108983
0.000293974605141	0.111488046229	0.111563538207
0.000293974605141	0.166666847257	0.166779702495
0.000587949210281	0.0019491628044	0.00195180337403
0.000587949210281	0.0363172022006	0.0363664018368
0.000587949210281	0.0926772711243	0.092802822867
0.000587949210281	0.370458235855	0.370960102997
0.000587949210281	0.00545737113662	0.00546476434585
0.000587949210281	0.00709652335552	0.00710613715687
0.000587949210281	0.00714956069001	0.0071592463421
0.000587949210281	0.0172014247519	0.0172247278642
0.000881923815422	0.0012638757116	0.00126644487759
0.000881923815422	0.598642091188	0.599858991619
0.000881923815422	0.011991567472	0.0120159435456
0.000881923815422	0.0332804860172	0.0333481375212
0.000881923815422	0.0712707108983	0.0714155877122
0.000881923815422	0.0714155877122	0.071560759027
0.000881923815422	0.399906427728	0.40071934468
0.000881923815422	0.543043858142	0.544147740269
0.000881923815422	0.00782308374916	0.00783898626274
0.00117589842056	0.222674430978	0.223278162607
0.00117589842056	0.0223831157892	0.0224438025725
0.00117589842056	0.0721444012869	0.0723400046021
0.0014698730257	0.111111351899	0.111488046229
0.00176384763084	0.00144416682783	0.0014500441073
0.00176384763084	0.00250899989377	0.00251921069025
0.00176384763084	0.166779702495	0.167458440507
0.00205782223598	0.0275158412975	0.0276465292812
0.00205782223598	0.500338565347	0.502714950556
0.00205782223598	0.746959310968	0.750507034813
0.00205782223598	0.324429421129	0.325970316298
0.00205782223598	0.135669098825	0.136313466583
0.00235179684113	0.0250280118075	0.0251639114367
0.00264577144627	0.00125619944292	0.0012638757116
0.00264577144627	0.00710613715687	0.00714956069001
0.00323372065655	0.00541688691234	0.00545737113662
0.00352769526169	0.071560759027	0.0721444012869
0.00352769526169	0.371211291468	0.374238852942
0.00382166986683	0.00277713398861	0.00280167983017
0.00411564447197	0.0400354511804	0.0404166554134
0.00440961907711	0.0150031188528	0.0151562293576
0.00499756828739	0.00476637895791	0.00482154402805
0.00558551749767	0.0276465292812	0.0280043911911
0.00558551749767	0.713839616468	0.723079691629
0.00676141591823	0.750507034813	0.762282910217
0.00705539052337	0.426756305519	0.433745854681
0.00734936512852	0.196864302777	0.20022409446
0.00852526354908	0.00783898626274	0.00799438697695
0.0094071873645	0.281630404652	0.287797307488
0.00970116196964	0.325970316298	0.333333694514
0.0117589842056	0.111563538207	0.114625505401
0.0120529588108	0.162104944331	0.166666847257
0.0123469334159	0.00172206984719	0.00177173064014
0.0141107810467	0.723079691629	0.746959310968
0.014698730257	0.0280043911911	0.0289684238294
0.0185204001239	0.0009765625	0.00101910854598
0.0220480953855	0.00452737531533	0.00476315368036
0.0238119430164	0.00118676499998	0.00125365106127
0.0238119430164	0.0877326594791	0.0926772711243
0.0252818160421	0.433745854681	0.459745146694
0.0255757906472	0.00280167983017	0.00297162699006
0.0273396382781	0.40071934468	0.426756305519
0.0288095113038	0.374238852942	0.399906427728
0.0296914351192	0.666667389029	0.713839616468
0.0326311811706	0.0014500441073	0.00156319225252
0.0329251557757	0.0813272596311	0.0877326594791
0.033513104986	0.502714950556	0.543043858142
0.0364528510374	0.459745146694	0.5
0.0370408002477	0.0333481375212	0.0363172022006
0.0370408002477	0.00799438697695	0.00870614642653
0.037628749458	0.136313466583	0.148650889375
0.037628749458	0.148650889375	0.162104944331
0.0382166986683	0.0571577822314	0.0624154445557
0.0385106732734	0.0071592463421	0.00782308374916
0.0388046478786	0.0251639114367	0.0275158412975
0.039686571694	0.0109443351416	0.011991567472
0.0408624701145	0.0120159435456	0.0132014109138
0.0414504193248	0.0363664018368	0.0400083602916
0.0414504193248	0.544147740269	0.598642091188
0.0414504193248	0.00177173064014	0.0019491628044
0.0420383685351	0.00156319225252	0.00172206984719
0.0423323431402	0.00251921069025	0.00277713398861
0.0455660637968	0.600265174554	0.666667389029
0.0455660637968	0.33355940499	0.370458235855
0.0461540130071	0.20022409446	0.222674430978
0.0467419622174	0.0224589999601	0.0250110760403
0.0490937590585	0.223278162607	0.25
0.050269657479	0.0048248088435	0.00541688691234
0.0508576066893	0.0723400046021	0.0813272596311
0.0514455558996	0.25	0.281439833103
0.0520335051099	0.287797307488	0.324429421129
0.0526214543202	0.0198289212061	0.0223831157892
0.054385301951	0.00221218460859	0.00250730212254
0.054385301951	0.00195180337403	0.00221218460859
0.0546792765562	0.0151664921057	0.0172014247519
0.0552672257664	0.0132103499943	0.0150031188528
0.0567370987921	0.0625	0.0712224839684
0.0567370987921	0.00126644487759	0.00144318959985
0.0576190226076	0.0500560236151	0.0571577822314
0.0602647940538	0.0289684238294	0.0332804860172
0.0608527432641	0.0172247278642	0.0198155035205
0.0658503115515	0.00101979861565	0.00118676499998
0.0702599306286	0.167458440507	0.196864302777
0.07319967668	0.114625505401	0.135669098825
0.0779032703623	0.092802822867	0.111036165903
0.0858405847011	0.00297162699006	0.00362105297868
0.0926020006193	0.0404166554134	0.0500221520806
0.0967176450913	0.00362105297868	0.00452431176497
0.0993634165375	0.00870614642653	0.0109443351416
0.113180222979	0.00546476434585	0.00709172133333
0.117589842056	0.762799075372	1
