0 38.6755783391
0.0009765625 13269.0800224
0.00106567006731 14090.0347887
0.00107073152521 15048.4039616
0.00111360485779 15991.3695016
0.00117398118306 15798.0518093
0.00128631610649 16571.6862622
0.00130561505408 16944.1416527
0.00130738379676 16716.6636379
0.0014189726522 17029.3068785
0.00143831336999 17495.3794939
0.00155685636405 18074.2351841
0.00155791055928 18205.5721847
0.00157274446479 18677.7986009
0.00171509000036 19121.6765843
0.00193339423798 19778.0394165
0.001953125 19875.0254015
0.00235751779333 21898.3333144
0.00235911414099 21467.9341114
0.00236071156958 21756.3146494
0.00254147686347 22110.4653261
0.00254319777546 21713.2177994
0.00255009308414 22087.7866052
0.00296158649622 22714.8492688
0.00381737564281 24588.4721687
0.00381996050503 24582.7498826
0.00401889785384 24588.5462265
0.00407919446261 25018.9701767
0.00426556666087 24799.3187337
0.00427134530888 24789.3480458
0.00459530074863 25298.1011677
0.00502820021646 25716.4028455
0.00504183305026 25617.3826486
0.00506577951036 25903.5272996
0.00583561961694 26326.0158962
0.00586333620948 26248.6649208
0.00643308542852 26844.9186754
0.00643744146812 27189.1389775
0.00644180045732 27048.8852813
0.00644616239813 26910.9272418
0.00656950324417 26656.0654244
0.00880690953885 27906.52038
0.00937279674405 28200.8071401
0.0107606874828 29080.4307128
0.01204036917 29729.9334976
0.0125309588765 29858.113618
0.0125479348158 29825.2743282
0.0138889189873 29866.2596928
0.0139454422759 30382.8154307
0.0145628597531 30260.5781902
0.017853896928 30951.2213528
0.0178901897567 30902.9964276
0.0179995114924 30751.4355652
0.0207629644407 31347.9264391
0.0208333559071 31353.890008
0.0208615792688 31301.1017712
0.0208757052844 31346.3994007
0.0235966613929 31268.1271009
0.0238213409443 31732.252042
0.0238374711054 31579.1942305
0.0250110760403 31687.3814527
0.0250280118075 31826.872709
0.0277778379746 31859.0240397
0.0284630559289 31936.1588866
0.028501615397 31793.2840746
0.031355945051 32085.7317315
0.0332129717541 32142.6936221
0.0333030212558 32058.4395614
0.0333481375212 32099.5425545
0.0336884634373 32074.9936471
0.0337112749299 32369.321861
0.038598470748 32378.4364701
0.0404166554134 32200.5725877
0.0441642688422 32506.2747801
0.0477072243774 32522.3930751
0.048194088294 32572.9011449
0.0555556759493 32657.2187098
0.0555932944026 32628.8797112
0.0556309383286 32731.8182406
0.0559330088225 32543.0131679
0.0620783651716 32516.2417711
0.062120400338 32475.8934524
0.0621624639677 32564.4209385
0.0666511435073 32628.3784154
0.0666962750423 32699.6991645
0.0766242741413 32567.1003599
0.0766761587891 32565.9104467
0.0767280785697 32662.508408
0.0767800335067 32775.9869579
0.0833334236286 32399.8249919
0.0842979071915 32522.1846536
0.0990336415783 32606.441295
0.100044304161 32366.770797
0.100383478526 32373.6213232
0.111111351899 32073.4169765
0.119943733239 32302.5820954
0.125 31993.4140463
0.136405768615 32109.3510168
0.143996091939 31909.9572567
0.144093596113 31857.5256475
0.145465607347 31839.8954548
0.163870151441 31753.1570719
0.166666847257 30876.9601385
0.166779702495 30638.2891147
0.169281943367 30709.8625273
0.18775380654 30465.1896618
0.187880940406 30739.260937
0.200088608322 30427.499994
0.201311291494 30350.4358897
0.232848087463 30183.3030693
0.23300575605 30286.5015742
0.25 28851.9554239
0.272073870135 28632.34535
0.272258099703 28823.9346262
0.272442454019 28783.5813556
0.329743028355 28403.7407143
0.32996630748 28460.3940065
0.333333694514 27188.6787866
0.385813775923 27030.1662696
0.386075022273 26721.9019189
0.387383909886 27298.452063
0.400177216645 26877.4601197
0.5 20928.0350395
0.599858991619 21036.122511
0.600265174554 20637.695662
0.666667389029 19534.0884128
0.669380503942 19765.207194
0.669833762027 19693.2168269
0.995946827107 19085.5281757
1 0.0
