0.00029397460514	0.00329142875977	0.0032936574872
0.00029397460514	0.00671790245312	0.00672245135106
0.00029397460514	0.0151152477635	0.0151254827617
0.00029397460514	0.0159671429477	0.0159779547903
0.00029397460514	0.0159779547903	0.0159887739539
0.00029397460514	0.0166627858768	0.0166740687606
0.00029397460514	0.0238536121887	0.0238697642017
0.00029397460514	0.0250110760403	0.0250280118075
0.00029397460514	0.0502937674198	0.0503278228734
0.00029397460514	0.0833334236286	0.0833898512475
0.000293974605141	0.10461517644	0.104686014587
0.000293974605141	0.111036165903	0.111111351899
0.000293974605141	0.125	0.125084641337
0.000293974605141	0.136590560223	0.136683049884
0.000293974605141	0.142927890797	0.143024671659
0.000293974605141	0.15830956305	0.158416759314
0.000293974605141	0.200088608322	0.20022409446
0.000293974605141	0.233479402673	0.233637498743
0.000293974605141	0.25	0.250169282673
0.000293974605141	0.272811537231	0.272996266296
0.000293974605141	0.333333694514	0.33355940499
0.000293974605141	0.438765938209	0.439063040093
0.000293974605141	0.500338565347	0.500677359946
0.000293974605141	0.571711563189	0.572098686636
0.000293974605141	0.786391870397	0.786924360469
0.000293974605141	0.802524414296	0.803067828208
0.000293974605141	0.428783207787	0.429073550057
0.000293974605141	0.499661663751	0.5
0.000293974605141	0.5	0.500338565347
0.000293974605141	0.572098686636	0.572486072216
0.000293974605141	0.673015173885	0.673470893116
0.000293974605141	0.00112344751158	0.00112420823238
0.000293974605141	0.00122264284948	0.00122347073848
0.000293974605141	0.0013305966874	0.00133149767526
0.000293974605141	0.00150912674031	0.00151014861635
0.000293974605141	0.00242386226767	0.00242550353921
0.000293974605141	0.00328920154045	0.00329142875977
0.000293974605141	0.00371540288429	0.00371791869762
0.000293974605141	0.00371791869762	0.00372043621449
0.000293974605141	0.00385111571372	0.00385372342237
0.000293974605141	0.00410968116579	0.00411246395705
0.000293974605141	0.00440942021719	0.00441240597096
0.000293974605141	0.00525793104598	0.00526149135247
0.000293974605141	0.00871204162549	0.00871794081628
0.000293974605141	0.0106159906287	0.0106231790418
0.000293974605141	0.0120566804976	0.012064844446
0.000293974605141	0.014279776283	0.0142894455579
0.000293974605141	0.0333255717537	0.0333481375212
0.000293974605141	0.0832770341927	0.0833334236286
0.000293974605141	0.201175069679	0.201311291494
0.000293974605141	0.33355940499	0.333785268301
0.000587949210281	0.00290205195334	0.00290598342085
0.000587949210281	0.00440345476942	0.00440942021719
0.000587949210281	0.00765027096302	0.00766063493727
0.000587949210281	0.0277778379746	0.0278154691643
0.000587949210281	0.0909372776112	0.0910604721501
0.000587949210281	0.125084641337	0.125254095988
0.000587949210281	0.181874555222	0.1821209443
0.000587949210281	0.214246530991	0.214536775029
0.000587949210281	0.233163531399	0.233479402673
0.000587949210281	0.287407950221	0.287797307488
0.000587949210281	0.300132587277	0.300539182863
0.000587949210281	0.400177216645	0.40071934468
0.000587949210281	0.0015070850622	0.00150912674031
0.000587949210281	0.0030989938882	0.00310319215687
0.000881923815422	0.00102603030778	0.00102811598926
0.000881923815422	0.0110560247639	0.0110784990963
0.000881923815422	0.273551204345	0.274107270454
0.000881923815422	0.0135821112292	0.013609720509
0.000881923815422	0.0657548986527	0.0658885631004
0.000881923815422	0.104686014587	0.104898816958
0.000881923815422	0.183233832313	0.183606304167
0.000881923815422	0.299523725061	0.300132587277
0.000881923815422	0.272996266296	0.273551204345
0.000881923815422	0.00176335548741	0.00176693997985
0.000881923815422	0.00262540882942	0.00263074567624
0.000881923815422	0.00871794081628	0.00873566236659
0.000881923815422	0.00955213580019	0.00957155307529
0.00117589842056	0.0026183098712	0.00262540882942
0.00117589842056	0.00497740458286	0.00499089969572
0.00117589842056	0.0115065069599	0.0115377042652
0.00117589842056	0.142541421797	0.142927890797
0.00117589842056	0.0209181407482	0.0209748555813
0.0014698730257	0.00164905973526	0.00165465044623
0.0014698730257	0.111111351899	0.111488046229
0.0014698730257	0.0833898512475	0.0836725629928
0.00176384763084	0.00133149767526	0.00133691642869
0.00176384763084	0.239725141228	0.240700742955
0.00176384763084	0.500677359946	0.502714950556
0.00176384763084	0.00587127938768	0.00589517354529
0.00176384763084	0.0110784990963	0.0111235849091
0.00176384763084	0.012064844446	0.0121139443569
0.00176384763084	0.0498194036497	0.0500221520806
0.00176384763084	0.0159887739539	0.016053842955
0.00205782223598	0.0019438923775	0.001953125
0.00205782223598	0.20022409446	0.201175069679
0.00235179684112	0.0022759792578	0.0022883376001
0.00235179684112	0.00263074567624	0.00264503036511
0.00235179684112	0.00277713398861	0.00279221355155
0.00235179684112	0.395063440663	0.397208596079
0.00235179684112	0.0500221520806	0.0502937674198
0.00235179684112	0.285855781594	0.287407950221
0.00235179684112	0.663067000783	0.666667389029
0.00235179684113	0.00710613715687	0.00714472277893
0.00264577144627	0.1821209443	0.183233832313
0.00264577144627	0.297704539384	0.299523725061
0.00264577144627	0.111488046229	0.112169317188
0.00293974605141	0.0106231790418	0.0106953314295
0.00293974605141	0.496290867593	0.499661663751
0.00323372065655	0.26195353072	0.26391129459
0.00323372065655	0.00873566236659	0.00880095014538
0.00323372065655	0.397208596079	0.400177216645
0.00352769526169	0.0278154691643	0.0280423292969
0.00352769526169	0.152317778728	0.153560067013
0.00382166986683	0.00290598342085	0.00293166810474
0.00411564447197	0.00111285131201	0.00112344751158
0.00411564447197	0.361784655541	0.365229448545
0.00411564447197	0.666667389029	0.673015173885
0.00411564447197	0.00604059446539	0.00609811099418
0.00440961907711	0.00215454890701	0.00217653660663
0.00440961907711	0.118090822149	0.11929596793
0.00470359368225	0.0151254827617	0.0152901884701
0.00499756828739	0.00174318028449	0.00176335548741
0.00499756828739	0.23049582112	0.233163531399
0.00558551749767	0.156286560221	0.15830956305
0.00587949210281	0.300539182863	0.304635557457
0.00587949210281	0.00112420823238	0.00113953128609
0.00646744131309	0.572486072216	0.581075235209
0.00705539052337	0.183606304167	0.186613466036
0.00764333973366	0.153560067013	0.156286560221
0.0079373143388	0.00766063493727	0.00780193056946
0.0079373143388	0.304635557457	0.310254370262
0.00823128894394	0.013609720509	0.0138701288479
0.00852526354908	0.250169282673	0.255128659294
0.00852526354908	0.2802991088	0.285855781594
0.00852526354908	0.786924360469	0.802524414296
0.00881923815422	0.00354346128027	0.00361615410278
0.0094071873645	0.00880095014538	0.00899366585901
0.00970116196964	0.274107270454	0.2802991088
0.00970116196964	0.429073550057	0.438765938209
0.0105830857851	0.00589517354529	0.00604059446539
0.0105830857851	0.0142894455579	0.0146419346415
0.0108770603902	0.00462964467885	0.00474705999992
0.0111710349953	0.00133691642869	0.00137175103056
0.0111710349953	0.233637498743	0.239725141228
0.0114650096005	0.255128659294	0.26195353072
0.0117589842056	0.365229448545	0.375253517407
0.0117589842056	0.00361615410278	0.00371540288429
0.0120529588108	0.176896396223	0.181874555222
0.0120529588108	0.333785268301	0.343178541272
0.0123469334159	0.00137175103056	0.00141130938181
0.012640908021	0.0138701288479	0.014279776283
0.012640908021	0.00609811099418	0.00627821570378
0.0129348826262	0.00151014861635	0.00155580288217
0.0129348826262	0.00343948016218	0.00354346128027
0.0129348826262	0.0103044696361	0.0106159906287
0.0138168064416	0.00526149135247	0.00543157358267
0.0138168064416	0.0146419346415	0.0151152477635
0.0141107810467	0.581075235209	0.600265174554
0.0141107810467	0.0121139443569	0.0125140059038
0.0144047556519	0.0106953314295	0.0110560247639
0.0144047556519	0.0202357043302	0.0209181407482
0.0144047556519	0.0230754085303	0.0238536121887
0.0144047556519	0.26391129459	0.272811537231
0.014698730257	0.00567589060879	0.00587127938768
0.014698730257	0.287797307488	0.297704539384
0.014698730257	0.00176693997985	0.00182776571961
0.014698730257	0.0111235849091	0.0115065069599
0.0149927048622	0.00372043621449	0.00385111571372
0.0152866794673	0.00122347073848	0.00126730242629
0.0152866794673	0.214536775029	0.222222703797
0.0158746286776	0.0195093902686	0.0202357043302
0.0158746286776	0.222222703797	0.23049582112
0.0161686032827	0.016053842955	0.0166627858768
0.0164625778879	0.240700742955	0.25
0.016756552493	0.00279221355155	0.00290205195334
0.0170505270982	0.0545126314725	0.0566953804844
0.0173445017033	0.00207019785883	0.00215454890701
0.0176384763084	0.125254095988	0.130445893885
0.0182264255187	0.136683049884	0.142541421797
0.018814374729	0.0032936574872	0.00343948016218
0.018814374729	0.0152901884701	0.0159671429477
0.0191083493341	0.0115377042652	0.0120566804976
0.0191083493341	0.00543157358267	0.00567589060879
0.0191083493341	0.00780193056946	0.00815286836781
0.0194023239393	0.100044304161	0.10461517644
0.0194023239393	0.00217653660663	0.0022759792578
0.0199902731496	0.0910604721501	0.0953498844215
0.0199902731496	0.130445893885	0.136590560223
0.0202842477547	0.750507034813	0.786391870397
0.0202842477547	0.0238697642017	0.0250110760403
0.0202842477547	0.11929596793	0.125
0.0205782223598	0.00474705999992	0.00497740458286
0.020872196965	0.0953498844215	0.100044304161
0.020872196965	0.00441240597096	0.00462964467885
0.0211661715701	0.00126730242629	0.0013305966874
0.0211661715701	0.00264503036511	0.00277713398861
0.0214601461753	0.0009765625	0.00102603030778
0.0220480953855	0.158416759314	0.166666847257
0.0223420699907	0.112169317188	0.118090822149
0.0223420699907	0.375253517407	0.395063440663
0.0226360445958	0.00165465044623	0.00174318028449
0.0226360445958	0.00499089969572	0.00525793104598
0.022930019201	0.343178541272	0.361784655541
0.0241059176215	0.00293166810474	0.0030989938882
0.0241059176215	0.00672245135106	0.00710613715687
0.0246938668318	0.104898816958	0.111036165903
0.024987841437	0.0022883376001	0.00242386226767
0.0252818160421	0.00155580288217	0.00164905973526
0.0252818160421	0.001953125	0.00207019785883
0.0252818160421	0.00310319215687	0.00328920154045
0.0258697652524	0.166666847257	0.176896396223
0.0261637398575	0.00899366585901	0.00955213580019
0.0267516890678	0.0714639453986	0.0760043900792
0.0267516890678	0.00182776571961	0.0019438923775
0.0267516890678	0.0183439140747	0.0195093902686
0.0270456636729	0.201311291494	0.214246530991
0.0273396382781	0.143024671659	0.152317778728
0.0279275874884	0.00385372342237	0.00410968116579
0.0285155366986	0.00141130938181	0.0015070850622
0.0288095113038	0.00815286836781	0.00871204162549
0.0293974605141	0.00627821570378	0.00671790245312
0.0293974605141	0.40071934468	0.428783207787
0.0296914351192	0.00411246395705	0.00440345476942
0.0296914351192	0.00714472277893	0.00765027096302
0.0302793843295	0.186613466036	0.200088608322
0.0305733589346	0.00113953128609	0.00122264284948
0.0311613081449	0.310254370262	0.333333694514
0.0320432319603	0.00957155307529	0.0103044696361
0.0332191303809	0.00242550353921	0.0026183098712
0.0343950288015	0.00102811598926	0.00111285131201
0.0346890034066	0.0503278228734	0.0545126314725
0.0352769526169	0.0658885631004	0.0714639453986
0.035570927222	0.0125140059038	0.0135821112292
0.0361588764323	0.0836725629928	0.0909372776112
0.039686571694	0.0760043900792	0.0832770341927
0.0414504193248	0.0209748555813	0.0230754085303
0.0414504193248	0.0166740687606	0.0183439140747
0.0432142669557	0.600265174554	0.663067000783
0.0452720891917	0.0250280118075	0.0277778379746
0.0470359368225	0.673470893116	0.750507034813
0.0532094035304	0.439063040093	0.496290867593
0.0558551749767	0.502714950556	0.571711563189
0.0599708194487	0.803067828208	0.921983284479
0.0643804385258	0.0566953804844	0.0657548986527
0.0749635243109	0.0280423292969	0.0333255717537
0.0849586608856	0.0409675378601	0.0498194036497
0.0893682799627	0.0333481375212	0.0409675378601
