0 0.0
0.0009765625 2849.18532032
0.00102603030778 4668.6747746
0.00102811598926 4920.5655511
0.00111285131201 7854.57911455
0.00112344751158 6956.45641639
0.00112420823238 7464.52248533
0.00113953128609 10866.3529927
0.00122264284948 13079.6509704
0.00122347073848 15233.598685
0.00126730242629 20522.0461596
0.0013305966874 24034.9396961
0.00133149767526 26992.3413498
0.00133691642869 26003.8395558
0.00137175103056 26607.8281865
0.00141130938181 30055.7669649
0.0015070850622 32433.3971666
0.00150912674031 30634.6248592
0.00151014861635 34098.1931616
0.00155580288217 34253.4679681
0.00164905973526 36608.5037959
0.00165465044623 38882.2555162
0.00174318028449 40454.7065726
0.00176335548741 38250.1949405
0.00176693997985 39146.7093175
0.00182776571961 41075.2934746
0.0019438923775 44679.1344931
0.001953125 45465.9561434
0.00207019785883 45806.3958315
0.00215454890701 47760.1450324
0.00217653660663 49029.706637
0.0022759792578 48690.4583536
0.0022883376001 49278.7136523
0.00242386226767 50815.9285929
0.00242550353921 50761.6553971
0.0026183098712 52390.6165189
0.00262540882942 53688.964582
0.00263074567624 52449.5127017
0.00264503036511 53752.956757
0.00277713398861 55534.7726569
0.00279221355155 54676.760312
0.00290205195334 57216.4430495
0.00290598342085 57402.6597689
0.00293166810474 55532.7063109
0.0030989938882 57065.0242819
0.00310319215687 56463.4893374
0.00328920154045 60087.2252157
0.00329142875977 59773.7565616
0.0032936574872 59298.100954
0.00343948016218 60590.0746567
0.00354346128027 60248.3107215
0.00361615410278 59655.2865096
0.00371540288429 61487.1317054
0.00371791869762 61735.7774395
0.00372043621449 61425.9641049
0.00385111571372 63122.6847789
0.00385372342237 61887.5454612
0.00410968116579 63886.9190133
0.00411246395705 64654.1223466
0.00440345476942 64620.6870847
0.00440942021719 65707.5899097
0.00441240597096 66008.3837372
0.00462964467885 66263.2564684
0.00474705999992 67209.3908071
0.00497740458286 67776.9116669
0.00499089969572 67435.2357476
0.00525793104598 68241.2677293
0.00526149135247 69108.7089507
0.00543157358267 69644.0623049
0.00567589060879 69599.86128
0.00587127938768 70048.556771
0.00589517354529 70162.7660471
0.00604059446539 70783.0849564
0.00609811099418 71252.083001
0.00627821570378 71541.8765988
0.00671790245312 73446.9903544
0.00672245135106 73206.8152283
0.00710613715687 73900.5814976
0.00714472277893 73404.7927737
0.00765027096302 74545.9774544
0.00766063493727 75036.7562026
0.00780193056946 75534.5528492
0.00815286836781 75703.4820463
0.00871204162549 76886.6233784
0.00871794081628 76866.7473438
0.00873566236659 76202.6587836
0.00880095014538 76609.2238712
0.00899366585901 77518.9846846
0.00955213580019 77875.0924043
0.00957155307529 78869.1333282
0.0103044696361 79468.9450401
0.0106159906287 79543.5656447
0.0106231790418 79904.1887952
0.0106953314295 79691.8304642
0.0110560247639 79479.0347319
0.0110784990963 80319.7091157
0.0111235849091 80492.1703889
0.0115065069599 80548.8960898
0.0115377042652 80655.8256639
0.0120566804976 81221.5171613
0.012064844446 81625.2934472
0.0121139443569 81612.1595799
0.0125140059038 81384.1737455
0.0135821112292 81844.5520141
0.013609720509 82243.3506418
0.0138701288479 82207.8030051
0.014279776283 82487.8966432
0.0142894455579 83326.7086795
0.0146419346415 82895.2912592
0.0151152477635 82773.1026734
0.0151254827617 83140.1290717
0.0152901884701 83300.67879
0.0159671429477 83965.9038462
0.0159779547903 83777.2472221
0.0159887739539 84161.6143596
0.016053842955 83997.2843732
0.0166627858768 83811.8592284
0.0166740687606 84621.0418086
0.0183439140747 85147.5974158
0.0195093902686 85427.0709699
0.0202357043302 85486.883736
0.0209181407482 85926.1730236
0.0209748555813 85445.7831658
0.0230754085303 86057.7245382
0.0238536121887 86332.6497561
0.0238697642017 86323.7780936
0.0250110760403 86631.3212375
0.0250280118075 86683.1629849
0.0277778379746 86824.0083556
0.0278154691643 86850.225417
0.0280423292969 86750.5896879
0.0333255717537 87022.7345903
0.0333481375212 87076.0519308
0.0409675378601 87370.7498083
0.0498194036497 87317.8873513
0.0500221520806 87468.1027788
0.0502937674198 87541.4161143
0.0503278228734 87456.7262918
0.0545126314725 87456.2782028
0.0566953804844 87687.3851551
0.0657548986527 87674.6158411
0.0658885631004 87612.5286666
0.0714639453986 87679.0620016
0.0760043900792 87754.6814168
0.0832770341927 87629.9313913
0.0833334236286 87484.270735
0.0833898512475 87454.264689
0.0836725629928 87618.1036906
0.0909372776112 87487.2307414
0.0910604721501 87326.9461858
0.0953498844215 87330.0907577
0.100044304161 87089.1486514
0.10461517644 87095.4814825
0.104686014587 87236.7420911
0.104898816958 87099.1056908
0.111036165903 86998.0132437
0.111111351899 86825.6875626
0.111488046229 86666.6070955
0.112169317188 86766.7506111
0.118090822149 86558.6130229
0.11929596793 86447.1903305
0.125 86407.1415646
0.125084641337 85908.571816
0.125254095988 86164.2483283
0.130445893885 85920.4511538
0.136590560223 85783.1605494
0.136683049884 85470.2955729
0.142541421797 85727.1763376
0.142927890797 85100.7784145
0.143024671659 85111.3478632
0.152317778728 84791.3128628
0.153560067013 84792.4939853
0.156286560221 84835.1831909
0.15830956305 84273.0694061
0.158416759314 84532.9097094
0.166666847257 83465.5224553
0.176896396223 83304.1170684
0.181874555222 82884.5649834
0.1821209443 82358.2550975
0.183233832313 82594.8724409
0.183606304167 82411.0229636
0.186613466036 82342.8069375
0.200088608322 80510.5033589
0.20022409446 80649.1280559
0.201175069679 80627.2333352
0.201311291494 80475.3454321
0.214246530991 80431.219384
0.214536775029 80098.4861372
0.222222703797 79107.8064515
0.23049582112 78920.339314
0.233163531399 78846.0317522
0.233479402673 78655.9247032
0.233637498743 78251.4685657
0.239725141228 78340.2474983
0.240700742955 78271.9007548
0.25 76199.2941579
0.250169282673 76382.9212237
0.255128659294 75878.7369727
0.26195353072 76095.4768555
0.26391129459 75535.2931401
0.272811537231 75114.1898692
0.272996266296 74436.6751737
0.273551204345 74853.2742792
0.274107270454 74964.4337459
0.2802991088 74759.9572448
0.285855781594 73528.2002923
0.287407950221 73867.7891265
0.287797307488 73951.2273995
0.297704539384 73237.1336137
0.299523725061 72787.0550617
0.300132587277 73079.036889
0.300539182863 72863.368756
0.304635557457 72793.3465153
0.310254370262 72448.4678603
0.333333694514 68132.2330165
0.33355940499 67977.188937
0.333785268301 68509.4317744
0.343178541272 67604.1822778
0.361784655541 67018.6590961
0.365229448545 67703.2107687
0.375253517407 65303.1602901
0.395063440663 66482.1025761
0.397208596079 65810.9464686
0.400177216645 64315.3432239
0.40071934468 63775.8178486
0.428783207787 62617.4986907
0.429073550057 62457.0689812
0.438765938209 62178.9470576
0.439063040093 62370.944821
0.496290867593 60637.5848928
0.499661663751 60953.4553184
0.5 51406.2733552
0.500338565347 50786.9973901
0.500677359946 50726.9801464
0.502714950556 50215.8957924
0.571711563189 49558.4025251
0.572098686636 50128.7442166
0.572486072216 49610.190892
0.581075235209 49933.8437539
0.600265174554 47790.580782
0.663067000783 46548.967644
0.666667389029 42836.8412278
0.673015173885 42077.4239317
0.673470893116 42046.6362855
0.750507034813 40021.7151557
0.786391870397 39477.3686104
0.786924360469 39220.6175094
0.802524414296 38528.5174167
0.803067828208 38581.0846215
0.921983284479 38040.6629684
1 0.0
