0 133.575964556
0.0009765625 1614.33847771
0.00126216583045 2227.07533386
0.00153592162187 2901.42451884
0.00153800236544 3191.75757403
0.00153904379405 2612.10747177
0.00192816644839 3371.22465924
0.00192947206908 3525.69093334
0.00212845667202 3879.47853593
0.00212989791536 3614.66370136
0.0024058814155 3810.64935034
0.00242222210673 3887.0983564
0.0029000882146 4293.81733922
0.00314548892959 4383.16527424
0.00401889785384 4784.20537131
0.004073675773 4715.05804202
0.00489719675227 5312.40615728
0.0049005127945 5261.84001889
0.00547587294344 5300.73491508
0.00648555301786 5581.27151285
0.0064987366419 5728.10132881
0.00852536053845 5894.09384863
0.00853691001396 6109.76386229
0.00854269061776 5724.5558938
0.00955860384452 5962.36930102
0.0110635111376 6247.7264796
0.0110784990963 6081.54948148
0.0134358049062 6383.36494117
0.013563736166 6374.03149452
0.0135729205881 6357.43477633
0.0137207200029 6431.79497091
0.0166627858768 6623.8145572
0.0166740687606 6603.385626
0.0204007446731 6826.430912
0.0204837689301 6754.47961696
0.0223225930994 6920.20885853
0.0249265689485 7003.99172241
0.0273487212326 7066.18240467
0.0302714493806 7157.77312531
0.0336656673806 7231.54456908
0.0336884634373 7298.96445981
0.0337112749299 7197.93704302
0.0396578424122 7308.48146539
0.0418362814964 7385.96276047
0.0446754168247 7390.44222872
0.045161900218 7390.327525
0.0501577758935 7429.0720302
0.050191739263 7400.42210688
0.0619524302595 7454.08503971
0.0619943801516 7503.97820678
0.0625 7571.28341018
0.0682028843076 7563.08185807
0.0684804474007 7533.4961264
0.0833334236286 7634.20699219
0.0835028211378 7526.91383637
0.0837292202533 7630.8945281
0.100044304161 7629.42903219
0.10011204723 7633.27034711
0.10058753484 7648.5225394
0.100655645747 7703.47775388
0.107050778128 7647.89922552
0.111111351899 7706.07953904
0.111186588805 7671.70078695
0.111261876657 7742.82385607
0.111563538207 7715.24280987
0.125 7713.93387436
0.166554068385 7592.88262133
0.166666847257 7517.88005895
0.166779702495 7557.46873661
0.167231888141 7509.70408205
0.167685299787 7542.92273268
0.200088608322 7588.02059417
0.25 7317.11158807
0.3324323789 7281.22333941
0.333108136771 7311.01869286
0.333333694514 6961.29590924
0.33355940499 7065.03413318
0.333785268301 7083.30275979
0.5 5679.7825738
0.641000966611 5569.20905062
0.641435008039 5700.26201318
0.665765463312 5592.5772195
0.666216273542 5601.89416818
0.676669579727 5354.82406046
0.999323327503 5485.25685928
1 0.0
