0 36.2817501176
0.0009765625 5113.38440247
0.00100949645691 5507.10197354
0.00101086404184 5527.82866614
0.00101979861565 5357.61201069
0.00112573121963 7326.34315627
0.00113031257191 6949.43325911
0.00122098875173 7510.02194486
0.00128544569176 8615.55086999
0.00128805870451 8237.63297198
0.00134508593535 8197.30821702
0.00134782018287 8954.05346795
0.00143539554399 8742.95355201
0.00144221303314 9298.81470624
0.00178014557111 10996.9293493
0.00179953008544 10680.2743346
0.00193077857384 11185.4751123
0.00204236031424 11207.3982303
0.00212989791536 12204.9023162
0.00259537055509 12688.5399787
0.00306353715189 13614.5943988
0.00306768738661 13483.9988083
0.0030697646119 13610.4036192
0.00358447255777 14293.1079613
0.00420536084368 15124.034209
0.00421390936624 15073.0562241
0.00425979583072 15301.341205
0.00490715161667 15606.3062027
0.00491379943258 15504.0086956
0.00491712671699 15735.1806585
0.00549815792811 16079.6742053
0.0055093344071 16140.4733615
0.00627821570378 16667.6299718
0.00628246687633 16672.2042985
0.00700109779778 16975.9828872
0.00792434722651 17052.2193051
0.00792971304524 17361.267301
0.00900584975705 17578.3214069
0.0101315590207 18245.1747497
0.0111010191137 18365.3911687
0.0111085359544 18518.6942966
0.0123206874227 18709.1789679
0.0123290301383 18652.6843025
0.012573441855 18923.9139936
0.0125819557184 18856.750097
0.0140211646485 19248.3189673
0.0140306588094 19348.0303136
0.0140401593991 19251.2288053
0.0147613527687 19204.3963387
0.0153940390785 19397.0104912
0.0170276533762 19706.5631788
0.0170391833229 19727.160308
0.0186949064547 19885.9012632
0.0187329088605 20060.3763115
0.0198155035205 19900.9596223
0.0216382339035 20038.9594421
0.0236766597767 20127.013383
0.0239993746609 20590.7788878
0.0240318870911 20218.9408134
0.0268716098125 20444.1426074
0.0268898054043 20531.2896767
0.026980968342 20587.51709
0.0277590414756 20492.6487825
0.0277778379746 20706.0824113
0.029283869283 20675.4015195
0.0332804860172 20836.6296675
0.0333030212558 20802.9335438
0.0339862206537 20875.1943501
0.0399542334967 20987.3094081
0.0400896880025 20871.365132
0.0441941738242 21216.4552707
0.0555180829513 21379.4790643
0.0555556759493 21370.5765911
0.0559708827796 21529.2180014
0.0560087823822 21407.0266005
0.0666060425116 21440.6004571
0.0670584292204 21508.4388773
0.0714639453986 21604.3978463
0.0719006407414 21513.8704291
0.0833334236286 21599.2789565
0.0850429785789 21590.8078978
0.0973718415523 21620.3649286
0.110961030783 21313.3574305
0.111036165903 21489.0335607
0.111111351899 21436.7703767
0.111186588805 21455.0823806
0.125 21249.2150844
0.140910552622 21417.7153648
0.141196991071 21438.1387103
0.165766750196 21336.416312
0.16587899595 21260.539344
0.166666847257 20850.6976896
0.166779702495 21026.0961245
0.167005642276 20913.9518722
0.169281943367 20734.89623
0.190699768843 20633.8324676
0.200088608322 20568.5488266
0.20022409446 20624.336805
0.20739726152 20530.595174
0.222976092459 20260.9159526
0.223127076415 20236.7886955
0.25 19500.8641252
0.250169282673 19404.1449466
0.25203897453 19463.9149969
0.272258099703 19567.7072584
0.324429421129 19368.8779494
0.324649102248 19261.4478521
0.325309038524 19459.6719905
0.333333694514 18231.5813117
0.400177216645 17973.2974609
0.400448188921 18112.8431189
0.495955041213 17891.6137964
0.5 14729.4977397
0.608035120634 14462.4647587
0.665314958133 14242.3645576
0.666667389029 13556.8384004
0.668022569102 13034.3993914
0.671649865593 13452.8949627
0.70902394216 13104.5707979
0.734922518524 13364.3691468
0.763832454453 12794.3812657
0.764867233474 12983.3260676
0.847754680745 12685.9543058
0.968030896746 13384.705825
1 0.0
