0.00029397460514	0.040829117287	0.0408567639355
0.00029397460514	0.0419213249468	0.0419497111626
0.00029397460514	0.28048890793	0.280678835579
0.000293974605141	0.754071608766	0.754582213797
0.000293974605141	0.148953062133	0.149053922823
0.000293974605141	0.175584131911	0.175703025316
0.000293974605141	0.184228773903	0.184353520861
0.000293974605141	0.290931214694	0.291128213149
0.000293974605141	0.333333694514	0.33355940499
0.000293974605141	0.666216273542	0.666667389029
0.000293974605141	0.666667389029	0.66711880998
0.000293974605141	0.5	0.500338565347
0.000293974605141	0.804700278717	0.805245165975
0.000293974605141	0.0009765625	0.000977223760442
0.000293974605141	0.000977223760442	0.000977885468645
0.000293974605141	0.00128544569176	0.00128631610649
0.000293974605141	0.00128631610649	0.00128718711061
0.000293974605141	0.0018191256833	0.00182035746914
0.000293974605141	0.00275280319601	0.00275466720355
0.000293974605141	0.00314761883669	0.00314975018601
0.000293974605141	0.00350766470235	0.00351003984978
0.000293974605141	0.00522953518705	0.00523307626583
0.000293974605141	0.00713988814152	0.00714472277893
0.000293974605141	0.0071592463421	0.00716409408754
0.000293974605141	0.011086000688	0.0110935073594
0.000293974605141	0.0120566804976	0.012064844446
0.000293974605141	0.0134358049062	0.0134449027021
0.000293974605141	0.0195358200277	0.019549048331
0.000293974605141	0.0300265558502	0.0300468877528
0.000293974605141	0.0418929579391	0.0419213249468
0.000293974605141	0.0630524094638	0.0630951041855
0.000293974605141	0.083220682914	0.0832770341927
0.000293974605141	0.0832770341927	0.0833334236286
0.000293974605141	0.0924892619209	0.0925518892389
0.000293974605141	0.130622611532	0.130711060112
0.000293974605141	0.258606084593	0.258781194711
0.000293974605141	0.280678835579	0.280868891833
0.000587949210281	0.0103114471088	0.0103254162313
0.000587949210281	0.0249772388779	0.0250110760403
0.000587949210281	0.148751545455	0.148953062133
0.000587949210281	0.201447605548	0.201720510626
0.000587949210281	0.803611610083	0.804700278717
0.000587949210281	0.416200776701	0.416764612172
0.000587949210281	0.00159202435839	0.00159418110546
0.000587949210281	0.0200177255902	0.0200448440012
0.000587949210281	0.0555556759493	0.0556309383286
0.000881923815422	0.000977885468645	0.000979873282843
0.000881923815422	0.00106567006731	0.00106783632722
0.000881923815422	0.00714472277893	0.0071592463421
0.000881923815422	0.0941314293759	0.0943227767246
0.000881923815422	0.498985677928	0.5
0.000881923815422	0.500338565347	0.501355637525
0.000881923815422	0.117214793159	0.117453063629
0.000881923815422	0.739413415848	0.74091647171
0.000881923815422	0.843747257288	0.845462399635
0.000881923815422	0.00457357828997	0.00458287531314
0.000881923815422	0.00508295372694	0.00509328619216
0.000881923815422	0.00660964756387	0.00662308344332
0.00117589842056	0.600265174554	0.601892658545
0.00117589842056	0.0103254162313	0.0103534112747
0.00117589842056	0.0408567639355	0.0409675378601
0.0014698730257	0.00195577093729	0.00196240147334
0.0014698730257	0.0231223154802	0.0232007057168
0.00176384763084	0.304223419938	0.305461508243
0.00176384763084	0.373732550022	0.375253517407
0.00176384763084	0.00159418110546	0.00160066889322
0.00176384763084	0.0170622666435	0.0171317044034
0.00205782223598	0.224642550386	0.225709502388
0.00205782223598	0.436987544003	0.439063040093
0.00205782223598	0.750507034813	0.754071608766
0.00205782223598	0.0101384194103	0.0101865723843
0.00205782223598	0.0214051471333	0.021506812043
0.00205782223598	0.166666847257	0.167458440507
0.00235179684112	0.00830324293853	0.0083483287266
0.00235179684112	0.117453063629	0.118090822149
0.00235179684112	0.0499544777559	0.0502257256302
0.00235179684112	0.307952821184	0.30962497455
0.00264577144627	0.00273608378541	0.00275280319601
0.00264577144627	0.00656950324417	0.00660964756387
0.00264577144627	0.111111351899	0.111790320988
0.00264577144627	0.798730798954	0.803611610083
0.00293974605141	0.00892090784351	0.0089814984444
0.00293974605141	0.200088608322	0.201447605548
0.00293974605141	0.248313460686	0.25
0.00323372065655	0.0198692288008	0.0200177255902
0.00323372065655	0.149053922823	0.150167908132
0.00352769526169	0.305461508243	0.307952821184
0.00382166986683	0.258781194711	0.261068445607
0.00382166986683	0.182614724273	0.184228773903
0.00470359368225	0.222222703797	0.224642550386
0.00529154289253	0.0101865723843	0.0103114471088
0.00529154289253	0.0364896927263	0.0369370110344
0.00558551749767	0.74091647171	0.750507034813
0.00587949210281	0.280868891833	0.284697158689
0.00646744131309	0.00179223627888	0.0018191256833
0.00705539052337	0.019549048331	0.0198692288008
0.00734936512852	0.0925518892389	0.0941314293759
0.0079373143388	0.00314975018601	0.00320784536316
0.00823128894394	0.489617341633	0.498985677928
0.00881923815422	0.00565288524283	0.00576885213258
0.00881923815422	0.130711060112	0.133392550085
0.0094071873645	0.00435307321327	0.00444839310452
0.0094071873645	0.0750839540659	0.0767280785697
0.0094071873645	0.284697158689	0.290931214694
0.00970116196964	0.00781779008354	0.00799438697695
0.00970116196964	0.0409675378601	0.0418929579391
0.00999513657478	0.601892658545	0.615905642367
0.0114650096005	0.00509328619216	0.00522953518705
0.0120529588108	0.00444839310452	0.00457357828997
0.0129348826262	0.00106783632722	0.00110011876817
0.0141107810467	0.00182035746914	0.00188047455433
0.0141107810467	0.012064844446	0.0124632844743
0.0141107810467	0.150167908132	0.155127185131
0.014698730257	0.580289106014	0.600265174554
0.014698730257	0.25	0.258606084593
0.0155806540725	0.201720510626	0.209088772455
0.0164625778879	0.00799438697695	0.00830324293853
0.016756552493	0.0250110760403	0.0259949465676
0.016756552493	0.175703025316	0.182614724273
0.0170505270982	0.00188047455433	0.00195577093729
0.0179324509136	0.133392550085	0.139015756057
0.0182264255187	0.0886880055042	0.0924892619209
0.018814374729	0.00335895122656	0.00350766470235
0.018814374729	0.00576885213258	0.00602426103675
0.0191083493341	0.291128213149	0.304223419938
0.0191083493341	0.398285537836	0.416200776701
0.0199902731496	0.00320784536316	0.00335895122656
0.0202842477547	0.0476749422108	0.0499544777559
0.0202842477547	0.805245165975	0.843747257288
0.0205782223598	0.416764612172	0.436987544003
0.0205782223598	0.167458440507	0.175584131911
0.0205782223598	0.111790320988	0.117214793159
0.020872196965	0.00122512819863	0.00128544569176
0.0211661715701	0.0134449027021	0.0141163960763
0.0211661715701	0.00207300239705	0.00217653660663
0.0217541207804	0.0089814984444	0.00944284627833
0.022930019201	0.33355940499	0.351643998455
0.0238119430164	0.00196240147334	0.00207300239705
0.0246938668318	0.754582213797	0.798730798954
0.0255757906472	0.0943227767246	0.100044304161
0.0258697652524	0.375253517407	0.398285537836
0.0258697652524	0.0171317044034	0.0181832009184
0.0264577144627	0.209088772455	0.222222703797
0.0264577144627	0.351643998455	0.373732550022
0.0270456636729	0.0833334236286	0.0886880055042
0.0285155366986	0.0200448440012	0.0214051471333
0.0285155366986	0.0630951041855	0.0673769268746
0.0288095113038	0.0083483287266	0.00892090784351
0.0293974605141	0.139015756057	0.148751545455
0.0296914351192	0.00128718711061	0.00137826623663
0.0296914351192	0.0103534112747	0.011086000688
0.0308673335398	0.00944284627833	0.0101384194103
0.0311613081449	0.00137826623663	0.00148079324811
0.0311613081449	0.0181832009184	0.0195358200277
0.0311613081449	0.155127185131	0.166666847257
0.0311613081449	0.261068445607	0.28048890793
0.03145528275	0.00148079324811	0.00159202435839
0.03145528275	0.021506812043	0.0231223154802
0.0320432319603	0.0232007057168	0.0249772388779
0.0320432319603	0.30962497455	0.333333694514
0.0326311811706	0.00662308344332	0.00713988814152
0.0326311811706	0.0124632844743	0.0134358049062
0.033513104986	0.00523307626583	0.00565288524283
0.0341010541963	0.615905642367	0.666216273542
0.0343950288015	0.0141163960763	0.0152798420201
0.0352769526169	0.0767280785697	0.083220682914
0.035570927222	0.184353520861	0.200088608322
0.0361588764323	0.0110935073594	0.0120566804976
0.0364528510374	0.00351003984978	0.00381737564281
0.0364528510374	0.000979873282843	0.00106567006731
0.037628749458	0.00602426103675	0.00656950324417
0.0379227240631	0.00716409408754	0.00781779008354
0.0414504193248	0.225709502388	0.248313460686
0.0435082415608	0.0369370110344	0.040829117287
0.043802216166	0.0502257256302	0.0555556759493
0.043802216166	0.118090822149	0.130622611532
0.0446841399814	0.66711880998	0.739413415848
0.0449781145865	0.00458287531314	0.00508295372694
0.0455660637968	0.100044304161	0.111111351899
0.0467419622174	0.00110011876817	0.00122512819863
0.0470359368225	0.0673769268746	0.0750839540659
0.0473299114276	0.439063040093	0.489617341633
0.0479178606379	0.0152798420201	0.0170622666435
0.0487997844533	0.00244528569896	0.00273608378541
0.0490937590585	0.00160066889322	0.00179223627888
0.0505636320842	0.00217653660663	0.00244528569896
0.054385301951	0.0556309383286	0.0630524094638
0.0555612003716	0.0419497111626	0.0476749422108
0.0570310733973	0.00381737564281	0.00435307321327
0.0579129972127	0.00275466720355	0.00314761883669
0.0626165908949	0.0259949465676	0.0300265558502
0.0634985147104	0.501355637525	0.580289106014
0.0729057020749	0.845462399635	1
0.0843707116754	0.0300468877528	0.0364896927263
