3370	3370
2236	2236
3986	3986
2837	2837
3223	3223
4612	4612
1627	1627
2429	2429
4665	4665
3144	3144
175	175
2712	2712
2155	2155
5880	5880
2986	2986
2855	2855
1004	1004
1033	1033
2753	2753
776	776
6585	6585
4618	4618
2180	2180
1633	1633
699	699
1391	1391
3612	3612
3626	3626
2823	2823
1457	1457
438	438
7239	7239
2032	2032
651	651
1038	1038
2	2
1266	1266
1034	1034
733	733
1996	1996
1680	1680
1564	1564
3414	3414
2022	2022
327	327
4128	4128
1719	1719
123	123
4858	4858
36	36
3250	3250
1068	1068
1082	1082
394	394
2847	2847
1311	1311
1341	1341
1581	1581
3762	3762
2513	2513
2526	2526
1162	1162
7863	7863
448	448
3241	3241
1505	1505
